2.75823,562.247,194.529,3.09866e-06,0.000490277,3.44295e-06,0.0042703,0.000262009,0.124199,0.000129111,3.33967e-05,2.75436e-06,9.77799e-05,0.000188674,6.88591e-06,0.000647275,0,6.19732e-06,0.00066208,287.914,251.801,0.0616409,0.061586,0.149764,0.149705,0.802942,0.0252663,0.023384,238.606,197.996,0.784964,0.0247725,0.580926,0.00376382,0.0615978,0.0614933,0.149516,0.149802
317,6.28256e+07,90476,0,0,0,0,0,0,0,0,0,0,0,0,0,0,0,0,1,1,0,0,0,0,1,0,0,152,1,0.01,0.05,0.01,0,0,0,0,0
326.333,259.333,3.23177e+07,0,0,0,0,0,1,0,0,0,0,0,0,0,0,0,0,1,1.66667,0,0,0,0,1,0,0.333333,74,255,1,0,0.0166667,0.0333333,0,0,0,0
433,3.16456e+07,207796,0,0,0,0,0,0,0,0,0,0,0,0,0,0,0,0,1,1,0,0,0,0,1,0,0,255,2,0.01,0.02,0,0,0,0,0,0
23669,7.37284e+06,1.8828e+06,0,0,0,0,0,0,0,0,0,0,0,0,0,0,0,0,1,1,0,0,0,0,1,0,0,8,6,0.75,0.25,0.12,0,0,0,0,0
0,1.52848e+07,21748,0,0,0,0,0,0,0,0,0,0,0,0,0,0,0,0,1,1,1,1,0,0,1,0,0,111,3,0.03,0.06,0.01,0,0.03,1,0,0
22,199,1.35054e+07,0,0,0,1,0,1,0,1,0,0,0,0,0,0,0,0,1,25,0,0,0,0,1,0,0.08,45,255,1,0,0.02,0.04,0,0,0,0
11.9623,2.27906e+06,26974,0,0,0,0,0,0,0,0,0,0,0,0,0,0,0,0,1.98113,1.96226,0.0188679,0.0188679,0,0,0.987547,0.025283,0.0188679,134.698,58.2075,0.283585,0.0488679,0.282075,0.0316981,0.00188679,0.0160377,0.00283019,0
277.618,293381,344.751,0,0,0,0.11236,0,0,0,0,0,0,0,0,0,0,0,0,2.05457,2.13002,0.00451043,0.00451043,0,0.00227929,0.997335,0.00536116,0.00934189,33.3178,19.0241,0.833644,0.0374318,0.832777,0.0856822,0.00123596,0.00467095,0.00126806,0.000321027
7.5,281.5,4.88306e+06,0,0,0,0.5,0,1,0,0.5,0,0,0,0,0,0,0,0,1,1,0,0,0,0,1,0,0,128,255,1,0,0.5,0.01,0,0,0,0
1736.21,17527.3,1.61901e+06,0,0,0,0.142857,0,0.936508,4.60317,0.031746,0.015873,0.285714,0.047619,0,0.047619,0,0,0,1.01587,1.01587,0,0,0,0,0.992063,0.015873,0.015873,122.937,36.9524,0.264762,0.0698413,0.037619,0.0707937,0.000634921,0.0568254,0.0274603,0.015873
65.5751,286.091,43743.1,0,0,0.00159001,0.0198751,0.000454287,0.998637,0.792164,0.00624645,0.00295287,0.870415,0.0350937,0.000681431,0.00840432,0,0,0,4.47893,6.89756,0.00483589,0.00405224,0.000264622,0.00110392,0.999324,0.000918796,0.130072,123.933,243.137,0.981672,0.00258149,0.0796718,0.0227791,0.00269392,0.00167859,0.0014117,0.000914253
0,0,2.56959e+07,0,0,0,233,0,0,0,0,0,0,0,0,0,0,0,0,1,1,1,1,0,0,1,0,0,255,1,0,0.03,0,0,0.47,1,0.02,0
42.5,5.83621e+06,98126.7,0,0,0,0,0,0,0,0,0,0,0,0,0,0,0,0,1,1.16667,0,0,0,0,1,0,0.166667,150,81,0.33,0.255,0.328333,0.0133333,0.00333333,0.00333333,0.101667,0.00333333
1925.35,3520.79,714023,0,0,0.015873,0.412698,0.015873,0.952381,11.6508,0.111111,0,12.0159,0.047619,0,0,0,0,0,1.12698,2,0.047619,0.047619,0,0,1,0,0.0414286,130.825,104.889,0.47746,0.0390476,0.0706349,0.0490476,0.0236508,0.0663492,0.0161905,0.00396825
18.9397,266.719,11931.4,0,0,0.000148471,0.00933886,8.90829e-05,0.99807,0.0190044,0.000905676,7.42357e-05,0.00993274,0.0121895,1.48471e-05,0.00117292,0,0,0,7.67697,10.6907,0.00247754,0.0023264,0.00120529,0.00181996,0.999726,0.000496043,0.114391,119.7,245.132,0.993284,0.00119757,0.0747411,0.022759,0.00168515,0.000838418,0.000982881,0.00135198
1227.67,227151,319587,0,0,0,0,0,0,0,0,0,0,0,0,0,0,0,0,1,1,0.333333,0.333333,0,0,1,0,0,49.3333,2.66667,0.163333,0.123333,0.04,0,0.00666667,0.333333,0.03,0
296.924,56893,3967.56,0,0,0,0.891331,0,0.722522,0.439652,0.000414766,0.000414766,0.00290336,0.0012443,0.000414766,0.000414766,0,0,0,10.3003,11.3053,0.00866031,0.00853173,0.213273,0.214359,0.99754,0.00313148,0.0574492,218.431,196.613,0.821759,0.0186396,0.124061,0.0182455,0.00325176,0.00304023,0.088793,0.087246
1868.6,1.28754e+06,127483,0,0,0,0,0,0,0,0,0,0,0,0,0,0,0,0,1,1,0,0,0,0,1,0,0,90.8,4.2,0.108,0.242,0.096,0,0,0,0.138,0
56,1.18615e+07,0,0,0,0,0,0,0,0,0,0,0,0,0,0,0,0,0,1,1,0,0,0,0,1,0,0,255,193,0.76,0.03,0.76,0,0.01,0.01,0,0
440.667,9.15981e+06,393312,0,0,0,0,0,0,0,0,0,0,0,0,0,0,0,0,1.33333,1.33333,0,0,0,0,1,0,0,206,67,0.266667,0.04,0.26,0,0.00333333,0.00333333,0,0
295.692,992.034,267526,0,0,0.0228137,0.0836502,0.0114068,0.996198,14.8783,0.0456274,0.0380228,16.1597,0.0190114,0,0.0760456,0,0,0,2.12167,3.57795,0.0114068,0.0114068,0,0,0.989049,0.0161597,0.0571483,127.399,149.54,0.640456,0.0289734,0.0709886,0.0368441,0.00528517,0.0363118,0.0127757,0.0078327
27,199,1.07676e+07,0,0,0,0,0,1,0,0,0,0,0,0,0,0,0,0,1,1,0,0,0,0,1,0,0,33,255,1,0,0.03,0.04,0,0,0,0
46,188,1.7304e+07,0,0,0,7,0,1,0,1,0,0,0,0,0,0,0,0,1,8,0,0,0,0,1,0,0.38,15,255,1,0,0.07,0.04,0,0,0,0
162.571,803.143,2.74312e+06,0,0,0,0.285714,0,1,0.857143,0,0,0.857143,0.428571,0,0,0,0,0,1,1,0,0,0,0,1,0,0,139.286,13.4286,0.0857143,0.0614286,0.01,0,0.00285714,0,0.00285714,0
