0.0346084,0.0852238,0.118452,0,0,0,0,5.51968e-05,0.000386377,0,0,0,0,0,0,0,0,0,0,486.674,1.05326,0.055651,0.0545068,0.886363,0.888061,0.000114809,0.998257,0.00154551,255,1.05166,0.000219131,0.983677,0.0552111,0,0.0518861,0.0545896,0.883742,0.887978
0,1017.54,0,0,0,0,0,0,0,0,0,0,0,0,0,0,0,0,0,322.5,322.5,0,0,0,0,1,0,0,254.979,254.043,0.996335,4.2735e-05,0.996335,0,0,0,0,0
0,0.000894551,0.000894551,0,0,0,0,0,0,0,0,0,0,0,0,0,0,0,0,260.308,10.8164,0.200338,0.199961,0.798755,0.799071,0.0416096,0.0640915,8.22061e-05,254.9,10.81,0.0423463,0.0671021,0.000897636,0,0.200345,0.199983,0.798644,0.799122
0.00202393,0.0859944,0.0551858,0,0,0,0,0,0,0,0,0,0,0,0,0,0,0,0,178.247,10.2717,0.792478,0.79219,0.203183,0.203537,0.0578452,0.0907174,0,254.654,10.1594,0.0399964,0.0895633,0.00457587,0,0.792451,0.79219,0.202162,0.203537
0.00107066,0.142968,0.126995,0,0,0,5.18063e-05,0,5.18063e-05,0,0,0,0,0,0,0,0,0,0,285.461,15.1553,0.226708,0.226719,0.766993,0.766791,0.0534859,0.0677338,5.38786e-05,254.916,15.102,0.0589982,0.0719724,0.00444757,0,0.226641,0.226721,0.766985,0.766849
61.625,599.25,3.33149e+06,0,0,0,0.125,0,1,0,0.125,0,0,0,0,0,0,0,0,1,1,0,0,0,0,1,0,0,138,73.875,0.3125,0.0375,0.1325,0.0025,0.0025,0,0,0
0,518.633,0,0,0,0,0,0,0,0,0,0,0,0,0,0,0,0,0,510.51,510.511,0,0,0,0,1,0,0,254.927,254.886,0.999787,1.08359e-05,0.999787,2.68527e-05,0,0,0.00019439,0
43.7204,4876.02,278835,0,0,0.0322581,0.0967742,0.016129,0.978495,0.768817,0.0376344,0,0.526882,0.0268817,0,0,0,0,0,1.91935,3.47849,0.0215054,0.0215054,0,0,0.987204,0.0174731,0.0638172,141.769,145.274,0.617849,0.0349462,0.0426882,0.04,0.00215054,0.045914,0.013871,0.00634409
667.6,903.619,135580,0,0,0.0150943,0.158491,0,0.992453,26.9736,0.0566038,0.0679245,29.7094,0.116981,0,0.135849,0,0,0,3.64906,6.24906,0.0113208,0.00856604,0,0,1,0,0.0816226,68.883,203.796,0.877358,0.0090566,0.132113,0.0347925,0.00766038,0.0103774,0.00433962,0.004
0,53.1492,53.0957,0,0,0,0,0,0,0,0,0,0,0,0,0,0,0,0,489.303,489.335,0,0,0,0,0.999991,6.14844e-05,4.83092e-05,254.775,254.497,0.999019,0.000616308,0.866954,0,0,0,0,0
0,1032,0,0,0,0,0,0,0,0,0,0,0,0,0,0,0,0,0,511,511,0,0,0,0,1,0,0,255,254.998,1,1.9279e-05,1,0,0,0,0,0
1838.98,147.285,133.446,0,0,0,0,0,0.0165289,0,0,0,0,0,0,0,0,0,0,1.04959,1.15289,0,0,0.0165289,0.0165289,0.997934,0.00413223,0.00723141,86.0537,19.095,0.279008,0.191157,0.769628,0,0,0,0.00549587,0.0113636
0.0253107,1031.95,0.00213781,0,0,0,0,0,4.28788e-05,0,0,0,0,0,0,0,0,0,0,136.713,136.714,1.1026e-06,1.1026e-06,2.97395e-05,2.97395e-05,0.999979,4.28788e-05,6.09797e-05,254.885,254.68,0.998834,0.000476536,0.998792,2.32158e-05,8.06121e-05,1.28636e-06,0.000338467,1.60795e-05
375,4.72356e+07,149136,0,0,0,0,0,0,0,0,0,0,0,0,0,0,0,0,1,1,0,0,0,0,1,0,0,203.5,1.5,0.01,0.035,0.005,0,0,0,0,0
0.632905,115.001,119.607,0,0,0,0.000338155,0.00197717,0.150441,1.72528e-05,5.86595e-05,0,0,1.03517e-05,0,3.45056e-06,0,3.45056e-06,7.59123e-05,6.77076,8.62702,0.00373644,0.00380024,0.000423142,0.000405303,0.997035,0.00549136,0.0438005,244.036,252.193,0.992103,0.00761511,0.0109226,0.00196437,0.0032349,0.0032281,0.00121149,0.000683211
0.000280605,0.0196704,0.0121128,0,0.00101018,0,0,0,0,0,0,0,0,0,0,0,0,0,0,124.054,10.815,0.287042,0.287065,0.708049,0.708034,0.0880832,0.0682576,1.30949e-06,254.853,10.8143,0.042321,0.0619857,0.00466299,4.67674e-07,0.286627,0.28704,0.707948,0.708025
369.83,64350.5,5008.45,0,0,0,1.13505,0,0.837621,0.56806,0.000535906,0.000535906,0.00375134,0,0.000535906,0,0,0,0,11.5418,12.7208,0.0112219,0.0111147,0.256517,0.257524,0.999143,0.00122186,0.0379904,240.38,220.111,0.880032,0.0148124,0.054523,0.00234191,0.003194,0.00424973,0.1091,0.108751
8.16035,14410.8,522.734,0,0,0,0.00102459,0,0.54252,0.000512295,0,0,0,0,0,0.00358607,0,0,0,3.4959,3.96465,0.00245389,0.00212602,0.00534836,0.00564549,0.987756,0.0207172,0.308017,132.525,96.9057,0.507136,0.0605789,0.157136,0.0164037,0.010374,0.0024334,0.0199283,0.00423156
31.5867,241.183,33100.2,0,0,0.00188395,0.0124341,0.000188395,0.99887,0.044838,0.00263753,0,0.0729088,0.0160136,0.000941974,0.00226074,0,0,0,4.28693,6.71006,0.00438206,0.00366993,0.000173323,0.00115863,0.999256,0.00095893,0.134478,131.701,246.239,0.988463,0.00191221,0.0761228,0.0209985,0.00192916,0.0011266,0.00131311,0.000714017
2.48314,3061.55,279.97,0,0,0,0,0,0.888506,0,0.000111272,0.000222544,0.00244798,0.00756648,0,0.00267052,0,0,0,2.75287,2.99833,0.000254813,0.000377212,0.0120741,0.00142873,0.982929,0.0330244,0.176958,199.744,183.669,0.780815,0.0515511,0.0454768,0.00604429,0.00324024,0.00053633,0.0400868,0.00209191
111.158,36427,708.373,0,0,0,0.0480905,0,0.339463,0.00141443,0,0,0,0.00424328,0,0.00141443,0,0,0,5.63791,6.04668,0.0163649,0.0162093,0.0540453,0.0550919,0.992744,0.00971711,0.140835,138.19,108.634,0.583324,0.0377793,0.321273,0.0597454,0.0110891,0.0120226,0.0172702,0.0121499
31.6667,195.333,1.3859e+07,0,0,0,2.66667,0,1,0,0.666667,0,0,0,0,0,0,0,0,1,11.3333,0,0,0,0,1,0,0.153333,31,255,1,0,0.04,0.04,0,0,0,0
244.75,194.5,3.06622e+07,0,0,0,58.25,0,0.75,0,0,0,0,0,0,0,0,0,0,1,1.5,0.25,0.25,0,0,1,0,0.25,119.25,191.5,0.75,0.0075,0.0125,0.025,0.1175,0.25,0.005,0
2.10208,266.605,598.839,0,0,0,0.0426567,5.63746e-05,0.995499,0.000328852,2.81873e-05,0,0.000281873,7.51661e-05,0,0.0015409,0,7.51661e-05,0.0124024,10.6578,13.9544,0.000711259,0.00102611,0.00195685,0.00152568,0.997579,0.00357744,0.109209,137.994,245.229,0.986415,0.00223365,0.0514924,0.0197373,0.000889403,0.00068232,0.00329923,0.00213349
0.567515,8.36556,13.8138,7.16153e-05,0.0156121,0,0.000143231,0.00336592,0.0597988,3.58076e-05,0,0,0,7.16153e-05,0,0,0,7.16153e-05,0.00075196,18.0385,3.86407,0.379432,0.381225,0.3298,0.325655,0.493469,0.300561,0.16864,244.79,22.2834,0.0895639,0.243446,0.188838,0.00705052,0.374875,0.374364,0.261559,0.326193
4.90114,262.417,4616.49,0,0,0.000209199,0.042049,0,0.998685,0.00319775,0.000388512,0,0.00176325,0.000418398,0.000119542,0.000627596,0,0,0.00131496,8.80945,11.7237,0.000880129,0.00107588,0.000986223,0.00152566,0.999771,0.000438421,0.102664,113.311,244.716,0.994786,0.000802726,0.0670521,0.0239282,0.000979947,0.000503571,0.00070769,0.000981142
198.913,382.086,74519.6,0,0,0,0.0298047,0.0020555,0.997945,3.00206,0.0143885,0.016444,3.22508,0.0760534,0,0.0380267,0,0,0,5.15725,6.93525,0.00457348,0.0048407,0.00144913,0.00154162,0.997945,0.00308325,0.124964,110.356,233.815,0.953114,0.00668037,0.0809661,0.0267009,0.00318602,0.00386434,0.00381295,0.0026927
17.1679,264.53,7010.7,0,0,0,0.0104822,3.95554e-05,0.996361,0.00901863,0.000553776,0,0.00253155,0.00411376,0,0.000672442,0,0,0,8.69254,11.7301,0.0012452,0.00141292,0.0028741,0.00368419,0.999591,0.000765001,0.104094,119.796,245.914,0.994437,0.000901863,0.0718207,0.0227578,0.00104822,0.000477038,0.00123611,0.00281002
0.000417353,0.023877,0.0127842,0,0.000790774,0,0,0,1.0983e-05,0,0,0,0,0,0,0,0,0,0,106.41,6.87298,0.261799,0.261885,0.722187,0.722101,0.0652649,0.0807114,2.1966e-06,254.842,6.97685,0.0272741,0.0696163,0.0147775,0,0.261325,0.261856,0.722574,0.722103
399.015,3.35086e+06,78505.6,0,0,0,0,0,0,0,0,0,0,0,0,0,0,0,0,1.81538,1.81538,0.0307692,0.0307692,0,0,0.989846,0.0206154,0.0307692,138.938,61.1385,0.297692,0.0704615,0.286,0.0270769,0.00261538,0.0290769,0.0116923,0.000307692
0.908404,45.6061,42.6964,0.000245942,0.0214321,0,0.000562153,0.00267023,0.1619,0.000491884,0,0,7.02691e-05,0.000105404,0,0,0,0.000105404,0.00217834,4.96346,8.29394,0.0819008,0.0743093,0.122589,0.120944,0.919914,0.111536,0.286254,56.2611,70.6403,0.628429,0.0868569,0.396821,0.137381,0.0791845,0.0739027,0.111926,0.121727
2831.33,5994.83,897288,0,0,0.0333333,0.6,0.0333333,0.9,24.3333,0.1,0,25.2333,0.1,0,0,0,0,0,1.13333,1.5,0.0666667,0.0666667,0,0,1,0,0.074,134.467,96.5,0.489667,0.053,0.099,0.054,0.049,0.0996667,0.032,0.00833333
2.45628,2095.95,310.541,0,0,0,0.000471365,0,0.903606,0,0.000235682,0,0.00329955,0.0127268,0,0.0106057,0,0,0,1.63752,2.33208,0.000551497,0.000843743,0.0022272,0.00180061,0.987363,0.0232666,0.482489,126.724,122.974,0.627641,0.0645864,0.0561065,0.0114589,0.00705868,0.00112185,0.019029,0.00468536
0,1031.55,0,0,0,0,0,0,0,0,0,0,0,0,0,0,0,0,0,509.326,509.336,0,0,0,0,1,0,0,254.699,254.362,0.998525,0.000131891,0.99853,0,0,0,1.31992e-05,0
46.3727,281.624,49441.2,0,0,0,0.0182232,0.000455581,0.999089,0.196811,0.00774487,0.000911162,0.190433,0.0482916,0.000455581,0.00410023,0,0,0,4.68428,7.3303,0.00540774,0.00418679,0,0.000943052,1,0,0.123339,117.836,242.722,0.98436,0.00206378,0.0838405,0.0241959,0.00423235,0.00138041,0.000296128,0.000318907
16.4452,257.745,15206.8,0,0,0,0.00532208,0.00018352,0.999205,0.02294,0.00122347,0.000122347,0.0151098,0.0206766,6.11733e-05,0.00220224,0,0,0,7.3849,10.2885,0.00313574,0.00257723,0.000214107,0.00073408,0.999878,0.000244693,0.110378,125.979,242.978,0.993378,0.00140393,0.0703108,0.0213721,0.00236374,0.00110357,0.00103261,0.000679635
1113.25,1249.72,522638,0,0,0,0.150943,0,0.981132,0.0754717,0.0754717,0,0,0,0,0,0,0,0,1.26415,2.16981,0.0188679,0.0188679,0,0,0.990566,0.0188679,0.0120755,136.849,96.5849,0.422075,0.0301887,0.0328302,0.0326415,0.000566038,0.0462264,0.0166038,0.0143396
0.340584,268.247,2771.75,0,0,1.80652e-05,0.0789631,1.80652e-05,0.999639,0.00218589,0.000162587,0,0.00086713,0.00037937,0.000144522,0.0248216,0,5.41956e-05,0.00381176,9.09712,12.1971,0.000825038,0.000882305,2.70978e-05,0.000578448,0.999661,0.000633186,0.0988984,131.548,241.414,0.983534,0.0030317,0.0517357,0.0208205,0.000930178,0.000677446,0.00251847,0.000564177
10907.9,189.049,836.792,0,0,0,0.00153846,0,0.104615,0.175385,0.00307692,0.00153846,0.109231,0.227692,0,0.00153846,0,0,0,1.03692,1.25846,0.0584615,0.0504923,0.0488154,0.0567846,0.991969,0.0144154,0.0353692,222.231,130.125,0.544277,0.128046,0.0332462,0.0121538,0.285123,0.3234,0.137138,0.0738615
0.854023,829.02,267.561,0,0,0,0.000155461,0,0.797202,0,0.000155461,0.000310921,0.00240964,0.0157015,0,0.00979401,0,0,0,1.41897,1.9759,0.000176448,0.000390206,0.00028527,0.00068014,0.982959,0.0323327,0.374941,124.817,115.053,0.58575,0.0664446,0.0733929,0.0147042,0.00511621,0.00119471,0.0142518,0.00441275
1394.71,17328,1.63718e+06,0,0,0,0.174603,0,0.952381,4.69841,0.031746,0.015873,0.380952,0.0952381,0,0.047619,0,0,0,1.01587,1.01587,0,0,0,0,0.992063,0.015873,0.015873,124.762,37,0.253175,0.0692063,0.0365079,0.0707937,0.000634921,0.0568254,0.0277778,0.015873
1.50175,1394.47,317.721,0,0.0217058,0,0,0,0.922605,0,0.000109625,0,0.00471388,0.0143609,0,0.00975663,0,0,0,1.5877,2.38588,0.000145801,0.000340934,0.000819996,0.00122232,0.986476,0.0244036,0.503296,126.355,124.289,0.649237,0.0647555,0.0607838,0.0191943,0.00775817,0.00112366,0.0202028,0.00481364
1.53956,258.633,10323.4,0,0,0.000179913,0.00197904,0,0.999415,0.00728647,0.000719651,4.49782e-05,0.00490262,0.00161921,0,0.000269869,0,0,0,7.36635,10.5318,0.00231098,0.00208744,7.51136e-05,0.000442585,0.999805,0.000344983,0.125871,118.916,246.573,0.995691,0.00076328,0.0744659,0.0229308,0.00138623,0.00053569,0.000528044,0.000210498
30.647,260.77,23236.4,0,0,0.000798722,0.0312833,0.000266241,0.999068,0.0623003,0.00146432,0.00013312,0.0275559,0.0283546,0,0.00266241,0,0,0,6.06589,8.67199,0.00381922,0.00378062,0.000465921,0.00162007,0.999561,0.00071885,0.113964,109.235,244.386,0.986317,0.00236555,0.0920727,0.0246273,0.00233759,0.00112886,0.00124867,0.00116214
7.97766e-05,0.00102114,0.00102114,0,0,0,0,0,0,0,0,0,0,0,0,0,0,0,0,209.798,6.88282,0.200192,0.200111,0.79877,0.798732,0.0319544,0.0705894,0.000108337,254.859,6.87981,0.0269433,0.0723255,0.00102928,0,0.2002,0.200111,0.798466,0.798839
303.973,307371,1333.88,0,0,0,0.116861,0,0,0,0,0,0,0,0,0,0,0,0,2.06511,2.1419,0.000517529,0.000517529,0,0.00237062,0.997229,0.00557596,0.00859766,30.0017,17.8164,0.853506,0.0374791,0.852487,0.08798,0.000851419,0.00123539,0.00215359,0.00033389
0.182988,264.836,1524.06,0,0,2.50737e-05,0.0244719,0.000125368,0.998784,0.000363568,0.000601768,2.50737e-05,7.5221e-05,0.000250737,0.000100295,0.000300884,0,1.25368e-05,0.00304645,10.1958,13.0761,0.000673102,0.000863913,0.000570802,0.000733028,0.999308,0.00116254,0.0903331,139.874,244.687,0.991039,0.00144575,0.0429479,0.0192401,0.000722999,0.000537454,0.00179051,0.000843352
0.000153172,0.0299145,0.0201421,0,0,0,0,0,0,0,0,0,0,0,0,0,0,0,0,234.708,10.3001,0.197666,0.197502,0.80116,0.801294,0.043888,0.0680293,3.06344e-05,254.819,10.2667,0.0403119,0.0721447,0.000826824,0,0.197718,0.197538,0.800953,0.801298
0.0002952,0.0300907,0.0296381,0,0,0,0,0,9.84e-06,0,0,0,0,0,0,0,0,0,0,141.956,12.9121,0.393987,0.393846,0.601006,0.601158,0.0907955,0.0674951,1.56456e-05,254.813,12.9125,0.0505251,0.0647234,0.00463061,9.84e-06,0.393537,0.3938,0.600808,0.60116
4.93054,7517.29,134.763,0,0,0,0.000735024,0,0.321573,0,0,0,0,0.0062477,0,0.00147005,0,0,0,5.66556,6.1165,0.000591694,0.000393238,0.00307975,0.00344726,0.987769,0.0174017,0.178942,131.947,81.8416,0.438438,0.061753,0.23509,0.0186806,0.0070599,0.00165013,0.0125542,0.00213524
