2.8113,561.79,203.925,3.09387e-06,0.000489518,3.43763e-06,0.00426644,0.000261604,0.125543,0.000132005,3.54076e-05,2.7501e-06,9.79725e-05,0.000188382,6.87526e-06,0.000646962,0,6.18773e-06,0.000661056,287.482,251.429,0.061547,0.0614923,0.14954,0.149484,0.803246,0.025229,0.0234998,238.421,198.07,0.785287,0.0247357,0.58014,0.00379259,0.0615042,0.0613991,0.149288,0.149577
27,199,1.07676e+07,0,0,0,0,0,1,0,0,0,0,0,0,0,0,0,0,1,1,0,0,0,0,1,0,0,33,255,1,0,0.03,0.04,0,0,0,0
12.0962,2.24814e+06,27492.7,0,0,0,0,0,0,0,0,0,0,0,0,0,0,0,0,2,1.98077,0.0192308,0.0192308,0,0,0.987308,0.0257692,0.0192308,132.385,55.6731,0.274615,0.0492308,0.273077,0.0323077,0.00173077,0.0161538,0.00288462,0
317,6.28256e+07,90476,0,0,0,0,0,0,0,0,0,0,0,0,0,0,0,0,1,1,0,0,0,0,1,0,0,152,1,0.01,0.05,0.01,0,0,0,0,0
1451.05,18146.5,1.60842e+06,0,0,0,0.15,0,0.95,4.83333,0.0333333,0.0166667,0.3,0.05,0,0.05,0,0,0,1.01667,1.01667,0,0,0,0,0.991667,0.0166667,0.0166667,124.433,38.0833,0.261,0.0691667,0.0378333,0.066,0.000666667,0.0596667,0.0288333,0.0166667
326.333,259.333,3.23177e+07,0,0,0,0,0,1,0,0,0,0,0,0,0,0,0,0,1,1.66667,0,0,0,0,1,0,0.333333,74,255,1,0,0.0166667,0.0333333,0,0,0,0
426.366,3752.9,306099,0,0,0.0229008,0.114504,0.0114504,0.980916,9.49237,0.0534351,0.0229008,10.2824,0.019084,0,0.0534351,0,0,0,2.01527,3.53053,0.019084,0.019084,0,0,0.989008,0.0162214,0.054771,134.191,140.443,0.599008,0.0326718,0.0519847,0.0379389,0.00160305,0.0417176,0.0133588,0.0078626
0,1.52848e+07,21748,0,0,0,0,0,0,0,0,0,0,0,0,0,0,0,0,1,1,1,1,0,0,1,0,0,111,3,0.03,0.06,0.01,0,0.03,1,0,0
433,3.16456e+07,207796,0,0,0,0,0,0,0,0,0,0,0,0,0,0,0,0,1,1,0,0,0,0,1,0,0,255,2,0.01,0.02,0,0,0,0,0,0
7.5,281.5,4.88306e+06,0,0,0,0.5,0,1,0,0.5,0,0,0,0,0,0,0,0,1,1,0,0,0,0,1,0,0,128,255,1,0,0.5,0.01,0,0,0,0
28.3333,1.02338e+07,0,0,0,0,0,0,0,0,0,0,0,0,0,0,0,0,0,1.33333,1.33333,0,0,0,0,1,0,0,255,130.333,0.51,0.0266667,0.51,0,0.00666667,0.00666667,0,0
14,6.53355e+06,0,0,0,0,0,0,0,0,0,0,0,0,0,0,0,0,0,1,1.33333,0,0,0,0,1,0,0.333333,172,82.3333,0.313333,0.24,0.313333,0.0133333,0.00333333,0.00333333,0,0
257.153,277561,175.876,0,0,0,0.120482,0,0,0,0,0,0,0,0,0,0,0,0,1.89673,1.9759,0.00447504,0.00447504,0,0.00244406,0.997143,0.00574871,0.00886403,24.611,15.3563,0.867005,0.0352496,0.867022,0.0896213,0.00111876,0.00488812,0.000860585,0
142.444,789,2.61366e+06,0,0,0,0.222222,0,1,0.666667,0,0,0.666667,0.333333,0,0,0,0,0,1,1,0,0,0,0,1,0,0,138,14.1111,0.0877778,0.0566667,0.01,0.0555556,0.00222222,0,0.00222222,0
297.047,56845.4,3969.21,0,0,0,0.891701,0,0.722822,0.439834,0.000414938,0.000414938,0.00290456,0.00124481,0.000414938,0.000414938,0,0,0,10.3004,11.3058,0.0086639,0.00853527,0.213361,0.214448,0.997539,0.00313278,0.057473,218.416,196.68,0.822041,0.0186349,0.124054,0.0182531,0.00325311,0.00304149,0.0888299,0.0872822
1868.6,1.28754e+06,127483,0,0,0,0,0,0,0,0,0,0,0,0,0,0,0,0,1,1,0,0,0,0,1,0,0,90.8,4.2,0.108,0.242,0.096,0,0,0,0.138,0
12481,8.00626e+06,1.53137e+06,0,0,0,0,0,0,0,0,0,0,0,0,0,0,0,0,1,1,0,0,0,0,1,0,0,58,4.5,0.39,0.16,0.065,0,0,0,0,0
46,188,1.7304e+07,0,0,0,7,0,1,0,1,0,0,0,0,0,0,0,0,1,8,0,0,0,0,1,0,0.38,15,255,1,0,0.07,0.04,0,0,0,0
70.6195,295.294,47597.5,0,0,0.0013887,0.0230524,0.000555478,0.998611,1.16234,0.00736009,0.00416609,1.27191,0.0361061,0.000833218,0.0111096,0,0,0,4.43494,6.8546,0.00494237,0.0040786,0.000323566,0.00131926,0.999243,0.000984585,0.127875,128.18,241.497,0.978582,0.0027524,0.0795403,0.0226719,0.00294404,0.00191918,0.00140119,0.00100125
0,0,2.56959e+07,0,0,0,233,0,0,0,0,0,0,0,0,0,0,0,0,1,1,1,1,0,0,1,0,0,255,1,0,0.03,0,0,0.47,1,0.02,0
2240.87,4818.37,848786,0,0,0.0263158,0.473684,0.0263158,0.921053,19.2105,0.0789474,0,19.9211,0.0789474,0,0,0,0,0,1.10526,1.71053,0.0526316,0.0526316,0,0,1,0,0.0623684,128.737,105.553,0.501842,0.0463158,0.0815789,0.0455263,0.0389474,0.1,0.0252632,0.00657895
54.5,4.82589e+06,147190,0,0,0,0,0,0,0,0,0,0,0,0,0,0,0,0,1,1,0,0,0,0,1,0,0,159.75,107.25,0.4475,0.21,0.445,0.01,0.005,0.005,0.1525,0.005
547.674,504299,2618.51,0,0,0,0,0,0,0,0,0,0,0,0,0,0,0,0,4.37209,4.39535,0.00488372,0.00488372,0,0,1,0,0.0155814,156.116,68.9535,0.366744,0.0667442,0.353953,0.0304651,0.0027907,0.00162791,0.00674419,0.00465116
22,199,1.35054e+07,0,0,0,1,0,1,0,1,0,0,0,0,0,0,0,0,1,25,0,0,0,0,1,0,0.08,45,255,1,0,0.02,0.04,0,0,0,0
18.6978,266.254,12759.5,0,0,0.000217095,0.00976926,9.30406e-05,0.998418,0.0202518,0.000914899,7.75338e-05,0.0113044,0.0134909,1.55068e-05,0.00119402,0,0,0,7.53844,10.5337,0.00263181,0.00245705,0.00089443,0.00144213,0.999744,0.000456054,0.11611,119.386,245.179,0.993209,0.00123108,0.0750896,0.0228058,0.00174141,0.00084915,0.000929475,0.00109509
