0,53.1586,53.0623,0,0,0,0,0,0,0,0,0,0,0,0,0,0,0,0,490.258,490.366,0,0,0,0,1,5.29178e-05,4.26283e-05,254.724,254.436,0.998962,0.000614435,0.867642,0,0,0,0,0
32.4139,15699.1,544.777,0,0,0,0.00864662,0,0.49812,0.00075188,0,0,0,0.00150376,0,0.00300752,0,0,0,4.46241,5.07143,0.00568421,0.00533835,0.0113308,0.0121579,0.987365,0.019703,0.270669,135.977,94.9023,0.494977,0.0595526,0.171226,0.0161466,0.0115,0.00467293,0.0196654,0.00483835
1.24668,265.156,2915.45,0,0,6.31493e-05,0.0505826,7.89366e-05,0.999503,0.0019971,0.000260491,7.89366e-06,0.000891983,0.000355215,0.000126299,0.0111774,0,3.15746e-05,0.00234442,9.26124,12.2541,0.000778393,0.000897351,0.000244703,0.000707035,0.999743,0.000489722,0.097477,130.805,244.235,0.990154,0.00172453,0.0529096,0.0208942,0.000857646,0.000561397,0.00141841,0.000492091
0,1031.88,0,0,0,0,0,0,0,0,0,0,0,0,0,0,0,0,0,510.566,510.569,0,0,0,0,1,0,0,254.923,254.834,0.99962,4.82957e-05,0.999621,0,0,0,3.40111e-06,0
375,4.72356e+07,149136,0,0,0,0,0,0,0,0,0,0,0,0,0,0,0,0,1,1,0,0,0,0,1,0,0,203.5,1.5,0.01,0.035,0.005,0,0,0,0,0
1394.71,17328,1.63718e+06,0,0,0,0.174603,0,0.952381,4.69841,0.031746,0.015873,0.380952,0.0952381,0,0.047619,0,0,0,1.01587,1.01587,0,0,0,0,0.992063,0.015873,0.015873,124.762,37,0.253175,0.0692063,0.0365079,0.0707937,0.000634921,0.0568254,0.0277778,0.015873
309.069,60290.5,4203.14,0,0,0,0.94292,0,0.731858,0.469027,0.000442478,0.000442478,0.00309735,0,0.000442478,0,0,0,0,10.3814,11.4044,0.0100619,0.0099469,0.219987,0.220429,0.998372,0.00226991,0.0450354,222.288,201.454,0.835518,0.0168496,0.120606,0.0185133,0.00309735,0.00405752,0.0929779,0.0916681
18.6635,256.675,16059.9,0,0,0,0.00452747,0.000131868,0.999253,0.0244835,0.00127473,0.000131868,0.0122198,0.0218901,4.3956e-05,0.00197802,0,0,0,7.08967,9.95002,0.00326505,0.00286593,0.000197802,0.000854066,0.999767,0.000413187,0.113229,122.467,242.669,0.99244,0.0014044,0.0757815,0.0221556,0.00237846,0.00105802,0.000942857,0.000666813
2240.87,4818.37,848786,0,0,0.0263158,0.473684,0.0263158,0.921053,19.2105,0.0789474,0,19.9211,0.0789474,0,0,0,0,0,1.10526,1.71053,0.0526316,0.0526316,0,0,1,0,0.0623684,128.737,105.553,0.501842,0.0463158,0.0815789,0.0455263,0.0389474,0.1,0.0252632,0.00657895
0,518.632,0,0,0,0,0,0,0,0,0,0,0,0,0,0,0,0,0,510.481,510.482,0,0,0,0,1,0,0,254.927,254.886,0.999787,1.0835e-05,0.999787,2.68505e-05,0,0,0.000194374,0
0,1017.51,0,0,0,0,0,0,0,0,0,0,0,0,0,0,0,0,0,317.198,317.198,0,0,0,0,1,0,0,254.979,254.076,0.99646,4.12797e-05,0.99646,0,0,0,0,0
10842.4,198.507,866.942,0,0,0,0.00151745,0,0.103187,0.172989,0.0030349,0.00151745,0.107739,0.224583,0,0.00151745,0,0,0,1.03945,1.25493,0.0576631,0.0498027,0.0542185,0.0635964,0.990561,0.0172534,0.0348862,220.129,128.434,0.541517,0.127785,0.0368741,0.0119879,0.281229,0.318983,0.137906,0.079651
244.75,194.5,3.06622e+07,0,0,0,58.25,0,0.75,0,0,0,0,0,0,0,0,0,0,1,1.5,0.25,0.25,0,0,1,0,0.25,119.25,191.5,0.75,0.0075,0.0125,0.025,0.1175,0.25,0.005,0
553.341,776.032,139905,0,0,0.0117647,0.141176,0,0.994118,22.3941,0.05,0.0588235,24.6294,0.0911765,0,0.117647,0,0,0,3.74118,6.25,0.00882353,0.00667647,0,0,1,0,0.0893529,73.0618,201.212,0.865559,0.0105294,0.119794,0.0375294,0.00755882,0.0152647,0.00352941,0.00314706
303.973,307371,1333.88,0,0,0,0.116861,0,0,0,0,0,0,0,0,0,0,0,0,2.06511,2.1419,0.000517529,0.000517529,0,0.00237062,0.997229,0.00557596,0.00859766,30.0017,17.8164,0.853506,0.0374791,0.852487,0.08798,0.000851419,0.00123539,0.00215359,0.00033389
0.802827,68.532,139.818,8.29928e-06,0.00113055,1.84429e-06,0.00551533,0.000692529,0.18133,5.25621e-05,5.25621e-05,9.22143e-07,2.95086e-05,3.2275e-05,3.68857e-06,0.000165986,0,1.291e-05,0.0014994,107.157,10.0454,0.164951,0.164789,0.400906,0.400766,0.472808,0.0665618,0.0378289,230.515,108.504,0.439541,0.0636421,0.0285622,0.00699263,0.164463,0.164399,0.399196,0.400963
0.102811,1045.12,20.8203,0,0.000563332,0,1.13804e-05,0,0.0610106,0,1.13804e-05,1.13804e-05,0.000224764,0.001047,0,0.000691362,0,0,0,127.053,127.101,1.6587e-05,3.11255e-05,6.78844e-05,8.76295e-05,0.99888,0.00208436,0.031287,245.676,245.044,0.971359,0.00509639,0.932314,0.00116115,0.000527967,8.35325e-05,0.00150176,0.000335951
336.369,4834.29,337733,0,0,0.030303,0.10101,0.0151515,0.974747,0.560606,0.0505051,0,0.338384,0.0252525,0,0,0,0,0,1.67677,2.85354,0.0252525,0.0252525,0,0,0.985455,0.0214646,0.055303,152.379,132.172,0.564596,0.0343434,0.0374747,0.0339899,0.0020202,0.0435859,0.0173232,0.00979798
111.867,332.572,60856.2,0,0,0,0.0246494,0.00127497,0.9983,1.23332,0.0123247,0.00679983,1.30174,0.0735232,0,0.0174246,0,0,0,4.72291,7.12835,0.0059796,0.00530387,0.000599235,0.000917977,0.99915,0.00127497,0.124824,112.12,239.432,0.971105,0.00379941,0.0806035,0.0254696,0.0039949,0.00241394,0.00176371,0.00140671
399.015,3.35086e+06,78505.6,0,0,0,0,0,0,0,0,0,0,0,0,0,0,0,0,1.81538,1.81538,0.0307692,0.0307692,0,0,0.989846,0.0206154,0.0307692,138.938,61.1385,0.297692,0.0704615,0.286,0.0270769,0.00261538,0.0290769,0.0116923,0.000307692
61.625,599.25,3.33149e+06,0,0,0,0.125,0,1,0,0.125,0,0,0,0,0,0,0,0,1,1,0,0,0,0,1,0,0,138,73.875,0.3125,0.0375,0.1325,0.0025,0.0025,0,0,0
31.6667,195.333,1.3859e+07,0,0,0,2.66667,0,1,0,0.666667,0,0,0,0,0,0,0,0,1,11.3333,0,0,0,0,1,0,0.153333,31,255,1,0,0.04,0.04,0,0,0,0
9.95987,262.787,8285.81,0,0,8.53789e-05,0.00661686,2.13447e-05,0.997631,0.00798292,0.000597652,0,0.00337247,0.00254002,0,0.000469584,0,0,0,8.16442,11.2483,0.00169797,0.00168154,0.0016826,0.00225656,0.999708,0.000533831,0.112972,118.255,246.636,0.995122,0.00083159,0.0733345,0.0230472,0.0011746,0.000505229,0.0009127,0.00167449
29.4408,251.12,31365.2,0,0,0.00170539,0.0316564,0.000319761,0.999041,0.0600085,0.00202515,0.000106587,0.0640588,0.0176935,0.000639522,0.00266468,0,0,0,4.99925,7.49712,0.00374227,0.00324451,0.000364528,0.0014709,0.999526,0.000649115,0.124821,123.636,245.347,0.986836,0.00243871,0.0801929,0.0220987,0.00202089,0.00103389,0.00143466,0.000979535
3.37687,3812.18,251.575,0,0,0,0.000167983,0,0.781203,0,8.39913e-05,0.000167983,0.00260373,0.00789518,0,0.00277171,0,0,0,3.2041,3.49681,0.000320007,0.000441794,0.0102755,0.00232404,0.984487,0.0290215,0.196074,182.662,160.893,0.707125,0.0541223,0.0821292,0.00882496,0.00423148,0.000807156,0.0342273,0.00244499
