3.60071,599.399,622.31,3.01676e-06,0.000477318,1.34078e-05,0.00515933,0.000259776,0.14708,0.00457307,7.70949e-05,1.67598e-05,0.00432469,0.00056581,9.38547e-06,0.000688491,0,6.03352e-06,0.000644581,280.499,245.416,0.0600902,0.060031,0.146005,0.145966,0.808139,0.0246164,0.025784,235.556,199.188,0.790264,0.0241704,0.567599,0.00426406,0.0600191,0.0598982,0.145664,0.145947
1349.82,12048.3,1.53334e+06,0,0,0.0107527,0.247312,0,0.946237,10.6452,0.0537634,0.0107527,8.09677,0.0752688,0,0.0322581,0,0,0,1.03226,1.06452,0.0215054,0.0215054,0,0,0.994624,0.0107527,0.0322581,129.946,48.5806,0.290753,0.0584946,0.0451613,0.0589247,0.0055914,0.06,0.0196774,0.0107527
244.75,194.5,3.06622e+07,0,0,0,58.25,0,0.75,0,0,0,0,0,0,0,0,0,0,1,1.5,0.25,0.25,0,0,1,0,0.25,119.25,191.5,0.75,0.0075,0.0125,0.025,0.1175,0.25,0.005,0
317,6.28256e+07,90476,0,0,0,0,0,0,0,0,0,0,0,0,0,0,0,0,1,1,0,0,0,0,1,0,0,152,1,0.01,0.05,0.01,0,0,0,0,0
2787.67,9.06658e+06,342720,0,0,0,0,0,0,0,0,0,0,0,0,0,0,0,0,1.11111,1.22222,0.111111,0.111111,0,0,1,0,0.111111,167.556,72.2222,0.364444,0.131111,0.29,0.00444444,0.00666667,0.114444,0,0
31.6667,195.333,1.3859e+07,0,0,0,2.66667,0,1,0,0.666667,0,0,0,0,0,0,0,0,1,11.3333,0,0,0,0,1,0,0.153333,31,255,1,0,0.04,0.04,0,0,0,0
433,3.16456e+07,207796,0,0,0,0,0,0,0,0,0,0,0,0,0,0,0,0,1,1,0,0,0,0,1,0,0,255,2,0.01,0.02,0,0,0,0,0,0
7.5,281.5,4.88306e+06,0,0,0,0.5,0,1,0,0.5,0,0,0,0,0,0,0,0,1,1,0,0,0,0,1,0,0,128,255,1,0,0.5,0.01,0,0,0,0
14.8947,2.41834e+06,35410.2,0,0,0,0,0,0,0,0,0,0,0,0,0,0,0,0,1.91228,1.89474,0.0175439,0.0175439,0,0,0.988421,0.0235088,0.0175439,133.088,58.4386,0.28386,0.0614035,0.282281,0.0301754,0.00192982,0.0150877,0.0133333,0.000350877
320.565,294626,3904.54,0,0,0,0.107858,0,0.00308166,0,0,0,0,0,0,0,0,0,0,2.16641,2.27581,0.00587057,0.00587057,0,0.00337442,0.997442,0.00514638,0.00927581,39.0878,20.6148,0.812804,0.0390755,0.808228,0.0823421,0.00123267,0.00602465,0.00244992,0.000308166
