16.2609,203.711,400.578,0,0,6.13683e-06,0.0182111,0.00147898,0.553868,0.000205584,8.89841e-05,1.22737e-05,0.00019331,0.000398894,1.22737e-05,0.00079472,0,3.37526e-05,0.00467627,6.51622,8.35928,0.000531542,0.000681465,0.00088082,0.000799844,0.997411,0.00442588,0.0673838,193.172,245.822,0.98132,0.0071044,0.0282446,0.010536,0.00109825,0.000995118,0.00222742,0.00117775
326.333,259.333,3.23177e+07,0,0,0,0,0,1,0,0,0,0,0,0,0,0,0,0,1,1.66667,0,0,0,0,1,0,0.333333,74,255,1,0,0.0166667,0.0333333,0,0,0,0
317,6.28256e+07,90476,0,0,0,0,0,0,0,0,0,0,0,0,0,0,0,0,1,1,0,0,0,0,1,0,0,152,1,0.01,0.05,0.01,0,0,0,0,0
3,2.38373e+06,0,0,0,0,0,0,0,0,0,0,0,0,0,0,0,0,0,1,1,0,0,0,0,1,0,0,131,36,0.21,0.05,0.21,0.06,0,0,0.02,0
433,3.16456e+07,207796,0,0,0,0,0,0,0,0,0,0,0,0,0,0,0,0,1,1,0,0,0,0,1,0,0,255,2,0.01,0.02,0,0,0,0,0,0
0,0,2.56959e+07,0,0,0,233,0,0,0,0,0,0,0,0,0,0,0,0,1,1,1,1,0,0,1,0,0,255,1,0,0.03,0,0,0.47,1,0.02,0
22,199,1.35054e+07,0,0,0,1,0,1,0,1,0,0,0,0,0,0,0,0,1,25,0,0,0,0,1,0,0.08,45,255,1,0,0.02,0.04,0,0,0,0
14,6.53355e+06,0,0,0,0,0,0,0,0,0,0,0,0,0,0,0,0,0,1,1.33333,0,0,0,0,1,0,0.333333,172,82.3333,0.313333,0.24,0.313333,0.0133333,0.00333333,0.00333333,0,0
7.5,281.5,4.88306e+06,0,0,0,0.5,0,1,0,0.5,0,0,0,0,0,0,0,0,1,1,0,0,0,0,1,0,0,128,255,1,0,0.5,0.01,0,0,0,0
0,1.52848e+07,21748,0,0,0,0,0,0,0,0,0,0,0,0,0,0,0,0,1,1,1,1,0,0,1,0,0,111,3,0.03,0.06,0.01,0,0.03,1,0,0
1040.91,2928.26,1.92245e+06,0,0,0,0.130435,0,0.956522,0.26087,0.0434783,0,0.26087,0.130435,0,0,0,0,0,1,1,0,0,0,0,1,0,0,91.3913,34.4783,0.303043,0.0721739,0.0352174,0.063913,0.000869565,0.07,0.00173913,0.00478261
56,1.18615e+07,0,0,0,0,0,0,0,0,0,0,0,0,0,0,0,0,0,1,1,0,0,0,0,1,0,0,255,193,0.76,0.03,0.76,0,0.01,0.01,0,0
508,2.05162e+06,728912,0,0,0,0,0,0,0,0,0,0,0,0,0,0,0,0,1,1,0,0,0,0,1,0,0,95,1,0.01,0.08,0.01,0,0,0,0,0
25.7224,245.092,37884.1,0,0,0.001514,0.0176634,0.000252334,0.998991,0.0580368,0.00277567,0,0.0880646,0.0141307,0.001514,0.00328034,0,0,0,4.40172,6.78425,0.00444865,0.00346455,0.000232147,0.00175625,0.999256,0.000779712,0.131711,137.757,243.574,0.986288,0.00209942,0.0771032,0.0208933,0.00239213,0.0012869,0.00114812,0.000739339
1227.44,1361.25,494774,0,0,0,0.166667,0,0.979167,0.0833333,0.0833333,0,0,0,0,0,0,0,0,1.29167,2.04167,0.0208333,0.0208333,0,0,0.989583,0.0208333,0.0102083,139.083,84,0.383125,0.0341667,0.035,0.0447917,0.000625,0.0341667,0.0183333,0.0158333
270.757,283457,88.8929,0,0,0,0.127042,0,0,0,0,0,0,0,0,0,0,0,0,1.902,1.98548,0.000181488,0.000181488,0,0.00257713,0.997895,0.00424682,0.00813067,19.931,14.1125,0.89873,0.0331034,0.89873,0.0932668,0.000707804,0.00121597,0.000562613,0
46,188,1.7304e+07,0,0,0,7,0,1,0,1,0,0,0,0,0,0,0,0,1,8,0,0,0,0,1,0,0.38,15,255,1,0,0.07,0.04,0,0,0,0
5,3.88695e+06,0,0,0,0,0,0,0,0,0,0,0,0,0,0,0,0,0,1,1,0,0,0,0,1,0,0,255,190,0.75,0.03,0.75,0,0.01,0.01,0,0
190.25,1.37523e+06,67236,0,0,0,0,0,0,0,0,0,0,0,0,0,0,0,0,1,1,0,0,0,0,1,0,0,107.25,4.75,0.115,0.2525,0.11,0,0,0,0.1725,0
1130.95,1120.05,968431,0,0,0.05,0.1,0,0.95,0.05,0.1,0,0.3,0,0,0,0,0,0,1.1,1.25,0.05,0.05,0,0,1,0,0.1,140.15,101.8,0.495,0.031,0.0905,0.0475,0,0.05,0.003,0
0.0547235,1062.55,7.57847,0,0.000176341,0,4.45305e-06,0,0.0227248,0,3.56244e-06,1.78122e-06,7.7483e-05,0.000322401,0,0.00017545,0,0,0,387.951,387.967,6.29661e-06,1.1195e-05,0.000124944,4.29006e-05,0.999614,0.000714197,0.0097905,252.06,251.651,0.990308,0.00178979,0.974465,0.000363796,0.000180037,2.64244e-05,0.000746696,0.00010218
1293,8.63968e+06,1.17994e+06,0,0,0,0,0,0,0,0,0,0,0,0,0,0,0,0,1,1,0,0,0,0,1,0,0,108,3,0.03,0.07,0.01,0,0,0,0,0
560.714,506927,2680.86,0,0,0,0,0,0,0,0,0,0,0,0,0,0,0,0,4.33333,4.35714,0.005,0.005,0,0,1,0,0.0159524,153.762,68.2143,0.36619,0.067619,0.353095,0.0311905,0.00285714,0.00166667,0.00690476,0.0047619
25.1823,258.369,16107.6,0,0,0,0.00556354,0.000187535,0.999312,0.0266925,0.00137526,0.000125023,0.01319,0.0263174,6.25117e-05,0.00187535,0,0,0,7.15003,10.0091,0.00266988,0.00234982,0.000218791,0.000777021,0.999812,0.00037507,0.112383,122.863,244.559,0.992217,0.00167906,0.0757586,0.0223786,0.00233419,0.00107145,0.00119585,0.000715759
993.087,431.381,175401,0,0,0,0.253968,0,1,41.5079,0.0793651,0.111111,45.2143,0.198413,0,0.214286,0,0,0,3.11111,4.3254,0.00793651,0.00793651,0,0,1,0,0.0530159,78.1825,181.151,0.762778,0.0172222,0.129206,0.037619,0.0152381,0.0276984,0.00261905,0.0015873
79.6667,705.167,2.8143e+06,0,0,0,0,0,1,0,0,0,0,0,0,0,0,0,0,1,1,0,0,0,0,1,0,0,141.333,13.5,0.0833333,0.05,0.01,0,0.00333333,0,0,0
27,199,1.07676e+07,0,0,0,0,0,1,0,0,0,0,0,0,0,0,0,0,1,1,0,0,0,0,1,0,0,33,255,1,0,0.03,0.04,0,0,0,0
966.154,21018.7,1.46342e+06,0,0,0,0.205128,0,0.974359,7.4359,0.025641,0.025641,0.461538,0.0769231,0,0.0769231,0,0,0,1.02564,1.02564,0,0,0,0,0.987179,0.025641,0.025641,147.615,39.4103,0.204615,0.0692308,0.0125641,0.0766667,0.000512821,0.0505128,0.0438462,0.0228205
0,2.91432e+06,700708,0,0,0,0,0,0,0,0,0,0,0,0,0,0,0,0,1,1,1,1,0,0,1,0,0,77,6,0.08,0.08,0.01,0,0.06,0.83,0.06,0
5.5,5.22499e+06,0,0,0,0,0,0,0,0,0,0,0,0,0,0,0,0,0,1,1,0,0,0,0,1,0,0,180.5,119,0.5,0.32,0.495,0.02,0.005,0.005,0.305,0.01
14.5,9.41988e+06,0,0,0,0,0,0,0,0,0,0,0,0,0,0,0,0,0,1.5,1.5,0,0,0,0,1,0,0,255,99,0.385,0.025,0.385,0,0.005,0.005,0,0
294.402,143695,797.412,0,0,0,0,0,0.0490196,0,0,0,0,0,0,0,0,0,0,5.54902,6.18627,0.0343137,0.0343137,0.0188235,0.0405882,0.995098,0.00980392,0.0197059,171.765,65.1275,0.335098,0.0706863,0.283824,0.0121569,0.00362745,0.0221569,0.0121569,0.000196078
5,3.19999e+06,0,0,0,0,0,0,0,0,0,0,0,0,0,0,0,0,0,11.5,11.5,0,0,0,0,1,0,0,255,98.5,0.385,0.025,0.385,0,0.005,0.005,0,0
23669,7.37284e+06,1.8828e+06,0,0,0,0,0,0,0,0,0,0,0,0,0,0,0,0,1,1,0,0,0,0,1,0,0,8,6,0.75,0.25,0.12,0,0,0,0,0
23.5125,265.739,5651.02,0,0,0.000104622,0.0342952,2.09244e-05,0.996527,0.00665397,0.000334791,0,0.00242724,0.00236446,4.18489e-05,0.000711431,0,0,0.000920675,8.74133,11.7001,0.00105815,0.00122826,0.00271997,0.00348141,0.99962,0.000704735,0.102852,118.038,245.095,0.993838,0.000976544,0.0680053,0.0230776,0.0010525,0.000474148,0.0012019,0.00264004
14.3473,265.593,2341.63,0,0,2.63419e-05,0.0444124,9.6587e-05,0.999658,0.00176491,0.000482935,1.75613e-05,0.000632206,0.000351225,0.000122929,0.0122753,0,3.51225e-05,0.0022215,9.36909,12.3526,0.000745915,0.000841097,7.46354e-05,0.000487852,0.99973,0.00050076,0.0945291,135.873,243.557,0.988377,0.00211859,0.0484392,0.0200002,0.000849175,0.000627552,0.00175253,0.000408124
202,4.96662e+06,588760,0,0,0,0,0,0,0,0,0,0,0,0,0,0,0,0,1,1,0,0,0,0,1,0,0,23,1,0.04,0.17,0.04,0,0,0,0,0
23.6094,14079.8,435.649,0,0,0,0.00573498,0,0.443103,0.000603682,0,0,0,0.00241473,0,0.00241473,0,0,0,4.79626,5.32629,0.004262,0.00392695,0.00864171,0.00922729,0.98805,0.0185089,0.243332,134.576,90.6933,0.477878,0.05984,0.190057,0.0170208,0.00987021,0.00395412,0.0181135,0.00421974
32.7511,259.372,25942.9,0,0,0.0012566,0.0291531,0.000251319,0.998743,0.053908,0.0012566,0.00012566,0.0321689,0.023624,0,0.00213622,0,0,0,5.58557,8.16889,0.00439055,0.00415557,0.000439809,0.00131063,0.999585,0.000678562,0.119301,111.341,245.875,0.987345,0.00222292,0.0881113,0.0236542,0.00241769,0.00119377,0.00122895,0.00109575
8582,936792,368472,0,0,0,0,0,0,0,0,0,0,0,0,0,0,0,0,1,1,0,0,0,0,1,0,0,25,2,0.08,0.2,0.04,0,0,0,0,0
2.29787,2.19476e+06,0,0,0,0,0,0,0,0,0,0,0,0,0,0,0,0,0,1.65957,1.6383,0,0,0,0,0.985957,0.0285106,0.0212766,129.17,56.4894,0.281064,0.0489362,0.280851,0.0344681,0.000425532,0,0.00148936,0
0,513.401,0.593168,0,0,0,0,0,0,0,0,0,0,0,0,0,0,0,0,510.397,510.399,0,0,0,0,1,2.16414e-07,9.01726e-08,254.928,254.887,0.999789,1.55638e-05,0.998492,2.65468e-05,0,0,0.000192176,0
26246,204584,1.85277e+06,0,0,0,0,0,0,0,0,0,0,0,0,0,0,0,0,1,1,0,0,0,0,1,0,0,1,1,1,0,1,0,0,0,0,0
0.473137,12.2771,6.39705,1.1947e-05,0.00162744,0,1.99116e-05,0.000355754,0.0114956,0,0,0,2.65488e-06,0,0,0,0,3.98232e-06,0.000135399,151.532,10.8985,0.237258,0.236955,0.576742,0.576581,0.242034,0.0942575,0.0269024,247.188,47.1055,0.19781,0.0891485,0.0293305,0.00533707,0.23654,0.236496,0.573864,0.576745
298.387,752.365,99479.8,0,0,0.00869565,0.0586957,0.00434783,0.993478,8.14348,0.026087,0.026087,9.03478,0.0521739,0,0.0847826,0,0,0,5.02826,7.46087,0.00613043,0.00482609,0,0,1,0,0.106261,74.4913,219.665,0.924217,0.00928261,0.103978,0.0345217,0.00319565,0.00715217,0.00593478,0.00376087
6.36021,260.095,10208,0,0,0.000138079,0.00217474,0,0.999344,0.00849184,0.000897511,6.90393e-05,0.00714557,0.00548863,0,0.000586834,0,0,0,7.6634,10.8265,0.00237288,0.0021347,5.76478e-05,0.000469467,0.999833,0.000299285,0.122031,118.921,245.272,0.995401,0.000734233,0.0736066,0.0228351,0.00134489,0.000580966,0.000508475,0.000231972
306.507,56187.5,4326.15,0,0,0,0.977564,0,0.759158,0.485348,0.000457875,0.000457875,0.00320513,0,0.000457875,0,0,0,0,10.5508,11.5897,0.00903846,0.00891941,0.228787,0.228347,0.998315,0.0023489,0.0469322,224.105,206.749,0.854913,0.0146886,0.113997,0.0187454,0.00305861,0.00322802,0.0959982,0.095206
48.6398,5566.16,286170,0,0,0.0372671,0.0745342,0.0186335,0.975155,0.664596,0.0372671,0,0.416149,0.0310559,0,0,0,0,0,1.90062,3.57764,0.0248447,0.0248447,0,0,0.985217,0.0201863,0.0678261,149.255,146.056,0.621677,0.0349068,0.0393168,0.0339752,0.00236025,0.0434161,0.0159006,0.00732919
3675.59,9405.82,722541,0,0,0,0.941176,0.0588235,0.882353,42.8824,0.0588235,0,44.1765,0.176471,0,0,0,0,0,1.11765,2.29412,0.0588235,0.0588235,0,0,1,0,0.0217647,118.353,115.647,0.532353,0.0623529,0.0752941,0.0458824,0.0864706,0.164706,0.0529412,0.0147059
101.159,314.357,58748.9,0,0,0,0.0251876,0.000535906,0.998392,0.825295,0.0128617,0.00535906,0.848875,0.0830654,0,0.00803859,0,0,0,4.56431,7.04341,0.0070418,0.00612004,0.000755627,0.00115756,0.998928,0.00160772,0.128532,117.592,241.434,0.977095,0.00302251,0.0765005,0.0244748,0.0042926,0.00217578,0.00121651,0.00131297
