0,53.1548,53.0761,0,0,0,0,0,0,0,0,0,0,0,0,0,0,0,0,490.737,490.77,0,0,0,0,1,5.30191e-05,4.27099e-05,254.773,254.494,0.999013,0.000611193,0.8677,0,0,0,0,0
0,1031.86,0,0,0,0,0,0,0,0,0,0,0,0,0,0,0,0,0,510.3,510.303,0,0,0,0,1,0,0,254.923,254.834,0.99962,4.82286e-05,0.999622,0,0,0,3.39546e-06,0
0,518.632,0,0,0,0,0,0,0,0,0,0,0,0,0,0,0,0,0,510.483,510.483,0,0,0,0,1,0,0,254.927,254.886,0.999787,1.08351e-05,0.999787,2.68506e-05,0,0,0.000194375,0
1394.71,17328,1.63718e+06,0,0,0,0.174603,0,0.952381,4.69841,0.031746,0.015873,0.380952,0.0952381,0,0.047619,0,0,0,1.01587,1.01587,0,0,0,0,0.992063,0.015873,0.015873,124.762,37,0.253175,0.0692063,0.0365079,0.0707937,0.000634921,0.0568254,0.0277778,0.015873
0.432608,63.1015,102.597,8.55228e-06,0.00116501,0,0.005253,0.00071269,0.156094,5.41644e-05,2.09056e-05,0,3.51594e-05,5.03634e-05,3.80101e-06,0.000180548,0,1.33035e-05,0.00149095,110.088,9.92564,0.169956,0.169783,0.413084,0.41294,0.456746,0.0685869,0.0364949,233.373,104.256,0.422165,0.0655891,0.0281117,0.0066016,0.16946,0.169394,0.41129,0.413136
1113.25,1249.72,522638,0,0,0,0.150943,0,0.981132,0.0754717,0.0754717,0,0,0,0,0,0,0,0,1.26415,2.16981,0.0188679,0.0188679,0,0,0.990566,0.0188679,0.0120755,136.849,96.5849,0.422075,0.0301887,0.0328302,0.0326415,0.000566038,0.0462264,0.0166038,0.0143396
10907.9,189.049,836.792,0,0,0,0.00153846,0,0.104615,0.175385,0.00307692,0.00153846,0.109231,0.227692,0,0.00153846,0,0,0,1.03692,1.25846,0.0584615,0.0504923,0.0488154,0.0567846,0.991969,0.0144154,0.0353692,222.231,130.125,0.544277,0.128046,0.0332462,0.0121538,0.285123,0.3234,0.137138,0.0738615
11.4985,265.701,5838.27,0,0,9.68279e-05,0.0320113,1.93656e-05,0.997366,0.00617762,0.000426043,0,0.00222704,0.00216895,3.87312e-05,0.000677795,0,0,0.000852086,8.77914,11.7653,0.00106801,0.00125489,0.00206747,0.00277373,0.999671,0.000619892,0.103666,117.334,245.289,0.994483,0.000860219,0.0691291,0.0232366,0.00103199,0.000466517,0.000975638,0.00198091
33.4102,248.371,32525.1,0,0,0.0017459,0.0114155,0.0001343,0.99906,0.0668815,0.00241741,0,0.0789686,0.0158474,0.000805802,0.00241741,0,0,0,4.77142,7.19568,0.00403707,0.00345286,0.000325007,0.0013242,0.999402,0.000817889,0.131528,128.771,245.357,0.987331,0.00255439,0.0767419,0.0215753,0.00197959,0.00105426,0.00140075,0.000886382
375,4.72356e+07,149136,0,0,0,0,0,0,0,0,0,0,0,0,0,0,0,0,1,1,0,0,0,0,1,0,0,203.5,1.5,0.01,0.035,0.005,0,0,0,0,0
31.6667,195.333,1.3859e+07,0,0,0,2.66667,0,1,0,0.666667,0,0,0,0,0,0,0,0,1,11.3333,0,0,0,0,1,0,0.153333,31,255,1,0,0.04,0.04,0,0,0,0
2831.33,5994.83,897288,0,0,0.0333333,0.6,0.0333333,0.9,24.3333,0.1,0,25.2333,0.1,0,0,0,0,0,1.13333,1.5,0.0666667,0.0666667,0,0,1,0,0.074,134.467,96.5,0.489667,0.053,0.099,0.054,0.049,0.0996667,0.032,0.00833333
97.6305,4493.45,272089,0,0,0.0295567,0.08867,0.0147783,0.980296,4.18227,0.0394089,0.00985222,4.41379,0.0246305,0,0.0344828,0,0,0,2.09852,3.74384,0.0197044,0.0197044,0,0,0.988276,0.0160099,0.0656158,138.729,150.961,0.637685,0.0331034,0.0433498,0.0382759,0.00197044,0.042069,0.0127094,0.00581281
0.232974,1228.57,30.286,0,0.000542488,0,1.91789e-05,0,0.0850391,0,1.36992e-05,1.6439e-05,0.000287683,0.00121375,0,0.000742496,0,0,0,122.938,122.996,4.12894e-05,5.53721e-05,0.000433415,0.000194638,0.998405,0.00294563,0.0373565,243.382,241.895,0.961465,0.00680387,0.902963,0.00144285,0.000703015,0.000116635,0.0026563,0.000416729
399.015,3.35086e+06,78505.6,0,0,0,0,0,0,0,0,0,0,0,0,0,0,0,0,1.81538,1.81538,0.0307692,0.0307692,0,0,0.989846,0.0206154,0.0307692,138.938,61.1385,0.297692,0.0704615,0.286,0.0270769,0.00261538,0.0290769,0.0116923,0.000307692
61.625,599.25,3.33149e+06,0,0,0,0.125,0,1,0,0.125,0,0,0,0,0,0,0,0,1,1,0,0,0,0,1,0,0,138,73.875,0.3125,0.0375,0.1325,0.0025,0.0025,0,0,0
529.701,660.633,114557,0,0,0.00884956,0.117257,0.00442478,0.995575,17.4314,0.0420354,0.0486726,19.0951,0.108407,0,0.0862832,0,0,0,4.90265,7.25442,0.00829646,0.00699115,0,0,1,0,0.099115,69.7212,212.752,0.900111,0.00705752,0.113783,0.0335398,0.00710177,0.0115044,0.00283186,0.00309735
0.221424,265.83,2170.5,0,0,3.7143e-05,0.0407013,8.17145e-05,0.999146,0.00123315,0.000445716,1.48572e-05,0.000460573,0.000289715,0.000104,0.0104075,0,2.97144e-05,0.00230286,9.71571,12.6895,0.000733202,0.000860305,0.000349367,0.00066887,0.999536,0.000791814,0.0942797,134.928,243.751,0.989643,0.00182684,0.0478128,0.0201646,0.000785128,0.00058047,0.0018911,0.000684396
295.688,58558.1,3974.61,0,0,0,0.888384,0,0.714345,0.438198,0.000413394,0.000413394,0.00289376,0.00124018,0.000413394,0,0,0,0,10.2534,11.2522,0.00965688,0.00952873,0.212162,0.213245,0.997549,0.00312112,0.0550558,217.608,195.286,0.817718,0.0190409,0.126354,0.0183423,0.00333196,0.00391484,0.0882761,0.0866391
1872.7,160.582,169.635,0,0,0,0,0,0.0163934,0,0,0,0,0,0,0,0,0,0,1.04918,1.15164,0,0,0.0245902,0.0245902,0.997951,0.00409836,0.00717213,85.5164,19,0.280123,0.190861,0.763934,0,0,0,0.00872951,0.0190984
83.711,326.115,57439.2,0,0,0,0.019657,0.000418235,0.998327,0.792974,0.0104559,0.00501882,0.826851,0.0648264,0,0.0146382,0,0,0,4.7064,7.12129,0.00560435,0.00492681,0.000589711,0.00100795,0.999164,0.00125471,0.12412,114.882,240.789,0.976533,0.00336261,0.0830908,0.0250565,0.00385194,0.00174822,0.00168967,0.00124634
244.75,194.5,3.06622e+07,0,0,0,58.25,0,0.75,0,0,0,0,0,0,0,0,0,0,1,1.5,0.25,0.25,0,0,1,0,0.25,119.25,191.5,0.75,0.0075,0.0125,0.025,0.1175,0.25,0.005,0
303.973,307371,1333.88,0,0,0,0.116861,0,0,0,0,0,0,0,0,0,0,0,0,2.06511,2.1419,0.000517529,0.000517529,0,0.00237062,0.997229,0.00557596,0.00859766,30.0017,17.8164,0.853506,0.0374791,0.852487,0.08798,0.000851419,0.00123539,0.00215359,0.00033389
31.2917,280.136,19196.5,0,0,0.00022119,0.0207919,0.00029492,0.998378,0.036865,0.00162206,0.00022119,0.0137875,0.036054,7.373e-05,0.00169579,0,0,0,6.83389,9.56662,0.00375802,0.00367618,0.000258055,0.00112586,0.999683,0.000545602,0.109978,114.257,244.868,0.989557,0.00193984,0.086601,0.0236813,0.0029492,0.00182113,0.00117673,0.000872963
3.24361,257.226,11258,0,0,0.000126454,0.00240263,3.16136e-05,0.999368,0.00837759,0.000695498,3.16136e-05,0.00625948,0.00227618,0,0.00107486,0,0,0,7.35676,10.4782,0.00272572,0.00228977,0.000116022,0.000514985,0.999847,0.00027409,0.121823,122.558,245.071,0.99529,0.000838075,0.0708422,0.0221194,0.00152725,0.000599393,0.000596864,0.000312974
