1113.25,1249.72,522638,0,0,0,0.150943,0,0.981132,0.0754717,0.0754717,0,0,0,0,0,0,0,0,1.26415,2.16981,0.0188679,0.0188679,0,0,0.990566,0.0188679,0.0120755,136.849,96.5849,0.422075,0.0301887,0.0328302,0.0326415,0.000566038,0.0462264,0.0166038,0.0143396
303.973,307371,1333.88,0,0,0,0.116861,0,0,0,0,0,0,0,0,0,0,0,0,2.06511,2.1419,0.000517529,0.000517529,0,0.00237062,0.997229,0.00557596,0.00859766,30.0017,17.8164,0.853506,0.0374791,0.852487,0.08798,0.000851419,0.00123539,0.00215359,0.00033389
295.452,58534.5,3971.6,0,0,0,0.88765,0,0.714581,0.437836,0.000413052,0.000413052,0.00289137,0.00123916,0.000413052,0.000413052,0,0,0,10.2458,11.2437,0.00964891,0.00952086,0.211987,0.213069,0.997551,0.00311855,0.0550103,217.584,195.252,0.817646,0.0190417,0.126254,0.0183354,0.0033292,0.00391161,0.0882032,0.0865675
0,518.632,0,0,0,0,0,0,0,0,0,0,0,0,0,0,0,0,0,510.458,510.459,0,0,0,0,1,0,0,254.927,254.886,0.999787,1.08344e-05,0.999787,2.68488e-05,0,0,0.000194362,0
375,4.72356e+07,149136,0,0,0,0,0,0,0,0,0,0,0,0,0,0,0,0,1,1,0,0,0,0,1,0,0,203.5,1.5,0.01,0.035,0.005,0,0,0,0,0
1.44224,261.174,10018,0,0,0.000138341,0.00200595,0,0.999274,0.00615619,0.000760877,3.45853e-05,0.00380439,0.00124507,0,0.000311268,0,0,0,7.62772,10.8108,0.00213599,0.00199419,0.000130387,0.000522238,0.999833,0.000299855,0.123088,117.647,245.552,0.99558,0.000711766,0.0750678,0.023076,0.00124853,0.000495954,0.000465173,0.000194715
61.625,599.25,3.33149e+06,0,0,0,0.125,0,1,0,0.125,0,0,0,0,0,0,0,0,1,1,0,0,0,0,1,0,0,138,73.875,0.3125,0.0375,0.1325,0.0025,0.0025,0,0,0
1.22461,204.402,396.072,0,0,6.17025e-06,0.0182547,0.00151171,0.552487,0.000175852,7.71281e-05,1.23405e-05,0.000163512,0.000401066,1.23405e-05,0.000802132,0,3.39364e-05,0.00470173,6.49301,8.33228,0.000412574,0.000579109,0.000859701,0.000764401,0.997394,0.00445733,0.0675635,193.354,245.82,0.98141,0.00699722,0.0282089,0.0105035,0.000544031,0.000365217,0.00200336,0.00111907
33.7222,249.459,40047.9,0,0,0.00157522,0.0152271,0.000262536,0.99895,0.0742977,0.00236282,0,0.100289,0.0249409,0.000262536,0.00341297,0,0,0,4.31504,6.76477,0.00536361,0.00407456,0.000241533,0.00178262,0.999357,0.0005487,0.132893,135.886,244.066,0.985962,0.00210554,0.0784957,0.020911,0.00263586,0.00110003,0.00108952,0.000598582
10877.4,188.786,832.317,0,0,0,0.00152905,0,0.103976,0.174312,0.0030581,0.00152905,0.108563,0.2263,0,0.00152905,0,0,0,1.0367,1.25688,0.058104,0.0501835,0.0485168,0.0564373,0.992018,0.0143272,0.0351529,221.656,129.359,0.542722,0.127813,0.0366972,0.0120795,0.283379,0.321422,0.13633,0.0734098
21.3751,265.54,15925.7,0,0,0,0.00566324,0.000175152,0.999066,0.0256889,0.0014596,0.000116768,0.0150631,0.0232952,5.83839e-05,0.00227697,0,0,0,7.2253,10.073,0.00321987,0.00277032,0.000204344,0.000760743,0.999825,0.000350304,0.110973,123.002,244.261,0.992428,0.00160789,0.0742182,0.0222589,0.00245796,0.00131072,0.00111338,0.000671999
34.1321,268.318,26416.4,0,0,0.00117716,0.0287228,0.000235433,0.99847,0.0580341,0.0014126,0.000117716,0.0370806,0.0255444,0.000588582,0.00235433,0,0,0,5.50971,8.07369,0.00490288,0.00458152,0.000412007,0.00124779,0.999553,0.000753384,0.120724,112.522,245.408,0.986879,0.00229547,0.0874868,0.0236833,0.00278164,0.00151972,0.00124544,0.00115127
517.71,715.513,119234,0,0,0.0102564,0.135897,0,0.994872,19.1846,0.0435897,0.0512821,20.9974,0.125641,0,0.0923077,0,0,0,4.36154,6.72308,0.00841026,0.00689744,0,0,1,0,0.0977179,66.2154,211.626,0.900026,0.00694872,0.121462,0.0345385,0.00779487,0.0132308,0.00320513,0.00358974
2831.33,5994.83,897288,0,0,0.0333333,0.6,0.0333333,0.9,24.3333,0.1,0,25.2333,0.1,0,0,0,0,0,1.13333,1.5,0.0666667,0.0666667,0,0,1,0,0.074,134.467,96.5,0.489667,0.053,0.099,0.054,0.049,0.0996667,0.032,0.00833333
31.6667,195.333,1.3859e+07,0,0,0,2.66667,0,1,0,0.666667,0,0,0,0,0,0,0,0,1,11.3333,0,0,0,0,1,0,0.153333,31,255,1,0,0.04,0.04,0,0,0,0
12.6159,266.96,5553.82,0,0,0.000103842,0.0340602,2.07684e-05,0.997196,0.00641745,0.000332295,0,0.00238837,0.00232606,4.15369e-05,0.00066459,0,0,0.000913811,8.7973,11.7613,0.00107477,0.00126127,0.00224112,0.00296677,0.999647,0.000664798,0.102381,118.337,245.286,0.99447,0.000880789,0.0672972,0.0230197,0.00107373,0.000483281,0.0010351,0.0021757
1394.71,17328,1.63718e+06,0,0,0,0.174603,0,0.952381,4.69841,0.031746,0.015873,0.380952,0.0952381,0,0.047619,0,0,0,1.01587,1.01587,0,0,0,0,0.992063,0.015873,0.015873,124.762,37,0.253175,0.0692063,0.0365079,0.0707937,0.000634921,0.0568254,0.0277778,0.015873
399.015,3.35086e+06,78505.6,0,0,0,0,0,0,0,0,0,0,0,0,0,0,0,0,1.81538,1.81538,0.0307692,0.0307692,0,0,0.989846,0.0206154,0.0307692,138.938,61.1385,0.297692,0.0704615,0.286,0.0270769,0.00261538,0.0290769,0.0116923,0.000307692
0.632599,12.2374,6.34647,1.19572e-05,0.00162884,0,1.99287e-05,0.00034543,0.0114895,0,0,0,2.65715e-06,0,0,0,0,3.98573e-06,0.000135515,151.409,10.6542,0.237461,0.237157,0.577235,0.577074,0.241385,0.0943377,0.026921,247.188,46.9304,0.197108,0.0892267,0.0288426,0.00533991,0.236743,0.236698,0.574355,0.577238
0.0712476,1096.69,8.49803,0,0.000175902,0,4.44198e-06,0,0.0237299,0,3.55358e-06,1.77679e-06,7.72905e-05,0.000325153,0,0.000180344,0,0,0,386.999,387.017,1.11671e-05,1.46674e-05,0.000138536,5.72127e-05,0.999586,0.000756745,0.0103574,251.78,251.248,0.989019,0.00192733,0.972535,0.000402372,0.000204669,3.13693e-05,0.00079451,0.000112018
98.602,4535.02,272868,0,0,0.0298507,0.0895522,0.0149254,0.9801,4.22388,0.039801,0.00995025,4.45771,0.0248756,0,0.0348259,0,0,0,2.06965,3.72139,0.0199005,0.0199005,0,0,0.988159,0.0161692,0.0653731,140.01,149.925,0.63408,0.0334328,0.040995,0.0384577,0.00199005,0.0424876,0.0128358,0.00587065
0,53.1609,53.0899,0,0,0,0,0,0,0,0,0,0,0,0,0,0,0,0,489.728,489.837,0,0,0,0,0.999997,5.57348e-05,4.84013e-05,254.741,254.46,0.999,0.000613083,0.86721,0,0,0,0,0
119.362,359.093,63660.3,0,0,0,0.0294118,0.00187735,0.997497,1.3592,0.0168961,0.00876095,1.4562,0.0544431,0,0.0219024,0,0,0,4.87422,7.15582,0.00448686,0.00457447,0.000882353,0.00135169,0.998748,0.00187735,0.120282,116.966,239.024,0.969437,0.00462453,0.0749061,0.0253066,0.00266583,0.00231539,0.00229036,0.00160826
244.75,194.5,3.06622e+07,0,0,0,58.25,0,0.75,0,0,0,0,0,0,0,0,0,0,1,1.5,0.25,0.25,0,0,1,0,0.25,119.25,191.5,0.75,0.0075,0.0125,0.025,0.1175,0.25,0.005,0
0.287809,265.724,2307.13,0,0,2.63047e-05,0.0445076,9.64506e-05,0.999667,0.00145553,0.000508558,1.75365e-05,0.000543631,0.000341961,0.000122755,0.012258,0,3.5073e-05,0.00221836,9.41109,12.3926,0.000750912,0.000840085,5.69935e-05,0.000476378,0.999735,0.000491284,0.0945201,135.996,243.65,0.988684,0.00208062,0.0482905,0.01996,0.000809922,0.000605008,0.00173269,0.000379139
