0,518.632,0,0,0,0,0,0,0,0,0,0,0,0,0,0,0,0,0,510.483,510.483,0,0,0,0,1,0,0,254.927,254.886,0.999787,1.08351e-05,0.999787,2.68506e-05,0,0,0.000194375,0
32.5228,282.357,21861.8,0,0,0.000578202,0.0243808,0.000192734,0.998073,0.0551219,0.00134914,9.6367e-05,0.0255372,0.0236099,9.6367e-05,0.00240917,0,0,0,6.28187,8.93553,0.00457165,0.00440301,0.000337284,0.00145418,0.999634,0.000616749,0.112468,110.21,244.406,0.987565,0.00222319,0.0907603,0.0242874,0.00275802,0.00182808,0.0010398,0.00105618
0.433942,64.1008,107.634,8.5109e-06,0.00115937,0,0.00559166,0.000709241,0.160129,5.39023e-05,2.08044e-05,0,3.49892e-05,5.2011e-05,3.78262e-06,0.000181566,0,1.32392e-05,0.00153574,109.605,9.94036,0.169136,0.168969,0.411113,0.410963,0.459354,0.0682889,0.0368116,232.791,104.914,0.42488,0.0652785,0.028217,0.00669004,0.168644,0.168578,0.409335,0.411168
0,53.1548,53.0761,0,0,0,0,0,0,0,0,0,0,0,0,0,0,0,0,490.737,490.77,0,0,0,0,1,5.30191e-05,4.27099e-05,254.773,254.494,0.999013,0.000611193,0.8677,0,0,0,0,0
303.973,307371,1333.88,0,0,0,0.116861,0,0,0,0,0,0,0,0,0,0,0,0,2.06511,2.1419,0.000517529,0.000517529,0,0.00237062,0.997229,0.00557596,0.00859766,30.0017,17.8164,0.853506,0.0374791,0.852487,0.08798,0.000851419,0.00123539,0.00215359,0.00033389
0,1031.86,0,0,0,0,0,0,0,0,0,0,0,0,0,0,0,0,0,510.3,510.303,0,0,0,0,1,0,0,254.923,254.834,0.99962,4.82286e-05,0.999622,0,0,0,3.39546e-06,0
31.6667,195.333,1.3859e+07,0,0,0,2.66667,0,1,0,0.666667,0,0,0,0,0,0,0,0,1,11.3333,0,0,0,0,1,0,0.153333,31,255,1,0,0.04,0.04,0,0,0,0
1941.06,188.741,256.028,0,0,0,0,0,0.0161943,0,0,0,0,0,0,0,0,0,0,1.04858,1.05668,0,0,0.0445344,0.0445344,0.997976,0.00404858,0.00676113,83.3644,18.0243,0.279879,0.190526,0.755344,0,0,0,0.0136842,0.0323482
375,4.72356e+07,149136,0,0,0,0,0,0,0,0,0,0,0,0,0,0,0,0,1,1,0,0,0,0,1,0,0,203.5,1.5,0.01,0.035,0.005,0,0,0,0,0
1113.25,1249.72,522638,0,0,0,0.150943,0,0.981132,0.0754717,0.0754717,0,0,0,0,0,0,0,0,1.26415,2.16981,0.0188679,0.0188679,0,0,0.990566,0.0188679,0.0120755,136.849,96.5849,0.422075,0.0301887,0.0328302,0.0326415,0.000566038,0.0462264,0.0166038,0.0143396
295.688,58558.1,3974.61,0,0,0,0.888384,0,0.714345,0.438198,0.000413394,0.000413394,0.00289376,0.00124018,0.000413394,0,0,0,0,10.2534,11.2522,0.00965688,0.00952873,0.212162,0.213245,0.997549,0.00312112,0.0550558,217.608,195.286,0.817718,0.0190409,0.126354,0.0183423,0.00333196,0.00391484,0.0882761,0.0866391
2831.33,5994.83,897288,0,0,0.0333333,0.6,0.0333333,0.9,24.3333,0.1,0,25.2333,0.1,0,0,0,0,0,1.13333,1.5,0.0666667,0.0666667,0,0,1,0,0.074,134.467,96.5,0.489667,0.053,0.099,0.054,0.049,0.0996667,0.032,0.00833333
536.8,665.332,114936,0,0,0.00896861,0.118834,0.0044843,0.995516,17.6659,0.0426009,0.0493274,19.352,0.109865,0,0.0874439,0,0,0,4.92377,7.23991,0.00840807,0.0070852,0,0,1,0,0.0990135,70.0381,212.747,0.900717,0.00706278,0.114507,0.0335874,0.00717489,0.0116592,0.00286996,0.00313901
399.015,3.35086e+06,78505.6,0,0,0,0,0,0,0,0,0,0,0,0,0,0,0,0,1.81538,1.81538,0.0307692,0.0307692,0,0,0.989846,0.0206154,0.0307692,138.938,61.1385,0.297692,0.0704615,0.286,0.0270769,0.00261538,0.0290769,0.0116923,0.000307692
0.301882,265.649,2316.19,0,0,5.84646e-05,0.046757,8.03888e-05,0.999496,0.00130084,0.000460409,1.46161e-05,0.000475025,0.000285015,0.000102313,0.0102386,0,2.92323e-05,0.00218511,9.60783,12.5858,0.000743085,0.000838674,0.000138269,0.000534439,0.999682,0.00055841,0.0946685,134.277,243.875,0.989971,0.00180173,0.0488766,0.0202352,0.000799284,0.000570103,0.00160134,0.000440896
1394.71,17328,1.63718e+06,0,0,0,0.174603,0,0.952381,4.69841,0.031746,0.015873,0.380952,0.0952381,0,0.047619,0,0,0,1.01587,1.01587,0,0,0,0,0.992063,0.015873,0.015873,124.762,37,0.253175,0.0692063,0.0365079,0.0707937,0.000634921,0.0568254,0.0277778,0.015873
10.5571,265.011,6598.55,0,0,3.76471e-05,0.00679529,1.88235e-05,0.997534,0.00623059,0.000395294,0,0.00214588,0.00210824,3.76471e-05,0.000658824,0,0,0,8.69248,11.7028,0.00123689,0.00136678,0.00190136,0.00257016,0.99973,0.000514635,0.106534,120.112,245.984,0.995192,0.000792471,0.0686547,0.0228343,0.00101496,0.000479812,0.000959247,0.00185129
97.6305,4493.45,272089,0,0,0.0295567,0.08867,0.0147783,0.980296,4.18227,0.0394089,0.00985222,4.41379,0.0246305,0,0.0344828,0,0,0,2.09852,3.74384,0.0197044,0.0197044,0,0,0.988276,0.0160099,0.0656158,138.729,150.961,0.637685,0.0331034,0.0433498,0.0382759,0.00197044,0.042069,0.0127094,0.00581281
244.75,194.5,3.06622e+07,0,0,0,58.25,0,0.75,0,0,0,0,0,0,0,0,0,0,1,1.5,0.25,0.25,0,0,1,0,0.25,119.25,191.5,0.75,0.0075,0.0125,0.025,0.1175,0.25,0.005,0
93.5061,334.695,58950,0,0,0,0.0219832,0.000467727,0.998129,0.886342,0.0116932,0.00561272,0.924696,0.0724977,0,0.0163704,0,0,0,4.55847,6.9855,0.00623012,0.00542095,0.000659495,0.00101029,0.999065,0.00140318,0.125931,116.789,240.806,0.974659,0.00374181,0.0795744,0.0248269,0.00407858,0.00191768,0.00188962,0.00139383
30.9098,243.065,34556.3,0,0,0.00163639,0.0126002,0.000163639,0.999018,0.0423826,0.00245459,0,0.0670921,0.0150548,0.000981836,0.00212731,0,0,0,4.4019,6.81934,0.00417444,0.00342006,0.000150548,0.00123711,0.999354,0.000832924,0.131666,130.775,245.553,0.988094,0.00199804,0.078128,0.021404,0.00208477,0.00101784,0.00117166,0.000620193
61.625,599.25,3.33149e+06,0,0,0,0.125,0,1,0,0.125,0,0,0,0,0,0,0,0,1,1,0,0,0,0,1,0,0,138,73.875,0.3125,0.0375,0.1325,0.0025,0.0025,0,0,0
8.87065,259.537,12773.9,0,0,0.000144849,0.00369364,0.000108637,0.999312,0.0148108,0.00112258,0.000108637,0.0107188,0.0123846,0,0.00133985,0,0,0,7.3254,10.4211,0.00281586,0.00243418,0.000187217,0.000549701,0.999807,0.000350172,0.119651,121.675,244.075,0.994288,0.00117726,0.0728727,0.0221235,0.00194822,0.000791599,0.000891544,0.000476915
0.232925,1228.56,30.2692,0,0.000542533,0,1.64404e-05,0,0.0849639,0,1.37003e-05,1.64404e-05,0.000287707,0.00120837,0,0.000737077,0,0,0,122.949,123.007,4.12928e-05,5.53767e-05,0.000432766,0.000193969,0.998404,0.00294587,0.0373219,243.391,241.904,0.961487,0.00679944,0.903036,0.00144256,0.000703018,0.000116617,0.00265351,0.000416435
10907.9,189.049,836.792,0,0,0,0.00153846,0,0.104615,0.175385,0.00307692,0.00153846,0.109231,0.227692,0,0.00153846,0,0,0,1.03692,1.25846,0.0584615,0.0504923,0.0488154,0.0567846,0.991969,0.0144154,0.0353692,222.231,130.125,0.544277,0.128046,0.0332462,0.0121538,0.285123,0.3234,0.137138,0.0738615
