1.25874,262.423,9435.79,0,0,0.000133147,0.00699021,0,0.999301,0.00725651,0.000699021,0,0.00352839,0.00386126,0,0.000399441,0,0,0,7.91865,11.0875,0.00201385,0.00190766,0.000158778,0.000512616,0.999839,0.000288596,0.121116,119.572,247.206,0.995725,0.000692364,0.0739704,0.0228826,0.001193,0.000511284,0.000467013,0.000280607
1113.25,1249.72,522638,0,0,0,0.150943,0,0.981132,0.0754717,0.0754717,0,0,0,0,0,0,0,0,1.26415,2.16981,0.0188679,0.0188679,0,0,0.990566,0.0188679,0.0120755,136.849,96.5849,0.422075,0.0301887,0.0328302,0.0326415,0.000566038,0.0462264,0.0166038,0.0143396
244.75,194.5,3.06622e+07,0,0,0,58.25,0,0.75,0,0,0,0,0,0,0,0,0,0,1,1.5,0.25,0.25,0,0,1,0,0.25,119.25,191.5,0.75,0.0075,0.0125,0.025,0.1175,0.25,0.005,0
0.282494,266.037,2210.73,0,0,8.66386e-06,0.0438218,9.53025e-05,0.999671,0.00128225,0.000502504,1.73277e-05,0.000467848,0.000285907,0.000103966,0.0121121,0,3.46554e-05,0.00219196,9.62727,12.6061,0.000734869,0.000826359,6.49789e-05,0.0004928,0.999743,0.000476772,0.0934243,136.532,243.744,0.988957,0.00202734,0.0473044,0.0198937,0.000794822,0.00060647,0.00168772,0.000374625
0.643707,10.5784,4.57189,1.21694e-05,0.00165774,0,1.89302e-05,0.000300179,0.0116204,0,0,0,2.70431e-06,0,0,0,0,4.05647e-06,0.00013792,154.064,10.8004,0.241675,0.241365,0.587478,0.587315,0.227969,0.0959277,0.0273331,247.143,43.3263,0.183007,0.090662,0.0291826,0.00542688,0.240944,0.240899,0.58453,0.587481
492.641,695.829,117804,0,0,0.0097561,0.129268,0,0.995122,18.2488,0.0414634,0.0487805,19.9732,0.119512,0,0.0878049,0,0,0,4.6,6.97073,0.009,0.00756098,0,0,1,0,0.0992683,69.0951,210.983,0.89822,0.00714634,0.116878,0.0343659,0.0075122,0.0125854,0.00312195,0.00341463
1.19469,199.657,369.805,0,0,6.0221e-06,0.0178134,0.00158983,0.523266,0.00017163,6.92542e-05,1.20442e-05,0.000159586,0.000391437,1.20442e-05,0.000770829,0,3.31216e-05,0.00458884,6.20413,7.97723,0.000397971,0.000559363,0.000841589,0.000739153,0.997345,0.00454774,0.0647999,196.637,245.906,0.981201,0.00716025,0.0273646,0.0099355,0.000526994,0.00034865,0.00199313,0.00109515
1394.71,17328,1.63718e+06,0,0,0,0.174603,0,0.952381,4.69841,0.031746,0.015873,0.380952,0.0952381,0,0.047619,0,0,0,1.01587,1.01587,0,0,0,0,0.992063,0.015873,0.015873,124.762,37,0.253175,0.0692063,0.0365079,0.0707937,0.000634921,0.0568254,0.0277778,0.015873
35.504,275.146,25465.7,0,0,0.00116266,0.0269736,0.000232531,0.998256,0.0526683,0.00116266,0.000116266,0.0301128,0.0248808,0,0.00209278,0,0,0,5.59574,8.19242,0.00472038,0.00453784,0.000406929,0.0012359,0.999616,0.000627834,0.11826,111.822,245.729,0.987153,0.00229159,0.0886257,0.0236345,0.00253691,0.00155563,0.00123009,0.00101384
399.015,3.35086e+06,78505.6,0,0,0,0,0,0,0,0,0,0,0,0,0,0,0,0,1.81538,1.81538,0.0307692,0.0307692,0,0,0.989846,0.0206154,0.0307692,138.938,61.1385,0.297692,0.0704615,0.286,0.0270769,0.00261538,0.0290769,0.0116923,0.000307692
375,4.72356e+07,149136,0,0,0,0,0,0,0,0,0,0,0,0,0,0,0,0,1,1,0,0,0,0,1,0,0,203.5,1.5,0.01,0.035,0.005,0,0,0,0,0
0.071371,1096.74,8.52225,0,0.00017592,0,4.44242e-06,0,0.0237998,0,3.55393e-06,1.77697e-06,7.72981e-05,0.000325185,0,0.000181251,0,0,0,387.037,387.055,1.11682e-05,1.46689e-05,0.00013855,5.72184e-05,0.999588,0.000753105,0.0103839,251.79,251.274,0.989122,0.00192614,0.972593,0.000398165,0.00020452,3.12746e-05,0.000794695,0.000112429
295.452,58534.5,3971.6,0,0,0,0.88765,0,0.714581,0.437836,0.000413052,0.000413052,0.00289137,0.00123916,0.000413052,0.000413052,0,0,0,10.2458,11.2437,0.00964891,0.00952086,0.211987,0.213069,0.997551,0.00311855,0.0550103,217.584,195.252,0.817646,0.0190417,0.126254,0.0183354,0.0033292,0.00391161,0.0882032,0.0865675
12.4442,266.509,5254.02,0,0,0.000145579,0.031341,2.07969e-05,0.997234,0.00551119,0.000353548,0,0.00230846,0.000353548,8.31878e-05,0.000644705,0,0,0.000915065,8.68058,11.6285,0.00104068,0.00123347,0.0022234,0.00292259,0.999625,0.000707304,0.102626,115.211,244.97,0.994241,0.000930247,0.0685382,0.023569,0.00107,0.00048644,0.00106938,0.00210548
98.602,4535.02,272868,0,0,0.0298507,0.0895522,0.0149254,0.9801,4.22388,0.039801,0.00995025,4.45771,0.0248756,0,0.0348259,0,0,0,2.06965,3.72139,0.0199005,0.0199005,0,0,0.988159,0.0161692,0.0653731,140.01,149.925,0.63408,0.0334328,0.040995,0.0384577,0.00199005,0.0424876,0.0128358,0.00587065
35.3062,249.171,38194.3,0,0,0.00143644,0.0167584,0.000239406,0.999042,0.0813981,0.00263347,0,0.103902,0.0292076,0.00143644,0.00359109,0,0,0,4.41657,6.83864,0.00469955,0.00355518,0.000220254,0.00166627,0.999294,0.000739765,0.133823,136.489,243.749,0.985947,0.00204453,0.0769188,0.0209169,0.00253531,0.00128322,0.00109887,0.000790041
0,53.1611,53.0888,0,0,0,0,0,0,0,0,0,0,0,0,0,0,0,0,489.623,489.731,0,0,0,0,0.999997,5.57103e-05,4.838e-05,254.742,254.46,0.999,0.000612813,0.867235,0,0,0,0,0
10877.4,188.786,832.317,0,0,0,0.00152905,0,0.103976,0.174312,0.0030581,0.00152905,0.108563,0.2263,0,0.00152905,0,0,0,1.0367,1.25688,0.058104,0.0501835,0.0485168,0.0564373,0.992018,0.0143272,0.0351529,221.656,129.359,0.542722,0.127813,0.0366972,0.0120795,0.283379,0.321422,0.13633,0.0734098
103.522,341.721,61428.2,0,0,0,0.025378,0.00161987,0.99784,1.17819,0.0145788,0.0075594,1.26026,0.0480562,0,0.0194384,0,0,0,4.61933,6.9379,0.00608531,0.00562635,0.000761339,0.00116631,0.99892,0.00161987,0.120605,115.69,239.846,0.972743,0.00429806,0.0789471,0.02554,0.00389849,0.00208963,0.00215443,0.00140929
303.973,307371,1333.88,0,0,0,0.116861,0,0,0,0,0,0,0,0,0,0,0,0,2.06511,2.1419,0.000517529,0.000517529,0,0.00237062,0.997229,0.00557596,0.00859766,30.0017,17.8164,0.853506,0.0374791,0.852487,0.08798,0.000851419,0.00123539,0.00215359,0.00033389
0,518.632,0,0,0,0,0,0,0,0,0,0,0,0,0,0,0,0,0,510.469,510.47,0,0,0,0,1,0,0,254.927,254.886,0.999787,1.08347e-05,0.999787,2.68496e-05,0,0,0.000194368,0
2831.33,5994.83,897288,0,0,0.0333333,0.6,0.0333333,0.9,24.3333,0.1,0,25.2333,0.1,0,0,0,0,0,1.13333,1.5,0.0666667,0.0666667,0,0,1,0,0.074,134.467,96.5,0.489667,0.053,0.099,0.054,0.049,0.0996667,0.032,0.00833333
31.6667,195.333,1.3859e+07,0,0,0,2.66667,0,1,0,0.666667,0,0,0,0,0,0,0,0,1,11.3333,0,0,0,0,1,0,0.153333,31,255,1,0,0.04,0.04,0,0,0,0
61.625,599.25,3.33149e+06,0,0,0,0.125,0,1,0,0.125,0,0,0,0,0,0,0,0,1,1,0,0,0,0,1,0,0,138,73.875,0.3125,0.0375,0.1325,0.0025,0.0025,0,0,0
17.8936,261.396,15253.5,0,0,0,0.00509859,0.000156079,0.999168,0.0226315,0.00140471,0.000156079,0.0140992,0.0204984,5.20264e-05,0.00202903,0,0,0,7.3247,10.2085,0.00302013,0.00258519,0.000182093,0.000811092,0.999844,0.000312159,0.111004,125.02,242.197,0.993006,0.00146142,0.0719146,0.021566,0.00225222,0.0011321,0.001027,0.000646168
