99.697,3151.21,271113,0,0,0.030303,0.0909091,0.0151515,0.984848,4.28788,0.040404,0.010101,4.52525,0.0252525,0,0.0353535,0,0,0,2.08586,3.76263,0.0151515,0.0151515,0,0,0.98798,0.0164141,0.0663636,140.833,152.091,0.642172,0.0327273,0.0412121,0.0363636,0.00191919,0.0380808,0.0125758,0.0059596
10882.3,238.281,843.315,0,0,0,0.00152672,0,0.103817,0.174046,0.00305344,0.00152672,0.108397,0.225954,0,0.00152672,0,0,0,1.03664,1.25649,0.0580153,0.0501069,0.0484427,0.0563511,0.992031,0.0143053,0.0350992,221.614,129.165,0.541908,0.127664,0.0366565,0.0120611,0.282947,0.320931,0.136122,0.0732977
0.23523,1.64758,1.70298,1.43468e-05,0.00190015,0,7.97044e-06,6.69517e-05,0.00679241,0,0,0,3.18818e-06,0,0,0,0,3.18818e-06,6.69517e-05,166.46,11.2725,0.283274,0.282935,0.666575,0.666393,0.120096,0.0821243,0.0193497,247.273,14.4454,0.0706343,0.0764558,0.0283492,0.0050282,0.28251,0.282381,0.662915,0.666593
597.928,2447.25,120242,0,0,0.0106101,0.140584,0,0.992042,19.8462,0.0450928,0.0530504,21.7215,0.129973,0,0.0954907,0,0,0,4.35544,6.70557,0.00870027,0.00713528,0,0,1,0,0.0951459,67.3952,210.072,0.898302,0.00766578,0.123342,0.034695,0.00806366,0.011618,0.00331565,0.00371353
0.253872,265.494,1719.02,0,0,1.75818e-05,0.0253705,8.7909e-05,0.999033,0.000861508,0.000474709,1.75818e-05,0.000210982,0.000263727,0.000114282,0.0123073,0,3.51636e-05,0.0026109,9.92272,12.8342,0.000718392,0.00086353,0.000431018,0.000695624,0.999411,0.00100032,0.0925678,138.702,243.665,0.98848,0.00204784,0.0444499,0.0194876,0.00079039,0.000551717,0.00216784,0.000820455
399.015,3.35086e+06,78505.6,0,0,0,0,0,0,0,0,0,0,0,0,0,0,0,0,1.81538,1.81538,0.0307692,0.0307692,0,0,0.989846,0.0206154,0.0307692,138.938,61.1385,0.297692,0.0704615,0.286,0.0270769,0.00261538,0.0290769,0.0116923,0.000307692
0,518.632,0,0,0,0,0,0,0,0,0,0,0,0,0,0,0,0,0,510.508,510.509,0,0,0,0,1,0,0,254.927,254.886,0.999787,1.08359e-05,0.999787,2.68525e-05,0,0,0.000194389,0
61.625,599.25,3.33149e+06,0,0,0,0.125,0,1,0,0.125,0,0,0,0,0,0,0,0,1,1,0,0,0,0,1,0,0,138,73.875,0.3125,0.0375,0.1325,0.0025,0.0025,0,0,0
375,4.72356e+07,149136,0,0,0,0,0,0,0,0,0,0,0,0,0,0,0,0,1,1,0,0,0,0,1,0,0,203.5,1.5,0.01,0.035,0.005,0,0,0,0,0
1.79019,169.102,238.188,0,8.46911e-05,0,0.0115379,0.00176108,0.380926,0.000137,4.73274e-05,9.96366e-06,0.000129528,0.000371146,0,0.000647638,0,2.9891e-05,0.00343746,5.90617,7.94227,0.000290192,0.000423406,0.000853014,0.000687193,0.996457,0.00625578,0.0691347,211.686,245.099,0.975873,0.00854712,0.0270093,0.00909226,0.000440518,0.000289992,0.00214956,0.000952675
14.8034,266.891,6837.15,0,0,2.89377e-05,0.00876812,2.89377e-05,0.99673,0.00732124,0.000491941,0,0.00237289,0.0030674,5.78754e-05,0.000520879,0,0,0,8.74315,11.7473,0.00139856,0.00150273,0.00259745,0.00337153,0.999672,0.00061753,0.104783,119.433,246.163,0.994921,0.000844691,0.0708913,0.0227259,0.00104552,0.00048789,0.00117603,0.00250774
2428,5172.03,866810,0,0,0.0285714,0.514286,0.0285714,0.914286,20.8571,0.0857143,0,21.6286,0.0857143,0,0,0,0,0,1.11429,1.77143,0.0571429,0.0571429,0,0,1,0,0.0677143,127.6,113.657,0.537429,0.0465714,0.088,0.0494286,0.042,0.108571,0.0274286,0.00714286
112.972,359.257,64133.7,0,0,0,0.029728,0.00189753,0.99747,1.20873,0.0164453,0.00759013,1.29855,0.0531309,0,0.0215054,0,0,0,4.81531,7.1012,0.0045351,0.00462366,0.000891841,0.00136622,0.998735,0.00189753,0.121948,116.613,239.274,0.969741,0.00464263,0.0745984,0.0253827,0.00211891,0.00280835,0.00230234,0.00144213
35.6508,318.858,27332.1,0,0,0.00127307,0.0304265,0.000254615,0.9986,0.055888,0.00127307,0.000127307,0.0395926,0.0222788,0.000636537,0.00229153,0,0,0,5.49484,8.04838,0.00369319,0.00349968,0.000318269,0.00117505,0.999682,0.000636537,0.122118,114.932,245.524,0.986987,0.00228644,0.0855366,0.0234182,0.0025105,0.001324,0.00124761,0.000977721
0,53.1529,53.1081,0,0,0,0,0,0,0,0,0,0,0,0,0,0,0,0,488.073,488.177,0,0,0,0,0.999984,7.28332e-05,4.80699e-05,254.7,254.402,0.998918,0.000633649,0.865678,0,0,0,0,0
0.0356193,0.098496,0.126405,0,0,0,0.000162893,5.42977e-05,0.000488679,0,0,0,0,0,0,0,0,0,0,484.536,1.0524,0.0556969,0.0544334,0.880498,0.882011,0.000112939,0.998285,0.00152033,255,1.05082,0.000215562,0.983864,0.0609361,0,0.0519221,0.0545149,0.877984,0.88193
31.6667,195.333,1.3859e+07,0,0,0,2.66667,0,1,0,0.666667,0,0,0,0,0,0,0,0,1,11.3333,0,0,0,0,1,0,0.153333,31,255,1,0,0.04,0.04,0,0,0,0
1285.55,48823.6,491843,0,0,0,0.150943,0,0.924528,0.0754717,0.0754717,0,0,0,0,0,0,0,0,1.26415,1.9434,0.0377358,0.0377358,0,0,0.990566,0.0188679,0.00924528,135.642,76.6415,0.352075,0.0392453,0.0332075,0.040566,0.000943396,0.0498113,0.0183019,0.0143396
60.7544,455.915,40777.5,0,0,0.0017094,0.0173789,0.0002849,0.996866,0.15755,0.0031339,0.000854701,0.188889,0.0279202,0.000569801,0.0034188,0,0,0,4.16866,6.59516,0.00548148,0.00408262,0.000262108,0.00164957,0.999302,0.000595442,0.132393,132.613,243.109,0.983903,0.00254131,0.0814815,0.0211852,0.00299145,0.0011567,0.00118803,0.000732194
25.4784,276.416,16922.6,0,0,0,0.0061665,0.000137033,0.998424,0.0295992,0.00150737,0.000137033,0.0141829,0.0285029,6.85166e-05,0.00109627,0,0,0,6.9889,9.76218,0.00388695,0.00357383,0.000171292,0.000790682,0.999705,0.000507023,0.110639,122.401,244.608,0.991986,0.00157451,0.077247,0.0224721,0.00247071,0.00158273,0.000906475,0.000738609
2.10387,265.414,3770.57,0,0,0.000130112,0.0898699,1.85874e-05,0.999294,0.00262082,0.000297398,0,0.00133829,0.000427509,9.29368e-05,0.000539033,0,0,0.00379182,9.06684,12.1335,0.00084145,0.000959851,0.000371747,0.000922491,0.999728,0.000532714,0.0998273,119.224,243.617,0.991244,0.00136171,0.0615355,0.0230089,0.000905576,0.000607249,0.000974535,0.000476394
244.75,194.5,3.06622e+07,0,0,0,58.25,0,0.75,0,0,0,0,0,0,0,0,0,0,1,1.5,0.25,0.25,0,0,1,0,0.25,119.25,191.5,0.75,0.0075,0.0125,0.025,0.1175,0.25,0.005,0
3.5429,259.35,11047.9,0,0,0.000164042,0.00217356,4.10105e-05,0.999385,0.00922736,0.00082021,4.10105e-05,0.00676673,0.00250164,0,0.00135335,0,0,0,7.36134,10.5462,0.00239706,0.00206693,0.000150509,0.000555282,0.999822,0.000314551,0.124682,120.76,244.758,0.994864,0.000989993,0.0723868,0.0224446,0.00160925,0.000552001,0.000753363,0.000324803
0.719542,1379.85,16.3055,0,0.000175779,0,0.00197263,0,0.0241367,0.000933047,3.55108e-06,1.77554e-06,7.72361e-05,0.000303618,0,0.000168676,0,0,0,386.747,386.766,3.15514e-05,3.52179e-05,0.000593839,0.000516425,0.999597,0.000731781,0.00989018,251.83,251.309,0.989566,0.00186229,0.972324,0.000453313,0.000202527,3.79167e-05,0.000963276,0.000291935
1394.71,17328,1.63718e+06,0,0,0,0.174603,0,0.952381,4.69841,0.031746,0.015873,0.380952,0.0952381,0,0.047619,0,0,0,1.01587,1.01587,0,0,0,0,0.992063,0.015873,0.015873,124.762,37,0.253175,0.0692063,0.0365079,0.0707937,0.000634921,0.0568254,0.0277778,0.015873
