295.688,58558.1,3974.61,0,0,0,0.888384,0,0.714345,0.438198,0.000413394,0.000413394,0.00289376,0.00124018,0.000413394,0,0,0,0,10.2534,11.2522,0.00965688,0.00952873,0.212162,0.213245,0.997549,0.00312112,0.0550558,217.608,195.286,0.817718,0.0190409,0.126354,0.0183423,0.00333196,0.00391484,0.0882761,0.0866391
1394.71,17328,1.63718e+06,0,0,0,0.174603,0,0.952381,4.69841,0.031746,0.015873,0.380952,0.0952381,0,0.047619,0,0,0,1.01587,1.01587,0,0,0,0,0.992063,0.015873,0.015873,124.762,37,0.253175,0.0692063,0.0365079,0.0707937,0.000634921,0.0568254,0.0277778,0.015873
61.625,599.25,3.33149e+06,0,0,0,0.125,0,1,0,0.125,0,0,0,0,0,0,0,0,1,1,0,0,0,0,1,0,0,138,73.875,0.3125,0.0375,0.1325,0.0025,0.0025,0,0,0
10.2991,265.567,8249.45,0,0,8.48632e-05,0.00842975,2.82877e-05,0.99768,0.00820345,0.00062233,0,0.00336624,0.00308336,0,0.000509179,0,0,0,8.25516,11.3355,0.00159458,0.00160646,0.00174479,0.00231026,0.999731,0.000490509,0.114854,119.915,246.765,0.995312,0.000818364,0.0718732,0.0229114,0.00113349,0.0004758,0.000886538,0.00163079
40.5916,289.006,22923.1,0,0,0.000766871,0.0270596,0.000219106,0.997918,0.0609115,0.00131464,0.000109553,0.029908,0.0284838,0.000109553,0.00241017,0,0,0,6.03988,8.68252,0.00484553,0.00468011,0.000383436,0.00163891,0.999584,0.000701139,0.11523,108.569,244.646,0.986598,0.00231376,0.0915721,0.0244292,0.00287467,0.001961,0.00125876,0.00118208
11.3304,257.107,13912.4,0,0,4.43951e-05,0.00386238,0.000133185,0.999245,0.0171365,0.00115427,0.000133185,0.0104772,0.0148724,0,0.00168701,0,0,0,7.39743,10.4273,0.00294295,0.00252209,0.000155383,0.000576249,0.999793,0.000384906,0.114463,124.249,242.995,0.993421,0.00129589,0.072222,0.021711,0.00207192,0.000916759,0.000884795,0.000541176
0,817.704,0,0,0,0,0,0,0,0,0,0,0,0,0,0,0,0,0,510.437,510.439,0,0,0,0,1,0,0,254.925,254.857,0.999693,3.24829e-05,0.999694,1.12057e-05,0,0,7.97952e-05,0
536.8,665.332,114936,0,0,0.00896861,0.118834,0.0044843,0.995516,17.6659,0.0426009,0.0493274,19.352,0.109865,0,0.0874439,0,0,0,4.92377,7.23991,0.00840807,0.0070852,0,0,1,0,0.0990135,70.0381,212.747,0.900717,0.00706278,0.114507,0.0335874,0.00717489,0.0116592,0.00286996,0.00313901
2831.33,5994.83,897288,0,0,0.0333333,0.6,0.0333333,0.9,24.3333,0.1,0,25.2333,0.1,0,0,0,0,0,1.13333,1.5,0.0666667,0.0666667,0,0,1,0,0.074,134.467,96.5,0.489667,0.053,0.099,0.054,0.049,0.0996667,0.032,0.00833333
94.1125,335.226,59029.5,0,0,0,0.0221281,0.00047081,0.998117,0.892185,0.0117702,0.00564972,0.930791,0.0729755,0,0.0164783,0,0,0,4.55979,7.00094,0.00627119,0.00545669,0.000663842,0.00101695,0.999058,0.00141243,0.126478,117.331,240.948,0.974911,0.00375235,0.0787618,0.0247034,0.00410546,0.00193032,0.00190207,0.00140301
0.227515,1231.84,28.0127,0,0.000546004,0,1.3788e-05,0,0.0783708,0,1.10304e-05,1.3788e-05,0.000284032,0.00106995,0,0.000617701,0,0,0,123.938,123.992,3.87993e-05,5.02158e-05,0.000434156,0.000189226,0.998473,0.00281928,0.0344253,244.237,242.674,0.963531,0.00637636,0.909337,0.00137723,0.000669047,0.000108346,0.00256302,0.000378039
0.557654,28.9675,29.7132,9.96932e-06,0.00135804,0,2.65848e-05,0.000820807,0.0165513,2.10463e-05,0,0,2.2154e-06,6.64621e-06,0,1.1077e-06,0,5.53851e-06,0.000116309,126.6,9.26571,0.197993,0.197742,0.481298,0.481163,0.367055,0.0794602,0.0235049,247.54,80.9428,0.329145,0.0759939,0.0254075,0.00465281,0.197395,0.197356,0.478919,0.481303
399.015,3.35086e+06,78505.6,0,0,0,0,0,0,0,0,0,0,0,0,0,0,0,0,1.81538,1.81538,0.0307692,0.0307692,0,0,0.989846,0.0206154,0.0307692,138.938,61.1385,0.297692,0.0704615,0.286,0.0270769,0.00261538,0.0290769,0.0116923,0.000307692
31.6667,195.333,1.3859e+07,0,0,0,2.66667,0,1,0,0.666667,0,0,0,0,0,0,0,0,1,11.3333,0,0,0,0,1,0,0.153333,31,255,1,0,0.04,0.04,0,0,0,0
244.75,194.5,3.06622e+07,0,0,0,58.25,0,0.75,0,0,0,0,0,0,0,0,0,0,1,1.5,0.25,0.25,0,0,1,0,0.25,119.25,191.5,0.75,0.0075,0.0125,0.025,0.1175,0.25,0.005,0
0.262426,265.227,1957.37,0,0,2.91681e-05,0.0251138,9.72271e-05,0.999456,0.00126395,0.000505581,1.94454e-05,0.000311127,0.000262513,0.00010695,0.0135243,0,3.88908e-05,0.00140979,9.88779,12.8405,0.00073737,0.000849473,0.000193676,0.000587446,0.999692,0.000519387,0.092838,138.575,243.926,0.98999,0.0018687,0.0456844,0.0195086,0.000769163,0.00055118,0.00176681,0.000521234
2.28344,276.693,570.648,0,0,0,0.0366813,5.5983e-05,0.996243,0.000236373,0.000143068,6.22034e-06,0.000230152,0.000634474,2.48813e-05,0.001468,0,5.5983e-05,0.00945491,10.3209,13.7089,0.000729334,0.00103556,0.00148591,0.00127448,0.997878,0.00331401,0.119497,146.219,242.84,0.977958,0.00397417,0.0457439,0.0184132,0.000930749,0.000637709,0.00341136,0.00191033
375,4.72356e+07,149136,0,0,0,0,0,0,0,0,0,0,0,0,0,0,0,0,1,1,0,0,0,0,1,0,0,203.5,1.5,0.01,0.035,0.005,0,0,0,0,0
303.973,307371,1333.88,0,0,0,0.116861,0,0,0,0,0,0,0,0,0,0,0,0,2.06511,2.1419,0.000517529,0.000517529,0,0.00237062,0.997229,0.00557596,0.00859766,30.0017,17.8164,0.853506,0.0374791,0.852487,0.08798,0.000851419,0.00123539,0.00215359,0.00033389
1113.25,1249.72,522638,0,0,0,0.150943,0,0.981132,0.0754717,0.0754717,0,0,0,0,0,0,0,0,1.26415,2.16981,0.0188679,0.0188679,0,0,0.990566,0.0188679,0.0120755,136.849,96.5849,0.422075,0.0301887,0.0328302,0.0326415,0.000566038,0.0462264,0.0166038,0.0143396
97.6305,4493.45,272089,0,0,0.0295567,0.08867,0.0147783,0.980296,4.18227,0.0394089,0.00985222,4.41379,0.0246305,0,0.0344828,0,0,0,2.09852,3.74384,0.0197044,0.0197044,0,0,0.988276,0.0160099,0.0656158,138.729,150.961,0.637685,0.0331034,0.0433498,0.0382759,0.00197044,0.042069,0.0127094,0.00581281
24.2038,239.866,35040.3,0,0,0.00157867,0.0131556,0.000175408,0.999298,0.0433257,0.00263112,0,0.0703385,0.0135064,0.00105245,0.0022803,0,0,0,4.32117,6.71251,0.00442729,0.00358884,0.000161375,0.00129451,0.999307,0.000892826,0.13043,133.226,245.248,0.988044,0.00192422,0.0781144,0.0212717,0.00209963,0.000957727,0.0009893,0.000517453
4.79337,265.779,4332.5,0,0,0.000126468,0.0703523,1.80668e-05,0.998645,0.00252936,0.000307136,0,0.00160795,0.000397471,9.03342e-05,0.000523939,0,0,0.00276423,8.79173,11.8108,0.000862511,0.00100361,0.000903342,0.00143957,0.999687,0.000614092,0.100148,118.709,243.958,0.991604,0.00137579,0.0630782,0.0229008,0.000942005,0.0005785,0.00118681,0.00101897
0,53.1553,53.0754,0,0,0,0,0,0,0,0,0,0,0,0,0,0,0,0,490.634,490.667,0,0,0,0,1,5.29957e-05,4.2691e-05,254.773,254.495,0.999014,0.000610923,0.867726,0,0,0,0,0
10877.4,188.786,832.317,0,0,0,0.00152905,0,0.103976,0.174312,0.0030581,0.00152905,0.108563,0.2263,0,0.00152905,0,0,0,1.0367,1.25688,0.058104,0.0501835,0.0485168,0.0564373,0.992018,0.0143272,0.0351529,221.656,129.359,0.542722,0.127813,0.0366972,0.0120795,0.283379,0.321422,0.13633,0.0734098
