244.75,194.5,3.06622e+07,0,0,0,58.25,0,0.75,0,0,0,0,0,0,0,0,0,0,1,1.5,0.25,0.25,0,0,1,0,0.25,119.25,191.5,0.75,0.0075,0.0125,0.025,0.1175,0.25,0.005,0
0,53.1508,53.0784,0,0,0,0,0,0,0,0,0,0,0,0,0,0,0,0,490.872,490.905,0,0,0,0,1,5.30504e-05,4.2735e-05,254.781,254.506,0.99903,0.00061008,0.867725,0,0,0,0,0
0,1031.86,0,0,0,0,0,0,0,0,0,0,0,0,0,0,0,0,0,510.3,510.303,0,0,0,0,1,0,0,254.923,254.834,0.99962,4.82286e-05,0.999622,0,0,0,3.39546e-06,0
295.688,58558.1,3974.61,0,0,0,0.888384,0,0.714345,0.438198,0.000413394,0.000413394,0.00289376,0.00124018,0.000413394,0,0,0,0,10.2534,11.2522,0.00965688,0.00952873,0.212162,0.213245,0.997549,0.00312112,0.0550558,217.608,195.286,0.817718,0.0190409,0.126354,0.0183423,0.00333196,0.00391484,0.0882761,0.0866391
61.625,599.25,3.33149e+06,0,0,0,0.125,0,1,0,0.125,0,0,0,0,0,0,0,0,1,1,0,0,0,0,1,0,0,138,73.875,0.3125,0.0375,0.1325,0.0025,0.0025,0,0,0
399.015,3.35086e+06,78505.6,0,0,0,0,0,0,0,0,0,0,0,0,0,0,0,0,1.81538,1.81538,0.0307692,0.0307692,0,0,0.989846,0.0206154,0.0307692,138.938,61.1385,0.297692,0.0704615,0.286,0.0270769,0.00261538,0.0290769,0.0116923,0.000307692
1394.71,17328,1.63718e+06,0,0,0,0.174603,0,0.952381,4.69841,0.031746,0.015873,0.380952,0.0952381,0,0.047619,0,0,0,1.01587,1.01587,0,0,0,0,0.992063,0.015873,0.015873,124.762,37,0.253175,0.0692063,0.0365079,0.0707937,0.000634921,0.0568254,0.0277778,0.015873
23.7054,239.746,34902,0,0,0.00154613,0.0128844,0.000171792,0.999313,0.0424326,0.00257688,0,0.0688885,0.013228,0.00103075,0.00223329,0,0,0,4.38275,6.79866,0.00438241,0.00355609,0.000158048,0.00126782,0.999321,0.00087442,0.1294,133.244,245.391,0.988107,0.00190689,0.077777,0.0212317,0.00214053,0.00104793,0.00109603,0.000651091
1113.25,1249.72,522638,0,0,0,0.150943,0,0.981132,0.0754717,0.0754717,0,0,0,0,0,0,0,0,1.26415,2.16981,0.0188679,0.0188679,0,0,0.990566,0.0188679,0.0120755,136.849,96.5849,0.422075,0.0301887,0.0328302,0.0326415,0.000566038,0.0462264,0.0166038,0.0143396
0.233482,1228.15,30.4341,0,0.00054216,0,1.64291e-05,0,0.0855928,0,1.36909e-05,1.64291e-05,0.000287509,0.0012404,0,0.000750261,0,0,0,122.864,122.922,4.12644e-05,5.53386e-05,0.000432468,0.000193836,0.998396,0.00296301,0.0375915,243.323,241.824,0.961264,0.00683469,0.90243,0.00144746,0.000704698,0.000117222,0.00266365,0.00042001
0.829382,55.1021,71.6902,8.88433e-06,0.00121024,0,0.00196936,0.000740361,0.123204,5.13317e-05,1.67815e-05,0,3.15887e-05,3.45502e-05,0,0.000144124,0,1.38201e-05,0.000802552,113.939,9.76297,0.176529,0.176336,0.429064,0.428918,0.43575,0.0710815,0.0339084,237.022,98.8229,0.400424,0.0680646,0.0277852,0.00610592,0.176015,0.175952,0.427163,0.429101
10870.6,190.447,839.876,0,0,0,0.00152672,0,0.103817,0.174046,0.00305344,0.00152672,0.108397,0.225954,0,0.00152672,0,0,0,1.03817,1.25649,0.0580153,0.0501069,0.0492061,0.0578779,0.991267,0.0158321,0.0350992,221.354,129.176,0.542473,0.12774,0.0367023,0.0120611,0.282947,0.320931,0.136626,0.0746565
375,4.72356e+07,149136,0,0,0,0,0,0,0,0,0,0,0,0,0,0,0,0,1,1,0,0,0,0,1,0,0,203.5,1.5,0.01,0.035,0.005,0,0,0,0,0
31.6667,195.333,1.3859e+07,0,0,0,2.66667,0,1,0,0.666667,0,0,0,0,0,0,0,0,1,11.3333,0,0,0,0,1,0,0.153333,31,255,1,0,0.04,0.04,0,0,0,0
10.3865,257.615,13714.1,0,0,4.29406e-05,0.00386465,0.000128822,0.999356,0.0162745,0.00128822,0.000128822,0.0103487,0.0145569,0,0.0015888,0,0,0,7.3765,10.3944,0.00293069,0.00252104,0.000222003,0.000632944,0.999771,0.000415235,0.11542,123.657,243.07,0.993592,0.00132472,0.0725133,0.021709,0.00200618,0.000858382,0.000927516,0.000548351
303.973,307371,1333.88,0,0,0,0.116861,0,0,0,0,0,0,0,0,0,0,0,0,2.06511,2.1419,0.000517529,0.000517529,0,0.00237062,0.997229,0.00557596,0.00859766,30.0017,17.8164,0.853506,0.0374791,0.852487,0.08798,0.000851419,0.00123539,0.00215359,0.00033389
3.02776,266.499,3888.38,0,0,0.000121957,0.0742564,1.52446e-05,0.99907,0.00280501,0.000289647,0,0.00157019,0.000426849,0.000121957,0.0211443,0,0,0.0031099,8.94552,12.0132,0.000863759,0.000988765,0.00056405,0.00111255,0.999725,0.000540116,0.101194,121.764,243.29,0.989328,0.00185176,0.0605176,0.0225882,0.000964983,0.000638596,0.00154855,0.000760706
41.3926,288.352,22689.8,0,0,0.000751718,0.0271692,0.000214777,0.997745,0.0613187,0.00128866,0.000107388,0.0294244,0.027921,0.000107388,0.00246993,0,0,0,6.12704,8.76697,0.00479704,0.00463918,0.000375859,0.00160653,0.999592,0.000687285,0.115358,108.684,244.528,0.986491,0.00230133,0.0920404,0.0243847,0.00289197,0.00195984,0.00115872,0.00107174
0.355537,265.367,1512.69,0,0,1.47092e-05,0.0406637,7.35462e-05,0.998456,0.000617788,0.000404504,1.47092e-05,0.000161802,0.000213284,8.82554e-05,0.000544242,0,2.94185e-05,0.00666328,10.2609,13.2426,0.000696041,0.000901161,0.000804816,0.000959189,0.998927,0.00182725,0.0946402,138.491,244.112,0.987942,0.00186079,0.0435011,0.0194369,0.00070597,0.000508866,0.00199104,0.00114629
0,518.632,0,0,0,0,0,0,0,0,0,0,0,0,0,0,0,0,0,510.48,510.481,0,0,0,0,1,0,0,254.927,254.886,0.999787,1.0835e-05,0.999787,2.68504e-05,0,0,0.000194373,0
536.8,665.332,114936,0,0,0.00896861,0.118834,0.0044843,0.995516,17.6659,0.0426009,0.0493274,19.352,0.109865,0,0.0874439,0,0,0,4.92377,7.23991,0.00840807,0.0070852,0,0,1,0,0.0990135,70.0381,212.747,0.900717,0.00706278,0.114507,0.0335874,0.00717489,0.0116592,0.00286996,0.00313901
97.6305,4493.45,272089,0,0,0.0295567,0.08867,0.0147783,0.980296,4.18227,0.0394089,0.00985222,4.41379,0.0246305,0,0.0344828,0,0,0,2.09852,3.74384,0.0197044,0.0197044,0,0,0.988276,0.0160099,0.0656158,138.729,150.961,0.637685,0.0331034,0.0433498,0.0382759,0.00197044,0.042069,0.0127094,0.00581281
93.9798,335.145,59012.5,0,0,0,0.0220969,0.000470146,0.998119,0.890926,0.0117536,0.00564175,0.929478,0.0728726,0,0.0164551,0,0,0,4.55853,6.99624,0.00626234,0.00544899,0.000662906,0.00101551,0.99906,0.00141044,0.1263,117.257,240.968,0.974946,0.00374706,0.0786789,0.0247438,0.00409967,0.0019276,0.00189939,0.00140103
2831.33,5994.83,897288,0,0,0.0333333,0.6,0.0333333,0.9,24.3333,0.1,0,25.2333,0.1,0,0,0,0,0,1.13333,1.5,0.0666667,0.0666667,0,0,1,0,0.074,134.467,96.5,0.489667,0.053,0.099,0.054,0.049,0.0996667,0.032,0.00833333
11.1342,265.217,7926.89,0,0,7.78675e-05,0.00755314,2.59558e-05,0.997456,0.00750123,0.000467205,0,0.00295896,0.00272536,0,0.000467205,0,0,0,8.25206,11.3317,0.00149298,0.00151945,0.00188206,0.00249228,0.999732,0.000501986,0.112638,119.878,246.775,0.995408,0.000774522,0.0715467,0.0229026,0.00108028,0.000464869,0.000906118,0.00181172
