536.8,665.332,114936,0,0,0.00896861,0.118834,0.0044843,0.995516,17.6659,0.0426009,0.0493274,19.352,0.109865,0,0.0874439,0,0,0,4.92377,7.23991,0.00840807,0.0070852,0,0,1,0,0.0990135,70.0381,212.747,0.900717,0.00706278,0.114507,0.0335874,0.00717489,0.0116592,0.00286996,0.00313901
31.6667,195.333,1.3859e+07,0,0,0,2.66667,0,1,0,0.666667,0,0,0,0,0,0,0,0,1,11.3333,0,0,0,0,1,0,0.153333,31,255,1,0,0.04,0.04,0,0,0,0
375,4.72356e+07,149136,0,0,0,0,0,0,0,0,0,0,0,0,0,0,0,0,1,1,0,0,0,0,1,0,0,203.5,1.5,0.01,0.035,0.005,0,0,0,0,0
10862.4,193.605,843.646,0,0,0,0.00152439,0,0.103659,0.17378,0.00304878,0.00152439,0.108232,0.22561,0,0.00152439,0,0,0,1.03659,1.2561,0.0579268,0.0500305,0.0514177,0.059314,0.992043,0.0142835,0.0350457,221.043,128.988,0.542332,0.127896,0.036814,0.0120427,0.282515,0.320442,0.137134,0.0760976
0,53.1548,53.0761,0,0,0,0,0,0,0,0,0,0,0,0,0,0,0,0,490.737,490.77,0,0,0,0,1,5.30191e-05,4.27099e-05,254.773,254.494,0.999013,0.000611193,0.8677,0,0,0,0,0
61.625,599.25,3.33149e+06,0,0,0,0.125,0,1,0,0.125,0,0,0,0,0,0,0,0,1,1,0,0,0,0,1,0,0,138,73.875,0.3125,0.0375,0.1325,0.0025,0.0025,0,0,0
0.820645,63.3108,107.793,8.51899e-06,0.00116048,0,0.0056036,0.000709916,0.159575,5.39536e-05,2.08242e-05,0,3.02897e-05,3.12363e-05,3.78622e-06,0.000162807,0,1.32518e-05,0.00153815,109.728,9.96832,0.169297,0.169129,0.411505,0.411355,0.458866,0.0683037,0.0364678,232.878,104.954,0.42493,0.06528,0.0283646,0.00667944,0.1688,0.168737,0.409714,0.411555
399.015,3.35086e+06,78505.6,0,0,0,0,0,0,0,0,0,0,0,0,0,0,0,0,1.81538,1.81538,0.0307692,0.0307692,0,0,0.989846,0.0206154,0.0307692,138.938,61.1385,0.297692,0.0704615,0.286,0.0270769,0.00261538,0.0290769,0.0116923,0.000307692
3.37687,3811.83,250.991,0,0,0,0.000167983,0,0.781203,0,8.39913e-05,0.000167983,0.00260373,0.00789518,0,0.00277171,0,0,0,3.20124,3.49395,0.000320007,0.000441794,0.0102755,0.00232404,0.984487,0.0290215,0.196151,182.625,160.885,0.70709,0.0541307,0.0821359,0.00882832,0.00423148,0.000807156,0.0342273,0.00244499
1113.25,1249.72,522638,0,0,0,0.150943,0,0.981132,0.0754717,0.0754717,0,0,0,0,0,0,0,0,1.26415,2.16981,0.0188679,0.0188679,0,0,0.990566,0.0188679,0.0120755,136.849,96.5849,0.422075,0.0301887,0.0328302,0.0326415,0.000566038,0.0462264,0.0166038,0.0143396
8.93218,259.091,12904.7,0,0,0.000147433,0.00375954,0.000110575,0.99941,0.015075,0.0011426,0.000110575,0.01091,0.0126055,0,0.00136375,0,0,0,7.37488,10.4551,0.00284398,0.00245033,0.000190557,0.000559508,0.999803,0.000356419,0.117603,122.265,243.98,0.994178,0.00119384,0.0726092,0.0220906,0.00196712,0.000812723,0.0009045,0.000486897
32.4139,15699.1,544.777,0,0,0,0.00864662,0,0.49812,0.00075188,0,0,0,0.00150376,0,0.00300752,0,0,0,4.46241,5.07143,0.00568421,0.00533835,0.0113308,0.0121579,0.987365,0.019703,0.270669,135.977,94.9023,0.494977,0.0595526,0.171226,0.0161466,0.0115,0.00467293,0.0196654,0.00483835
97.6305,4493.45,272089,0,0,0.0295567,0.08867,0.0147783,0.980296,4.18227,0.0394089,0.00985222,4.41379,0.0246305,0,0.0344828,0,0,0,2.09852,3.74384,0.0197044,0.0197044,0,0,0.988276,0.0160099,0.0656158,138.729,150.961,0.637685,0.0331034,0.0433498,0.0382759,0.00197044,0.042069,0.0127094,0.00581281
30.6738,258.291,22047.2,0,0,0.000685804,0.0247869,0.000195944,0.998922,0.0568237,0.00137161,9.7972e-05,0.0267464,0.0240031,9.7972e-05,0.0024493,0,0,0,6.22857,8.89262,0.00375918,0.00358479,0.000342902,0.00147252,0.999628,0.000627021,0.114726,109.636,244.649,0.987831,0.00211326,0.0911473,0.0243568,0.00246693,0.00114921,0.00105712,0.00106985
1394.71,17328,1.63718e+06,0,0,0,0.174603,0,0.952381,4.69841,0.031746,0.015873,0.380952,0.0952381,0,0.047619,0,0,0,1.01587,1.01587,0,0,0,0,0.992063,0.015873,0.015873,124.762,37,0.253175,0.0692063,0.0365079,0.0707937,0.000634921,0.0568254,0.0277778,0.015873
0.102742,1044.88,20.8392,0,0.000561183,0,1.1337e-05,0,0.0610783,0,1.1337e-05,1.1337e-05,0.000223906,0.00104301,0,0.000702896,0,0,0,127.561,127.609,1.65237e-05,3.10068e-05,6.76254e-05,8.72952e-05,0.998882,0.00207924,0.031293,245.673,245.044,0.971358,0.00509481,0.932259,0.00116009,0.000526095,8.34972e-05,0.00149759,0.000335916
309.069,60290.5,4203.14,0,0,0,0.94292,0,0.731858,0.469027,0.000442478,0.000442478,0.00309735,0,0.000442478,0,0,0,0,10.3814,11.4044,0.0100619,0.0099469,0.219987,0.220429,0.998372,0.00226991,0.0450354,222.288,201.454,0.835518,0.0168496,0.120606,0.0185133,0.00309735,0.00405752,0.0929779,0.0916681
27.0511,242.906,34668,0,0,0.0014985,0.0128205,0.0001665,0.999001,0.0417915,0.0024975,0,0.0669331,0.015318,0.000999001,0.0021645,0,0,0,4.38178,6.80619,0.00424742,0.00347985,0.00015318,0.00124875,0.999342,0.000847486,0.129417,131.819,245.449,0.98805,0.00202964,0.0785598,0.0213054,0.00211955,0.00103397,0.00119214,0.000631036
2831.33,5994.83,897288,0,0,0.0333333,0.6,0.0333333,0.9,24.3333,0.1,0,25.2333,0.1,0,0,0,0,0,1.13333,1.5,0.0666667,0.0666667,0,0,1,0,0.074,134.467,96.5,0.489667,0.053,0.099,0.054,0.049,0.0996667,0.032,0.00833333
93.5061,334.695,58950,0,0,0,0.0219832,0.000467727,0.998129,0.886342,0.0116932,0.00561272,0.924696,0.0724977,0,0.0163704,0,0,0,4.55847,6.9855,0.00623012,0.00542095,0.000659495,0.00101029,0.999065,0.00140318,0.125931,116.789,240.806,0.974659,0.00374181,0.0795744,0.0248269,0.00407858,0.00191768,0.00188962,0.00139383
303.973,307371,1333.88,0,0,0,0.116861,0,0,0,0,0,0,0,0,0,0,0,0,2.06511,2.1419,0.000517529,0.000517529,0,0.00237062,0.997229,0.00557596,0.00859766,30.0017,17.8164,0.853506,0.0374791,0.852487,0.08798,0.000851419,0.00123539,0.00215359,0.00033389
0,817.663,0,0,0,0,0,0,0,0,0,0,0,0,0,0,0,0,0,510.488,510.49,0,0,0,0,1,0,0,254.925,254.857,0.999693,3.24915e-05,0.999694,1.12087e-05,0,0,7.98162e-05,0
10.7534,263.139,6665.44,0,0,3.75446e-05,0.00668294,1.87723e-05,0.997503,0.00617608,0.000394218,0,0.00214004,0.0021025,3.75446e-05,0.00065703,0,0,0,8.65104,11.6707,0.00122921,0.00135724,0.00190839,0.00257218,0.999731,0.000513234,0.10765,119.66,246.096,0.995234,0.000795945,0.0689621,0.022868,0.00101164,0.000474751,0.000975408,0.00188267
0.420145,265.569,2328.26,0,0,5.83524e-05,0.0466163,8.02346e-05,0.999475,0.00129834,0.000459525,1.45881e-05,0.000474113,0.000284468,0.000102117,0.010219,0,2.91762e-05,0.00217363,9.60505,12.5794,0.0007464,0.000844943,0.000174474,0.000572,0.999683,0.000557339,0.0946309,134.397,243.849,0.989954,0.00180462,0.0488403,0.0202132,0.000799209,0.000570249,0.00160805,0.00046113
244.75,194.5,3.06622e+07,0,0,0,58.25,0,0.75,0,0,0,0,0,0,0,0,0,0,1,1.5,0.25,0.25,0,0,1,0,0.25,119.25,191.5,0.75,0.0075,0.0125,0.025,0.1175,0.25,0.005,0
