1211.08,15025.4,2.11051e+06,0,0,0,0.178082,0,0.958904,4.05479,0.0547945,0.0136986,0.328767,0.0821918,0,0.0410959,0,0,0,1.0137,1.34247,0,0,0,0,0.993151,0.0136986,0.0147945,123.863,47.0137,0.280137,0.0638356,0.0467123,0.0624658,0.000821918,0.0490411,0.0239726,0.0136986
0.876143,96.7885,786.49,7.10738e-06,0.000968183,1.10559e-05,0.010038,0.000602548,0.298497,0.000574908,9.95034e-05,1.57942e-06,0.000288244,0.000186371,1.57942e-05,0.00131329,0,1.42148e-05,0.00151861,93.2299,10.4958,0.141418,0.141288,0.343368,0.343314,0.548478,0.057084,0.0473298,215.757,127.962,0.518528,0.0547644,0.0330008,0.00905032,0.14099,0.140868,0.34205,0.343452
399.015,3.35086e+06,78505.6,0,0,0,0,0,0,0,0,0,0,0,0,0,0,0,0,1.81538,1.81538,0.0307692,0.0307692,0,0,0.989846,0.0206154,0.0307692,138.938,61.1385,0.297692,0.0704615,0.286,0.0270769,0.00261538,0.0290769,0.0116923,0.000307692
283.172,297349,1699.66,0,0,0,0.108359,0,0.00309598,0,0,0,0,0,0,0,0,0,0,2.16563,2.27554,0.00434985,0.00434985,0,0.00339009,0.99743,0.00517028,0.00931889,38.8715,20.5526,0.813854,0.0389164,0.809814,0.0827245,0.00120743,0.00450464,0.00232198,0.000309598
577.798,3558.5,400718,0,0,0.0267176,0.167939,0.0152672,0.973282,3.34733,0.0534351,0,3.26336,0.0305344,0,0,0,0,0,1.70229,3.03435,0.0267176,0.0267176,0,0,0.989008,0.0162214,0.0562214,141.294,131.153,0.570496,0.0358779,0.0469466,0.0405344,0.00721374,0.0474809,0.0167939,0.00835878
205,193.2,2.79906e+07,0,0,0,48,0,0.8,0,0.2,0,0,0,0,0,0,0,0,1,2.8,0.2,0.2,0,0,1,0,0.276,98.4,204.2,0.8,0.006,0.024,0.028,0.094,0.2,0.004,0
375,4.72356e+07,149136,0,0,0,0,0,0,0,0,0,0,0,0,0,0,0,0,1,1,0,0,0,0,1,0,0,203.5,1.5,0.01,0.035,0.005,0,0,0,0,0
0.402047,981.471,12.1155,0,0.000117301,0,0.00127728,0,0.019212,0.000623831,2.36973e-06,3.55459e-06,6.22053e-05,0.000258893,0,0.000157587,0,0,0,425.719,425.735,2.07351e-05,2.36262e-05,0.000399305,0.00034867,0.999644,0.000656746,0.0080952,252.349,251.921,0.990987,0.00153889,0.977064,0.000355702,0.000154719,2.93076e-05,0.000759515,0.000213749
10377.3,415.694,1659.73,0,0,0,0.00402685,0,0.111409,0.255034,0.00268456,0.00536913,0.162416,0.571812,0,0.00402685,0,0,0,1.05772,1.22685,0.0510067,0.0440537,0.133409,0.150215,0.981799,0.0331678,0.0308591,203.11,115.603,0.515436,0.129007,0.0432752,0.0109933,0.255128,0.286993,0.151557,0.148846
40.3383,302.673,26965.4,0,0,0.000711516,0.0174321,0.000284606,0.998257,0.40873,0.00309509,0.00135188,0.433491,0.0207051,0.000284606,0.00434025,0,0,0,6.07777,8.72308,0.00411149,0.0037038,0.000242983,0.00102245,0.999618,0.000586645,0.117003,120.709,243.929,0.987206,0.00209719,0.0806016,0.0228606,0.00249422,0.00159237,0.00111032,0.000875165
