3.6694,662.054,622.934,3.0161e-06,0.000477215,1.34049e-05,0.00518167,0.00025972,0.147049,0.00457208,7.70782e-05,1.67561e-05,0.00432375,0.000565687,9.38344e-06,0.000688342,0,6.03221e-06,0.000644441,280.439,245.364,0.0600784,0.0600192,0.145974,0.145935,0.80818,0.0246122,0.0257804,235.513,199.149,0.790269,0.0241734,0.567652,0.00428104,0.0600064,0.0598866,0.145633,0.145915
317,6.28256e+07,90476,0,0,0,0,0,0,0,0,0,0,0,0,0,0,0,0,1,1,0,0,0,0,1,0,0,152,1,0.01,0.05,0.01,0,0,0,0,0
275.6,1.09252e+07,240337,0,0,0,0,0,0,0,0,0,0,0,0,0,0,0,0,1.2,1.2,0.2,0.2,0,0,1,0,0,196.8,79.4,0.318,0.042,0.31,0,0.01,0.204,0,0
244.75,194.5,3.06622e+07,0,0,0,58.25,0,0.75,0,0,0,0,0,0,0,0,0,0,1,1.5,0.25,0.25,0,0,1,0,0.25,119.25,191.5,0.75,0.0075,0.0125,0.025,0.1175,0.25,0.005,0
3417.71,6.05573e+06,353080,0,0,0,0,0,0,0,0,0,0,0,0,0,0,0,0,1,1.14286,0,0,0,0,1,0,0.142857,129.714,70.2857,0.39,0.254286,0.298571,0.0114286,0.00285714,0.00285714,0.0871429,0.00285714
14,254,6.84459e+06,0,0,0,0.333333,0,1,0,0.333333,0,0,0,0,0,0,0,0,1,1,0,0,0,0,1,0,0,96.3333,255,1,0,0.343333,0.02,0,0,0,0
24.4737,2.21564e+06,29799.4,0,0,0,0,0,0,0,0,0,0,0,0,0,0,0,0,1.91228,1.89474,0.0175439,0.0175439,0,0,0.988421,0.0235088,0.0175439,132.772,54.4561,0.271754,0.0631579,0.27,0.0294737,0.00175439,0.0149123,0.0147368,0
1349.82,12048.3,1.53334e+06,0,0,0.0107527,0.247312,0,0.946237,10.6452,0.0537634,0.0107527,8.09677,0.0752688,0,0.0322581,0,0,0,1.03226,1.06452,0.0215054,0.0215054,0,0,0.994624,0.0107527,0.0322581,129.946,48.5806,0.290753,0.0584946,0.0451613,0.0589247,0.0055914,0.06,0.0196774,0.0107527
34,193.5,1.54047e+07,0,0,0,4,0,1,0,1,0,0,0,0,0,0,0,0,1,16.5,0,0,0,0,1,0,0.23,30,255,1,0,0.045,0.04,0,0,0,0
433,3.16456e+07,207796,0,0,0,0,0,0,0,0,0,0,0,0,0,0,0,0,1,1,0,0,0,0,1,0,0,255,2,0.01,0.02,0,0,0,0,0,0
