399.015,3.35086e+06,78505.6,0,0,0,0,0,0,0,0,0,0,0,0,0,0,0,0,1.81538,1.81538,0.0307692,0.0307692,0,0,0.989846,0.0206154,0.0307692,138.938,61.1385,0.297692,0.0704615,0.286,0.0270769,0.00261538,0.0290769,0.0116923,0.000307692
0,518.632,0,0,0,0,0,0,0,0,0,0,0,0,0,0,0,0,0,510.481,510.482,0,0,0,0,1,0,0,254.927,254.886,0.999787,1.0835e-05,0.999787,2.68505e-05,0,0,0.000194374,0
375,4.72356e+07,149136,0,0,0,0,0,0,0,0,0,0,0,0,0,0,0,0,1,1,0,0,0,0,1,0,0,203.5,1.5,0.01,0.035,0.005,0,0,0,0,0
0,1031.86,0,0,0,0,0,0,0,0,0,0,0,0,0,0,0,0,0,510.362,510.365,0,0,0,0,1,0,0,254.923,254.834,0.99962,4.82427e-05,0.999622,0,0,0,3.39645e-06,0
1113.25,1249.72,522638,0,0,0,0.150943,0,0.981132,0.0754717,0.0754717,0,0,0,0,0,0,0,0,1.26415,2.16981,0.0188679,0.0188679,0,0,0.990566,0.0188679,0.0120755,136.849,96.5849,0.422075,0.0301887,0.0328302,0.0326415,0.000566038,0.0462264,0.0166038,0.0143396
0.423206,68.5206,138.231,8.30746e-06,0.00113166,1.8461e-06,0.00552077,0.000693212,0.180627,5.26139e-05,5.26139e-05,9.23052e-07,3.04607e-05,3.5076e-05,3.69221e-06,0.000168918,0,1.29227e-05,0.00150088,107.253,10.0421,0.165112,0.16495,0.401299,0.401159,0.472282,0.0666405,0.0379074,230.586,108.351,0.438951,0.0636929,0.0284097,0.006989,0.164626,0.164561,0.399593,0.401359
10901,190.72,844.392,0,0,0,0.0015361,0,0.104455,0.175115,0.0030722,0.0015361,0.109063,0.227343,0,0.0015361,0,0,0,1.0384,1.25806,0.0583717,0.0504147,0.0495084,0.0582335,0.991214,0.0159293,0.0353149,221.926,129.939,0.544025,0.127972,0.0332565,0.0121352,0.284685,0.322903,0.137435,0.0751152
10.2849,263.121,8231.01,0,0,8.51263e-05,0.00655473,2.12816e-05,0.997574,0.00778906,0.000595884,0,0.00334121,0.00253251,0,0.000468195,0,0,0,8.14152,11.2277,0.00168848,0.00168635,0.00174147,0.00232437,0.999709,0.000532252,0.113639,118.261,246.661,0.995168,0.000818489,0.0733582,0.0230543,0.00117155,0.000505437,0.000945966,0.00172317
1.09961,265.241,2891.29,0,0,6.27392e-05,0.0502541,7.8424e-05,0.999514,0.00198413,0.000258799,7.8424e-06,0.000886191,0.000352908,0.000125478,0.0111048,0,3.13696e-05,0.00232919,9.26626,12.256,0.00077679,0.000895602,0.000207824,0.000668721,0.999741,0.000494385,0.0969675,131.165,244.3,0.990246,0.00171004,0.0525894,0.0208176,0.000852077,0.000556889,0.00138952,0.0004598
303.973,307371,1333.88,0,0,0,0.116861,0,0,0,0,0,0,0,0,0,0,0,0,2.06511,2.1419,0.000517529,0.000517529,0,0.00237062,0.997229,0.00557596,0.00859766,30.0017,17.8164,0.853506,0.0374791,0.852487,0.08798,0.000851419,0.00123539,0.00215359,0.00033389
0.183753,1123.71,27.8722,0,0.000545138,0,1.65193e-05,0,0.0833042,0,1.37661e-05,1.65193e-05,0.000300101,0.00125272,0,0.000751629,0,0,0,123.69,123.745,2.51644e-05,4.37487e-05,0.000391756,0.000150216,0.998444,0.00290476,0.03609,243.973,242.759,0.964185,0.00651685,0.906796,0.00136086,0.000639518,0.000102144,0.00253952,0.000393628
30.8563,255.265,30725,0,0,0.00171988,0.0319252,0.000322477,0.998925,0.0609481,0.00204235,0.000107492,0.0646028,0.0178437,0.000644953,0.00268731,0,0,0,4.93937,7.43588,0.00403418,0.00349457,0.000367623,0.00149844,0.999522,0.000654628,0.125913,123.241,245.411,0.986767,0.00247662,0.0803042,0.0222735,0.0021348,0.00110824,0.00144792,0.000987853
97.6305,4493.45,272089,0,0,0.0295567,0.08867,0.0147783,0.980296,4.18227,0.0394089,0.00985222,4.41379,0.0246305,0,0.0344828,0,0,0,2.09852,3.74384,0.0197044,0.0197044,0,0,0.988276,0.0160099,0.0656158,138.729,150.961,0.637685,0.0331034,0.0433498,0.0382759,0.00197044,0.042069,0.0127094,0.00581281
308.938,60280.5,4201.45,0,0,0,0.942503,0,0.731977,0.468819,0.000442282,0.000442282,0.00309598,0,0.000442282,0,0,0,0,10.3773,11.4003,0.0100575,0.0099425,0.219889,0.220332,0.998372,0.00226891,0.0454578,222.269,201.446,0.83548,0.016851,0.120557,0.0185095,0.00309598,0.00405573,0.0929368,0.0916276
80.3198,322.926,56822.1,0,0,0,0.0188604,0.000401284,0.998395,0.760835,0.0100321,0.00481541,0.793339,0.062199,0,0.0140449,0,0,0,4.78491,7.17335,0.00537721,0.00475522,0.000565811,0.000967095,0.999197,0.00120385,0.12317,114.073,241.013,0.977115,0.00327849,0.0836557,0.0250602,0.00378411,0.00169342,0.00162119,0.00119583
2831.33,5994.83,897288,0,0,0.0333333,0.6,0.0333333,0.9,24.3333,0.1,0,25.2333,0.1,0,0,0,0,0,1.13333,1.5,0.0666667,0.0666667,0,0,1,0,0.074,134.467,96.5,0.489667,0.053,0.099,0.054,0.049,0.0996667,0.032,0.00833333
523.934,656.49,114241,0,0,0.00875274,0.115974,0.00437637,0.995624,17.2407,0.0415755,0.04814,18.8862,0.107221,0,0.0853392,0,0,0,4.90591,7.23632,0.00820569,0.00691466,0,0,1,0,0.100372,69.6258,212.659,0.899234,0.00702407,0.113567,0.0336105,0.00702407,0.0113786,0.00280088,0.00306346
18.5718,256.39,15928.4,0,0,0,0.00459318,0.000131234,0.999256,0.0244969,0.00126859,0.000131234,0.0122047,0.0217848,4.37445e-05,0.0019685,0,0,0,7.15131,10.0188,0.00321085,0.00282108,0.00019685,0.000832896,0.999768,0.000411199,0.112754,122.742,242.634,0.992329,0.00144007,0.0754554,0.0220621,0.00233158,0.00106299,0.000969379,0.000691164
61.625,599.25,3.33149e+06,0,0,0,0.125,0,1,0,0.125,0,0,0,0,0,0,0,0,1,1,0,0,0,0,1,0,0,138,73.875,0.3125,0.0375,0.1325,0.0025,0.0025,0,0,0
244.75,194.5,3.06622e+07,0,0,0,58.25,0,0.75,0,0,0,0,0,0,0,0,0,0,1,1.5,0.25,0.25,0,0,1,0,0.25,119.25,191.5,0.75,0.0075,0.0125,0.025,0.1175,0.25,0.005,0
1394.71,17328,1.63718e+06,0,0,0,0.174603,0,0.952381,4.69841,0.031746,0.015873,0.380952,0.0952381,0,0.047619,0,0,0,1.01587,1.01587,0,0,0,0,0.992063,0.015873,0.015873,124.762,37,0.253175,0.0692063,0.0365079,0.0707937,0.000634921,0.0568254,0.0277778,0.015873
24.3245,14414.5,451.784,0,0,0,0.00707475,0,0.449708,0.000615195,0,0,0,0.00246078,0,0.00246078,0,0,0,4.89203,5.43156,0.00449708,0.00415564,0.0101661,0.0108428,0.987976,0.0185543,0.245851,135.298,91.6758,0.482439,0.0595694,0.189754,0.016681,0.0100369,0.00406337,0.0184559,0.00451553
0,53.1586,53.0623,0,0,0,0,0,0,0,0,0,0,0,0,0,0,0,0,490.258,490.366,0,0,0,0,1,5.29178e-05,4.26283e-05,254.724,254.436,0.998962,0.000614435,0.867642,0,0,0,0,0
31.6667,195.333,1.3859e+07,0,0,0,2.66667,0,1,0,0.666667,0,0,0,0,0,0,0,0,1,11.3333,0,0,0,0,1,0,0.153333,31,255,1,0,0.04,0.04,0,0,0,0
1908.01,173.09,206.702,0,0,0,0,0,0.0163265,0,0,0,0,0,0,0,0,0,0,1.04898,1.15102,0,0,0.0326531,0.0326531,0.997959,0.00408163,0.00714286,84.2612,18.9918,0.282612,0.191265,0.761265,0,0,0,0.0110204,0.0238776
