3.61888,661.418,593.234,3.01638e-06,0.000477258,1.13952e-05,0.00517007,0.000258403,0.146974,0.00399368,7.27282e-05,1.5417e-05,0.00370612,0.000563392,9.38428e-06,0.000684047,0,6.03275e-06,0.000644499,280.464,245.386,0.0600822,0.060023,0.145987,0.145948,0.808164,0.024613,0.025778,235.522,199.155,0.790287,0.0241723,0.567699,0.00427794,0.0600113,0.0598877,0.145644,0.145928
26.8,2.3618e+06,38122.1,0,0,0,0,0,0,0,0,0,0,0,0,0,0,0,0,1.86667,1.85,0.0166667,0.0166667,0,0,0.989,0.0223333,0.0166667,132.533,55.7167,0.2755,0.0735,0.273667,0.0286667,0.00183333,0.0143333,0.0241667,0.000333333
31.6667,195.333,1.3859e+07,0,0,0,2.66667,0,1,0,0.666667,0,0,0,0,0,0,0,0,1,11.3333,0,0,0,0,1,0,0.153333,31,255,1,0,0.04,0.04,0,0,0,0
317,6.28256e+07,90476,0,0,0,0,0,0,0,0,0,0,0,0,0,0,0,0,1,1,0,0,0,0,1,0,0,152,1,0.01,0.05,0.01,0,0,0,0,0
433,3.16456e+07,207796,0,0,0,0,0,0,0,0,0,0,0,0,0,0,0,0,1,1,0,0,0,0,1,0,0,255,2,0.01,0.02,0,0,0,0,0,0
244.75,194.5,3.06622e+07,0,0,0,58.25,0,0.75,0,0,0,0,0,0,0,0,0,0,1,1.5,0.25,0.25,0,0,1,0,0.25,119.25,191.5,0.75,0.0075,0.0125,0.025,0.1175,0.25,0.005,0
7.5,281.5,4.88306e+06,0,0,0,0.5,0,1,0,0.5,0,0,0,0,0,0,0,0,1,1,0,0,0,0,1,0,0,128,255,1,0,0.5,0.01,0,0,0,0
1514.67,15225.3,1.70597e+06,0,0,0.0136986,0.178082,0,0.945205,4.06849,0.0547945,0.0136986,0.410959,0.0821918,0,0.0410959,0,0,0,1.0137,1.0411,0.0136986,0.0136986,0,0,0.993151,0.0136986,0.0273973,125.068,36.8082,0.251507,0.0668493,0.0354795,0.0616438,0.000821918,0.0627397,0.0239726,0.0136986
576.751,7211.1,369719,0,0,0.0207612,0.15917,0.0138408,0.972318,8.3737,0.0484429,0.0138408,8.88235,0.0276817,0,0.0449827,0,0,0,1.85813,3.21107,0.0207612,0.0207612,0,0,0.990035,0.0147059,0.052526,135.948,135.007,0.581384,0.0352249,0.0519377,0.0393772,0.00657439,0.0475087,0.0154325,0.00799308
2787.67,9.06658e+06,342720,0,0,0,0,0,0,0,0,0,0,0,0,0,0,0,0,1.11111,1.22222,0.111111,0.111111,0,0,1,0,0.111111,167.556,72.2222,0.364444,0.131111,0.29,0.00444444,0.00666667,0.114444,0,0
