3.67428,662.054,623.728,3.0161e-06,0.000477214,1.34049e-05,0.005183,0.00025972,0.14705,0.00480432,7.74133e-05,1.67561e-05,0.00456604,0.000566022,9.38343e-06,0.000688341,0,6.0322e-06,0.00064444,280.439,245.364,0.0600784,0.0600192,0.145974,0.145935,0.80818,0.0246121,0.0257804,235.513,199.149,0.790269,0.0241734,0.567652,0.00428106,0.0600063,0.0598865,0.145633,0.145915
244.75,194.5,3.06622e+07,0,0,0,58.25,0,0.75,0,0,0,0,0,0,0,0,0,0,1,1.5,0.25,0.25,0,0,1,0,0.25,119.25,191.5,0.75,0.0075,0.0125,0.025,0.1175,0.25,0.005,0
317,6.28256e+07,90476,0,0,0,0,0,0,0,0,0,0,0,0,0,0,0,0,1,1,0,0,0,0,1,0,0,152,1,0.01,0.05,0.01,0,0,0,0,0
6247.75,8.71307e+06,765684,0,0,0,0,0,0,0,0,0,0,0,0,0,0,0,0,1.25,1.25,0,0,0,0,1,0,0,156.5,51.75,0.3875,0.0925,0.225,0,0.0025,0.0025,0,0
433,3.16456e+07,207796,0,0,0,0,0,0,0,0,0,0,0,0,0,0,0,0,1,1,0,0,0,0,1,0,0,255,2,0.01,0.02,0,0,0,0,0,0
24.8214,2.18579e+06,30331.5,0,0,0,0,0,0,0,0,0,0,0,0,0,0,0,0,1.92857,1.91071,0.0178571,0.0178571,0,0,0.988214,0.0239286,0.0178571,130.589,52.0357,0.263214,0.06375,0.261429,0.03,0.00160714,0.015,0.015,0
31.6667,195.333,1.3859e+07,0,0,0,2.66667,0,1,0,0.666667,0,0,0,0,0,0,0,0,1,11.3333,0,0,0,0,1,0,0.153333,31,255,1,0,0.04,0.04,0,0,0,0
37.1429,5.55774e+06,84108.6,0,0,0,0,0,0,0,0,0,0,0,0,0,0,0,0,1,1.14286,0,0,0,0,1,0,0.142857,165,96.5714,0.39,0.222857,0.388571,0.0114286,0.00428571,0.00428571,0.0871429,0.00285714
28,1.35732e+07,10874,0,0,0,0,0,0,0,0,0,0,0,0,0,0,0,0,1,1,0.5,0.5,0,0,1,0,0,183,98,0.395,0.045,0.385,0,0.02,0.505,0,0
1206.29,12161.5,1.6304e+06,0,0,0.0108696,0.217391,0,0.945652,3.22826,0.0543478,0.0108696,0.326087,0.0652174,0,0.0326087,0,0,0,1.03261,1.06522,0.0217391,0.0217391,0,0,0.994565,0.0108696,0.0326087,130.674,53.913,0.308261,0.0577174,0.0561957,0.0590217,0.00554348,0.0606522,0.0198913,0.0108696
