2.72867,562.758,187.942,3.10219e-06,0.000490836,3.44688e-06,0.00427448,0.000262308,0.123204,0.000128224,3.34347e-05,2.7575e-06,9.75467e-05,0.000188889,6.89376e-06,0.000648014,0,6.20438e-06,0.000662835,288.233,252.075,0.0617099,0.061655,0.14993,0.14987,0.802718,0.0252942,0.023305,238.737,197.941,0.784722,0.0248001,0.58151,0.00374329,0.0616672,0.061563,0.149685,0.149968
326.333,259.333,3.23177e+07,0,0,0,0,0,1,0,0,0,0,0,0,0,0,0,0,1,1.66667,0,0,0,0,1,0,0.333333,74,255,1,0,0.0166667,0.0333333,0,0,0,0
433,3.16456e+07,207796,0,0,0,0,0,0,0,0,0,0,0,0,0,0,0,0,1,1,0,0,0,0,1,0,0,255,2,0.01,0.02,0,0,0,0,0,0
317,6.28256e+07,90476,0,0,0,0,0,0,0,0,0,0,0,0,0,0,0,0,1,1,0,0,0,0,1,0,0,152,1,0.01,0.05,0.01,0,0,0,0,0
2153.35,11762.7,1.90231e+06,0,0,0,0.0434783,0,0.913043,0,0.0434783,0,0,0,0,0,0,0,0,1,1,0,0,0,0,1,0,0,85.913,33.9565,0.342174,0.0665217,0.0782609,0.063913,0.000869565,0.07,0.000869565,0.00478261
14,6.53355e+06,0,0,0,0,0,0,0,0,0,0,0,0,0,0,0,0,0,1,1.33333,0,0,0,0,1,0,0.333333,172,82.3333,0.313333,0.24,0.313333,0.0133333,0.00333333,0.00333333,0,0
46,188,1.7304e+07,0,0,0,7,0,1,0,1,0,0,0,0,0,0,0,0,1,8,0,0,0,0,1,0,0.38,15,255,1,0,0.07,0.04,0,0,0,0
24.8214,2.18579e+06,30331.5,0,0,0,0,0,0,0,0,0,0,0,0,0,0,0,0,1.92857,1.91071,0.0178571,0.0178571,0,0,0.988214,0.0239286,0.0178571,130.589,52.0357,0.263214,0.06375,0.261429,0.03,0.00160714,0.015,0.015,0
0,1.52848e+07,21748,0,0,0,0,0,0,0,0,0,0,0,0,0,0,0,0,1,1,1,1,0,0,1,0,0,111,3,0.03,0.06,0.01,0,0.03,1,0,0
24.5,199,1.21365e+07,0,0,0,0.5,0,1,0,0.5,0,0,0,0,0,0,0,0,1,13,0,0,0,0,1,0,0.04,39,255,1,0,0.025,0.04,0,0,0,0
0,0,2.56959e+07,0,0,0,233,0,0,0,0,0,0,0,0,0,0,0,0,1,1,1,1,0,0,1,0,0,255,1,0,0.03,0,0,0.47,1,0.02,0
54.5,4.82589e+06,147190,0,0,0,0,0,0,0,0,0,0,0,0,0,0,0,0,1,1,0,0,0,0,1,0,0,159.75,107.25,0.4475,0.21,0.445,0.01,0.005,0.005,0.1525,0.005
1748.06,4676.44,846686,0,0,0.0277778,0.5,0.0277778,0.944444,20.2778,0.0833333,0,21.0278,0.0833333,0,0,0,0,0,1.11111,1.75,0.0555556,0.0555556,0,0,1,0,0.0658333,133.417,110.889,0.503333,0.0419444,0.0836111,0.0480556,0.0408333,0.105556,0.0266667,0.00694444
304.592,299994,929.899,0,0,0,0.11745,0,0,0,0,0,0,0,0,0,0,0,0,2.07047,2.14765,0.000520134,0.000520134,0,0.00238255,0.997215,0.00560403,0.00864094,29.7181,17.8775,0.857047,0.0360403,0.856057,0.0884228,0.000855705,0.00124161,0.00100671,0.00033557
56,1.18615e+07,0,0,0,0,0,0,0,0,0,0,0,0,0,0,0,0,0,1,1,0,0,0,0,1,0,0,255,193,0.76,0.03,0.76,0,0.01,0.01,0,0
509.28,1739.07,215437,0,0,0,0.141818,0.0109091,0.992727,21.1491,0.0472727,0.0581818,22.8982,0.0909091,0,0.112727,0,0,0,2.58909,4.03273,0.0109091,0.0109091,0,0,0.998182,0.00363636,0.0623273,110.32,168.051,0.7148,0.0251636,0.0888364,0.0373818,0.00789091,0.0343273,0.00996364,0.00469091
19.2747,266.339,11453.5,0,0,0.000100291,0.00896887,8.59636e-05,0.997908,0.0154018,0.000830981,7.16363e-05,0.00704901,0.0117197,1.43273e-05,0.00107454,0,0,0,7.71656,10.7244,0.00241214,0.00225397,0.00133974,0.00196269,0.999711,0.000516928,0.113164,119.873,245.169,0.993474,0.00115177,0.0743549,0.0227018,0.00163245,0.000807914,0.00101724,0.0014641
6247.75,8.71307e+06,765684,0,0,0,0,0,0,0,0,0,0,0,0,0,0,0,0,1.25,1.25,0,0,0,0,1,0,0,156.5,51.75,0.3875,0.0925,0.225,0,0.0025,0.0025,0,0
793.049,6718.4,437725,0,0,0.0740741,0.185185,0,0.962963,0.407407,0.0987654,0,0.320988,0.0617284,0,0,0,0,0,1.92593,2.75309,0.037037,0.037037,0,0,0.970617,0.0401235,0.0187654,139.469,94.9753,0.429506,0.0333333,0.0306173,0.0461728,0.00197531,0.0424691,0.0225926,0.018642
55.9236,284.813,41590.6,0,0,0.0017666,0.0162112,0.000415671,0.998649,0.545672,0.00550764,0.00207835,0.599501,0.0298244,0.000623506,0.00696249,0,0,0,4.68503,7.13281,0.00453705,0.00390523,0.000346046,0.00127507,0.999382,0.000840694,0.130976,124.069,243.622,0.983245,0.00260522,0.0796643,0.0226811,0.00257196,0.00147044,0.00129274,0.000993453
221.5,872,2.56683e+06,0,0,0,0.5,0,1,1.5,0,0,1.5,0.75,0,0,0,0,0,1,1,0,0,0,0,1,0,0,116,10.75,0.0825,0.085,0.0125,0,0.005,0,0.005,0
7.5,281.5,4.88306e+06,0,0,0,0.5,0,1,0,0.5,0,0,0,0,0,0,0,0,1,1,0,0,0,0,1,0,0,128,255,1,0,0.5,0.01,0,0,0,0
84,711.333,2.97818e+06,0,0,0,0,0,1,0,0,0,0,0,0,0,0,0,0,1,1,0,0,0,0,1,0,0,170.333,17,0.09,0.03,0.00666667,0,0,0,0,0
295.573,58459.8,3960.12,0,0,0,0.887283,0,0.715111,0.437655,0.000412882,0.000412882,0.00289017,0.00123865,0.000412882,0.000412882,0,0,0,10.2597,11.2572,0.00965318,0.00952519,0.212304,0.213386,0.997552,0.00311726,0.0549876,217.585,195.353,0.818031,0.019038,0.126201,0.018332,0.00333196,0.00391412,0.0884476,0.0868126
1496.35,20841.9,1.45611e+06,0,0,0,0.2,0,0.95,7.25,0.025,0.025,0.45,0.075,0,0.075,0,0,0,1.025,1.025,0,0,0,0,0.9875,0.025,0.025,144.225,38.675,0.22025,0.07175,0.01425,0.07475,0.0005,0.04925,0.04275,0.02225
