483.213,688.258,117250,0,0,0.00956938,0.126794,0,0.995215,17.8995,0.0406699,0.0478469,19.5909,0.117225,0,0.0861244,0,0,0,4.83732,7.17464,0.00882775,0.00741627,0,0,1,0,0.101029,71.1866,211.825,0.900167,0.00700957,0.115311,0.0339713,0.00736842,0.0123445,0.0030622,0.00334928
303.973,307371,1333.88,0,0,0,0.116861,0,0,0,0,0,0,0,0,0,0,0,0,2.06511,2.1419,0.000517529,0.000517529,0,0.00237062,0.997229,0.00557596,0.00859766,30.0017,17.8164,0.853506,0.0374791,0.852487,0.08798,0.000851419,0.00123539,0.00215359,0.00033389
61.625,599.25,3.33149e+06,0,0,0,0.125,0,1,0,0.125,0,0,0,0,0,0,0,0,1,1,0,0,0,0,1,0,0,138,73.875,0.3125,0.0375,0.1325,0.0025,0.0025,0,0,0
0.0713726,1096.74,8.5227,0,0.000175921,0,4.44246e-06,0,0.0238009,0,3.55397e-06,1.77698e-06,7.72988e-05,0.000326077,0,0.000180364,0,0,0,387.041,387.059,1.11683e-05,1.4669e-05,0.000138552,5.72189e-05,0.999588,0.000753113,0.0103849,251.791,251.276,0.98913,0.00192596,0.9726,0.000398133,0.000204522,3.12749e-05,0.000794614,0.000112421
295.452,58534.5,3971.6,0,0,0,0.88765,0,0.714581,0.437836,0.000413052,0.000413052,0.00289137,0.00123916,0.000413052,0.000413052,0,0,0,10.2458,11.2437,0.00964891,0.00952086,0.211987,0.213069,0.997551,0.00311855,0.0550103,217.584,195.252,0.817646,0.0190417,0.126254,0.0183354,0.0033292,0.00391161,0.0882032,0.0865675
103.298,341.091,61233.4,0,0,0,0.0253233,0.00161638,0.997845,1.17565,0.0145474,0.0075431,1.25754,0.0479526,0,0.0193966,0,0,0,4.56142,6.92241,0.0060722,0.00561422,0.000759698,0.00116379,0.998922,0.00161638,0.121142,115.841,239.87,0.972802,0.00428879,0.0789871,0.0255334,0.00389009,0.00208513,0.00214978,0.00140625
1.6124,263.442,9398.52,0,0,0.000132639,0.00699672,0,0.999237,0.00716252,0.000696356,0,0.0035481,0.00384654,0,0.000397918,0,0,0,7.95892,11.1278,0.00208741,0.00196008,0.000216202,0.000583612,0.99984,0.000287495,0.120698,119.744,247.203,0.995764,0.000692377,0.0738883,0.0228418,0.00121265,0.000510992,0.000487117,0.000323971
10907.9,189.049,836.792,0,0,0,0.00153846,0,0.104615,0.175385,0.00307692,0.00153846,0.109231,0.227692,0,0.00153846,0,0,0,1.03692,1.25846,0.0584615,0.0504923,0.0488154,0.0567846,0.991969,0.0144154,0.0353692,222.231,130.125,0.544277,0.128046,0.0332462,0.0121538,0.285123,0.3234,0.137138,0.0738615
98.602,4535.02,272868,0,0,0.0298507,0.0895522,0.0149254,0.9801,4.22388,0.039801,0.00995025,4.45771,0.0248756,0,0.0348259,0,0,0,2.06965,3.72139,0.0199005,0.0199005,0,0,0.988159,0.0161692,0.0653731,140.01,149.925,0.63408,0.0334328,0.040995,0.0384577,0.00199005,0.0424876,0.0128358,0.00587065
34.6755,248.391,38027.4,0,0,0.00141077,0.016459,0.000235128,0.999059,0.0799436,0.00258641,0,0.102046,0.0286856,0.00141077,0.00352692,0,0,0,4.39078,6.80649,0.00461557,0.00349165,0.000216318,0.00163649,0.999306,0.000726546,0.134839,137.336,243.947,0.986198,0.00200799,0.0768046,0.0207994,0.00249706,0.00126029,0.00107924,0.000775923
0.0930642,10.5614,4.56167,1.21656e-05,0.00165723,0,1.89243e-05,0.000297382,0.0116101,0,0,0,2.70347e-06,0,0,0,0,4.0552e-06,0.000137877,154.27,11.0495,0.2416,0.24129,0.587294,0.587132,0.228212,0.0958949,0.0273045,247.21,43.4698,0.183498,0.0905723,0.0294346,0.00542363,0.240869,0.240823,0.584341,0.587297
1.18495,199.471,367.913,0,0,0,0.0178412,0.00159835,0.522124,0.000171898,6.93623e-05,1.2063e-05,0.000159835,0.000389032,1.2063e-05,0.000775049,0,3.31733e-05,0.00459601,6.19183,7.96807,0.000398291,0.000559875,0.000839888,0.000737292,0.997341,0.00455753,0.0647721,196.751,245.881,0.981114,0.0071746,0.0274114,0.00991327,0.000526882,0.000348772,0.00200882,0.00109406
2831.33,5994.83,897288,0,0,0.0333333,0.6,0.0333333,0.9,24.3333,0.1,0,25.2333,0.1,0,0,0,0,0,1.13333,1.5,0.0666667,0.0666667,0,0,1,0,0.074,134.467,96.5,0.489667,0.053,0.099,0.054,0.049,0.0996667,0.032,0.00833333
31.6667,195.333,1.3859e+07,0,0,0,2.66667,0,1,0,0.666667,0,0,0,0,0,0,0,0,1,11.3333,0,0,0,0,1,0,0.153333,31,255,1,0,0.04,0.04,0,0,0,0
1394.71,17328,1.63718e+06,0,0,0,0.174603,0,0.952381,4.69841,0.031746,0.015873,0.380952,0.0952381,0,0.047619,0,0,0,1.01587,1.01587,0,0,0,0,0.992063,0.015873,0.015873,124.762,37,0.253175,0.0692063,0.0365079,0.0707937,0.000634921,0.0568254,0.0277778,0.015873
244.75,194.5,3.06622e+07,0,0,0,58.25,0,0.75,0,0,0,0,0,0,0,0,0,0,1,1.5,0.25,0.25,0,0,1,0,0.25,119.25,191.5,0.75,0.0075,0.0125,0.025,0.1175,0.25,0.005,0
0.238341,266.154,2201.59,0,0,2.59132e-05,0.0436897,9.50152e-05,0.999689,0.00127839,0.000500989,1.72755e-05,0.000466438,0.000285045,0.000103653,0.0120756,0,3.4551e-05,0.00218535,9.65022,12.6317,0.000730321,0.000821363,4.75076e-05,0.000471189,0.999736,0.000479308,0.093412,136.678,243.787,0.988996,0.00202201,0.0471869,0.0198862,0.000791908,0.000597386,0.00168039,0.000366931
0,513.398,0.593456,0,0,0,0,0,0,0,0,0,0,0,0,0,0,0,0,510.413,510.414,0,0,0,0,1,2.16422e-07,9.0176e-08,254.928,254.887,0.999789,1.55824e-05,0.99849,2.65478e-05,0,0,0.000192183,0
12.101,265.764,5231.99,0,0,0.000145551,0.0313143,2.0793e-05,0.997255,0.00551016,0.000353482,0,0.00228724,0.000353482,8.31722e-05,0.000644584,0,0,0.000914894,8.65656,11.5964,0.000994324,0.00120184,0.0021658,0.00286133,0.999636,0.000686378,0.102518,114.859,244.918,0.994248,0.000927786,0.0686509,0.0236066,0.00103924,0.000505479,0.00105379,0.00205123
35.7408,275.698,25382.9,0,0,0.00117041,0.0271536,0.000234082,0.998244,0.0530197,0.00117041,0.000117041,0.0303137,0.0250468,0,0.00210674,0,0,0,5.61376,8.22367,0.00475187,0.00456812,0.000409644,0.00134129,0.999614,0.000632022,0.11737,111.029,245.668,0.987067,0.00230688,0.0887617,0.0237418,0.00255033,0.00156601,0.0012383,0.0010206
1113.25,1249.72,522638,0,0,0,0.150943,0,0.981132,0.0754717,0.0754717,0,0,0,0,0,0,0,0,1.26415,2.16981,0.0188679,0.0188679,0,0,0.990566,0.0188679,0.0120755,136.849,96.5849,0.422075,0.0301887,0.0328302,0.0326415,0.000566038,0.0462264,0.0166038,0.0143396
1838.98,147.285,133.446,0,0,0,0,0,0.0165289,0,0,0,0,0,0,0,0,0,0,1.04959,1.15289,0,0,0.0165289,0.0165289,0.997934,0.00413223,0.00723141,86.0537,19.095,0.279008,0.191157,0.769628,0,0,0,0.00549587,0.0113636
375,4.72356e+07,149136,0,0,0,0,0,0,0,0,0,0,0,0,0,0,0,0,1,1,0,0,0,0,1,0,0,203.5,1.5,0.01,0.035,0.005,0,0,0,0,0
17.7766,261.474,15218.5,0,0,0,0.00506042,0.000154911,0.999174,0.0225653,0.0013942,0.000154911,0.0139936,0.0203449,5.16369e-05,0.00201384,0,0,0,7.33476,10.2178,0.00300475,0.00257203,0.000180729,0.000764742,0.999819,0.000361458,0.111399,124.966,242.257,0.992958,0.00145564,0.0719441,0.021578,0.00229319,0.00112414,0.00102034,0.000655272
399.015,3.35086e+06,78505.6,0,0,0,0,0,0,0,0,0,0,0,0,0,0,0,0,1.81538,1.81538,0.0307692,0.0307692,0,0,0.989846,0.0206154,0.0307692,138.938,61.1385,0.297692,0.0704615,0.286,0.0270769,0.00261538,0.0290769,0.0116923,0.000307692
