399.015,3.35086e+06,78505.6,0,0,0,0,0,0,0,0,0,0,0,0,0,0,0,0,1.81538,1.81538,0.0307692,0.0307692,0,0,0.989846,0.0206154,0.0307692,138.938,61.1385,0.297692,0.0704615,0.286,0.0270769,0.00261538,0.0290769,0.0116923,0.000307692
6.72944,93.4316,502.993,7.26456e-06,0.000989595,6.45739e-06,0.0100824,0.000615066,0.276805,0.000409237,7.9103e-05,2.42152e-06,0.000171928,0.000128341,1.45291e-05,0.00134475,0,1.45291e-05,0.00155219,97.5536,12.8955,0.14451,0.144381,0.351032,0.350975,0.53845,0.0584252,0.0457501,218.586,124.996,0.506693,0.0562045,0.0363736,0.00860918,0.144228,0.144139,0.349721,0.351133
0.502678,1097.31,11.5061,0,0.000117929,1.19121e-06,0.00132641,0,0.0177662,0.000631339,2.97801e-06,2.97801e-06,6.78987e-05,0.000234072,1.19121e-06,0.000133415,0,0,0,426.151,426.166,2.18824e-05,2.41636e-05,0.000400787,0.00035059,0.999668,0.000611916,0.00743036,252.504,252.085,0.991649,0.00142931,0.97906,0.000362984,0.000147995,2.89463e-05,0.000737213,0.000205965
244.75,194.5,3.06622e+07,0,0,0,58.25,0,0.75,0,0,0,0,0,0,0,0,0,0,1,1.5,0.25,0.25,0,0,1,0,0.25,119.25,191.5,0.75,0.0075,0.0125,0.025,0.1175,0.25,0.005,0
31.6667,195.333,1.3859e+07,0,0,0,2.66667,0,1,0,0.666667,0,0,0,0,0,0,0,0,1,11.3333,0,0,0,0,1,0,0.153333,31,255,1,0,0.04,0.04,0,0,0,0
375,4.72356e+07,149136,0,0,0,0,0,0,0,0,0,0,0,0,0,0,0,0,1,1,0,0,0,0,1,0,0,203.5,1.5,0.01,0.035,0.005,0,0,0,0,0
1494.41,15017.6,1.80031e+06,0,0,0,0.189189,0,0.945946,4,0.0540541,0.0135135,0.324324,0.0810811,0,0.0405405,0,0,0,1.01351,1.04054,0,0,0,0,0.993243,0.0135135,0.027027,123.392,43.1892,0.275135,0.0656757,0.0485135,0.0610811,0.000810811,0.0483784,0.0236486,0.0135135
563.898,13675.3,402018,0,0,0.0284553,0.146341,0.0162602,0.963415,3.4187,0.0487805,0,3.34959,0.0325203,0,0,0,0,0,1.6626,2.99187,0.0284553,0.0284553,0,0,0.988293,0.0172764,0.0519512,144.215,127.935,0.555407,0.0366667,0.0447154,0.0380894,0.00764228,0.0505285,0.0178862,0.00890244
110.319,551.586,53351.5,0,0,0.00175285,0.0292726,0.000701139,0.996845,1.87344,0.00981595,0.00648554,2.05679,0.0404908,0.00035057,0.0156004,0,0,0,4.45276,6.83523,0.00540754,0.00446801,0.000408414,0.00148116,0.99922,0.0008922,0.126228,125.59,239.633,0.972731,0.00355302,0.080447,0.0231429,0.00297634,0.00253988,0.00159159,0.00109553
16.88,273.308,13830.7,0,0,0.000232589,0.00915404,8.30675e-05,0.99892,0.0206174,0.00101342,8.30675e-05,0.0123937,0.0149189,9.9681e-05,0.00124601,0,0,0,7.40117,10.3845,0.00278924,0.00254236,0.000286915,0.000814062,0.99979,0.000383274,0.116984,120.759,245.219,0.993214,0.00123206,0.0750568,0.0225754,0.00180456,0.000907596,0.000818713,0.000626827
