304.517,307224,1734.57,0,0,0,0.116667,0,0,0,0,0,0,0,0,0,0,0,0,2.06333,2.14,0.000516667,0.000516667,0,0.00236667,0.997233,0.00556667,0.00858333,30.0917,17.79,0.852117,0.03755,0.851083,0.0878333,0.00085,0.00123333,0.00215,0.000333333
0.0536034,907.105,6.22707,0,0.000118009,1.19201e-06,5.36404e-06,0,0.0173372,1.19201e-06,2.98002e-06,3.57602e-06,6.25804e-05,0.000236614,0,0.000141253,0,0,0,426.441,426.454,9.0235e-06,1.18188e-05,9.48779e-05,4.22388e-05,0.999657,0.000633743,0.00764306,252.509,252.109,0.991506,0.00145508,0.979518,0.00032127,0.000145747,2.45315e-05,0.000623182,8.41081e-05
253.571,1.3496e+07,2.00359e+07,0,0,0,34.2857,0,0.571429,0,0.142857,0,0,0,0,0,0,0,0,1,2.28571,0.142857,0.142857,0,0,1,0,0.197143,128.429,146.286,0.574286,0.0142857,0.0185714,0.02,0.0671429,0.142857,0.00285714,0
1211.08,15025.4,2.11051e+06,0,0,0,0.178082,0,0.958904,4.05479,0.0547945,0.0136986,0.328767,0.0821918,0,0.0410959,0,0,0,1.0137,1.34247,0,0,0,0,0.993151,0.0136986,0.0147945,123.863,47.0137,0.280137,0.0638356,0.0467123,0.0624658,0.000821918,0.0490411,0.0239726,0.0136986
6.76517,93.1844,529.848,7.24761e-06,0.000987285,6.44232e-06,0.0101837,0.000613631,0.279196,0.000467873,7.97237e-05,1.61058e-06,0.000189243,0.000203738,1.61058e-05,0.00133034,0,1.44952e-05,0.00154857,97.3405,12.8913,0.144178,0.144049,0.350219,0.350164,0.539547,0.0582528,0.0456184,218.411,125.463,0.508434,0.0559892,0.0361265,0.00864064,0.143891,0.143803,0.348889,0.350317
16.4555,263.303,14763.2,0,0,0.000265656,0.00706645,8.8552e-05,0.999097,0.0214296,0.00108033,8.8552e-05,0.0142392,0.0141329,0.000106262,0.00134599,0,0,0,7.11405,10.0777,0.00286908,0.00261795,0.000181886,0.000748973,0.999794,0.000373158,0.11899,119.622,245.079,0.99297,0.00126612,0.0765371,0.022746,0.00184861,0.000933161,0.000831857,0.000512539
643.081,3920.89,420780,0,0,0.0297872,0.161702,0.0170213,0.970213,3.57872,0.0553191,0,3.50638,0.0340426,0,0,0,0,0,1.58723,2.6766,0.0297872,0.0297872,0,0,0.987745,0.0180851,0.0566809,148.847,128.421,0.556766,0.0360851,0.0447234,0.036,0.008,0.0528936,0.0186809,0.00931915
295.452,58534.5,3971.6,0,0,0,0.88765,0,0.714581,0.437836,0.000413052,0.000413052,0.00289137,0.00123916,0.000413052,0.000413052,0,0,0,10.2458,11.2437,0.00964891,0.00952086,0.211987,0.213069,0.997551,0.00311855,0.0550103,217.584,195.252,0.817646,0.0190417,0.126254,0.0183354,0.0033292,0.00391161,0.0882032,0.0865675
111.237,333.468,57980.7,0,0,0.00193175,0.034986,0.000858553,0.998068,2.2844,0.0115905,0.00772698,2.50182,0.0493668,0.000214638,0.0188882,0,0,0,4.5909,6.99335,0.005997,0.00478214,0.000500107,0.001217,0.999045,0.00109251,0.126147,117.169,238.092,0.969019,0.00383988,0.081481,0.0250698,0.00351578,0.00289976,0.00161623,0.00132646
399.015,3.35086e+06,78505.6,0,0,0,0,0,0,0,0,0,0,0,0,0,0,0,0,1.81538,1.81538,0.0307692,0.0307692,0,0,0.989846,0.0206154,0.0307692,138.938,61.1385,0.297692,0.0704615,0.286,0.0270769,0.00261538,0.0290769,0.0116923,0.000307692
