19.585,1150.27,11857.6,0,0,0.000146092,0.0403506,8.76552e-05,0.997852,0.0340541,0.000891161,7.3046e-05,0.00977356,0.0119942,1.46092e-05,0.00115413,0,0,0,7.61817,10.6138,0.00250957,0.00235793,0.00193557,0.00245259,0.99973,0.000488093,0.113422,121.849,245.186,0.993037,0.00128999,0.0735687,0.0223888,0.0016843,0.000861797,0.00169554,0.00207933
326.333,259.333,3.23177e+07,0,0,0,0,0,1,0,0,0,0,0,0,0,0,0,0,1,1.66667,0,0,0,0,1,0,0.333333,74,255,1,0,0.0166667,0.0333333,0,0,0,0
317,6.28256e+07,90476,0,0,0,0,0,0,0,0,0,0,0,0,0,0,0,0,1,1,0,0,0,0,1,0,0,152,1,0.01,0.05,0.01,0,0,0,0,0
56,1.18615e+07,0,0,0,0,0,0,0,0,0,0,0,0,0,0,0,0,0,1,1,0,0,0,0,1,0,0,255,193,0.76,0.03,0.76,0,0.01,0.01,0,0
12.0962,2.24814e+06,27492.7,0,0,0,0,0,0,0,0,0,0,0,0,0,0,0,0,2,1.98077,0.0192308,0.0192308,0,0,0.987308,0.0257692,0.0192308,132.385,55.6731,0.274615,0.0492308,0.273077,0.0323077,0.00173077,0.0161538,0.00288462,0
22,199,1.35054e+07,0,0,0,1,0,1,0,1,0,0,0,0,0,0,0,0,1,25,0,0,0,0,1,0,0.08,45,255,1,0,0.02,0.04,0,0,0,0
242.149,272508,172.149,0,0,0,0.113452,0,0.00324149,0,0,0,0,0,0,0,0,0,0,2.23987,2.35332,0.00455429,0.00455429,0,0.00354943,0.99731,0.00541329,0.00867099,35.6888,19.6564,0.838801,0.0367585,0.835575,0.084684,0.00116694,0.00473258,0.00205835,0
433,3.16456e+07,207796,0,0,0,0,0,0,0,0,0,0,0,0,0,0,0,0,1,1,0,0,0,0,1,0,0,255,2,0.01,0.02,0,0,0,0,0,0
1736.21,17527.3,1.61901e+06,0,0,0,0.142857,0,0.936508,4.60317,0.031746,0.015873,0.285714,0.047619,0,0.047619,0,0,0,1.01587,1.01587,0,0,0,0,0.992063,0.015873,0.015873,122.937,36.9524,0.264762,0.0698413,0.037619,0.0707937,0.000634921,0.0568254,0.0274603,0.015873
304.097,3519.64,269781,0,0,0.0223881,0.0820896,0.011194,0.985075,14.6007,0.0447761,0.0373134,15.8582,0.0186567,0,0.0746269,0,0,0,2.10075,3.52985,0.0149254,0.0149254,0,0,0.989254,0.0158582,0.0560821,125.974,146.821,0.63097,0.0303731,0.0702612,0.0391045,0.00526119,0.0393657,0.0128731,0.00768657
14,6.53355e+06,0,0,0,0,0,0,0,0,0,0,0,0,0,0,0,0,0,1,1.33333,0,0,0,0,1,0,0.333333,172,82.3333,0.313333,0.24,0.313333,0.0133333,0.00333333,0.00333333,0,0
0,1.52848e+07,21748,0,0,0,0,0,0,0,0,0,0,0,0,0,0,0,0,1,1,1,1,0,0,1,0,0,111,3,0.03,0.06,0.01,0,0.03,1,0,0
1868.6,1.28754e+06,127483,0,0,0,0,0,0,0,0,0,0,0,0,0,0,0,0,1,1,0,0,0,0,1,0,0,90.8,4.2,0.108,0.242,0.096,0,0,0,0.138,0
162.571,803.143,2.74312e+06,0,0,0,0.285714,0,1,0.857143,0,0,0.857143,0.428571,0,0,0,0,0,1,1,0,0,0,0,1,0,0,139.286,13.4286,0.0857143,0.0614286,0.01,0,0.00285714,0,0.00285714,0
0,0,2.56959e+07,0,0,0,233,0,0,0,0,0,0,0,0,0,0,0,0,1,1,1,1,0,0,1,0,0,255,1,0,0.03,0,0,0.47,1,0.02,0
46,188,1.7304e+07,0,0,0,7,0,1,0,1,0,0,0,0,0,0,0,0,1,8,0,0,0,0,1,0,0.38,15,255,1,0,0.07,0.04,0,0,0,0
2.94854,586.485,194.412,3.09735e-06,0.00049007,3.4415e-06,0.00427297,0.000261898,0.124357,0.000129056,3.33825e-05,2.7532e-06,9.77386e-05,0.000189627,6.883e-06,0.000647346,0,6.1947e-06,0.0006618,287.8,251.701,0.0616203,0.0615655,0.14986,0.149804,0.803023,0.0252583,0.0233999,238.587,197.977,0.784924,0.0247737,0.580777,0.003777,0.0615738,0.0614689,0.149509,0.149793
75.8422,353.414,43654.7,0,0,0.00158014,0.0200903,0.000451467,0.997743,0.788262,0.00632054,0.0030474,0.865801,0.0348758,0.000790068,0.00835214,0,0,0,4.47427,6.89221,0.00480587,0.00402709,0.00026298,0.00118172,0.999328,0.000913093,0.129725,123.862,242.943,0.981446,0.00269413,0.0800926,0.0227822,0.0026772,0.00166817,0.00140293,0.000908578
7.5,281.5,4.88306e+06,0,0,0,0.5,0,1,0,0.5,0,0,0,0,0,0,0,0,1,1,0,0,0,0,1,0,0,128,255,1,0,0.5,0.01,0,0,0,0
636.486,521778,3043.14,0,0,0,0,0,0,0,0,0,0,0,0,0,0,0,0,2.62162,2.64865,0,0,0,0,1,0,0.0181081,140.081,57.1892,0.336486,0.0727027,0.321622,0.0354054,0.00243243,0.000540541,0.00783784,0.00540541
14.5,9.41988e+06,0,0,0,0,0,0,0,0,0,0,0,0,0,0,0,0,0,1.5,1.5,0,0,0,0,1,0,0,255,99,0.385,0.025,0.385,0,0.005,0.005,0,0
27,199,1.07676e+07,0,0,0,0,0,1,0,0,0,0,0,0,0,0,0,0,1,1,0,0,0,0,1,0,0,33,255,1,0,0.03,0.04,0,0,0,0
1987.69,3621.38,721318,0,0,0.0163934,0.42623,0.0163934,0.95082,12.0328,0.114754,0,12.4098,0.0491803,0,0,0,0,0,1.13115,2.03279,0.0491803,0.0491803,0,0,1,0,0.0427869,133.361,108.148,0.490328,0.0378689,0.0722951,0.0377049,0.0244262,0.0685246,0.0167213,0.00409836
12481,8.00626e+06,1.53137e+06,0,0,0,0,0,0,0,0,0,0,0,0,0,0,0,0,1,1,0,0,0,0,1,0,0,58,4.5,0.39,0.16,0.065,0,0,0,0,0
54.5,4.82589e+06,147190,0,0,0,0,0,0,0,0,0,0,0,0,0,0,0,0,1,1,0,0,0,0,1,0,0,159.75,107.25,0.4475,0.21,0.445,0.01,0.005,0.005,0.1525,0.005
