0,53.1548,53.0761,0,0,0,0,0,0,0,0,0,0,0,0,0,0,0,0,490.737,490.77,0,0,0,0,1,5.30191e-05,4.27099e-05,254.773,254.494,0.999013,0.000611193,0.8677,0,0,0,0,0
0,518.632,0,0,0,0,0,0,0,0,0,0,0,0,0,0,0,0,0,510.484,510.485,0,0,0,0,1,0,0,254.927,254.886,0.999787,1.08351e-05,0.999787,2.68507e-05,0,0,0.000194376,0
11.2847,264.058,6081.65,0,0,5.72257e-05,0.0314932,1.90752e-05,0.997463,0.00612315,0.000419655,0,0.00217458,0.00213643,3.81505e-05,0.000667633,0,0,0.00083931,8.81846,11.8016,0.00124504,0.00137075,0.00199641,0.00269228,0.999685,0.000591523,0.103765,117.242,245.36,0.994618,0.000843507,0.0696257,0.0231747,0.00104208,0.0004641,0.000969976,0.00195617
0.82189,64.4116,103.764,8.52759e-06,0.00116165,0,0.00523783,0.000710632,0.157743,5.40081e-05,2.08452e-05,0,4.26379e-05,7.95908e-05,3.79004e-06,0.000198977,0,1.32651e-05,0.00148664,109.783,9.91237,0.169466,0.169294,0.411893,0.411749,0.458237,0.0685387,0.0369932,233.031,104.366,0.422857,0.0655684,0.0284179,0.00663784,0.16898,0.168908,0.410124,0.411951
31.1296,262.065,20425.8,0,0,0.000257378,0.0212766,0.000171585,0.99897,0.0384351,0.00102951,0.000171585,0.00986616,0.0365477,8.57927e-05,0.00197323,0,0,0,6.6051,9.34085,0.00359557,0.00345573,0.000300275,0.00132378,0.999631,0.000634866,0.108622,109.435,244.753,0.988613,0.00205045,0.0896474,0.0247195,0.00273507,0.00140271,0.00104496,0.00080302
1394.71,17328,1.63718e+06,0,0,0,0.174603,0,0.952381,4.69841,0.031746,0.015873,0.380952,0.0952381,0,0.047619,0,0,0,1.01587,1.01587,0,0,0,0,0.992063,0.015873,0.015873,124.762,37,0.253175,0.0692063,0.0365079,0.0707937,0.000634921,0.0568254,0.0277778,0.015873
1113.25,1249.72,522638,0,0,0,0.150943,0,0.981132,0.0754717,0.0754717,0,0,0,0,0,0,0,0,1.26415,2.16981,0.0188679,0.0188679,0,0,0.990566,0.0188679,0.0120755,136.849,96.5849,0.422075,0.0301887,0.0328302,0.0326415,0.000566038,0.0462264,0.0166038,0.0143396
0.0302615,1036.73,5.80165,0,0.000177708,0,3.59006e-06,0,0.0170133,0,3.59006e-06,3.59006e-06,5.92359e-05,0.000277332,0,0.000178605,0,0,0,390.931,390.947,5.16968e-06,9.26234e-06,2.05172e-05,2.71947e-05,0.999748,0.000463961,0.00888056,252.431,252.242,0.992255,0.00141357,0.98137,0.000310809,0.000152173,2.25096e-05,0.000440688,9.4221e-05
303.973,307371,1333.88,0,0,0,0.116861,0,0,0,0,0,0,0,0,0,0,0,0,2.06511,2.1419,0.000517529,0.000517529,0,0.00237062,0.997229,0.00557596,0.00859766,30.0017,17.8164,0.853506,0.0374791,0.852487,0.08798,0.000851419,0.00123539,0.00215359,0.00033389
61.625,599.25,3.33149e+06,0,0,0,0.125,0,1,0,0.125,0,0,0,0,0,0,0,0,1,1,0,0,0,0,1,0,0,138,73.875,0.3125,0.0375,0.1325,0.0025,0.0025,0,0,0
309.069,60290.5,4203.14,0,0,0,0.94292,0,0.731858,0.469027,0.000442478,0.000442478,0.00309735,0,0.000442478,0,0,0,0,10.3814,11.4044,0.0100619,0.0099469,0.219987,0.220429,0.998372,0.00226991,0.0450354,222.288,201.454,0.835518,0.0168496,0.120606,0.0185133,0.00309735,0.00405752,0.0929779,0.0916681
0.36925,265.621,2209.42,0,0,5.15126e-05,0.040327,8.09484e-05,0.999117,0.00122894,0.000448896,1.47179e-05,0.000463614,0.000286999,0.000103025,0.0103099,0,2.94358e-05,0.00228127,9.66145,12.6392,0.000730743,0.000860776,0.000382886,0.000710286,0.999537,0.000791749,0.0946654,134.931,243.799,0.989656,0.00182428,0.0479017,0.0201605,0.000788658,0.000583859,0.00188485,0.000701896
4.59121,257.855,11857.2,0,0,0.000128399,0.00346676,9.62989e-05,0.99939,0.0108818,0.000995089,6.41993e-05,0.008699,0.00465445,0,0.00112349,0,0,0,7.32735,10.4271,0.00251565,0.0021526,0.000133855,0.000482458,0.999829,0.000310403,0.122317,124.101,244.775,0.994879,0.000981607,0.0707925,0.0218807,0.0016252,0.000635573,0.000791577,0.00041248
97.6305,4493.45,272089,0,0,0.0295567,0.08867,0.0147783,0.980296,4.18227,0.0394089,0.00985222,4.41379,0.0246305,0,0.0344828,0,0,0,2.09852,3.74384,0.0197044,0.0197044,0,0,0.988276,0.0160099,0.0656158,138.729,150.961,0.637685,0.0331034,0.0433498,0.0382759,0.00197044,0.042069,0.0127094,0.00581281
244.75,194.5,3.06622e+07,0,0,0,58.25,0,0.75,0,0,0,0,0,0,0,0,0,0,1,1.5,0.25,0.25,0,0,1,0,0.25,119.25,191.5,0.75,0.0075,0.0125,0.025,0.1175,0.25,0.005,0
88.8677,330.561,58264.2,0,0,0,0.0208703,0.00044405,0.998224,0.841918,0.0111012,0.0053286,0.877886,0.0688277,0,0.0155417,0,0,0,4.5413,6.95693,0.00591474,0.00514654,0.00062611,0.000959147,0.999112,0.00133215,0.125568,115.941,240.862,0.975493,0.00356128,0.0801554,0.025302,0.00388099,0.00182948,0.00179396,0.00132327
2831.33,5994.83,897288,0,0,0.0333333,0.6,0.0333333,0.9,24.3333,0.1,0,25.2333,0.1,0,0,0,0,0,1.13333,1.5,0.0666667,0.0666667,0,0,1,0,0.074,134.467,96.5,0.489667,0.053,0.099,0.054,0.049,0.0996667,0.032,0.00833333
10877.4,188.786,832.317,0,0,0,0.00152905,0,0.103976,0.174312,0.0030581,0.00152905,0.108563,0.2263,0,0.00152905,0,0,0,1.0367,1.25688,0.058104,0.0501835,0.0485168,0.0564373,0.992018,0.0143272,0.0351529,221.656,129.359,0.542722,0.127813,0.0366972,0.0120795,0.283379,0.321422,0.13633,0.0734098
375,4.72356e+07,149136,0,0,0,0,0,0,0,0,0,0,0,0,0,0,0,0,1,1,0,0,0,0,1,0,0,203.5,1.5,0.01,0.035,0.005,0,0,0,0,0
31.6667,195.333,1.3859e+07,0,0,0,2.66667,0,1,0,0.666667,0,0,0,0,0,0,0,0,1,11.3333,0,0,0,0,1,0,0.153333,31,255,1,0,0.04,0.04,0,0,0,0
3.32253,3772.26,253.269,0,0,0,0.00016368,0,0.786398,0,8.18398e-05,0.00016368,0.00253703,0.00834766,0,0.00360095,0,0,0,3.1478,3.45536,0.000311809,0.000430477,0.0100123,0.00226451,0.984576,0.028729,0.204071,181.078,160.066,0.705706,0.0542925,0.0808274,0.0088567,0.00426958,0.000813487,0.0335633,0.00246992
32.3664,15690.1,544.448,0,0,0,0.00863363,0,0.498874,0.000750751,0,0,0,0.0015015,0,0.003003,0,0,0,4.45721,5.06757,0.00567568,0.00533033,0.0113138,0.0121396,0.987384,0.0196734,0.271389,136.044,95.0086,0.495259,0.0595345,0.170983,0.0161374,0.0114902,0.00468844,0.0196584,0.00485736
399.015,3.35086e+06,78505.6,0,0,0,0,0,0,0,0,0,0,0,0,0,0,0,0,1.81538,1.81538,0.0307692,0.0307692,0,0,0.989846,0.0206154,0.0307692,138.938,61.1385,0.297692,0.0704615,0.286,0.0270769,0.00261538,0.0290769,0.0116923,0.000307692
534.431,663.732,114810,0,0,0.00892857,0.118304,0.00446429,0.995536,17.5871,0.0424107,0.0491071,19.2656,0.109375,0,0.0870536,0,0,0,4.91518,7.22098,0.00837054,0.00705357,0,0,1,0,0.0985714,70.0446,212.375,0.899219,0.00712054,0.114464,0.0335714,0.00716518,0.0116071,0.00285714,0.003125
30.9742,244.202,33412.2,0,0,0.00188106,0.0121545,0.000144697,0.999132,0.0681522,0.00260454,0,0.0849371,0.0156273,0.000868181,0.00245985,0,0,0,4.66257,7.09449,0.00384749,0.00330343,0.000277818,0.00139488,0.999428,0.000736507,0.133531,129.218,245.696,0.98821,0.0021719,0.0787961,0.0214036,0.0020764,0.000986833,0.00119086,0.000873969
