0.521105,265.516,2476.16,0,0,4.48333e-05,0.0480389,8.21944e-05,0.999619,0.00171114,0.000478222,1.49444e-05,0.000485694,0.000291417,0.000104611,0.0104985,0,2.98889e-05,0.00221925,9.50537,12.4743,0.000743262,0.000845183,9.34028e-05,0.000525222,0.999739,0.000483453,0.0942544,133.084,243.804,0.989698,0.00184586,0.0500437,0.0204733,0.000812529,0.00058642,0.00150132,0.000359787
308.938,60280.5,4201.45,0,0,0,0.942503,0,0.731977,0.468819,0.000442282,0.000442282,0.00309598,0,0.000442282,0,0,0,0,10.3773,11.4003,0.0100575,0.0099425,0.219889,0.220332,0.998372,0.00226891,0.0454578,222.269,201.446,0.83548,0.016851,0.120557,0.0185095,0.00309598,0.00405573,0.0929368,0.0916276
0.429341,65.0353,116.382,8.44863e-06,0.00115089,1.87747e-06,0.00556577,0.000704053,0.166168,5.3508e-05,2.06522e-05,0,3.00396e-05,3.37945e-05,3.75495e-06,0.000168034,0,1.31423e-05,0.00152639,109.059,10.1467,0.167905,0.167739,0.408117,0.407968,0.463318,0.0677685,0.0370374,232.22,106.091,0.429603,0.0647356,0.028534,0.00676354,0.16741,0.167345,0.40635,0.408172
24.3245,14414.5,451.784,0,0,0,0.00707475,0,0.449708,0.000615195,0,0,0,0.00246078,0,0.00246078,0,0,0,4.89203,5.43156,0.00449708,0.00415564,0.0101661,0.0108428,0.987976,0.0185543,0.245851,135.298,91.6758,0.482439,0.0595694,0.189754,0.016681,0.0100369,0.00406337,0.0184559,0.00451553
97.6305,4493.45,272089,0,0,0.0295567,0.08867,0.0147783,0.980296,4.18227,0.0394089,0.00985222,4.41379,0.0246305,0,0.0344828,0,0,0,2.09852,3.74384,0.0197044,0.0197044,0,0,0.988276,0.0160099,0.0656158,138.729,150.961,0.637685,0.0331034,0.0433498,0.0382759,0.00197044,0.042069,0.0127094,0.00581281
10.2192,257.558,13489.1,0,0,0.00015804,0.00410905,0.00011853,0.999368,0.0166733,0.00130383,0.00011853,0.011695,0.0135124,0,0.00150138,0,0,0,7.27183,10.3015,0.00282181,0.00248044,0.000204267,0.000582379,0.999789,0.000382062,0.116011,122.256,243.384,0.993603,0.00133465,0.073339,0.0220612,0.00195614,0.000861715,0.000972343,0.000551956
1113.25,1249.72,522638,0,0,0,0.150943,0,0.981132,0.0754717,0.0754717,0,0,0,0,0,0,0,0,1.26415,2.16981,0.0188679,0.0188679,0,0,0.990566,0.0188679,0.0120755,136.849,96.5849,0.422075,0.0301887,0.0328302,0.0326415,0.000566038,0.0462264,0.0166038,0.0143396
244.75,194.5,3.06622e+07,0,0,0,58.25,0,0.75,0,0,0,0,0,0,0,0,0,0,1,1.5,0.25,0.25,0,0,1,0,0.25,119.25,191.5,0.75,0.0075,0.0125,0.025,0.1175,0.25,0.005,0
2831.33,5994.83,897288,0,0,0.0333333,0.6,0.0333333,0.9,24.3333,0.1,0,25.2333,0.1,0,0,0,0,0,1.13333,1.5,0.0666667,0.0666667,0,0,1,0,0.074,134.467,96.5,0.489667,0.053,0.099,0.054,0.049,0.0996667,0.032,0.00833333
24.5245,240.253,35208.2,0,0,0.00159972,0.013331,0.000177746,0.999289,0.0439033,0.00266619,0,0.0712762,0.0136865,0.00106648,0.0023107,0,0,0,4.35336,6.762,0.00447032,0.00362069,0.000163526,0.00131177,0.999298,0.000904728,0.130087,133.355,245.18,0.988038,0.00194454,0.0772094,0.0213118,0.00210985,0.000966939,0.00100249,0.000524351
375,4.72356e+07,149136,0,0,0,0,0,0,0,0,0,0,0,0,0,0,0,0,1,1,0,0,0,0,1,0,0,203.5,1.5,0.01,0.035,0.005,0,0,0,0,0
35.0991,263.791,22895,0,0,0.000743573,0.0268749,0.00021245,0.998725,0.0601232,0.0012747,0.000106225,0.0291056,0.0276184,0.000106225,0.00244317,0,0,0,6.13639,8.77969,0.00389314,0.00373805,0.000371787,0.00158912,0.999596,0.000679839,0.115397,109.479,244.828,0.986997,0.0021383,0.0916518,0.0242341,0.00251009,0.00125558,0.00122265,0.00114829
31.6667,195.333,1.3859e+07,0,0,0,2.66667,0,1,0,0.666667,0,0,0,0,0,0,0,0,1,11.3333,0,0,0,0,1,0,0.153333,31,255,1,0,0.04,0.04,0,0,0,0
1394.71,17328,1.63718e+06,0,0,0,0.174603,0,0.952381,4.69841,0.031746,0.015873,0.380952,0.0952381,0,0.047619,0,0,0,1.01587,1.01587,0,0,0,0,0.992063,0.015873,0.015873,124.762,37,0.253175,0.0692063,0.0365079,0.0707937,0.000634921,0.0568254,0.0277778,0.015873
10907.9,189.049,836.792,0,0,0,0.00153846,0,0.104615,0.175385,0.00307692,0.00153846,0.109231,0.227692,0,0.00153846,0,0,0,1.03692,1.25846,0.0584615,0.0504923,0.0488154,0.0567846,0.991969,0.0144154,0.0353692,222.231,130.125,0.544277,0.128046,0.0332462,0.0121538,0.285123,0.3234,0.137138,0.0738615
539.218,667.223,115062,0,0,0.00900901,0.119369,0.0045045,0.995495,17.7455,0.0427928,0.0495495,19.4392,0.11036,0,0.0878378,0,0,0,4.90991,7.16892,0.00844595,0.00711712,0,0,1,0,0.0986712,70.2005,212.556,0.90027,0.00709459,0.114775,0.0336486,0.00720721,0.0117117,0.00288288,0.00315315
0.183804,1123.61,27.9517,0,0.000545028,0,1.6516e-05,0,0.0835159,0,1.37633e-05,1.6516e-05,0.000302793,0.00125246,0,0.000754231,0,0,0,123.666,123.721,2.51594e-05,4.37399e-05,0.000391677,0.000150186,0.998446,0.00289958,0.0362016,243.951,242.74,0.964144,0.00652784,0.906612,0.00136243,0.000641124,0.000102262,0.00254101,0.000395421
0,1031.86,0,0,0,0,0,0,0,0,0,0,0,0,0,0,0,0,0,510.362,510.365,0,0,0,0,1,0,0,254.923,254.834,0.99962,4.82427e-05,0.999622,0,0,0,3.39645e-06,0
1920.2,179.049,224.419,0,0,0,0,0,0.0162602,0,0,0,0,0,0,0,0,0,0,1.04878,1.15041,0,0,0.0365854,0.0365854,0.997967,0.00406504,0.00711382,83.9675,18.935,0.283171,0.191179,0.758496,0,0,0,0.0126829,0.0278455
399.015,3.35086e+06,78505.6,0,0,0,0,0,0,0,0,0,0,0,0,0,0,0,0,1.81538,1.81538,0.0307692,0.0307692,0,0,0.989846,0.0206154,0.0307692,138.938,61.1385,0.297692,0.0704615,0.286,0.0270769,0.00261538,0.0290769,0.0116923,0.000307692
95.2334,336.381,59210.4,0,0,0,0.0223916,0.000476417,0.998094,0.902811,0.0119104,0.00571701,0.941877,0.0738447,0,0.0166746,0,0,0,4.47118,6.90138,0.00634588,0.00552168,0.000671748,0.00102906,0.999047,0.00142925,0.127561,117.556,241.051,0.974612,0.00379705,0.0790853,0.0246737,0.0041496,0.00195331,0.00192473,0.00141972
0,513.397,0.593532,0,0,0,0,0,0,0,0,0,0,0,0,0,0,0,0,510.424,510.425,0,0,0,0,1,1.98393e-07,7.21429e-08,254.928,254.887,0.999789,1.55829e-05,0.998492,2.65486e-05,0,0,0.000192189,0
61.625,599.25,3.33149e+06,0,0,0,0.125,0,1,0,0.125,0,0,0,0,0,0,0,0,1,1,0,0,0,0,1,0,0,138,73.875,0.3125,0.0375,0.1325,0.0025,0.0025,0,0,0
10.5117,263.614,7054.11,0,0,3.88432e-05,0.00600128,1.94216e-05,0.997514,0.00549632,0.000388432,0,0.00221407,0.00217522,3.88432e-05,0.000621492,0,0,0,8.53378,11.5796,0.00136728,0.00143584,0.00185787,0.00251063,0.999741,0.000492144,0.110628,119.505,246.565,0.995491,0.000776088,0.0696867,0.0229195,0.00109985,0.000480103,0.00095904,0.00184894
303.973,307371,1333.88,0,0,0,0.116861,0,0,0,0,0,0,0,0,0,0,0,0,2.06511,2.1419,0.000517529,0.000517529,0,0.00237062,0.997229,0.00557596,0.00859766,30.0017,17.8164,0.853506,0.0374791,0.852487,0.08798,0.000851419,0.00123539,0.00215359,0.00033389
