2.80771,561.826,203.141,3.09426e-06,0.00048958,3.43806e-06,0.00426698,0.000261636,0.125434,0.000132022,3.5412e-05,2.75045e-06,9.79847e-05,0.000188406,6.87612e-06,0.000647043,0,6.18851e-06,0.000661139,287.517,251.459,0.0615547,0.0615,0.149558,0.149502,0.803221,0.0252315,0.0234892,238.438,198.065,0.785261,0.0247388,0.580202,0.00378982,0.0615117,0.0614068,0.149307,0.149596
326.333,259.333,3.23177e+07,0,0,0,0,0,1,0,0,0,0,0,0,0,0,0,0,1,1.66667,0,0,0,0,1,0,0.333333,74,255,1,0,0.0166667,0.0333333,0,0,0,0
317,6.28256e+07,90476,0,0,0,0,0,0,0,0,0,0,0,0,0,0,0,0,1,1,0,0,0,0,1,0,0,152,1,0.01,0.05,0.01,0,0,0,0,0
12.42,2.18455e+06,14578.2,0,0,0,0,0,0,0,0,0,0,0,0,0,0,0,0,1.62,1.6,0,0,0,0,0.9868,0.0268,0.02,127.2,53.98,0.2708,0.0506,0.2706,0.0336,0.0004,0,0.0018,0
27,199,1.07676e+07,0,0,0,0,0,1,0,0,0,0,0,0,0,0,0,0,1,1,0,0,0,0,1,0,0,33,255,1,0,0.03,0.04,0,0,0,0
0,0,2.56959e+07,0,0,0,233,0,0,0,0,0,0,0,0,0,0,0,0,1,1,1,1,0,0,1,0,0,255,1,0,0.03,0,0,0.47,1,0.02,0
1871.04,10175.4,2.13786e+06,0,0,0,0.111111,0,0.925926,0.222222,0.037037,0,0.222222,0.111111,0,0,0,0,0,1,1,0,0,0,0,1,0,0,102.222,28.9259,0.298148,0.0625926,0.0644444,0.052963,0.00148148,0.0318519,0.00148148,0
433,3.16456e+07,207796,0,0,0,0,0,0,0,0,0,0,0,0,0,0,0,0,1,1,0,0,0,0,1,0,0,255,2,0.01,0.02,0,0,0,0,0,0
0,1.52848e+07,21748,0,0,0,0,0,0,0,0,0,0,0,0,0,0,0,0,1,1,1,1,0,0,1,0,0,111,3,0.03,0.06,0.01,0,0.03,1,0,0
254.092,279039,173.782,0,0,0,0.119048,0,0,0,0,0,0,0,0,0,0,0,0,2.04082,2.11905,0.00477891,0.00477891,0,0.00241497,0.997177,0.00568027,0.0087585,27.3537,16.7891,0.86301,0.0351871,0.863027,0.0885544,0.00115646,0.00491497,0.00085034,0
42.5,5.83621e+06,98126.7,0,0,0,0,0,0,0,0,0,0,0,0,0,0,0,0,1,1.16667,0,0,0,0,1,0,0.166667,150,81,0.33,0.255,0.328333,0.0133333,0.00333333,0.00333333,0.101667,0.00333333
1988.07,3616.79,690631,0,0,0,0.393443,0.0163934,0.95082,12.0164,0.0819672,0,12.3115,0.0491803,0,0,0,0,0,1.13115,2,0.0327869,0.0327869,0,0,1,0,0.0263934,130.393,104.213,0.477213,0.04,0.0706557,0.05,0.0244262,0.0521311,0.0167213,0.00409836
7.5,281.5,4.88306e+06,0,0,0,0.5,0,1,0,0.5,0,0,0,0,0,0,0,0,1,1,0,0,0,0,1,0,0,128,255,1,0,0.5,0.01,0,0,0,0
1305.5,18189.4,1.45247e+06,0,0,0.0217391,0.217391,0,0.956522,6.32609,0.0652174,0.0217391,0.521739,0.0652174,0,0.0652174,0,0,0,1.02174,1.06522,0.0217391,0.0217391,0,0,0.98913,0.0217391,0.0434783,138.478,41.4348,0.22413,0.0693478,0.0184783,0.0667391,0.000434783,0.0808696,0.0371739,0.0217391
14.5,9.41988e+06,0,0,0,0,0,0,0,0,0,0,0,0,0,0,0,0,0,1.5,1.5,0,0,0,0,1,0,0,255,99,0.385,0.025,0.385,0,0.005,0.005,0,0
307.257,3554.48,267307,0,0,0.0226415,0.0830189,0.0113208,0.984906,14.766,0.045283,0.0377358,16.0377,0.0188679,0,0.0754717,0,0,0,2.11321,3.55849,0.0150943,0.0150943,0,0,0.989132,0.0160377,0.056717,126.536,148.389,0.637057,0.0300377,0.0708679,0.036566,0.00532075,0.0398113,0.0130189,0.00777358
22,199,1.35054e+07,0,0,0,1,0,1,0,1,0,0,0,0,0,0,0,0,1,25,0,0,0,0,1,0,0.08,45,255,1,0,0.02,0.04,0,0,0,0
46,188,1.7304e+07,0,0,0,7,0,1,0,1,0,0,0,0,0,0,0,0,1,8,0,0,0,0,1,0,0.38,15,255,1,0,0.07,0.04,0,0,0,0
18.4838,266.395,12669.9,0,0,0.000170147,0.00972931,9.28074e-05,0.998376,0.0201392,0.000897138,7.73395e-05,0.0105646,0.0134416,1.54679e-05,0.00119103,0,0,0,7.54439,10.5484,0.00262119,0.00245027,0.000907657,0.00146945,0.999737,0.000470379,0.116026,119.269,245.154,0.993241,0.00121547,0.0750874,0.0228249,0.00173906,0.000848105,0.000929621,0.00111121
297.047,56845.4,3969.21,0,0,0,0.891701,0,0.722822,0.439834,0.000414938,0.000414938,0.00290456,0.00124481,0.000414938,0.000414938,0,0,0,10.3004,11.3058,0.0086639,0.00853527,0.213361,0.214448,0.997539,0.00313278,0.057473,218.416,196.68,0.822041,0.0186349,0.124054,0.0182531,0.00325311,0.00304149,0.0888299,0.0872822
56,1.18615e+07,0,0,0,0,0,0,0,0,0,0,0,0,0,0,0,0,0,1,1,0,0,0,0,1,0,0,255,193,0.76,0.03,0.76,0,0.01,0.01,0,0
3.75,3.30032e+06,175177,0,0,0,0,0,0,0,0,0,0,0,0,0,0,0,0,6.25,6.25,0.25,0.25,0,0,1,0,0,210.5,98.25,0.4,0.04,0.3825,0,0.02,0.2125,0.015,0
822.275,591806,18750.3,0,0,0,0,0,0,0,0,0,0,0,0,0,0,0,0,2.35,2.375,0,0,0,0,1,0,0.01675,132.975,50.725,0.312,0.09425,0.29675,0.03275,0.00225,0.0005,0.0245,0.005
68.1766,293.08,46624.2,0,0,0.00176295,0.0226471,0.000542446,0.998644,0.941687,0.0070518,0.0035259,1.03729,0.0353946,0.00081367,0.0100353,0,0,0,4.47315,6.87537,0.00487117,0.00400597,0.000315975,0.00128831,0.999193,0.0010971,0.128305,128.372,241.955,0.97955,0.00276105,0.0791497,0.0225997,0.00278953,0.00187686,0.00136697,0.00097776
12481,8.00626e+06,1.53137e+06,0,0,0,0,0,0,0,0,0,0,0,0,0,0,0,0,1,1,0,0,0,0,1,0,0,58,4.5,0.39,0.16,0.065,0,0,0,0,0
