1113.25,1249.72,522638,0,0,0,0.150943,0,0.981132,0.0754717,0.0754717,0,0,0,0,0,0,0,0,1.26415,2.16981,0.0188679,0.0188679,0,0,0.990566,0.0188679,0.0120755,136.849,96.5849,0.422075,0.0301887,0.0328302,0.0326415,0.000566038,0.0462264,0.0166038,0.0143396
0,508.04,0,0,0,0,0,0,0,0,0,0,0,0,0,0,0,0,0,510.919,510.919,0,0,0,0,1,0,0,254.378,254.019,0.998129,9.51694e-05,0.998129,0.000235841,0,0,0.00170728,0
2831.33,5994.83,897288,0,0,0.0333333,0.6,0.0333333,0.9,24.3333,0.1,0,25.2333,0.1,0,0,0,0,0,1.13333,1.5,0.0666667,0.0666667,0,0,1,0,0.074,134.467,96.5,0.489667,0.053,0.099,0.054,0.049,0.0996667,0.032,0.00833333
536.8,665.332,114936,0,0,0.00896861,0.118834,0.0044843,0.995516,17.6659,0.0426009,0.0493274,19.352,0.109865,0,0.0874439,0,0,0,4.92377,7.23991,0.00840807,0.0070852,0,0,1,0,0.0990135,70.0381,212.747,0.900717,0.00706278,0.114507,0.0335874,0.00717489,0.0116592,0.00286996,0.00313901
0.820392,64.1839,108,8.50612e-06,0.00115872,0,0.00559514,0.000708843,0.160382,5.38721e-05,2.07927e-05,0,3.49696e-05,5.19818e-05,3.7805e-06,0.000181464,0,1.32317e-05,0.00153583,109.547,9.9392,0.169041,0.168874,0.410883,0.410734,0.459657,0.0682515,0.0368358,232.708,104.942,0.425043,0.0652844,0.0283989,0.00669671,0.16855,0.168483,0.409106,0.410938
0,1031.86,0,0,0,0,0,0,0,0,0,0,0,0,0,0,0,0,0,510.3,510.303,0,0,0,0,1,0,0,254.923,254.834,0.99962,4.82286e-05,0.999622,0,0,0,3.39546e-06,0
97.6305,4493.45,272089,0,0,0.0295567,0.08867,0.0147783,0.980296,4.18227,0.0394089,0.00985222,4.41379,0.0246305,0,0.0344828,0,0,0,2.09852,3.74384,0.0197044,0.0197044,0,0,0.988276,0.0160099,0.0656158,138.729,150.961,0.637685,0.0331034,0.0433498,0.0382759,0.00197044,0.042069,0.0127094,0.00581281
1394.71,17328,1.63718e+06,0,0,0,0.174603,0,0.952381,4.69841,0.031746,0.015873,0.380952,0.0952381,0,0.047619,0,0,0,1.01587,1.01587,0,0,0,0,0.992063,0.015873,0.015873,124.762,37,0.253175,0.0692063,0.0365079,0.0707937,0.000634921,0.0568254,0.0277778,0.015873
375,4.72356e+07,149136,0,0,0,0,0,0,0,0,0,0,0,0,0,0,0,0,1,1,0,0,0,0,1,0,0,203.5,1.5,0.01,0.035,0.005,0,0,0,0,0
399.015,3.35086e+06,78505.6,0,0,0,0,0,0,0,0,0,0,0,0,0,0,0,0,1.81538,1.81538,0.0307692,0.0307692,0,0,0.989846,0.0206154,0.0307692,138.938,61.1385,0.297692,0.0704615,0.286,0.0270769,0.00261538,0.0290769,0.0116923,0.000307692
0,53.1548,53.0761,0,0,0,0,0,0,0,0,0,0,0,0,0,0,0,0,490.737,490.77,0,0,0,0,1,5.30191e-05,4.27099e-05,254.773,254.494,0.999013,0.000611193,0.8677,0,0,0,0,0
27.0511,242.906,34668,0,0,0.0014985,0.0128205,0.0001665,0.999001,0.0417915,0.0024975,0,0.0669331,0.015318,0.000999001,0.0021645,0,0,0,4.38178,6.80619,0.00424742,0.00347985,0.00015318,0.00124875,0.999342,0.000847486,0.129417,131.819,245.449,0.98805,0.00202964,0.0785598,0.0213054,0.00211955,0.00103397,0.00119214,0.000631036
10862.4,193.605,843.646,0,0,0,0.00152439,0,0.103659,0.17378,0.00304878,0.00152439,0.108232,0.22561,0,0.00152439,0,0,0,1.03659,1.2561,0.0579268,0.0500305,0.0514177,0.059314,0.992043,0.0142835,0.0350457,221.043,128.988,0.542332,0.127896,0.036814,0.0120427,0.282515,0.320442,0.137134,0.0760976
93.5061,334.695,58950,0,0,0,0.0219832,0.000467727,0.998129,0.886342,0.0116932,0.00561272,0.924696,0.0724977,0,0.0163704,0,0,0,4.55847,6.9855,0.00623012,0.00542095,0.000659495,0.00101029,0.999065,0.00140318,0.125931,116.789,240.806,0.974659,0.00374181,0.0795744,0.0248269,0.00407858,0.00191768,0.00188962,0.00139383
303.973,307371,1333.88,0,0,0,0.116861,0,0,0,0,0,0,0,0,0,0,0,0,2.06511,2.1419,0.000517529,0.000517529,0,0.00237062,0.997229,0.00557596,0.00859766,30.0017,17.8164,0.853506,0.0374791,0.852487,0.08798,0.000851419,0.00123539,0.00215359,0.00033389
0,519.993,0,0,0,0,0,0,0,0,0,0,0,0,0,0,0,0,0,510.426,510.428,0,0,0,0,1,0,0,254.998,254.998,1,0,1,0,0,0,0,0
35.6139,282.867,22046.6,0,0,0.0006852,0.0247651,0.000195771,0.998042,0.0567737,0.0013704,9.78857e-05,0.0267228,0.023982,9.78857e-05,0.00244714,0,0,0,6.22504,8.88675,0.00463684,0.00446261,0.0003426,0.00147122,0.999628,0.000626468,0.114625,109.556,244.441,0.987369,0.00225431,0.0911149,0.0243354,0.002778,0.0018148,0.00105619,0.00106891
244.75,194.5,3.06622e+07,0,0,0,58.25,0,0.75,0,0,0,0,0,0,0,0,0,0,1,1.5,0.25,0.25,0,0,1,0,0.25,119.25,191.5,0.75,0.0075,0.0125,0.025,0.1175,0.25,0.005,0
295.688,58558.1,3974.61,0,0,0,0.888384,0,0.714345,0.438198,0.000413394,0.000413394,0.00289376,0.00124018,0.000413394,0,0,0,0,10.2534,11.2522,0.00965688,0.00952873,0.212162,0.213245,0.997549,0.00312112,0.0550558,217.608,195.286,0.817718,0.0190409,0.126354,0.0183423,0.00333196,0.00391484,0.0882761,0.0866391
31.6667,195.333,1.3859e+07,0,0,0,2.66667,0,1,0,0.666667,0,0,0,0,0,0,0,0,1,11.3333,0,0,0,0,1,0,0.153333,31,255,1,0,0.04,0.04,0,0,0,0
9.03059,259.58,12904.6,0,0,0.000147427,0.0037594,0.000110571,0.999373,0.0150745,0.00114256,0.000110571,0.0109096,0.012605,0,0.0013637,0,0,0,7.37465,10.4548,0.00284387,0.00245024,0.00019055,0.000559487,0.999803,0.000356406,0.117598,122.261,243.971,0.99415,0.00120043,0.0726087,0.0220898,0.00196705,0.000812693,0.000904467,0.000486879
10.833,265.068,6665.45,0,0,3.75404e-05,0.00677603,1.87702e-05,0.997466,0.00621293,0.000394174,0,0.0021398,0.00210226,3.75404e-05,0.000656956,0,0,0,8.65084,11.671,0.00122907,0.00135708,0.00195229,0.002616,0.999731,0.000513177,0.107642,119.673,246.091,0.99521,0.000797733,0.0689545,0.0228613,0.00101152,0.000474698,0.000976612,0.00188715
61.625,599.25,3.33149e+06,0,0,0,0.125,0,1,0,0.125,0,0,0,0,0,0,0,0,1,1,0,0,0,0,1,0,0,138,73.875,0.3125,0.0375,0.1325,0.0025,0.0025,0,0,0
0.232927,1228.56,30.2667,0,0.000542537,0,1.64405e-05,0,0.0849564,0,1.37004e-05,1.64405e-05,0.000287709,0.00120838,0,0.000737083,0,0,0,122.95,123.008,4.12931e-05,5.53771e-05,0.000432769,0.000193971,0.998404,0.00294589,0.0373195,243.392,241.905,0.961489,0.00679914,0.903043,0.00144244,0.000703024,0.000116618,0.00265353,0.000416438
0.435641,265.653,2328.45,0,0,5.83588e-05,0.0466214,8.02434e-05,0.999467,0.00129848,0.000459576,1.45897e-05,0.000474165,0.000284499,0.000102128,0.0102201,0,2.91794e-05,0.00217387,9.60608,12.5802,0.000746482,0.000845035,0.000174493,0.000572062,0.999683,0.0005574,0.094621,134.402,243.846,0.989947,0.00180606,0.0488423,0.0202132,0.000799297,0.000570238,0.00160822,0.00046118
