0.0719387,1096.68,8.70604,0,0.000175842,0,4.44044e-06,0,0.024315,0,3.55235e-06,1.77618e-06,7.72637e-05,0.000329481,0,0.000184722,0,0,0,386.865,386.884,1.20514e-05,1.5284e-05,0.000138489,5.74149e-05,0.999583,0.000763126,0.010619,251.726,251.225,0.989012,0.00195429,0.972155,0.000402668,0.000210068,3.12607e-05,0.000800523,0.000115336
61.625,599.25,3.33149e+06,0,0,0,0.125,0,1,0,0.125,0,0,0,0,0,0,0,0,1,1,0,0,0,0,1,0,0,138,73.875,0.3125,0.0375,0.1325,0.0025,0.0025,0,0,0
244.75,194.5,3.06622e+07,0,0,0,58.25,0,0.75,0,0,0,0,0,0,0,0,0,0,1,1.5,0.25,0.25,0,0,1,0,0.25,119.25,191.5,0.75,0.0075,0.0125,0.025,0.1175,0.25,0.005,0
40.3142,286.777,24449,0,0,0.00113947,0.0275752,0.000227894,0.997949,0.0556062,0.00170921,0.000113947,0.0304239,0.0262078,0,0.00227894,0,0,0,5.8023,8.37967,0.00506381,0.00489289,0.000398815,0.00134116,0.999681,0.000501367,0.117306,109.265,245.31,0.986592,0.00251595,0.089632,0.0242126,0.00271194,0.00183569,0.00133546,0.00109047
2831.33,5994.83,897288,0,0,0.0333333,0.6,0.0333333,0.9,24.3333,0.1,0,25.2333,0.1,0,0,0,0,0,1.13333,1.5,0.0666667,0.0666667,0,0,1,0,0.074,134.467,96.5,0.489667,0.053,0.099,0.054,0.049,0.0996667,0.032,0.00833333
399.015,3.35086e+06,78505.6,0,0,0,0,0,0,0,0,0,0,0,0,0,0,0,0,1.81538,1.81538,0.0307692,0.0307692,0,0,0.989846,0.0206154,0.0307692,138.938,61.1385,0.297692,0.0704615,0.286,0.0270769,0.00261538,0.0290769,0.0116923,0.000307692
0,513.389,0.594719,0,0,0,0,0,0,0,0,0,0,0,0,0,0,0,0,510.439,510.44,0,0,0,0,1,2.70544e-07,1.4429e-07,254.928,254.887,0.999789,1.56194e-05,0.99848,2.65494e-05,0,0,0.000192195,0
10.0774,264.479,4884.59,0,0,0.000140885,0.0295657,0,0.997585,0.00348187,0.000402528,0,0.0014491,0.000322022,8.05056e-05,0.000664171,0,0,0.000885561,8.71441,11.6431,0.000956406,0.00113231,0.00184821,0.00251379,0.999691,0.000590508,0.10196,113.815,244.863,0.994609,0.000875498,0.0685813,0.0238566,0.000965061,0.000544218,0.00094433,0.00176609
1113.25,1249.72,522638,0,0,0,0.150943,0,0.981132,0.0754717,0.0754717,0,0,0,0,0,0,0,0,1.26415,2.16981,0.0188679,0.0188679,0,0,0.990566,0.0188679,0.0120755,136.849,96.5849,0.422075,0.0301887,0.0328302,0.0326415,0.000566038,0.0462264,0.0166038,0.0143396
10901.6,190.143,845.65,0,0,0,0.0015361,0,0.104455,0.175115,0.0030722,0.0015361,0.109063,0.227343,0,0.0015361,0,0,0,1.03687,1.25806,0.0583717,0.0504147,0.0502765,0.0582335,0.991982,0.0143932,0.0353149,221.925,129.937,0.543978,0.127988,0.0332565,0.0121352,0.284685,0.322903,0.137389,0.0750998
99.1225,340.679,59685.2,0,0,0,0.0233135,0.000496032,0.998016,0.93998,0.0124008,0.00595238,0.980655,0.0768849,0,0.0173611,0,0,0,4.48512,6.91369,0.00655258,0.00569444,0.000699405,0.00107143,0.999008,0.0014881,0.125789,117.645,240.646,0.974063,0.00394841,0.0777927,0.0247867,0.0040625,0.00203373,0.00199901,0.00147817
1.03503,169.073,268.732,0,3.6669e-05,0,0.0134966,0.00171611,0.40352,0.000139342,5.62258e-05,9.7784e-06,0.000129564,0.000305575,9.7784e-06,0.000616039,0,2.93352e-05,0.00372068,5.88468,7.88255,0.000308582,0.000435823,0.000769951,0.000639458,0.996665,0.00588535,0.0680607,209.354,246.147,0.97956,0.00782465,0.0265728,0.00946642,0.00041722,0.000294623,0.00204535,0.000885678
375,4.72356e+07,149136,0,0,0,0,0,0,0,0,0,0,0,0,0,0,0,0,1,1,0,0,0,0,1,0,0,203.5,1.5,0.01,0.035,0.005,0,0,0,0,0
97.6305,4493.45,272089,0,0,0.0295567,0.08867,0.0147783,0.980296,4.18227,0.0394089,0.00985222,4.41379,0.0246305,0,0.0344828,0,0,0,2.09852,3.74384,0.0197044,0.0197044,0,0,0.988276,0.0160099,0.0656158,138.729,150.961,0.637685,0.0331034,0.0433498,0.0382759,0.00197044,0.042069,0.0127094,0.00581281
1838.98,147.285,133.446,0,0,0,0,0,0.0165289,0,0,0,0,0,0,0,0,0,0,1.04959,1.15289,0,0,0.0165289,0.0165289,0.997934,0.00413223,0.00723141,86.0537,19.095,0.279008,0.191157,0.769628,0,0,0,0.00549587,0.0113636
295.452,58534.5,3971.6,0,0,0,0.88765,0,0.714581,0.437836,0.000413052,0.000413052,0.00289137,0.00123916,0.000413052,0.000413052,0,0,0,10.2458,11.2437,0.00964891,0.00952086,0.211987,0.213069,0.997551,0.00311855,0.0550103,217.584,195.252,0.817646,0.0190417,0.126254,0.0183354,0.0033292,0.00391161,0.0882032,0.0865675
303.973,307371,1333.88,0,0,0,0.116861,0,0,0,0,0,0,0,0,0,0,0,0,2.06511,2.1419,0.000517529,0.000517529,0,0.00237062,0.997229,0.00557596,0.00859766,30.0017,17.8164,0.853506,0.0374791,0.852487,0.08798,0.000851419,0.00123539,0.00215359,0.00033389
539.218,667.223,115062,0,0,0.00900901,0.119369,0.0045045,0.995495,17.7455,0.0427928,0.0495495,19.4392,0.11036,0,0.0878378,0,0,0,4.90991,7.16892,0.00844595,0.00711712,0,0,1,0,0.0986712,70.2005,212.556,0.90027,0.00709459,0.114775,0.0336486,0.00720721,0.0117117,0.00288288,0.00315315
0.0551606,1.96692,1.82806,1.38413e-05,0.00186242,0,1.23034e-05,7.38201e-05,0.00696985,0,0,0,3.07584e-06,0,0,0,0,3.07584e-06,7.22822e-05,174.785,11.4317,0.274872,0.274514,0.668067,0.667923,0.122707,0.107631,0.0190551,247.392,15.569,0.0746181,0.101722,0.0300554,0.00490535,0.27403,0.273979,0.664467,0.668109
0.237921,266.284,2043.13,0,0,2.46635e-05,0.0448219,9.0433e-05,0.999087,0.00120029,0.000452165,1.64424e-05,0.000411059,0.000271299,9.86542e-05,0.0114768,0,3.28847e-05,0.00254857,9.76738,12.7534,0.000714832,0.000849002,0.000386642,0.00070694,0.999495,0.000859854,0.0940431,137.591,243.576,0.988886,0.00195927,0.0459871,0.0196492,0.000786109,0.000572277,0.00205036,0.000754458
1394.71,17328,1.63718e+06,0,0,0,0.174603,0,0.952381,4.69841,0.031746,0.015873,0.380952,0.0952381,0,0.047619,0,0,0,1.01587,1.01587,0,0,0,0,0.992063,0.015873,0.015873,124.762,37,0.253175,0.0692063,0.0365079,0.0707937,0.000634921,0.0568254,0.0277778,0.015873
14.8868,257.712,14740.2,0,0,0,0.00457475,0.000147572,0.999262,0.0210537,0.00122977,0.000147572,0.0129864,0.0185941,4.91908e-05,0.00186925,0,0,0,7.30075,10.2627,0.00282355,0.00241625,0.000172168,0.000742289,0.999828,0.000344336,0.113081,124.151,242.23,0.992984,0.00139013,0.0723198,0.0217546,0.0022249,0.00101087,0.000982832,0.000633578
21.839,241.893,36676.2,0,0,0.00128123,0.0149477,0.000213538,0.999146,0.0491138,0.00234892,0,0.0745249,0.0119581,0.00128123,0.002776,0,0,0,4.38245,6.79842,0.00397822,0.00314542,0.000196455,0.0014969,0.999263,0.000873372,0.131542,137.727,244.266,0.987117,0.00193039,0.077792,0.0208712,0.0020884,0.00112108,0.00102925,0.000629938
31.6667,195.333,1.3859e+07,0,0,0,2.66667,0,1,0,0.666667,0,0,0,0,0,0,0,0,1,11.3333,0,0,0,0,1,0,0.153333,31,255,1,0,0.04,0.04,0,0,0,0
3.58216,263.966,8954.71,0,0,0.000123103,0.00769396,3.07759e-05,0.998954,0.00874034,0.000553965,0,0.00455483,0.00360078,0,0.000338534,0,0,0,8.18739,11.3247,0.00200382,0.00190656,0.000549349,0.000957129,0.999784,0.000379774,0.117428,121.424,247.343,0.995986,0.000662296,0.0716742,0.022668,0.00121811,0.000474872,0.00055335,0.000581048
