2.8077,561.994,203.141,3.09424e-06,0.000489577,3.43804e-06,0.00426695,0.000261635,0.125437,0.000132021,3.54118e-05,2.75043e-06,9.79842e-05,0.000188405,6.87608e-06,0.000647039,0,6.18847e-06,0.000661135,287.516,251.458,0.0615543,0.0614997,0.149558,0.149501,0.803222,0.0252313,0.0234911,238.437,198.064,0.785259,0.024739,0.5802,0.00378989,0.0615114,0.0614064,0.149306,0.149595
317,6.28256e+07,90476,0,0,0,0,0,0,0,0,0,0,0,0,0,0,0,0,1,1,0,0,0,0,1,0,0,152,1,0.01,0.05,0.01,0,0,0,0,0
0,0,2.56959e+07,0,0,0,233,0,0,0,0,0,0,0,0,0,0,0,0,1,1,1,1,0,0,1,0,0,255,1,0,0.03,0,0,0.47,1,0.02,0
290.193,298723,337.624,0,0,0,0.11745,0,0,0,0,0,0,0,0,0,0,0,0,2.07047,2.14765,0.00219799,0.00219799,0,0.00238255,0.997215,0.00560403,0.00864094,29.7483,17.8775,0.856997,0.0359396,0.856023,0.0884228,0.000939597,0.00291946,0.00100671,0.00033557
2091.12,11330.6,1.91955e+06,0,0,0,0.125,0,0.916667,0.25,0.0416667,0,0.25,0.125,0,0,0,0,0,1,1,0,0,0,0,1,0,0,87.625,33.0833,0.332083,0.0691667,0.0754167,0.06125,0.000833333,0.0670833,0.00166667,0.00458333
433,3.16456e+07,207796,0,0,0,0,0,0,0,0,0,0,0,0,0,0,0,0,1,1,0,0,0,0,1,0,0,255,2,0.01,0.02,0,0,0,0,0,0
31.6667,195.333,1.3859e+07,0,0,0,2.66667,0,1,0,0.666667,0,0,0,0,0,0,0,0,1,11.3333,0,0,0,0,1,0,0.153333,31,255,1,0,0.04,0.04,0,0,0,0
2.3125,2.1987e+06,0,0,0,0,0,0,0,0,0,0,0,0,0,0,0,0,0,1.64583,1.625,0,0,0,0,0.98625,0.0279167,0.0208333,129.208,56.0625,0.279583,0.0489583,0.279375,0.035,0.000416667,0,0.001875,0
0,1.52848e+07,21748,0,0,0,0,0,0,0,0,0,0,0,0,0,0,0,0,1,1,1,1,0,0,1,0,0,111,3,0.03,0.06,0.01,0,0.03,1,0,0
12481,8.00626e+06,1.53137e+06,0,0,0,0,0,0,0,0,0,0,0,0,0,0,0,0,1,1,0,0,0,0,1,0,0,58,4.5,0.39,0.16,0.065,0,0,0,0,0
326.333,259.333,3.23177e+07,0,0,0,0,0,1,0,0,0,0,0,0,0,0,0,0,1,1.66667,0,0,0,0,1,0,0.333333,74,255,1,0,0.0166667,0.0333333,0,0,0,0
79.6667,705.167,2.8143e+06,0,0,0,0,0,1,0,0,0,0,0,0,0,0,0,0,1,1,0,0,0,0,1,0,0,141.333,13.5,0.0833333,0.05,0.01,0,0.00333333,0,0,0
71,5.13886e+06,196253,0,0,0,0,0,0,0,0,0,0,0,0,0,0,0,0,1,1,0,0,0,0,1,0,0,128,79.6667,0.346667,0.27,0.343333,0.0133333,0.00333333,0.00333333,0.203333,0.00666667
68.1766,293.08,46624.2,0,0,0.00176295,0.0226471,0.000542446,0.998644,0.941687,0.0070518,0.0035259,1.03729,0.0353946,0.00081367,0.0100353,0,0,0,4.47315,6.87537,0.00487117,0.00400597,0.000315975,0.00128831,0.999193,0.0010971,0.128305,128.372,241.955,0.97955,0.00276105,0.0791497,0.0225997,0.00278953,0.00187686,0.00136697,0.00097776
1393.16,19425.2,1.43212e+06,0,0,0.0232558,0.232558,0,0.953488,6.76744,0.0697674,0.0232558,0.55814,0.0697674,0,0.0697674,0,0,0,1.02326,1.06977,0.0232558,0.0232558,0,0,0.988372,0.0232558,0.0465116,143.698,42.1395,0.23,0.067907,0.0167442,0.0704651,0.000465116,0.0690698,0.0397674,0.0206977
7.5,281.5,4.88306e+06,0,0,0,0.5,0,1,0,0.5,0,0,0,0,0,0,0,0,1,1,0,0,0,0,1,0,0,128,255,1,0,0.5,0.01,0,0,0,0
18.4838,266.395,12669.9,0,0,0.000170147,0.00972931,9.28074e-05,0.998376,0.0201392,0.000897138,7.73395e-05,0.0105646,0.0134416,1.54679e-05,0.00119103,0,0,0,7.54439,10.5484,0.00262119,0.00245027,0.000907657,0.00146945,0.999737,0.000470379,0.116026,119.269,245.154,0.993241,0.00121547,0.0750874,0.0228249,0.00173906,0.000848105,0.000929621,0.00111121
28.3333,1.02338e+07,0,0,0,0,0,0,0,0,0,0,0,0,0,0,0,0,0,1.33333,1.33333,0,0,0,0,1,0,0,255,130.333,0.51,0.0266667,0.51,0,0.00666667,0.00666667,0,0
1868.6,1.28754e+06,127483,0,0,0,0,0,0,0,0,0,0,0,0,0,0,0,0,1,1,0,0,0,0,1,0,0,90.8,4.2,0.108,0.242,0.096,0,0,0,0.138,0
1988.07,3616.79,690631,0,0,0,0.393443,0.0163934,0.95082,12.0164,0.0819672,0,12.3115,0.0491803,0,0,0,0,0,1.13115,2,0.0327869,0.0327869,0,0,1,0,0.0263934,130.393,104.213,0.477213,0.04,0.0706557,0.05,0.0244262,0.0521311,0.0167213,0.00409836
295.696,58410,3955.36,0,0,0,0.88765,0,0.715407,0.437836,0.000413052,0.000413052,0.00289137,0.00123916,0.000413052,0.000413052,0,0,0,10.2635,11.2615,0.00924411,0.00911607,0.212392,0.213474,0.997551,0.00311855,0.0550103,217.657,195.433,0.818348,0.018988,0.126245,0.0183395,0.00331268,0.00350268,0.0884841,0.0868484
3.75,3.30032e+06,175177,0,0,0,0,0,0,0,0,0,0,0,0,0,0,0,0,6.25,6.25,0.25,0.25,0,0,1,0,0,210.5,98.25,0.4,0.04,0.3825,0,0.02,0.2125,0.015,0
14,6.53355e+06,0,0,0,0,0,0,0,0,0,0,0,0,0,0,0,0,0,1,1.33333,0,0,0,0,1,0,0.333333,172,82.3333,0.313333,0.24,0.313333,0.0133333,0.00333333,0.00333333,0,0
307.257,3554.48,267307,0,0,0.0226415,0.0830189,0.0113208,0.984906,14.766,0.045283,0.0377358,16.0377,0.0188679,0,0.0754717,0,0,0,2.11321,3.55849,0.0150943,0.0150943,0,0,0.989132,0.0160377,0.056717,126.536,148.389,0.637057,0.0300377,0.0708679,0.036566,0.00532075,0.0398113,0.0130189,0.00777358
508,2.05162e+06,728912,0,0,0,0,0,0,0,0,0,0,0,0,0,0,0,0,1,1,0,0,0,0,1,0,0,95,1,0.01,0.08,0.01,0,0,0,0,0
