0.0718644,1092.47,9.31972,0,0.00017545,0,5.31666e-06,0,0.0261677,0,4.43055e-06,5.31666e-06,8.59527e-05,0.000362419,0,0.000217983,0,0,0,386.006,386.026,1.27777e-05,1.68893e-05,0.000136496,5.9715e-05,0.999562,0.000801664,0.0114877,251.439,250.939,0.988179,0.00209799,0.970123,0.00043477,0.000217443,3.48684e-05,0.000837968,0.000126324
317,6.28256e+07,90476,0,0,0,0,0,0,0,0,0,0,0,0,0,0,0,0,1,1,0,0,0,0,1,0,0,152,1,0.01,0.05,0.01,0,0,0,0,0
0,0,2.56959e+07,0,0,0,233,0,0,0,0,0,0,0,0,0,0,0,0,1,1,1,1,0,0,1,0,0,255,1,0,0.03,0,0,0.47,1,0.02,0
14.5,9.41988e+06,0,0,0,0,0,0,0,0,0,0,0,0,0,0,0,0,0,1.5,1.5,0,0,0,0,1,0,0,255,99,0.385,0.025,0.385,0,0.005,0.005,0,0
12.6327,2.1957e+06,14875.8,0,0,0,0,0,0,0,0,0,0,0,0,0,0,0,0,1.63265,1.61224,0,0,0,0,0.986531,0.0273469,0.0204082,128.51,54.9388,0.274082,0.0495918,0.273878,0.0342857,0.000408163,0,0.00183673,0
433,3.16456e+07,207796,0,0,0,0,0,0,0,0,0,0,0,0,0,0,0,0,1,1,0,0,0,0,1,0,0,255,2,0.01,0.02,0,0,0,0,0,0
27,199,1.07676e+07,0,0,0,0,0,1,0,0,0,0,0,0,0,0,0,0,1,1,0,0,0,0,1,0,0,33,255,1,0,0.03,0.04,0,0,0,0
5,3.88695e+06,0,0,0,0,0,0,0,0,0,0,0,0,0,0,0,0,0,1,1,0,0,0,0,1,0,0,255,190,0.75,0.03,0.75,0,0.01,0.01,0,0
672.857,525951,3217.03,0,0,0,0,0,0,0,0,0,0,0,0,0,0,0,0,2.37143,2.4,0,0,0,0,1,0,0.0191429,133.514,54.7714,0.333429,0.0751429,0.317714,0.0374286,0.00257143,0.000571429,0.00828571,0.00571429
14,6.53355e+06,0,0,0,0,0,0,0,0,0,0,0,0,0,0,0,0,0,1,1.33333,0,0,0,0,1,0,0.333333,172,82.3333,0.313333,0.24,0.313333,0.0133333,0.00333333,0.00333333,0,0
185.8,872,2.16139e+06,0,0,0,0.4,0,1,1.2,0,0,1.2,0.6,0,0,0,0,0,1,1,0,0,0,0,1,0,0,105.6,13.4,0.11,0.076,0.012,0.122,0.004,0,0.006,0
326.333,259.333,3.23177e+07,0,0,0,0,0,1,0,0,0,0,0,0,0,0,0,0,1,1.66667,0,0,0,0,1,0,0.333333,74,255,1,0,0.0166667,0.0333333,0,0,0,0
32.9615,241.897,32951.4,0,0,0.00185185,0.0125926,0.000185185,0.998889,0.0451852,0.00259259,0,0.0716667,0.0181481,0.000925926,0.00222222,0,0,0,4.31037,6.73519,0.00430741,0.00361296,0.00017037,0.00113889,0.999269,0.000942593,0.13498,131.023,246.355,0.988506,0.00189444,0.0761741,0.0209981,0.00190741,0.00110926,0.00129074,0.000701852
21.4712,266.318,4995.89,0,0,0.000139665,0.0301277,0,0.996848,0.00440942,0.000399042,0,0.0013767,0.000339186,7.98085e-05,0.00065842,0,0,0.000877893,8.73542,11.6538,0.000974062,0.00119034,0.00238747,0.00309338,0.999651,0.000658619,0.101512,114.385,244.719,0.994028,0.000955108,0.0684493,0.0236929,0.00097925,0.000506784,0.0011255,0.00230287
0,1.52848e+07,21748,0,0,0,0,0,0,0,0,0,0,0,0,0,0,0,0,1,1,1,1,0,0,1,0,0,111,3,0.03,0.06,0.01,0,0.03,1,0,0
56,1.18615e+07,0,0,0,0,0,0,0,0,0,0,0,0,0,0,0,0,0,1,1,0,0,0,0,1,0,0,255,193,0.76,0.03,0.76,0,0.01,0.01,0,0
7,244,4.56294e+06,0,0,0,1,0,1,0,1,0,0,0,0,0,0,0,0,1,1,0,0,0,0,1,0,0,1,255,1,0,1,0.02,0,0,0,0
46,188,1.7304e+07,0,0,0,7,0,1,0,1,0,0,0,0,0,0,0,0,1,8,0,0,0,0,1,0,0.38,15,255,1,0,0.07,0.04,0,0,0,0
271.249,283256,89.0545,0,0,0,0.127273,0,0,0,0,0,0,0,0,0,0,0,0,1.89455,1.97818,0.000181818,0.000181818,0,0.00258182,0.997891,0.00425455,0.00814545,19.5036,13.9564,0.899655,0.0331091,0.899655,0.0934364,0.000709091,0.00121818,0.000563636,0
1465.97,1496,511170,0,0,0,0.2,0,0.975,0.1,0.1,0,0,0,0,0,0,0,0,1.325,2.225,0.025,0.025,0,0,0.9875,0.025,0.01225,139.275,95.875,0.433,0.03175,0.039,0.038,0.00075,0.02175,0.02175,0.017
179.997,383.526,72345,0,0,0,0.0306878,0.0021164,0.997884,2.15873,0.0126984,0.0126984,2.29418,0.0783069,0,0.031746,0,0,0,5.0963,6.91746,0.00497354,0.00487831,0.00149206,0.0015873,0.997884,0.0031746,0.122243,110.452,235.387,0.954974,0.00677249,0.0824339,0.0265503,0.00277249,0.00296296,0.0038836,0.00268783
5.35723,62.6335,94.9034,8.59493e-06,0.00117082,0,0.00444931,0.000716244,0.150021,5.34796e-05,1.71899e-05,0,4.29746e-05,7.63994e-05,0,0.000204368,0,1.33699e-05,0.00136086,110.736,10.0521,0.170833,0.170652,0.415153,0.415009,0.453962,0.0690741,0.0365769,233.966,103.232,0.418255,0.0661284,0.0286006,0.00650135,0.170476,0.17043,0.413407,0.415219
1544.88,33787.5,1.38282e+06,0,0,0,0.333333,0,0.958333,12.0833,0.0416667,0.0416667,0.75,0.125,0,0.125,0,0,0,1.04167,1,0,0,0,0,0.979167,0.0416667,0,146.958,19.5417,0.139583,0.09,0.01375,0.0291667,0.000833333,0.0466667,0.03875,0.01
3.33333,3.10477e+06,233569,0,0,0,0,0,0,0,0,0,0,0,0,0,0,0,0,8,8,0.333333,0.333333,0,0,1,0,0,195.667,67.6667,0.283333,0.0433333,0.26,0,0.0233333,0.28,0.02,0
22,199,1.35054e+07,0,0,0,1,0,1,0,1,0,0,0,0,0,0,0,0,1,25,0,0,0,0,1,0,0.08,45,255,1,0,0.02,0.04,0,0,0,0
0,513.403,0.592751,0,0,0,0,0,0,0,0,0,0,0,0,0,0,0,0,510.427,510.429,0,0,0,0,1,1.80361e-07,5.41082e-08,254.928,254.887,0.999789,1.55651e-05,0.998496,2.65491e-05,0,0,0.000192192,0
185.165,48925.4,4567.81,0,0,0,1.01991,0,0.737915,0.502844,0.000473934,0.000473934,0.00331754,0.0014218,0.000473934,0.000473934,0,0,0,8.43223,9.54028,0.0106303,0.0104834,0.140417,0.139692,0.997341,0.00370616,0.0817773,211.104,195.203,0.823171,0.0189668,0.120147,0.0206919,0.00541232,0.00551659,0.0708626,0.0687678
3675.59,9405.82,722541,0,0,0,0.941176,0.0588235,0.882353,42.8824,0.0588235,0,44.1765,0.176471,0,0,0,0,0,1.11765,2.29412,0.0588235,0.0588235,0,0,1,0,0.0217647,118.353,115.647,0.532353,0.0623529,0.0752941,0.0458824,0.0864706,0.164706,0.0529412,0.0147059
186.03,2608.35,249060,0,0,0,0.0903614,0.0180723,0.987952,9.98795,0.0301205,0.0240964,10.7831,0,0,0.0783133,0,0,0,2.00602,3.6988,0.0120482,0.0120482,0,0,0.996988,0.0060241,0.0674699,138.675,158.446,0.666506,0.0343976,0.0565663,0.0343373,0.00162651,0.0413855,0.0100602,0.00331325
0,409570,0,0,0,0,0,0,0,0,0,0,0,0,0,0,0,0,0,13.125,13.125,0.02625,0.02625,0,0,1,0,0,255,131,0.5125,0.03,0.5125,0,0.00375,0.00625,0,0
934,106324,837.538,0,0,0,0,0,0.123077,0,0,0,0,0,0,0,0,0,0,8.47692,9.10769,0.0170769,0.0170769,0.0970769,0.119385,1,0,0.0175385,199.954,83.1077,0.391385,0.0549231,0.261077,0.00876923,0.00153846,0.00169231,0.00630769,0.00246154
12.315,266.479,1983.02,0,0,2.25009e-05,0.0474169,8.25033e-05,0.99913,0.00144756,0.000450018,1.50006e-05,0.000555022,0.000315013,0.000120005,0.0104704,0,3.00012e-05,0.00340514,9.77002,12.7399,0.000727379,0.000868385,0.00038274,0.000696328,0.999448,0.000962589,0.0937189,136.598,243.315,0.987614,0.00215206,0.0461931,0.0198645,0.000844009,0.00062455,0.00214224,0.000759105
32.8851,264.365,22761.1,0,0,0.000735204,0.0294082,0.000245068,0.998897,0.0599191,0.00134787,0.000122534,0.0268349,0.0281828,0,0.00245068,0,0,0,6.10403,8.76081,0.00440632,0.00416616,0.000428869,0.00168852,0.999596,0.000661684,0.112755,110.503,244.435,0.98659,0.00223747,0.0915635,0.0244075,0.00275211,0.0013393,0.00121799,0.00115427
79.6667,705.167,2.8143e+06,0,0,0,0,0,1,0,0,0,0,0,0,0,0,0,0,1,1,0,0,0,0,1,0,0,141.333,13.5,0.0833333,0.05,0.01,0,0.00333333,0,0,0
1130.95,1120.05,968431,0,0,0.05,0.1,0,0.95,0.05,0.1,0,0.3,0,0,0,0,0,0,1.1,1.25,0.05,0.05,0,0,1,0,0.1,140.15,101.8,0.495,0.031,0.0905,0.0475,0,0.05,0.003,0
887.324,75173.7,212.439,0,0,0,0,0,0.708092,0,0,0,0,0,0,0,0,0,0,20.0405,20.3208,0.0158092,0.0158092,0.619306,0.624884,0.996763,0.00384393,0.0083815,231.347,196.645,0.804162,0.0191329,0.118353,0.00450867,0.0050289,0.00523121,0.187601,0.191503
568.096,817.96,124051,0,0,0.0132013,0.125413,0,0.993399,21.4026,0.049505,0.0594059,23.5149,0.10231,0,0.0990099,0,0,0,4.0429,6.48845,0.00990099,0.00805281,0,0,1,0,0.0983168,70.4554,207.726,0.896634,0.00679868,0.123234,0.0344554,0.00844884,0.00976898,0.00382838,0.00336634
40.875,586.438,1.59875e+06,0,0,0,0,0,1,0,0,0,0,0,0,0,0,0,0,1,1.0625,0,0,0,0,1,0,0.0625,140.812,71.4375,0.295,0.039375,0.0125,0.145625,0,0.1,0.04875,0.0475
23669,7.37284e+06,1.8828e+06,0,0,0,0,0,0,0,0,0,0,0,0,0,0,0,0,1,1,0,0,0,0,1,0,0,8,6,0.75,0.25,0.12,0,0,0,0,0
46.5309,281.645,49167.2,0,0,0,0.0182899,0.000457247,0.999086,0.197531,0.00777321,0.000914495,0.191129,0.0484682,0.000457247,0.00411523,0,0,0,4.65798,7.29081,0.00531321,0.0041701,0,0.000946502,1,0,0.124111,118.504,242.482,0.984705,0.00203932,0.0835071,0.0241518,0.00422497,0.00138546,0.000292638,0.000320073
1293,8.63968e+06,1.17994e+06,0,0,0,0,0,0,0,0,0,0,0,0,0,0,0,0,1,1,0,0,0,0,1,0,0,108,3,0.03,0.07,0.01,0,0,0,0,0
8,319,5.20318e+06,0,0,0,0,0,1,0,0,0,0,0,0,0,0,0,0,1,1,0,0,0,0,1,0,0,255,255,1,0,0,0,0,0,0,0
5.5,5.22499e+06,0,0,0,0,0,0,0,0,0,0,0,0,0,0,0,0,0,1,1,0,0,0,0,1,0,0,180.5,119,0.5,0.32,0.495,0.02,0.005,0.005,0.305,0.01
202,4.96662e+06,588760,0,0,0,0,0,0,0,0,0,0,0,0,0,0,0,0,1,1,0,0,0,0,1,0,0,23,1,0.04,0.17,0.04,0,0,0,0,0
1868.6,1.28754e+06,127483,0,0,0,0,0,0,0,0,0,0,0,0,0,0,0,0,1,1,0,0,0,0,1,0,0,90.8,4.2,0.108,0.242,0.096,0,0,0,0.138,0
19.4795,259.372,14502.6,0,0,0,0.00447707,0.000156177,0.999323,0.0213442,0.00130147,0.000208236,0.014108,0.0217086,5.20589e-05,0.0020303,0,0,0,7.36879,10.3327,0.0026321,0.0022604,0.000182206,0.000652298,0.99987,0.000260295,0.113071,124.947,242.051,0.992746,0.001517,0.0712296,0.0216419,0.00208027,0.000976105,0.00107606,0.000699151
2733.72,14834.5,1.86487e+06,0,0,0,0.0555556,0,0.888889,0,0.0555556,0,0,0,0,0,0,0,0,1,1,0,0,0,0,1,0,0,86.2222,36.2222,0.407222,0.0661111,0.095,0.0455556,0,0.0477778,0.000555556,0
6.26708,262.55,9073.57,0,0,0.00012995,0.00669244,3.24876e-05,0.998993,0.00925896,0.000617264,0,0.00578279,0.00565284,0,0.000357363,0,0,0,8.09532,11.2421,0.00202333,0.00185731,0.000441831,0.000851499,0.999789,0.000368409,0.118433,121.27,247.332,0.995808,0.000684513,0.0722852,0.0227104,0.0012459,0.000522725,0.000548715,0.000518177
3.53226,162964,923.161,0,0,0,0,0,0.0322581,0,0,0,0,0,0,0,0,0,0,4.14516,4.53226,0.0403226,0.0403226,0,0.0124194,0.991935,0.016129,0.0140323,161.581,59.8387,0.319839,0.0696774,0.287742,0.013871,0.00483871,0.0354839,0.0154839,0
116.347,9951.94,358071,0,0,0.122449,0.142857,0,0.959184,0.591837,0.0816327,0,0.530612,0.102041,0,0,0,0,0,2.30612,3.38776,0.0408163,0.0408163,0,0,0.961633,0.0459184,0.0432653,128.163,105.122,0.468163,0.0314286,0.0236735,0.0504082,0.00265306,0.065102,0.0195918,0.0169388
