3.65335,662.004,619.693,3.01612e-06,0.000477217,1.3405e-05,0.00517968,0.000259386,0.147045,0.00456004,7.70786e-05,1.67562e-05,0.00431439,0.00056502,9.38348e-06,0.000688345,0,6.03224e-06,0.000644444,280.441,245.365,0.0600787,0.0600195,0.145975,0.145935,0.808179,0.0246123,0.0257804,235.514,199.149,0.79027,0.0241732,0.567654,0.00428082,0.0600063,0.0598862,0.145633,0.145916
244.75,194.5,3.06622e+07,0,0,0,58.25,0,0.75,0,0,0,0,0,0,0,0,0,0,1,1.5,0.25,0.25,0,0,1,0,0.25,119.25,191.5,0.75,0.0075,0.0125,0.025,0.1175,0.25,0.005,0
317,6.28256e+07,90476,0,0,0,0,0,0,0,0,0,0,0,0,0,0,0,0,1,1,0,0,0,0,1,0,0,152,1,0.01,0.05,0.01,0,0,0,0,0
31.6667,195.333,1.3859e+07,0,0,0,2.66667,0,1,0,0.666667,0,0,0,0,0,0,0,0,1,11.3333,0,0,0,0,1,0,0.153333,31,255,1,0,0.04,0.04,0,0,0,0
433,3.16456e+07,207796,0,0,0,0,0,0,0,0,0,0,0,0,0,0,0,0,1,1,0,0,0,0,1,0,0,255,2,0.01,0.02,0,0,0,0,0,0
3417.71,6.05573e+06,353080,0,0,0,0,0,0,0,0,0,0,0,0,0,0,0,0,1,1.14286,0,0,0,0,1,0,0.142857,129.714,70.2857,0.39,0.254286,0.298571,0.0114286,0.00285714,0.00285714,0.0871429,0.00285714
275.6,1.09252e+07,240337,0,0,0,0,0,0,0,0,0,0,0,0,0,0,0,0,1.2,1.2,0.2,0.2,0,0,1,0,0,196.8,79.4,0.318,0.042,0.31,0,0.01,0.204,0,0
1633.19,8908.87,2.29118e+06,0,0,0,0.129032,0,0.935484,0.193548,0.0645161,0,0.193548,0.0967742,0,0,0,0,0,1,1,0,0,0,0,1,0,0,102.71,42.2581,0.334839,0.0603226,0.0912903,0.0467742,0.00129032,0.0277419,0.00129032,0
24.4737,2.21564e+06,29799.4,0,0,0,0,0,0,0,0,0,0,0,0,0,0,0,0,1.91228,1.89474,0.0175439,0.0175439,0,0,0.988421,0.0235088,0.0175439,132.772,54.4561,0.271754,0.0631579,0.27,0.0294737,0.00175439,0.0149123,0.0147368,0
1575.44,12863.8,1.16694e+06,0,0,0.0128205,0.333333,0.0128205,0.948718,13.0769,0.0512821,0.0128205,9.9359,0.0769231,0,0.0384615,0,0,0,1.0641,1.35897,0.025641,0.025641,0,0,0.99359,0.0128205,0.0432051,136.821,72.0897,0.347949,0.0583333,0.0465385,0.0610256,0.0192308,0.0835897,0.0342308,0.0160256
