2831.33,5994.83,897288,0,0,0.0333333,0.6,0.0333333,0.9,24.3333,0.1,0,25.2333,0.1,0,0,0,0,0,1.13333,1.5,0.0666667,0.0666667,0,0,1,0,0.074,134.467,96.5,0.489667,0.053,0.099,0.054,0.049,0.0996667,0.032,0.00833333
1.90072,263.541,9264.15,0,0,0.00012927,0.00675435,0,0.999224,0.00710985,0.000678667,0,0.00345797,0.00374883,0,0.00038781,0,0,0,8.07355,11.239,0.00199657,0.00186246,0.000275345,0.000640209,0.999844,0.000280193,0.118806,120.874,247.235,0.995862,0.000665417,0.0728569,0.0227221,0.00116892,0.000492518,0.000492842,0.000353553
1.19039,198.838,361.88,0,0,0,0.0179213,0.00164215,0.518232,0.000172698,6.96854e-05,1.21192e-05,0.000160579,0.000390844,1.21192e-05,0.000775628,0,3.33278e-05,0.00461741,6.15969,7.97195,0.000394752,0.000557907,0.000843799,0.000739695,0.997319,0.00459639,0.0645537,197.074,245.793,0.980802,0.0072317,0.0275824,0.00984848,0.000527155,0.000349366,0.00206438,0.00110009
399.015,3.35086e+06,78505.6,0,0,0,0,0,0,0,0,0,0,0,0,0,0,0,0,1.81538,1.81538,0.0307692,0.0307692,0,0,0.989846,0.0206154,0.0307692,138.938,61.1385,0.297692,0.0704615,0.286,0.0270769,0.00261538,0.0290769,0.0116923,0.000307692
0.0713991,1096.75,8.53254,0,0.000175923,0,4.44251e-06,0,0.0238305,0,3.554e-06,1.777e-06,7.72996e-05,0.00032608,0,0.000181254,0,0,0,387.044,387.063,1.11685e-05,1.46692e-05,0.000138553,5.72195e-05,0.999589,0.00075193,0.0103995,251.787,251.279,0.989148,0.00192705,0.9726,0.000398182,0.000204542,3.13019e-05,0.000794133,0.000112493
97.6305,4493.45,272089,0,0,0.0295567,0.08867,0.0147783,0.980296,4.18227,0.0394089,0.00985222,4.41379,0.0246305,0,0.0344828,0,0,0,2.09852,3.74384,0.0197044,0.0197044,0,0,0.988276,0.0160099,0.0656158,138.729,150.961,0.637685,0.0331034,0.0433498,0.0382759,0.00197044,0.042069,0.0127094,0.00581281
0.235484,266.246,2168.83,0,0,2.57407e-05,0.0433731,9.43825e-05,0.999691,0.00126129,0.000471913,1.71605e-05,0.000463332,0.000283148,0.000102963,0.0119952,0,3.43209e-05,0.0021708,9.72048,12.7087,0.000737471,0.000824989,4.71913e-05,0.000461273,0.999733,0.000484697,0.09338,137.12,243.83,0.989069,0.00200837,0.0469756,0.0197912,0.000786035,0.000586459,0.0016692,0.00036466
1113.25,1249.72,522638,0,0,0,0.150943,0,0.981132,0.0754717,0.0754717,0,0,0,0,0,0,0,0,1.26415,2.16981,0.0188679,0.0188679,0,0,0.990566,0.0188679,0.0120755,136.849,96.5849,0.422075,0.0301887,0.0328302,0.0326415,0.000566038,0.0462264,0.0166038,0.0143396
375,4.72356e+07,149136,0,0,0,0,0,0,0,0,0,0,0,0,0,0,0,0,1,1,0,0,0,0,1,0,0,203.5,1.5,0.01,0.035,0.005,0,0,0,0,0
11.831,265.703,5137.21,0,0,0.000145506,0.0313877,2.07866e-05,0.997298,0.00538372,0.000415731,0,0.00228652,0.000353372,8.31463e-05,0.000644383,0,0,0.000914609,8.66534,11.5869,0.000972603,0.00118587,0.00212356,0.00283799,0.999636,0.000686164,0.102249,114.172,244.926,0.994362,0.00090671,0.0686786,0.0237208,0.00103309,0.000519872,0.00102623,0.00201276
295.452,58534.5,3971.6,0,0,0,0.88765,0,0.714581,0.437836,0.000413052,0.000413052,0.00289137,0.00123916,0.000413052,0.000413052,0,0,0,10.2458,11.2437,0.00964891,0.00952086,0.211987,0.213069,0.997551,0.00311855,0.0550103,217.584,195.252,0.817646,0.0190417,0.126254,0.0183354,0.0033292,0.00391161,0.0882032,0.0865675
0,513.398,0.593462,0,0,0,0,0,0,0,0,0,0,0,0,0,0,0,0,510.417,510.418,0,0,0,0,1,2.16425e-07,9.0177e-08,254.928,254.887,0.999789,1.55826e-05,0.99849,2.65481e-05,0,0,0.000192185,0
37.0901,279.465,25092.1,0,0,0.0011711,0.0272866,0.000234219,0.998126,0.0535191,0.00140532,0.00011711,0.0312683,0.0250615,0,0.00210798,0,0,0,5.62982,8.25905,0.00489167,0.00470664,0.000409884,0.00134208,0.999614,0.000632393,0.117331,110.64,245.759,0.986933,0.00228715,0.0898138,0.0237932,0.002642,0.00169341,0.00127532,0.00108678
244.75,194.5,3.06622e+07,0,0,0,58.25,0,0.75,0,0,0,0,0,0,0,0,0,0,1,1.5,0.25,0.25,0,0,1,0,0.25,119.25,191.5,0.75,0.0075,0.0125,0.025,0.1175,0.25,0.005,0
546.605,672.301,115438,0,0,0.00913242,0.121005,0.00456621,0.995434,17.9886,0.043379,0.0502283,19.7055,0.111872,0,0.0890411,0,0,0,4.92466,7.20776,0.00856164,0.00721461,0,0,1,0,0.0996804,69.742,211.975,0.898904,0.00719178,0.115639,0.0338356,0.00730594,0.0118721,0.00292237,0.00319635
0.0931004,10.5185,4.47295,1.21741e-05,0.00165838,0,1.89374e-05,0.000281356,0.0116005,0,0,0,2.70535e-06,0,0,0,0,4.05802e-06,0.000137973,154.368,11.0269,0.241767,0.241457,0.587702,0.587539,0.22768,0.095954,0.027289,247.25,43.3571,0.183005,0.0906229,0.0293409,0.00542358,0.241036,0.24099,0.584726,0.587704
1838.98,147.285,133.446,0,0,0,0,0,0.0165289,0,0,0,0,0,0,0,0,0,0,1.04959,1.15289,0,0,0.0165289,0.0165289,0.997934,0.00413223,0.00723141,86.0537,19.095,0.279008,0.191157,0.769628,0,0,0,0.00549587,0.0113636
61.625,599.25,3.33149e+06,0,0,0,0.125,0,1,0,0.125,0,0,0,0,0,0,0,0,1,1,0,0,0,0,1,0,0,138,73.875,0.3125,0.0375,0.1325,0.0025,0.0025,0,0,0
303.973,307371,1333.88,0,0,0,0.116861,0,0,0,0,0,0,0,0,0,0,0,0,2.06511,2.1419,0.000517529,0.000517529,0,0.00237062,0.997229,0.00557596,0.00859766,30.0017,17.8164,0.853506,0.0374791,0.852487,0.08798,0.000851419,0.00123539,0.00215359,0.00033389
10907.9,189.049,836.792,0,0,0,0.00153846,0,0.104615,0.175385,0.00307692,0.00153846,0.109231,0.227692,0,0.00153846,0,0,0,1.03692,1.25846,0.0584615,0.0504923,0.0488154,0.0567846,0.991969,0.0144154,0.0353692,222.231,130.125,0.544277,0.128046,0.0332462,0.0121538,0.285123,0.3234,0.137138,0.0738615
95.0259,339.864,60304.6,0,0,0,0.0243271,0.000517598,0.99793,0.933747,0.01294,0.00621118,0.979814,0.0621118,0,0.0170807,0,0,0,4.53364,6.95186,0.00683747,0.00594203,0.000729814,0.00111801,0.998965,0.0015528,0.12471,117.517,240.418,0.973913,0.00407867,0.0774327,0.0250466,0.00377329,0.00211698,0.00208075,0.00139234
27.0208,246.263,37439.5,0,0,0.00137018,0.0159854,0.000228363,0.999087,0.0733044,0.00251199,0,0.098881,0.020781,0.00137018,0.00342544,0,0,0,4.44371,6.81,0.00402603,0.00313542,0.000210094,0.0015894,0.999326,0.000705641,0.13285,137.279,243.852,0.986691,0.00201187,0.0765335,0.0209774,0.00239552,0.00116922,0.00110299,0.000739895
17.0879,260.265,15088.5,0,0,0,0.0050415,0.000152773,0.999185,0.022203,0.00127311,0.000152773,0.0133931,0.0200642,5.09243e-05,0.00198605,0,0,0,7.26705,10.1614,0.00303509,0.00261394,0.000178235,0.000754189,0.999822,0.00035647,0.113021,124.232,242.218,0.992904,0.00149259,0.0721577,0.0217666,0.00229414,0.00108265,0.00101492,0.000649794
31.6667,195.333,1.3859e+07,0,0,0,2.66667,0,1,0,0.666667,0,0,0,0,0,0,0,0,1,11.3333,0,0,0,0,1,0,0.153333,31,255,1,0,0.04,0.04,0,0,0,0
1394.71,17328,1.63718e+06,0,0,0,0.174603,0,0.952381,4.69841,0.031746,0.015873,0.380952,0.0952381,0,0.047619,0,0,0,1.01587,1.01587,0,0,0,0,0.992063,0.015873,0.015873,124.762,37,0.253175,0.0692063,0.0365079,0.0707937,0.000634921,0.0568254,0.0277778,0.015873
