3.59335,602.315,620.151,3.01672e-06,0.000477312,1.34076e-05,0.00515724,0.000259438,0.147075,0.00456094,7.70939e-05,1.67595e-05,0.00431525,0.000565132,9.38534e-06,0.000688482,0,6.03343e-06,0.000644572,280.496,245.413,0.0600902,0.060031,0.146003,0.145964,0.808141,0.0246164,0.0257838,235.555,199.185,0.790256,0.0241708,0.567596,0.00426401,0.0600181,0.0598975,0.145662,0.145945
244.75,194.5,3.06622e+07,0,0,0,58.25,0,0.75,0,0,0,0,0,0,0,0,0,0,1,1.5,0.25,0.25,0,0,1,0,0.25,119.25,191.5,0.75,0.0075,0.0125,0.025,0.1175,0.25,0.005,0
317,6.28256e+07,90476,0,0,0,0,0,0,0,0,0,0,0,0,0,0,0,0,1,1,0,0,0,0,1,0,0,152,1,0.01,0.05,0.01,0,0,0,0,0
28,1.35732e+07,10874,0,0,0,0,0,0,0,0,0,0,0,0,0,0,0,0,1,1,0.5,0.5,0,0,1,0,0,183,98,0.395,0.045,0.385,0,0.02,0.505,0,0
128.111,687.222,3.21866e+06,0,0,0,0.333333,0,1,0.666667,0.111111,0,0.666667,0.333333,0,0,0,0,0,1,1,0,0,0,0,1,0,0,136.778,67.1111,0.288889,0.0477778,0.118889,0.00222222,0.00222222,0,0.00222222,0
433,3.16456e+07,207796,0,0,0,0,0,0,0,0,0,0,0,0,0,0,0,0,1,1,0,0,0,0,1,0,0,255,2,0.01,0.02,0,0,0,0,0,0
2295.55,6.70513e+06,331954,0,0,0,0,0,0,0,0,0,0,0,0,0,0,0,0,1.09091,1.18182,0,0,0,0,1,0,0.0909091,161.909,80.2727,0.389091,0.175455,0.329091,0.00727273,0.00363636,0.00363636,0.0554545,0.00181818
1775.12,13106.1,1.35221e+06,0,0,0.0103093,0.278351,0.0103093,0.938144,10.5155,0.0515464,0.0103093,7.98969,0.0618557,0,0.0309278,0,0,0,1.05155,1.28866,0.0206186,0.0206186,0,0,0.994845,0.0103093,0.0347423,125.763,64.9072,0.35732,0.0604124,0.0553608,0.0638144,0.015567,0.0760825,0.027732,0.0128866
31.6667,195.333,1.3859e+07,0,0,0,2.66667,0,1,0,0.666667,0,0,0,0,0,0,0,0,1,11.3333,0,0,0,0,1,0,0.153333,31,255,1,0,0.04,0.04,0,0,0,0
281.091,462879,4018.6,0,0,0,0.107692,0,0,0,0,0,0,0,0,0,0,0,0,2.05231,2.12308,0.00355385,0.00355385,0,0.00218462,0.9972,0.00566154,0.00946154,37.8092,20.7,0.807723,0.0383538,0.806662,0.0836615,0.000953846,0.00396923,0.00235385,0.000307692
