3.56169,599.399,593.351,3.01702e-06,0.00047736,1.13976e-05,0.00514771,0.000258458,0.147005,0.00399454,7.27438e-05,1.54203e-05,0.00370692,0.000563513,9.38629e-06,0.000684194,0,6.03405e-06,0.000644637,280.524,245.438,0.0600941,0.0600349,0.146018,0.145978,0.808123,0.0246171,0.0257815,235.565,199.193,0.79028,0.0241695,0.567645,0.00426096,0.0600239,0.0598998,0.145675,0.145959
244.75,194.5,3.06622e+07,0,0,0,58.25,0,0.75,0,0,0,0,0,0,0,0,0,0,1,1.5,0.25,0.25,0,0,1,0,0.25,119.25,191.5,0.75,0.0075,0.0125,0.025,0.1175,0.25,0.005,0
317,6.28256e+07,90476,0,0,0,0,0,0,0,0,0,0,0,0,0,0,0,0,1,1,0,0,0,0,1,0,0,152,1,0.01,0.05,0.01,0,0,0,0,0
1494.41,15017.6,1.80031e+06,0,0,0,0.189189,0,0.945946,4,0.0540541,0.0135135,0.324324,0.0810811,0,0.0405405,0,0,0,1.01351,1.04054,0,0,0,0,0.993243,0.0135135,0.027027,123.392,43.1892,0.275135,0.0656757,0.0485135,0.0610811,0.000810811,0.0483784,0.0236486,0.0135135
31.6667,195.333,1.3859e+07,0,0,0,2.66667,0,1,0,0.666667,0,0,0,0,0,0,0,0,1,11.3333,0,0,0,0,1,0,0.153333,31,255,1,0,0.04,0.04,0,0,0,0
433,3.16456e+07,207796,0,0,0,0,0,0,0,0,0,0,0,0,0,0,0,0,1,1,0,0,0,0,1,0,0,255,2,0.01,0.02,0,0,0,0,0,0
2787.67,9.06658e+06,342720,0,0,0,0,0,0,0,0,0,0,0,0,0,0,0,0,1.11111,1.22222,0.111111,0.111111,0,0,1,0,0.111111,167.556,72.2222,0.364444,0.131111,0.29,0.00444444,0.00666667,0.114444,0,0
14.8947,2.41834e+06,35410.2,0,0,0,0,0,0,0,0,0,0,0,0,0,0,0,0,1.91228,1.89474,0.0175439,0.0175439,0,0,0.988421,0.0235088,0.0175439,133.088,58.4386,0.28386,0.0614035,0.282281,0.0301754,0.00192982,0.0150877,0.0133333,0.000350877
283.608,295270,1702.29,0,0,0,0.108527,0,0.00310078,0,0,0,0,0,0,0,0,0,0,2.16744,2.27752,0.00435659,0.00435659,0,0.00339535,0.997426,0.00517829,0.00933333,38.8341,20.5736,0.814946,0.0388217,0.810899,0.0828527,0.0012093,0.00451163,0.00232558,0.000310078
548.557,3233.73,373279,0,0,0.0243902,0.160279,0.0139373,0.979094,8.43554,0.0522648,0.0139373,8.96516,0.0278746,0,0.0452962,0,0,0,1.86411,3.22648,0.0243902,0.0243902,0,0,0.989965,0.0148084,0.052892,137.328,135.676,0.584913,0.0342509,0.0519512,0.0395122,0.00662021,0.0487108,0.0155401,0.00763066
