0.861608,93.9626,529.058,7.2416e-06,0.000986467,6.43698e-06,0.0101736,0.000613122,0.279655,0.000420013,7.8853e-05,2.41387e-06,0.000163338,0.000204374,1.44832e-05,0.0013405,0,1.44832e-05,0.00154729,97.2786,12.8998,0.144029,0.143904,0.34985,0.349785,0.53992,0.0582209,0.045926,218.31,125.467,0.508538,0.0559523,0.0364177,0.00864943,0.143627,0.143517,0.34853,0.349942
375,4.72356e+07,149136,0,0,0,0,0,0,0,0,0,0,0,0,0,0,0,0,1,1,0,0,0,0,1,0,0,203.5,1.5,0.01,0.035,0.005,0,0,0,0,0
0.488801,1097.26,11.5211,0,0.00011792,1.19111e-06,0.0013263,0,0.017819,0.000631287,2.97777e-06,2.97777e-06,6.90842e-05,0.000235839,1.19111e-06,0.000133404,0,0,0,426.119,426.134,2.18806e-05,2.41616e-05,0.000400456,0.000349965,0.999667,0.000613456,0.00745065,252.497,252.078,0.99163,0.00143209,0.979006,0.000363514,0.000148055,2.89796e-05,0.000737813,0.000205978
205,193.2,2.79906e+07,0,0,0,48,0,0.8,0,0.2,0,0,0,0,0,0,0,0,1,2.8,0.2,0.2,0,0,1,0,0.276,98.4,204.2,0.8,0.006,0.024,0.028,0.094,0.2,0.004,0
1211.08,15025.4,2.11051e+06,0,0,0,0.178082,0,0.958904,4.05479,0.0547945,0.0136986,0.328767,0.0821918,0,0.0410959,0,0,0,1.0137,1.34247,0,0,0,0,0.993151,0.0136986,0.0147945,123.863,47.0137,0.280137,0.0638356,0.0467123,0.0624658,0.000821918,0.0490411,0.0239726,0.0136986
675.828,14181.8,419103,0,0,0.0294118,0.159664,0.0168067,0.957983,3.53361,0.0546218,0,3.46218,0.0336134,0,0,0,0,0,1.57983,2.65546,0.0294118,0.0294118,0,0,0.987899,0.0178571,0.0559664,147.79,126.832,0.550294,0.0371429,0.0444118,0.0355462,0.00789916,0.0522269,0.0184454,0.00920168
126.871,598.662,57973.9,0,0,0.00192885,0.0355765,0.000857265,0.996785,2.2829,0.0117874,0.0079297,2.49957,0.0492928,0.000428633,0.0188598,0,0,0,4.58551,6.98435,0.005988,0.00477497,0.000499357,0.00121517,0.999046,0.00109087,0.125958,117.041,237.746,0.968348,0.00408701,0.081691,0.0250321,0.0035105,0.00289541,0.0016138,0.00132447
10331.8,329.925,1421.37,0,0,0,0.0013624,0,0.0953678,0.174387,0.0027248,0.0027248,0.113079,0.230245,0,0.0027248,0,0,0,1.05586,1.22888,0.0517711,0.0447139,0.133365,0.151104,0.982207,0.0323025,0.0313215,202.992,116.236,0.517875,0.129482,0.0443324,0.0107629,0.252548,0.286499,0.152725,0.151471
13.4548,274.018,14767.4,0,0,0.00026576,0.00705149,8.85865e-05,0.998955,0.0200914,0.00106304,5.31519e-05,0.0131462,0.0111973,0.000106304,0.00131108,0,0,0,7.11454,10.079,0.00288792,0.00263669,0.000181957,0.000749265,0.999794,0.000373304,0.119025,119.612,245.119,0.993139,0.00121488,0.0765728,0.02272,0.00183551,0.000921654,0.000778498,0.000487935
399.015,3.35086e+06,78505.6,0,0,0,0,0,0,0,0,0,0,0,0,0,0,0,0,1.81538,1.81538,0.0307692,0.0307692,0,0,0.989846,0.0206154,0.0307692,138.938,61.1385,0.297692,0.0704615,0.286,0.0270769,0.00261538,0.0290769,0.0116923,0.000307692
