205,193.2,2.79906e+07,0,0,0,48,0,0.8,0,0.2,0,0,0,0,0,0,0,0,1,2.8,0.2,0.2,0,0,1,0,0.276,98.4,204.2,0.8,0.006,0.024,0.028,0.094,0.2,0.004,0
304.517,307224,1734.57,0,0,0,0.116667,0,0,0,0,0,0,0,0,0,0,0,0,2.06333,2.14,0.000516667,0.000516667,0,0.00236667,0.997233,0.00556667,0.00858333,30.0917,17.79,0.852117,0.03755,0.851083,0.0878333,0.00085,0.00123333,0.00215,0.000333333
577.798,3558.5,400718,0,0,0.0267176,0.167939,0.0152672,0.973282,3.34733,0.0534351,0,3.26336,0.0305344,0,0,0,0,0,1.70229,3.03435,0.0267176,0.0267176,0,0,0.989008,0.0162214,0.0562214,141.294,131.153,0.570496,0.0358779,0.0469466,0.0405344,0.00721374,0.0474809,0.0167939,0.00835878
32.0128,270.613,25072.7,0,0,0.000614137,0.0152613,0.000276362,0.998772,0.353805,0.00279433,0.00113615,0.375606,0.0198059,0.000214948,0.00457532,0,0,0,6.29758,8.99982,0.00403887,0.00353682,0.000209728,0.000979242,0.99967,0.000506356,0.116169,121.502,243.229,0.988207,0.00195695,0.0780464,0.0225201,0.00243598,0.00144107,0.00113063,0.00084014
295.483,58512.6,4001.39,0,0,0,0.886551,0,0.714521,0.437294,0.000412541,0.000412541,0.00288779,0.00123762,0.000412541,0.000412541,0,0,0,10.2521,11.2488,0.00964521,0.00951733,0.212129,0.21321,0.997554,0.00311469,0.0549422,217.509,195.193,0.817364,0.0190759,0.126106,0.0183168,0.00332921,0.00391089,0.0883746,0.0867409
399.015,3.35086e+06,78505.6,0,0,0,0,0,0,0,0,0,0,0,0,0,0,0,0,1.81538,1.81538,0.0307692,0.0307692,0,0,0.989846,0.0206154,0.0307692,138.938,61.1385,0.297692,0.0704615,0.286,0.0270769,0.00261538,0.0290769,0.0116923,0.000307692
0.386663,558.083,321.691,3.05354e-06,0.000483137,4.74995e-06,0.00431261,0.000258533,0.137144,0.000235462,4.24102e-05,2.71425e-06,0.000141141,0.000224605,6.78564e-06,0.000644975,0,6.10707e-06,0.000652439,283.841,248.299,0.0607568,0.0607043,0.147571,0.147517,0.805811,0.0248978,0.0247577,236.846,198.729,0.788134,0.0243929,0.573543,0.00404647,0.0606563,0.0605343,0.147314,0.147604
375,4.72356e+07,149136,0,0,0,0,0,0,0,0,0,0,0,0,0,0,0,0,1,1,0,0,0,0,1,0,0,203.5,1.5,0.01,0.035,0.005,0,0,0,0,0
10271.3,362.493,1680,0,0,0,0.00397351,0,0.107285,0.243709,0.00264901,0.00529801,0.160265,0.491391,0,0.00397351,0,0,0,1.0596,1.22384,0.0503311,0.0434702,0.146212,0.164119,0.980715,0.0353775,0.0304503,201.125,114.281,0.513987,0.128583,0.0437086,0.0104636,0.251735,0.283113,0.153828,0.159298
1211.08,15025.4,2.11051e+06,0,0,0,0.178082,0,0.958904,4.05479,0.0547945,0.0136986,0.328767,0.0821918,0,0.0410959,0,0,0,1.0137,1.34247,0,0,0,0,0.993151,0.0136986,0.0147945,123.863,47.0137,0.280137,0.0638356,0.0467123,0.0624658,0.000821918,0.0490411,0.0239726,0.0136986
