3.60559,599.399,623.104,3.01676e-06,0.000477318,1.34078e-05,0.00516066,0.000259776,0.147081,0.00480536,7.743e-05,1.67598e-05,0.00456703,0.000566144,9.38546e-06,0.000688491,0,6.03351e-06,0.00064458,280.499,245.416,0.0600901,0.0600309,0.146005,0.145965,0.808139,0.0246164,0.0257839,235.556,199.187,0.790263,0.0241704,0.567599,0.00426408,0.0600191,0.0598982,0.145664,0.145947
1206.29,12161.5,1.6304e+06,0,0,0.0108696,0.217391,0,0.945652,3.22826,0.0543478,0.0108696,0.326087,0.0652174,0,0.0326087,0,0,0,1.03261,1.06522,0.0217391,0.0217391,0,0,0.994565,0.0108696,0.0326087,130.674,53.913,0.308261,0.0577174,0.0561957,0.0590217,0.00554348,0.0606522,0.0198913,0.0108696
14.8947,2.41834e+06,35410.2,0,0,0,0,0,0,0,0,0,0,0,0,0,0,0,0,1.91228,1.89474,0.0175439,0.0175439,0,0,0.988421,0.0235088,0.0175439,133.088,58.4386,0.28386,0.0614035,0.282281,0.0301754,0.00192982,0.0150877,0.0133333,0.000350877
244.75,194.5,3.06622e+07,0,0,0,58.25,0,0.75,0,0,0,0,0,0,0,0,0,0,1,1.5,0.25,0.25,0,0,1,0,0.25,119.25,191.5,0.75,0.0075,0.0125,0.025,0.1175,0.25,0.005,0
317,6.28256e+07,90476,0,0,0,0,0,0,0,0,0,0,0,0,0,0,0,0,1,1,0,0,0,0,1,0,0,152,1,0.01,0.05,0.01,0,0,0,0,0
46,188,1.7304e+07,0,0,0,7,0,1,0,1,0,0,0,0,0,0,0,0,1,8,0,0,0,0,1,0,0.38,15,255,1,0,0.07,0.04,0,0,0,0
2787.67,9.06658e+06,342720,0,0,0,0,0,0,0,0,0,0,0,0,0,0,0,0,1.11111,1.22222,0.111111,0.111111,0,0,1,0,0.111111,167.556,72.2222,0.364444,0.131111,0.29,0.00444444,0.00666667,0.114444,0,0
433,3.16456e+07,207796,0,0,0,0,0,0,0,0,0,0,0,0,0,0,0,0,1,1,0,0,0,0,1,0,0,255,2,0.01,0.02,0,0,0,0,0,0
24.5,199,1.21365e+07,0,0,0,0.5,0,1,0,0.5,0,0,0,0,0,0,0,0,1,13,0,0,0,0,1,0,0.04,39,255,1,0,0.025,0.04,0,0,0,0
320.565,294626,3904.54,0,0,0,0.107858,0,0.00308166,0,0,0,0,0,0,0,0,0,0,2.16641,2.27581,0.00587057,0.00587057,0,0.00337442,0.997442,0.00514638,0.00927581,39.0878,20.6148,0.812804,0.0390755,0.808228,0.0823421,0.00123267,0.00602465,0.00244992,0.000308166
