2831.33,5994.83,897288,0,0,0.0333333,0.6,0.0333333,0.9,24.3333,0.1,0,25.2333,0.1,0,0,0,0,0,1.13333,1.5,0.0666667,0.0666667,0,0,1,0,0.074,134.467,96.5,0.489667,0.053,0.099,0.054,0.049,0.0996667,0.032,0.00833333
0.587664,1212.83,16.4311,0,0.000175688,0,0.0019095,0,0.0246567,0.000932568,3.54926e-06,1.77463e-06,7.71964e-05,0.000311448,0,0.000170365,0,0,0,386.549,386.568,2.92193e-05,3.28839e-05,0.000593978,0.000514217,0.999591,0.000744901,0.0101703,251.809,251.267,0.989093,0.00191487,0.971514,0.000428325,0.000205981,3.62646e-05,0.000972285,0.000294287
244.75,194.5,3.06622e+07,0,0,0,58.25,0,0.75,0,0,0,0,0,0,0,0,0,0,1,1.5,0.25,0.25,0,0,1,0,0.25,119.25,191.5,0.75,0.0075,0.0125,0.025,0.1175,0.25,0.005,0
282.634,297471,1327.49,0,0,0,0.108527,0,0.00310078,0,0,0,0,0,0,0,0,0,0,2.16744,2.27752,0.00435659,0.00435659,0,0.00339535,0.997426,0.00517829,0.00933333,38.8016,20.5814,0.815085,0.0388527,0.811054,0.0828527,0.0012093,0.00451163,0.00232558,0.000310078
12.3931,264.959,5602.63,0,0,0.00010352,0.0339337,2.07039e-05,0.997246,0.00643892,0.000331263,0,0.00238095,0.00231884,4.14079e-05,0.000703934,0,0,0.000910973,8.76149,11.7244,0.00106936,0.00124431,0.00220828,0.00293168,0.999658,0.000642029,0.103052,118.042,245.319,0.994457,0.00088882,0.0677112,0.0230733,0.00106957,0.000466874,0.00102277,0.00213602
38.9969,302.282,26584.6,0,0,0.00120366,0.0293693,0.000240732,0.998074,0.0581367,0.00144439,0.000120366,0.0379153,0.0261194,0.00060183,0.00240732,0,0,0,5.5,8.05958,0.00501324,0.00468223,0.000421281,0.00123014,0.999543,0.000770342,0.121137,112.413,245.377,0.986709,0.00229658,0.0878767,0.0236808,0.00268416,0.00144439,0.00118801,0.00111338
0.0349252,0.873769,1.03764,0,0,0,0.000159719,5.32396e-05,0.000479157,0,0,0,0,0,0,0,0,0,0,482.232,6.85402,0.0548555,0.0535324,0.865573,0.867114,0.0153905,0.983058,0.00150615,255,4.9277,0.0154911,0.968915,0.0704046,0,0.0511771,0.0536123,0.863088,0.867034
0.24403,265.683,2319.48,0,0,2.63209e-05,0.0445349,9.65099e-05,0.999667,0.00145642,0.00050887,1.75472e-05,0.000543965,0.000342171,0.000122831,0.0122655,0,3.50945e-05,0.00221973,9.39091,12.3775,0.000749531,0.000839373,3.94813e-05,0.000459124,0.999735,0.000491586,0.094505,135.906,243.634,0.988694,0.00207347,0.048362,0.0199689,0.000812437,0.000605731,0.00172542,0.000372791
517.71,715.513,119234,0,0,0.0102564,0.135897,0,0.994872,19.1846,0.0435897,0.0512821,20.9974,0.125641,0,0.0923077,0,0,0,4.36154,6.72308,0.00841026,0.00689744,0,0,1,0,0.0977179,66.2154,211.626,0.900026,0.00694872,0.121462,0.0345385,0.00779487,0.0132308,0.00320513,0.00358974
10912.8,238.848,847.851,0,0,0,0.0015361,0,0.104455,0.175115,0.0030722,0.0015361,0.109063,0.227343,0,0.0015361,0,0,0,1.03687,1.25806,0.0583717,0.0504147,0.0487404,0.0566974,0.991982,0.0143932,0.0353149,222.187,129.928,0.543456,0.127896,0.0332104,0.0121352,0.284685,0.322903,0.136928,0.0737481
31.6667,195.333,1.3859e+07,0,0,0,2.66667,0,1,0,0.666667,0,0,0,0,0,0,0,0,1,11.3333,0,0,0,0,1,0,0.153333,31,255,1,0,0.04,0.04,0,0,0,0
1394.71,17328,1.63718e+06,0,0,0,0.174603,0,0.952381,4.69841,0.031746,0.015873,0.380952,0.0952381,0,0.047619,0,0,0,1.01587,1.01587,0,0,0,0,0.992063,0.015873,0.015873,124.762,37,0.253175,0.0692063,0.0365079,0.0707937,0.000634921,0.0568254,0.0277778,0.015873
98.602,4535.02,272868,0,0,0.0298507,0.0895522,0.0149254,0.9801,4.22388,0.039801,0.00995025,4.45771,0.0248756,0,0.0348259,0,0,0,2.06965,3.72139,0.0199005,0.0199005,0,0,0.988159,0.0161692,0.0653731,140.01,149.925,0.63408,0.0334328,0.040995,0.0384577,0.00199005,0.0424876,0.0128358,0.00587065
1113.25,1249.72,522638,0,0,0,0.150943,0,0.981132,0.0754717,0.0754717,0,0,0,0,0,0,0,0,1.26415,2.16981,0.0188679,0.0188679,0,0,0.990566,0.0188679,0.0120755,136.849,96.5849,0.422075,0.0301887,0.0328302,0.0326415,0.000566038,0.0462264,0.0166038,0.0143396
53.0439,363.757,40113.9,0,0,0.0015852,0.0161162,0.000264201,0.997358,0.0771466,0.00264201,0.000264201,0.102774,0.0250991,0.000528402,0.00343461,0,0,0,4.2716,6.72259,0.00539762,0.0041004,0.000243065,0.00179392,0.999353,0.00055218,0.133038,135.81,243.588,0.985305,0.00234346,0.0791863,0.0208877,0.00265258,0.00110436,0.00109643,0.000602378
119.512,359.184,63675.1,0,0,0,0.0294486,0.0018797,0.997494,1.3609,0.0169173,0.00877193,1.45802,0.0545113,0,0.0219298,0,0,0,4.86717,7.15163,0.00449248,0.0045802,0.000883459,0.00135338,0.998747,0.0018797,0.120432,117.09,239.014,0.969398,0.00463033,0.0748559,0.0253008,0.00266917,0.0023183,0.00229323,0.00161028
61.625,599.25,3.33149e+06,0,0,0,0.125,0,1,0,0.125,0,0,0,0,0,0,0,0,1,1,0,0,0,0,1,0,0,138,73.875,0.3125,0.0375,0.1325,0.0025,0.0025,0,0,0
0,513.486,0.582641,0,0,0,0,0,0,0,0,0,0,0,0,0,0,0,0,510.421,510.422,0,0,0,0,1,0,0,254.928,254.887,0.999789,1.52962e-05,0.998565,2.65519e-05,0,0,0.000192213,0
1855.88,153.79,151.469,0,0,0,0,0,0.0164609,0,0,0,0,0,0,0,0,0,0,1.04938,1.15226,0,0,0.0205761,0.0205761,0.997942,0.00411523,0.00720165,85.8354,19.0617,0.279218,0.190617,0.766584,0,0,0,0.00670782,0.0150617
399.015,3.35086e+06,78505.6,0,0,0,0,0,0,0,0,0,0,0,0,0,0,0,0,1.81538,1.81538,0.0307692,0.0307692,0,0,0.989846,0.0206154,0.0307692,138.938,61.1385,0.297692,0.0704615,0.286,0.0270769,0.00261538,0.0290769,0.0116923,0.000307692
1.20881,206.503,397.346,0,0,6.14266e-06,0.0181731,0.00147424,0.553773,0.000175066,7.67832e-05,1.22853e-05,0.00016278,0.000454557,1.22853e-05,0.000835401,0,3.37846e-05,0.0046807,6.49204,8.32793,0.000410544,0.000576795,0.000852785,0.000758526,0.997373,0.00450125,0.0684139,193.077,245.42,0.980082,0.00712594,0.0284818,0.0105332,0.00056064,0.000369051,0.00202987,0.00112242
375,4.72356e+07,149136,0,0,0,0,0,0,0,0,0,0,0,0,0,0,0,0,1,1,0,0,0,0,1,0,0,203.5,1.5,0.01,0.035,0.005,0,0,0,0,0
0.0929759,12.5428,6.5226,1.22536e-05,0.00166921,0,1.63381e-05,0.000366245,0.0117825,0,0,0,2.72301e-06,0,0,0,0,4.08452e-06,0.000138874,143.144,11.0584,0.241944,0.241666,0.569406,0.569202,0.247763,0.0715352,0.0275539,247.034,48.2274,0.202587,0.066603,0.0281412,0.00547592,0.241302,0.241194,0.566518,0.569372
23.0751,270.983,16186.7,0,0,0,0.00545811,0.000183981,0.998896,0.026616,0.0013492,0.000122654,0.01294,0.0242855,6.13271e-05,0.00183981,0,0,0,7.13762,9.99779,0.00298724,0.00267448,0.000214645,0.0007856,0.999816,0.000367963,0.111916,122.665,244.513,0.992177,0.00167484,0.0756231,0.0223617,0.00249969,0.00139458,0.00114375,0.000724273
1.40787,260.868,10175.3,0,0,0.000136584,0.00225364,0,0.999317,0.00655603,0.00085365,3.4146e-05,0.00536092,0.00133169,0,0.000546336,0,0,0,7.67916,10.8371,0.0023472,0.00211808,9.45844e-05,0.000501946,0.999835,0.000296046,0.12178,118.733,245.344,0.995577,0.000719798,0.0738025,0.0228601,0.00130745,0.000532678,0.000497507,0.000188827
