399.015,3.35086e+06,78505.6,0,0,0,0,0,0,0,0,0,0,0,0,0,0,0,0,1.81538,1.81538,0.0307692,0.0307692,0,0,0.989846,0.0206154,0.0307692,138.938,61.1385,0.297692,0.0704615,0.286,0.0270769,0.00261538,0.0290769,0.0116923,0.000307692
375,4.72356e+07,149136,0,0,0,0,0,0,0,0,0,0,0,0,0,0,0,0,1,1,0,0,0,0,1,0,0,203.5,1.5,0.01,0.035,0.005,0,0,0,0,0
283.172,297349,1699.66,0,0,0,0.108359,0,0.00309598,0,0,0,0,0,0,0,0,0,0,2.16563,2.27554,0.00434985,0.00434985,0,0.00339009,0.99743,0.00517028,0.00931889,38.8715,20.5526,0.813854,0.0389164,0.809814,0.0827245,0.00120743,0.00450464,0.00232198,0.000309598
205,193.2,2.79906e+07,0,0,0,48,0,0.8,0,0.2,0,0,0,0,0,0,0,0,1,2.8,0.2,0.2,0,0,1,0,0.276,98.4,204.2,0.8,0.006,0.024,0.028,0.094,0.2,0.004,0
0.641115,1212.81,16.6705,0,0.000175612,2.66079e-06,0.00192907,0,0.0250761,0.000960544,7.98236e-06,1.77386e-06,0.000106431,0.000335259,3.54772e-06,0.00017916,0,0,0,386.381,386.401,2.92066e-05,3.28696e-05,0.000595936,0.00051621,0.999587,0.00075138,0.0103594,251.754,251.219,0.988959,0.00194259,0.971106,0.000434684,0.000207568,3.66479e-05,0.00097564,0.000298398
4.62621,224.671,343.18,5.0326e-06,0.000685552,3.91424e-06,0.00695002,0.000425534,0.191851,0.000221994,5.25627e-05,3.35507e-06,9.22643e-05,9.67378e-05,8.94684e-06,0.000943892,0,1.00652e-05,0.0010753,224.064,165.415,0.10011,0.100021,0.243179,0.24314,0.680207,0.0405726,0.0320553,229.661,164.678,0.657447,0.0390388,0.331783,0.00598132,0.0999212,0.0998556,0.242348,0.243254
17.0902,270.174,13663.8,0,0,0.000227476,0.00966772,9.74896e-05,0.998863,0.0215777,0.000991145,8.12414e-05,0.0128036,0.0146072,9.74896e-05,0.00121862,0,0,0,7.42021,10.4039,0.00275814,0.00251247,0.000367211,0.000906491,0.999776,0.000401982,0.116621,120.698,245.173,0.993221,0.00123146,0.0750376,0.0226303,0.00181103,0.000898854,0.000834511,0.00068454
1211.08,15025.4,2.11051e+06,0,0,0,0.178082,0,0.958904,4.05479,0.0547945,0.0136986,0.328767,0.0821918,0,0.0410959,0,0,0,1.0137,1.34247,0,0,0,0,0.993151,0.0136986,0.0147945,123.863,47.0137,0.280137,0.0638356,0.0467123,0.0624658,0.000821918,0.0490411,0.0239726,0.0136986
622.144,3803.24,414682,0,0,0.0288066,0.156379,0.0164609,0.971193,3.46091,0.0534979,0,3.39095,0.0329218,0,0,0,0,0,1.67078,3.02469,0.0288066,0.0288066,0,0,0.988148,0.0174897,0.0567078,145.222,129.782,0.564733,0.0358025,0.0454321,0.0384774,0.00773663,0.0511523,0.018107,0.00901235
105.3,387.891,53286.5,0,0,0.00173943,0.0290485,0.000695773,0.997217,1.85911,0.00974082,0.0064359,2.04105,0.0401809,0.000347887,0.015481,0,0,0,4.44112,6.83058,0.00537137,0.00443903,0.000405288,0.00146982,0.999226,0.000885371,0.126488,125.505,239.657,0.972832,0.00349626,0.0806801,0.0231797,0.00298661,0.00253783,0.00157941,0.00108715
