0.373669,265.869,1090.66,0,0,2.12947e-05,0.0495422,2.12947e-05,0.996603,8.51789e-05,0.000436542,2.12947e-05,7.45315e-05,0.000191652,6.38842e-05,0.000596252,0,1.06474e-05,0.0103812,10.9247,13.9422,0.000663863,0.000972104,0.00178918,0.00158912,0.998042,0.00322562,0.0936053,139.981,243.833,0.986,0.00184487,0.0409561,0.0192208,0.000602321,0.000482645,0.00275713,0.00215545
1394.71,17328,1.63718e+06,0,0,0,0.174603,0,0.952381,4.69841,0.031746,0.015873,0.380952,0.0952381,0,0.047619,0,0,0,1.01587,1.01587,0,0,0,0,0.992063,0.015873,0.015873,124.762,37,0.253175,0.0692063,0.0365079,0.0707937,0.000634921,0.0568254,0.0277778,0.015873
0,53.0317,53.0948,0,0,0,0,0,0,0,0,0,0,0,0,0,0,0,0,498.574,498.608,0,0,0,0,1,5.51217e-05,4.44036e-05,254.999,254.894,0.999789,0.00054203,0.870942,0,0,0,0,0
24.4911,240.937,35723.6,0,0,0.0014437,0.0168431,0.000240616,0.999038,0.0551011,0.00264678,0,0.083975,0.0134745,0.0014437,0.00312801,0,0,0,4.18287,6.5871,0.00443696,0.00345525,0.000221367,0.00162656,0.99917,0.000984119,0.133417,143.058,244.624,0.987529,0.00208855,0.0731352,0.020219,0.00203561,0.00123195,0.00115736,0.000709817
10907.9,189.049,836.792,0,0,0,0.00153846,0,0.104615,0.175385,0.00307692,0.00153846,0.109231,0.227692,0,0.00153846,0,0,0,1.03692,1.25846,0.0584615,0.0504923,0.0488154,0.0567846,0.991969,0.0144154,0.0353692,222.231,130.125,0.544277,0.128046,0.0332462,0.0121538,0.285123,0.3234,0.137138,0.0738615
61.625,599.25,3.33149e+06,0,0,0,0.125,0,1,0,0.125,0,0,0,0,0,0,0,0,1,1,0,0,0,0,1,0,0,138,73.875,0.3125,0.0375,0.1325,0.0025,0.0025,0,0,0
31.6667,195.333,1.3859e+07,0,0,0,2.66667,0,1,0,0.666667,0,0,0,0,0,0,0,0,1,11.3333,0,0,0,0,1,0,0.153333,31,255,1,0,0.04,0.04,0,0,0,0
1855.88,153.79,151.469,0,0,0,0,0,0.0164609,0,0,0,0,0,0,0,0,0,0,1.04938,1.15226,0,0,0.0205761,0.0205761,0.997942,0.00411523,0.00720165,85.8354,19.0617,0.279218,0.190617,0.766584,0,0,0,0.00670782,0.0150617
244.75,194.5,3.06622e+07,0,0,0,58.25,0,0.75,0,0,0,0,0,0,0,0,0,0,1,1.5,0.25,0.25,0,0,1,0,0.25,119.25,191.5,0.75,0.0075,0.0125,0.025,0.1175,0.25,0.005,0
3.34598,262.407,368.81,0,0,0,0.0125377,0.00525342,0.982934,0.000400442,0.000162084,0,0.000238359,9.53434e-05,0,0.00110598,0,8.58091e-05,0.00522482,10.366,13.9503,0.000820526,0.00106937,0.001038,0.00094657,0.998605,0.00191192,0.118628,152.793,246.134,0.986026,0.00262395,0.0521127,0.0178181,0.00097031,0.000724229,0.00309361,0.00125567
303.973,307371,1333.88,0,0,0,0.116861,0,0,0,0,0,0,0,0,0,0,0,0,2.06511,2.1419,0.000517529,0.000517529,0,0.00237062,0.997229,0.00557596,0.00859766,30.0017,17.8164,0.853506,0.0374791,0.852487,0.08798,0.000851419,0.00123539,0.00215359,0.00033389
43.9568,4900.75,279221,0,0,0.0324324,0.0972973,0.0162162,0.978378,0.772973,0.0378378,0,0.52973,0.027027,0,0,0,0,0,1.91351,3.48108,0.0216216,0.0216216,0,0,0.987135,0.0175676,0.0641622,142.416,144.681,0.615784,0.0351351,0.0426486,0.0398378,0.00216216,0.0461622,0.0139459,0.00637838
0,1032,0,0,0,0,0,0,0,0,0,0,0,0,0,0,0,0,0,510.094,510.099,0,0,0,0,1,0,0,168.837,84.975,0.622238,0.0270736,0.623239,0,0,0,0.00400626,0
111.158,36427,708.373,0,0,0,0.0480905,0,0.339463,0.00141443,0,0,0,0.00424328,0,0.00141443,0,0,0,5.63791,6.04668,0.0163649,0.0162093,0.0540453,0.0550919,0.992744,0.00971711,0.140835,138.19,108.634,0.583324,0.0377793,0.321273,0.0597454,0.0110891,0.0120226,0.0172702,0.0121499
0.559029,8.43335,13.011,7.22726e-05,0.0155386,0,0.000108409,0.00433636,0.0544935,0,0,0,0,0,0,0,0,7.22726e-05,0.00144545,18.5118,3.78481,0.381041,0.382799,0.331063,0.327133,0.483546,0.305593,0.16685,245.205,20.5073,0.0820945,0.248264,0.192744,0.00704008,0.377235,0.376586,0.262923,0.328543
0,1017.54,0,0,0,0,0,0,0,0,0,0,0,0,0,0,0,0,0,323.5,323.5,0,0,0,0,1,0,0,254.979,254.043,0.996335,4.2735e-05,0.996335,0,0,0,0,0
0.0253098,1031.95,0.00213773,0,0,0,0,0,4.28772e-05,0,0,0,0,0,0,0,0,0,0,136.715,136.716,1.10256e-06,1.10256e-06,2.97384e-05,2.97384e-05,0.999979,4.28772e-05,6.09775e-05,254.885,254.679,0.998829,0.000476794,0.998787,2.32149e-05,8.06091e-05,1.28632e-06,0.000341302,1.60789e-05
2831.33,5994.83,897288,0,0,0.0333333,0.6,0.0333333,0.9,24.3333,0.1,0,25.2333,0.1,0,0,0,0,0,1.13333,1.5,0.0666667,0.0666667,0,0,1,0,0.074,134.467,96.5,0.489667,0.053,0.099,0.054,0.049,0.0996667,0.032,0.00833333
0.00129457,41.0934,65.3742,0,0,0,0,0,0,0,0,0,0,0,0,0,0,0,0,134.012,167.313,0.114746,0.114746,0,0,0.998621,0.00245851,0.0054478,251.133,245.934,0.973717,0.00520654,0.0967671,0.000141226,0.106602,0.109599,0.00544663,0.0042615
5.26697,253.764,12743.5,0,0,6.01142e-05,0.00156297,6.01142e-05,0.999399,0.0115419,0.000961827,6.01142e-05,0.00829576,0.00390742,0,0.00192365,0,0,0,7.29035,10.4128,0.00338563,0.00278449,0.000160505,0.000643222,0.999739,0.000461076,0.117422,125.503,242.17,0.994044,0.00100511,0.0706462,0.0211428,0.00184551,0.000698527,0.000700331,0.00044725
0.14136,92.9122,98.3792,0,0,0,1.65926e-05,8.29628e-06,0.0162897,0,0,0,0,0,0,0,0,0,8.29628e-06,2.14562,2.55726,0.000782297,0.000826434,0.000595009,0.000495827,0.996465,0.00656675,0.0316203,254.512,252.561,0.992884,0.00873689,0.00442797,3.21896e-05,0.000316627,0.000347821,0.00100912,0.000554565
0.000347176,0.0013049,0.0013049,0,0,0,0,0,0,0,0,0,0,0,0,0,0,0,0,206.332,7.77563,0.295318,0.295243,0.703352,0.703346,0.0374431,0.073473,8.45195e-05,254.955,7.77317,0.0303326,0.0748789,0.00148496,0,0.295338,0.295243,0.70294,0.70343
46.4348,283.96,53115.9,0,0,0,0.0176768,0.000505051,0.998485,0.210101,0.00808081,0.0010101,0.199495,0.0570707,0,0.0040404,0,0,0,5.05354,7.48586,0.00513636,0.00427273,0.000459596,0.000964646,0.999495,0.000505051,0.122409,117.661,243.508,0.983354,0.002,0.0801768,0.0241818,0.00413636,0.00156061,0.000717172,0.00089899
8.16035,14410.8,522.734,0,0,0,0.00102459,0,0.54252,0.000512295,0,0,0,0,0,0.00358607,0,0,0,3.4959,3.96465,0.00245389,0.00212602,0.00534836,0.00564549,0.987756,0.0207172,0.308017,132.525,96.9057,0.507136,0.0605789,0.157136,0.0164037,0.010374,0.0024334,0.0199283,0.00423156
375,4.72356e+07,149136,0,0,0,0,0,0,0,0,0,0,0,0,0,0,0,0,1,1,0,0,0,0,1,0,0,203.5,1.5,0.01,0.035,0.005,0,0,0,0,0
0.303098,265.191,2198.95,0,0,0,0.0386097,0.000138718,0.999723,0.00194205,0.000215783,0,0.000354501,0.000308261,0.000138718,0.0213009,0,6.16523e-05,0.00221948,9.37438,12.3717,0.000763255,0.00085558,5.39457e-05,0.000498921,0.999728,0.000505549,0.0983479,137.162,243.8,0.987924,0.002211,0.0479345,0.0198184,0.000865598,0.000585697,0.00185219,0.000439735
0.000107216,0.000793396,0.000793396,0,0,0,0,0,0,0,0,0,0,0,0,0,0,0,0,242.702,10.1866,0.198045,0.197811,0.801152,0.801338,0.0420133,0.0670861,5.75748e-05,254.952,10.1827,0.0398274,0.0708601,0.000792431,0,0.198084,0.197851,0.800966,0.801355
0.0345797,0.0854842,0.118685,0,0,0,0,5.51511e-05,0.000386058,0,0,0,0,0,0,0,0,0,0,486.589,1.05322,0.0556541,0.0544617,0.88607,0.887823,0.000114714,0.998258,0.00154423,255,1.05162,0.00021895,0.983687,0.0554964,0,0.0518696,0.0545445,0.883473,0.88774
1113.25,1249.72,522638,0,0,0,0.150943,0,0.981132,0.0754717,0.0754717,0,0,0,0,0,0,0,0,1.26415,2.16981,0.0188679,0.0188679,0,0,0.990566,0.0188679,0.0120755,136.849,96.5849,0.422075,0.0301887,0.0328302,0.0326415,0.000566038,0.0462264,0.0166038,0.0143396
0,518.633,0,0,0,0,0,0,0,0,0,0,0,0,0,0,0,0,0,510.511,510.511,0,0,0,0,1,0,0,254.927,254.886,0.999787,1.0836e-05,0.999787,2.68527e-05,0,0,0.00019439,0
0,1031.89,0,0,0,0,0,0,0,0,0,0,0,0,0,0,0,0,0,510.57,510.573,0,0,0,0,1,0,0,254.995,254.976,0.999935,2.56878e-05,0.999936,0,0,0,5.23706e-08,0
369.83,64350.5,5008.45,0,0,0,1.13505,0,0.837621,0.56806,0.000535906,0.000535906,0.00375134,0,0.000535906,0,0,0,0,11.5418,12.7208,0.0112219,0.0111147,0.256517,0.257524,0.999143,0.00122186,0.0379904,240.38,220.111,0.880032,0.0148124,0.054523,0.00234191,0.003194,0.00424973,0.1091,0.108751
248.877,425.094,79954.5,0,0,0,0.0341064,0.00272851,0.998636,3.97954,0.0218281,0.0218281,4.28104,0.0818554,0,0.0504775,0,0,0,4.50887,6.89768,0.00542974,0.00587995,0.000682128,0.000682128,0.998636,0.00272851,0.127394,93.2974,228.19,0.945307,0.0071487,0.0924693,0.0288677,0.00327422,0.0048704,0.00375171,0.00210095
4.93054,7517.29,134.763,0,0,0,0.000735024,0,0.321573,0,0,0,0,0.0062477,0,0.00147005,0,0,0,5.66556,6.1165,0.000591694,0.000393238,0.00307975,0.00344726,0.987769,0.0174017,0.178942,131.947,81.8416,0.438438,0.061753,0.23509,0.0186806,0.0070599,0.00165013,0.0125542,0.00213524
34.462,259.764,25651.5,0,0,0.0014537,0.0337258,0.00029074,0.998692,0.0601832,0.0014537,0.00014537,0.0372147,0.0273296,0,0.00247129,0,0,0,5.70097,8.29147,0.00478849,0.00451374,0.000508795,0.0014537,0.999593,0.000639628,0.119612,107.823,245.693,0.986627,0.00229685,0.0902413,0.0241663,0.00256578,0.00112952,0.00126908,0.00118767
16.9438,265.107,5920.38,0,0,6.45224e-05,0.00435526,3.22612e-05,0.996354,0.00593606,0.000354873,0,0.00322612,0.000354873,6.45224e-05,0.000774268,0,0,0,8.83189,11.8065,0.00114592,0.00134432,0.00302158,0.00386876,0.999602,0.000752976,0.103179,119.794,246.059,0.994771,0.000948801,0.0676049,0.0228238,0.00112688,0.000467142,0.00137078,0.00294448
0.000668517,0.00554076,0.00978981,0,0,0,3.39924e-05,0,3.39924e-05,0,0,0,0,0,0,0,0,0,0,279.167,13.5078,0.219004,0.218872,0.77823,0.778222,0.048314,0.0659478,5.40479e-05,254.969,13.5024,0.0526335,0.069702,0.00271883,0,0.218961,0.218874,0.778196,0.778279
0.000111315,0.022204,0.00999214,0,0.00121792,0,0,0,6.54793e-06,0,0,0,0,0,0,0,0,0,0,112.026,8.45341,0.263871,0.263863,0.725327,0.725339,0.075479,0.0750738,1.30959e-06,254.977,8.50982,0.0332501,0.0653911,0.00978634,0,0.263491,0.263849,0.725575,0.72534
756.043,989.252,139886,0,0,0.017094,0.17094,0,0.991453,30.547,0.0555556,0.0769231,33.6453,0.132479,0,0.153846,0,0,0,3.71795,5.81197,0.0128205,0.00957265,0,0,1,0,0.0748291,62.0299,202.021,0.861111,0.0102564,0.136923,0.0367094,0.00867521,0.0117521,0.00491453,0.00452991
0.204953,9.67378,9.82323,0,0.276687,0,0,0,0.000853971,0,0,0,0,0,0,0,0,0,0,111.435,40.0043,0.274219,0.286644,0.483015,0.47111,0.397899,0.211648,0.00195559,99.006,32.5209,0.32971,0.208839,0.237216,0.00148591,0.226396,0.277131,0.439394,0.469001
2.48314,3061.55,279.97,0,0,0,0,0,0.888506,0,0.000111272,0.000222544,0.00244798,0.00756648,0,0.00267052,0,0,0,2.75287,2.99833,0.000254813,0.000377212,0.0120741,0.00142873,0.982929,0.0330244,0.176958,199.744,183.669,0.780815,0.0515511,0.0454768,0.00604429,0.00324024,0.00053633,0.0400868,0.00209191
0.877848,828.643,267.633,0,0,0,0.000155509,0,0.797216,0,0.000155509,0.000311018,0.00241039,0.0157064,0,0.00979706,0,0,0,1.41319,1.97232,0.000176503,0.000390327,0.000285359,0.000680351,0.982954,0.0323427,0.374714,124.811,115.094,0.585804,0.0663409,0.0733862,0.0147197,0.0051178,0.00119431,0.0141995,0.00441179
2.45628,2095.95,310.541,0,0,0,0.000471365,0,0.903606,0,0.000235682,0,0.00329955,0.0127268,0,0.0106057,0,0,0,1.63752,2.33208,0.000551497,0.000843743,0.0022272,0.00180061,0.987363,0.0232666,0.482489,126.724,122.974,0.627641,0.0645864,0.0561065,0.0114589,0.00705868,0.00112185,0.019029,0.00468536
27.7671,261.071,17488.2,0,0,0,0.00811419,0.000195523,0.999316,0.0347052,0.00185746,0.000195523,0.0166194,0.0354873,9.77613e-05,0.00107537,0,0,0,7.17372,9.91319,0.00211653,0.00211067,0.000146642,0.000818262,0.999756,0.000488806,0.110269,116.992,245.079,0.991449,0.0018907,0.0825457,0.0235214,0.00247532,0.00125917,0.00125623,0.000769381
1.56481,265.46,3709.61,0,0,0.000152816,0.0983878,2.54693e-05,0.999414,0.00254693,0.00035657,0,0.00101877,0.000331101,7.64078e-05,0.000407508,0,0,0.0038968,9.07195,12.1095,0.000790566,0.000897537,0.000254693,0.000739628,0.999673,0.000636477,0.0968887,119.67,242.998,0.990208,0.0015521,0.0609941,0.0228485,0.00087818,0.0006296,0.00110766,0.000360135
1.00798,261.046,8924.88,0,0,0.000132973,0.00864323,0,0.999335,0.00633837,0.000576216,0,0.00319135,0.00478702,0,0.000398918,0,0,0,7.89845,11.049,0.0016697,0.00159656,8.86486e-05,0.000445016,0.999956,8.86486e-05,0.122083,117.822,247.301,0.996273,0.000637826,0.0736355,0.0233225,0.00104694,0.000493772,0.000478259,0.000252648
1.50109,1394.16,318.336,0,0.0216772,0,0,0,0.922816,0,0.000109481,0,0.00470769,0.014342,0,0.00974381,0,0,0,1.58693,2.38472,0.00014561,0.000340486,0.000818918,0.00122071,0.986493,0.0243716,0.503183,126.261,124.31,0.649319,0.0648544,0.0607368,0.019192,0.00774797,0.00112218,0.0201544,0.0048095
0.000156044,0.0042847,0.00334194,0,0,0,0,0,0,0,0,0,0,0,0,0,0,0,0,139.549,11.9968,0.395057,0.394928,0.600639,0.600787,0.0863599,0.0685834,0,254.95,11.9985,0.0467979,0.0655114,0.00436311,0,0.394841,0.394928,0.600428,0.600787
0.771393,42.0211,36.8462,0.00026135,0.010678,0,0.000448029,0.00280018,0.139822,0.000373357,0,0,7.46714e-05,7.46714e-05,0,0,0,7.46714e-05,0.00227748,2.57015,7.16387,0.0809375,0.0727207,0.120571,0.118816,0.928407,0.113166,0.30007,55.6662,69.455,0.6269,0.085846,0.409155,0.144437,0.0794739,0.0724873,0.110119,0.119755
399.015,3.35086e+06,78505.6,0,0,0,0,0,0,0,0,0,0,0,0,0,0,0,0,1.81538,1.81538,0.0307692,0.0307692,0,0,0.989846,0.0206154,0.0307692,138.938,61.1385,0.297692,0.0704615,0.286,0.0270769,0.00261538,0.0290769,0.0116923,0.000307692
