375,4.72356e+07,149136,0,0,0,0,0,0,0,0,0,0,0,0,0,0,0,0,1,1,0,0,0,0,1,0,0,203.5,1.5,0.01,0.035,0.005,0,0,0,0,0
31.6667,195.333,1.3859e+07,0,0,0,2.66667,0,1,0,0.666667,0,0,0,0,0,0,0,0,1,11.3333,0,0,0,0,1,0,0.153333,31,255,1,0,0.04,0.04,0,0,0,0
244.75,194.5,3.06622e+07,0,0,0,58.25,0,0.75,0,0,0,0,0,0,0,0,0,0,1,1.5,0.25,0.25,0,0,1,0,0.25,119.25,191.5,0.75,0.0075,0.0125,0.025,0.1175,0.25,0.005,0
18.3547,1196.28,13155.4,0,0,0.00021561,0.0419516,9.24044e-05,0.99846,0.0366537,0.000924044,7.70036e-05,0.0121358,0.0138453,9.24044e-05,0.00113965,0,0,0,7.43963,10.408,0.00268003,0.00249507,0.00135819,0.00179295,0.999764,0.000427216,0.114993,122.768,245.334,0.993027,0.00130521,0.0733911,0.0222513,0.00175476,0.000883078,0.00161908,0.00163001
3.04112,586.56,207.683,3.09066e-06,0.000489011,3.43407e-06,0.00428297,0.000261333,0.126226,0.000146978,3.53709e-05,2.74725e-06,9.78709e-05,0.000189217,6.86813e-06,0.000648352,0,6.18132e-06,0.000660371,287.196,251.182,0.0614897,0.0614353,0.149551,0.149498,0.803447,0.0252067,0.023576,238.309,198.078,0.785368,0.0247235,0.579694,0.00382053,0.0614433,0.0613375,0.149191,0.149482
1494.41,15017.6,1.80031e+06,0,0,0,0.189189,0,0.945946,4,0.0540541,0.0135135,0.324324,0.0810811,0,0.0405405,0,0,0,1.01351,1.04054,0,0,0,0,0.993243,0.0135135,0.027027,123.392,43.1892,0.275135,0.0656757,0.0485135,0.0610811,0.000810811,0.0483784,0.0236486,0.0135135
97.91,376.737,51749.8,0,0,0.00161655,0.0274814,0.000646621,0.997414,1.72777,0.00921435,0.00598125,1.89686,0.0373424,0.000323311,0.0148723,0,0,0,4.41481,6.79971,0.00534756,0.00434691,0.000376657,0.0014743,0.999281,0.000822826,0.127755,126.887,239.5,0.973909,0.00341739,0.0804672,0.0230407,0.00308277,0.00243776,0.00159392,0.00118008
399.015,3.35086e+06,78505.6,0,0,0,0,0,0,0,0,0,0,0,0,0,0,0,0,1.81538,1.81538,0.0307692,0.0307692,0,0,0.989846,0.0206154,0.0307692,138.938,61.1385,0.297692,0.0704615,0.286,0.0270769,0.00261538,0.0290769,0.0116923,0.000307692
530.848,3745.86,403428,0,0,0.0288066,0.148148,0.0164609,0.975309,3.46091,0.0493827,0,3.39095,0.0329218,0,0,0,0,0,1.67078,3.01646,0.0288066,0.0288066,0,0,0.988148,0.0174897,0.0525926,145.193,129.486,0.561728,0.0356379,0.0450206,0.0385597,0.00773663,0.0511523,0.018107,0.00901235
283.172,297349,1699.66,0,0,0,0.108359,0,0.00309598,0,0,0,0,0,0,0,0,0,0,2.16563,2.27554,0.00434985,0.00434985,0,0.00339009,0.99743,0.00517028,0.00931889,38.8715,20.5526,0.813854,0.0389164,0.809814,0.0827245,0.00120743,0.00450464,0.00232198,0.000309598
