3.6534,662.003,621.245,3.01611e-06,0.000477216,1.34049e-05,0.00517967,0.000259386,0.147047,0.00456003,7.70784e-05,1.67562e-05,0.00431438,0.000565018,9.38346e-06,0.000688344,0,6.03222e-06,0.000644443,280.44,245.364,0.0600786,0.0600194,0.145974,0.145935,0.808179,0.0246122,0.0257804,235.514,199.149,0.79027,0.0241731,0.567653,0.00428084,0.0600062,0.0598861,0.145633,0.145915
31.6667,195.333,1.3859e+07,0,0,0,2.66667,0,1,0,0.666667,0,0,0,0,0,0,0,0,1,11.3333,0,0,0,0,1,0,0.153333,31,255,1,0,0.04,0.04,0,0,0,0
317,6.28256e+07,90476,0,0,0,0,0,0,0,0,0,0,0,0,0,0,0,0,1,1,0,0,0,0,1,0,0,152,1,0.01,0.05,0.01,0,0,0,0,0
433,3.16456e+07,207796,0,0,0,0,0,0,0,0,0,0,0,0,0,0,0,0,1,1,0,0,0,0,1,0,0,255,2,0.01,0.02,0,0,0,0,0,0
2524.6,6.98695e+06,365150,0,0,0,0,0,0,0,0,0,0,0,0,0,0,0,0,1.1,1.2,0,0,0,0,1,0,0.1,152.6,69.3,0.353,0.19,0.287,0.008,0.003,0.003,0.061,0.002
28,1.35732e+07,10874,0,0,0,0,0,0,0,0,0,0,0,0,0,0,0,0,1,1,0.5,0.5,0,0,1,0,0,183,98,0.395,0.045,0.385,0,0.02,0.505,0,0
244.75,194.5,3.06622e+07,0,0,0,58.25,0,0.75,0,0,0,0,0,0,0,0,0,0,1,1.5,0.25,0.25,0,0,1,0,0.25,119.25,191.5,0.75,0.0075,0.0125,0.025,0.1175,0.25,0.005,0
61.625,599.25,3.33149e+06,0,0,0,0.125,0,1,0,0.125,0,0,0,0,0,0,0,0,1,1,0,0,0,0,1,0,0,138,73.875,0.3125,0.0375,0.1325,0.0025,0.0025,0,0,0
24.4737,2.21564e+06,29799.4,0,0,0,0,0,0,0,0,0,0,0,0,0,0,0,0,1.91228,1.89474,0.0175439,0.0175439,0,0,0.988421,0.0235088,0.0175439,132.772,54.4561,0.271754,0.0631579,0.27,0.0294737,0.00175439,0.0149123,0.0147368,0
1838.73,13531.2,1.39108e+06,0,0,0.0106383,0.308511,0.0106383,0.93617,10.9149,0.0531915,0.0106383,8.30851,0.0957447,0,0.0319149,0,0,0,1.05319,1.17021,0.0212766,0.0212766,0,0,0.994681,0.0106383,0.0342553,127.617,56.266,0.327234,0.0637234,0.0561702,0.065,0.0160638,0.0785106,0.0288298,0.0132979
