28.7555,1860.15,11311,0,0,9.82663e-05,0.0388854,8.42283e-05,0.994301,0.0298449,0.000814206,7.01902e-05,0.00690672,0.0114831,1.4038e-05,0.00105285,0,0,0,7.81482,10.7746,0.00266119,0.00251084,0.00841707,0.00902941,0.999667,0.000594652,0.111468,123.138,244.605,0.990742,0.00149267,0.0735782,0.0221513,0.00168274,0.000910648,0.00389935,0.00437243
0,0,2.56959e+07,0,0,0,233,0,0,0,0,0,0,0,0,0,0,0,0,1,1,1,1,0,0,1,0,0,255,1,0,0.03,0,0,0.47,1,0.02,0
440.667,9.15981e+06,393312,0,0,0,0,0,0,0,0,0,0,0,0,0,0,0,0,1.33333,1.33333,0,0,0,0,1,0,0,206,67,0.266667,0.04,0.26,0,0.00333333,0.00333333,0,0
317,6.28256e+07,90476,0,0,0,0,0,0,0,0,0,0,0,0,0,0,0,0,1,1,0,0,0,0,1,0,0,152,1,0.01,0.05,0.01,0,0,0,0,0
22,199,1.35054e+07,0,0,0,1,0,1,0,1,0,0,0,0,0,0,0,0,1,25,0,0,0,0,1,0,0.08,45,255,1,0,0.02,0.04,0,0,0,0
433,3.16456e+07,207796,0,0,0,0,0,0,0,0,0,0,0,0,0,0,0,0,1,1,0,0,0,0,1,0,0,255,2,0.01,0.02,0,0,0,0,0,0
26.0377,2.13377e+06,18827.5,0,0,0,0,0,0,0,0,0,0,0,0,0,0,0,0,1.58491,1.56604,0,0,0,0,0.987547,0.025283,0.0188679,126.906,51.1509,0.262075,0.0649057,0.261509,0.0316981,0.000377358,0,0.014717,0
71,5.13886e+06,196253,0,0,0,0,0,0,0,0,0,0,0,0,0,0,0,0,1,1,0,0,0,0,1,0,0,128,79.6667,0.346667,0.27,0.343333,0.0133333,0.00333333,0.00333333,0.203333,0.00666667
7.5,281.5,4.88306e+06,0,0,0,0.5,0,1,0,0.5,0,0,0,0,0,0,0,0,1,1,0,0,0,0,1,0,0,128,255,1,0,0.5,0.01,0,0,0,0
966.154,21018.7,1.46342e+06,0,0,0,0.205128,0,0.974359,7.4359,0.025641,0.025641,0.461538,0.0769231,0,0.0769231,0,0,0,1.02564,1.02564,0,0,0,0,0.987179,0.025641,0.025641,147.615,39.4103,0.204615,0.0692308,0.0125641,0.0766667,0.000512821,0.0505128,0.0438462,0.0228205
281.454,289853,910.518,0,0,0,0.108527,0,0.00310078,0,0,0,0,0,0,0,0,0,0,2.17364,2.28372,0.00435659,0.00435659,0,0.00339535,0.997426,0.00517829,0.00933333,39.3566,20.893,0.815953,0.037814,0.811953,0.0828527,0.0012093,0.00451163,0.00137984,0.000310078
326.333,259.333,3.23177e+07,0,0,0,0,0,1,0,0,0,0,0,0,0,0,0,0,1,1.66667,0,0,0,0,1,0,0.333333,74,255,1,0,0.0166667,0.0333333,0,0,0,0
4.5,3.57774e+06,0,0,0,0,0,0,0,0,0,0,0,0,0,0,0,0,0,11,11,0,0,0,0,1,0,0,255,187,0.735,0.03,0.735,0,0.01,0.01,0,0
2091.12,11330.6,1.91955e+06,0,0,0,0.125,0,0.916667,0.25,0.0416667,0,0.25,0.125,0,0,0,0,0,1,1,0,0,0,0,1,0,0,87.625,33.0833,0.332083,0.0691667,0.0754167,0.06125,0.000833333,0.0670833,0.00166667,0.00458333
28,1.35732e+07,10874,0,0,0,0,0,0,0,0,0,0,0,0,0,0,0,0,1,1,0.5,0.5,0,0,1,0,0,183,98,0.395,0.045,0.385,0,0.02,0.505,0,0
897.773,5430.7,488826,0,0,0,0.121212,0,0.969697,0.0606061,0.0606061,0,0,0,0,0,0,0,0,1.21212,1.93939,0.030303,0.030303,0,0,0.992424,0.0151515,0.00969697,137.652,95.697,0.426364,0.0318182,0.0293939,0.034697,0.00121212,0.0521212,0.0151515,0.0125758
63.4337,333.335,41739.4,0,0,0.00175856,0.0166546,0.000413779,0.998035,0.596669,0.00568946,0.00237923,0.655322,0.0296886,0.000724113,0.00734457,0,0,0,4.68563,7.12806,0.00441295,0.00378401,0.000344471,0.00126927,0.999385,0.000836868,0.130584,123.868,243.311,0.982637,0.00271129,0.0799762,0.0227765,0.0025344,0.00147305,0.00136961,0.0010572
479.256,2382.95,230927,0,0,0.0216606,0.158845,0.0108303,0.98917,19.2671,0.0577617,0.0505415,20.8087,0.108303,0,0.0974729,0,0,0,2.51625,4.04332,0.0144404,0.0144404,0,0,0.991408,0.0117329,0.0635379,116.278,164.332,0.695271,0.0266426,0.0813357,0.0370036,0.00812274,0.0313357,0.01,0.00472924
46,188,1.7304e+07,0,0,0,7,0,1,0,1,0,0,0,0,0,0,0,0,1,8,0,0,0,0,1,0,0.38,15,255,1,0,0.07,0.04,0,0,0,0
5927.75,6.74337e+06,470700,0,0,0,0,0,0,0,0,0,0,0,0,0,0,0,0,1,1.25,0,0,0,0,1,0,0.25,131,63.25,0.4225,0.2425,0.265,0.01,0.0025,0.0025,0,0
2.71063,569.142,188.736,3.10122e-06,0.000490682,3.4458e-06,0.00427383,0.000262225,0.123349,0.000128184,3.34243e-05,2.75664e-06,9.75161e-05,0.000189864,6.8916e-06,0.000648155,0,6.20244e-06,0.000662627,288.145,251.999,0.0616908,0.0616357,0.149886,0.149826,0.802779,0.0252867,0.0233284,238.701,197.932,0.78472,0.0247979,0.58141,0.0037593,0.0616486,0.0615435,0.14964,0.149921
2741.1,5815.26,890941,0,0,0.0322581,0.580645,0.0322581,0.903226,23.5484,0.0967742,0,24.4194,0.0967742,0,0,0,0,0,1.12903,1.48387,0.0645161,0.0645161,0,0,1,0,0.0716129,133.419,95.4194,0.477742,0.0525806,0.096129,0.0532258,0.0474194,0.122581,0.0309677,0.00806452
3,3.02289e+06,350354,0,0,0,0,0,0,0,0,0,0,0,0,0,0,0,0,1.5,1.5,0.5,0.5,0,0,1,0,0,166,9.5,0.065,0.05,0.03,0,0.03,0.415,0.03,0
79.6667,705.167,2.8143e+06,0,0,0,0,0,1,0,0,0,0,0,0,0,0,0,0,1,1,0,0,0,0,1,0,0,141.333,13.5,0.0833333,0.05,0.01,0,0.00333333,0,0,0
27,199,1.07676e+07,0,0,0,0,0,1,0,0,0,0,0,0,0,0,0,0,1,1,0,0,0,0,1,0,0,33,255,1,0,0.03,0.04,0,0,0,0
