0.000104168,513.412,0.649578,0,0,0,0,0,8.97997e-06,0,0,0,1.43679e-05,0,0,0,0,0,0,508.658,508.66,1.2572e-07,2.15519e-07,8.97997e-07,0,0.999852,0.000291328,0.000165231,254.565,254.327,0.997761,0.000214298,0.996145,0.000109502,7.21989e-06,4.95694e-06,0.000211065,0
375,4.72356e+07,149136,0,0,0,0,0,0,0,0,0,0,0,0,0,0,0,0,1,1,0,0,0,0,1,0,0,203.5,1.5,0.01,0.035,0.005,0,0,0,0,0
126.871,598.662,57973.9,0,0,0.00192885,0.0355765,0.000857265,0.996785,2.2829,0.0117874,0.0079297,2.49957,0.0492928,0.000428633,0.0188598,0,0,0,4.58551,6.98435,0.005988,0.00477497,0.000499357,0.00121517,0.999046,0.00109087,0.125958,117.041,237.746,0.968348,0.00408701,0.081691,0.0250321,0.0035105,0.00289541,0.0016138,0.00132447
205,193.2,2.79906e+07,0,0,0,48,0,0.8,0,0.2,0,0,0,0,0,0,0,0,1,2.8,0.2,0.2,0,0,1,0,0.276,98.4,204.2,0.8,0.006,0.024,0.028,0.094,0.2,0.004,0
17.6511,274.634,14770.5,0,0,0.000265825,0.00703551,8.86085e-05,0.998972,0.0214255,0.00108102,8.86085e-05,0.0142482,0.0141419,0.00010633,0.00134685,0,0,0,7.10934,10.0723,0.00288864,0.00263734,0.000153647,0.000717552,0.999794,0.000373396,0.118974,119.62,245.052,0.992912,0.00127827,0.076596,0.0227419,0.0018505,0.000947048,0.00083292,0.000506663
399.015,3.35086e+06,78505.6,0,0,0,0,0,0,0,0,0,0,0,0,0,0,0,0,1.81538,1.81538,0.0307692,0.0307692,0,0,0.989846,0.0206154,0.0307692,138.938,61.1385,0.297692,0.0704615,0.286,0.0270769,0.00261538,0.0290769,0.0116923,0.000307692
1211.08,15025.4,2.11051e+06,0,0,0,0.178082,0,0.958904,4.05479,0.0547945,0.0136986,0.328767,0.0821918,0,0.0410959,0,0,0,1.0137,1.34247,0,0,0,0,0.993151,0.0136986,0.0147945,123.863,47.0137,0.280137,0.0638356,0.0467123,0.0624658,0.000821918,0.0490411,0.0239726,0.0136986
6.782,94.8751,532.231,7.27232e-06,0.000990651,5.65625e-06,0.0101255,0.000615723,0.282083,0.000449268,7.75714e-05,4.84821e-06,0.000172111,0.000138982,1.37366e-05,0.00136154,0,1.45446e-05,0.00155385,94.9795,10.2432,0.144672,0.144541,0.351413,0.351361,0.537952,0.0584978,0.0466572,218.008,124.76,0.506031,0.0563117,0.0315681,0.00869524,0.144393,0.144296,0.350108,0.351522
675.828,14181.8,419103,0,0,0.0294118,0.159664,0.0168067,0.957983,3.53361,0.0546218,0,3.46218,0.0336134,0,0,0,0,0,1.57983,2.65546,0.0294118,0.0294118,0,0,0.987899,0.0178571,0.0559664,147.79,126.832,0.550294,0.0371429,0.0444118,0.0355462,0.00789916,0.0522269,0.0184454,0.00920168
0.749148,1379.17,16.7592,0,0.000175483,2.65884e-06,0.00207567,0,0.0252253,0.000956296,7.09024e-06,1.77256e-06,0.000105467,0.000426301,2.65884e-06,0.000181687,0,0,0,386.099,386.12,3.16756e-05,3.5336e-05,0.000596918,0.000519369,0.999584,0.000757335,0.0104422,251.615,251.069,0.988809,0.00197251,0.970862,0.000483102,0.00020832,3.93951e-05,0.000980482,0.000299084
