16.6251,264.895,13418.3,0,0,0.000220455,0.00940083,9.44807e-05,0.99885,0.0209275,0.000960554,7.8734e-05,0.0124085,0.0141564,9.44807e-05,0.00118101,0,0,0,7.4751,10.461,0.00270845,0.00249665,0.000473978,0.00100669,0.999767,0.000421069,0.116203,120.948,245.274,0.993282,0.00121801,0.0745017,0.0225773,0.00178584,0.000868593,0.0008582,0.000764664
399.015,3.35086e+06,78505.6,0,0,0,0,0,0,0,0,0,0,0,0,0,0,0,0,1.81538,1.81538,0.0307692,0.0307692,0,0,0.989846,0.0206154,0.0307692,138.938,61.1385,0.297692,0.0704615,0.286,0.0270769,0.00261538,0.0290769,0.0116923,0.000307692
375,4.72356e+07,149136,0,0,0,0,0,0,0,0,0,0,0,0,0,0,0,0,1,1,0,0,0,0,1,0,0,203.5,1.5,0.01,0.035,0.005,0,0,0,0,0
295.541,58510.7,3968.46,0,0,0,0.886917,0,0.714816,0.437474,0.000412712,0.000412712,0.00288898,0.00123813,0.000412712,0.000412712,0,0,0,10.2559,11.253,0.0096492,0.00952125,0.212216,0.213298,0.997553,0.00311597,0.0549649,217.565,195.273,0.817697,0.0190466,0.126154,0.0183244,0.00333058,0.00391251,0.0884111,0.0867767
622.144,3803.24,414682,0,0,0.0288066,0.156379,0.0164609,0.971193,3.46091,0.0534979,0,3.39095,0.0329218,0,0,0,0,0,1.67078,3.02469,0.0288066,0.0288066,0,0,0.988148,0.0174897,0.0567078,145.222,129.782,0.564733,0.0358025,0.0454321,0.0384774,0.00773663,0.0511523,0.018107,0.00901235
91.4786,311.488,53011.2,0,0,0.00171615,0.0281448,0.00068646,0.998284,1.83268,0.00943882,0.00617814,2.01253,0.039643,0.000171615,0.015617,0,0,0,4.44225,6.83422,0.00529947,0.00437961,0.000399863,0.00153595,0.999236,0.00087352,0.126633,125.593,239.952,0.973564,0.00330359,0.0803089,0.0232178,0.00297923,0.00250558,0.00155826,0.00107259
1211.08,15025.4,2.11051e+06,0,0,0,0.178082,0,0.958904,4.05479,0.0547945,0.0136986,0.328767,0.0821918,0,0.0410959,0,0,0,1.0137,1.34247,0,0,0,0,0.993151,0.0136986,0.0147945,123.863,47.0137,0.280137,0.0638356,0.0467123,0.0624658,0.000821918,0.0490411,0.0239726,0.0136986
2.86753,561.726,209.252,3.09128e-06,0.00048911,3.43476e-06,0.00427834,0.000261385,0.12626,0.000147008,3.5378e-05,2.74781e-06,9.78907e-05,0.000188225,6.86952e-06,0.000648139,0,6.18257e-06,0.000660504,287.248,251.228,0.0614964,0.0614423,0.149425,0.149369,0.803409,0.0252095,0.0235833,238.296,198.106,0.785454,0.0247168,0.579732,0.0038126,0.0614538,0.0613483,0.149166,0.14946
205,193.2,2.79906e+07,0,0,0,48,0,0.8,0,0.2,0,0,0,0,0,0,0,0,1,2.8,0.2,0.2,0,0,1,0,0.276,98.4,204.2,0.8,0.006,0.024,0.028,0.094,0.2,0.004,0
304.517,307224,1734.57,0,0,0,0.116667,0,0,0,0,0,0,0,0,0,0,0,0,2.06333,2.14,0.000516667,0.000516667,0,0.00236667,0.997233,0.00556667,0.00858333,30.0917,17.79,0.852117,0.03755,0.851083,0.0878333,0.00085,0.00123333,0.00215,0.000333333
