0.236804,266.272,2180.82,0,0,2.57396e-05,0.0433969,9.43785e-05,0.999691,0.00126982,0.000497632,1.71597e-05,0.000463313,0.000283135,0.000102958,0.0119946,0,3.43194e-05,0.0021707,9.70254,12.6892,0.000734865,0.000825125,4.71892e-05,0.00046846,0.999737,0.000476097,0.0934157,137.016,243.852,0.989078,0.00200812,0.04702,0.0198342,0.000787889,0.000585919,0.00166913,0.000364473
0.0961936,1042.26,18.4411,0,0.000565173,0,1.14176e-05,0,0.0541767,0,1.14176e-05,1.14176e-05,0.000211226,0.000899139,0,0.000559465,0,0,0,128.627,128.671,1.5214e-05,2.83728e-05,5.9543e-05,8.64886e-05,0.998972,0.00191711,0.0282188,246.559,245.905,0.973786,0.00464904,0.939126,0.00108904,0.00049367,7.54992e-05,0.00140408,0.000302139
1.59959,262.782,9346.86,0,0,0.000131467,0.00690199,0,0.999244,0.00723066,0.000690199,0,0.00351673,0.00381253,0,0.0003944,0,0,0,7.99287,11.1523,0.00204332,0.00191777,0.000206074,0.000570236,0.999841,0.000284954,0.119946,119.689,247.123,0.995732,0.000690199,0.0737813,0.0228735,0.00121081,0.000503188,0.000484125,0.000320778
10912.8,238.848,847.851,0,0,0,0.0015361,0,0.104455,0.175115,0.0030722,0.0015361,0.109063,0.227343,0,0.0015361,0,0,0,1.03687,1.25806,0.0583717,0.0504147,0.0487404,0.0566974,0.991982,0.0143932,0.0353149,222.187,129.928,0.543456,0.127896,0.0332104,0.0121352,0.284685,0.322903,0.136928,0.0737481
17.1423,262.728,15162.7,0,0,0,0.0050339,0.000154099,0.999178,0.0224471,0.00138689,0.000154099,0.0139203,0.0202383,5.13663e-05,0.00200329,0,0,0,7.31544,10.2021,0.00298028,0.00255548,0.000179782,0.000760736,0.99982,0.000359564,0.112228,124.776,242.31,0.992973,0.00144545,0.0719042,0.0216221,0.00226577,0.00108537,0.001015,0.000651839
0.809417,1285.62,17.3592,0,0,0,0.00274476,0,0.017088,0.00134237,1.27723e-06,2.55445e-06,3.9594e-05,0.000153267,0,8.81287e-05,0,0,0,498.867,498.88,3.78953e-05,3.82402e-05,0.000830262,0.000709257,0.999695,0.000554636,0.00479792,253.141,252.527,0.992474,0.00121545,0.978928,0.00025823,0.000116343,2.92357e-05,0.000882551,0.00032402
48.677,364.004,37831.9,0,0,0.00140023,0.0170362,0.000233372,0.997433,0.0793466,0.00280047,0.000233372,0.102684,0.0259043,0.00163361,0.00350058,0,0,0,4.40607,6.80373,0.00434772,0.00323221,0.000214702,0.00162427,0.999312,0.00072112,0.134075,136.735,243.39,0.98596,0.00223104,0.0773349,0.0208308,0.00243874,0.00120887,0.00106651,0.000770128
1113.25,1249.72,522638,0,0,0,0.150943,0,0.981132,0.0754717,0.0754717,0,0,0,0,0,0,0,0,1.26415,2.16981,0.0188679,0.0188679,0,0,0.990566,0.0188679,0.0120755,136.849,96.5849,0.422075,0.0301887,0.0328302,0.0326415,0.000566038,0.0462264,0.0166038,0.0143396
31.6667,195.333,1.3859e+07,0,0,0,2.66667,0,1,0,0.666667,0,0,0,0,0,0,0,0,1,11.3333,0,0,0,0,1,0,0.153333,31,255,1,0,0.04,0.04,0,0,0,0
522.967,680.722,116577,0,0,0.00934579,0.123832,0.0046729,0.995327,17.9673,0.0420561,0.046729,19.6612,0.114486,0,0.0841121,0,0,0,4.8528,7.1472,0.0086215,0.00724299,0,0,1,0,0.101402,70.2173,211.509,0.898248,0.00728972,0.116472,0.0339019,0.00719626,0.0120561,0.00299065,0.00327103
282.634,297471,1327.49,0,0,0,0.108527,0,0.00310078,0,0,0,0,0,0,0,0,0,0,2.16744,2.27752,0.00435659,0.00435659,0,0.00339535,0.997426,0.00517829,0.00933333,38.8016,20.5814,0.815085,0.0388527,0.811054,0.0828527,0.0012093,0.00451163,0.00232558,0.000310078
1838.98,147.285,133.446,0,0,0,0,0,0.0165289,0,0,0,0,0,0,0,0,0,0,1.04959,1.15289,0,0,0.0165289,0.0165289,0.997934,0.00413223,0.00723141,86.0537,19.095,0.279008,0.191157,0.769628,0,0,0,0.00549587,0.0113636
1.19414,189.609,365.563,0,0,0,0.0181851,0.00166017,0.515942,0.000175241,6.76367e-05,0,0.000107604,0.000196761,1.22976e-05,0.000602582,0,3.38184e-05,0.00468538,6.2518,8.09762,0.000395921,0.000558403,0.000851608,0.000733367,0.997671,0.00390562,0.0601358,198.213,248.113,0.98808,0.00619921,0.0264788,0.00974316,0.000455195,0.000333664,0.0018633,0.00104437
399.015,3.35086e+06,78505.6,0,0,0,0,0,0,0,0,0,0,0,0,0,0,0,0,1.81538,1.81538,0.0307692,0.0307692,0,0,0.989846,0.0206154,0.0307692,138.938,61.1385,0.297692,0.0704615,0.286,0.0270769,0.00261538,0.0290769,0.0116923,0.000307692
1394.71,17328,1.63718e+06,0,0,0,0.174603,0,0.952381,4.69841,0.031746,0.015873,0.380952,0.0952381,0,0.047619,0,0,0,1.01587,1.01587,0,0,0,0,0.992063,0.015873,0.015873,124.762,37,0.253175,0.0692063,0.0365079,0.0707937,0.000634921,0.0568254,0.0277778,0.015873
61.625,599.25,3.33149e+06,0,0,0,0.125,0,1,0,0.125,0,0,0,0,0,0,0,0,1,1,0,0,0,0,1,0,0,138,73.875,0.3125,0.0375,0.1325,0.0025,0.0025,0,0,0
2831.33,5994.83,897288,0,0,0.0333333,0.6,0.0333333,0.9,24.3333,0.1,0,25.2333,0.1,0,0,0,0,0,1.13333,1.5,0.0666667,0.0666667,0,0,1,0,0.074,134.467,96.5,0.489667,0.053,0.099,0.054,0.049,0.0996667,0.032,0.00833333
96.2716,340.551,60839.3,0,0,0,0.0249337,0.000530504,0.997878,1.05199,0.0137931,0.00742706,1.11883,0.0530504,0,0.0190981,0,0,0,4.55385,6.91459,0.00650928,0.00605836,0.000748011,0.00114589,0.998939,0.00159151,0.121496,115.477,240.062,0.973363,0.00418568,0.0789655,0.0255279,0.00392573,0.00214854,0.00212732,0.00138462
0.0931077,10.5264,4.45883,1.2175e-05,0.00165851,0,1.89389e-05,0.000284084,0.0116041,0,0,0,2.70556e-06,0,0,0,0,4.05834e-06,0.000137983,154.377,11.0204,0.241786,0.241476,0.587748,0.587585,0.227623,0.095957,0.0272655,247.246,43.3371,0.182937,0.0906316,0.0293357,0.00542393,0.241055,0.241009,0.584772,0.58775
42.1356,306.759,25278.3,0,0,0.00116509,0.0270302,0.000233019,0.997786,0.0527787,0.00116509,0.000116509,0.0301759,0.024933,0,0.00209717,0,0,0,5.60445,8.23209,0.00498311,0.00479902,0.000407783,0.0013352,0.999616,0.000629151,0.117524,111.293,245.67,0.986813,0.00235931,0.0892264,0.0237586,0.00261331,0.00174531,0.00124316,0.00101596
12.0414,264.166,5189.63,0,0,0.000144862,0.0311659,2.06945e-05,0.997289,0.00540127,0.000351807,0,0.0022764,0.000351807,8.2778e-05,0.00064153,0,0,0.000910558,8.66483,11.5987,0.000977195,0.0011709,0.00215554,0.00284777,0.999648,0.000662431,0.102391,114.776,244.937,0.994349,0.000915318,0.0685369,0.0236271,0.001031,0.000509085,0.00104569,0.00204151
98.602,4535.02,272868,0,0,0.0298507,0.0895522,0.0149254,0.9801,4.22388,0.039801,0.00995025,4.45771,0.0248756,0,0.0348259,0,0,0,2.06965,3.72139,0.0199005,0.0199005,0,0,0.988159,0.0161692,0.0653731,140.01,149.925,0.63408,0.0334328,0.040995,0.0384577,0.00199005,0.0424876,0.0128358,0.00587065
375,4.72356e+07,149136,0,0,0,0,0,0,0,0,0,0,0,0,0,0,0,0,1,1,0,0,0,0,1,0,0,203.5,1.5,0.01,0.035,0.005,0,0,0,0,0
0,513.398,0.593456,0,0,0,0,0,0,0,0,0,0,0,0,0,0,0,0,510.413,510.414,0,0,0,0,1,2.16422e-07,9.0176e-08,254.928,254.887,0.999789,1.55824e-05,0.99849,2.65478e-05,0,0,0.000192183,0
244.75,194.5,3.06622e+07,0,0,0,58.25,0,0.75,0,0,0,0,0,0,0,0,0,0,1,1.5,0.25,0.25,0,0,1,0,0.25,119.25,191.5,0.75,0.0075,0.0125,0.025,0.1175,0.25,0.005,0
