0,513.393,0.594033,0,0,0,0,0,0,0,0,0,0,0,0,0,0,0,0,510.422,510.423,0,0,0,0,1,2.16426e-07,9.01775e-08,254.928,254.887,0.999789,1.55827e-05,0.99849,2.65483e-05,0,0,0.000192186,0
0,1031.87,0,0,0,0,0,0,0,0,0,0,0,0,0,0,0,0,0,510.386,510.389,0,0,0,0,1,0,0,254.923,254.834,0.99962,4.82485e-05,0.999622,0,0,0,3.39686e-06,0
0.422908,68.2868,138.239,8.30618e-06,0.00113149,1.84582e-06,0.00551992,0.000693105,0.180345,5.26058e-05,5.26058e-05,9.22909e-07,2.95331e-05,3.23018e-05,3.69164e-06,0.000166124,0,1.29207e-05,0.00150065,107.404,10.2093,0.165087,0.164925,0.401237,0.401097,0.472371,0.0666165,0.0377741,230.635,108.435,0.439228,0.0636536,0.0287344,0.00698221,0.164599,0.164535,0.399526,0.401295
2831.33,5994.83,897288,0,0,0.0333333,0.6,0.0333333,0.9,24.3333,0.1,0,25.2333,0.1,0,0,0,0,0,1.13333,1.5,0.0666667,0.0666667,0,0,1,0,0.074,134.467,96.5,0.489667,0.053,0.099,0.054,0.049,0.0996667,0.032,0.00833333
10901,190.72,844.392,0,0,0,0.0015361,0,0.104455,0.175115,0.0030722,0.0015361,0.109063,0.227343,0,0.0015361,0,0,0,1.0384,1.25806,0.0583717,0.0504147,0.0495084,0.0582335,0.991214,0.0159293,0.0353149,221.926,129.939,0.544025,0.127972,0.0332565,0.0121352,0.284685,0.322903,0.137435,0.0751152
375,4.72356e+07,149136,0,0,0,0,0,0,0,0,0,0,0,0,0,0,0,0,1,1,0,0,0,0,1,0,0,203.5,1.5,0.01,0.035,0.005,0,0,0,0,0
0.102534,1045.03,20.7722,0,0.00056175,0,1.13485e-05,0,0.0608619,0,1.13485e-05,1.13485e-05,0.000224133,0.00104406,0,0.00068942,0,0,0,127.447,127.494,1.65404e-05,3.10381e-05,6.76937e-05,8.73833e-05,0.998883,0.0020785,0.0312076,245.7,245.065,0.971413,0.00508293,0.932462,0.00115817,0.000526485,8.32979e-05,0.00149757,0.000335007
523.934,656.49,114241,0,0,0.00875274,0.115974,0.00437637,0.995624,17.2407,0.0415755,0.04814,18.8862,0.107221,0,0.0853392,0,0,0,4.90591,7.23632,0.00820569,0.00691466,0,0,1,0,0.100372,69.6258,212.659,0.899234,0.00702407,0.113567,0.0336105,0.00702407,0.0113786,0.00280088,0.00306346
1394.71,17328,1.63718e+06,0,0,0,0.174603,0,0.952381,4.69841,0.031746,0.015873,0.380952,0.0952381,0,0.047619,0,0,0,1.01587,1.01587,0,0,0,0,0.992063,0.015873,0.015873,124.762,37,0.253175,0.0692063,0.0365079,0.0707937,0.000634921,0.0568254,0.0277778,0.015873
303.973,307371,1333.88,0,0,0,0.116861,0,0,0,0,0,0,0,0,0,0,0,0,2.06511,2.1419,0.000517529,0.000517529,0,0.00237062,0.997229,0.00557596,0.00859766,30.0017,17.8164,0.853506,0.0374791,0.852487,0.08798,0.000851419,0.00123539,0.00215359,0.00033389
399.015,3.35086e+06,78505.6,0,0,0,0,0,0,0,0,0,0,0,0,0,0,0,0,1.81538,1.81538,0.0307692,0.0307692,0,0,0.989846,0.0206154,0.0307692,138.938,61.1385,0.297692,0.0704615,0.286,0.0270769,0.00261538,0.0290769,0.0116923,0.000307692
28.645,15693.9,534.984,0,0,0,0.00864987,0,0.498308,0.000752162,0,0,0,0.00150432,0,0.00300865,0,0,0,4.46371,5.07296,0.00531027,0.00496427,0.0113351,0.0121625,0.98736,0.0197104,0.270771,136.022,94.9357,0.495021,0.0595036,0.171267,0.0161527,0.0114103,0.00442272,0.0196728,0.00484017
244.75,194.5,3.06622e+07,0,0,0,58.25,0,0.75,0,0,0,0,0,0,0,0,0,0,1,1.5,0.25,0.25,0,0,1,0,0.25,119.25,191.5,0.75,0.0075,0.0125,0.025,0.1175,0.25,0.005,0
61.625,599.25,3.33149e+06,0,0,0,0.125,0,1,0,0.125,0,0,0,0,0,0,0,0,1,1,0,0,0,0,1,0,0,138,73.875,0.3125,0.0375,0.1325,0.0025,0.0025,0,0,0
1113.25,1249.72,522638,0,0,0,0.150943,0,0.981132,0.0754717,0.0754717,0,0,0,0,0,0,0,0,1.26415,2.16981,0.0188679,0.0188679,0,0,0.990566,0.0188679,0.0120755,136.849,96.5849,0.422075,0.0301887,0.0328302,0.0326415,0.000566038,0.0462264,0.0166038,0.0143396
97.6305,4493.45,272089,0,0,0.0295567,0.08867,0.0147783,0.980296,4.18227,0.0394089,0.00985222,4.41379,0.0246305,0,0.0344828,0,0,0,2.09852,3.74384,0.0197044,0.0197044,0,0,0.988276,0.0160099,0.0656158,138.729,150.961,0.637685,0.0331034,0.0433498,0.0382759,0.00197044,0.042069,0.0127094,0.00581281
31.6667,195.333,1.3859e+07,0,0,0,2.66667,0,1,0,0.666667,0,0,0,0,0,0,0,0,1,11.3333,0,0,0,0,1,0,0.153333,31,255,1,0,0.04,0.04,0,0,0,0
80.3198,322.926,56822.1,0,0,0,0.0188604,0.000401284,0.998395,0.760835,0.0100321,0.00481541,0.793339,0.062199,0,0.0140449,0,0,0,4.78491,7.17335,0.00537721,0.00475522,0.000565811,0.000967095,0.999197,0.00120385,0.12317,114.073,241.013,0.977115,0.00327849,0.0836557,0.0250602,0.00378411,0.00169342,0.00162119,0.00119583
309.069,60290.5,4203.14,0,0,0,0.94292,0,0.731858,0.469027,0.000442478,0.000442478,0.00309735,0,0.000442478,0,0,0,0,10.3814,11.4044,0.0100619,0.0099469,0.219987,0.220429,0.998372,0.00226991,0.0450354,222.288,201.454,0.835518,0.0168496,0.120606,0.0185133,0.00309735,0.00405752,0.0929779,0.0916681
3.37687,3811.94,251.128,0,0,0,0.000167983,0,0.781203,0,8.39913e-05,0.000167983,0.00260373,0.00789518,0,0.00277171,0,0,0,3.20233,3.49504,0.000320007,0.000441794,0.0102755,0.00232404,0.984487,0.0290215,0.196151,182.645,160.885,0.70709,0.0541307,0.0821309,0.00882664,0.00423148,0.000807156,0.0342273,0.00244499
18.5612,256.356,15938.4,0,0,0,0.00460103,0.000131458,0.999255,0.0243197,0.00127076,0.000131458,0.0121818,0.021822,4.38193e-05,0.00197187,0,0,0,7.14504,10.0103,0.00321634,0.00282591,0.000197187,0.000834319,0.999768,0.000411901,0.112887,122.802,242.703,0.992431,0.00143771,0.0753845,0.0220556,0.00233469,0.00106481,0.000971035,0.000692345
1.04929,265.064,2893.83,0,0,6.27407e-05,0.0502553,7.84258e-05,0.999537,0.00198417,0.000258805,7.84258e-06,0.000886212,0.000352916,0.000125481,0.0111051,0,3.13703e-05,0.00232925,9.2646,12.253,0.000776808,0.000895623,0.000199986,0.000660581,0.999741,0.000494396,0.0969677,131.144,244.294,0.99023,0.00171219,0.0525974,0.0208246,0.000853822,0.000558627,0.00139496,0.000462869
30.8795,255.277,30730.6,0,0,0.00172117,0.0319492,0.000322719,0.998924,0.060994,0.00204389,0.000107573,0.0646515,0.0178571,0.000645439,0.00268933,0,0,0,4.93922,7.43718,0.00403722,0.0034972,0.0003679,0.00149957,0.999521,0.00065512,0.125815,123.245,245.404,0.986757,0.00247849,0.0803012,0.0222709,0.0021364,0.00110908,0.00144901,0.000988597
1908.01,173.09,206.702,0,0,0,0,0,0.0163265,0,0,0,0,0,0,0,0,0,0,1.04898,1.15102,0,0,0.0326531,0.0326531,0.997959,0.00408163,0.00714286,84.2612,18.9918,0.282612,0.191265,0.761265,0,0,0,0.0110204,0.0238776
10.3132,263.048,8239.44,0,0,8.51916e-05,0.00655975,2.12979e-05,0.997572,0.00790152,0.000596341,0,0.00336507,0.00253445,0,0.000468554,0,0,0,8.14608,11.2355,0.00168977,0.00168765,0.00174281,0.00232616,0.999709,0.00053266,0.113624,118.265,246.646,0.995186,0.000810598,0.0733932,0.0230465,0.00116798,0.000501139,0.000931783,0.00171192
