0.369185,265.636,2209.22,0,0,5.15035e-05,0.0403199,8.09341e-05,0.999117,0.00122873,0.000448817,1.47153e-05,0.000463532,0.000286948,0.000103007,0.0103081,0,2.94306e-05,0.00228087,9.65975,12.6373,0.000730614,0.000860624,0.000382818,0.00071016,0.999537,0.000791609,0.0946594,134.921,243.796,0.989658,0.00182396,0.0479017,0.020163,0.000788519,0.000583829,0.00188451,0.000701772
0.183846,1123.55,27.9287,0,0.000544982,0,1.65146e-05,0,0.0835886,0,1.37622e-05,1.65146e-05,0.000302768,0.00125236,0,0.000754166,0,0,0,123.653,123.708,2.51572e-05,4.37362e-05,0.000391644,0.000150173,0.998442,0.00290759,0.0362508,243.943,242.727,0.964107,0.00653339,0.906536,0.00136292,0.000642473,0.00010239,0.00254149,0.00039624
11.4064,264.427,6081.53,0,0,5.72213e-05,0.0314908,1.90738e-05,0.997406,0.00612268,0.000419623,0,0.00217441,0.00213626,3.81476e-05,0.000667582,0,0,0.000839246,8.81811,11.801,0.00124495,0.00137064,0.00201534,0.00271115,0.999685,0.000591478,0.103757,117.24,245.347,0.994586,0.00084802,0.0696313,0.0231733,0.001042,0.000464065,0.000970092,0.00195983
2831.33,5994.83,897288,0,0,0.0333333,0.6,0.0333333,0.9,24.3333,0.1,0,25.2333,0.1,0,0,0,0,0,1.13333,1.5,0.0666667,0.0666667,0,0,1,0,0.074,134.467,96.5,0.489667,0.053,0.099,0.054,0.049,0.0996667,0.032,0.00833333
375,4.72356e+07,149136,0,0,0,0,0,0,0,0,0,0,0,0,0,0,0,0,1,1,0,0,0,0,1,0,0,203.5,1.5,0.01,0.035,0.005,0,0,0,0,0
0,1031.86,0,0,0,0,0,0,0,0,0,0,0,0,0,0,0,0,0,510.362,510.365,0,0,0,0,1,0,0,254.923,254.834,0.99962,4.82427e-05,0.999622,0,0,0,3.39645e-06,0
308.938,60280.5,4201.45,0,0,0,0.942503,0,0.731977,0.468819,0.000442282,0.000442282,0.00309598,0,0.000442282,0,0,0,0,10.3773,11.4003,0.0100575,0.0099425,0.219889,0.220332,0.998372,0.00226891,0.0454578,222.269,201.446,0.83548,0.016851,0.120557,0.0185095,0.00309598,0.00405573,0.0929368,0.0916276
24.3245,14414.5,451.784,0,0,0,0.00707475,0,0.449708,0.000615195,0,0,0,0.00246078,0,0.00246078,0,0,0,4.89203,5.43156,0.00449708,0.00415564,0.0101661,0.0108428,0.987976,0.0185543,0.245851,135.298,91.6758,0.482439,0.0595694,0.189754,0.016681,0.0100369,0.00406337,0.0184559,0.00451553
88.8677,330.561,58264.2,0,0,0,0.0208703,0.00044405,0.998224,0.841918,0.0111012,0.0053286,0.877886,0.0688277,0,0.0155417,0,0,0,4.5413,6.95693,0.00591474,0.00514654,0.00062611,0.000959147,0.999112,0.00133215,0.125568,115.941,240.862,0.975493,0.00356128,0.0801554,0.025302,0.00388099,0.00182948,0.00179396,0.00132327
30.9742,244.202,33412.2,0,0,0.00188106,0.0121545,0.000144697,0.999132,0.0681522,0.00260454,0,0.0849371,0.0156273,0.000868181,0.00245985,0,0,0,4.66257,7.09449,0.00384749,0.00330343,0.000277818,0.00139488,0.999428,0.000736507,0.133531,129.218,245.696,0.98821,0.0021719,0.0787961,0.0214036,0.0020764,0.000986833,0.00119086,0.000873969
4.59121,257.855,11857.2,0,0,0.000128399,0.00346676,9.62989e-05,0.99939,0.0108818,0.000995089,6.41993e-05,0.008699,0.00465445,0,0.00112349,0,0,0,7.32735,10.4271,0.00251565,0.0021526,0.000133855,0.000482458,0.999829,0.000310403,0.122317,124.101,244.775,0.994879,0.000981607,0.0707925,0.0218807,0.0016252,0.000635573,0.000791577,0.00041248
31.9894,264.554,20426.4,0,0,0.000257356,0.0212748,0.000171571,0.998885,0.0384318,0.00102942,0.000171571,0.00986532,0.0365446,8.57854e-05,0.00197306,0,0,0,6.60462,9.34014,0.00368105,0.00354122,0.000300249,0.00132367,0.999631,0.000634812,0.108613,109.427,244.733,0.988561,0.00206657,0.0896448,0.0247173,0.00275628,0.00146007,0.00104487,0.000802951
97.6305,4493.45,272089,0,0,0.0295567,0.08867,0.0147783,0.980296,4.18227,0.0394089,0.00985222,4.41379,0.0246305,0,0.0344828,0,0,0,2.09852,3.74384,0.0197044,0.0197044,0,0,0.988276,0.0160099,0.0656158,138.729,150.961,0.637685,0.0331034,0.0433498,0.0382759,0.00197044,0.042069,0.0127094,0.00581281
61.625,599.25,3.33149e+06,0,0,0,0.125,0,1,0,0.125,0,0,0,0,0,0,0,0,1,1,0,0,0,0,1,0,0,138,73.875,0.3125,0.0375,0.1325,0.0025,0.0025,0,0,0
303.973,307371,1333.88,0,0,0,0.116861,0,0,0,0,0,0,0,0,0,0,0,0,2.06511,2.1419,0.000517529,0.000517529,0,0.00237062,0.997229,0.00557596,0.00859766,30.0017,17.8164,0.853506,0.0374791,0.852487,0.08798,0.000851419,0.00123539,0.00215359,0.00033389
10877.4,188.786,832.317,0,0,0,0.00152905,0,0.103976,0.174312,0.0030581,0.00152905,0.108563,0.2263,0,0.00152905,0,0,0,1.0367,1.25688,0.058104,0.0501835,0.0485168,0.0564373,0.992018,0.0143272,0.0351529,221.656,129.359,0.542722,0.127813,0.0366972,0.0120795,0.283379,0.321422,0.13633,0.0734098
0,518.632,0,0,0,0,0,0,0,0,0,0,0,0,0,0,0,0,0,510.483,510.483,0,0,0,0,1,0,0,254.927,254.886,0.999787,1.08351e-05,0.999787,2.68506e-05,0,0,0.000194375,0
31.6667,195.333,1.3859e+07,0,0,0,2.66667,0,1,0,0.666667,0,0,0,0,0,0,0,0,1,11.3333,0,0,0,0,1,0,0.153333,31,255,1,0,0.04,0.04,0,0,0,0
534.431,663.732,114810,0,0,0.00892857,0.118304,0.00446429,0.995536,17.5871,0.0424107,0.0491071,19.2656,0.109375,0,0.0870536,0,0,0,4.91518,7.22098,0.00837054,0.00705357,0,0,1,0,0.0985714,70.0446,212.375,0.899219,0.00712054,0.114464,0.0335714,0.00716518,0.0116071,0.00285714,0.003125
399.015,3.35086e+06,78505.6,0,0,0,0,0,0,0,0,0,0,0,0,0,0,0,0,1.81538,1.81538,0.0307692,0.0307692,0,0,0.989846,0.0206154,0.0307692,138.938,61.1385,0.297692,0.0704615,0.286,0.0270769,0.00261538,0.0290769,0.0116923,0.000307692
244.75,194.5,3.06622e+07,0,0,0,58.25,0,0.75,0,0,0,0,0,0,0,0,0,0,1,1.5,0.25,0.25,0,0,1,0,0.25,119.25,191.5,0.75,0.0075,0.0125,0.025,0.1175,0.25,0.005,0
0.822521,62.6508,103.419,8.55215e-06,0.00116499,0,0.00525292,0.000712679,0.156332,5.41636e-05,2.09053e-05,0,3.04076e-05,3.42086e-05,3.80096e-06,0.000170093,0,1.33033e-05,0.00149092,110.095,9.93524,0.169954,0.169781,0.413079,0.412935,0.456773,0.0685496,0.0362815,233.337,104.369,0.422569,0.0655599,0.0281962,0.00660684,0.169453,0.169391,0.411274,0.413127
1394.71,17328,1.63718e+06,0,0,0,0.174603,0,0.952381,4.69841,0.031746,0.015873,0.380952,0.0952381,0,0.047619,0,0,0,1.01587,1.01587,0,0,0,0,0.992063,0.015873,0.015873,124.762,37,0.253175,0.0692063,0.0365079,0.0707937,0.000634921,0.0568254,0.0277778,0.015873
1113.25,1249.72,522638,0,0,0,0.150943,0,0.981132,0.0754717,0.0754717,0,0,0,0,0,0,0,0,1.26415,2.16981,0.0188679,0.0188679,0,0,0.990566,0.0188679,0.0120755,136.849,96.5849,0.422075,0.0301887,0.0328302,0.0326415,0.000566038,0.0462264,0.0166038,0.0143396
0,53.1548,53.0761,0,0,0,0,0,0,0,0,0,0,0,0,0,0,0,0,490.737,490.77,0,0,0,0,1,5.30191e-05,4.27099e-05,254.773,254.494,0.999013,0.000611193,0.8677,0,0,0,0,0
