61.625,599.25,3.33149e+06,0,0,0,0.125,0,1,0,0.125,0,0,0,0,0,0,0,0,1,1,0,0,0,0,1,0,0,138,73.875,0.3125,0.0375,0.1325,0.0025,0.0025,0,0,0
0,513.486,0.582651,0,0,0,0,0,0,0,0,0,0,0,0,0,0,0,0,510.428,510.428,0,0,0,0,1,0,0,254.928,254.887,0.999789,1.52965e-05,0.998565,2.65524e-05,0,0,0.000192216,0
517.71,715.513,119234,0,0,0.0102564,0.135897,0,0.994872,19.1846,0.0435897,0.0512821,20.9974,0.125641,0,0.0923077,0,0,0,4.36154,6.72308,0.00841026,0.00689744,0,0,1,0,0.0977179,66.2154,211.626,0.900026,0.00694872,0.121462,0.0345385,0.00779487,0.0132308,0.00320513,0.00358974
282.634,297471,1327.49,0,0,0,0.108527,0,0.00310078,0,0,0,0,0,0,0,0,0,0,2.16744,2.27752,0.00435659,0.00435659,0,0.00339535,0.997426,0.00517829,0.00933333,38.8016,20.5814,0.815085,0.0388527,0.811054,0.0828527,0.0012093,0.00451163,0.00232558,0.000310078
244.75,194.5,3.06622e+07,0,0,0,58.25,0,0.75,0,0,0,0,0,0,0,0,0,0,1,1.5,0.25,0.25,0,0,1,0,0.25,119.25,191.5,0.75,0.0075,0.0125,0.025,0.1175,0.25,0.005,0
112.309,358.459,63719.5,0,0,0,0.0295597,0.00188679,0.997484,1.20189,0.0163522,0.00754717,1.29119,0.0528302,0,0.0213836,0,0,0,4.87799,7.17107,0.00450943,0.00459748,0.000886792,0.00135849,0.998742,0.00188679,0.120887,116.845,239.47,0.970459,0.00459119,0.0751132,0.0253711,0.00210692,0.00230189,0.00228931,0.00143396
22.7005,271.069,16284.9,0,0,0,0.00553758,0.00018666,0.99888,0.026879,0.00136884,0.00012444,0.0131284,0.0246391,6.222e-05,0.0018666,0,0,0,7.11007,9.96018,0.00300025,0.00268604,0.00021777,0.000791439,0.999813,0.00037332,0.112176,122.629,244.488,0.992349,0.00151008,0.0757193,0.0223681,0.00251493,0.00141177,0.000974988,0.000704331
57.104,366.434,40245,0,0,0.00160901,0.0163583,0.000268168,0.997318,0.148297,0.00294985,0.000804505,0.177796,0.0262805,0.000536337,0.00321802,0,0,0,4.28131,6.72379,0.00547868,0.00416197,0.000246715,0.00168678,0.999343,0.000560472,0.132647,135.657,243.467,0.984583,0.00240279,0.0791445,0.020842,0.00288549,0.00113167,0.00111826,0.000689193
0.0349252,0.873769,1.03764,0,0,0,0.000159719,5.32396e-05,0.000479157,0,0,0,0,0,0,0,0,0,0,482.232,6.85402,0.0548555,0.0535324,0.865573,0.867114,0.0153905,0.983058,0.00150615,255,4.9277,0.0154911,0.968915,0.0704046,0,0.0511771,0.0536123,0.863088,0.867034
1.81368,260.562,10253.7,0,0,0.00013758,0.00227007,0,0.999346,0.00660384,0.000859875,3.4395e-05,0.00540001,0.0013414,0,0.00055032,0,0,0,7.6632,10.824,0.00234677,0.00210394,9.52741e-05,0.000511797,0.999834,0.000298205,0.122083,119.001,245.35,0.995665,0.000793149,0.0737202,0.0227427,0.00132352,0.000533122,0.000571989,0.00020637
39.1354,302.444,26702.5,0,0,0.00121021,0.0295292,0.000242043,0.998064,0.0582113,0.00145226,0.000121021,0.0381217,0.0262616,0.000605107,0.00266247,0,0,0,5.47912,8.0357,0.00504054,0.00470773,0.000423575,0.00128646,0.99954,0.000774537,0.121404,112.823,245.305,0.986738,0.00229578,0.087657,0.023696,0.00270604,0.00145105,0.00119448,0.00111945
2831.33,5994.83,897288,0,0,0.0333333,0.6,0.0333333,0.9,24.3333,0.1,0,25.2333,0.1,0,0,0,0,0,1.13333,1.5,0.0666667,0.0666667,0,0,1,0,0.074,134.467,96.5,0.489667,0.053,0.099,0.054,0.049,0.0996667,0.032,0.00833333
31.6667,195.333,1.3859e+07,0,0,0,2.66667,0,1,0,0.666667,0,0,0,0,0,0,0,0,1,11.3333,0,0,0,0,1,0,0.153333,31,255,1,0,0.04,0.04,0,0,0,0
0.647139,12.5905,6.55945,1.22488e-05,0.00166857,0,1.63318e-05,0.000372909,0.0118052,0,0,0,2.72197e-06,0,0,0,0,4.08295e-06,0.00013882,143.089,11.0547,0.241851,0.241574,0.569188,0.568984,0.248052,0.0715073,0.0275525,246.975,48.2317,0.202673,0.0666386,0.0283869,0.00547409,0.241209,0.241101,0.566301,0.569154
12.6337,265.272,5662.03,0,0,0.000104404,0.0342235,2.08808e-05,0.997181,0.00657744,0.000334092,0,0.00238041,0.00233864,4.17615e-05,0.000709946,0,0,0.000918753,8.75121,11.7157,0.00107682,0.00124888,0.00224802,0.002973,0.999655,0.000647512,0.102925,118.064,245.255,0.994247,0.000919797,0.0680023,0.0230914,0.00105072,0.000468146,0.00105677,0.00217369
10882.3,238.281,843.315,0,0,0,0.00152672,0,0.103817,0.174046,0.00305344,0.00152672,0.108397,0.225954,0,0.00152672,0,0,0,1.03664,1.25649,0.0580153,0.0501069,0.0484427,0.0563511,0.992031,0.0143053,0.0350992,221.614,129.165,0.541908,0.127664,0.0366565,0.0120611,0.282947,0.320931,0.136122,0.0732977
0.0960183,1042.17,18.4155,0,0.000565099,0,1.14161e-05,0,0.0540469,0,1.14161e-05,1.14161e-05,0.000211199,0.000884751,0,0.000556537,0,0,0,128.638,128.682,1.5212e-05,2.83691e-05,5.95352e-05,8.64773e-05,0.998973,0.001914,0.0281675,246.572,245.917,0.973824,0.00464232,0.939254,0.00108747,0.000491151,7.53466e-05,0.00140324,0.000301415
1113.25,1249.72,522638,0,0,0,0.150943,0,0.981132,0.0754717,0.0754717,0,0,0,0,0,0,0,0,1.26415,2.16981,0.0188679,0.0188679,0,0,0.990566,0.0188679,0.0120755,136.849,96.5849,0.422075,0.0301887,0.0328302,0.0326415,0.000566038,0.0462264,0.0166038,0.0143396
399.015,3.35086e+06,78505.6,0,0,0,0,0,0,0,0,0,0,0,0,0,0,0,0,1.81538,1.81538,0.0307692,0.0307692,0,0,0.989846,0.0206154,0.0307692,138.938,61.1385,0.297692,0.0704615,0.286,0.0270769,0.00261538,0.0290769,0.0116923,0.000307692
1394.71,17328,1.63718e+06,0,0,0,0.174603,0,0.952381,4.69841,0.031746,0.015873,0.380952,0.0952381,0,0.047619,0,0,0,1.01587,1.01587,0,0,0,0,0.992063,0.015873,0.015873,124.762,37,0.253175,0.0692063,0.0365079,0.0707937,0.000634921,0.0568254,0.0277778,0.015873
0.310165,265.566,2342.97,0,0,2.63581e-05,0.0444398,9.66464e-05,0.999675,0.00145848,0.000474446,1.75721e-05,0.00055352,0.000342655,0.000123004,0.0122829,0,3.51441e-05,0.00222287,9.36951,12.3554,0.000746022,0.000841351,5.71092e-05,0.00047058,0.999735,0.000492281,0.0945541,135.884,243.653,0.9887,0.002067,0.0484641,0.0199628,0.000808403,0.000598856,0.0017276,0.000384213
375,4.72356e+07,149136,0,0,0,0,0,0,0,0,0,0,0,0,0,0,0,0,1,1,0,0,0,0,1,0,0,203.5,1.5,0.01,0.035,0.005,0,0,0,0,0
1.23351,195.602,403.857,0,0,6.24317e-06,0.0185235,0.00148275,0.552143,0.00017793,8.74044e-05,0,0.000109256,0.000215389,1.24863e-05,0.000624317,0,3.43374e-05,0.0047573,6.58419,8.45077,0.000415795,0.000581864,0.0008683,0.000761261,0.997757,0.00375068,0.0630966,194.124,248.075,0.988369,0.00593732,0.0271097,0.0104792,0.000479819,0.000352458,0.00179582,0.00105875
98.602,4535.02,272868,0,0,0.0298507,0.0895522,0.0149254,0.9801,4.22388,0.039801,0.00995025,4.45771,0.0248756,0,0.0348259,0,0,0,2.06965,3.72139,0.0199005,0.0199005,0,0,0.988159,0.0161692,0.0653731,140.01,149.925,0.63408,0.0334328,0.040995,0.0384577,0.00199005,0.0424876,0.0128358,0.00587065
0.809419,1285.62,17.3609,0,0,0,0.00274476,0,0.0170931,0.00134237,1.27723e-06,2.55445e-06,3.9594e-05,0.000153267,0,8.81287e-05,0,0,0,498.865,498.878,3.78953e-05,3.82402e-05,0.000830262,0.000709257,0.999695,0.000554636,0.00480047,253.141,252.527,0.992472,0.0012156,0.978923,0.000258268,0.000116343,2.92357e-05,0.000882551,0.00032402
