2.72868,562.591,187.942,3.10221e-06,0.000490839,3.4469e-06,0.0042745,0.000262309,0.123201,0.000128225,3.34349e-05,2.75752e-06,9.75473e-05,0.00018889,6.8938e-06,0.000648017,0,6.20442e-06,0.000662839,288.235,252.077,0.0617103,0.0616554,0.149931,0.149871,0.802716,0.0252944,0.0233031,238.738,197.941,0.784723,0.0247999,0.581513,0.00374322,0.0616676,0.0615633,0.149686,0.149969
326.333,259.333,3.23177e+07,0,0,0,0,0,1,0,0,0,0,0,0,0,0,0,0,1,1.66667,0,0,0,0,1,0,0.333333,74,255,1,0,0.0166667,0.0333333,0,0,0,0
317,6.28256e+07,90476,0,0,0,0,0,0,0,0,0,0,0,0,0,0,0,0,1,1,0,0,0,0,1,0,0,152,1,0.01,0.05,0.01,0,0,0,0,0
11.7778,2.2672e+06,26474.4,0,0,0,0,0,0,0,0,0,0,0,0,0,0,0,0,1.96296,1.94444,0.0185185,0.0185185,0,0,0.987778,0.0248148,0.0185185,133.37,57.2593,0.28037,0.0498148,0.278889,0.0311111,0.00185185,0.0157407,0.00277778,0
7.5,281.5,4.88306e+06,0,0,0,0.5,0,1,0,0.5,0,0,0,0,0,0,0,0,1,1,0,0,0,0,1,0,0,128,255,1,0,0.5,0.01,0,0,0,0
6247.75,8.71307e+06,765684,0,0,0,0,0,0,0,0,0,0,0,0,0,0,0,0,1.25,1.25,0,0,0,0,1,0,0,156.5,51.75,0.3875,0.0925,0.225,0,0.0025,0.0025,0,0
509.28,1739.07,215437,0,0,0,0.141818,0.0109091,0.992727,21.1491,0.0472727,0.0581818,22.8982,0.0909091,0,0.112727,0,0,0,2.58909,4.03273,0.0109091,0.0109091,0,0,0.998182,0.00363636,0.0623273,110.32,168.051,0.7148,0.0251636,0.0888364,0.0373818,0.00789091,0.0343273,0.00996364,0.00469091
42.5,5.83621e+06,98126.7,0,0,0,0,0,0,0,0,0,0,0,0,0,0,0,0,1,1.16667,0,0,0,0,1,0,0.166667,150,81,0.33,0.255,0.328333,0.0133333,0.00333333,0.00333333,0.101667,0.00333333
2361.72,5048.5,861293,0,0,0.0277778,0.5,0.0277778,0.916667,20.2778,0.0833333,0,21.0278,0.0833333,0,0,0,0,0,1.11111,1.75,0.0555556,0.0555556,0,0,1,0,0.0658333,130.472,110.917,0.524167,0.0458333,0.0855556,0.0480556,0.0408333,0.105556,0.0266667,0.00694444
433,3.16456e+07,207796,0,0,0,0,0,0,0,0,0,0,0,0,0,0,0,0,1,1,0,0,0,0,1,0,0,255,2,0.01,0.02,0,0,0,0,0,0
0,0,2.56959e+07,0,0,0,233,0,0,0,0,0,0,0,0,0,0,0,0,1,1,1,1,0,0,1,0,0,255,1,0,0.03,0,0,0.47,1,0.02,0
27,199,1.07676e+07,0,0,0,0,0,1,0,0,0,0,0,0,0,0,0,0,1,1,0,0,0,0,1,0,0,33,255,1,0,0.03,0.04,0,0,0,0
822.275,591806,18750.3,0,0,0,0,0,0,0,0,0,0,0,0,0,0,0,0,2.35,2.375,0,0,0,0,1,0,0.01675,132.975,50.725,0.312,0.09425,0.29675,0.03275,0.00225,0.0005,0.0245,0.005
0,1.52848e+07,21748,0,0,0,0,0,0,0,0,0,0,0,0,0,0,0,0,1,1,1,1,0,0,1,0,0,111,3,0.03,0.06,0.01,0,0.03,1,0,0
127.909,781,2.51753e+06,0,0,0,0.181818,0,1,0.545455,0,0,0.545455,0.272727,0,0,0,0,0,1,1,0,0,0,0,1,0,0,125.091,13.4545,0.0954545,0.0618182,0.0109091,0.0554545,0.00363636,0,0.00272727,0
46,188,1.7304e+07,0,0,0,7,0,1,0,1,0,0,0,0,0,0,0,0,1,8,0,0,0,0,1,0,0.38,15,255,1,0,0.07,0.04,0,0,0,0
297.047,56845.4,3969.21,0,0,0,0.891701,0,0.722822,0.439834,0.000414938,0.000414938,0.00290456,0.00124481,0.000414938,0.000414938,0,0,0,10.3004,11.3058,0.0086639,0.00853527,0.213361,0.214448,0.997539,0.00313278,0.057473,218.416,196.68,0.822041,0.0186349,0.124054,0.0182531,0.00325311,0.00304149,0.0888299,0.0872822
56,1.18615e+07,0,0,0,0,0,0,0,0,0,0,0,0,0,0,0,0,0,1,1,0,0,0,0,1,0,0,255,193,0.76,0.03,0.76,0,0.01,0.01,0,0
26206,795432,1.30156e+06,0,0,0,0,0,0,0,0,0,0,0,0,0,0,0,0,1,1,0,0,0,0,1,0,0,14,12,0.86,0.14,0.07,0,0,0,0,0
22,199,1.35054e+07,0,0,0,1,0,1,0,1,0,0,0,0,0,0,0,0,1,25,0,0,0,0,1,0,0.08,45,255,1,0,0.02,0.04,0,0,0,0
254.092,279039,173.782,0,0,0,0.119048,0,0,0,0,0,0,0,0,0,0,0,0,2.04082,2.11905,0.00477891,0.00477891,0,0.00241497,0.997177,0.00568027,0.0087585,27.3537,16.7891,0.86301,0.0351871,0.863027,0.0885544,0.00115646,0.00491497,0.00085034,0
1065.47,5120.54,1.59708e+06,0,0,0,0.157895,0,0.964912,5.08772,0.0350877,0.0175439,0.315789,0.0526316,0,0.0526316,0,0,0,1.01754,1.01754,0,0,0,0,0.991228,0.0175439,0.0175439,128.386,39.5088,0.255088,0.0673684,0.0380702,0.0675439,0.000350877,0.062807,0.0301754,0.0175439
19.2747,266.339,11453.5,0,0,0.000100291,0.00896887,8.59636e-05,0.997908,0.0154018,0.000830981,7.16363e-05,0.00704901,0.0117197,1.43273e-05,0.00107454,0,0,0,7.71656,10.7244,0.00241214,0.00225397,0.00133974,0.00196269,0.999711,0.000516928,0.113164,119.873,245.169,0.993474,0.00115177,0.0743549,0.0227018,0.00163245,0.000807914,0.00101724,0.0014641
784.378,6643.22,440256,0,0,0.0731707,0.182927,0,0.963415,0.402439,0.097561,0,0.317073,0.0609756,0,0,0,0,0,1.91463,2.73171,0.0365854,0.0365854,0,0,0.970976,0.0396341,0.0185366,139.207,93.9268,0.425244,0.0332927,0.0303659,0.0456098,0.00195122,0.0419512,0.0223171,0.0184146
55.9236,284.813,41590.6,0,0,0.0017666,0.0162112,0.000415671,0.998649,0.545672,0.00550764,0.00207835,0.599501,0.0298244,0.000623506,0.00696249,0,0,0,4.68503,7.13281,0.00453705,0.00390523,0.000346046,0.00127507,0.999382,0.000840694,0.130976,124.069,243.622,0.983245,0.00260522,0.0796643,0.0226811,0.00257196,0.00147044,0.00129274,0.000993453
