1113.25,1249.72,522638,0,0,0,0.150943,0,0.981132,0.0754717,0.0754717,0,0,0,0,0,0,0,0,1.26415,2.16981,0.0188679,0.0188679,0,0,0.990566,0.0188679,0.0120755,136.849,96.5849,0.422075,0.0301887,0.0328302,0.0326415,0.000566038,0.0462264,0.0166038,0.0143396
399.015,3.35086e+06,78505.6,0,0,0,0,0,0,0,0,0,0,0,0,0,0,0,0,1.81538,1.81538,0.0307692,0.0307692,0,0,0.989846,0.0206154,0.0307692,138.938,61.1385,0.297692,0.0704615,0.286,0.0270769,0.00261538,0.0290769,0.0116923,0.000307692
0.432387,63.2164,103.148,8.54759e-06,0.00116437,0,0.00525012,0.000712299,0.156557,5.41348e-05,2.08941e-05,0,3.51401e-05,5.03358e-05,3.79893e-06,0.000180449,0,1.32963e-05,0.00149013,110.034,9.92746,0.169863,0.16969,0.412858,0.412714,0.457044,0.0685493,0.0365189,233.307,104.333,0.42248,0.0655534,0.0281265,0.00661173,0.169368,0.169302,0.411065,0.41291
303.973,307371,1333.88,0,0,0,0.116861,0,0,0,0,0,0,0,0,0,0,0,0,2.06511,2.1419,0.000517529,0.000517529,0,0.00237062,0.997229,0.00557596,0.00859766,30.0017,17.8164,0.853506,0.0374791,0.852487,0.08798,0.000851419,0.00123539,0.00215359,0.00033389
97.6305,4493.45,272089,0,0,0.0295567,0.08867,0.0147783,0.980296,4.18227,0.0394089,0.00985222,4.41379,0.0246305,0,0.0344828,0,0,0,2.09852,3.74384,0.0197044,0.0197044,0,0,0.988276,0.0160099,0.0656158,138.729,150.961,0.637685,0.0331034,0.0433498,0.0382759,0.00197044,0.042069,0.0127094,0.00581281
0,518.632,0,0,0,0,0,0,0,0,0,0,0,0,0,0,0,0,0,510.483,510.483,0,0,0,0,1,0,0,254.927,254.886,0.999787,1.08351e-05,0.999787,2.68506e-05,0,0,0.000194375,0
31.6667,195.333,1.3859e+07,0,0,0,2.66667,0,1,0,0.666667,0,0,0,0,0,0,0,0,1,11.3333,0,0,0,0,1,0,0.153333,31,255,1,0,0.04,0.04,0,0,0,0
0,1031.86,0,0,0,0,0,0,0,0,0,0,0,0,0,0,0,0,0,510.3,510.303,0,0,0,0,1,0,0,254.923,254.834,0.99962,4.82286e-05,0.999622,0,0,0,3.39546e-06,0
1872.7,160.582,169.635,0,0,0,0,0,0.0163934,0,0,0,0,0,0,0,0,0,0,1.04918,1.15164,0,0,0.0245902,0.0245902,0.997951,0.00409836,0.00717213,85.5164,19,0.280123,0.190861,0.763934,0,0,0,0.00872951,0.0190984
10907.9,189.049,836.792,0,0,0,0.00153846,0,0.104615,0.175385,0.00307692,0.00153846,0.109231,0.227692,0,0.00153846,0,0,0,1.03692,1.25846,0.0584615,0.0504923,0.0488154,0.0567846,0.991969,0.0144154,0.0353692,222.231,130.125,0.544277,0.128046,0.0332462,0.0121538,0.285123,0.3234,0.137138,0.0738615
4.14188,258.077,11582.1,0,0,0.000124428,0.00329735,9.33213e-05,0.999347,0.0102342,0.000870999,6.22142e-05,0.00843002,0.0035151,0,0.00105764,0,0,0,7.35985,10.4631,0.00270787,0.00227673,0.000129717,0.000491492,0.999834,0.000300806,0.121421,124.011,245.02,0.995186,0.000886241,0.0701639,0.0218593,0.00160513,0.000632407,0.000720752,0.000390394
61.625,599.25,3.33149e+06,0,0,0,0.125,0,1,0,0.125,0,0,0,0,0,0,0,0,1,1,0,0,0,0,1,0,0,138,73.875,0.3125,0.0375,0.1325,0.0025,0.0025,0,0,0
0.232931,1228.58,30.2833,0,0.000542497,0,1.91792e-05,0,0.0850241,0,1.36994e-05,1.64393e-05,0.000287688,0.00121377,0,0.000742508,0,0,0,122.94,122.998,4.129e-05,5.5373e-05,0.000433422,0.000194641,0.998405,0.00294568,0.0373489,243.384,241.896,0.96147,0.00680335,0.902978,0.00144269,0.000703027,0.000116637,0.00265621,0.000416599
33.4765,248.519,32955.9,0,0,0.00183383,0.0119904,0.000141064,0.999013,0.0692622,0.00253915,0,0.0829454,0.0166455,0.000846382,0.00253915,0,0,0,4.66653,7.08139,0.00421357,0.00359994,0.000341374,0.00139089,0.999372,0.000859077,0.133232,129.155,245.24,0.987622,0.00237551,0.0782593,0.021594,0.00204401,0.0010749,0.00136691,0.000916914
1394.71,17328,1.63718e+06,0,0,0,0.174603,0,0.952381,4.69841,0.031746,0.015873,0.380952,0.0952381,0,0.047619,0,0,0,1.01587,1.01587,0,0,0,0,0.992063,0.015873,0.015873,124.762,37,0.253175,0.0692063,0.0365079,0.0707937,0.000634921,0.0568254,0.0277778,0.015873
2831.33,5994.83,897288,0,0,0.0333333,0.6,0.0333333,0.9,24.3333,0.1,0,25.2333,0.1,0,0,0,0,0,1.13333,1.5,0.0666667,0.0666667,0,0,1,0,0.074,134.467,96.5,0.489667,0.053,0.099,0.054,0.049,0.0996667,0.032,0.00833333
375,4.72356e+07,149136,0,0,0,0,0,0,0,0,0,0,0,0,0,0,0,0,1,1,0,0,0,0,1,0,0,203.5,1.5,0.01,0.035,0.005,0,0,0,0,0
529.701,660.633,114557,0,0,0.00884956,0.117257,0.00442478,0.995575,17.4314,0.0420354,0.0486726,19.0951,0.108407,0,0.0862832,0,0,0,4.90265,7.25442,0.00829646,0.00699115,0,0,1,0,0.099115,69.7212,212.752,0.900111,0.00705752,0.113783,0.0335398,0.00710177,0.0115044,0.00283186,0.00309735
85.017,327.031,57634,0,0,0,0.019966,0.000424809,0.998301,0.805438,0.0106202,0.00509771,0.839847,0.0658454,0,0.0148683,0,0,0,4.69754,7.12107,0.00569244,0.00500425,0.00059898,0.00102379,0.99915,0.00127443,0.124635,115.358,241.213,0.976555,0.00340697,0.0818224,0.0250892,0.00391249,0.0017757,0.00171623,0.00126593
295.688,58558.1,3974.61,0,0,0,0.888384,0,0.714345,0.438198,0.000413394,0.000413394,0.00289376,0.00124018,0.000413394,0,0,0,0,10.2534,11.2522,0.00965688,0.00952873,0.212162,0.213245,0.997549,0.00312112,0.0550558,217.608,195.286,0.817718,0.0190409,0.126354,0.0183423,0.00333196,0.00391484,0.0882761,0.0866391
0.226572,265.817,2184.51,0,0,5.19508e-05,0.04067,8.16369e-05,0.999139,0.0012394,0.000452714,1.48431e-05,0.000467557,0.00028944,0.000103902,0.0103976,0,2.96861e-05,0.00230068,9.70269,12.6788,0.000731318,0.000860156,0.000349035,0.000668235,0.999537,0.000791062,0.0943717,134.888,243.748,0.989644,0.00182778,0.0478803,0.0201617,0.000783417,0.000579993,0.00188945,0.000685527
0,53.1548,53.0761,0,0,0,0,0,0,0,0,0,0,0,0,0,0,0,0,490.737,490.77,0,0,0,0,1,5.30191e-05,4.27099e-05,254.773,254.494,0.999013,0.000611193,0.8677,0,0,0,0,0
33.1363,280.294,19968.6,0,0,0.00024574,0.0205603,0.000163827,0.998362,0.0361239,0.0012287,0.000163827,0.00933814,0.0366972,8.19135e-05,0.00188401,0,0,0,6.62574,9.36443,0.00390072,0.003827,0.00024574,0.00124181,0.999689,0.000524246,0.109829,108.485,244.478,0.988537,0.00213712,0.0905054,0.0246986,0.0029579,0.0019094,0.00100754,0.000758519
11.3823,265.458,5927.71,0,0,5.7501e-05,0.0316831,1.9167e-05,0.997393,0.00613344,0.000421674,0,0.00218504,0.0021467,3.8334e-05,0.000670845,0,0,0.000843348,8.78014,11.7649,0.00110651,0.001284,0.00204627,0.00275679,0.999674,0.000613536,0.103973,117.777,245.394,0.994497,0.000852932,0.0690098,0.0231604,0.00103099,0.000463458,0.000967359,0.00195657
244.75,194.5,3.06622e+07,0,0,0,58.25,0,0.75,0,0,0,0,0,0,0,0,0,0,1,1.5,0.25,0.25,0,0,1,0,0.25,119.25,191.5,0.75,0.0075,0.0125,0.025,0.1175,0.25,0.005,0
