3.19149,664.698,333.573,3.04752e-06,0.000482186,4.74059e-06,0.00505753,0.000258024,0.138185,0.000636594,4.40198e-05,3.38614e-06,0.000185222,0.000274954,6.77227e-06,0.000646414,0,6.09505e-06,0.000651154,283.296,247.828,0.060659,0.0606046,0.147491,0.147444,0.806187,0.0248612,0.0248329,236.71,198.693,0.788253,0.0243991,0.572737,0.00408622,0.0606034,0.0604897,0.147135,0.147425
244.75,194.5,3.06622e+07,0,0,0,58.25,0,0.75,0,0,0,0,0,0,0,0,0,0,1,1.5,0.25,0.25,0,0,1,0,0.25,119.25,191.5,0.75,0.0075,0.0125,0.025,0.1175,0.25,0.005,0
26.8,2.3618e+06,38122.1,0,0,0,0,0,0,0,0,0,0,0,0,0,0,0,0,1.86667,1.85,0.0166667,0.0166667,0,0,0.989,0.0223333,0.0166667,132.533,55.7167,0.2755,0.0735,0.273667,0.0286667,0.00183333,0.0143333,0.0241667,0.000333333
317,6.28256e+07,90476,0,0,0,0,0,0,0,0,0,0,0,0,0,0,0,0,1,1,0,0,0,0,1,0,0,152,1,0.01,0.05,0.01,0,0,0,0,0
1494.41,15017.6,1.80031e+06,0,0,0,0.189189,0,0.945946,4,0.0540541,0.0135135,0.324324,0.0810811,0,0.0405405,0,0,0,1.01351,1.04054,0,0,0,0,0.993243,0.0135135,0.027027,123.392,43.1892,0.275135,0.0656757,0.0485135,0.0610811,0.000810811,0.0483784,0.0236486,0.0135135
2787.67,9.06658e+06,342720,0,0,0,0,0,0,0,0,0,0,0,0,0,0,0,0,1.11111,1.22222,0.111111,0.111111,0,0,1,0,0.111111,167.556,72.2222,0.364444,0.131111,0.29,0.00444444,0.00666667,0.114444,0,0
433,3.16456e+07,207796,0,0,0,0,0,0,0,0,0,0,0,0,0,0,0,0,1,1,0,0,0,0,1,0,0,255,2,0.01,0.02,0,0,0,0,0,0
528.172,7913.66,390770,0,0,0.0267176,0.160305,0.0152672,0.969466,3.34733,0.0496183,0,3.26336,0.0305344,0,0,0,0,0,1.70229,3.02672,0.0267176,0.0267176,0,0,0.989008,0.0162214,0.0524046,141.565,130.183,0.564046,0.036374,0.0462977,0.0403817,0.00725191,0.0474809,0.0167939,0.00835878
31.6667,195.333,1.3859e+07,0,0,0,2.66667,0,1,0,0.666667,0,0,0,0,0,0,0,0,1,11.3333,0,0,0,0,1,0,0.153333,31,255,1,0,0.04,0.04,0,0,0,0
45.8959,343.868,25898.5,0,0,0.000655265,0.016185,0.000294869,0.998231,0.379398,0.00291593,0.00131053,0.400662,0.0284713,0.000262106,0.00475067,0,0,0,6.19013,8.87599,0.00421696,0.00369504,0.000305681,0.00105105,0.999631,0.000573029,0.117243,120.464,243.828,0.987033,0.00222888,0.0797795,0.0228511,0.00267217,0.00165946,0.00127318,0.000903938
