0.000169062,0.00126796,0.00126796,0,0,0,0,0,0,0,0,0,0,0,0,0,0,0,0,204.48,6.17445,0.236314,0.236433,0.762394,0.762145,0.0293531,0.0726196,0.000118977,254.884,6.17164,0.023962,0.0733037,0.00128973,0,0.236304,0.236433,0.762032,0.762268
0,0.000888231,0.000888231,0,0,0,0,0,0,0,0,0,0,0,0,0,0,0,0,266.519,11.5194,0.200676,0.200316,0.798422,0.79873,0.0432456,0.063263,6.64323e-05,254.929,11.5127,0.045047,0.0654796,0.000888971,0,0.200663,0.200321,0.798353,0.798791
0.326887,267.967,2993.65,0,0,6.04973e-05,0.088205,2.01658e-05,0.999637,0.00246022,0.000282321,0,0.00110912,0.000463813,0.000201658,0.0277078,0,2.01658e-05,0.00425498,9.07891,12.1815,0.000809454,0.000877211,0,0.000556777,0.99965,0.000650548,0.0990732,129.527,241.337,0.984492,0.0027984,0.0538373,0.0211864,0.000888503,0.000706205,0.00226784,0.000492448
0.000192571,0.000693254,0.000693254,0,0,0,0,0,0,0,0,0,0,0,0,0,0,0,0,224.339,9.78784,0.195545,0.195355,0.803751,0.80389,0.0435851,0.0683204,5.16089e-05,254.833,9.78465,0.0384121,0.0720977,0.000707119,0,0.195585,0.195356,0.803529,0.803944
399.015,3.35086e+06,78505.6,0,0,0,0,0,0,0,0,0,0,0,0,0,0,0,0,1.81538,1.81538,0.0307692,0.0307692,0,0,0.989846,0.0206154,0.0307692,138.938,61.1385,0.297692,0.0704615,0.286,0.0270769,0.00261538,0.0290769,0.0116923,0.000307692
0,1031.89,0,0,0,0,0,0,0,0,0,0,0,0,0,0,0,0,0,510.57,510.572,0,0,0,0,1,0,0,254.923,254.834,0.99962,4.82976e-05,0.999621,0,0,0,3.40124e-06,0
1838.98,147.285,133.446,0,0,0,0,0,0.0165289,0,0,0,0,0,0,0,0,0,0,1.04959,1.15289,0,0,0.0165289,0.0165289,0.997934,0.00413223,0.00723141,86.0537,19.095,0.279008,0.191157,0.769628,0,0,0,0.00549587,0.0113636
4.93054,7517.29,134.763,0,0,0,0.000735024,0,0.321573,0,0,0,0,0.0062477,0,0.00147005,0,0,0,5.66556,6.1165,0.000591694,0.000393238,0.00307975,0.00344726,0.987769,0.0174017,0.178942,131.947,81.8416,0.438438,0.061753,0.23509,0.0186806,0.0070599,0.00165013,0.0125542,0.00213524
0,1017.54,0,0,0,0,0,0,0,0,0,0,0,0,0,0,0,0,0,323.5,323.5,0,0,0,0,1,0,0,254.979,254.043,0.996335,4.2735e-05,0.996335,0,0,0,0,0
0,0.000845526,0.000845526,0,0,0,0,0,0,0,0,0,0,0,0,0,0,0,0,245.156,10.0226,0.198464,0.198158,0.800681,0.800955,0.040936,0.0670357,4.81582e-05,254.858,10.0183,0.0393041,0.0715942,0.000852695,0,0.198514,0.198222,0.800482,0.800933
0,518.633,0,0,0,0,0,0,0,0,0,0,0,0,0,0,0,0,0,510.514,510.515,0,0,0,0,1,0,0,254.927,254.886,0.999787,1.08361e-05,0.999787,2.6853e-05,0,0,0.000194392,0
303.973,307371,1333.88,0,0,0,0.116861,0,0,0,0,0,0,0,0,0,0,0,0,2.06511,2.1419,0.000517529,0.000517529,0,0.00237062,0.997229,0.00557596,0.00859766,30.0017,17.8164,0.853506,0.0374791,0.852487,0.08798,0.000851419,0.00123539,0.00215359,0.00033389
31.6667,195.333,1.3859e+07,0,0,0,2.66667,0,1,0,0.666667,0,0,0,0,0,0,0,0,1,11.3333,0,0,0,0,1,0,0.153333,31,255,1,0,0.04,0.04,0,0,0,0
0.568683,8.43785,13.6698,7.10454e-05,0.0154879,0,0.000106568,0.00323257,0.0633015,0,0,0,0,0,0,0,0,7.10454e-05,0.000852545,18.1146,3.82363,0.37728,0.37913,0.328015,0.323731,0.494066,0.300043,0.167833,244.934,23.1551,0.0932471,0.243212,0.189698,0.0068296,0.372664,0.372206,0.260284,0.324038
0.0346179,0.0851369,0.118375,0,0,0,0,5.5212e-05,0.000386484,0,0,0,0,0,0,0,0,0,0,486.701,1.05328,0.0556504,0.0545219,0.886461,0.88814,0.000114841,0.998256,0.00154594,255,1.05168,0.000219192,0.983674,0.0551159,0,0.0518916,0.0546047,0.883832,0.888058
15.1625,263.898,7441.72,0,0,0,0.0111864,4.23729e-05,0.996822,0.00949153,0.00059322,0,0.00237288,0.00432203,0,0.000677966,0,0,0,8.70106,11.7347,0.00156483,0.00163814,0.00248559,0.00320381,0.999647,0.00065,0.106239,119.263,246.001,0.994755,0.000808051,0.0726699,0.0229233,0.00108559,0.00047839,0.000992373,0.00235678
0.00228083,0.00399145,0.00323117,0,0,0,0,0,0,0,0,0,0,0,0,0,0,0,0,172.032,10.3983,0.861826,0.861353,0.134115,0.134656,0.0604571,0.0931832,0,254.8,10.4004,0.0404619,0.0921069,0.00548349,0,0.861777,0.861353,0.133035,0.134656
1394.71,17328,1.63718e+06,0,0,0,0.174603,0,0.952381,4.69841,0.031746,0.015873,0.380952,0.0952381,0,0.047619,0,0,0,1.01587,1.01587,0,0,0,0,0.992063,0.015873,0.015873,124.762,37,0.253175,0.0692063,0.0365079,0.0707937,0.000634921,0.0568254,0.0277778,0.015873
0.634295,133.029,145.805,0,0,0,0.000547286,0.00184349,0.240415,4.80075e-05,5.44085e-05,0,6.401e-06,1.60025e-05,0,9.60151e-06,0,3.2005e-06,6.08095e-05,4.02318,5.15413,0.000278348,0.000345398,0.000236613,0.000273291,0.997247,0.00505574,0.0513859,234.062,252.093,0.992845,0.00700004,0.0134486,0.00362937,0.000187741,0.000175163,0.000724882,0.000234533
244.75,194.5,3.06622e+07,0,0,0,58.25,0,0.75,0,0,0,0,0,0,0,0,0,0,1,1.5,0.25,0.25,0,0,1,0,0.25,119.25,191.5,0.75,0.0075,0.0125,0.025,0.1175,0.25,0.005,0
61.625,599.25,3.33149e+06,0,0,0,0.125,0,1,0,0.125,0,0,0,0,0,0,0,0,1,1,0,0,0,0,1,0,0,138,73.875,0.3125,0.0375,0.1325,0.0025,0.0025,0,0,0
7.31859,262.852,4929.05,0,0,0.000151062,0.0419952,0,0.998157,0.00302124,0.000271912,0,0.00178253,0.000302124,6.04248e-05,0.000574035,0,0,0.00132935,8.7557,11.7074,0.000949576,0.00114052,0.00141998,0.00206381,0.999738,0.000503641,0.102556,115.215,245.114,0.994911,0.000792773,0.0667646,0.0235197,0.00101967,0.000457416,0.000842926,0.00145775
369.83,64350.5,5008.45,0,0,0,1.13505,0,0.837621,0.56806,0.000535906,0.000535906,0.00375134,0,0.000535906,0,0,0,0,11.5418,12.7208,0.0112219,0.0111147,0.256517,0.257524,0.999143,0.00122186,0.0379904,240.38,220.111,0.880032,0.0148124,0.054523,0.00234191,0.003194,0.00424973,0.1091,0.108751
46.3938,281.567,49473.3,0,0,0,0.0182315,0.000455789,0.999088,0.196901,0.0077484,0.000911577,0.19052,0.0483136,0.000455789,0.0041021,0,0,0,4.69052,7.3186,0.00541021,0.0041887,0,0.000943482,1,0,0.123291,118.08,242.716,0.984353,0.00206472,0.0832908,0.0242115,0.00423428,0.00138104,0.000296263,0.000319052
0,53.0212,53.1251,0,0,0,0,0,0,0,0,0,0,0,0,0,0,0,0,497.898,497.932,0,0,0,0,1,5.49115e-05,4.42343e-05,254.995,254.871,0.999721,0.000555217,0.869741,0,0,0,0,0
375,4.72356e+07,149136,0,0,0,0,0,0,0,0,0,0,0,0,0,0,0,0,1,1,0,0,0,0,1,0,0,203.5,1.5,0.01,0.035,0.005,0,0,0,0,0
199.117,382.272,74621.2,0,0,0,0.031893,0.00205761,0.997942,3.00514,0.0164609,0.0164609,3.2284,0.0761317,0,0.0380658,0,0,0,5.14403,6.94753,0.00457819,0.00484568,0.00145062,0.00154321,0.997942,0.00308642,0.125175,110.074,233.793,0.953066,0.00668724,0.0811008,0.0267284,0.0031893,0.00386831,0.00381687,0.00269547
43.7204,4876.02,278835,0,0,0.0322581,0.0967742,0.016129,0.978495,0.768817,0.0376344,0,0.526882,0.0268817,0,0,0,0,0,1.91935,3.47849,0.0215054,0.0215054,0,0,0.987204,0.0174731,0.0638172,141.769,145.274,0.617849,0.0349462,0.0426882,0.04,0.00215054,0.045914,0.013871,0.00634409
2.48314,3061.55,279.97,0,0,0,0,0,0.888506,0,0.000111272,0.000222544,0.00244798,0.00756648,0,0.00267052,0,0,0,2.75287,2.99833,0.000254813,0.000377212,0.0120741,0.00142873,0.982929,0.0330244,0.176958,199.744,183.669,0.780815,0.0515511,0.0454768,0.00604429,0.00324024,0.00053633,0.0400868,0.00209191
0.876602,827.987,267.677,0,0,0,0.000155316,0,0.797468,0,0.000155316,0.000310631,0.00240739,0.0156869,0,0.00978489,0,0,0,1.41726,1.98136,0.000176283,0.000389842,0.000285004,0.000679506,0.982975,0.0323026,0.374451,124.99,115.304,0.586377,0.0662553,0.0733137,0.0147061,0.00511222,0.00119205,0.0141803,0.00440553
111.158,36427,708.373,0,0,0,0.0480905,0,0.339463,0.00141443,0,0,0,0.00424328,0,0.00141443,0,0,0,5.63791,6.04668,0.0163649,0.0162093,0.0540453,0.0550919,0.992744,0.00971711,0.140835,138.19,108.634,0.583324,0.0377793,0.321273,0.0597454,0.0110891,0.0120226,0.0172702,0.0121499
10907.9,189.049,836.792,0,0,0,0.00153846,0,0.104615,0.175385,0.00307692,0.00153846,0.109231,0.227692,0,0.00153846,0,0,0,1.03692,1.25846,0.0584615,0.0504923,0.0488154,0.0567846,0.991969,0.0144154,0.0353692,222.231,130.125,0.544277,0.128046,0.0332462,0.0121538,0.285123,0.3234,0.137138,0.0738615
672.677,908.441,135812,0,0,0.0152091,0.152091,0,0.992395,27.1787,0.0494297,0.0684411,29.9354,0.117871,0,0.136882,0,0,0,3.6616,6.19392,0.0114068,0.00863118,0,0,1,0,0.0819392,69.1635,203.407,0.876426,0.00912548,0.132852,0.0346768,0.00771863,0.0104563,0.00437262,0.00403042
1113.25,1249.72,522638,0,0,0,0.150943,0,0.981132,0.0754717,0.0754717,0,0,0,0,0,0,0,0,1.26415,2.16981,0.0188679,0.0188679,0,0,0.990566,0.0188679,0.0120755,136.849,96.5849,0.422075,0.0301887,0.0328302,0.0326415,0.000566038,0.0462264,0.0166038,0.0143396
0.0956722,40.4195,62.5968,0,0,0,0,0,0.000104789,0,0,0,0,0,0,0,0,0,0,123.835,156.215,0.11508,0.115096,0.00382794,0.00382165,0.998399,0.00290894,0.00616997,250.865,245.36,0.972993,0.005186,0.0885707,0.000113172,0.099541,0.102487,0.0142649,0.0133407
34.1793,260.891,23409.7,0,0,0.000934704,0.0313794,0.000267058,0.999065,0.0632928,0.00146882,0.000133529,0.0287088,0.0284417,0,0.00267058,0,0,0,6.0689,8.6591,0.00379891,0.00369342,0.000467352,0.00159968,0.999693,0.000453999,0.116068,109.172,244.523,0.98653,0.00235813,0.0904006,0.0244585,0.00231139,0.00112832,0.00125117,0.00116571
8.16035,14410.8,522.734,0,0,0,0.00102459,0,0.54252,0.000512295,0,0,0,0,0,0.00358607,0,0,0,3.4959,3.96465,0.00245389,0.00212602,0.00534836,0.00564549,0.987756,0.0207172,0.308017,132.525,96.9057,0.507136,0.0605789,0.157136,0.0164037,0.010374,0.0024334,0.0199283,0.00423156
27.2824,241.045,33235.5,0,0,0.00173846,0.0127487,0.000193162,0.998841,0.0444273,0.00270427,0,0.0732084,0.0164188,0.00096581,0.00231794,0,0,0,4.26328,6.70523,0.00449295,0.0037628,0.000177709,0.00117636,0.999237,0.000983195,0.131043,133.31,246.12,0.988362,0.00195673,0.0767529,0.0208789,0.00197605,0.00115318,0.00134634,0.000732084
2.45628,2095.95,310.541,0,0,0,0.000471365,0,0.903606,0,0.000235682,0,0.00329955,0.0127268,0,0.0106057,0,0,0,1.63752,2.33208,0.000551497,0.000843743,0.0022272,0.00180061,0.987363,0.0232666,0.482489,126.724,122.974,0.627641,0.0645864,0.0561065,0.0114589,0.00705868,0.00112185,0.019029,0.00468536
1.57442,258.733,10749.9,0,0,0.000190694,0.00224066,0,0.99938,0.0081045,0.000858124,4.76735e-05,0.00748474,0.00185927,0,0.000381388,0,0,0,7.36222,10.5613,0.00215484,0.00199371,7.96148e-05,0.000485317,0.999793,0.000365656,0.125521,121.808,245.021,0.995388,0.000808543,0.0719389,0.0222941,0.00136394,0.000511537,0.000556827,0.000236937
0.000288724,0.0223374,0.00916171,0,0.00114081,0,0,0,7.04206e-06,0,0,0,0,0,0,0,0,0,0,111.034,8.21776,0.263531,0.263629,0.724829,0.724744,0.0741478,0.0764014,1.40841e-06,254.848,8.27947,0.0323744,0.0662628,0.0107713,3.52103e-07,0.263072,0.263603,0.725033,0.724738
0.0253098,1031.95,0.00213773,0,0,0,0,0,4.28772e-05,0,0,0,0,0,0,0,0,0,0,136.715,136.716,1.10256e-06,1.10256e-06,2.97384e-05,2.97384e-05,0.999979,4.28772e-05,6.09775e-05,254.885,254.679,0.998829,0.000476794,0.998787,2.32149e-05,8.06091e-05,1.28632e-06,0.000341302,1.60789e-05
1.50016,1393.97,318.587,0,0.0216606,0,0,0,0.922875,0,0.000109397,0,0.00470408,0.014331,0,0.00973635,0,0,0,1.58648,2.38387,0.000145498,0.000340225,0.000818291,0.00121978,0.986504,0.0243529,0.503016,126.264,124.306,0.649358,0.0648321,0.0607198,0.0191828,0.00774204,0.00112242,0.0201411,0.00480801
0.158066,264.264,1705.54,0,0,2.66397e-05,0.00949704,0.000133198,0.999374,0.000586073,0.000612712,2.66397e-05,9.32389e-05,0.000213117,5.32793e-05,0.000359636,0,3.99595e-05,0.000572753,10.1156,13.0182,0.000691965,0.000819969,0.000238691,0.000520939,0.999695,0.000512547,0.0898837,140.556,245.148,0.992723,0.00135383,0.0435822,0.0190809,0.000708082,0.000512148,0.00140871,0.000464196
0.857978,44.1733,44.4145,0.000246505,0.0214811,0,0.00063387,0.00285241,0.159031,0.00049301,0,0,7.043e-05,0.000105645,0,0,0,0.000105645,0.00218333,4.80931,7.95915,0.0821939,0.0746072,0.123295,0.121647,0.919194,0.112569,0.28774,56.5311,68.7023,0.62753,0.0872127,0.395491,0.138005,0.0795369,0.0741751,0.112396,0.122743
18.1344,257.975,15522.1,0,0,0,0.00533964,0.000202771,0.999257,0.0244677,0.00114904,0.000135181,0.0134505,0.0226428,6.75904e-05,0.00229807,0,0,0,7.29044,10.1924,0.00318351,0.00262589,0.000236566,0.000705644,0.999797,0.000405542,0.112616,123.19,244.684,0.992861,0.00153295,0.0737749,0.0221528,0.00254883,0.00117742,0.00113957,0.000717134
2831.33,5994.83,897288,0,0,0.0333333,0.6,0.0333333,0.9,24.3333,0.1,0,25.2333,0.1,0,0,0,0,0,1.13333,1.5,0.0666667,0.0666667,0,0,1,0,0.074,134.467,96.5,0.489667,0.053,0.099,0.054,0.049,0.0996667,0.032,0.00833333
0.00124449,0.00968171,0.0175916,0,0,0,6.32791e-05,0,6.32791e-05,0,0,0,0,0,0,0,0,0,0,287.867,15.0189,0.23365,0.233689,0.761842,0.76158,0.0522614,0.0691955,5.65294e-05,254.978,15.014,0.0583978,0.073667,0.00442933,0,0.233576,0.23369,0.761841,0.761641
0.000292381,0.00543178,0.00482753,0,0.000116952,0,0,0,6.49735e-06,0,0,0,0,0,0,0,0,0,0,136.765,12.1337,0.351048,0.350948,0.644596,0.644701,0.0888434,0.0667,6.49735e-06,254.866,12.1361,0.0473998,0.0633583,0.0044718,6.49735e-06,0.350793,0.350939,0.644431,0.644702
2.37946,265.292,771.553,0,0,0,0.0634194,1.10776e-05,0.994661,0.000310174,5.53882e-05,0,0.000310174,0.000177242,4.43105e-05,0.00179458,0,8.86211e-05,0.016838,10.6123,13.7128,0.000728797,0.00110566,0.00262961,0.00194545,0.997003,0.00458104,0.107117,132.743,243.312,0.981708,0.00294842,0.0514836,0.0206042,0.00103277,0.000713178,0.00449962,0.00280929
