206.454,49554.3,4414.95,0,0,0,0.983097,0,0.734125,0.484696,0.00045683,0.00045683,0.00319781,0.00137049,0.00045683,0.00045683,0,0,0,9.30242,10.3888,0.011503,0.0113614,0.158045,0.157967,0.997437,0.00357241,0.0788899,211.796,194.912,0.821138,0.0190498,0.120589,0.0201416,0.00550936,0.0058063,0.0766788,0.0746779
326.333,259.333,3.23177e+07,0,0,0,0,0,1,0,0,0,0,0,0,0,0,0,0,1,1.66667,0,0,0,0,1,0,0.333333,74,255,1,0,0.0166667,0.0333333,0,0,0,0
433,3.16456e+07,207796,0,0,0,0,0,0,0,0,0,0,0,0,0,0,0,0,1,1,0,0,0,0,1,0,0,255,2,0.01,0.02,0,0,0,0,0,0
317,6.28256e+07,90476,0,0,0,0,0,0,0,0,0,0,0,0,0,0,0,0,1,1,0,0,0,0,1,0,0,152,1,0.01,0.05,0.01,0,0,0,0,0
28.3333,1.02338e+07,0,0,0,0,0,0,0,0,0,0,0,0,0,0,0,0,0,1.33333,1.33333,0,0,0,0,1,0,0,255,130.333,0.51,0.0266667,0.51,0,0.00666667,0.00666667,0,0
42.5,5.83621e+06,98126.7,0,0,0,0,0,0,0,0,0,0,0,0,0,0,0,0,1,1.16667,0,0,0,0,1,0,0.166667,150,81,0.33,0.255,0.328333,0.0133333,0.00333333,0.00333333,0.101667,0.00333333
1031.23,4962.28,1.80494e+06,0,0,0,0.183333,0,0.966667,4.93333,0.0333333,0.0166667,0.4,0.1,0,0.05,0,0,0,1.01667,1.01667,0,0,0,0,0.991667,0.0166667,0.0166667,121.017,37.4,0.245167,0.0695,0.0371667,0.0695,0.000833333,0.0596667,0.0281667,0.0166667
27,199,1.07676e+07,0,0,0,0,0,1,0,0,0,0,0,0,0,0,0,0,1,1,0,0,0,0,1,0,0,33,255,1,0,0.03,0.04,0,0,0,0
12.42,2.18455e+06,14578.2,0,0,0,0,0,0,0,0,0,0,0,0,0,0,0,0,1.62,1.6,0,0,0,0,0.9868,0.0268,0.02,127.2,53.98,0.2708,0.0506,0.2706,0.0336,0.0004,0,0.0018,0
2425.54,21314.3,943119,0,0,0.0217391,0.391304,0.0217391,0.913043,15.8696,0.0652174,0,16.4565,0.0652174,0,0,0,0,0,1.08696,1.58696,0.0434783,0.0434783,0,0,1,0,0.0515217,136.13,90.6522,0.449783,0.0471739,0.07,0.043913,0.0321739,0.0826087,0.0221739,0.00543478
46,188,1.7304e+07,0,0,0,7,0,1,0,1,0,0,0,0,0,0,0,0,1,8,0,0,0,0,1,0,0.38,15,255,1,0,0.07,0.04,0,0,0,0
252.859,296526,83.0169,0,0,0,0.118644,0,0,0,0,0,0,0,0,0,0,0,0,2.08136,2.15932,0.000525424,0.000525424,0,0.00240678,0.997186,0.00566102,0.00872881,28.8136,17.6763,0.862915,0.0354407,0.863119,0.0891525,0.000847458,0.00125424,0.000983051,0.000338983
415.584,3666.48,304282,0,0,0.0223048,0.111524,0.0111524,0.981413,9.24535,0.0520446,0.0223048,10.0149,0.0185874,0,0.0520446,0,0,0,2.02602,3.50929,0.0185874,0.0185874,0,0,0.989294,0.0157993,0.0552045,132.112,141.182,0.6029,0.0322305,0.052342,0.037658,0.00159851,0.040632,0.0130112,0.00765799
0,0,2.56959e+07,0,0,0,233,0,0,0,0,0,0,0,0,0,0,0,0,1,1,1,1,0,0,1,0,0,255,1,0,0.03,0,0,0.47,1,0.02,0
0,1.52848e+07,21748,0,0,0,0,0,0,0,0,0,0,0,0,0,0,0,0,1,1,1,1,0,0,1,0,0,111,3,0.03,0.06,0.01,0,0.03,1,0,0
2.76392,560.984,196.476,3.09778e-06,0.000490137,3.44197e-06,0.00426908,0.000261934,0.124469,0.000130451,3.33871e-05,2.75358e-06,9.7752e-05,0.00018862,6.88394e-06,0.000647091,0,6.19555e-06,0.000661891,287.834,251.732,0.0616233,0.0615687,0.149721,0.149663,0.802998,0.0252589,0.0234034,238.564,198.016,0.785047,0.0247636,0.580781,0.00377028,0.0615795,0.0614758,0.149474,0.149759
18.95,262.383,12110.7,0,0,0.000164718,0.00943382,8.98459e-05,0.998218,0.0193618,0.000913433,7.48716e-05,0.0101526,0.0127132,1.49743e-05,0.00118297,0,0,0,7.6698,10.6729,0.00235965,0.00220182,0.00115197,0.00176487,0.999731,0.000485318,0.114733,119.831,245.152,0.993305,0.0011939,0.0746024,0.0227367,0.00164643,0.000741079,0.000985011,0.00132073
64.543,285.761,44825.4,0,0,0.00154193,0.0202823,0.00047444,0.998814,0.994781,0.00676076,0.0035583,1.09252,0.0333294,0.000711659,0.00948879,0,0,0,4.44502,6.86348,0.00505041,0.00420472,0.000276361,0.00113154,0.999294,0.000959554,0.127432,125.565,242.801,0.980854,0.00258332,0.0804092,0.0227909,0.00291306,0.00174001,0.00138299,0.00095481
22,199,1.35054e+07,0,0,0,1,0,1,0,1,0,0,0,0,0,0,0,0,1,25,0,0,0,0,1,0,0.08,45,255,1,0,0.02,0.04,0,0,0,0
8,319,5.20318e+06,0,0,0,0,0,1,0,0,0,0,0,0,0,0,0,0,1,1,0,0,0,0,1,0,0,255,255,1,0,0,0,0,0,0,0
4111.38,940879,93751.5,0,0,0,0,0,0,0,0,0,0,0,0,0,0,0,0,1,1,0,0,0,0,1,0,0,113.5,29.5,0.2525,0.18,0.16125,0.0125,0.00125,0,0.08875,0
3.75,3.30032e+06,175177,0,0,0,0,0,0,0,0,0,0,0,0,0,0,0,0,6.25,6.25,0.25,0.25,0,0,1,0,0,210.5,98.25,0.4,0.04,0.3825,0,0.02,0.2125,0.015,0
12481,8.00626e+06,1.53137e+06,0,0,0,0,0,0,0,0,0,0,0,0,0,0,0,0,1,1,0,0,0,0,1,0,0,58,4.5,0.39,0.16,0.065,0,0,0,0,0
7,244,4.56294e+06,0,0,0,1,0,1,0,1,0,0,0,0,0,0,0,0,1,1,0,0,0,0,1,0,0,1,255,1,0,1,0.02,0,0,0,0
808.079,95816.6,472.39,0,0,0,0,0,0.520408,0,0,0,0,0,0,0,0,0,0,13.1837,13.4974,0.018699,0.018699,0.435995,0.443112,0.997143,0.00339286,0.0121684,215.273,158.584,0.669133,0.0326786,0.165638,0.00653061,0.00446429,0.0094898,0.122296,0.122577
