3.67428,662.054,623.728,3.0161e-06,0.000477214,1.34049e-05,0.005183,0.00025972,0.14705,0.00480432,7.74133e-05,1.67561e-05,0.00456604,0.000566022,9.38343e-06,0.000688341,0,6.0322e-06,0.00064444,280.439,245.364,0.0600784,0.0600192,0.145974,0.145935,0.80818,0.0246121,0.0257804,235.513,199.149,0.790269,0.0241734,0.567652,0.00428106,0.0600063,0.0598865,0.145633,0.145915
433,3.16456e+07,207796,0,0,0,0,0,0,0,0,0,0,0,0,0,0,0,0,1,1,0,0,0,0,1,0,0,255,2,0.01,0.02,0,0,0,0,0,0
317,6.28256e+07,90476,0,0,0,0,0,0,0,0,0,0,0,0,0,0,0,0,1,1,0,0,0,0,1,0,0,152,1,0.01,0.05,0.01,0,0,0,0,0
326.333,259.333,3.23177e+07,0,0,0,0,0,1,0,0,0,0,0,0,0,0,0,0,1,1.66667,0,0,0,0,1,0,0.333333,74,255,1,0,0.0166667,0.0333333,0,0,0,0
31.6667,195.333,1.3859e+07,0,0,0,2.66667,0,1,0,0.666667,0,0,0,0,0,0,0,0,1,11.3333,0,0,0,0,1,0,0.153333,31,255,1,0,0.04,0.04,0,0,0,0
2524.6,6.98695e+06,365150,0,0,0,0,0,0,0,0,0,0,0,0,0,0,0,0,1.1,1.2,0,0,0,0,1,0,0.1,152.6,69.3,0.353,0.19,0.287,0.008,0.003,0.003,0.061,0.002
1206.29,12161.5,1.6304e+06,0,0,0.0108696,0.217391,0,0.945652,3.22826,0.0543478,0.0108696,0.326087,0.0652174,0,0.0326087,0,0,0,1.03261,1.06522,0.0217391,0.0217391,0,0,0.994565,0.0108696,0.0326087,130.674,53.913,0.308261,0.0577174,0.0561957,0.0590217,0.00554348,0.0606522,0.0198913,0.0108696
0,0,2.56959e+07,0,0,0,233,0,0,0,0,0,0,0,0,0,0,0,0,1,1,1,1,0,0,1,0,0,255,1,0,0.03,0,0,0.47,1,0.02,0
28,1.35732e+07,10874,0,0,0,0,0,0,0,0,0,0,0,0,0,0,0,0,1,1,0.5,0.5,0,0,1,0,0,183,98,0.395,0.045,0.385,0,0.02,0.505,0,0
24.4737,2.21564e+06,29799.4,0,0,0,0,0,0,0,0,0,0,0,0,0,0,0,0,1.91228,1.89474,0.0175439,0.0175439,0,0,0.988421,0.0235088,0.0175439,132.772,54.4561,0.271754,0.0631579,0.27,0.0294737,0.00175439,0.0149123,0.0147368,0
