17.672,271.854,14765,0,0,0.000265651,0.00706632,8.85504e-05,0.998973,0.0214292,0.00108032,8.85504e-05,0.0142389,0.0141326,0.000106261,0.00134597,0,0,0,7.11262,10.0762,0.00288674,0.00263561,0.000181883,0.00074896,0.999794,0.000373152,0.118988,119.616,245.056,0.992916,0.00127796,0.0765671,0.0227422,0.00184929,0.000946427,0.000833082,0.00051253
6.76314,93.3681,529.789,7.24541e-06,0.000986986,6.44036e-06,0.0101798,0.000613445,0.279335,0.000464511,7.96995e-05,1.61009e-06,0.000182745,0.000206092,1.52959e-05,0.00133557,0,1.44908e-05,0.0015481,97.3147,12.8912,0.144135,0.144005,0.350113,0.350058,0.539684,0.0582409,0.0457087,218.39,125.475,0.508509,0.0559874,0.0361962,0.00864017,0.143848,0.143759,0.348786,0.350212
399.015,3.35086e+06,78505.6,0,0,0,0,0,0,0,0,0,0,0,0,0,0,0,0,1.81538,1.81538,0.0307692,0.0307692,0,0,0.989846,0.0206154,0.0307692,138.938,61.1385,0.297692,0.0704615,0.286,0.0270769,0.00261538,0.0290769,0.0116923,0.000307692
1211.08,15025.4,2.11051e+06,0,0,0,0.178082,0,0.958904,4.05479,0.0547945,0.0136986,0.328767,0.0821918,0,0.0410959,0,0,0,1.0137,1.34247,0,0,0,0,0.993151,0.0136986,0.0147945,123.863,47.0137,0.280137,0.0638356,0.0467123,0.0624658,0.000821918,0.0490411,0.0239726,0.0136986
643.081,3920.89,420780,0,0,0.0297872,0.161702,0.0170213,0.970213,3.57872,0.0553191,0,3.50638,0.0340426,0,0,0,0,0,1.58723,2.6766,0.0297872,0.0297872,0,0,0.987745,0.0180851,0.0566809,148.847,128.421,0.556766,0.0360851,0.0447234,0.036,0.008,0.0528936,0.0186809,0.00931915
375,4.72356e+07,149136,0,0,0,0,0,0,0,0,0,0,0,0,0,0,0,0,1,1,0,0,0,0,1,0,0,203.5,1.5,0.01,0.035,0.005,0,0,0,0,0
121.745,400.057,57959.4,0,0,0.00192926,0.0355841,0.000857449,0.997213,2.28339,0.0117899,0.0079314,2.50011,0.0493033,0.000428725,0.0188639,0,0,0,4.5865,6.98585,0.00598928,0.00477599,0.000499464,0.00121543,0.999046,0.0010911,0.125985,117.052,237.85,0.968598,0.00401715,0.0817063,0.0250439,0.00351125,0.00289603,0.00161415,0.00132476
283.172,297349,1699.66,0,0,0,0.108359,0,0.00309598,0,0,0,0,0,0,0,0,0,0,2.16563,2.27554,0.00434985,0.00434985,0,0.00339009,0.99743,0.00517028,0.00931889,38.8715,20.5526,0.813854,0.0389164,0.809814,0.0827245,0.00120743,0.00450464,0.00232198,0.000309598
0.40873,985.145,11.6145,0,0.000117869,1.1906e-06,0.00128346,0,0.0181828,0.00062923,2.97649e-06,3.57179e-06,6.72686e-05,0.000236333,5.95298e-07,0.000137514,0,0,0,425.947,425.962,2.08354e-05,2.31452e-05,0.000400284,0.000348511,0.999656,0.000633159,0.00763572,252.486,252.054,0.99133,0.0014671,0.97847,0.00034538,0.000150009,2.80564e-05,0.000747605,0.000207955
205,193.2,2.79906e+07,0,0,0,48,0,0.8,0,0.2,0,0,0,0,0,0,0,0,1,2.8,0.2,0.2,0,0,1,0,0.276,98.4,204.2,0.8,0.006,0.024,0.028,0.094,0.2,0.004,0
