308.938,60280.5,4201.45,0,0,0,0.942503,0,0.731977,0.468819,0.000442282,0.000442282,0.00309598,0,0.000442282,0,0,0,0,10.3773,11.4003,0.0100575,0.0099425,0.219889,0.220332,0.998372,0.00226891,0.0454578,222.269,201.446,0.83548,0.016851,0.120557,0.0185095,0.00309598,0.00405573,0.0929368,0.0916276
0,1031.88,0,0,0,0,0,0,0,0,0,0,0,0,0,0,0,0,0,510.553,510.556,0,0,0,0,1,0,0,254.923,254.834,0.99962,4.82897e-05,0.999621,0,0,0,3.40068e-06,0
523.934,656.49,114241,0,0,0.00875274,0.115974,0.00437637,0.995624,17.2407,0.0415755,0.04814,18.8862,0.107221,0,0.0853392,0,0,0,4.90591,7.23632,0.00820569,0.00691466,0,0,1,0,0.100372,69.6258,212.659,0.899234,0.00702407,0.113567,0.0336105,0.00702407,0.0113786,0.00280088,0.00306346
18.5718,256.39,15928.4,0,0,0,0.00459318,0.000131234,0.999256,0.0244969,0.00126859,0.000131234,0.0122047,0.0217848,4.37445e-05,0.0019685,0,0,0,7.15131,10.0188,0.00321085,0.00282108,0.00019685,0.000832896,0.999768,0.000411199,0.112754,122.742,242.634,0.992329,0.00144007,0.0754554,0.0220621,0.00233158,0.00106299,0.000969379,0.000691164
0,1017.49,0,0,0,0,0,0,0,0,0,0,0,0,0,0,0,0,0,298.31,298.31,0,0,0,0,1,0,0,254.981,254.157,0.99677,3.76648e-05,0.99677,0,0,0,0,0
31.6667,195.333,1.3859e+07,0,0,0,2.66667,0,1,0,0.666667,0,0,0,0,0,0,0,0,1,11.3333,0,0,0,0,1,0,0.153333,31,255,1,0,0.04,0.04,0,0,0,0
0,518.632,0,0,0,0,0,0,0,0,0,0,0,0,0,0,0,0,0,510.481,510.482,0,0,0,0,1,0,0,254.927,254.886,0.999787,1.0835e-05,0.999787,2.68505e-05,0,0,0.000194374,0
375,4.72356e+07,149136,0,0,0,0,0,0,0,0,0,0,0,0,0,0,0,0,1,1,0,0,0,0,1,0,0,203.5,1.5,0.01,0.035,0.005,0,0,0,0,0
0,53.1586,53.0623,0,0,0,0,0,0,0,0,0,0,0,0,0,0,0,0,490.258,490.366,0,0,0,0,1,5.29178e-05,4.26283e-05,254.724,254.436,0.998962,0.000614435,0.867642,0,0,0,0,0
244.75,194.5,3.06622e+07,0,0,0,58.25,0,0.75,0,0,0,0,0,0,0,0,0,0,1,1.5,0.25,0.25,0,0,1,0,0.25,119.25,191.5,0.75,0.0075,0.0125,0.025,0.1175,0.25,0.005,0
61.625,599.25,3.33149e+06,0,0,0,0.125,0,1,0,0.125,0,0,0,0,0,0,0,0,1,1,0,0,0,0,1,0,0,138,73.875,0.3125,0.0375,0.1325,0.0025,0.0025,0,0,0
2831.33,5994.83,897288,0,0,0.0333333,0.6,0.0333333,0.9,24.3333,0.1,0,25.2333,0.1,0,0,0,0,0,1.13333,1.5,0.0666667,0.0666667,0,0,1,0,0.074,134.467,96.5,0.489667,0.053,0.099,0.054,0.049,0.0996667,0.032,0.00833333
0.803668,68.5374,138.225,8.30565e-06,0.00113141,1.8457e-06,0.00551956,0.00069306,0.180592,5.26024e-05,5.26024e-05,9.2285e-07,3.0454e-05,3.50683e-05,3.6914e-06,0.000168882,0,1.29199e-05,0.00150055,107.229,10.0402,0.165076,0.164914,0.401213,0.401073,0.472397,0.0666269,0.0379016,230.554,108.332,0.438917,0.0637213,0.0285731,0.0069875,0.16459,0.164525,0.399507,0.401272
399.015,3.35086e+06,78505.6,0,0,0,0,0,0,0,0,0,0,0,0,0,0,0,0,1.81538,1.81538,0.0307692,0.0307692,0,0,0.989846,0.0206154,0.0307692,138.938,61.1385,0.297692,0.0704615,0.286,0.0270769,0.00261538,0.0290769,0.0116923,0.000307692
10.1394,263.108,8231.05,0,0,8.51281e-05,0.00655487,2.1282e-05,0.997595,0.00778922,0.000595897,0,0.00334128,0.00253256,0,0.000468205,0,0,0,8.14167,11.2279,0.00168852,0.00168639,0.00172023,0.00230314,0.999709,0.000532264,0.113642,118.263,246.666,0.995181,0.000816591,0.0733589,0.0230548,0.00117158,0.000505448,0.000939602,0.00170448
0.184335,1124.05,27.9609,0,0.000546905,0,1.65729e-05,0,0.0835688,0,1.38107e-05,1.65729e-05,0.000301074,0.00125678,0,0.000754067,0,0,0,123.279,123.334,2.5246e-05,4.38905e-05,0.000393026,0.000150703,0.998439,0.00291418,0.0362043,243.938,242.725,0.964091,0.00653756,0.906518,0.00136519,0.000641592,0.000102476,0.00254775,0.000394904
24.3245,14414.5,451.784,0,0,0,0.00707475,0,0.449708,0.000615195,0,0,0,0.00246078,0,0.00246078,0,0,0,4.89203,5.43156,0.00449708,0.00415564,0.0101661,0.0108428,0.987976,0.0185543,0.245851,135.298,91.6758,0.482439,0.0595694,0.189754,0.016681,0.0100369,0.00406337,0.0184559,0.00451553
1394.71,17328,1.63718e+06,0,0,0,0.174603,0,0.952381,4.69841,0.031746,0.015873,0.380952,0.0952381,0,0.047619,0,0,0,1.01587,1.01587,0,0,0,0,0.992063,0.015873,0.015873,124.762,37,0.253175,0.0692063,0.0365079,0.0707937,0.000634921,0.0568254,0.0277778,0.015873
303.973,307371,1333.88,0,0,0,0.116861,0,0,0,0,0,0,0,0,0,0,0,0,2.06511,2.1419,0.000517529,0.000517529,0,0.00237062,0.997229,0.00557596,0.00859766,30.0017,17.8164,0.853506,0.0374791,0.852487,0.08798,0.000851419,0.00123539,0.00215359,0.00033389
1.20434,265.262,2891.3,0,0,6.27377e-05,0.0502529,7.84221e-05,0.999498,0.00198408,0.000258793,7.84221e-06,0.00088617,0.0003529,0.000125475,0.0111046,0,3.13689e-05,0.00232914,9.26605,12.2558,0.000776771,0.000895581,0.000235266,0.000692232,0.999745,0.000486531,0.0969652,131.164,244.294,0.990228,0.00171164,0.052589,0.0208171,0.000852057,0.000556876,0.0013927,0.00047265
1113.25,1249.72,522638,0,0,0,0.150943,0,0.981132,0.0754717,0.0754717,0,0,0,0,0,0,0,0,1.26415,2.16981,0.0188679,0.0188679,0,0,0.990566,0.0188679,0.0120755,136.849,96.5849,0.422075,0.0301887,0.0328302,0.0326415,0.000566038,0.0462264,0.0166038,0.0143396
80.3198,322.926,56822.1,0,0,0,0.0188604,0.000401284,0.998395,0.760835,0.0100321,0.00481541,0.793339,0.062199,0,0.0140449,0,0,0,4.78491,7.17335,0.00537721,0.00475522,0.000565811,0.000967095,0.999197,0.00120385,0.12317,114.073,241.013,0.977115,0.00327849,0.0836557,0.0250602,0.00378411,0.00169342,0.00162119,0.00119583
10842.4,198.507,866.942,0,0,0,0.00151745,0,0.103187,0.172989,0.0030349,0.00151745,0.107739,0.224583,0,0.00151745,0,0,0,1.03945,1.25493,0.0576631,0.0498027,0.0542185,0.0635964,0.990561,0.0172534,0.0348862,220.129,128.434,0.541517,0.127785,0.0368741,0.0119879,0.281229,0.318983,0.137906,0.079651
97.6305,4493.45,272089,0,0,0.0295567,0.08867,0.0147783,0.980296,4.18227,0.0394089,0.00985222,4.41379,0.0246305,0,0.0344828,0,0,0,2.09852,3.74384,0.0197044,0.0197044,0,0,0.988276,0.0160099,0.0656158,138.729,150.961,0.637685,0.0331034,0.0433498,0.0382759,0.00197044,0.042069,0.0127094,0.00581281
30.8563,255.265,30725,0,0,0.00171988,0.0319252,0.000322477,0.998925,0.0609481,0.00204235,0.000107492,0.0646028,0.0178437,0.000644953,0.00268731,0,0,0,4.93937,7.43588,0.00403418,0.00349457,0.000367623,0.00149844,0.999522,0.000654628,0.125913,123.241,245.411,0.986767,0.00247662,0.0803042,0.0222735,0.0021348,0.00110824,0.00144792,0.000987853
