375,4.72356e+07,149136,0,0,0,0,0,0,0,0,0,0,0,0,0,0,0,0,1,1,0,0,0,0,1,0,0,203.5,1.5,0.01,0.035,0.005,0,0,0,0,0
1211.08,15025.4,2.11051e+06,0,0,0,0.178082,0,0.958904,4.05479,0.0547945,0.0136986,0.328767,0.0821918,0,0.0410959,0,0,0,1.0137,1.34247,0,0,0,0,0.993151,0.0136986,0.0147945,123.863,47.0137,0.280137,0.0638356,0.0467123,0.0624658,0.000821918,0.0490411,0.0239726,0.0136986
577.798,3558.5,400718,0,0,0.0267176,0.167939,0.0152672,0.973282,3.34733,0.0534351,0,3.26336,0.0305344,0,0,0,0,0,1.70229,3.03435,0.0267176,0.0267176,0,0,0.989008,0.0162214,0.0562214,141.294,131.153,0.570496,0.0358779,0.0469466,0.0405344,0.00721374,0.0474809,0.0167939,0.00835878
304.517,307224,1734.57,0,0,0,0.116667,0,0,0,0,0,0,0,0,0,0,0,0,2.06333,2.14,0.000516667,0.000516667,0,0.00236667,0.997233,0.00556667,0.00858333,30.0917,17.79,0.852117,0.03755,0.851083,0.0878333,0.00085,0.00123333,0.00215,0.000333333
295.393,58536.3,4004.56,0,0,0,0.887283,0,0.714286,0.437655,0.000412882,0.000412882,0.00289017,0.00123865,0.000412882,0.000412882,0,0,0,10.2419,11.2395,0.00964492,0.00951693,0.211899,0.212981,0.997552,0.00311726,0.0549876,217.528,195.172,0.817312,0.019071,0.126206,0.0183278,0.00332783,0.00390999,0.0881668,0.0865318
399.015,3.35086e+06,78505.6,0,0,0,0,0,0,0,0,0,0,0,0,0,0,0,0,1.81538,1.81538,0.0307692,0.0307692,0,0,0.989846,0.0206154,0.0307692,138.938,61.1385,0.297692,0.0704615,0.286,0.0270769,0.00261538,0.0290769,0.0116923,0.000307692
0.0571725,903.431,6.79628,0,0.000137521,0,5.92762e-06,0,0.0184722,1.18552e-06,2.37105e-06,3.55657e-06,6.224e-05,0.00026615,0,0.00016301,0,0,0,426.024,426.038,8.99813e-06,1.2199e-05,9.53102e-05,4.39474e-05,0.999635,0.0006763,0.00814531,252.316,251.892,0.990863,0.00155613,0.977695,0.000343648,0.000152595,2.64727e-05,0.000640076,9.11431e-05
40.9896,274.533,26949.4,0,0,0.000711212,0.017318,0.000284485,0.998684,0.409587,0.00305821,0.00138686,0.434337,0.029942,0.000248924,0.00437396,0,0,0,6.07638,8.72309,0.00407418,0.00366665,0.000260659,0.00102201,0.9996,0.000621955,0.117013,120.736,243.966,0.987177,0.00210377,0.080569,0.0228754,0.00258526,0.00168166,0.00115892,0.000878703
205,193.2,2.79906e+07,0,0,0,48,0,0.8,0,0.2,0,0,0,0,0,0,0,0,1,2.8,0.2,0.2,0,0,1,0,0.276,98.4,204.2,0.8,0.006,0.024,0.028,0.094,0.2,0.004,0
6.86537,96.5687,787.483,7.11133e-06,0.000941856,1.10621e-05,0.0100459,0.000602883,0.298345,0.00069533,0.000101139,3.16059e-06,0.000355567,0.000305787,1.5803e-05,0.00130769,0,1.42227e-05,0.00151945,93.1729,10.3925,0.141527,0.141392,0.343637,0.343593,0.548233,0.0571029,0.0472076,215.815,127.952,0.51846,0.0548143,0.0326973,0.00904312,0.141214,0.141111,0.342319,0.343728
