2.58208,564.224,161.672,3.11836e-06,0.000493395,2.77188e-06,0.00428394,0.000263675,0.11865,0.000115379,3.18766e-05,2.77188e-06,7.86521e-05,0.000186062,6.23673e-06,0.000646194,0,6.23673e-06,0.000666291,289.689,253.327,0.0620257,0.0619691,0.150697,0.150633,0.80169,0.0254233,0.0228671,239.374,197.692,0.78363,0.0249232,0.584196,0.00364097,0.0619828,0.0618807,0.150457,0.150735
0,0,2.56959e+07,0,0,0,233,0,0,0,0,0,0,0,0,0,0,0,0,1,1,1,1,0,0,1,0,0,255,1,0,0.03,0,0,0.47,1,0.02,0
317,6.28256e+07,90476,0,0,0,0,0,0,0,0,0,0,0,0,0,0,0,0,1,1,0,0,0,0,1,0,0,152,1,0.01,0.05,0.01,0,0,0,0,0
6247.75,8.71307e+06,765684,0,0,0,0,0,0,0,0,0,0,0,0,0,0,0,0,1.25,1.25,0,0,0,0,1,0,0,156.5,51.75,0.3875,0.0925,0.225,0,0.0025,0.0025,0,0
326.333,259.333,3.23177e+07,0,0,0,0,0,1,0,0,0,0,0,0,0,0,0,0,1,1.66667,0,0,0,0,1,0,0.333333,74,255,1,0,0.0166667,0.0333333,0,0,0,0
433,3.16456e+07,207796,0,0,0,0,0,0,0,0,0,0,0,0,0,0,0,0,1,1,0,0,0,0,1,0,0,255,2,0.01,0.02,0,0,0,0,0,0
1868.6,1.28754e+06,127483,0,0,0,0,0,0,0,0,0,0,0,0,0,0,0,0,1,1,0,0,0,0,1,0,0,90.8,4.2,0.108,0.242,0.096,0,0,0,0.138,0
22,199,1.35054e+07,0,0,0,1,0,1,0,1,0,0,0,0,0,0,0,0,1,25,0,0,0,0,1,0,0.08,45,255,1,0,0.02,0.04,0,0,0,0
37.8351,304.934,27924.3,0,0,0.00108174,0.0219728,0.000202826,0.998107,0.0544926,0.00189304,0.000135217,0.0456359,0.0215672,0.000540869,0.0023663,0,0,0,5.36941,7.90954,0.00450139,0.00406869,0.00029883,0.00144277,0.99951,0.000709215,0.120992,118.544,244.82,0.987123,0.00219458,0.0863654,0.0230667,0.00244743,0.00134474,0.00116152,0.000927591
7.5,281.5,4.88306e+06,0,0,0,0.5,0,1,0,0.5,0,0,0,0,0,0,0,0,1,1,0,0,0,0,1,0,0,128,255,1,0,0.5,0.01,0,0,0,0
0,1.52848e+07,21748,0,0,0,0,0,0,0,0,0,0,0,0,0,0,0,0,1,1,1,1,0,0,1,0,0,111,3,0.03,0.06,0.01,0,0.03,1,0,0
56,1.18615e+07,0,0,0,0,0,0,0,0,0,0,0,0,0,0,0,0,0,1,1,0,0,0,0,1,0,0,255,193,0.76,0.03,0.76,0,0.01,0.01,0,0
1474.56,18442,1.6001e+06,0,0,0,0.152542,0,0.949153,4.91525,0.0338983,0.0169492,0.305085,0.0508475,0,0.0508475,0,0,0,1.01695,1.01695,0,0,0,0,0.991525,0.0169492,0.0169492,125.034,38.4237,0.262203,0.069661,0.0383051,0.0652542,0.000677966,0.060678,0.0291525,0.0169492
42.5,5.83621e+06,98126.7,0,0,0,0,0,0,0,0,0,0,0,0,0,0,0,0,1,1.16667,0,0,0,0,1,0,0.166667,150,81,0.33,0.255,0.328333,0.0133333,0.00333333,0.00333333,0.101667,0.00333333
266.907,287962,337.673,0,0,0,0.108025,0,0.00308642,0,0,0,0,0,0,0,0,0,0,2.21296,2.32253,0.00433642,0.00433642,0,0.00337963,0.997438,0.00515432,0.00929012,40.0077,21.4522,0.815293,0.0379012,0.811373,0.0826543,0.00123457,0.0045216,0.00137346,0.000308642
134.6,781.7,2.56222e+06,0,0,0,0.2,0,1,0.6,0,0,0.6,0.3,0,0,0,0,0,1,1,0,0,0,0,1,0,0,133.1,14.5,0.098,0.055,0.01,0.061,0.002,0,0.003,0
12.6327,2.1957e+06,14875.8,0,0,0,0,0,0,0,0,0,0,0,0,0,0,0,0,1.63265,1.61224,0,0,0,0,0.986531,0.0273469,0.0204082,128.51,54.9388,0.274082,0.0495918,0.273878,0.0342857,0.000408163,0,0.00183673,0
46,188,1.7304e+07,0,0,0,7,0,1,0,1,0,0,0,0,0,0,0,0,1,8,0,0,0,0,1,0,0.38,15,255,1,0,0.07,0.04,0,0,0,0
159.259,401.901,68283.9,0,0,0.00168492,0.0404381,0.00126369,0.997473,2.82645,0.0168492,0.010952,3.0556,0.0859309,0,0.025695,0,0,0,4.64617,7.08509,0.00714406,0.00616681,0.000593934,0.000909857,0.999158,0.00126369,0.122852,108.443,236.525,0.963816,0.00438079,0.0821441,0.0265501,0.00437237,0.0035973,0.00221567,0.00179444
27,199,1.07676e+07,0,0,0,0,0,1,0,0,0,0,0,0,0,0,0,0,1,1,0,0,0,0,1,0,0,33,255,1,0,0.03,0.04,0,0,0,0
970.574,5851.69,473363,0,0,0,0.131148,0,0.967213,0.0655738,0.0655738,0,0,0,0,0,0,0,0,1.22951,1.81967,0.0327869,0.0327869,0,0,0.991803,0.0163934,0.00803279,139.738,86.5738,0.394754,0.0340984,0.0301639,0.0362295,0.00131148,0.0563934,0.0163934,0.0136066
350.843,2776.89,248339,0,0,0.026087,0.0956522,0.0130435,0.986957,17.013,0.0521739,0.0434783,18.4783,0.0217391,0,0.0869565,0,0,0,2.22609,3.87391,0.0130435,0.0130435,0,0,0.989652,0.0141304,0.0642609,123.948,156.157,0.669087,0.0299565,0.0794348,0.038,0.00586957,0.0325652,0.010913,0.00534783
27.4686,1918.57,9055.77,0,0,7.52483e-05,0.0322439,5.01655e-05,0.989779,0.0230887,0.000677235,5.01655e-05,0.00586937,0.0077882,2.50828e-05,0.000915521,0,0,0,8.17918,11.1563,0.00210081,0.00204111,0.00809835,0.00870523,0.999664,0.000579788,0.110715,123.251,243.951,0.989389,0.00155438,0.0724747,0.0225346,0.0014775,0.000760008,0.00374599,0.00436089
2361.72,5048.5,861293,0,0,0.0277778,0.5,0.0277778,0.916667,20.2778,0.0833333,0,21.0278,0.0833333,0,0,0,0,0,1.11111,1.75,0.0555556,0.0555556,0,0,1,0,0.0658333,130.472,110.917,0.524167,0.0458333,0.0855556,0.0480556,0.0408333,0.105556,0.0266667,0.00694444
3.75,3.30032e+06,175177,0,0,0,0,0,0,0,0,0,0,0,0,0,0,0,0,6.25,6.25,0.25,0.25,0,0,1,0,0,210.5,98.25,0.4,0.04,0.3825,0,0.02,0.2125,0.015,0
