2.60544,563.855,161.419,3.11858e-06,0.000493429,2.77207e-06,0.00428424,0.000263693,0.118589,0.000115734,3.18788e-05,2.77207e-06,7.90041e-05,0.000188154,6.23716e-06,0.000646586,0,6.23716e-06,0.000666337,289.709,253.344,0.0620304,0.061974,0.150711,0.150647,0.801677,0.0254251,0.0228583,239.384,197.691,0.78362,0.0249246,0.58423,0.00363923,0.0619868,0.0618852,0.150469,0.150748
0,0,2.56959e+07,0,0,0,233,0,0,0,0,0,0,0,0,0,0,0,0,1,1,1,1,0,0,1,0,0,255,1,0,0.03,0,0,0.47,1,0.02,0
317,6.28256e+07,90476,0,0,0,0,0,0,0,0,0,0,0,0,0,0,0,0,1,1,0,0,0,0,1,0,0,152,1,0.01,0.05,0.01,0,0,0,0,0
433,3.16456e+07,207796,0,0,0,0,0,0,0,0,0,0,0,0,0,0,0,0,1,1,0,0,0,0,1,0,0,255,2,0.01,0.02,0,0,0,0,0,0
24.5,199,1.21365e+07,0,0,0,0.5,0,1,0,0.5,0,0,0,0,0,0,0,0,1,13,0,0,0,0,1,0,0.04,39,255,1,0,0.025,0.04,0,0,0,0
1394.71,17328,1.63718e+06,0,0,0,0.174603,0,0.952381,4.69841,0.031746,0.015873,0.380952,0.0952381,0,0.047619,0,0,0,1.01587,1.01587,0,0,0,0,0.992063,0.015873,0.015873,124.762,37,0.253175,0.0692063,0.0365079,0.0707937,0.000634921,0.0568254,0.0277778,0.015873
26.0377,2.13377e+06,18827.5,0,0,0,0,0,0,0,0,0,0,0,0,0,0,0,0,1.58491,1.56604,0,0,0,0,0.987547,0.025283,0.0188679,126.906,51.1509,0.262075,0.0649057,0.261509,0.0316981,0.000377358,0,0.014717,0
3.75,3.30032e+06,175177,0,0,0,0,0,0,0,0,0,0,0,0,0,0,0,0,6.25,6.25,0.25,0.25,0,0,1,0,0,210.5,98.25,0.4,0.04,0.3825,0,0.02,0.2125,0.015,0
305.251,300358,892.337,0,0,0,0.117845,0,0,0,0,0,0,0,0,0,0,0,0,2.07239,2.15152,0.000521886,0.000521886,0,0.00239057,0.998047,0.00393939,0.00867003,29.4024,17.9175,0.859697,0.0358249,0.858704,0.0887205,0.000858586,0.00124579,0.0010101,0.0003367
61.625,599.25,3.33149e+06,0,0,0,0.125,0,1,0,0.125,0,0,0,0,0,0,0,0,1,1,0,0,0,0,1,0,0,138,73.875,0.3125,0.0375,0.1325,0.0025,0.0025,0,0,0
56,1.18615e+07,0,0,0,0,0,0,0,0,0,0,0,0,0,0,0,0,0,1,1,0,0,0,0,1,0,0,255,193,0.76,0.03,0.76,0,0.01,0.01,0,0
19.0479,264.211,9339.7,0,0,7.63038e-05,0.00551931,5.08692e-05,0.997787,0.0109496,0.000699452,5.08692e-05,0.00658757,0.00796103,3.81519e-05,0.000928363,0,0,0,8.07828,11.1137,0.00189691,0.00182125,0.00154846,0.00215762,0.999722,0.00051734,0.112296,120.124,245.349,0.994292,0.00102832,0.0713871,0.0226965,0.00144087,0.00065138,0.00105694,0.00166368
197.907,429.272,74465.1,0,0,0.00201613,0.0504032,0.0015121,0.996976,4.86593,0.0221774,0.0171371,5.3004,0.0685484,0,0.0357863,0,0,0,4.76764,7.06855,0.00526714,0.00504032,0.000710685,0.00108871,0.998992,0.0015121,0.115998,107.197,233.614,0.955731,0.00509073,0.0838105,0.027122,0.00367944,0.00446573,0.0024748,0.00200101
14,6.53355e+06,0,0,0,0,0,0,0,0,0,0,0,0,0,0,0,0,0,1,1.33333,0,0,0,0,1,0,0.333333,172,82.3333,0.313333,0.24,0.313333,0.0133333,0.00333333,0.00333333,0,0
499.029,142851,1073.81,0,0,0,0,0,0.0480769,0,0,0,0,0,0,0,0,0,0,5.57692,6.20192,0.0336538,0.0336538,0.0184615,0.0398077,0.995192,0.00961538,0.0193269,170.942,64.5481,0.340769,0.0696154,0.284038,0.0119231,0.00355769,0.0217308,0.0119231,0.000192308
0,1.52848e+07,21748,0,0,0,0,0,0,0,0,0,0,0,0,0,0,0,0,1,1,1,1,0,0,1,0,0,111,3,0.03,0.06,0.01,0,0.03,1,0,0
326.333,259.333,3.23177e+07,0,0,0,0,0,1,0,0,0,0,0,0,0,0,0,0,1,1.66667,0,0,0,0,1,0,0.333333,74,255,1,0,0.0166667,0.0333333,0,0,0,0
46,188,1.7304e+07,0,0,0,7,0,1,0,1,0,0,0,0,0,0,0,0,1,8,0,0,0,0,1,0,0.38,15,255,1,0,0.07,0.04,0,0,0,0
440.667,9.15981e+06,393312,0,0,0,0,0,0,0,0,0,0,0,0,0,0,0,0,1.33333,1.33333,0,0,0,0,1,0,0,206,67,0.266667,0.04,0.26,0,0.00333333,0.00333333,0,0
23669,7.37284e+06,1.8828e+06,0,0,0,0,0,0,0,0,0,0,0,0,0,0,0,0,1,1,0,0,0,0,1,0,0,8,6,0.75,0.25,0.12,0,0,0,0,0
316.968,3932.07,312898,0,0,0.0241935,0.104839,0.0120968,0.979839,3.43952,0.0483871,0.00806452,3.6129,0.0201613,0,0.0282258,0,0,0,1.95565,3.44758,0.0201613,0.0201613,0,0,0.988387,0.0171371,0.0556855,139.343,139.71,0.594516,0.0328629,0.0419758,0.0378629,0.00169355,0.0410484,0.0139516,0.00782258
36.5602,271.298,29297.5,0,0,0.00113395,0.022112,0.000212615,0.998441,0.0598866,0.00184266,7.08717e-05,0.0502481,0.0264352,0.00042523,0.00255138,0,0,0,5.26719,7.79391,0.00493125,0.00441602,0.000313253,0.00138058,0.999557,0.000601701,0.122678,118.923,244.749,0.986668,0.00229341,0.085404,0.0230843,0.0026832,0.0015528,0.00120057,0.000916371
2240.87,4818.37,848786,0,0,0.0263158,0.473684,0.0263158,0.921053,19.2105,0.0789474,0,19.9211,0.0789474,0,0,0,0,0,1.10526,1.71053,0.0526316,0.0526316,0,0,1,0,0.0623684,128.737,105.553,0.501842,0.0463158,0.0815789,0.0455263,0.0389474,0.1,0.0252632,0.00657895
71,5.13886e+06,196253,0,0,0,0,0,0,0,0,0,0,0,0,0,0,0,0,1,1,0,0,0,0,1,0,0,128,79.6667,0.346667,0.27,0.343333,0.0133333,0.00333333,0.00333333,0.203333,0.00666667
280.616,54267.9,4023.54,0,0,0,0.908323,0,0.74567,0.447824,0.000422476,0.000422476,0.00295733,0.00126743,0.000422476,0.000422476,0,0,0,10.2818,11.2847,0.00839882,0.00826785,0.216531,0.2167,0.997495,0.00318969,0.0625982,218.026,199.684,0.834339,0.0174989,0.118809,0.0184749,0.00328264,0.00307985,0.0900929,0.0889016
