0,1031.86,0,0,0,0,0,0,0,0,0,0,0,0,0,0,0,0,0,510.3,510.303,0,0,0,0,1,0,0,254.923,254.834,0.99962,4.82286e-05,0.999622,0,0,0,3.39546e-06,0
0,53.1508,53.0784,0,0,0,0,0,0,0,0,0,0,0,0,0,0,0,0,490.872,490.905,0,0,0,0,1,5.30504e-05,4.2735e-05,254.781,254.506,0.99903,0.00061008,0.867725,0,0,0,0,0
61.625,599.25,3.33149e+06,0,0,0,0.125,0,1,0,0.125,0,0,0,0,0,0,0,0,1,1,0,0,0,0,1,0,0,138,73.875,0.3125,0.0375,0.1325,0.0025,0.0025,0,0,0
0.233218,1228.34,30.3386,0,0.000542335,0,1.64344e-05,0,0.0852972,0,1.36953e-05,1.64344e-05,0.000287602,0.00123258,0,0.000745026,0,0,0,122.903,122.961,4.12777e-05,5.53565e-05,0.000432608,0.000193898,0.998402,0.00295028,0.0374737,243.357,241.863,0.961373,0.00681841,0.902713,0.00144524,0.000704762,0.000116903,0.00266097,0.000418748
1394.71,17328,1.63718e+06,0,0,0,0.174603,0,0.952381,4.69841,0.031746,0.015873,0.380952,0.0952381,0,0.047619,0,0,0,1.01587,1.01587,0,0,0,0,0.992063,0.015873,0.015873,124.762,37,0.253175,0.0692063,0.0365079,0.0707937,0.000634921,0.0568254,0.0277778,0.015873
11.904,256.994,14174.4,0,0,4.69021e-05,0.00403358,0.000140706,0.99925,0.0179635,0.00112565,0.000140706,0.0109282,0.0157122,0,0.00178228,0,0,0,7.33863,10.3465,0.00301862,0.00257821,0.000164157,0.000633648,0.999758,0.000453543,0.114281,123.756,242.775,0.993159,0.00137423,0.0727461,0.0216796,0.00215656,0.000906618,0.000936166,0.000571737
0,518.632,0,0,0,0,0,0,0,0,0,0,0,0,0,0,0,0,0,510.483,510.483,0,0,0,0,1,0,0,254.927,254.886,0.999787,1.08351e-05,0.999787,2.68506e-05,0,0,0.000194375,0
303.973,307371,1333.88,0,0,0,0.116861,0,0,0,0,0,0,0,0,0,0,0,0,2.06511,2.1419,0.000517529,0.000517529,0,0.00237062,0.997229,0.00557596,0.00859766,30.0017,17.8164,0.853506,0.0374791,0.852487,0.08798,0.000851419,0.00123539,0.00215359,0.00033389
536.8,665.332,114936,0,0,0.00896861,0.118834,0.0044843,0.995516,17.6659,0.0426009,0.0493274,19.352,0.109865,0,0.0874439,0,0,0,4.92377,7.23991,0.00840807,0.0070852,0,0,1,0,0.0990135,70.0381,212.747,0.900717,0.00706278,0.114507,0.0335874,0.00717489,0.0116592,0.00286996,0.00313901
0.831264,59.5322,86.9473,8.6988e-06,0.00118497,0,0.00447988,0.0007249,0.141413,5.31593e-05,1.73976e-05,0,3.47952e-05,3.67282e-05,0,0.000160444,0,1.35315e-05,0.00137344,111.796,9.8662,0.172854,0.172677,0.420161,0.420008,0.447453,0.0697366,0.0354849,235.116,101.828,0.412399,0.0667083,0.0279536,0.00635115,0.172348,0.172284,0.418303,0.420206
399.015,3.35086e+06,78505.6,0,0,0,0,0,0,0,0,0,0,0,0,0,0,0,0,1.81538,1.81538,0.0307692,0.0307692,0,0,0.989846,0.0206154,0.0307692,138.938,61.1385,0.297692,0.0704615,0.286,0.0270769,0.00261538,0.0290769,0.0116923,0.000307692
375,4.72356e+07,149136,0,0,0,0,0,0,0,0,0,0,0,0,0,0,0,0,1,1,0,0,0,0,1,0,0,203.5,1.5,0.01,0.035,0.005,0,0,0,0,0
42.5928,290.042,23160.7,0,0,0.000781512,0.0275762,0.000223289,0.997879,0.0622976,0.00133973,0.000111645,0.030479,0.0308139,0.000111645,0.00245618,0,0,0,6.04332,8.67177,0.0049559,0.00475941,0.000390756,0.00155856,0.999632,0.00060288,0.115009,109.459,244.596,0.986332,0.00234119,0.0912058,0.0242425,0.00294295,0.00199844,0.00127945,0.00120464
295.688,58558.1,3974.61,0,0,0,0.888384,0,0.714345,0.438198,0.000413394,0.000413394,0.00289376,0.00124018,0.000413394,0,0,0,0,10.2534,11.2522,0.00965688,0.00952873,0.212162,0.213245,0.997549,0.00312112,0.0550558,217.608,195.286,0.817718,0.0190409,0.126354,0.0183423,0.00333196,0.00391484,0.0882761,0.0866391
10871.2,189.873,841.127,0,0,0,0.00152672,0,0.103817,0.174046,0.00305344,0.00152672,0.108397,0.225954,0,0.00152672,0,0,0,1.03664,1.25649,0.0580153,0.0501069,0.0499695,0.0578779,0.992031,0.0143053,0.0350992,221.353,129.174,0.542427,0.127756,0.0367023,0.0120611,0.282947,0.320931,0.13658,0.0746412
8.32324,265.211,8541.48,0,0,8.8308e-05,0.00856588,2.9436e-05,0.998116,0.00847757,0.000529848,0,0.00356176,0.00320852,0,0.000470976,0,0,0,8.17017,11.2841,0.00162104,0.00163635,0.00134464,0.00185388,0.999749,0.000451548,0.117184,119.313,246.796,0.995487,0.000763864,0.072538,0.0231037,0.00109855,0.000473625,0.000755328,0.00127752
5.96533,265.706,4454.1,0,0,0.00012238,0.068218,1.74828e-05,0.998374,0.00253501,0.000402105,0,0.00157345,0.000384622,8.74141e-05,0.000541968,0,0,0.00267487,8.78832,11.7931,0.000877288,0.00101488,0.00113638,0.00170912,0.99968,0.000629207,0.0998899,118.919,244.035,0.991605,0.00138359,0.0634478,0.0228333,0.00095666,0.000590745,0.0012425,0.00121925
97.6305,4493.45,272089,0,0,0.0295567,0.08867,0.0147783,0.980296,4.18227,0.0394089,0.00985222,4.41379,0.0246305,0,0.0344828,0,0,0,2.09852,3.74384,0.0197044,0.0197044,0,0,0.988276,0.0160099,0.0656158,138.729,150.961,0.637685,0.0331034,0.0433498,0.0382759,0.00197044,0.042069,0.0127094,0.00581281
2831.33,5994.83,897288,0,0,0.0333333,0.6,0.0333333,0.9,24.3333,0.1,0,25.2333,0.1,0,0,0,0,0,1.13333,1.5,0.0666667,0.0666667,0,0,1,0,0.074,134.467,96.5,0.489667,0.053,0.099,0.054,0.049,0.0996667,0.032,0.00833333
95.0071,336.243,59143.8,0,0,0,0.0223384,0.000475285,0.998099,0.900665,0.0118821,0.00570342,0.939639,0.0736692,0,0.016635,0,0,0,4.46293,6.89781,0.0063308,0.00550856,0.000670152,0.00102662,0.999049,0.00142586,0.127467,117.545,241.085,0.974672,0.00378802,0.0790637,0.0246435,0.00414449,0.00194867,0.00192015,0.00141635
244.75,194.5,3.06622e+07,0,0,0,58.25,0,0.75,0,0,0,0,0,0,0,0,0,0,1,1.5,0.25,0.25,0,0,1,0,0.25,119.25,191.5,0.75,0.0075,0.0125,0.025,0.1175,0.25,0.005,0
1113.25,1249.72,522638,0,0,0,0.150943,0,0.981132,0.0754717,0.0754717,0,0,0,0,0,0,0,0,1.26415,2.16981,0.0188679,0.0188679,0,0,0.990566,0.0188679,0.0120755,136.849,96.5849,0.422075,0.0301887,0.0328302,0.0326415,0.000566038,0.0462264,0.0166038,0.0143396
22.7061,239.732,35222.1,0,0,0.00160915,0.0134096,0.000178795,0.999285,0.0438048,0.00268192,0,0.0716968,0.0109065,0.00107277,0.00232433,0,0,0,4.31504,6.72412,0.00448418,0.00362954,0.000164491,0.00131951,0.999294,0.000910066,0.13059,133.132,245.164,0.98808,0.00195065,0.0773574,0.0213785,0.00211872,0.000965493,0.0010084,0.000527445
31.6667,195.333,1.3859e+07,0,0,0,2.66667,0,1,0,0.666667,0,0,0,0,0,0,0,0,1,11.3333,0,0,0,0,1,0,0.153333,31,255,1,0,0.04,0.04,0,0,0,0
0.267895,265.727,1785.67,0,0,2.30751e-05,0.0297516,7.69172e-05,0.999139,0.00101531,0.000430736,1.53834e-05,0.000253827,0.00026921,0.000115376,0.0108761,0,3.07669e-05,0.00268441,9.96167,12.9076,0.000733405,0.00086901,0.000384817,0.000702254,0.999483,0.000880394,0.0934815,136.561,243.976,0.989447,0.00185147,0.0459878,0.0199167,0.000778632,0.000565572,0.00192816,0.000732098
