3.33843,662.48,427.644,3.02975e-06,0.000479373,4.71294e-06,0.00505967,0.000257528,0.143204,0.000797496,5.18423e-05,4.03966e-06,0.000256518,0.000429214,7.06941e-06,0.000655435,0,6.05949e-06,0.000647356,281.685,246.44,0.0603292,0.0602721,0.146632,0.146589,0.807316,0.0247186,0.0253421,236.041,198.96,0.789439,0.0242671,0.569844,0.00419329,0.060265,0.0601455,0.146284,0.14657
317,6.28256e+07,90476,0,0,0,0,0,0,0,0,0,0,0,0,0,0,0,0,1,1,0,0,0,0,1,0,0,152,1,0.01,0.05,0.01,0,0,0,0,0
2524.6,6.98695e+06,365150,0,0,0,0,0,0,0,0,0,0,0,0,0,0,0,0,1.1,1.2,0,0,0,0,1,0,0.1,152.6,69.3,0.353,0.19,0.287,0.008,0.003,0.003,0.061,0.002
433,3.16456e+07,207796,0,0,0,0,0,0,0,0,0,0,0,0,0,0,0,0,1,1,0,0,0,0,1,0,0,255,2,0.01,0.02,0,0,0,0,0,0
244.75,194.5,3.06622e+07,0,0,0,58.25,0,0.75,0,0,0,0,0,0,0,0,0,0,1,1.5,0.25,0.25,0,0,1,0,0.25,119.25,191.5,0.75,0.0075,0.0125,0.025,0.1175,0.25,0.005,0
77.9153,567.712,44031.3,0,0,0.00193481,0.0328918,0.000744158,0.997247,0.890534,0.00573002,0.0028278,0.957211,0.0308082,0.000520911,0.00796249,0,0,0,4.9206,7.37907,0.00470308,0.00418515,0.000359428,0.00127846,0.999268,0.00106712,0.122666,118.783,240.951,0.97364,0.00346555,0.0830287,0.0236836,0.00285682,0.00269832,0.00172719,0.00119958
24.4737,2.21564e+06,29799.4,0,0,0,0,0,0,0,0,0,0,0,0,0,0,0,0,1.91228,1.89474,0.0175439,0.0175439,0,0,0.988421,0.0235088,0.0175439,132.772,54.4561,0.271754,0.0631579,0.27,0.0294737,0.00175439,0.0149123,0.0147368,0
1219.55,12295.1,1.63915e+06,0,0,0.010989,0.153846,0,0.956044,3.26374,0.0549451,0.010989,0.32967,0.0659341,0,0.032967,0,0,0,1.03297,1.06593,0.010989,0.010989,0,0,0.994505,0.010989,0.032967,129.308,54.4835,0.311538,0.058022,0.0568132,0.0596703,0.000659341,0.0503297,0.0198901,0.010989
31.6667,195.333,1.3859e+07,0,0,0,2.66667,0,1,0,0.666667,0,0,0,0,0,0,0,0,1,11.3333,0,0,0,0,1,0,0.153333,31,255,1,0,0.04,0.04,0,0,0,0
28,1.35732e+07,10874,0,0,0,0,0,0,0,0,0,0,0,0,0,0,0,0,1,1,0.5,0.5,0,0,1,0,0,183,98,0.395,0.045,0.385,0,0.02,0.505,0,0
