0,518.632,0,0,0,0,0,0,0,0,0,0,0,0,0,0,0,0,0,510.464,510.465,0,0,0,0,1,0,0,254.927,254.886,0.999787,1.08345e-05,0.999787,2.68492e-05,0,0,0.000194365,0
0.809419,1285.62,17.3601,0,0,0,0.00274477,0,0.0170906,0.00134237,1.27723e-06,2.55446e-06,3.95941e-05,0.000153268,0,8.81289e-05,0,0,0,498.867,498.879,3.78954e-05,3.82403e-05,0.000830264,0.000709259,0.999695,0.000554637,0.00479793,253.141,252.527,0.992473,0.00121554,0.978926,0.000258243,0.000116343,2.92358e-05,0.000882554,0.000324021
0,53.1609,53.0899,0,0,0,0,0,0,0,0,0,0,0,0,0,0,0,0,489.728,489.837,0,0,0,0,0.999997,5.57348e-05,4.84013e-05,254.741,254.46,0.999,0.000613083,0.86721,0,0,0,0,0
1113.25,1249.72,522638,0,0,0,0.150943,0,0.981132,0.0754717,0.0754717,0,0,0,0,0,0,0,0,1.26415,2.16981,0.0188679,0.0188679,0,0,0.990566,0.0188679,0.0120755,136.849,96.5849,0.422075,0.0301887,0.0328302,0.0326415,0.000566038,0.0462264,0.0166038,0.0143396
1.23182,195.117,397.444,0,0,6.2792e-06,0.0185739,0.00154782,0.548924,0.000178957,7.53504e-05,0,0.000109886,0.000216632,1.25584e-05,0.00062792,0,3.45356e-05,0.00478475,6.55107,8.41218,0.00041336,0.000580072,0.000870171,0.000758967,0.997742,0.00377568,0.0629118,194.598,248.049,0.988248,0.00597409,0.027076,0.0103914,0.000474613,0.000350128,0.0018048,0.00106495
119.064,358.812,63630.5,0,0,0,0.0293383,0.00187266,0.997503,1.35581,0.0168539,0.00873908,1.45256,0.0543071,0,0.0218477,0,0,0,4.86954,7.14981,0.00447566,0.00456305,0.00088015,0.00134831,0.998752,0.00187266,0.120094,116.697,239.059,0.969513,0.00461298,0.0755119,0.0252934,0.00265918,0.00230961,0.00228464,0.00160424
0.632629,12.232,6.33877,1.19578e-05,0.00162892,0,1.99296e-05,0.000341461,0.0114954,0,0,0,2.65728e-06,0,0,0,0,3.98593e-06,0.000135522,151.417,10.6545,0.237472,0.237169,0.577263,0.577103,0.241349,0.0943392,0.026923,247.19,46.9258,0.197087,0.0892298,0.0288435,0.00534081,0.236754,0.23671,0.574382,0.577266
2831.33,5994.83,897288,0,0,0.0333333,0.6,0.0333333,0.9,24.3333,0.1,0,25.2333,0.1,0,0,0,0,0,1.13333,1.5,0.0666667,0.0666667,0,0,1,0,0.074,134.467,96.5,0.489667,0.053,0.099,0.054,0.049,0.0996667,0.032,0.00833333
98.602,4535.02,272868,0,0,0.0298507,0.0895522,0.0149254,0.9801,4.22388,0.039801,0.00995025,4.45771,0.0248756,0,0.0348259,0,0,0,2.06965,3.72139,0.0199005,0.0199005,0,0,0.988159,0.0161692,0.0653731,140.01,149.925,0.63408,0.0334328,0.040995,0.0384577,0.00199005,0.0424876,0.0128358,0.00587065
12.5755,264.85,5542.49,0,0,0.000103599,0.0339598,2.07198e-05,0.997224,0.00636098,0.000331517,0,0.00238278,0.00232062,4.14396e-05,0.000663034,0,0,0.000911671,8.78934,11.7526,0.00105153,0.00122848,0.00223069,0.00295464,0.999658,0.000642521,0.102451,118.22,245.294,0.994414,0.000913122,0.0672136,0.0230127,0.00106893,0.000467853,0.0010592,0.00217185
244.75,194.5,3.06622e+07,0,0,0,58.25,0,0.75,0,0,0,0,0,0,0,0,0,0,1,1.5,0.25,0.25,0,0,1,0,0.25,119.25,191.5,0.75,0.0075,0.0125,0.025,0.1175,0.25,0.005,0
61.625,599.25,3.33149e+06,0,0,0,0.125,0,1,0,0.125,0,0,0,0,0,0,0,0,1,1,0,0,0,0,1,0,0,138,73.875,0.3125,0.0375,0.1325,0.0025,0.0025,0,0,0
39.5594,304.23,26378.1,0,0,0.00117495,0.0286688,0.00023499,0.998003,0.0582775,0.00140994,0.000117495,0.0370109,0.0254964,0.000587475,0.0023499,0,0,0,5.51874,8.08225,0.00501116,0.0046904,0.000411233,0.00124545,0.999554,0.000751968,0.119975,112.241,245.352,0.986984,0.00232875,0.0873399,0.0236917,0.00273528,0.00156268,0.00116085,0.00107978
52.3659,362.379,39996.5,0,0,0.00156495,0.0159103,0.000260824,0.997392,0.0761607,0.00260824,0.000260824,0.101461,0.0247783,0.000521648,0.00339071,0,0,0,4.29499,6.73057,0.00532864,0.00404799,0.000239958,0.001771,0.999361,0.000545123,0.133558,136.261,243.439,0.984606,0.00241002,0.0788185,0.0207799,0.00272561,0.00119718,0.00128326,0.000748565
399.015,3.35086e+06,78505.6,0,0,0,0,0,0,0,0,0,0,0,0,0,0,0,0,1.81538,1.81538,0.0307692,0.0307692,0,0,0.989846,0.0206154,0.0307692,138.938,61.1385,0.297692,0.0704615,0.286,0.0270769,0.00261538,0.0290769,0.0116923,0.000307692
517.71,715.513,119234,0,0,0.0102564,0.135897,0,0.994872,19.1846,0.0435897,0.0512821,20.9974,0.125641,0,0.0923077,0,0,0,4.36154,6.72308,0.00841026,0.00689744,0,0,1,0,0.0977179,66.2154,211.626,0.900026,0.00694872,0.121462,0.0345385,0.00779487,0.0132308,0.00320513,0.00358974
31.6667,195.333,1.3859e+07,0,0,0,2.66667,0,1,0,0.666667,0,0,0,0,0,0,0,0,1,11.3333,0,0,0,0,1,0,0.153333,31,255,1,0,0.04,0.04,0,0,0,0
0.0960291,1042.22,18.4142,0,0.000565146,0,1.14171e-05,0,0.0540428,0,1.14171e-05,1.14171e-05,0.000211216,0.000884824,0,0.000556583,0,0,0,128.641,128.686,1.52133e-05,2.83715e-05,5.95401e-05,8.64845e-05,0.998973,0.00191416,0.0281727,246.573,245.918,0.973823,0.00464199,0.939257,0.00108745,0.000491192,7.53528e-05,0.0014033,0.00030144
1.48107,261.382,9960.32,0,0,0.000140326,0.00203473,0,0.999263,0.00631468,0.000771794,3.50816e-05,0.00385897,0.00126294,0,0.000315734,0,0,0,7.65918,10.833,0.00208876,0.00198632,0.000132258,0.000517453,0.99983,0.000304157,0.123786,116.627,246.41,0.995486,0.000723031,0.0762059,0.0234124,0.00125662,0.00049465,0.000478863,0.000197509
0.287365,265.721,2301.09,0,0,2.6269e-05,0.0444472,9.63197e-05,0.999667,0.00145355,0.000507868,1.75127e-05,0.000542893,0.000341497,0.000122589,0.0122414,0,3.50253e-05,0.00221535,9.43112,12.4108,0.000750418,0.000839645,5.69162e-05,0.000476958,0.999736,0.000490618,0.094413,136.091,243.665,0.988774,0.00205879,0.0481716,0.0199531,0.000809874,0.000604888,0.00171659,0.000378011
282.634,297471,1327.49,0,0,0,0.108527,0,0.00310078,0,0,0,0,0,0,0,0,0,0,2.16744,2.27752,0.00435659,0.00435659,0,0.00339535,0.997426,0.00517829,0.00933333,38.8016,20.5814,0.815085,0.0388527,0.811054,0.0828527,0.0012093,0.00451163,0.00232558,0.000310078
20.7688,268.26,15829.2,0,0,0,0.00551262,0.000170493,0.999034,0.0248352,0.00142078,0.000113662,0.0146624,0.0226756,5.68311e-05,0.00221641,0,0,0,7.18464,10.057,0.00328882,0.002787,0.000198909,0.0007604,0.99983,0.000340987,0.110094,124.313,242.854,0.992608,0.00156399,0.0729382,0.0218055,0.00241362,0.0012895,0.00108377,0.000654126
375,4.72356e+07,149136,0,0,0,0,0,0,0,0,0,0,0,0,0,0,0,0,1,1,0,0,0,0,1,0,0,203.5,1.5,0.01,0.035,0.005,0,0,0,0,0
10882.3,238.281,843.315,0,0,0,0.00152672,0,0.103817,0.174046,0.00305344,0.00152672,0.108397,0.225954,0,0.00152672,0,0,0,1.03664,1.25649,0.0580153,0.0501069,0.0484427,0.0563511,0.992031,0.0143053,0.0350992,221.614,129.165,0.541908,0.127664,0.0366565,0.0120611,0.282947,0.320931,0.136122,0.0732977
1394.71,17328,1.63718e+06,0,0,0,0.174603,0,0.952381,4.69841,0.031746,0.015873,0.380952,0.0952381,0,0.047619,0,0,0,1.01587,1.01587,0,0,0,0,0.992063,0.015873,0.015873,124.762,37,0.253175,0.0692063,0.0365079,0.0707937,0.000634921,0.0568254,0.0277778,0.015873
