0,518.632,0,0,0,0,0,0,0,0,0,0,0,0,0,0,0,0,0,510.496,510.496,0,0,0,0,1,0,0,254.927,254.886,0.999787,1.08355e-05,0.999787,2.68516e-05,0,0,0.000194382,0
0.809413,1285.62,17.3622,0,0,0,0.00274474,0,0.0170968,0.00134235,1.27722e-06,2.55443e-06,3.95937e-05,0.000153266,0,8.81279e-05,0,0,0,498.863,498.875,3.7895e-05,3.82398e-05,0.000830254,0.000709251,0.999695,0.000554631,0.00480298,253.141,252.526,0.992471,0.00121573,0.978919,0.000258304,0.000116342,2.92355e-05,0.000882543,0.000324017
43.1883,303.103,24498.6,0,0,0.00114666,0.0277491,0.000229331,0.997707,0.0554982,0.00171999,0.000114666,0.0306158,0.0263731,0,0.00229331,0,0,0,5.81825,8.4128,0.00521041,0.00503841,0.00040133,0.00134962,0.999679,0.000504529,0.117313,109.386,245.249,0.986362,0.00249054,0.0895001,0.0241853,0.00272446,0.00193097,0.00126476,0.0010641
2831.33,5994.83,897288,0,0,0.0333333,0.6,0.0333333,0.9,24.3333,0.1,0,25.2333,0.1,0,0,0,0,0,1.13333,1.5,0.0666667,0.0666667,0,0,1,0,0.074,134.467,96.5,0.489667,0.053,0.099,0.054,0.049,0.0996667,0.032,0.00833333
0,53.1613,53.1088,0,0,0,0,0,0,0,0,0,0,0,0,0,0,0,0,488.357,488.462,0,0,0,0,0.999985,6.85431e-05,4.8126e-05,254.709,254.414,0.998935,0.000628555,0.86607,0,0,0,0,0
31.6667,195.333,1.3859e+07,0,0,0,2.66667,0,1,0,0.666667,0,0,0,0,0,0,0,0,1,11.3333,0,0,0,0,1,0,0.153333,31,255,1,0,0.04,0.04,0,0,0,0
1394.71,17328,1.63718e+06,0,0,0,0.174603,0,0.952381,4.69841,0.031746,0.015873,0.380952,0.0952381,0,0.047619,0,0,0,1.01587,1.01587,0,0,0,0,0.992063,0.015873,0.015873,124.762,37,0.253175,0.0692063,0.0365079,0.0707937,0.000634921,0.0568254,0.0277778,0.015873
14.9689,260.493,14777.3,0,0,0,0.0045901,0.000148068,0.99926,0.0211737,0.0012339,0.000148068,0.01303,0.0186565,4.93559e-05,0.00187552,0,0,0,7.30462,10.2572,0.00281674,0.00240807,0.000172746,0.000728493,0.999827,0.000345491,0.112874,124.069,242.138,0.992898,0.00143181,0.0726504,0.0217808,0.00222941,0.00101426,0.00102364,0.000650017
10.4202,263.888,4908.06,0,0,0.000141294,0.0296516,0,0.997537,0.00349199,0.000403698,0,0.00137257,0.000322958,8.07396e-05,0.000666101,0,0,0.000888135,8.69559,11.6204,0.000942433,0.00110553,0.00191413,0.00258165,0.9997,0.00057204,0.10215,113.638,244.918,0.994583,0.000878648,0.0687465,0.0238549,0.000960195,0.000496145,0.000958984,0.00181664
0.653927,1.87024,1.78071,1.38928e-05,0.00189251,0,1.23492e-05,7.10077e-05,0.00684916,0,0,0,3.08729e-06,0,0,0,0,3.08729e-06,6.94641e-05,175.108,11.141,0.275895,0.275535,0.670544,0.670404,0.119457,0.108005,0.0190688,247.317,14.6155,0.0709716,0.102145,0.0297708,0.00491112,0.275049,0.274998,0.666933,0.67059
61.625,599.25,3.33149e+06,0,0,0,0.125,0,1,0,0.125,0,0,0,0,0,0,0,0,1,1,0,0,0,0,1,0,0,138,73.875,0.3125,0.0375,0.1325,0.0025,0.0025,0,0,0
282.634,297471,1327.49,0,0,0,0.108527,0,0.00310078,0,0,0,0,0,0,0,0,0,0,2.16744,2.27752,0.00435659,0.00435659,0,0.00339535,0.997426,0.00517829,0.00933333,38.8016,20.5814,0.815085,0.0388527,0.811054,0.0828527,0.0012093,0.00451163,0.00232558,0.000310078
1113.25,1249.72,522638,0,0,0,0.150943,0,0.981132,0.0754717,0.0754717,0,0,0,0,0,0,0,0,1.26415,2.16981,0.0188679,0.0188679,0,0,0.990566,0.0188679,0.0120755,136.849,96.5849,0.422075,0.0301887,0.0328302,0.0326415,0.000566038,0.0462264,0.0166038,0.0143396
97.6305,4493.45,272089,0,0,0.0295567,0.08867,0.0147783,0.980296,4.18227,0.0394089,0.00985222,4.41379,0.0246305,0,0.0344828,0,0,0,2.09852,3.74384,0.0197044,0.0197044,0,0,0.988276,0.0160099,0.0656158,138.729,150.961,0.637685,0.0331034,0.0433498,0.0382759,0.00197044,0.042069,0.0127094,0.00581281
539.218,667.223,115062,0,0,0.00900901,0.119369,0.0045045,0.995495,17.7455,0.0427928,0.0495495,19.4392,0.11036,0,0.0878378,0,0,0,4.90991,7.16892,0.00844595,0.00711712,0,0,1,0,0.0986712,70.2005,212.556,0.90027,0.00709459,0.114775,0.0336486,0.00720721,0.0117117,0.00288288,0.00315315
0.0969018,1041.89,18.7777,0,0.000564609,0,1.14062e-05,0,0.0551606,0,1.14062e-05,1.14062e-05,0.000211016,0.000932461,0,0.000576016,0,0,0,128.497,128.542,1.51988e-05,2.83445e-05,6.09094e-05,8.78281e-05,0.99896,0.00193267,0.0285939,246.44,245.792,0.973469,0.00471549,0.93818,0.00109759,0.000496029,7.64219e-05,0.00142293,0.000308026
399.015,3.35086e+06,78505.6,0,0,0,0,0,0,0,0,0,0,0,0,0,0,0,0,1.81538,1.81538,0.0307692,0.0307692,0,0,0.989846,0.0206154,0.0307692,138.938,61.1385,0.297692,0.0704615,0.286,0.0270769,0.00261538,0.0290769,0.0116923,0.000307692
41.748,368.598,36784.3,0,0,0.0012728,0.0154858,0.000212134,0.997454,0.0507,0.00254561,0.000212134,0.0755197,0.0118795,0.00148494,0.00275774,0,0,0,4.35787,6.75138,0.00395206,0.00312473,0.000195163,0.00148706,0.999268,0.000867628,0.130991,138.217,243.977,0.986776,0.00215104,0.077658,0.0207022,0.00207467,0.0011137,0.00102249,0.000625795
1.08971,161.059,268.557,0,0,0,0.0135919,0.00173346,0.398474,0.000140351,5.41706e-05,0,8.61806e-05,0.00012804,9.84921e-06,0.000467837,0,2.95476e-05,0.00375255,5.95846,7.97498,0.000308182,0.000436566,0.000788946,0.00064143,0.996926,0.0053721,0.0645405,210.579,247.974,0.985295,0.00702519,0.0256067,0.00935128,0.00037033,0.000280087,0.00188728,0.000850307
244.75,194.5,3.06622e+07,0,0,0,58.25,0,0.75,0,0,0,0,0,0,0,0,0,0,1,1.5,0.25,0.25,0,0,1,0,0.25,119.25,191.5,0.75,0.0075,0.0125,0.025,0.1175,0.25,0.005,0
100.923,343.195,59898,0,0,0,0.0237374,0.000505051,0.99798,0.957071,0.0126263,0.00606061,0.998485,0.0782828,0,0.0176768,0,0,0,4.53636,6.98434,0.00667172,0.00579798,0.000712121,0.00109091,0.99899,0.00151515,0.126187,115.962,240.385,0.973591,0.0040202,0.078202,0.0251465,0.00413131,0.00206566,0.00203535,0.00150505
375,4.72356e+07,149136,0,0,0,0,0,0,0,0,0,0,0,0,0,0,0,0,1,1,0,0,0,0,1,0,0,203.5,1.5,0.01,0.035,0.005,0,0,0,0,0
0.278851,266.257,2050.07,0,0,2.46364e-05,0.0447726,9.03335e-05,0.999088,0.00119897,0.000451667,1.64243e-05,0.000443455,0.000271,9.85456e-05,0.0114641,0,3.28485e-05,0.00254576,9.76241,12.7519,0.000722257,0.000851516,0.000402641,0.000722175,0.999495,0.000858907,0.0940297,137.616,243.571,0.988882,0.001965,0.0459917,0.019663,0.000787954,0.000586593,0.00205591,0.000759787
10876.2,239.291,852.095,0,0,0,0.00152439,0,0.103659,0.17378,0.00304878,0.00152439,0.108232,0.22561,0,0.00152439,0,0,0,1.03659,1.2561,0.0579268,0.0500305,0.0498933,0.0577896,0.992043,0.0142835,0.0350457,221.311,128.98,0.541616,0.127607,0.0366616,0.0120427,0.282515,0.320442,0.136372,0.0745274
3.29131,263.026,8984.91,0,0,0.000123632,0.00769611,3.09081e-05,0.99898,0.00887062,0.000556345,0,0.0045744,0.00361625,0,0.000339989,0,0,0,8.18678,11.3274,0.00200192,0.00190517,0.000482166,0.000901898,0.999783,0.000381406,0.117456,121.752,247.343,0.995984,0.000660197,0.0715222,0.0226003,0.0012252,0.000475675,0.000538728,0.0005446
