97.6305,4493.45,272089,0,0,0.0295567,0.08867,0.0147783,0.980296,4.18227,0.0394089,0.00985222,4.41379,0.0246305,0,0.0344828,0,0,0,2.09852,3.74384,0.0197044,0.0197044,0,0,0.988276,0.0160099,0.0656158,138.729,150.961,0.637685,0.0331034,0.0433498,0.0382759,0.00197044,0.042069,0.0127094,0.00581281
9.9429,264.309,4833.18,0,0,0.000134313,0.0510198,0,0.99764,0.00331945,0.000383752,0,0.00138151,0.000307002,7.67504e-05,0.000671566,0,0,0.00180363,8.73003,11.6551,0.000929639,0.00109408,0.00181956,0.00247712,0.999619,0.000735652,0.101673,114.256,244.767,0.994116,0.000918894,0.0680317,0.0237746,0.00094921,0.000540706,0.000931942,0.00173245
399.015,3.35086e+06,78505.6,0,0,0,0,0,0,0,0,0,0,0,0,0,0,0,0,1.81538,1.81538,0.0307692,0.0307692,0,0,0.989846,0.0206154,0.0307692,138.938,61.1385,0.297692,0.0704615,0.286,0.0270769,0.00261538,0.0290769,0.0116923,0.000307692
375,4.72356e+07,149136,0,0,0,0,0,0,0,0,0,0,0,0,0,0,0,0,1,1,0,0,0,0,1,0,0,203.5,1.5,0.01,0.035,0.005,0,0,0,0,0
541.658,668.83,115187,0,0,0.00904977,0.11991,0.00452489,0.995475,17.8258,0.0429864,0.0497738,19.5271,0.11086,0,0.0882353,0,0,0,4.89593,7.15837,0.00848416,0.00714932,0,0,1,0,0.0987783,70.371,212.364,0.899819,0.0071267,0.115023,0.0336425,0.00723982,0.0117647,0.00289593,0.00316742
303.973,307371,1333.88,0,0,0,0.116861,0,0,0,0,0,0,0,0,0,0,0,0,2.06511,2.1419,0.000517529,0.000517529,0,0.00237062,0.997229,0.00557596,0.00859766,30.0017,17.8164,0.853506,0.0374791,0.852487,0.08798,0.000851419,0.00123539,0.00215359,0.00033389
0,518.632,0,0,0,0,0,0,0,0,0,0,0,0,0,0,0,0,0,510.484,510.485,0,0,0,0,1,0,0,254.927,254.886,0.999787,1.08351e-05,0.999787,2.68507e-05,0,0,0.000194376,0
1394.71,17328,1.63718e+06,0,0,0,0.174603,0,0.952381,4.69841,0.031746,0.015873,0.380952,0.0952381,0,0.047619,0,0,0,1.01587,1.01587,0,0,0,0,0.992063,0.015873,0.015873,124.762,37,0.253175,0.0692063,0.0365079,0.0707937,0.000634921,0.0568254,0.0277778,0.015873
23.7826,14226.5,442.126,0,0,0,0.00691521,0,0.44107,0.000601323,0,0,0,0.00240529,0,0.00240529,0,0,0,4.81149,5.34185,0.00439567,0.00406194,0.00993686,0.0105983,0.988097,0.0184366,0.241699,134.79,90.6858,0.477568,0.0598076,0.190598,0.0170265,0.00984366,0.00397474,0.0182471,0.00443175
31.6667,195.333,1.3859e+07,0,0,0,2.66667,0,1,0,0.666667,0,0,0,0,0,0,0,0,1,11.3333,0,0,0,0,1,0,0.153333,31,255,1,0,0.04,0.04,0,0,0,0
14.9774,256.681,14920.2,0,0,0,0.00506555,0.000148987,0.999354,0.0214541,0.00139054,0.000148987,0.0131108,0.0187723,4.96623e-05,0.00188717,0,0,0,7.30388,10.2139,0.00284664,0.00243643,0.000173818,0.000733015,0.999826,0.000347636,0.112795,124.072,242.221,0.993011,0.0014705,0.0729385,0.0218757,0.00221742,0.000990266,0.001029,0.00064114
61.625,599.25,3.33149e+06,0,0,0,0.125,0,1,0,0.125,0,0,0,0,0,0,0,0,1,1,0,0,0,0,1,0,0,138,73.875,0.3125,0.0375,0.1325,0.0025,0.0025,0,0,0
244.75,194.5,3.06622e+07,0,0,0,58.25,0,0.75,0,0,0,0,0,0,0,0,0,0,1,1.5,0.25,0.25,0,0,1,0,0.25,119.25,191.5,0.75,0.0075,0.0125,0.025,0.1175,0.25,0.005,0
94.2454,339.305,60128.4,0,0,0,0.0241273,0.000513347,0.997947,0.926078,0.0128337,0.00616016,0.971766,0.0616016,0,0.0169405,0,0,0,4.53747,6.97793,0.00678131,0.00589322,0.000723819,0.00110883,0.998973,0.00154004,0.12499,116.819,240.537,0.974127,0.00404517,0.0780749,0.0251283,0.0037423,0.00209959,0.00206366,0.0013809
3.28572,261.822,9024.17,0,0,0.000121959,0.00746997,3.04897e-05,0.998994,0.00887249,0.000548814,0,0.00451247,0.00356729,0,0.000365876,0,0,0,8.18239,11.3402,0.00199921,0.00190316,0.0004421,0.00085615,0.999786,0.000376242,0.117582,121.669,247.262,0.99591,0.000656138,0.0715477,0.0225776,0.00123331,0.000490274,0.000530825,0.000543936
308.395,60240.2,4194.46,0,0,0,0.940839,0,0.732009,0.467991,0.000441501,0.000441501,0.00309051,0,0.000441501,0,0,0,0,10.3695,11.3912,0.0100397,0.00992494,0.219501,0.219943,0.998375,0.0022649,0.045819,222.254,201.35,0.835148,0.0168653,0.120605,0.0184812,0.00309051,0.00405298,0.092777,0.0914746
0,53.1548,53.0761,0,0,0,0,0,0,0,0,0,0,0,0,0,0,0,0,490.737,490.77,0,0,0,0,1,5.30191e-05,4.27099e-05,254.773,254.494,0.999013,0.000611193,0.8677,0,0,0,0,0
25.6769,244.183,37038.8,0,0,0.0013018,0.0151877,0.000216967,0.999132,0.0696463,0.00238663,0,0.0939466,0.019744,0.0013018,0.0032545,0,0,0,4.38598,6.78238,0.00382512,0.00297895,0.000199609,0.00151009,0.99936,0.000670427,0.132565,139.316,244.247,0.987355,0.00191148,0.0756086,0.0206726,0.00229768,0.00113257,0.00104795,0.000702972
0.279286,266.166,1922.15,0,0,2.25844e-05,0.0386419,8.28095e-05,0.999134,0.00111416,0.00044416,1.50563e-05,0.000383935,0.000308654,0.00012045,0.0104942,0,3.01125e-05,0.00304137,9.83459,12.8024,0.000733165,0.000867166,0.000369105,0.000696729,0.999481,0.000886664,0.0935297,137.176,243.499,0.988124,0.00208575,0.0458976,0.0197381,0.000805134,0.000573493,0.00211533,0.000749577
36.394,261.693,24779.9,0,0,0.00117398,0.0273538,0.000234797,0.998826,0.0557643,0.00140878,0.000117398,0.0313454,0.0270016,0,0.00223057,0,0,0,5.70838,8.31815,0.00427213,0.00409603,0.000410895,0.00138765,0.999613,0.000633952,0.116873,108.999,245.592,0.986686,0.00227518,0.0901221,0.0241442,0.00241371,0.00116224,0.00128669,0.00108946
1113.25,1249.72,522638,0,0,0,0.150943,0,0.981132,0.0754717,0.0754717,0,0,0,0,0,0,0,0,1.26415,2.16981,0.0188679,0.0188679,0,0,0.990566,0.0188679,0.0120755,136.849,96.5849,0.422075,0.0301887,0.0328302,0.0326415,0.000566038,0.0462264,0.0166038,0.0143396
10871.2,189.873,841.127,0,0,0,0.00152672,0,0.103817,0.174046,0.00305344,0.00152672,0.108397,0.225954,0,0.00152672,0,0,0,1.03664,1.25649,0.0580153,0.0501069,0.0499695,0.0578779,0.992031,0.0143053,0.0350992,221.353,129.174,0.542427,0.127756,0.0367023,0.0120611,0.282947,0.320931,0.13658,0.0746412
0.826987,61.9261,92.2378,8.63139e-06,0.00117579,0,0.00446626,0.000719282,0.147496,5.27474e-05,1.72628e-05,0,4.21979e-05,7.28873e-05,0,0.00020044,0,1.34266e-05,0.00136664,110.994,9.87357,0.171519,0.171343,0.416907,0.416756,0.451656,0.0693488,0.0363635,234.249,102.698,0.416094,0.0663235,0.0281966,0.00646673,0.171024,0.170956,0.415085,0.416958
2831.33,5994.83,897288,0,0,0.0333333,0.6,0.0333333,0.9,24.3333,0.1,0,25.2333,0.1,0,0,0,0,0,1.13333,1.5,0.0666667,0.0666667,0,0,1,0,0.074,134.467,96.5,0.489667,0.053,0.099,0.054,0.049,0.0996667,0.032,0.00833333
0.0577022,1061.92,8.43725,0,0.000175881,0,5.32972e-06,0,0.02527,0,4.44144e-06,5.32972e-06,8.61639e-05,0.000361533,0,0.000216742,0,0,0,386.942,386.961,8.05677e-06,1.35641e-05,0.000125506,4.80208e-05,0.999587,0.000764877,0.0109413,251.727,251.344,0.989483,0.00195443,0.972,0.000391752,0.000195521,2.98553e-05,0.000793223,0.000118435
