3.56169,599.399,593.351,3.01702e-06,0.00047736,1.13976e-05,0.00514771,0.000258458,0.147005,0.00399454,7.27438e-05,1.54203e-05,0.00370692,0.000563513,9.38629e-06,0.000684194,0,6.03405e-06,0.000644637,280.524,245.438,0.0600941,0.0600349,0.146018,0.145978,0.808123,0.0246171,0.0257815,235.565,199.193,0.79028,0.0241695,0.567645,0.00426096,0.0600239,0.0598998,0.145675,0.145959
402.623,2.70195e+06,63953.8,0,0,0,0,0,0,0,0,0,0,0,0,0,0,0,0,1.85246,1.85246,0.0163934,0.0163934,0,0,0.98918,0.0219672,0.0327869,132.951,58.7541,0.292951,0.0732787,0.281148,0.0288525,0.00196721,0.0142623,0.012459,0.000327869
317,6.28256e+07,90476,0,0,0,0,0,0,0,0,0,0,0,0,0,0,0,0,1,1,0,0,0,0,1,0,0,152,1,0.01,0.05,0.01,0,0,0,0,0
244.75,194.5,3.06622e+07,0,0,0,58.25,0,0.75,0,0,0,0,0,0,0,0,0,0,1,1.5,0.25,0.25,0,0,1,0,0.25,119.25,191.5,0.75,0.0075,0.0125,0.025,0.1175,0.25,0.005,0
46,188,1.7304e+07,0,0,0,7,0,1,0,1,0,0,0,0,0,0,0,0,1,8,0,0,0,0,1,0,0.38,15,255,1,0,0.07,0.04,0,0,0,0
1494.41,15017.6,1.80031e+06,0,0,0,0.189189,0,0.945946,4,0.0540541,0.0135135,0.324324,0.0810811,0,0.0405405,0,0,0,1.01351,1.04054,0,0,0,0,0.993243,0.0135135,0.027027,123.392,43.1892,0.275135,0.0656757,0.0485135,0.0610811,0.000810811,0.0483784,0.0236486,0.0135135
301.833,1.43786e+07,234913,0,0,0,0,0,0,0,0,0,0,0,0,0,0,0,0,1.16667,1.16667,0.166667,0.166667,0,0,1,0,0,206.5,66.5,0.266667,0.0383333,0.258333,0,0.00833333,0.17,0,0
24.5,199,1.21365e+07,0,0,0,0.5,0,1,0,0.5,0,0,0,0,0,0,0,0,1,13,0,0,0,0,1,0,0.04,39,255,1,0,0.025,0.04,0,0,0,0
283.608,295270,1702.29,0,0,0,0.108527,0,0.00310078,0,0,0,0,0,0,0,0,0,0,2.16744,2.27752,0.00435659,0.00435659,0,0.00339535,0.997426,0.00517829,0.00933333,38.8341,20.5736,0.814946,0.0388217,0.810899,0.0828527,0.0012093,0.00451163,0.00232558,0.000310078
548.557,3233.73,373279,0,0,0.0243902,0.160279,0.0139373,0.979094,8.43554,0.0522648,0.0139373,8.96516,0.0278746,0,0.0452962,0,0,0,1.86411,3.22648,0.0243902,0.0243902,0,0,0.989965,0.0148084,0.052892,137.328,135.676,0.584913,0.0342509,0.0519512,0.0395122,0.00662021,0.0487108,0.0155401,0.00763066
