0.572396,1.82208,1.73185,1.39053e-05,0.00188494,0,1.08152e-05,6.64365e-05,0.00672862,0,0,0,3.09007e-06,0,0,0,0,3.09007e-06,6.48914e-05,175.232,11.1033,0.276143,0.275781,0.671131,0.670998,0.118689,0.108066,0.0189889,247.357,14.4551,0.0702992,0.10221,0.0296879,0.00489865,0.275296,0.275245,0.667515,0.671185
2428,5172.03,866810,0,0,0.0285714,0.514286,0.0285714,0.914286,20.8571,0.0857143,0,21.6286,0.0857143,0,0,0,0,0,1.11429,1.77143,0.0571429,0.0571429,0,0,1,0,0.0677143,127.6,113.657,0.537429,0.0465714,0.088,0.0494286,0.042,0.108571,0.0274286,0.00714286
10876.2,239.291,852.095,0,0,0,0.00152439,0,0.103659,0.17378,0.00304878,0.00152439,0.108232,0.22561,0,0.00152439,0,0,0,1.03659,1.2561,0.0579268,0.0500305,0.0498933,0.0577896,0.992043,0.0142835,0.0350457,221.311,128.98,0.541616,0.127607,0.0366616,0.0120427,0.282515,0.320442,0.136372,0.0745274
31.6667,195.333,1.3859e+07,0,0,0,2.66667,0,1,0,0.666667,0,0,0,0,0,0,0,0,1,11.3333,0,0,0,0,1,0,0.153333,31,255,1,0,0.04,0.04,0,0,0,0
1.00472,1529.41,18.4084,0,0,0,0.00284223,0,0.0198918,0.00134497,2.55941e-06,2.55941e-06,4.60694e-05,0.000180439,0,0.000103656,0,0,0,496.998,497.013,4.33181e-05,4.44058e-05,0.000832513,0.000714959,0.999651,0.000634466,0.00626967,252.555,251.917,0.991152,0.00144901,0.975823,0.000364704,0.000140256,3.63821e-05,0.000938588,0.000337625
1394.71,17328,1.63718e+06,0,0,0,0.174603,0,0.952381,4.69841,0.031746,0.015873,0.380952,0.0952381,0,0.047619,0,0,0,1.01587,1.01587,0,0,0,0,0.992063,0.015873,0.015873,124.762,37,0.253175,0.0692063,0.0365079,0.0707937,0.000634921,0.0568254,0.0277778,0.015873
40.7529,365.743,36296.4,0,0,0.00124044,0.015092,0.00020674,0.997519,0.0494108,0.00248088,0.00020674,0.0735993,0.0115774,0.00144718,0.00268762,0,0,0,4.42961,6.8375,0.00391979,0.00308042,0.000190201,0.00151747,0.999183,0.00105231,0.129752,137.458,243.933,0.98632,0.00212735,0.0773868,0.0207484,0.00204466,0.00109159,0.000996485,0.000609882
399.015,3.35086e+06,78505.6,0,0,0,0,0,0,0,0,0,0,0,0,0,0,0,0,1.81538,1.81538,0.0307692,0.0307692,0,0,0.989846,0.0206154,0.0307692,138.938,61.1385,0.297692,0.0704615,0.286,0.0270769,0.00261538,0.0290769,0.0116923,0.000307692
244.75,194.5,3.06622e+07,0,0,0,58.25,0,0.75,0,0,0,0,0,0,0,0,0,0,1,1.5,0.25,0.25,0,0,1,0,0.25,119.25,191.5,0.75,0.0075,0.0125,0.025,0.1175,0.25,0.005,0
0,523.312,0,0,0,0,0,0,0,0,0,0,0,0,0,0,0,0,0,510.676,510.677,0,0,0,0,1,0,0,254.998,254.998,1,0,1,0,0,0,0,0
96.868,472.837,59387.6,0,0,0,0.0227273,0.000483559,0.997582,0.916344,0.012089,0.00580271,0.955996,0.0749516,0,0.0169246,0,0,0,4.43907,6.85155,0.00638781,0.00555126,0.000681818,0.00104449,0.999033,0.00145068,0.127466,118.053,240.872,0.974241,0.00390232,0.0789313,0.0246277,0.00405706,0.00198259,0.00194874,0.00144101
1.224,160.406,264.617,0,1.48163e-05,0,0.0136334,0.00174585,0.395511,0.000140755,5.43264e-05,0,8.64283e-05,0.000125938,9.87752e-06,0.000469182,0,2.96326e-05,0.00377074,5.98476,8.01763,0.000305734,0.000434808,0.000816574,0.000655694,0.996879,0.00544486,0.0644464,211.021,247.912,0.985025,0.00708267,0.0256326,0.00929581,0.000368851,0.000281089,0.00192076,0.000866283
1285.55,48823.6,491843,0,0,0,0.150943,0,0.924528,0.0754717,0.0754717,0,0,0,0,0,0,0,0,1.26415,1.9434,0.0377358,0.0377358,0,0,0.990566,0.0188679,0.00924528,135.642,76.6415,0.352075,0.0392453,0.0332075,0.040566,0.000943396,0.0498113,0.0183019,0.0143396
4.69809,263.327,8863.83,0,0,0.000122231,0.00760886,3.05577e-05,0.998778,0.00867838,0.000550038,0,0.00452254,0.00357525,0,0.00039725,0,0,0,8.17403,11.3032,0.00167181,0.00166509,0.00073644,0.00115661,0.999771,0.000407639,0.117059,121.419,247.24,0.995789,0.000711688,0.0715832,0.0227059,0.00114958,0.000470283,0.000621849,0.000748052
375,4.72356e+07,149136,0,0,0,0,0,0,0,0,0,0,0,0,0,0,0,0,1,1,0,0,0,0,1,0,0,203.5,1.5,0.01,0.035,0.005,0,0,0,0,0
0.0903393,1035.68,16.7456,0,0.000566409,0,5.7213e-06,0,0.0492747,0,8.58195e-06,1.14426e-05,0.000197385,0.000878219,0,0.000543523,0,0,0,130.422,130.462,1.13282e-05,2.28566e-05,5.96731e-05,8.47038e-05,0.999048,0.00177234,0.0254925,247.302,246.671,0.975932,0.00428951,0.944374,0.00101848,0.000448721,6.91705e-05,0.00131081,0.00028083
0.264327,265.981,2010.22,0,0,2.47799e-05,0.0352039,9.08595e-05,0.999091,0.00120595,0.000454298,1.65199e-05,0.000412998,0.000272579,9.91195e-05,0.0115144,0,3.30398e-05,0.00214759,9.78206,12.768,0.000725637,0.000856971,0.000404986,0.000719607,0.999534,0.000781309,0.0941848,137.357,243.658,0.989134,0.00194043,0.0459254,0.0197082,0.000784861,0.000564403,0.00205912,0.000761816
590.928,2121.15,115056,0,0,0.00898876,0.119101,0.00449438,0.993258,17.7056,0.0426966,0.0494382,19.3955,0.110112,0,0.0876404,0,0,0,4.90112,7.15506,0.00842697,0.00710112,0,0,1,0,0.0984494,70.0629,212.094,0.9,0.00757303,0.114764,0.033573,0.00719101,0.0116854,0.0028764,0.00314607
9.23507,264.709,4797.92,0,0,0.000137425,0.0522017,0,0.997762,0.00339635,0.000392642,0,0.00141351,0.000314114,7.85284e-05,0.000647859,0,0,0.00184542,8.77745,11.7039,0.000930365,0.00109154,0.00169484,0.00235781,0.99963,0.00071343,0.101216,114.449,244.778,0.994202,0.00089542,0.0679019,0.0237238,0.000963936,0.000548324,0.000896205,0.00163751
98.7,3122.86,270341,0,0,0.03,0.09,0.015,0.985,4.245,0.04,0.01,4.48,0.025,0,0.035,0,0,0,2.115,3.785,0.015,0.015,0,0,0.9881,0.01625,0.0666,139.525,153.12,0.64575,0.0324,0.0436,0.0362,0.0019,0.0377,0.01245,0.0059
45.0922,323.871,24138.6,0,0,0.00112309,0.0271788,0.000224618,0.997642,0.0558176,0.00168464,0.000112309,0.0300988,0.0280773,0,0.00224618,0,0,0,5.81076,8.39005,0.00509322,0.00499888,0.000393082,0.00139151,0.999686,0.00049416,0.117584,108.018,244.836,0.986386,0.00255166,0.0907615,0.0245013,0.00269317,0.00190701,0.00132412,0.0010748
13.5911,259.91,14593.3,0,0,0,0.00453283,0.00014622,0.999171,0.0204221,0.0012185,0.00014622,0.0128186,0.0174489,4.87401e-05,0.00185212,0,0,0,7.31296,10.2866,0.00331189,0.00275771,0.00017059,0.000689185,0.999829,0.00034118,0.113103,124.387,242.357,0.993066,0.00137691,0.0719603,0.0216382,0.00228883,0.00100453,0.000973827,0.000628747
0,53.1613,53.1088,0,0,0,0,0,0,0,0,0,0,0,0,0,0,0,0,488.357,488.462,0,0,0,0,0.999985,6.85431e-05,4.8126e-05,254.709,254.414,0.998935,0.000628555,0.86607,0,0,0,0,0
0,508.103,0,0,0,0,0,0,0,0,0,0,0,0,0,0,0,0,0,509.038,509.038,0,0,0,0,1,0,0,254.38,254.024,0.998147,9.42513e-05,0.998147,0.000233566,0,0,0.00169081,0
61.625,599.25,3.33149e+06,0,0,0,0.125,0,1,0,0.125,0,0,0,0,0,0,0,0,1,1,0,0,0,0,1,0,0,138,73.875,0.3125,0.0375,0.1325,0.0025,0.0025,0,0,0
