0.183846,1123.55,27.9287,0,0.000544982,0,1.65146e-05,0,0.0835886,0,1.37622e-05,1.65146e-05,0.000302768,0.00125236,0,0.000754166,0,0,0,123.653,123.708,2.51572e-05,4.37362e-05,0.000391644,0.000150173,0.998442,0.00290759,0.0362508,243.943,242.727,0.964107,0.00653339,0.906536,0.00136292,0.000642473,0.00010239,0.00254149,0.00039624
11.4451,264.409,5996.13,0,0,5.70841e-05,0.0313773,1.9028e-05,0.997412,0.00605092,0.000418617,0,0.0021692,0.00213114,3.80561e-05,0.000665982,0,0,0.000837234,8.80336,11.7845,0.00109069,0.0012627,0.00202953,0.00272786,0.999676,0.000609088,0.103924,118.168,245.417,0.994489,0.000857023,0.0690574,0.0230591,0.00101743,0.000460669,0.000974236,0.00196864
2831.33,5994.83,897288,0,0,0.0333333,0.6,0.0333333,0.9,24.3333,0.1,0,25.2333,0.1,0,0,0,0,0,1.13333,1.5,0.0666667,0.0666667,0,0,1,0,0.074,134.467,96.5,0.489667,0.053,0.099,0.054,0.049,0.0996667,0.032,0.00833333
375,4.72356e+07,149136,0,0,0,0,0,0,0,0,0,0,0,0,0,0,0,0,1,1,0,0,0,0,1,0,0,203.5,1.5,0.01,0.035,0.005,0,0,0,0,0
31.9098,248.144,33219.3,0,0,0.00185001,0.0119539,0.000142308,0.999004,0.0671695,0.00256155,0,0.0836772,0.0153693,0.000853849,0.00241924,0,0,0,4.70386,7.1443,0.00392628,0.00339121,0.000273232,0.00143874,0.999438,0.000724349,0.133388,129.676,245.476,0.988033,0.0021702,0.0777658,0.0214729,0.00207201,0.0010787,0.0011712,0.000859542
10877.4,188.786,832.317,0,0,0,0.00152905,0,0.103976,0.174312,0.0030581,0.00152905,0.108563,0.2263,0,0.00152905,0,0,0,1.0367,1.25688,0.058104,0.0501835,0.0485168,0.0564373,0.992018,0.0143272,0.0351529,221.656,129.359,0.542722,0.127813,0.0366972,0.0120795,0.283379,0.321422,0.13633,0.0734098
1394.71,17328,1.63718e+06,0,0,0,0.174603,0,0.952381,4.69841,0.031746,0.015873,0.380952,0.0952381,0,0.047619,0,0,0,1.01587,1.01587,0,0,0,0,0.992063,0.015873,0.015873,124.762,37,0.253175,0.0692063,0.0365079,0.0707937,0.000634921,0.0568254,0.0277778,0.015873
303.973,307371,1333.88,0,0,0,0.116861,0,0,0,0,0,0,0,0,0,0,0,0,2.06511,2.1419,0.000517529,0.000517529,0,0.00237062,0.997229,0.00557596,0.00859766,30.0017,17.8164,0.853506,0.0374791,0.852487,0.08798,0.000851419,0.00123539,0.00215359,0.00033389
308.938,60280.5,4201.45,0,0,0,0.942503,0,0.731977,0.468819,0.000442282,0.000442282,0.00309598,0,0.000442282,0,0,0,0,10.3773,11.4003,0.0100575,0.0099425,0.219889,0.220332,0.998372,0.00226891,0.0454578,222.269,201.446,0.83548,0.016851,0.120557,0.0185095,0.00309598,0.00405573,0.0929368,0.0916276
0,1031.86,0,0,0,0,0,0,0,0,0,0,0,0,0,0,0,0,0,510.362,510.365,0,0,0,0,1,0,0,254.923,254.834,0.99962,4.82427e-05,0.999622,0,0,0,3.39645e-06,0
24.3245,14414.5,451.784,0,0,0,0.00707475,0,0.449708,0.000615195,0,0,0,0.00246078,0,0.00246078,0,0,0,4.89203,5.43156,0.00449708,0.00415564,0.0101661,0.0108428,0.987976,0.0185543,0.245851,135.298,91.6758,0.482439,0.0595694,0.189754,0.016681,0.0100369,0.00406337,0.0184559,0.00451553
244.75,194.5,3.06622e+07,0,0,0,58.25,0,0.75,0,0,0,0,0,0,0,0,0,0,1,1.5,0.25,0.25,0,0,1,0,0.25,119.25,191.5,0.75,0.0075,0.0125,0.025,0.1175,0.25,0.005,0
1113.25,1249.72,522638,0,0,0,0.150943,0,0.981132,0.0754717,0.0754717,0,0,0,0,0,0,0,0,1.26415,2.16981,0.0188679,0.0188679,0,0,0.990566,0.0188679,0.0120755,136.849,96.5849,0.422075,0.0301887,0.0328302,0.0326415,0.000566038,0.0462264,0.0166038,0.0143396
31.7571,262.725,20233,0,0,0.000253915,0.0209903,0.000169276,0.998984,0.0384257,0.00101566,0.000169276,0.00964875,0.0387643,8.46382e-05,0.00203132,0,0,0,6.584,9.32129,0.00355311,0.00343208,0.000296234,0.00127296,0.999636,0.000626322,0.10955,108.519,244.7,0.988754,0.00203555,0.0908862,0.0247499,0.00279898,0.00145154,0.00103259,0.000805755
0.340661,265.707,2193.05,0,0,5.17924e-05,0.040546,8.1388e-05,0.99912,0.00123562,0.000451334,1.47978e-05,0.000466131,0.000288558,0.000103585,0.0103659,0,2.95956e-05,0.00229366,9.68122,12.6582,0.000736044,0.000865081,0.000377566,0.000699493,0.999538,0.00078865,0.0944843,134.794,243.772,0.989648,0.00182975,0.047871,0.0201798,0.000788798,0.000579927,0.00189249,0.000700233
0,53.1548,53.0761,0,0,0,0,0,0,0,0,0,0,0,0,0,0,0,0,490.737,490.77,0,0,0,0,1,5.30191e-05,4.27099e-05,254.773,254.494,0.999013,0.000611193,0.8677,0,0,0,0,0
0,518.632,0,0,0,0,0,0,0,0,0,0,0,0,0,0,0,0,0,510.483,510.483,0,0,0,0,1,0,0,254.927,254.886,0.999787,1.08351e-05,0.999787,2.68506e-05,0,0,0.000194375,0
0.822726,62.6001,103.164,8.55428e-06,0.00116528,0,0.00525423,0.000712857,0.156122,5.41771e-05,2.09105e-05,0,3.04152e-05,3.42171e-05,3.8019e-06,0.000170135,0,1.33067e-05,0.0014913,110.12,9.93475,0.169996,0.169822,0.413181,0.413038,0.456638,0.0685667,0.0362667,233.374,104.335,0.422425,0.0655762,0.0281882,0.00660081,0.169495,0.169433,0.411377,0.41323
31.6667,195.333,1.3859e+07,0,0,0,2.66667,0,1,0,0.666667,0,0,0,0,0,0,0,0,1,11.3333,0,0,0,0,1,0,0.153333,31,255,1,0,0.04,0.04,0,0,0,0
97.6305,4493.45,272089,0,0,0.0295567,0.08867,0.0147783,0.980296,4.18227,0.0394089,0.00985222,4.41379,0.0246305,0,0.0344828,0,0,0,2.09852,3.74384,0.0197044,0.0197044,0,0,0.988276,0.0160099,0.0656158,138.729,150.961,0.637685,0.0331034,0.0433498,0.0382759,0.00197044,0.042069,0.0127094,0.00581281
399.015,3.35086e+06,78505.6,0,0,0,0,0,0,0,0,0,0,0,0,0,0,0,0,1.81538,1.81538,0.0307692,0.0307692,0,0,0.989846,0.0206154,0.0307692,138.938,61.1385,0.297692,0.0704615,0.286,0.0270769,0.00261538,0.0290769,0.0116923,0.000307692
87.8534,329.666,58046.3,0,0,0,0.0206321,0.000438982,0.998244,0.832309,0.0109745,0.00526778,0.867867,0.0680421,0,0.0153644,0,0,0,4.5338,6.94425,0.00584723,0.0050878,0.000618964,0.0009482,0.999122,0.00131694,0.125632,114.756,240.756,0.975773,0.00352063,0.0820105,0.0253468,0.00389816,0.00182177,0.00177349,0.00130817
529.701,660.633,114557,0,0,0.00884956,0.117257,0.00442478,0.995575,17.4314,0.0420354,0.0486726,19.0951,0.108407,0,0.0862832,0,0,0,4.90265,7.25442,0.00829646,0.00699115,0,0,1,0,0.099115,69.7212,212.752,0.900111,0.00705752,0.113783,0.0335398,0.00710177,0.0115044,0.00283186,0.00309735
61.625,599.25,3.33149e+06,0,0,0,0.125,0,1,0,0.125,0,0,0,0,0,0,0,0,1,1,0,0,0,0,1,0,0,138,73.875,0.3125,0.0375,0.1325,0.0025,0.0025,0,0,0
4.13382,257.635,11732.9,0,0,0.000126012,0.00346533,9.4509e-05,0.99937,0.0105535,0.000976593,6.3006e-05,0.00853732,0.00355984,0,0.0010711,0,0,0,7.34433,10.4422,0.00272564,0.00229342,0.000131368,0.000497433,0.999832,0.000304634,0.121679,123.478,244.787,0.995018,0.000957691,0.0707526,0.0219787,0.00161169,0.000634471,0.000776549,0.000400718
