0,1031.86,0,0,0,0,0,0,0,0,0,0,0,0,0,0,0,0,0,510.3,510.303,0,0,0,0,1,0,0,254.923,254.834,0.99962,4.82286e-05,0.999622,0,0,0,3.39546e-06,0
0.233128,1228.44,30.3381,0,0.000542368,0,1.91746e-05,0,0.0852421,0,1.36962e-05,1.64354e-05,0.000287619,0.00123265,0,0.000745071,0,0,0,122.91,122.969,4.12802e-05,5.53599e-05,0.000433319,0.000194595,0.998402,0.00295045,0.0374522,243.364,241.869,0.96139,0.00681578,0.902766,0.00144481,0.000704777,0.000116856,0.00266042,0.000418472
1113.25,1249.72,522638,0,0,0,0.150943,0,0.981132,0.0754717,0.0754717,0,0,0,0,0,0,0,0,1.26415,2.16981,0.0188679,0.0188679,0,0,0.990566,0.0188679,0.0120755,136.849,96.5849,0.422075,0.0301887,0.0328302,0.0326415,0.000566038,0.0462264,0.0166038,0.0143396
0.282223,266.053,1848.02,0,0,2.29456e-05,0.0393594,8.41339e-05,0.999151,0.00110904,0.000435966,1.52971e-05,0.000351833,0.000305941,0.000122377,0.010815,0,3.05941e-05,0.00311295,9.91808,12.8693,0.000734106,0.000871551,0.000375008,0.000702212,0.999478,0.000890748,0.0937883,136.386,243.884,0.989121,0.00187955,0.046105,0.0199314,0.000788564,0.000550847,0.00192835,0.000719192
0,53.1508,53.0784,0,0,0,0,0,0,0,0,0,0,0,0,0,0,0,0,490.872,490.905,0,0,0,0,1,5.30504e-05,4.2735e-05,254.781,254.506,0.99903,0.00061008,0.867725,0,0,0,0,0
8.18897,265.107,4635.65,0,0,0.000125859,0.0478622,0,0.997932,0.00316444,0.000395555,0,0.00138444,0.000305656,7.19192e-05,0.000647272,0,0,0.0016901,8.67741,11.6792,0.000901866,0.00103456,0.00149826,0.00212917,0.999632,0.000713079,0.100549,117.247,244.007,0.991875,0.00139541,0.065714,0.0230988,0.000975404,0.000589557,0.00134669,0.00155094
41.5621,286.829,24403.6,0,0,0.0011325,0.0274066,0.000226501,0.997961,0.0560589,0.00169875,0.00011325,0.0303511,0.0281993,0,0.00226501,0,0,0,5.80091,8.37928,0.00503284,0.00486297,0.000396376,0.00141223,0.999683,0.000498301,0.117234,109.304,245.302,0.986519,0.00252661,0.0893647,0.0242095,0.00270328,0.00182786,0.00132729,0.00108381
375,4.72356e+07,149136,0,0,0,0,0,0,0,0,0,0,0,0,0,0,0,0,1,1,0,0,0,0,1,0,0,203.5,1.5,0.01,0.035,0.005,0,0,0,0,0
97.6305,4493.45,272089,0,0,0.0295567,0.08867,0.0147783,0.980296,4.18227,0.0394089,0.00985222,4.41379,0.0246305,0,0.0344828,0,0,0,2.09852,3.74384,0.0197044,0.0197044,0,0,0.988276,0.0160099,0.0656158,138.729,150.961,0.637685,0.0331034,0.0433498,0.0382759,0.00197044,0.042069,0.0127094,0.00581281
0.829289,60.1845,89.5266,8.67166e-06,0.00118127,0,0.00446976,0.000722639,0.14409,5.29935e-05,1.73433e-05,0,3.46867e-05,3.66137e-05,0,0.000159944,0,1.34893e-05,0.00137012,111.482,9.87887,0.172317,0.17214,0.418851,0.4187,0.449176,0.0695191,0.0356744,234.792,102.28,0.414224,0.0665017,0.0280092,0.00639874,0.171812,0.171751,0.416999,0.418896
244.75,194.5,3.06622e+07,0,0,0,58.25,0,0.75,0,0,0,0,0,0,0,0,0,0,1,1.5,0.25,0.25,0,0,1,0,0.25,119.25,191.5,0.75,0.0075,0.0125,0.025,0.1175,0.25,0.005,0
31.6667,195.333,1.3859e+07,0,0,0,2.66667,0,1,0,0.666667,0,0,0,0,0,0,0,0,1,11.3333,0,0,0,0,1,0,0.153333,31,255,1,0,0.04,0.04,0,0,0,0
539.218,667.223,115062,0,0,0.00900901,0.119369,0.0045045,0.995495,17.7455,0.0427928,0.0495495,19.4392,0.11036,0,0.0878378,0,0,0,4.90991,7.16892,0.00844595,0.00711712,0,0,1,0,0.0986712,70.2005,212.556,0.90027,0.00709459,0.114775,0.0336486,0.00720721,0.0117117,0.00288288,0.00315315
303.973,307371,1333.88,0,0,0,0.116861,0,0,0,0,0,0,0,0,0,0,0,0,2.06511,2.1419,0.000517529,0.000517529,0,0.00237062,0.997229,0.00557596,0.00859766,30.0017,17.8164,0.853506,0.0374791,0.852487,0.08798,0.000851419,0.00123539,0.00215359,0.00033389
21.7832,241.865,36660.1,0,0,0.00127796,0.0149095,0.000212993,0.999148,0.0489883,0.00234292,0,0.0743344,0.0119276,0.00127796,0.0027689,0,0,0,4.38062,6.79255,0.00396805,0.00313738,0.000195953,0.00149308,0.999265,0.00087114,0.131531,137.865,244.294,0.98715,0.00192545,0.0776976,0.0208328,0.00208307,0.00111821,0.00102662,0.000628328
10871.2,189.873,841.127,0,0,0,0.00152672,0,0.103817,0.174046,0.00305344,0.00152672,0.108397,0.225954,0,0.00152672,0,0,0,1.03664,1.25649,0.0580153,0.0501069,0.0499695,0.0578779,0.992031,0.0143053,0.0350992,221.353,129.174,0.542427,0.127756,0.0367023,0.0120611,0.282947,0.320931,0.13658,0.0746412
0,518.632,0,0,0,0,0,0,0,0,0,0,0,0,0,0,0,0,0,510.483,510.483,0,0,0,0,1,0,0,254.927,254.886,0.999787,1.08351e-05,0.999787,2.68506e-05,0,0,0.000194375,0
2831.33,5994.83,897288,0,0,0.0333333,0.6,0.0333333,0.9,24.3333,0.1,0,25.2333,0.1,0,0,0,0,0,1.13333,1.5,0.0666667,0.0666667,0,0,1,0,0.074,134.467,96.5,0.489667,0.053,0.099,0.054,0.049,0.0996667,0.032,0.00833333
61.625,599.25,3.33149e+06,0,0,0,0.125,0,1,0,0.125,0,0,0,0,0,0,0,0,1,1,0,0,0,0,1,0,0,138,73.875,0.3125,0.0375,0.1325,0.0025,0.0025,0,0,0
99.1225,340.679,59685.2,0,0,0,0.0233135,0.000496032,0.998016,0.93998,0.0124008,0.00595238,0.980655,0.0768849,0,0.0173611,0,0,0,4.48512,6.91369,0.00655258,0.00569444,0.000699405,0.00107143,0.999008,0.0014881,0.125789,117.645,240.646,0.974063,0.00394841,0.0777927,0.0247867,0.0040625,0.00203373,0.00199901,0.00147817
1394.71,17328,1.63718e+06,0,0,0,0.174603,0,0.952381,4.69841,0.031746,0.015873,0.380952,0.0952381,0,0.047619,0,0,0,1.01587,1.01587,0,0,0,0,0.992063,0.015873,0.015873,124.762,37,0.253175,0.0692063,0.0365079,0.0707937,0.000634921,0.0568254,0.0277778,0.015873
295.688,58558.1,3974.61,0,0,0,0.888384,0,0.714345,0.438198,0.000413394,0.000413394,0.00289376,0.00124018,0.000413394,0,0,0,0,10.2534,11.2522,0.00965688,0.00952873,0.212162,0.213245,0.997549,0.00312112,0.0550558,217.608,195.286,0.817718,0.0190409,0.126354,0.0183423,0.00333196,0.00391484,0.0882761,0.0866391
14.1083,257.655,14686.3,0,0,0,0.00453062,0.000146149,0.999269,0.0205096,0.00121791,0.000146149,0.0128124,0.0174892,4.87163e-05,0.00185122,0,0,0,7.30945,10.2781,0.00281191,0.00241097,0.000170507,0.000701028,0.999805,0.000389731,0.113205,123.933,242.212,0.992982,0.00138111,0.0723929,0.021763,0.00220003,0.00100161,0.000973352,0.000628441
5.05308,263.353,8849.45,0,0,0.000119357,0.00748963,2.98392e-05,0.998687,0.00847432,0.000537105,0,0.0044162,0.00349118,0,0.000387909,0,0,0,8.16292,11.2925,0.00195417,0.00189628,0.000808641,0.00121893,0.999776,0.000398054,0.117157,120.935,247.21,0.995762,0.000703011,0.0719822,0.0227509,0.00120252,0.000468177,0.000623937,0.000814012
399.015,3.35086e+06,78505.6,0,0,0,0,0,0,0,0,0,0,0,0,0,0,0,0,1.81538,1.81538,0.0307692,0.0307692,0,0,0.989846,0.0206154,0.0307692,138.938,61.1385,0.297692,0.0704615,0.286,0.0270769,0.00261538,0.0290769,0.0116923,0.000307692
