5.84211,158.158,34.3185,0.0490684,385.102,0.0869316,3.22453,173.737,242.684,225.927
12.5,162.5,63.917,0.054,329.855,0.036525,3.50787,162.75,233.25,202.871
0,0,0,0,0,0,0,0,0,0
6.76923,161.923,51.7494,0.0856385,888.524,0.0271462,3.86126,176.154,245.231,219.956
3.42857,53.8571,6.91797,0.00828571,20.6131,0.297729,1.7007,220.714,246,242.722
11.2222,170.556,74.8737,0.0713333,555.265,0.0291444,3.71467,156.444,234.556,196.483
5.24,156.6,40.1106,0.0707,664.551,0.042132,3.65006,175.44,244.16,224.42
0,0,0,0,0,0,0,0,0,0
27,209.5,127.65,0.08685,761.558,0.02455,3.8591,85.5,221.5,155.795
0,0,0,0,0,0,0,0,0,0
10,191.7,86.6172,0.10373,1160.08,0.02332,4.01674,153.3,235.3,193.418
10.0526,181.368,77.094,0.0985368,1062.66,0.0225842,3.98899,160.053,237.158,200.044
8.46667,160.867,54.2185,0.07028,598.178,0.0401867,3.65904,169.4,240.333,215.665
6.1,158.1,41.3223,0.05816,456.618,0.04514,3.5091,170.9,242.9,221.887
1.72727,22.4545,3.20705,0.00440909,7.06023,0.424318,1.28328,241.182,253,250.782
9.8,178.1,79.4793,0.09027,851.922,0.02366,3.91328,156.3,236.5,196.264
4,26,6.0469,0.0042,6.125,0.3643,1.3269,219,239,233.867
14.7778,191.444,95.7292,0.0808222,716.609,0.0255889,3.83869,157.444,232.222,188.092
1.66667,3.61905,2.22155,0.000428571,0.120638,0.81749,0.315333,247.095,250,248.781
5,167.667,43.2025,0.0788833,788.271,0.0292667,3.80092,165.167,239.167,217.598
4.8,100.95,21.3824,0.03773,225.224,0.077665,3.08929,192.85,243.3,232.746
4.90909,142.182,30.1133,0.0535091,426.38,0.0650091,3.36514,191.091,247.455,233.866
2.3,4.4,2.74805,0.00045,0.12292,0.80831,0.3379,245.3,247.9,246.585
0,0,0,0,0,0,0,0,0,0
7.72222,192.278,73.1597,0.109394,1369.24,0.0215167,4.06034,164.333,240.667,205.724
5,87.7778,17.2802,0.0234611,96.594,0.1039,2.71068,204.556,243.833,236.781
4.15,67.05,12.5158,0.02053,74.7858,0.135195,2.54796,217.2,246.8,241.757
15.1,177.9,90.1434,0.06006,395.749,0.03369,3.57778,157,235.4,191.473
5.5,136.714,39.6861,0.0751786,703.052,0.0322714,3.74419,185.929,246,227.574
4.84211,127.053,33.1643,0.0654105,576.887,0.0489158,3.57015,189.421,245.211,229.417
2.25,210.5,35.9746,0.052025,643.86,0.12825,2.97997,170.75,250.5,233.589
5.66667,140.889,48.8498,0.0441222,238.511,0.0530333,3.29502,160.222,241.111,210.171
4.5,174.7,46.1375,0.09614,1193.58,0.03573,3.87531,174.2,246.9,224.594
6.70588,151.529,40.5227,0.0653765,551.329,0.0426529,3.60579,170.529,240.706,220.392
10.1429,196,105.578,0.0891,820.769,0.0231429,3.9145,147.571,233.429,178.83
0,0,0,0,0,0,0,0,0,0
1.42857,14.4286,2.39174,0.00297143,3.06193,0.4667,1.08601,244.571,251.286,249.852
4.54545,135.636,29.0064,0.0438227,312.773,0.0767273,3.17891,181.636,244.5,229.917
5.33333,150.667,43.6133,0.0603,546.088,0.0507333,3.48127,124.333,238.333,204.757
9.95,195.4,77.7943,0.1057,1255.85,0.022215,4.03138,161.45,239.85,202.91
4.47368,87.9474,21.4683,0.0362842,194.136,0.0682842,3.10092,204.842,245.526,235.265
5.5,170.5,58.9316,0.07135,680.24,0.0412,3.62605,102,236,186.35
2.82759,39.3793,6.12891,0.00887931,22.466,0.281579,1.78927,230.448,249.793,246.808
12.1,192.15,92.0488,0.09428,957.849,0.02354,3.94815,151,233.6,187.986
3.56,82.16,15.2119,0.02936,147.243,0.094264,2.88092,209.92,248.28,240.903
7.61538,146.462,44.3801,0.0638308,503.465,0.0352654,3.62773,172.385,241.308,219.274
0,0,0,0,0,0,0,0,0,0
4.25,91.125,22.4785,0.0513,348.061,0.0426375,3.45993,201.5,246.375,234.701
7.4375,177.688,73.7219,0.0908875,902.193,0.0234437,3.93598,157.5,237.5,198.604
11,178.5,89.5429,0.07645,690.725,0.02655,3.8322,63,226,154.424
7,161.895,55.3129,0.0786895,731.404,0.0325421,3.77688,158.947,240,210.583
0,0,0,0,0,0,0,0,0,0
5.05556,172.444,47.0851,0.0868667,942.55,0.0338056,3.83642,171.556,245.222,221.934
3.5,9.5,4.32748,0.00109167,0.59235,0.682758,0.618342,242.667,247.083,245.683
5.67857,166.857,52.0227,0.090375,1017.21,0.0294643,3.88965,172.071,242.786,217.541
0,0,0,0,0,0,0,0,0,0
0,0,0,0,0,0,0,0,0,0
7.09091,144.364,47.7298,0.0844182,839.991,0.0271,3.85374,182.182,246.091,223.039
4.26667,126.533,19.6419,0.0307533,187.709,0.117153,2.80567,185.8,245.6,235.203
3,63.3333,11.4704,0.02495,114.892,0.110417,2.7251,217.583,247.75,242.237
9.54545,195.818,82.5991,0.118291,1546.73,0.0231636,4.10713,161.727,240.091,201.624
5.3,92.9,12.7258,0.01492,63.3983,0.244,2.10292,209.5,246.5,242.271
5.06667,115.067,33.5536,0.0616667,475.829,0.03608,3.60239,192.133,245.733,229.399
4.2,200,44.0398,0.07422,845.533,0.04246,3.64008,166.2,242.8,221.052
0,0,0,0,0,0,0,0,0,0
0,0,0,0,0,0,0,0,0,0
2.81818,16.8182,4.06003,0.00319091,3.56668,0.473818,1.12082,240.727,248.545,247.083
8.27273,182.545,70.3374,0.0748091,644.76,0.0342364,3.73236,155.182,235.545,199.173
3.4,198.8,44.2766,0.0715,754.666,0.05164,3.61822,176.2,249.6,228.175
5.27273,222.909,75.0828,0.139527,2221.36,0.0233273,4.20781,168.818,246.818,212.771
5.33333,118.5,30.4321,0.0535389,399.868,0.0492944,3.42993,187.444,243.278,228.96
0,0,0,0,0,0,0,0,0,0
7.92308,146.154,52.9132,0.0855385,803.312,0.0255308,3.86577,176.615,243.231,218.594
70.3333,191.333,135.671,0.0429667,199.131,0.0438333,3.28723,185.667,212,193.535
3.23529,27.1765,5.20473,0.00497059,7.95367,0.384376,1.37533,235.294,248.294,246.249
0,0,0,0,0,0,0,0,0,0
4.66667,143.111,36.8798,0.0765556,753.016,0.0339444,3.73671,187.333,248.111,230.736
0,0,0,0,0,0,0,0,0,0
4.84211,110.684,20.9879,0.0283474,144.826,0.104163,2.80763,194.421,245.316,235.186
1.26667,2.73333,1.63021,0.000466667,0.129173,0.802873,0.348727,249.267,252.8,251.095
0,0,0,0,0,0,0,0,0,0
5,221,108.795,0.0732,616.262,0.0291,3.7508,23,238,148.994
4,242,80.2071,0.16775,3095.85,0.01545,4.33565,162.5,242,205.412
56.5,203.5,128.027,0.0579,369.398,0.0346,3.5404,26.5,155,91.4043
6.5,162,42.8808,0.07595,864.852,0.0363,3.69175,92,232,196.193
3.25,169,23.6304,0.0349125,261.591,0.121475,2.84785,181.5,245.5,234.804
6.38889,207.444,76.0015,0.126572,1793.4,0.0189222,4.17394,162.611,244.111,207.932
24,191.8,115.117,0.0681,497.333,0.02906,3.67942,162.2,225.8,182.183
3.88235,61.7059,9.46553,0.0128118,41.2051,0.208906,2.10499,217.059,245.059,241.602
61.3333,210,159.156,0.0596667,399.35,0.0346667,3.5549,165,206.333,170.876
3.6,147.2,33.4602,0.0779,869.042,0.03334,3.75874,176.6,247.4,229.451
6.52941,116.059,31.8116,0.0514824,345.8,0.0446471,3.43716,186.235,241.471,226.905
13.4,156.6,67.5703,0.04342,231.284,0.04634,3.30776,70.2,218.6,165.2
0,0,0,0,0,0,0,0,0,0
3,100.778,21.8433,0.0466333,316.038,0.0542,3.3139,202.556,249.222,238.743
7.72727,182.818,71.429,0.0853091,800.698,0.0267818,3.85926,155.636,236.818,199.555
5.30769,96.1538,24.244,0.0437923,272.761,0.0649846,3.23505,204.308,247.615,236.859
5.41667,119.583,22.4802,0.0392917,266.873,0.0756333,3.0999,184.167,242.917,232.412
4.5,170.7,46.3043,0.09261,1107.56,0.02997,3.88571,178.6,245.8,223.886
2.55556,49.1667,8.96658,0.0181611,61.9148,0.141483,2.46283,224.333,249.778,245.636
