8,136.696,39.5822,0.0509725,366.505,0.0589601,3.35821,180.507,241.341,223.132
5.4,216.8,72.6487,0.136553,2147.98,0.0223467,4.20365,166.2,246.067,212.332
7.46457,175.362,63.5173,0.0907874,974.016,0.0273709,3.90152,164.929,240.535,209.008
3.0303,38.9091,7.15773,0.00970996,32.6293,0.388191,1.58085,230.065,248.398,245.267
6.17687,108.592,25.9115,0.034898,197.812,0.0850259,3.00462,190.966,243.755,231.089
7.88,203.52,80.5119,0.12264,1660.41,0.020672,4.14162,162.8,242.36,204.646
4,242,80.2071,0.16775,3095.85,0.01545,4.33565,162.5,242,205.412
7.51701,165.762,58.2408,0.0797224,759.697,0.0309293,3.78842,165.102,240.776,211.295
8.16393,188.902,71.4742,0.104503,1257.44,0.0249115,4.00602,164.033,240.869,206.643
7.41221,151.183,48.3479,0.0659237,553.833,0.0425466,3.60457,170.298,241.16,216.876
