5.05172,120.672,28.813,0.0481534,334.402,0.060519,3.3189,188.259,244.241,230.327
7.63415,147.293,46.2679,0.0653927,537.686,0.0402793,3.61457,171.793,240.683,217.498
2.03175,5.42857,2.61372,0.000734921,0.383998,0.761822,0.439075,246.286,249.794,248.399
4.16667,94.7917,17.6482,0.0291625,148.502,0.0970667,2.8584,203.312,246.771,238.285
4.52,104.82,21.9588,0.035574,205.481,0.085542,3.01999,194.04,244.94,233.756
4.875,227,79.3155,0.15285,2521.44,0.0159125,4.31521,167.375,246.125,210.047
6.66667,157.882,49.2438,0.0770275,732.805,0.0340216,3.75311,172.902,243.275,219.221
2.5814,22.8837,4.17833,0.00435349,6.69254,0.416088,1.28471,238.256,249.651,247.666
0,0,0,0,0,0,0,0,0,0
3.67391,63.3478,10.4313,0.0168935,59.5785,0.175224,2.3325,217.63,247.543,243.206
7.73913,167.13,62.6553,0.084713,826.367,0.0272203,3.84876,163.261,239.942,208.075
3,43.7907,6.77699,0.00981163,25.792,0.262421,1.8664,228.023,248.744,245.647
0,0,0,0,0,0,0,0,0,0
5.94231,162.385,46.4748,0.0696538,643.45,0.0461442,3.61664,172.481,242.923,220.491
28.9,166.5,86.1625,0.04319,219.88,0.04579,3.29736,118.2,220.4,180.052
5.06667,125.044,27.2864,0.0409689,267.803,0.0783378,3.12843,186.644,244.311,230.986
4.41463,78.9268,14.6556,0.0228268,97.2851,0.121654,2.64252,210.634,245.317,239.35
6.17391,211.043,74.7751,0.127209,1858.1,0.0217739,4.15507,163.913,244.522,209.292
5.59091,138.364,35.0471,0.0549576,421.862,0.0546848,3.42998,183.242,244.227,227.543
11.3125,192.312,92.2566,0.0779188,682.502,0.0283312,3.78754,113.5,231.75,175.431
8.68085,188.234,71.5772,0.103862,1243,0.025383,3.99814,163.745,240.213,206.058
7.52459,174.295,61.8924,0.0939148,1049.32,0.0269787,3.92656,166.623,240.738,210.605
7.4,177.538,65.8437,0.0891523,924.736,0.0276523,3.88886,164.523,240.631,207.612
30.0588,188.824,111.529,0.0598412,396.804,0.0337765,3.5717,141.118,218.706,173.34
8.35,197.5,79.143,0.11494,1482.66,0.02207,4.09164,163.05,241.2,203.998
