0,0,0,0,0,0,0,0,0,0
3.96429,65.4643,12.2059,0.01995,71.6319,0.139675,2.52172,217.393,246.893,241.884
5.13158,164.211,42.9335,0.0694974,664.421,0.0486684,3.60207,169.711,243.211,221.072
2.60976,22.4878,4.19999,0.00426829,6.19258,0.414654,1.28215,238.512,249.634,247.655
5.35294,92.5294,15.6792,0.0194647,80.7846,0.158006,2.44894,204.294,244.235,238.243
24,191.8,115.117,0.0681,497.333,0.02906,3.67942,162.2,225.8,182.183
7.625,178.786,68.4238,0.0902125,930.013,0.0270339,3.90126,162.661,239.804,205.369
4.3,126.25,23.9602,0.0305,171.874,0.10848,2.83228,184.75,245.3,231.984
2.03175,5.42857,2.61372,0.000734921,0.383998,0.761822,0.439075,246.286,249.794,248.399
58.25,201.75,132.822,0.059225,387.406,0.033825,3.55638,74.75,177.25,123.722
5,105.455,26.7088,0.0500788,338.504,0.0470303,3.40663,194.758,244.879,232.184
5.77778,216.222,70.6133,0.133222,2088.5,0.0256778,4.16429,165.556,245.889,213.303
0,0,0,0,0,0,0,0,0,0
4.55556,87.4444,21.979,0.0366611,195.287,0.0664444,3.11427,204.889,245.667,235.163
13.4,204,106.55,0.07668,667.902,0.02748,3.79358,47.4,229.6,152.787
7.76923,147.654,45.7069,0.0644885,505.503,0.0345731,3.63889,168.154,240.423,217.062
8.09375,189.438,69.3295,0.105562,1296.73,0.0225906,4.02932,165.531,241.562,208.393
8.8,185.067,80.7126,0.08686,825.451,0.02584,3.87422,147.133,234.867,191.846
9.3125,200.375,83.5305,0.117125,1507.97,0.022125,4.10292,161.562,240.125,201.248
0,0,0,0,0,0,0,0,0,0
13.4,156.6,67.5703,0.04342,231.284,0.04634,3.30776,70.2,218.6,165.2
5.1875,116.312,34.4392,0.0618938,476.292,0.0358062,3.60545,191.625,245.75,229.022
5.90909,157.568,47.0455,0.0772114,737.197,0.0346023,3.75067,172.795,244.114,220.673
9,173.15,67.6277,0.07019,587.507,0.03747,3.67317,157.2,237.35,203.477
3.94444,64.4444,9.31141,0.0120056,39.5917,0.234717,2.01324,215.056,244.722,241.347
8.11538,182.615,70.8173,0.100858,1165.86,0.0284923,3.95978,162.654,239.923,205.811
4,242,80.2071,0.16775,3095.85,0.01545,4.33565,162.5,242,205.412
3.92857,75.6071,14.382,0.0256286,116.304,0.100568,2.7751,211.429,246.964,240.363
6.03226,145.581,38.3155,0.064271,554.663,0.0495323,3.55158,175.71,242.387,223.127
5.75,156.667,38.417,0.0572667,453.234,0.04505,3.49796,174.333,243.5,224.217
6.29412,129.412,38.2608,0.0696529,602.91,0.0359118,3.67542,187.824,244.059,226.563
4.5,152.625,35.418,0.039675,251.513,0.0891,3.07115,170.938,243.062,222.933
70.3333,191.333,135.671,0.0429667,199.131,0.0438333,3.28723,185.667,212,193.535
6.375,145.906,35.1027,0.0524875,393.649,0.0663875,3.36102,176.188,241.812,224.974
13.2308,189.154,89.8564,0.0798308,710.688,0.0278077,3.80518,152.692,232.615,188.719
5,221,82.0225,0.150525,2394.92,0.015775,4.31648,168.75,247.25,209.463
3.02857,41.4857,6.32634,0.00857143,21.2637,0.292657,1.75145,229.029,249.143,246.094
4.88889,138.852,31.1131,0.0446704,312.583,0.0708741,3.21779,181.852,244.148,229.153
0,0,0,0,0,0,0,0,0,0
3.23077,120.692,22.1469,0.0493615,412.658,0.0773846,3.23361,198.385,248.846,238.758
5.45455,104.364,23.6438,0.0420864,270.903,0.0691636,3.1815,196.318,245.545,234.9
6.80435,156.174,48.9036,0.0828348,837.298,0.0290065,3.8234,175.674,244.283,220.789
2.14286,46.1429,7.55106,0.0171714,57.5378,0.149086,2.40987,227.929,251.286,247.721
4.875,104.708,20.9979,0.0373333,223.748,0.0765083,3.08297,192.25,243.458,233.23
7.6,174.109,61.3347,0.0931309,1038.72,0.0270727,3.92073,167.345,240.691,210.925
6.3125,209.75,76.8955,0.12575,1771.25,0.0189375,4.16703,163.688,244.188,207.855
18.4286,177.714,94.0296,0.0590071,384.756,0.0341929,3.56456,163.214,233.643,193.046
0,0,0,0,0,0,0,0,0,0
3.76667,90.4667,16.0006,0.02896,150.773,0.104613,2.83057,205.633,247.133,239.548
0,0,0,0,0,0,0,0,0,0
