2.75,7.25,3.40235,0.000775,0.366317,0.737692,0.4893,244.333,247.5,246.482
1.5,21.1667,2.74675,0.00356667,5.17778,0.4565,1.18422,242.5,253.833,251.704
5,127.5,22.0117,0.02895,142.566,0.094475,2.87163,201.75,247.5,239.297
6.9,156.1,47.6539,0.07519,719.693,0.03352,3.72643,174.8,245.5,222.282
7.69231,172.231,61.7344,0.0703,600.022,0.0409308,3.66314,160.846,238.615,208.572
5.91667,143.75,43.3138,0.0826167,837.253,0.0286,3.8323,182.833,246.583,225.607
12.5,175,79.9414,0.05916,391.927,0.03485,3.56235,165.4,237.5,200.008
13.4,204,106.55,0.07668,667.902,0.02748,3.79358,47.4,229.6,152.787
2.5,63.7,10.2211,0.02417,113.715,0.11746,2.68175,219.1,249.6,244.412
5.5,87.5,19.5933,0.0322125,164.519,0.0822875,2.97959,206.25,244.75,236.25
4.38462,141.385,28.028,0.0413154,301.526,0.0861692,3.10127,182.462,245.077,231.593
5,117.222,33.5595,0.0679444,572.361,0.0381444,3.65897,188.556,243.778,227.487
1,2,1.4165,0.0004625,0.117725,0.796313,0.3509,249.25,253.125,251.061
1.7,3.6,1.97579,0.00048,0.13791,0.80831,0.33758,249.1,251.9,250.711
7.14286,148.357,43.9808,0.0672857,581.888,0.0506071,3.57793,179.857,243.143,222.94
6.13333,192,59.7409,0.100467,1255.49,0.0312533,3.93621,169,245.133,216.204
4.38462,74.3077,11.2867,0.0155462,52.5093,0.185615,2.26295,212.692,245.923,241.755
7.52941,138.765,42.827,0.0645647,501.73,0.0334824,3.65272,173,240.235,219.064
6.84615,159.154,56.4029,0.0810154,740.562,0.0263154,3.83712,154.385,238,207.162
13,202.571,101.107,0.0938571,991.164,0.0240714,3.94719,152.714,233.571,184.059
9.58333,175,80.0781,0.0881917,839.724,0.0255417,3.87727,138.75,233.083,189.346
9,173.75,68.1533,0.09665,1012.86,0.0224917,3.98028,156.833,236.583,201.144
7.30769,182.538,64.8513,0.107031,1342.12,0.0221846,4.04699,167.385,242.077,210.787
8.1,174.5,64.5793,0.09491,1050.62,0.02717,3.93857,168.9,241.15,210.643
6.22222,211.667,70.3533,0.128711,1996.57,0.0264444,4.1333,163.778,244.111,211.593
4.28571,196.143,47.678,0.0715857,747.652,0.0581143,3.5774,170.857,247.571,224.042
3.57143,148,34.8588,0.0838143,923.974,0.0303571,3.82487,183.857,247.143,230.28
4.92308,84.3846,16.8861,0.0237154,98.4968,0.105469,2.71199,202.846,242.923,235.862
13.7778,191.667,91.5946,0.0785222,711.656,0.0292,3.78889,152.444,232.778,188.813
4.1,144.6,26.1824,0.05702,538.713,0.06176,3.39871,186.6,247.6,234.943
3.1,101.3,20.2676,0.04441,310.895,0.07338,3.19475,204.7,250.3,240.75
5.36364,95.8182,15.1573,0.0178091,74.9496,0.1807,2.34582,208.273,246.182,240.779
5.5625,137.438,39.3867,0.0746625,687.823,0.0323625,3.74431,184.25,244.938,226.566
2.15385,16.3846,3.27525,0.00327692,3.74553,0.464538,1.13738,242.154,250,248.39
2.125,27.375,3.74709,0.004425,7.61093,0.427725,1.26196,237.5,252.125,249.695
1.75,69.75,10.9199,0.0313,149.297,0.06855,3.02408,222.25,251,245.695
0,0,0,0,0,0,0,0,0,0
8.4375,179,69.5303,0.102419,1171.03,0.0238063,3.99836,164.688,239.812,206.515
62,184.75,131.44,0.0423,192.464,0.04475,3.27728,158.75,205.5,177.836
3.93333,66,12.3386,0.0208467,78.9047,0.145513,2.53003,217.533,246.533,241.514
4.28571,75.7143,16.1646,0.0284571,133.265,0.0832143,2.90167,203.571,244.143,236.324
7.33333,170.25,66.165,0.092975,944.542,0.0235083,3.94612,156.75,235.833,201.78
3.9,159.8,39.1312,0.08522,1004.85,0.03278,3.82245,178.7,245.5,227.114
1.5,18.5,3.1094,0.00635,10.3958,0.29895,1.6233,242.5,252,250.098
3.77778,12.2222,4.89237,0.00173333,1.14907,0.5883,0.812111,241.333,246.778,245.352
8,181.455,80.5866,0.0903182,889.769,0.0237545,3.93228,153.727,236.091,193.423
5,106.312,23.7739,0.0377563,224.132,0.0809062,3.08371,187.125,242.062,229.984
4,130.909,16.2003,0.0292455,187.772,0.131991,2.71791,190.273,247.727,240.281
6.47059,165.294,50.628,0.0841412,881.826,0.0283,3.84384,171.294,244,218.118
11.5,199.375,99.9141,0.0942125,935.056,0.024,3.93251,151.375,234.625,185.981
4.61538,88.9231,20.454,0.0377308,211.294,0.0626308,3.14248,203.692,246.692,237.228
6.125,108.938,24.3758,0.0416062,268.25,0.0656625,3.18147,189.438,242.688,231.615
7.16667,149,52.4929,0.04515,253.285,0.0449833,3.34375,90.5,229.5,182.417
4,26,6.0469,0.0042,6.125,0.3643,1.3269,219,239,233.867
3.72727,124.818,22.6431,0.0452182,325.75,0.0672455,3.23835,189.364,247.273,235.527
5.42857,127.714,48.3934,0.0388714,186.801,0.0606286,3.15801,167.714,241.571,209.381
4.85714,224.857,78.4331,0.146057,2305.87,0.0162571,4.30011,169.143,247.286,211.455
3.52941,129.882,22.9513,0.0503176,417.303,0.0693824,3.29139,195.176,248.647,238.062
9.54545,195.818,82.5991,0.118291,1546.73,0.0231636,4.10713,161.727,240.091,201.624
7.29412,157.765,52.1432,0.0839765,799.132,0.0261882,3.85062,170.529,241.294,216.467
3.72727,159.909,28.6633,0.0374727,256.179,0.103282,2.97735,178.091,244.455,230.457
4.55556,93.1111,24.0773,0.0512889,347.41,0.0423111,3.46048,202.111,246.222,234.354
7.2,154.667,45.2943,0.0654467,543.356,0.03736,3.61935,155,238,212.704
9.75,177,75.5957,0.0777625,644.438,0.0265375,3.79886,146.75,233.875,191.663
10,193.083,90.3887,0.0857,794.1,0.0259917,3.87043,149.833,234.167,186.945
6.25,178,58.7393,0.094975,1099.83,0.0270563,3.92782,167.188,242.125,213.499
4.125,87.625,22.3311,0.035775,183.424,0.0703625,3.08379,206.875,245.5,234.416
7.8,134.65,40.7801,0.056895,395.861,0.03675,3.54363,176.6,239.8,220.765
4.5,181.222,42.9579,0.0667333,664.88,0.0555889,3.53407,166.611,243.722,222.085
3.86667,55.7333,9.27291,0.0130133,39.1722,0.196967,2.14821,221.667,246.333,242.861
4.5,94.8333,17.6608,0.0277333,132.836,0.0980333,2.82355,204.25,247.583,239.298
3.875,167.625,22.5361,0.0405,381.109,0.153112,2.83156,176.75,245.375,234.013
3.44444,51.1111,6.49176,0.00686667,16.7713,0.339778,1.55187,221.889,247,244.178
2.55556,49.1667,8.96658,0.0181611,61.9148,0.141483,2.46283,224.333,249.778,245.636
6.78571,115.357,32.969,0.0528143,350.01,0.0404286,3.47624,183.071,239.714,224.445
8.16667,209.5,87.9733,0.113217,1417.08,0.0202167,4.0862,159.667,239.5,198.023
0,0,0,0,0,0,0,0,0,0
4,242,80.2071,0.16775,3095.85,0.01545,4.33565,162.5,242,205.412
5.41667,184.083,52.04,0.0867583,937.811,0.0365,3.82172,173.417,247.417,222.58
0,0,0,0,0,0,0,0,0,0
2.68,38.16,5.83141,0.008656,21.9567,0.292444,1.75983,231.08,249.88,246.835
0,0,0,0,0,0,0,0,0,0
6.38462,208.231,77.8251,0.125562,1738.91,0.0188769,4.1628,163.538,244.692,207.596
5.2,132.9,34.3176,0.06981,637.244,0.05038,3.60199,190.1,246.7,230.542
4.22222,139.667,35.5291,0.0764667,759.333,0.0346222,3.7268,188.111,248.333,231.299
9.75,149.25,53.5806,0.0525125,325.311,0.0400625,3.46823,167.125,236.125,209.745
1.4,91.4,9.68204,0.02588,162.805,0.15578,2.58932,211.4,252.2,246.079
4.85714,110.286,17.8694,0.0273429,151.121,0.111,2.75606,187.571,242.571,234.372
3.71429,91.8571,20.644,0.0418286,259.414,0.0664571,3.20381,208,249.714,240.329
15.7143,203,103.665,0.109857,1240.18,0.0201,4.0684,150.286,231,183.342
56.5,203.5,128.027,0.0579,369.398,0.0346,3.5404,26.5,155,91.4043
7,52,20.4023,0.0317,116.721,0.0561,3.0741,210,236,227.711
38.5714,201,138.272,0.0614,418.964,0.0329714,3.58773,155,219.857,174.39
6.76923,157.077,44.0108,0.0598308,462.634,0.0418923,3.5456,171.846,243.231,221.047
14.9091,175.636,80.6431,0.0698091,531.9,0.0290364,3.70376,156.364,231.545,193.156
5.14286,114,33.3239,0.06155,475.066,0.0362214,3.60043,192.857,246.071,229.908
7.9,182.9,61.0894,0.08382,843.452,0.03005,3.81524,167.9,242,212.819
3.58333,25.9167,5.66992,0.00519167,7.57257,0.35515,1.43567,235.667,246.917,245.111
0,0,0,0,0,0,0,0,0,0
1.69565,3.56522,2.24236,0.000404348,0.11287,0.824835,0.30773,246.565,249.609,248.227
