9,194.348,72.8607,0.103374,1252.93,0.0274739,3.98104,163.609,241.13,206.6
5.30189,140.811,33.3965,0.0521094,401.841,0.0663283,3.3442,182.736,244.17,228.26
4,242,80.2071,0.16775,3095.85,0.01545,4.33565,162.5,242,205.412
4.11538,103.827,19.2873,0.0302962,165.12,0.105017,2.84837,198.75,246.269,236.588
7.21739,176.029,64.22,0.0882797,915.199,0.0280043,3.87786,163.536,240.783,208.216
6.71429,137.959,40.2336,0.0624612,490.108,0.0360286,3.60748,178.551,243.02,223.143
4.85714,224.857,78.4331,0.146057,2305.87,0.0162571,4.30011,169.143,247.286,211.455
9.83333,181.611,74.9778,0.078475,711.356,0.0307556,3.78344,138.222,235.5,193.448
6.22222,211.667,70.3533,0.128711,1996.57,0.0264444,4.1333,163.778,244.111,211.593
7.98485,154.015,51.2543,0.0675106,569.452,0.0423712,3.62109,169.076,239.742,214.489
5.44828,154.034,41.1755,0.0714621,679.115,0.0427879,3.6507,177.655,244.931,224.982
7.82143,174.929,63.0329,0.0930875,1033.25,0.0269536,3.9218,166.089,240.196,209.487
15,160.105,53.0109,0.0404316,240.582,0.0779211,3.12285,172.211,238.053,216.909
5.02,101.8,22.3383,0.038838,234.369,0.070714,3.12995,195.02,244.5,233.944
3.65714,61.2286,10.0475,0.0156814,53.3715,0.182641,2.26878,219.486,247.5,243.37
9.54545,195.818,82.5991,0.118291,1546.73,0.0231636,4.10713,161.727,240.091,201.624
25.9375,185,106.765,0.0598438,396.838,0.0336563,3.57388,156.438,227.188,185.008
7.72222,192.278,73.1597,0.109394,1369.24,0.0215167,4.06034,164.333,240.667,205.724
25.7143,170,84.8438,0.0475571,270.745,0.0429857,3.37423,57.7143,200.429,144.116
2.37692,17.4154,3.76449,0.00330154,6.11061,0.5629,0.953694,240.7,249.669,247.821
7.29167,178.25,65.7837,0.100696,1152.45,0.0245958,3.98653,165.708,241.042,209.303
4.96923,119.2,28.0426,0.04712,322.474,0.0605662,3.30069,189.538,244.708,231.307
6.38462,208.231,77.8251,0.125562,1738.91,0.0188769,4.1628,163.538,244.692,207.596
4.18,79.4,14.8328,0.024796,109.539,0.108654,2.73189,208.76,245.78,239.226
7.43662,166.493,60.7876,0.0837479,812.804,0.0289873,3.83234,166.535,240.718,210.186
