0,0,0,0,0,0,0,0,0,0
7.98276,153.862,50.8643,0.06755,571.241,0.0433569,3.61605,169.914,239.81,214.974
8.13333,178.417,68.4252,0.09073,941.628,0.026865,3.90645,163.083,239.617,205.495
5.10714,135.071,33.428,0.0572643,453.3,0.0511,3.47217,186.25,245.5,229.351
7.45333,168.933,62.1638,0.0845627,838.332,0.0277067,3.84712,163.653,240.413,208.69
7.18421,142.237,42.4416,0.0636395,507.644,0.0357421,3.62233,173.974,242.079,220.686
30.0588,188.824,111.529,0.0598412,396.804,0.0337765,3.5717,141.118,218.706,173.34
4.7619,112,23.8805,0.0374159,226.716,0.0807302,3.06509,191.127,244.571,232.832
4.5,230.25,78.3086,0.159625,2790.55,0.015625,4.3305,166.25,245,209.498
6.08511,138.085,35.2787,0.0524383,389.563,0.0617319,3.37046,180.851,242.638,226.013
2.25962,12.1538,3.23908,0.00212788,2.67392,0.624958,0.771441,243.221,249.731,248.106
3.09836,47.3115,7.27517,0.010823,31.2544,0.252089,1.93063,225.77,248.279,245.073
4.04918,94.459,17.9502,0.0295131,152.75,0.100548,2.8534,203.492,246.59,237.803
7.22951,174.902,61.9,0.0949984,1067.82,0.0266213,3.93556,167.197,241.115,211.191
8.34694,191.571,71.9957,0.105249,1284.89,0.0251367,4.00711,164.143,240.857,206.525
0,0,0,0,0,0,0,0,0,0
0,0,0,0,0,0,0,0,0,0
28.9,166.5,86.1625,0.04319,219.88,0.04579,3.29736,118.2,220.4,180.052
5.71429,217.286,73.5279,0.134129,2081.41,0.0228714,4.18927,165.571,245.143,211.24
10.6111,192.778,89.1942,0.0772389,672.799,0.0284333,3.78515,118.111,232.778,178.6
7.14,161.76,53.1655,0.07847,745.307,0.033302,3.76705,169.58,242.32,216.117
4.14706,73.0735,13.1364,0.0207603,82.3066,0.139682,2.53989,213.294,246.456,241.026
4.9,122.1,27.9192,0.0460986,314.016,0.0620829,3.27822,188.243,244.814,231.175
5.18182,155.273,40.2002,0.0700955,664.717,0.0460727,3.6221,177,244.295,224.773
7.83333,202.542,80.0132,0.122229,1650.83,0.0208417,4.13728,162.708,242.583,204.859
