6.625,129.375,37.52,0.0466125,291.157,0.057725,3.32042,166.875,239.625,218.107
15.2,176.8,81.5867,0.07012,536.042,0.02884,3.70997,156.7,231.9,193.413
7,145.833,35.9115,0.0511167,377.173,0.0507333,3.39262,166.667,238.833,220.713
9.54167,193.417,75.0031,0.102687,1220.74,0.0282042,3.96747,162.458,239.083,203.998
5,169,39.3125,0.072,868.679,0.0431,3.6115,77,237,203.227
6.88462,147.846,48.1044,0.0836885,814.841,0.0269577,3.84481,177.269,243.731,220.866
3.5,9.5,4.32748,0.00109167,0.59235,0.682758,0.618342,242.667,247.083,245.683
3.94118,84.7647,17.2716,0.0326235,174.951,0.0909882,2.94824,209.176,246.471,238.415
5.86667,178.667,59.9544,0.0896067,919.831,0.0261,3.90174,169.6,243.933,214.129
4.08333,149.167,29.9834,0.05905,563.298,0.0744,3.36785,182.167,245.5,230.709
6.07143,125.714,36.9543,0.0683571,578.577,0.0363286,3.66767,185.786,243.214,225.669
5.57895,163.737,47.0604,0.0881632,962.223,0.0325789,3.85741,170,242.263,219.337
6,110.238,29.4141,0.0513857,348.59,0.0449905,3.4367,190.286,243.095,229.234
12.1667,194.5,98.3704,0.0769,664.262,0.02725,3.798,55.1667,230.333,157.256
4,242,80.2071,0.16775,3095.85,0.01545,4.33565,162.5,242,205.412
3,173.667,20.1114,0.0403833,389.956,0.175617,2.76218,183.833,248.667,238.688
6.4,143.8,55.2914,0.06068,419.583,0.03406,3.59354,180.8,242.6,216.207
2.3,4.4,2.74805,0.00045,0.12292,0.80831,0.3379,245.3,247.9,246.585
6.64286,161.286,55.6777,0.07945,738.964,0.0332429,3.78614,154.143,238.071,207.744
0,0,0,0,0,0,0,0,0,0
0,0,0,0,0,0,0,0,0,0
4.80952,176.952,43.7234,0.0680333,665.215,0.0516429,3.56767,169.095,243.714,222.291
8.11765,154.059,46.9837,0.0668471,546.13,0.0375412,3.64253,166.471,239,215.976
70.3333,191.333,135.671,0.0429667,199.131,0.0438333,3.28723,185.667,212,193.535
16,172.727,83.6833,0.0583636,378.814,0.0343182,3.55867,153.455,233.091,191.436
2.68182,51.2273,9.64773,0.0191545,65.9898,0.138064,2.50045,223.818,249.727,245.204
6.3,155.9,46.9738,0.07475,714.579,0.03373,3.72584,172.9,245.3,221.204
5.33333,150.667,43.6133,0.0603,546.088,0.0507333,3.48127,124.333,238.333,204.757
8,155,46.4492,0.0799,861.025,0.0295,3.772,107,227,189.16
0,0,0,0,0,0,0,0,0,0
5.2,132.9,34.3176,0.06981,637.244,0.05038,3.60199,190.1,246.7,230.542
0,0,0,0,0,0,0,0,0,0
3.4,80.55,14.3359,0.02807,136.73,0.094775,2.85182,210.05,247.8,240.776
6.9375,171.938,62.5957,0.100644,1136.45,0.02355,4.00076,168,242.312,212.238
0,0,0,0,0,0,0,0,0,0
5.25,177.5,55.6108,0.106262,1353.52,0.0232375,4.02403,172.375,245.5,218.166
2.35294,15.8235,3.50506,0.00304118,3.26693,0.477894,1.09266,242.059,249.412,247.939
4.88889,98.7778,21.6649,0.0376111,219.513,0.0729519,3.1066,195.556,244.333,233.987
5.34783,104.913,23.2993,0.0416478,267.9,0.0701348,3.16902,195.043,244.87,234.253
5.41667,132.75,36.9284,0.0742417,693.076,0.0337833,3.73294,186.25,245.333,228.254
0,0,0,0,0,0,0,0,0,0
4.3,140.65,30.2434,0.04463,318.292,0.073255,3.20382,184.5,245.45,231.155
4.66667,75.3333,11.7535,0.0163444,58.275,0.185522,2.29536,212.222,245.611,241.327
5.72727,127,34.7282,0.0628409,498.485,0.0358545,3.61775,184.5,244.864,227.264
4.8,144.8,37.925,0.07726,755.512,0.03302,3.75249,186.2,247.3,229.547
5.6875,157.25,44.8779,0.0825375,880.238,0.0295062,3.82309,176.375,245.938,223.549
8.5,171.778,67.3184,0.0730722,611.248,0.0323667,3.72925,161.556,237.944,205.029
4,140,40.1523,0.03505,182.098,0.07845,3.02195,147,236.5,205.146
7.66667,187.333,70.8763,0.12005,1572.97,0.0187833,4.16197,171.333,243.833,212.659
4,130.909,16.2003,0.0292455,187.772,0.131991,2.71791,190.273,247.727,240.281
0,0,0,0,0,0,0,0,0,0
8.61538,181.231,80.7828,0.0902,883.066,0.0237385,3.928,154.385,235.923,192.978
37,165,118.75,0.0403,172.462,0.0475,3.2474,78,186,130.738
5,116,57.4102,0.0376,142.475,0.0491,3.1488,173,243,202.934
5.4375,92.0625,16.0742,0.0200375,82.4698,0.148094,2.49323,204.125,244.125,237.941
4,54.5,7.44012,0.00778333,20.8319,0.311567,1.64383,217,243.167,239.861
9.36842,184,88.6739,0.0882474,811.684,0.0237737,3.90155,147.368,233.526,186.371
1.26667,2.73333,1.63021,0.000466667,0.129173,0.802873,0.348727,249.267,252.8,251.095
7.5,154.5,54.7754,0.0442,245.99,0.04605,3.32285,68.25,226.75,173.815
11.8,206,96.6664,0.11618,1515.24,0.02842,4.04132,150.2,235.6,188.382
3.5,56.625,8.84619,0.0129563,40.6438,0.202613,2.12794,222,247.562,244.024
4,26,6.0469,0.0042,6.125,0.3643,1.3269,219,239,233.867
7.3,120.5,37.7633,0.05734,396.008,0.03586,3.55856,178,238.7,220.718
5.16667,222,79.0183,0.147883,2329.96,0.0160667,4.3084,169,247.5,211.592
5.9,214.7,70.8102,0.12935,2013.04,0.02554,4.14501,164.4,244.3,211.497
4.83333,110.389,18.9644,0.0278333,144.957,0.107222,2.78868,195.611,245.444,236.978
0,0,0,0,0,0,0,0,0,0
0,0,0,0,0,0,0,0,0,0
0,0,0,0,0,0,0,0,0,0
1.63636,21.8182,2.98262,0.00429091,6.80909,0.425891,1.26946,241.909,253.091,251.053
5.4,99.8,34.1406,0.0375,185.752,0.05828,3.1691,191,244,224.947
9.09091,154.091,52.2965,0.0641727,483.431,0.0334091,3.63845,162.636,237.273,210.958
56.5,203.5,128.027,0.0579,369.398,0.0346,3.5404,26.5,155,91.4043
3.15385,120.154,22.1268,0.0497846,416.366,0.0768923,3.24344,199.846,249.538,239.284
3.05263,27.1579,5.01974,0.00509474,8.55789,0.380353,1.38873,235.421,248.579,246.499
11.0769,181.538,80.6845,0.0962846,1012.76,0.0231769,3.96921,152.923,234.462,193.112
3.72727,69.2273,13.6889,0.02455,104.559,0.103223,2.74384,214.909,246.136,240.279
6.38462,208.231,77.8251,0.125562,1738.91,0.0188769,4.1628,163.538,244.692,207.596
1.66667,3.61905,2.22155,0.000428571,0.120638,0.81749,0.315333,247.095,250,248.781
5.14286,147.214,34.8449,0.05705,458.253,0.0456,3.49174,184.071,245.643,229.609
4.28571,201.571,50.7852,0.0737857,758.821,0.0474286,3.64834,173,248.714,224.054
8.18182,194.455,72.468,0.105382,1300.97,0.0226,4.03509,161.273,240.636,204.809
0,0,0,0,0,0,0,0,0,0
0,0,0,0,0,0,0,0,0,0
0,0,0,0,0,0,0,0,0,0
5.66667,142.5,48.7741,0.04335,236.415,0.0579167,3.26755,166.333,242,213.049
41,204.167,143.303,0.0622,425.54,0.0325833,3.59732,165.333,219.5,177.67
6.625,153.875,36.751,0.0540375,397.065,0.04335,3.46876,173.125,242.125,224.603
0,0,0,0,0,0,0,0,0,0
0,0,0,0,0,0,0,0,0,0
13.75,190.667,91.2087,0.0798167,708.23,0.028,3.80279,152.833,232.333,188.331
11.0667,195.467,94.8037,0.0940133,949.13,0.0233467,3.94885,151.8,233.8,187.097
3.44444,165.333,23.23,0.0350333,261.153,0.118311,2.86373,180.222,244.778,234.201
0,0,0,0,0,0,0,0,0,0
2.77778,40.037,5.97251,0.0084963,21.2463,0.290978,1.75238,230.296,249.926,246.976
3.38462,96.8462,21.7067,0.0475769,318.691,0.0505231,3.34909,203,248.308,237.792
8.16667,209.5,87.9733,0.113217,1417.08,0.0202167,4.0862,159.667,239.5,198.023
6.97143,174.229,57.7309,0.0924829,1051.13,0.0284429,3.90308,170.629,242.514,215.09
0,0,0,0,0,0,0,0,0,0
8.16667,182.833,58.5755,0.0828667,841.978,0.031625,3.79269,167,241.667,213.866
