1.91667,15.1667,3.06739,0.00339167,3.62155,0.4427,1.17306,243.333,250.583,249.013
5.5,152.75,49.2232,0.0899375,923.036,0.02565,3.90499,179.125,243.375,219.726
6.57143,171.143,72.4118,0.0892286,890.396,0.0241571,3.92186,154.714,236.714,197.12
9.375,169.75,69.5068,0.0945875,974.594,0.0227,3.97084,152.375,234.625,198.269
4,242,80.2071,0.16775,3095.85,0.01545,4.33565,162.5,242,205.412
12.625,186.25,94.4517,0.094125,918.494,0.022725,3.94851,148.125,232.625,184.831
8.69231,179.385,69.2251,0.0745615,632.993,0.0333923,3.73513,151.077,235.692,198.709
14.7778,191.444,95.7292,0.0808222,716.609,0.0255889,3.83869,157.444,232.222,188.092
1.93333,21.8,3.29585,0.00412,6.43611,0.448173,1.22681,240.6,251.933,249.859
5,103.385,24.6944,0.0395923,228.73,0.0626846,3.17787,185.154,240.538,227.699
7.375,132.25,40.7009,0.057475,403.735,0.0363312,3.55821,177.562,240.125,220.604
2.5,41.8,6.06641,0.010615,27.8196,0.23074,1.968,231.1,250.65,247.52
4.07692,77.1538,15.372,0.0238538,99.4933,0.104008,2.72078,209.846,244.462,237.958
7.46667,154,45.3443,0.0663867,552.61,0.0363333,3.63753,161.267,238.6,214.348
3.18182,62.0909,11.9858,0.0266091,121.265,0.102645,2.79633,218,248.455,242.689
7,192.667,73.8252,0.08415,804.92,0.029175,3.8324,157.5,238.5,200.5
5.5,179.375,39.9722,0.077275,872.023,0.0350125,3.73572,171.375,246.75,226.207
11,155.667,59.5983,0.0542167,326.07,0.0362333,3.50843,168.667,235.667,207.759
13.4,156.6,67.5703,0.04342,231.284,0.04634,3.30776,70.2,218.6,165.2
4.64286,75.1429,12.019,0.0174429,64.3441,0.1654,2.38067,215,246.786,242.315
5.53846,119.462,23.9186,0.0400077,267.466,0.0728538,3.12439,180.385,242.154,229.851
6.42857,146.429,48.529,0.0850714,876.599,0.0271857,3.85906,177.857,244,220.491
12.4444,185.889,103.321,0.0906889,828.645,0.0233444,3.91396,141.444,231.111,176.887
3.55556,63.6667,12.9692,0.0226111,80.6357,0.122278,2.63911,222,248.667,243.231
70.3333,191.333,135.671,0.0429667,199.131,0.0438333,3.28723,185.667,212,193.535
2.83333,127.333,19.9623,0.0454,404.805,0.0787167,3.16057,196.333,250,240.64
4.875,162.875,34.77,0.041975,276.315,0.0655875,3.19064,171.375,244.125,225.453
6.75,151.625,47.2236,0.074975,667.902,0.0283125,3.77651,172.125,243.25,220.139
3.125,27.4375,5.07641,0.00496875,8.26926,0.381388,1.37469,235.5,248.25,246.287
4.47059,131.941,32.6211,0.0640647,571.017,0.0593647,3.50762,187.647,244.647,228.989
8.25,155.75,47.6484,0.0627667,481.419,0.0349833,3.61887,166.25,239.75,216.121
9,194.348,72.8607,0.103374,1252.93,0.0274739,3.98104,163.609,241.13,206.6
4.75,124.375,33.355,0.07235,642.756,0.0311625,3.72341,193.75,247.25,231.623
2.71429,166.571,24.0564,0.0429714,421.675,0.1547,2.86569,189.286,248.857,238.052
4.63636,188.091,47.2706,0.0682182,664.206,0.0470636,3.58845,162.727,243,219.018
0,0,0,0,0,0,0,0,0,0
3.66667,39.6,6.76329,0.0065,14.5817,0.364293,1.51746,227.067,247.067,244.179
5.27273,101.636,19.8967,0.0281091,136.363,0.100473,2.83113,199.182,245.818,236.991
7.36364,116.636,35.1939,0.0521818,339.519,0.0419364,3.45529,176.273,237.636,220.351
1.66667,4.77778,2.51173,0.000566667,0.167133,0.764622,0.407367,247.111,250.111,249.043
4.8,142.3,38.8281,0.07695,752.64,0.0332,3.74854,185.1,247.4,228.478
5.58333,94.0833,25.1878,0.0449083,271.26,0.0504333,3.31583,204.333,247.25,236.192
3.66667,82.9167,14.5378,0.0275417,131.999,0.0899167,2.85107,207,246.667,239.544
3.14286,169.429,27.5184,0.0586571,665.096,0.103957,3.19709,180,246.857,233.666
5.41667,95.3333,15.721,0.0193417,82.3177,0.160467,2.44301,201.167,244,237.779
9.5,180.333,73.8665,0.0691667,575.089,0.0430167,3.64143,162,238.167,202.361
4.90909,110.727,27.9716,0.0514455,354.881,0.0452273,3.44183,196.818,247.091,233.724
4.47059,93.4118,19.6048,0.0362882,214.107,0.0839471,3.04144,202.765,247.118,237.959
4.81818,172.545,45.1875,0.0862455,951.284,0.0370727,3.81353,171.909,245.364,223.086
7.91667,145.583,50.4193,0.0847917,839.78,0.026725,3.85977,181.333,245.583,221.709
14,168.091,76.0146,0.0694182,525.021,0.0293727,3.6944,153.091,232.091,194.707
0,0,0,0,0,0,0,0,0,0
7.33333,150.267,50.393,0.0843733,802.824,0.0262,3.85192,176.267,243.133,219.811
1.6,2.7,1.97578,0.00034,0.09084,0.84982,0.25871,246.7,249.8,248.364
0,0,0,0,0,0,0,0,0,0
9.89474,182,74.4893,0.0994368,1079.31,0.0216474,4.01032,157.474,236.368,200.691
4.33333,168.333,46.4414,0.0897333,1061.88,0.0287667,3.87553,183.167,248.167,226.407
6.28571,160.714,38.8929,0.0523429,383.6,0.04775,3.41718,166.071,241.357,221.111
3.94118,120.412,25.3819,0.0438059,309.942,0.0773294,3.17716,189.353,245.882,233.488
3.4,198.8,44.2766,0.0715,754.666,0.05164,3.61822,176.2,249.6,228.175
3.66667,103.833,26.5638,0.05695,420.34,0.0395333,3.5138,201,247.333,235.275
5.9,134.2,35.3191,0.0591,459.049,0.03965,3.53999,185.8,244.8,228.488
5.77778,187.333,60.8199,0.0886111,918.225,0.0267333,3.89021,169.111,245.333,215.055
2.3,4.4,2.74805,0.00045,0.12292,0.80831,0.3379,245.3,247.9,246.585
1.2,2.9,1.5586,0.00047,0.13792,0.80227,0.35131,249.5,253.2,251.497
0,0,0,0,0,0,0,0,0,0
4.85714,129.5,27.0522,0.0338857,191.627,0.0868357,2.97189,178.286,243.714,227.956
1.57143,2.57143,1.87946,0.0004,0.0970286,0.8297,0.298057,248.857,251.571,250.117
4,64,9.9238,0.01385,44.3208,0.20435,2.15995,201.5,237,233.871
7.72222,177.889,66.9635,0.101406,1166.7,0.0254389,3.98054,166.722,240.944,208.659
2.85714,153.286,17.4531,0.0370714,331.393,0.1476,2.783,183.286,247.286,238.135
3.85714,85.2381,17.9937,0.0325048,171.377,0.0902333,2.95544,209.333,246.952,238.342
3.53333,10.6,4.49141,0.00142667,0.89666,0.637033,0.712973,242.267,246.933,245.61
12.1111,199.444,97.0178,0.095,998.237,0.0235556,3.95452,153,234.333,186.067
6.11765,143.118,42.7613,0.0754294,706.8,0.0320059,3.74609,181.294,244.882,224.648
7.72222,192.278,73.1597,0.109394,1369.24,0.0215167,4.06034,164.333,240.667,205.724
0,0,0,0,0,0,0,0,0,0
5.5,101,11.1855,0.0094,42.5792,0.35155,1.65625,204.5,245,241.789
7,167.333,56.6449,0.0787333,735.076,0.03495,3.76576,160.167,239.583,209.873
5.875,141.312,34.3989,0.0617125,519.964,0.0387438,3.58817,177.875,244.812,227.456
4.28571,153.571,35.3878,0.0379143,243.886,0.110243,2.96389,184,245.143,228.28
13.4,204,106.55,0.07668,667.902,0.02748,3.79358,47.4,229.6,152.787
3.11111,89.5556,19.2235,0.0484444,331.243,0.0475667,3.38723,204.333,247.333,237.536
6.54545,180.091,63.1651,0.0843636,858.248,0.0283273,3.83663,146.273,237.182,202.277
0,0,0,0,0,0,0,0,0,0
6,166.333,57.8359,0.0764333,730.956,0.0363333,3.6972,121,236.667,198.717
6.05263,166.211,49.954,0.0897789,1014.92,0.0316737,3.86397,169.579,241.789,217.566
2.55556,49.1667,8.96658,0.0181611,61.9148,0.141483,2.46283,224.333,249.778,245.636
5.27273,222.909,75.0828,0.139527,2221.36,0.0233273,4.20781,168.818,246.818,212.771
8.5,211.75,100.398,0.09225,941.858,0.025175,3.92507,155.75,237.5,188.997
21.5833,185,109.95,0.0609917,407.047,0.0329583,3.58776,169,232.917,190.58
8.54545,149.273,49.1918,0.0705273,597.57,0.0366818,3.67553,172.545,240.636,217.99
58.25,201.75,132.822,0.059225,387.406,0.033825,3.55638,74.75,177.25,123.722
9.54545,195.818,82.5991,0.118291,1546.73,0.0231636,4.10713,161.727,240.091,201.624
3.92308,118.692,19.9627,0.0279385,158.167,0.126831,2.71289,193.308,246.462,236.139
0,0,0,0,0,0,0,0,0,0
6.33333,163.167,54.5749,0.0815667,785.581,0.02775,3.8309,158.833,236.667,207.133
3.875,59.9375,8.99316,0.0116313,36.7065,0.227787,2.00514,217.875,245.688,242.028
5.91667,114.75,36.2513,0.0641667,487.69,0.0326667,3.64819,191.083,244.917,227.215
6.38889,207.444,76.0015,0.126572,1793.4,0.0189222,4.17394,162.611,244.111,207.932
