6.4,163.956,52.6662,0.0833556,862.521,0.0292822,3.82759,168.556,243.022,216.039
3.71053,76.3421,14.2469,0.0266,122.208,0.0950079,2.81657,210.711,246.921,240.337
6.75,208,72.0977,0.1295,1921.47,0.018575,4.20695,167.25,243.75,210.417
4,242,80.2071,0.16775,3095.85,0.01545,4.33565,162.5,242,205.412
5.2,167.5,50.1082,0.09907,1163.97,0.02672,3.95496,175.2,246.2,221.62
5.82353,137.912,36.4014,0.0649176,566.735,0.0488441,3.56686,181.206,243.294,225.72
3.28571,171.286,24.2355,0.0358,264.883,0.113929,2.89557,182.714,246,235.184
8.25,185.562,73.7551,0.0764875,679.788,0.0311062,3.7584,150.125,236.188,196.197
4.8,227.4,79.2422,0.14388,2234.11,0.01644,4.29002,168.8,247,210.604
2.57143,22.3333,4.14445,0.00420476,6.0753,0.418012,1.27013,238.667,249.667,247.703
11.2273,166.182,64.343,0.0679045,536.354,0.0332273,3.66152,154.409,234.818,202.123
8,181.021,70.3364,0.0907583,934.487,0.027175,3.90342,161.958,239.5,204.373
40.625,199.625,135.183,0.0610875,415.017,0.033325,3.58086,141.5,210.875,165.402
9.54545,195.818,82.5991,0.118291,1546.73,0.0231636,4.10713,161.727,240.091,201.624
7.75,237.5,93.1621,0.12555,1722.49,0.018375,4.16325,161.25,242.75,200.505
5.86207,154.793,46.3121,0.0807793,785.237,0.0318448,3.79516,177.793,244.414,222.434
5.40741,106.963,27.9738,0.0512926,346.21,0.044737,3.4371,191.852,243.444,229.967
6.4186,135.698,38.6606,0.0621977,486.103,0.0361814,3.60534,179.767,243.442,224.26
5.46667,135.133,38.3187,0.04076,244.61,0.0733267,3.14235,167.667,241.2,218.37
5.14286,145.829,37.2002,0.0705286,669.545,0.04574,3.6296,181.629,245.029,227.285
10.1429,204.286,81.9107,0.106829,1309.99,0.0222429,4.04654,158.143,237,197.947
5.15385,172.308,49.2272,0.0924154,1080.13,0.0273,3.90368,175.308,244.615,221.492
19.2,207.6,107.402,0.10984,1228.27,0.02,4.06472,148.4,229.2,181.67
3.23684,55.4737,9.33265,0.0157553,52.0867,0.169818,2.30681,220.868,247.632,243.762
20.8333,166.667,80.058,0.0456667,251.306,0.0441833,3.3478,59.5,209.167,151.053
12.8,184.333,85.3073,0.0995933,1058.4,0.0215133,4.00786,156.8,234.133,193.626
4.88462,137.885,31.5427,0.0449577,313.492,0.0709846,3.22347,181.538,244.077,228.788
4.7027,79.8919,13.8541,0.0195297,75.5512,0.159738,2.45419,211.459,245.811,240.401
4.74286,100.6,21.2104,0.03754,219.656,0.0719543,3.10436,195.343,244.514,234.327
5,221,108.795,0.0732,616.262,0.0291,3.7508,23,238,148.994
5.11364,138.136,30.3485,0.0514295,405.587,0.0718114,3.31245,184.227,244.318,230.007
6.33333,187.25,63.2256,0.101642,1245.5,0.0319583,3.94304,167.583,243.417,212.771
3,41.9722,6.27333,0.00850833,21.2962,0.2955,1.74057,228.556,248.972,245.945
4.20833,105.312,19.6668,0.0301729,165.333,0.107871,2.83485,198.021,246.125,236.237
5,218.5,76.4102,0.1515,2485.25,0.0158,4.32535,170,248,213.584
6.5,193,81.1973,0.1291,1807.25,0.0184,4.19785,141.5,242.5,197.625
6.9,196.2,74.6285,0.11105,1399.85,0.02078,4.0706,164.1,242,205.851
12.0625,169.5,69.5601,0.057375,382.647,0.0366875,3.53504,163.625,237.25,203.656
5.8,214.6,68.9578,0.12808,2056.65,0.03274,4.07438,161,244.4,212.534
8.03333,165,55.8846,0.07763,730.715,0.0329633,3.76097,164.533,241.067,213.362
70.3333,191.333,135.671,0.0429667,199.131,0.0438333,3.28723,185.667,212,193.535
4.875,101.5,23.4037,0.0440417,286.816,0.0624583,3.24564,200.417,247.167,236.658
6.1,168.9,54.5186,0.0906167,1013.46,0.0292633,3.89145,168.567,241.967,214.804
2.04839,5.25806,2.62576,0.000720968,0.369761,0.765147,0.433623,246.306,249.774,248.379
4.85714,179.143,53.899,0.102786,1315.38,0.0246,3.99689,174.286,247.429,221.297
19,192.667,105.053,0.079,702.328,0.0264,3.8221,63.6667,224,155.316
10,191.7,86.6172,0.10373,1160.08,0.02332,4.01674,153.3,235.3,193.418
9.69565,186.652,86.9161,0.0874913,810.154,0.0250304,3.88489,149.696,234.478,189.045
5.57143,195.857,68.0977,0.124557,1728.77,0.0193,4.15253,171.143,246.429,214.496
7.85714,176.286,60.9407,0.0699476,609.339,0.0424429,3.64291,163,239.81,210.292
