11.5714,193.929,92.4453,0.0773714,677.225,0.0289143,3.77617,107.929,231.571,173.803
5.21429,197.786,62.2084,0.0794143,784.965,0.0370357,3.75346,166.5,243.429,212.424
5.08696,125.761,27.8818,0.0410674,267.659,0.0776391,3.1333,185.522,244.152,230.315
3.43396,60.4717,9.84972,0.0162566,55.9697,0.177192,2.30657,219.302,247.698,243.597
8.35,197.5,79.143,0.11494,1482.66,0.02207,4.09164,163.05,241.2,203.998
6.58333,145.306,41.8368,0.0545819,414.192,0.0576153,3.41315,180.5,243.236,223.714
4.48837,78.5814,14.6912,0.0227721,96.2601,0.120791,2.64324,210.86,245.349,239.412
8.01163,146.593,46.9089,0.0652523,532.252,0.0398186,3.61533,172.267,240.558,217.293
6.17391,211.043,74.7751,0.127209,1858.1,0.0217739,4.15507,163.913,244.522,209.292
6.46154,149.231,47.4725,0.0816731,786.993,0.0290577,3.81346,176.615,243.269,220.354
6.08,161.92,46.9426,0.06954,638.027,0.046128,3.61469,173.46,243.02,220.627
7.25581,157.047,51.9109,0.0768581,718.707,0.0327767,3.75945,168.605,241.628,215.818
5.78431,107.314,24.6893,0.0358569,205.319,0.0843608,3.02881,192.627,244.118,232.153
2.07143,8.67857,2.83106,0.00149762,1.52639,0.680937,0.634349,245.071,250.024,248.533
9.75,180.125,82.8528,0.0888594,851.005,0.0244562,3.90246,147.625,234.406,190.551
4.10204,94.5306,17.5446,0.0292612,149.211,0.0964122,2.86231,203.429,246.776,238.333
39.5,183.5,110.508,0.05055,300.146,0.0404143,3.42083,106.357,206.571,159.813
5.33333,169.485,50.9701,0.0881697,938.697,0.0302212,3.86835,172.121,243.879,218.876
5.05357,119.179,29.0078,0.0484607,333.087,0.0555339,3.34216,188.554,244.196,230.191
6.13793,157.345,46.4686,0.0823103,860.136,0.0295724,3.81881,175.483,245.103,221.766
8.57143,189.762,72.4006,0.104176,1253.62,0.0258286,3.99601,163.619,240.238,205.572
4.875,227,79.3155,0.15285,2521.44,0.0159125,4.31521,167.375,246.125,210.047
10.8519,187.963,88.0316,0.0947593,971.195,0.0232778,3.95733,152.259,234.259,190.186
7.30189,174.453,59.603,0.094566,1070.27,0.0269094,3.93026,168.774,241.868,213.416
3.01786,36.5357,5.80169,0.007175,16.3667,0.329195,1.60009,231.018,248.804,246.076
