11.3333,191.444,79.5211,0.102689,1192.07,0.0296167,3.95404,159.444,236.5,199.513
3.72727,26.5455,5.74325,0.00484545,7.23712,0.375336,1.3737,233.727,245.818,243.868
6.70968,159.742,50.0602,0.0830839,859.104,0.0291387,3.82618,172.871,243.677,219.035
4.15385,116.692,26.3296,0.0518385,404.759,0.0550462,3.37548,190.462,244.154,232.054
4.8,170.8,37.9617,0.05404,452.153,0.05578,3.40978,175.2,245.6,227.44
7.52632,181.947,64.2033,0.0702947,616.99,0.0411526,3.64988,161.263,239.737,208.142
15.75,181.25,93.1582,0.07875,688.262,0.026325,3.8216,71.25,226.5,161.387
5.11111,123,23.5725,0.0377889,254.107,0.0853667,3.03709,177.667,241.667,229.553
3,97.625,18.2046,0.044925,312.871,0.05705,3.27707,204.875,250.625,241.578
5.81579,160.289,47.4429,0.07675,738.698,0.0358684,3.73792,171,244.158,220.174
79.5,190.5,138.93,0.04025,172.696,0.0456,3.2338,189.5,207.5,195.752
4.2,95.7,22.9227,0.05004,346.898,0.04818,3.41074,201.7,246.7,235.284
1.71429,3,2.13868,0.0003,0.0794643,0.865486,0.23575,247.357,249.929,248.824
5.44444,172.148,50.6832,0.0875222,929.765,0.0310037,3.85447,173.296,245.074,220.144
0,0,0,0,0,0,0,0,0,0
9.54545,195.818,82.5991,0.118291,1546.73,0.0231636,4.10713,161.727,240.091,201.624
8.18182,159.818,52.4002,0.0661591,543.817,0.0386318,3.62241,155.636,237.545,209.409
6.3125,209.75,76.8955,0.12575,1771.25,0.0189375,4.16703,163.688,244.188,207.855
5.5,100.714,24.4319,0.0399,226.682,0.0574643,3.20311,188.5,241.071,228.882
10.0526,181.368,77.094,0.0985368,1062.66,0.0225842,3.98899,160.053,237.158,200.044
3.71429,13.1429,4.76117,0.00195714,1.3738,0.557686,0.879414,241.143,247,245.55
5,173.2,51.4839,0.09484,1118.87,0.0273667,3.92744,172,244.8,219.874
11.9333,190.867,88.8938,0.0942067,967.965,0.0232,3.95697,151.8,233.667,189.254
3.66667,123.75,17.4577,0.0278417,161.553,0.130308,2.70991,195.5,247.917,239.773
13,168,77.4258,0.0474,253.679,0.0395,3.4025,55,217,146.25
0,0,0,0,0,0,0,0,0,0
6.6,122,36.3031,0.0453,292.753,0.06762,3.2554,161.8,237.4,214.987
6.9,196.2,74.6285,0.11105,1399.85,0.02078,4.0706,164.1,242,205.851
6.11111,138,34.9731,0.0622389,519.458,0.0390944,3.58842,180.389,244.389,227.094
0,0,0,0,0,0,0,0,0,0
5.13889,151.222,39.1136,0.0709333,671.616,0.0449139,3.63929,178,244.444,225.389
2.44444,26.4444,4.32422,0.00491111,7.64629,0.391589,1.36962,237.111,251.333,248.686
0,0,0,0,0,0,0,0,0,0
1.9,3.7,2.47266,0.00048,0.12501,0.79338,0.35832,245.6,248.4,246.969
0,0,0,0,0,0,0,0,0,0
0,0,0,0,0,0,0,0,0,0
3.8,92.4,19.7414,0.04056,253.95,0.0733,3.15432,209.4,250.4,241.678
4.4,145,28.9508,0.04196,293.86,0.06518,3.19488,187.4,247.6,234.405
4.4,141.8,28.0219,0.05273,427.274,0.06844,3.33728,192.6,247.9,235.413
5,221,108.795,0.0732,616.262,0.0291,3.7508,23,238,148.994
5.07143,86.2857,16.5815,0.0231929,97.5414,0.107336,2.69526,203.786,243.143,236.334
6.26087,155.304,38.2041,0.0510348,388.403,0.0774348,3.29138,175.13,242.739,224.333
6.5,162,42.8808,0.07595,864.852,0.0363,3.69175,92,232,196.193
0,0,0,0,0,0,0,0,0,0
0,0,0,0,0,0,0,0,0,0
4,86.625,16.1946,0.03035,164.893,0.105956,2.85301,208.188,246.938,239.329
0,0,0,0,0,0,0,0,0,0
5.66667,150,47.2253,0.0431333,243.426,0.0482333,3.2963,72.6667,230,183.004
2.33333,43,7.97743,0.0187222,61.0125,0.120167,2.5454,229.667,251.333,247.796
5.25,119.75,29.0576,0.0344375,182.151,0.0723,3.0395,175,240.875,223.502
4,242,80.2071,0.16775,3095.85,0.01545,4.33565,162.5,242,205.412
2.5,147.167,16.3568,0.0377167,321.794,0.113333,2.91247,186.167,249.5,240.633
0,0,0,0,0,0,0,0,0,0
5.06667,115.067,33.5536,0.0616667,475.829,0.03608,3.60239,192.133,245.733,229.399
5.75862,166.517,52.0892,0.0904724,1015.74,0.0292483,3.89261,171.586,242.586,217.297
1.44444,21.1111,2.7409,0.00427778,6.81297,0.414644,1.28503,242.444,253.333,251.384
4.5,127.5,17.0436,0.03075,206.01,0.132133,2.75173,195.667,248.167,241.039
3.4,164.6,31.4156,0.03782,257.274,0.10416,2.97938,175.8,244.9,228.541
2.93333,64.4667,12.0562,0.0274667,126.314,0.0952333,2.84201,217.267,248.333,242.649
1.4,6.6,2.17658,0.00072,0.27584,0.72114,0.48536,246.6,250.8,249.42
6.91304,157,50.787,0.0834435,804.066,0.027687,3.83595,173.957,242.87,218.647
5.96552,136.414,38.0672,0.066831,582.147,0.0489345,3.58441,183.966,243.621,225.699
7.2,189.36,68.5372,0.105056,1285.46,0.022816,4.02804,166.28,242.4,209.294
10.0476,187.095,89.6717,0.087819,810.73,0.0249048,3.8887,148.714,233.857,187.032
52,193,129.152,0.0484,252,0.0403,3.3941,178,221,189.102
2.15385,16.3846,3.27525,0.00327692,3.74553,0.464538,1.13738,242.154,250,248.39
0,0,0,0,0,0,0,0,0,0
2.63636,57,9.49824,0.0173909,64.0697,0.181291,2.33025,218.273,248.818,244.173
8.4,148.733,49.2141,0.06394,479.656,0.03338,3.63563,167.267,239.133,214.304
12.4615,189.692,87.0463,0.0790308,704.215,0.0283308,3.79728,152.692,233.154,190.121
3.58333,39.5,6.5905,0.006425,14.4688,0.376875,1.49484,228.583,248.333,245.614
5,76.1875,13.5979,0.0188375,68.2172,0.148569,2.4695,215.375,246.688,241.623
3.27273,7.81818,4.0174,0.000854545,0.396209,0.724418,0.522191,243.727,247.091,245.925
1.26667,2.73333,1.63021,0.000466667,0.129173,0.802873,0.348727,249.267,252.8,251.095
3.92857,63.3571,9.34039,0.0124643,42.078,0.223814,2.05393,215.143,244.786,241.27
24.6,191.4,102.285,0.07026,518.365,0.02812,3.70706,154.8,223.4,180.593
3,59,6.44532,0.00782,20.6383,0.30154,1.6677,220.4,246.6,244.319
3.45455,65.0909,13.234,0.0231545,87.9129,0.101073,2.7026,219.091,246.273,240.838
0,0,0,0,0,0,0,0,0,0
3.75,45.25,9.17628,0.0132875,33.7021,0.16005,2.2432,224.875,246.625,242.416
6.66667,144.333,63.0143,0.0443333,206.651,0.0424,3.31683,162,242.667,202.133
4.22222,88.7222,20.9855,0.0366611,201.998,0.0678167,3.10579,204.389,246.444,236.228
4.63158,94.6316,17.5265,0.0274737,133.182,0.0986316,2.81785,201.684,246.053,237.909
5,103.833,12.8047,0.01375,63.8611,0.277,1.9724,201,246.5,241.651
9,154.833,52.4772,0.0531,327.349,0.0391667,3.4784,174.333,237.667,214.928
5.77778,216.222,70.6133,0.133222,2088.5,0.0256778,4.16429,165.556,245.889,213.303
12.8333,169.667,82.1569,0.0582,381.528,0.0345667,3.56427,133.667,230.667,180.145
8.94444,186.5,85.1341,0.09145,900.357,0.0238611,3.92916,152.444,235.611,191.491
0,0,0,0,0,0,0,0,0,0
5,221,82.0225,0.150525,2394.92,0.015775,4.31648,168.75,247.25,209.463
6,103.25,25.0316,0.0431083,277.864,0.0698417,3.19906,196.167,244.75,233.609
0,0,0,0,0,0,0,0,0,0
56.5,203.5,128.027,0.0579,369.398,0.0346,3.5404,26.5,155,91.4043
4.81818,119.273,30.4304,0.0484,319.541,0.0533,3.35496,187.273,243.182,228.746
37,165,118.75,0.0403,172.462,0.0475,3.2474,78,186,130.738
0,0,0,0,0,0,0,0,0,0
2.13333,38.8,5.09662,0.00944667,25.0103,0.25956,1.85189,232.8,251.267,248.34
7.13333,117.333,34.3107,0.05378,356.523,0.03934,3.49288,183.6,240.8,224.763
35.25,198.75,126.967,0.0604125,405.993,0.03375,3.57168,173.875,226.25,189.663
0,0,0,0,0,0,0,0,0,0
