4.52,104.82,21.9588,0.035574,205.481,0.085542,3.01999,194.04,244.94,233.756
8.95455,167.682,62.5602,0.0794909,736.268,0.0317591,3.79132,157.227,237.5,206.003
5,224.8,80.1766,0.14902,2357.64,0.01616,4.30006,168.6,247.6,210.906
1.26667,2.73333,1.63021,0.000466667,0.129173,0.802873,0.348727,249.267,252.8,251.095
1.80952,19,3.06661,0.0038619,5.36013,0.437738,1.21889,242,251.619,249.762
9.63636,188.455,82.2262,0.0776727,683.442,0.0293636,3.77542,143.818,233.818,188.086
0,0,0,0,0,0,0,0,0,0
9.54545,195.818,82.5991,0.118291,1546.73,0.0231636,4.10713,161.727,240.091,201.624
0,0,0,0,0,0,0,0,0,0
7.72222,192.278,73.1597,0.109394,1369.24,0.0215167,4.06034,164.333,240.667,205.724
28.9,166.5,86.1625,0.04319,219.88,0.04579,3.29736,118.2,220.4,180.052
3.05714,42.2857,6.56786,0.00911143,22.7281,0.274514,1.81186,228.943,249.171,246.048
5.30769,141.346,33.413,0.0520942,402.459,0.0668423,3.34174,182.481,244.077,228.172
5.23333,171.433,50.7837,0.08729,927.311,0.03085,3.85267,172.6,244.867,219.601
6.19231,179.038,51.5224,0.0690154,646.188,0.0484808,3.59991,162.231,241.038,215.258
10.3793,164.793,61.8025,0.0672621,542.069,0.0361517,3.64503,156.172,235.69,204.118
6.10526,138.316,39.2163,0.0665289,576.829,0.0461368,3.59464,182.947,243.553,225.3
12,191.609,91.9433,0.0939652,950.125,0.0234348,3.94823,150.739,233.652,187.655
5.75862,166.517,52.0892,0.0904724,1015.74,0.0292483,3.89261,171.586,242.586,217.297
5.08333,139.875,37.0199,0.0722833,675.723,0.0415208,3.66953,185.792,245.833,228.541
3.33333,11,4.26151,0.00161667,1.13542,0.616056,0.762878,242.611,247.444,246.132
4,242,80.2071,0.16775,3095.85,0.01545,4.33565,162.5,242,205.412
0,0,0,0,0,0,0,0,0,0
4.17391,69.3043,9.95261,0.0126609,43.5821,0.232909,2.04437,214.565,245.13,241.597
13.4,204,106.55,0.07668,667.902,0.02748,3.79358,47.4,229.6,152.787
2.15385,4.30769,2.68269,0.0005,0.136546,0.788515,0.368354,245.462,248.231,246.89
0,0,0,0,0,0,0,0,0,0
6.37037,153.741,47.8287,0.0826074,809.289,0.0283407,3.82445,176.444,244.148,221.236
5.09259,118.704,29.1083,0.0484926,331.671,0.0550944,3.34597,189.259,244.389,230.412
5.90909,214.091,71.0298,0.130518,2029.27,0.0246364,4.16365,165,244.545,211.817
5.06667,125.044,27.2864,0.0409689,267.803,0.0783378,3.12843,186.644,244.311,230.986
0,0,0,0,0,0,0,0,0,0
6.4186,135.698,38.6606,0.0621977,486.103,0.0361814,3.60534,179.767,243.442,224.26
0,0,0,0,0,0,0,0,0,0
3.18182,57.2121,10.3821,0.0190182,66.648,0.142024,2.48642,221.03,248.909,244.326
1.66667,3.55556,2.181,0.000388889,0.110417,0.833317,0.289578,247.278,250.111,248.927
7.27778,168.167,58.6226,0.0849639,865.611,0.0277111,3.85339,162.083,240.417,210.095
4.95,159.9,41.9644,0.074965,742.475,0.03805,3.70459,182.6,248.45,228.382
8.35714,180.464,68.9329,0.0967179,1075.06,0.0240643,3.96366,163.107,239.286,206.084
9,194.348,72.8607,0.103374,1252.93,0.0274739,3.98104,163.609,241.13,206.6
6.38462,208.231,77.8251,0.125562,1738.91,0.0188769,4.1628,163.538,244.692,207.596
0,0,0,0,0,0,0,0,0,0
9.85,186.85,89.2752,0.08794,813.316,0.02496,3.88913,148.4,233.9,187.052
30.0588,188.824,111.529,0.0598412,396.804,0.0337765,3.5717,141.118,218.706,173.34
4.38462,78.7436,14.6342,0.0230051,98.4897,0.120013,2.65145,210.513,245.333,239.294
3.04762,27.0476,4.98289,0.00489524,8.25099,0.39579,1.3497,234.81,248.238,246.034
0,0,0,0,0,0,0,0,0,0
7.72222,177.889,66.9635,0.101406,1166.7,0.0254389,3.98054,166.722,240.944,208.659
4.16667,94.7917,17.6482,0.0291625,148.502,0.0970667,2.8584,203.312,246.771,238.285
0,0,0,0,0,0,0,0,0,0
