2,38.5385,4.6809,0.00940769,25.1064,0.262346,1.83781,233.077,251.692,248.904
4,15.5,5.42775,0.00305,2.36875,0.42505,1.1447,239.5,246,244.615
8.5,183.7,83.0238,0.09084,885.735,0.02331,3.93536,153.9,236,192.018
7.875,143.125,46.4272,0.0635188,481.25,0.0345188,3.62188,170.688,240.312,217.55
5.25,193.25,67.9761,0.1094,1400.2,0.021125,4.06159,164.75,243.375,209.684
3,58.5,6.04688,0.006725,18.0531,0.3338,1.54065,220,246.75,244.48
4.5,65.5,11.3769,0.0176,58.2521,0.1379,2.4612,199,236.5,232.084
4.5,83.9,16.5766,0.02406,102.229,0.10096,2.73733,203.2,243.5,236.351
7,125.667,37.5495,0.0464833,295.821,0.0625,3.29467,162.833,237.167,215.268
3.6,180.2,47.9609,0.1,1308.75,0.02634,3.9668,175.4,250,225.615
12.5,190.75,96.8291,0.1111,1320.07,0.019425,4.1061,153.75,232.5,185.229
3.94444,82.5556,17.8739,0.0330444,170.909,0.0803667,3.00138,209.5,246.722,238.031
3.28571,171.286,24.2355,0.0358,264.883,0.113929,2.89557,182.714,246,235.184
4.85714,224.857,78.4331,0.146057,2305.87,0.0162571,4.30011,169.143,247.286,211.455
8.0625,146,49.6987,0.0708562,603.364,0.0348063,3.69065,176.812,240.938,218.588
4.22222,55.1111,9.76259,0.0124222,34.0607,0.188511,2.13938,220.444,244.667,240.767
7.17647,188.059,63.3486,0.0715882,639.921,0.0424235,3.64924,154.765,238.765,205.318
5.61111,145.778,41.7023,0.0822556,866.096,0.0296833,3.81793,181.5,246.5,226.254
1.85714,24.1429,3.38451,0.00412857,6.62024,0.442629,1.22731,240.286,253,250.547
15.7778,200.444,99.8876,0.108011,1206.64,0.0200667,4.06239,151,231,185.191
6.1,89,17.0289,0.02061,80.5313,0.12415,2.57416,209.7,244.3,238.3
3,63.7143,11.7458,0.0258,118.398,0.104664,2.76639,217.571,248,242.318
7.59091,141.636,41.3084,0.0555364,392.068,0.0403818,3.50648,171.682,239.818,219.513
6.57143,142.714,37.7391,0.06265,513.61,0.03785,3.60192,175.643,243.286,224.126
6.66667,186,71.7838,0.124667,1637.06,0.0178,4.1973,170.333,242.667,212.049
3.5,111,13.3301,0.01605,80.15,0.28505,2.017,196.5,249,242.764
4,43,7.00065,0.00626667,13.3833,0.351283,1.52213,226.167,247.667,245.159
3.36364,63.4545,8.54545,0.0125636,46.0784,0.235982,2.02593,216.909,247.545,244.012
4.8,126.2,21.5336,0.0292,145.793,0.09268,2.87778,199.2,248,239.203
2.83333,173.167,20.2591,0.03895,385.019,0.180283,2.71158,181.167,247.5,237.281
7.27273,152.864,51.7188,0.0841818,801.954,0.0261727,3.85432,173,241.909,216.907
7.2,193,69.2164,0.1144,1543.41,0.02888,4.03316,171.4,246.4,215.001
58.25,201.75,132.822,0.059225,387.406,0.033825,3.55638,74.75,177.25,123.722
8.38462,178.615,66.4434,0.0966308,1078.25,0.0241808,3.96413,164,239.577,207.815
5.25,111.167,32.9121,0.0622583,476.42,0.0345417,3.62184,195.917,246.083,230.449
12.6,196.1,95.3043,0.09549,998.27,0.02335,3.95799,149.6,233.7,184.926
4,141.75,35.3774,0.07605,754.928,0.0348875,3.72734,188.25,248.375,231.299
5,107.375,24.6148,0.0294125,147.691,0.09875,2.83593,186,241.875,228.67
3.89474,130.158,25.8259,0.0513105,417.447,0.0658842,3.31927,193.316,247.105,235.382
3.25,97.0833,21.9746,0.0477917,320.852,0.0506,3.35402,202.583,248,237.346
3.36364,140.364,25.3448,0.0408,307.041,0.0893364,3.07685,185.364,247.091,234.771
3.2,37.5,6.85469,0.00797,19.5304,0.33501,1.66674,229.2,247.9,244.588
5.125,160.792,39.7215,0.0691417,666.191,0.0521667,3.58273,173.958,244.292,224.739
24.4,183.4,101.026,0.0692,503.71,0.02868,3.68714,154.6,222.8,180.062
3.55556,11.3333,4.48611,0.00157778,1.1074,0.619511,0.764367,242.444,247.444,246.026
4.1,135.3,27.0324,0.05921,550.165,0.0627,3.42483,187.6,246.4,233.342
6.42857,193.929,63.1384,0.100971,1250.46,0.0314643,3.93914,167.571,244.071,213.766
2.66667,116.167,14.8503,0.0267333,175.824,0.17075,2.53113,203.167,249.833,242.556
5.25,125.125,34.5415,0.0364375,190.114,0.06815,3.0962,169.25,240.125,218.355
2.45455,17.7273,3.79192,0.00383636,4.77539,0.4423,1.2292,240.818,249.545,247.824
5.7037,172.185,53.9326,0.0889741,939.333,0.0302111,3.87199,168.444,242.963,216.001
3.33333,56.9444,11.3357,0.0205833,75.8167,0.134794,2.54543,220.056,247.556,242.725
4.15789,89.5789,15.8026,0.0275263,135.391,0.100479,2.8205,205.263,247.263,239.797
4,126.25,23.8096,0.0459,329.804,0.064625,3.26144,190.375,247.875,235.529
4.83333,103.75,27.3346,0.0526417,359.952,0.0407083,3.48234,198.833,246.75,233.733
5.36364,132.818,32.767,0.0392909,249.141,0.0840727,3.07266,176.091,242.273,225.093
7.5,179.5,67.583,0.110475,1338.12,0.020675,4.06645,164.75,238,205.663
7.2,155.2,54.7555,0.04446,249.025,0.04608,3.32884,81.6,228.8,179.078
6.41667,210.833,78.0446,0.125192,1743.31,0.0190583,4.15893,162.667,244.5,207.144
0,0,0,0,0,0,0,0,0,0
7.6,119.9,33.8067,0.05204,343.237,0.04272,3.45062,176.3,236.6,221.106
20,250,130.461,0.1224,1437.57,0.0176,4.1617,164,236,184.633
1.5,3.08333,1.80729,0.000441667,0.123267,0.819308,0.322925,249.167,252,250.734
8.68182,163.636,57.6671,0.0672091,550.11,0.0376409,3.63839,154.545,237.227,206.237
6.26667,166.767,51.4508,0.0768733,735.26,0.0361367,3.73962,165.033,242.733,216.141
4,242,80.2071,0.16775,3095.85,0.01545,4.33565,162.5,242,205.412
15,191.923,95.1626,0.0791615,713.144,0.0281385,3.80358,132.154,230.769,180.914
5.66667,100.667,12.1823,0.0113,49.4458,0.308033,1.8277,202.667,244.667,241.079
4.6,97,21.4188,0.037364,216.724,0.073252,3.10005,197.04,244.68,234.327
2.9,6.6,3.60118,0.00075,0.31208,0.73828,0.4806,244.3,247.1,246.085
1.75,3.25,2.23028,0.000375,0.099175,0.835565,0.28747,246.55,249.45,248.094
18.75,184.583,103.778,0.059975,400.275,0.033975,3.57508,167.5,234.75,193.039
0,0,0,0,0,0,0,0,0,0
5.62963,166.519,50.9217,0.0901074,1017.38,0.0297519,3.8856,172.778,242.963,218.447
1.4,6.6,2.17658,0.00072,0.27584,0.72114,0.48536,246.6,250.8,249.42
3.66667,26.3333,5.75651,0.00500833,7.41528,0.364592,1.40407,234.083,246.083,244.059
13.75,202,105.587,0.1213,1517.99,0.018425,4.1575,146.25,232,179.933
5.8,135.333,38.7781,0.06802,574.071,0.04372,3.63749,182.867,243.067,224.315
1.14286,17.2857,2.18974,0.00384286,5.29049,0.423457,1.22036,244,252.714,251.127
10.3333,188.333,95.4891,0.0891667,817.374,0.0236067,3.9059,145.733,233,182.792
8,184.846,61.7605,0.0831846,826.725,0.0307538,3.80872,166,241.385,211.81
0,0,0,0,0,0,0,0,0,0
6.64286,174,60.2405,0.100171,1163.02,0.02695,3.95799,170.286,243.143,214.106
0,0,0,0,0,0,0,0,0,0
11,196,95.9934,0.09426,937.266,0.02357,3.94364,151.1,234,187.026
2.25,29.75,3.8955,0.0042,7.48853,0.434125,1.24392,235.5,252,249.364
1,2,1.41094,0.00044,0.11584,0.79978,0.34488,249.4,253.8,251.397
11.4,158,62.7617,0.05458,329.052,0.0361,3.51192,168.8,235.6,205.977
62,184.75,131.44,0.0423,192.464,0.04475,3.27728,158.75,205.5,177.836
4.33333,135.333,17.0664,0.0304833,193.644,0.11175,2.80615,190.333,248.5,240.757
2.375,42.75,8.09181,0.01745,52.2724,0.122163,2.49721,232.375,251.125,247.588
6.66667,174.133,56.0482,0.08364,879.37,0.0289667,3.83404,154.333,240.133,209.398
6.22222,211.667,70.3533,0.128711,1996.57,0.0264444,4.1333,163.778,244.111,211.593
0,0,0,0,0,0,0,0,0,0
4.15385,71.4615,11.8855,0.0188308,65.367,0.146477,2.47704,216.615,248.077,243.263
4.9,95.9,21.6695,0.04066,250.682,0.06676,3.17666,199.2,245.5,235.364
5.18182,127.182,37.4968,0.0755091,691.646,0.0300182,3.76565,189.455,245.818,228.317
5.69231,105.154,23.9721,0.0434,279.522,0.0674692,3.21282,196.538,245.923,235.145
5,221,108.795,0.0732,616.262,0.0291,3.7508,23,238,148.994
4.83333,169.667,37.2311,0.0553167,457.969,0.0522667,3.4476,177.167,246,228.305
