7.87692,155.246,52.1719,0.0673215,568.466,0.0427154,3.61635,164.769,239.723,212.982
3.37333,56.8533,9.10526,0.0146013,48.062,0.196784,2.19697,221.053,247.8,243.873
5.27273,222.909,75.0828,0.139527,2221.36,0.0233273,4.20781,168.818,246.818,212.771
4.35821,101.09,19.9115,0.0324896,178.671,0.0912552,2.94002,198.239,245.836,236.008
4.22414,81.2759,14.792,0.0242483,107.815,0.114431,2.69932,209.379,245.948,239.579
9.46667,200.4,85.2938,0.117547,1514.88,0.0221933,4.10743,160.867,239.733,199.923
4,242,80.2071,0.16775,3095.85,0.01545,4.33565,162.5,242,205.412
7.82759,175.448,62.4374,0.0952897,1069.29,0.0246207,3.95294,169.172,241.069,211.568
8.09375,189.531,69.1984,0.105856,1302.15,0.0225531,4.03049,165.594,241.719,208.688
28.9,166.5,86.1625,0.04319,219.88,0.04579,3.29736,118.2,220.4,180.052
30.0588,188.824,111.529,0.0598412,396.804,0.0337765,3.5717,141.118,218.706,173.34
5.30769,141.346,33.413,0.0520942,402.459,0.0668423,3.34174,182.481,244.077,228.172
6.71429,137.959,40.2336,0.0624612,490.108,0.0360286,3.60748,178.551,243.02,223.143
6.79545,157.136,50.2621,0.0833432,828.212,0.0280773,3.8333,173.568,243.318,219.008
5.05085,119.407,29.0595,0.0479305,328.608,0.0575288,3.32654,188.983,244.339,230.406
8.08,184.24,70.9905,0.101012,1173.05,0.028792,3.95833,162.92,240.12,205.849
5.09259,120.963,26.651,0.0401019,254.445,0.0792426,3.11481,187.778,244.241,230.988
9.91304,188.913,89.3181,0.0927957,918.068,0.0234304,3.9423,152.435,234.826,189.423
6.38889,207.444,76.0015,0.126572,1793.4,0.0189222,4.17394,162.611,244.111,207.932
7.45098,166.745,57.3967,0.077249,732.844,0.0339039,3.75557,163.196,241.196,211.51
5.61111,170.889,50.4186,0.0861667,918.458,0.0311333,3.84164,172.861,244.917,219.904
10.6154,186.038,86.7685,0.0867846,815.12,0.0257077,3.87172,141.808,233.308,187.307
7.73529,173.559,63.0311,0.0917529,1004.48,0.02805,3.90606,163.412,239.235,207.916
2.36667,15.4917,3.60574,0.00281167,4.64157,0.587268,0.880682,241.65,249.75,247.988
5.71154,158.731,45.1849,0.0712731,661.88,0.0430442,3.65089,172.923,242.981,220.165
