3.07287,41.5628,7.59644,0.0108352,38.8608,0.369141,1.66169,228.765,248.364,245.002
7.88,203.52,80.5119,0.12264,1660.41,0.020672,4.14162,162.8,242.36,204.646
7.87952,175.807,64.4997,0.0941229,1037.89,0.0259711,3.93653,165.145,240.024,208.616
4,242,80.2071,0.16775,3095.85,0.01545,4.33565,162.5,242,205.412
9.25828,145.477,47.3468,0.0585834,446.987,0.0465199,3.50887,174.185,239.689,217.654
6.01081,115.649,27.6689,0.0387784,238.781,0.0784114,3.09468,188.33,243.659,230.119
7.05072,160.312,52.1855,0.0721188,657.305,0.0406551,3.67212,166.08,241.457,214.646
5.4,216.8,72.6487,0.136553,2147.98,0.0223467,4.20365,166.2,246.067,212.332
7.2126,170.646,61.6674,0.0853,853.643,0.0289567,3.8463,165.591,241.039,209.873
8.27451,191.49,72.845,0.105353,1280.22,0.0249294,4.00955,163.804,240.647,205.806
