5.95238,143,41.3692,0.0757,713.523,0.0316429,3.74913,182.762,246,226.478
30,216.5,122.316,0.1114,1230.63,0.02075,4.04325,134.5,219,168.74
2.88,34.48,5.46508,0.006846,15.4275,0.340008,1.564,232.3,249.2,246.611
5.3125,124,30.5894,0.0459187,308.663,0.06245,3.28228,181.625,242.938,227.446
5,221,108.795,0.0732,616.262,0.0291,3.7508,23,238,148.994
5,197.833,58.5443,0.0871,1022.07,0.0385333,3.79395,168.333,245.333,216.396
4,229,84.9727,0.1747,3211.48,0.0145,4.3708,159,239,200.047
4.66667,230,73.6472,0.1401,2187.13,0.0169,4.2783,169.667,247.333,214.112
3,53.931,10.0396,0.0188655,64.9119,0.139855,2.48539,223.138,249.483,244.983
4.75,173.875,47.5054,0.09775,1171.04,0.0283375,3.92879,174.25,246.375,223.333
3.91667,130.833,16.3685,0.0292833,187.156,0.130025,2.72672,187.333,246.667,238.3
7.73684,143.737,44.5987,0.0648474,507.182,0.0335,3.65403,166.789,239.789,216.919
7.66667,187.333,70.8763,0.12005,1572.97,0.0187833,4.16197,171.333,243.833,212.659
42,159,101.855,0.0615,375.9,0.0316,3.6002,191,224,201.59
6.25,142.917,45.2188,0.0840167,840.501,0.0271167,3.8543,180.417,245.583,223.032
5,223.5,87.6348,0.14955,2304.59,0.01575,4.3076,167.5,246.5,205.342
2.85714,149.571,16.8694,0.0376429,317.102,0.106857,2.93499,186.714,249,240.349
5.4,181,55.1055,0.1084,1380.08,0.02152,4.04482,171,245.8,218.299
56.5,203.5,128.027,0.0579,369.398,0.0346,3.5404,26.5,155,91.4043
5.13333,105.133,23.4537,0.03788,223.451,0.07796,3.09688,189,242.2,230.647
8.5,223.5,106.596,0.1305,1790.92,0.01805,4.1943,135,241,186.029
21,211,128.57,0.07995,700.942,0.0268,3.79765,71,228.5,155.9
4.64286,114.357,22.3125,0.0289,148.024,0.101221,2.82309,192,244.786,233.589
5,126,34.1983,0.0725,639.453,0.0306778,3.73149,193.111,247.222,231.278
9.5,169.688,75.1528,0.0888,823.702,0.0237563,3.9009,156.625,236.25,197.901
3.41667,95.8333,21.4053,0.0472917,318.671,0.0511333,3.34208,204.25,248.667,238.51
11.2222,170.556,74.8737,0.0713333,555.265,0.0291444,3.71467,156.444,234.556,196.483
6.625,183.125,56.2178,0.0994625,1240.8,0.0363625,3.90591,173.25,245.25,219.015
5.33333,114.133,33.6711,0.0621933,473.886,0.03454,3.61802,193.6,245.8,229.658
4.66667,221.333,66.3841,0.125433,2090.54,0.042,3.98137,168.333,247.333,217.12
8.4,211.4,94.1516,0.1137,1419.63,0.02004,4.09638,157.2,238.2,193.402
10.5,151.5,57.7461,0.07755,675.583,0.02585,3.84555,71.5,224.5,166.873
5.07692,181.692,49.5406,0.0861846,941.482,0.0369846,3.806,170.462,246.154,221.675
18,155,78.586,0.0566,349.207,0.0344667,3.53973,149,227,186.029
11.3571,183.357,83.483,0.0996357,1062.45,0.02155,4.00697,156.929,235.071,194.751
4.08333,61.375,9.3986,0.0119083,36.541,0.22385,2.03177,217.25,245.125,241.56
5.53571,131.393,32.9982,0.0543393,409.818,0.0467786,3.45298,184.893,243.75,228.194
4.93333,161.533,35.557,0.0659467,666.391,0.0659867,3.47148,175.4,244.4,227.359
5.21429,125.929,35.0098,0.0671357,575.291,0.0381714,3.64182,187.786,244.786,227.843
37,165,118.75,0.0403,172.462,0.0475,3.2474,78,186,130.738
6.78571,155.5,43.0873,0.0597214,466.799,0.0427,3.53529,174.357,243.929,222.86
6,201.667,65.3034,0.1285,1931.82,0.0192333,4.19403,168,246,214.043
7.35714,152.143,44.8195,0.0665929,550.048,0.0358357,3.64929,166.143,239.429,216.251
6.75,175.625,63.8359,0.100287,1113.78,0.0215875,4.02112,161.5,240.375,209.073
3.3,162.4,27.9508,0.03687,256.922,0.10884,2.94318,179.3,245.1,231.465
5,218.5,76.4102,0.1515,2485.25,0.0158,4.32535,170,248,213.584
4.33333,197.333,47.916,0.0736667,752.563,0.04725,3.65305,174.167,249,225.497
12.2778,192.278,93.0833,0.0944389,953.095,0.0231,3.95416,152.556,233.278,188.175
10.6,180.8,86.9836,0.05988,402.186,0.0337,3.58948,133,234.2,181.069
7.66667,237,88.8802,0.1241,1706.44,0.0185,4.15533,160,241.333,200.908
2.07143,8.67857,2.83106,0.00149762,1.52639,0.680937,0.634349,245.071,250.024,248.533
6.52632,149.316,47.0179,0.0818895,791.005,0.0293737,3.8115,177.737,242.895,220.986
3.72,70.92,13.3844,0.024284,106.449,0.107628,2.71949,212.88,245.68,239.859
11,187.2,96.6625,0.05974,404.7,0.03404,3.56404,184.8,243.6,207.652
11.5,193.3,88.882,0.10508,1178.28,0.02299,4.02387,156.5,234.6,192.524
5.57143,195.857,68.0977,0.124557,1728.77,0.0193,4.15253,171.143,246.429,214.496
7.64286,130.786,37.1208,0.0536857,367.289,0.0423714,3.46891,172.786,238.5,220.404
7.5,154.5,54.7754,0.0442,245.99,0.04605,3.32285,68.25,226.75,173.815
4,255,75.4414,0.1608,2980.22,0.0164,4.3005,166,245,210.777
5.33333,176.667,55.597,0.1032,1320.81,0.02445,4.00653,173.333,247.333,220.587
5.66667,151.333,44.2153,0.0896889,1006.57,0.0275,3.90127,172.222,241.222,220.375
9,227,92.4805,0.1325,1890.42,0.0166,4.2457,165,237,199.539
10.75,197.125,98.9316,0.0872,794.068,0.0237375,3.90084,146.5,233.125,181.249
6.5625,159.625,54.644,0.0789187,739.182,0.0333062,3.77913,156.125,239.062,209.216
7.09091,188.818,59.6708,0.0687091,624.033,0.0473636,3.60173,158,239.818,209.945
4.41667,167,46.9134,0.09045,1063.83,0.0283917,3.879,181.333,247.25,225.081
94,217,166.156,0.0369,148.729,0.0494,3.1681,187,203,192.613
43,190,113.891,0.0824,723.6,0.0253,3.8337,191,228,205.043
4.9375,107.188,26.3394,0.0508875,353.829,0.0465313,3.42716,195.688,245.75,233.312
4.71429,199.857,50.4414,0.0774571,821.899,0.0370857,3.71447,167.857,243.429,219.956
5.34783,104.913,23.2993,0.0416478,267.9,0.0701348,3.16902,195.043,244.87,234.253
3.625,144.5,23.9883,0.056,534.973,0.06625,3.36736,185.25,247.375,235.443
5.04348,87.087,14.56,0.0187783,74.3285,0.166409,2.41588,208.304,245.435,239.881
6.28571,138.286,49.8951,0.0437857,234.116,0.0551,3.27527,154.429,239.429,206.579
12,196,86.0371,0.109925,1328.9,0.020025,4.0942,155.25,232.75,192.392
58.5,178.5,120.428,0.046,224.331,0.04105,3.3468,185,216.5,193.996
4.2,87.05,15.8918,0.028105,134.807,0.091545,2.86374,206.3,247.2,239.732
2.88889,171.222,21.6688,0.0409222,394.487,0.162978,2.8014,180.778,247.333,236.322
6,163.643,44.978,0.0809357,876.798,0.0317143,3.79012,174.214,245.714,223.119
5,223,59.6504,0.0982,1273.11,0.027875,3.92385,170.25,247.75,220.115
10.5,155.5,81.6641,0.07665,598.731,0.02755,3.7546,197,244,215.67
9.11111,169,69.5265,0.0972444,1008.58,0.0221556,3.99322,154.556,236.444,199.429
6.5,162,42.8808,0.07595,864.852,0.0363,3.69175,92,232,196.193
10.125,191.875,88.8076,0.0780375,710.162,0.0296875,3.78329,147.625,233.375,186.784
61.3333,210,159.156,0.0596667,399.35,0.0346667,3.5549,165,206.333,170.876
3.6,83.3333,16.2552,0.0317867,166.913,0.0948333,2.92505,212.4,248.333,241.042
24.4,183.4,101.026,0.0692,503.71,0.02868,3.68714,154.6,222.8,180.062
7.5,204.5,72.8184,0.13205,2005.81,0.01885,4.2139,150,240,205.654
7.2,185.8,90.2242,0.10996,1264.53,0.0203,4.07206,153.4,236.2,189.517
4.5,152.75,45.1499,0.088725,925.407,0.0258625,3.89721,182.125,245.875,224.051
7.8,174.4,71.3049,0.0906667,901.732,0.0235,3.93409,156.933,237.2,199.381
6.83333,179.417,61.9261,0.0755917,668.98,0.0307583,3.75917,160.667,239.417,207.484
4,178,55.2109,0.1271,1803.31,0.0187,4.1941,178,250,222.488
6.5,154.5,48.2207,0.0514,319.59,0.04355,3.43617,180.333,241.167,220.244
9.14286,195.286,93.3332,0.0897857,862.287,0.0237286,3.92173,151.571,235.857,187.903
11.8,206,96.6664,0.11618,1515.24,0.02842,4.04132,150.2,235.6,188.382
4.88889,94.6667,26.7027,0.0352333,184.376,0.0737333,3.0665,195.667,243.444,228.696
6.91667,158.25,44.0895,0.0653667,588.163,0.0605917,3.5143,164.5,240.333,218.056
4.30769,88.6923,18.8657,0.0370769,214.187,0.0696154,3.10261,204.769,247.154,238.481
2.33333,167.333,36.6237,0.0795333,1003.92,0.0414333,3.71567,186.333,249,232.461
