7.05085,147.492,45.8154,0.066861,569.338,0.0432356,3.60986,173.525,241.085,218.527
2.43972,19.9645,4.02757,0.00384539,7.7183,0.537458,1.02979,239.383,249.56,247.567
4,255,75.4414,0.1608,2980.22,0.0164,4.3005,166,245,210.777
10.2667,176.833,69.5654,0.0785767,728.745,0.0317967,3.77802,149.767,236.3,200.255
7.80952,201.19,79.4262,0.12381,1671.79,0.0188,4.1622,164.857,243,206.137
7.63636,193.909,73.7852,0.109282,1384.65,0.0234136,4.04621,162.591,241.045,205.277
5.57143,153.714,44.914,0.0803143,793.389,0.0324114,3.78475,179.571,245.429,223.974
4.14865,97.7568,18.5377,0.0301892,159.964,0.0990541,2.86903,201.108,246.351,237.23
8.86842,188.553,71.9539,0.103018,1217.1,0.0260632,3.98673,163.737,240.289,206.071
5.83333,216.25,71.1768,0.131558,2044.21,0.0240583,4.16955,165.25,244.917,212.223
3.93478,68.5217,12.0222,0.0190326,72.752,0.15315,2.4512,215.413,246.609,241.688
5.06154,115.446,25.6639,0.0397908,245.037,0.0731108,3.13603,189.169,244.246,231.534
7.22917,168.292,58.7947,0.0855313,873.369,0.0274146,3.8592,164.438,241.188,210.926
6.96226,174.736,60.3497,0.0937113,1054.66,0.0274623,3.92064,167.66,241.415,212.138
5,120.164,28.6454,0.0474672,327.338,0.0606852,3.30494,189.246,244.492,230.778
7.80392,141.824,44.4126,0.063151,492.297,0.0353471,3.61708,174.98,241.549,219.71
28.9,166.5,86.1625,0.04319,219.88,0.04579,3.29736,118.2,220.4,180.052
9.5,186.409,86.4304,0.0875864,812.479,0.0250864,3.8851,149.455,234.545,189.155
30.0588,188.824,111.529,0.0598412,396.804,0.0337765,3.5717,141.118,218.706,173.34
5,221,82.0225,0.150525,2394.92,0.015775,4.31648,168.75,247.25,209.463
5.30189,140.491,33.3802,0.0522925,403.352,0.0661717,3.34752,182.925,244.17,228.273
4,229,84.9727,0.1747,3211.48,0.0145,4.3708,159,239,200.047
8.125,179.938,68.8835,0.0910396,951.649,0.0273917,3.90659,162.271,239.312,205.197
5.44444,150.622,40.3089,0.0719578,682.024,0.0425111,3.65916,178.4,244.911,225.359
7.04762,190.619,70.6499,0.0719524,637.936,0.0397952,3.67149,138.524,238.476,197.401
