5.23529,149.294,41.4368,0.0768882,743.738,0.0328412,3.75431,183.765,247.824,228.01
2.20792,11.6931,3.12771,0.00198812,2.42488,0.634466,0.746805,243.624,249.901,248.326
4.86792,117.981,28.3687,0.0483509,331.466,0.0555019,3.34223,189.868,244.717,231.058
7.4,176.7,61.2957,0.095795,1079.85,0.024975,3.9474,167.55,241.3,211.986
7,206.833,72.3379,0.13035,1949.58,0.0186667,4.20927,161.5,242.5,208.829
5.66667,214.333,112.885,0.0740667,636.292,0.0285667,3.765,41,237.667,150.896
6.59091,168.045,54.1149,0.0775636,733.034,0.0335136,3.76225,158.818,240.227,211.411
4.73333,85.2,15.1665,0.0212433,88.5894,0.135387,2.56183,207.633,244.567,238.561
6.66667,186,71.7838,0.124667,1637.06,0.0178,4.1973,170.333,242.667,212.049
6.15789,140.158,39.8398,0.0662763,573.18,0.0461974,3.59225,181,243.263,224.534
13.0909,186.455,88.6506,0.0974,1027.01,0.0228273,3.98071,151.727,232.545,188.567
5,218.5,76.4102,0.1515,2485.25,0.0158,4.32535,170,248,213.584
6.59091,135.682,39.0689,0.0623455,487.076,0.036025,3.60798,179.909,243.386,224.118
5.46154,166.538,50.0039,0.0897423,1017.41,0.0300654,3.8807,173.462,243.462,219.365
14.2308,172.769,80.6268,0.0583154,382.297,0.0348615,3.55482,156.615,234.462,194.651
4,255,75.4414,0.1608,2980.22,0.0164,4.3005,166,245,210.777
13.5,210.667,107.406,0.121033,1490.62,0.01825,4.15623,151.167,234,182.977
4.66667,225.667,70.0156,0.132767,2138.83,0.02945,4.12983,169,247.333,215.616
5.15385,138.462,36.3723,0.0717615,669.031,0.0410423,3.6658,185.692,245.577,228.398
6.94118,186.706,67.5777,0.107629,1357.55,0.0219941,4.04828,165.412,241.647,208.838
5.09302,125.907,27.1704,0.0407512,268.077,0.0799419,3.11842,187.326,244.372,231.425
8.05882,180,75.8658,0.0897882,885.026,0.0236294,3.92794,156.765,237.235,197.625
10.5385,167.231,63.5041,0.0673885,541.724,0.0365269,3.6428,154.692,235.269,202.685
7.88,163.08,56.4494,0.084528,809.584,0.027132,3.8484,169.36,241.24,214.15
56.5,203.5,128.027,0.0579,369.398,0.0346,3.5404,26.5,155,91.4043
7.6,179.6,68.3627,0.1014,1162.02,0.02502,3.98585,164.25,240.75,207.519
11.3571,196.857,96.5935,0.09425,948.026,0.0233143,3.94956,151.571,233.857,186.344
4.8,105.175,22.3476,0.0367475,213.058,0.074865,3.07707,192.675,244.65,233.51
6.21739,161.174,46.4137,0.0825783,871.466,0.0298783,3.81888,174.435,244.348,221.495
4,229,84.9727,0.1747,3211.48,0.0145,4.3708,159,239,200.047
6.41667,210.833,78.0446,0.125192,1743.31,0.0190583,4.15893,162.667,244.5,207.144
62,184.75,131.44,0.0423,192.464,0.04475,3.27728,158.75,205.5,177.836
7.27273,193.636,79.1673,0.0832818,791.487,0.0348091,3.79859,157.091,237.818,197.159
7.2,193,69.2164,0.1144,1543.41,0.02888,4.03316,171.4,246.4,215.001
5.7037,172.185,53.9326,0.0889741,939.333,0.0302111,3.87199,168.444,242.963,216.001
4.11905,102.333,19.3967,0.03,162.287,0.109557,2.82864,200.69,246.405,236.757
9.18182,195.5,73.7166,0.103455,1250.62,0.0277045,3.97827,163.045,240.636,205.748
3.67391,62.587,10.575,0.0171826,60.2435,0.170217,2.3548,218.065,247.543,243.166
5,223.5,87.6348,0.14955,2304.59,0.01575,4.3076,167.5,246.5,205.342
3.64286,74.8571,14.0764,0.0277357,129.051,0.0908929,2.85888,211.464,247.536,240.843
15.25,179.5,77.9893,0.075975,697.778,0.033525,3.73125,79.5,226.75,170.987
5.30612,139.571,31.3826,0.0517367,403.147,0.0686857,3.32971,182.939,244.122,229.154
3.02083,42.25,6.66342,0.00947083,24.5023,0.2727,1.82775,228.333,248.5,245.43
6.85714,149.143,53.8633,0.0444714,243.361,0.0454857,3.32611,97.4286,230.714,184.04
6.03704,181.519,53.1441,0.0693704,647.335,0.0477444,3.60816,161.481,240.741,213.821
4.75,137.125,37.0532,0.0802,824.438,0.029925,3.79155,189.625,249.375,231.776
41,204.167,143.303,0.0622,425.54,0.0325833,3.59732,165.333,219.5,177.67
12.4444,185.889,103.321,0.0906889,828.645,0.0233444,3.91396,141.444,231.111,176.887
6.5,162,42.8808,0.07595,864.852,0.0363,3.69175,92,232,196.193
15.4444,190.778,95.4301,0.0806556,699.477,0.0257778,3.8247,157,231.222,187.296
