3.02,38.28,5.97368,0.007678,18.2144,0.315682,1.652,230,248.7,245.874
2.12088,9.9011,2.95828,0.00173956,1.95119,0.659313,0.687916,244.538,250.033,248.497
7.62069,203.207,78.0989,0.124048,1718.17,0.0204862,4.15026,162.621,242.793,206.148
7.65753,167.918,62.6412,0.0843219,823.213,0.0284178,3.8399,163.479,239.986,208.205
7.16129,148.29,46.2755,0.0671306,571.623,0.04255,3.61662,173.226,240.984,218.271
7.74242,175.288,63.3138,0.0949591,1062.57,0.0264318,3.93693,166.348,240.561,209.918
5.11765,115.941,25.9478,0.0407735,261.513,0.0792441,3.1229,190.971,244.618,232.405
3.975,84.125,15.9355,0.0288325,142.822,0.0965225,2.85847,208.65,247.55,240.061
4.55263,98.6316,22.6491,0.0370079,211.051,0.0731211,3.09238,196.868,245,233.603
4.28,120.32,19.5642,0.02896,166.642,0.11604,2.77437,189.56,245.16,235.025
6.17568,156.473,45.664,0.0744784,707.39,0.0387878,3.70344,174.014,243.757,221.378
5,146.52,33.1317,0.043876,300.929,0.071012,3.202,176.92,243.48,226.724
4.65789,79.4474,15.0092,0.0222789,91.4265,0.123824,2.62477,210,244.789,238.824
3.45098,60.6863,9.89323,0.0162431,55.9478,0.178155,2.3034,219.471,247.765,243.67
11.5,167.444,65.0942,0.0560167,381.173,0.0405667,3.49687,163.611,237.444,205.94
28.9,166.5,86.1625,0.04319,219.88,0.04579,3.29736,118.2,220.4,180.052
8.36,191.92,72.3453,0.105508,1289.01,0.024996,4.01083,164.02,240.76,206.221
7.80392,141.824,44.4126,0.063151,492.297,0.0353471,3.61708,174.98,241.549,219.71
4.66667,226.833,75.7165,0.144517,2383.7,0.0225583,4.22635,167.833,246.417,211.864
4.875,109.375,26.311,0.0492275,336.049,0.050975,3.37665,193.2,244.95,232.35
7.31343,177,65.4802,0.0892284,926.672,0.0275597,3.89071,164.388,240.597,207.675
4.97727,136.023,30.4042,0.0520659,407.573,0.0701045,3.33052,185.636,244.614,230.249
42.5556,201.556,135.995,0.0606222,407.95,0.0333333,3.57721,126.444,205.444,155.948
8.81481,192.37,76.9858,0.0735111,660.122,0.0377963,3.69401,132.519,235.889,191.178
0,0,0,0,0,0,0,0,0,0
