7.66667,203.4,78.4781,0.123853,1710.58,0.0204067,4.15168,162.467,242.567,205.653
8.16393,188.902,71.4742,0.104503,1257.44,0.0249115,4.00602,164.033,240.869,206.643
5.13235,128.581,29.7666,0.0481287,345.436,0.0654779,3.29269,185.309,244.191,229.641
7.46309,165.893,58.0925,0.0793617,756.849,0.0324805,3.77664,165.161,240.805,211.383
5.72143,101.214,22.9039,0.032295,174.456,0.089855,2.9393,196.65,244.414,233.7
7.19847,149.641,46.9037,0.0658809,549.215,0.0409305,3.61315,170.656,241.344,217.515
26.3478,185.043,102.38,0.0579565,375.911,0.0349,3.54487,139.217,221.957,178.269
7.44531,175.227,63.2678,0.090682,973.182,0.0274039,3.90049,164.984,240.594,209.169
2.91121,35.4907,6.44152,0.0085514,27.0414,0.410781,1.4894,231.935,248.72,245.892
4.66667,226.833,75.7165,0.144517,2383.7,0.0225583,4.22635,167.833,246.417,211.864
