2.44898,21.034,4.21062,0.00433129,9.21355,0.521109,1.08592,239,249.551,247.5
6.28571,205.714,74.6216,0.124657,1715.69,0.0188571,4.1641,168.429,244.786,210.651
8.02,175.22,65.0354,0.093318,1024.73,0.026618,3.9285,165.76,240.06,208.4
5.45902,135.197,32.8852,0.0523869,394.501,0.0618,3.37068,184.443,243.934,228.365
5,218.5,76.4102,0.1515,2485.25,0.0158,4.32535,170,248,213.584
5.8,214.6,68.9578,0.12808,2056.65,0.03274,4.07438,161,244.4,212.534
4.32584,100.73,19.8033,0.0327787,181.656,0.0915798,2.94614,198.337,245.674,235.951
10.6842,192.263,89.7597,0.0775895,676.205,0.0281737,3.79018,119.895,232.526,178.613
4.06186,71.6804,12.615,0.0200845,80.6355,0.148047,2.49299,213.608,246.505,241.228
6.96078,139.529,41.5663,0.0626098,489.289,0.0367686,3.60509,176.235,242.588,221.827
9.0625,200.312,84.4683,0.115456,1480.02,0.0224125,4.08776,160.875,240.375,200.316
8.58824,191.147,70.8709,0.104606,1281.54,0.0258441,4.00123,164.382,240.941,207.191
7.2,208,79.1149,0.12982,1899.42,0.01848,4.20588,154.8,242,202.886
9.21212,183.939,80.0868,0.0866364,823.18,0.0259758,3.86925,148.879,235.273,193.173
4.77011,122.655,27.1251,0.0439287,296.684,0.0693862,3.21326,187.954,244.621,231.445
6.61765,152.353,47.3019,0.0827912,823.34,0.0284088,3.82769,176.676,244.206,221.612
25.3333,162.333,82.3818,0.0437083,219.578,0.0447167,3.30865,127.417,224.5,184.428
6.7619,161.833,50.3649,0.0772452,739.104,0.034819,3.75005,170.762,243.286,218.535
7.19355,177.806,63.4807,0.098629,1137.29,0.025571,3.96167,165.871,240.871,210.098
5.18182,155.273,40.2002,0.0700955,664.717,0.0460727,3.6221,177,244.295,224.773
4,242,80.2071,0.16775,3095.85,0.01545,4.33565,162.5,242,205.412
4.8,227.4,79.2422,0.14388,2234.11,0.01644,4.29002,168.8,247,210.604
7.28571,175.952,64.3019,0.0887206,918.095,0.0279175,3.88245,164.841,240.841,208.492
7.73016,152.397,49.1835,0.0669921,568.823,0.0433921,3.60954,171.159,240.286,216.326
29.3333,187.056,109.127,0.0596278,393.789,0.0337611,3.57016,142,219.167,174.608
