5.89474,159.553,47.1518,0.0798711,774.446,0.0316816,3.78766,174.763,244.079,221.017
9.89474,182,74.4893,0.0994368,1079.31,0.0216474,4.01032,157.474,236.368,200.691
4.5,230.25,78.3086,0.159625,2790.55,0.015625,4.3305,166.25,245,209.498
7.46429,162.036,53.8883,0.0752679,699.668,0.0334339,3.73802,164.786,240.304,212.998
5.44444,171.333,50.011,0.0874778,931.937,0.0310741,3.85563,174.593,245.407,221.058
5.1,82.7,12.6045,0.01655,64.2529,0.19715,2.27063,212.25,246.4,241.972
5.46154,216.538,72.07,0.134254,2096.1,0.0233538,4.18493,165.615,245.769,212.14
4.25,87.8125,21.9019,0.0367625,197.894,0.0674312,3.11096,205,246.312,235.677
5.41667,121.458,31.2505,0.0545917,410.67,0.0475875,3.44924,190.125,244.5,230.25
4.72,168.2,45.7211,0.08828,1040,0.032468,3.84176,177.8,246.2,224.472
13.875,197.75,100.073,0.0723625,576.022,0.0282,3.74155,112.25,231.5,172.91
6.4,209.267,77.6365,0.125407,1741.41,0.0188067,4.16797,163.6,243.867,207.471
3.10526,8.73684,3.89495,0.000989474,0.526311,0.699837,0.573221,243.421,247.316,246.144
4.15385,155.846,31.8792,0.0381538,252.263,0.0999231,3.00175,176.615,244.154,227.782
20.3077,185.385,105.891,0.0606692,405.62,0.0334846,3.58308,166.385,233.154,190.944
6.5814,137.279,39.58,0.062293,487.049,0.0361744,3.60519,178.535,242.953,223.261
9.66667,200.067,85.0766,0.11718,1500.18,0.02226,4.09929,161.467,240.133,200.413
3.45455,72.2727,13.2747,0.027,126.194,0.0967955,2.82057,212.364,247.409,240.989
8.91304,187.957,85.908,0.0921391,913.192,0.0236174,3.93672,152.696,235.435,191.435
10.6667,161.167,59.5638,0.0534833,337.738,0.0390167,3.48557,165.667,235.833,207.617
8.21739,183.304,70.124,0.100983,1177.66,0.0294478,3.95178,164.739,240.217,206.595
1.56098,3.26829,2.0162,0.000434146,0.119924,0.815239,0.323434,247.707,250.854,249.386
58.25,201.75,132.822,0.059225,387.406,0.033825,3.55638,74.75,177.25,123.722
5.45455,104.364,23.6438,0.0420864,270.903,0.0691636,3.1815,196.318,245.545,234.9
5.23077,157.269,32.0496,0.04945,398.802,0.0869769,3.22917,176.038,243.808,227.899
6.87755,146.612,43.476,0.0655592,555.588,0.0446367,3.59247,171.551,241.143,219.063
4.71429,101.714,21.0127,0.0375,226.225,0.0783857,3.07963,192.667,243.429,232.998
4,58.7619,9.33835,0.0123048,37.3504,0.210962,2.07518,217.905,245.048,241.426
5.65,109.95,28.9963,0.05163,352.137,0.0447,3.4409,190.4,243.4,229.553
6.85714,149.143,53.8633,0.0444714,243.361,0.0454857,3.32611,97.4286,230.714,184.04
2.68,52.52,9.78251,0.019104,66.0557,0.14004,2.49332,223.32,249.72,245.164
4.47826,82.2609,15.678,0.022913,94.3886,0.108678,2.68111,207.348,244.087,237.598
10.1818,179.045,78.0075,0.09505,993.351,0.0230682,3.9655,155.5,235.091,195.801
0,0,0,0,0,0,0,0,0,0
11.2174,188.391,92.1355,0.087487,803.842,0.0248957,3.88458,145.217,233,185.375
62,184.75,131.44,0.0423,192.464,0.04475,3.27728,158.75,205.5,177.836
4,84.4375,16.2905,0.0309937,162.495,0.0958625,2.91068,210.625,247.75,240.257
2.8,40.8333,5.98347,0.00852,21.5397,0.293397,1.74805,229.733,249.633,246.734
8.12903,189.194,69.5892,0.105697,1298.85,0.0226,4.03034,165.387,241.581,208.286
6.66667,161.205,50.6839,0.0827872,854.807,0.0296462,3.81926,169.051,243.359,217.53
0,0,0,0,0,0,0,0,0,0
4.88462,134.231,29.3347,0.0444231,311.892,0.0719615,3.20982,182.808,244.346,229.89
3.25,97.0833,21.9746,0.0477917,320.852,0.0506,3.35402,202.583,248,237.346
2.95652,26.8696,4.84919,0.00496087,8.33767,0.388648,1.36195,235.348,248.652,246.457
6.52632,162.184,50.5664,0.0693658,625.981,0.0490974,3.59738,171.053,242.474,217.45
2.08696,17.7391,3.31013,0.0036,4.57773,0.444609,1.19249,242.043,250.826,249.075
4.3125,127.375,21.9395,0.031625,189.042,0.112388,2.83935,184.75,245.562,233.41
4.85,109.85,21.1559,0.02846,143.964,0.10237,2.81747,194.95,245.3,235.138
0,0,0,0,0,0,0,0,0,0
0,0,0,0,0,0,0,0,0,0
