4.11594,72.8696,13.2455,0.0212449,85.3353,0.133986,2.56763,213.478,246.449,240.956
8.75676,185.865,71.9722,0.102619,1198.05,0.0265919,3.98262,163.189,240.054,205.729
4,242,80.2071,0.16775,3095.85,0.01545,4.33565,162.5,242,205.412
27.3077,189.538,112.269,0.0608462,407.601,0.0333692,3.58408,163.154,227.846,186.903
6.77083,138.146,40.5884,0.0625854,489.086,0.0358354,3.61042,178.25,242.812,222.758
6.13333,206.533,73.6609,0.126453,1813.93,0.01922,4.17135,162.6,244.333,208.985
7.35294,176.618,65.1845,0.0887118,919.12,0.027875,3.88254,163.029,240.456,207.526
7.65517,174.466,62.0618,0.0933724,1040.18,0.0267914,3.92465,166.931,240.534,210.407
7.25,193.583,70.7064,0.107408,1349.01,0.0223208,4.04208,165.333,242.125,208.051
5.30769,141.346,33.413,0.0520942,402.459,0.0668423,3.34174,182.481,244.077,228.172
5,218.5,76.4102,0.1515,2485.25,0.0158,4.32535,170,248,213.584
9.14286,199.286,83.6931,0.120193,1577.58,0.0219357,4.12423,161.929,240.714,201.848
5.33333,223.889,74.7878,0.136867,2162.71,0.025,4.18169,168.556,246.556,212.591
6.30769,141.596,40.4421,0.0673827,578.754,0.0422115,3.62428,179.654,242.731,223.539
7.43243,167.27,60.9227,0.0837243,815.056,0.0288581,3.83365,166.446,240.703,210.061
62,184.75,131.44,0.0423,192.464,0.04475,3.27728,158.75,205.5,177.836
37.5,189.25,110.392,0.05495,342.996,0.036,3.50337,50.25,187.25,120.941
4.14286,97.2987,18.6823,0.0310792,166.191,0.0946662,2.90216,201.636,246.753,237.647
3.15873,48.6825,7.39137,0.0108127,31.4937,0.253622,1.927,225.206,248.19,244.974
4.93478,127.87,29.3583,0.0385196,235.992,0.0808978,3.0826,173.109,241.587,224.25
4.84848,110.515,24.1281,0.043103,287.121,0.0669242,3.2133,195.455,246.485,235.391
7.29762,164.405,53.8872,0.074519,698.725,0.0384964,3.70295,163.81,241.167,213.361
2.25962,12.1538,3.23908,0.00212788,2.67392,0.624958,0.771441,243.221,249.731,248.106
5.74468,121.745,31.709,0.0494149,334.893,0.0530383,3.36887,186.489,243.085,227.708
10.12,181.4,72.4777,0.06856,573.035,0.040272,3.63238,141.84,235.68,195.96
