3.64286,48.7143,7.34989,0.00872143,21.1366,0.28145,1.77081,223.214,246.857,243.638
3.60714,73.3571,13.6067,0.0259464,117.911,0.0985071,2.78913,213.179,247.321,241.01
4.82927,110.024,26.0753,0.0490585,335.588,0.0510805,3.37307,193.098,245.098,232.591
4,242,80.2071,0.16775,3095.85,0.01545,4.33565,162.5,242,205.412
70.3333,191.333,135.671,0.0429667,199.131,0.0438333,3.28723,185.667,212,193.535
20.8333,166.667,80.058,0.0456667,251.306,0.0441833,3.3478,59.5,209.167,151.053
1.56098,3.26829,2.0162,0.000434146,0.119924,0.815239,0.323434,247.707,250.854,249.386
0,0,0,0,0,0,0,0,0,0
7.59701,151.328,48.3812,0.0672134,572.284,0.0426881,3.61599,172,240.328,216.804
2.14286,46.1429,7.55106,0.0171714,57.5378,0.149086,2.40987,227.929,251.286,247.721
7,173,59.5593,0.0930288,1040.89,0.0271731,3.91984,168.75,241.231,212.508
6.38889,207.444,76.0015,0.126572,1793.4,0.0189222,4.17394,162.611,244.111,207.932
8.11538,182.615,70.8173,0.100858,1165.86,0.0284923,3.95978,162.654,239.923,205.811
6.27692,158.677,45.9356,0.0733831,695.897,0.0413446,3.67711,172.677,243.585,221.193
7.02,138.94,41.7482,0.062866,490.204,0.035536,3.61445,176.36,242.46,221.597
1.76923,24.3846,3.24341,0.00433077,7.18365,0.427554,1.26563,239.923,253,250.621
0,0,0,0,0,0,0,0,0,0
0,0,0,0,0,0,0,0,0,0
4.66667,89.8,20.3414,0.0374867,211.587,0.06312,3.13666,201.533,245.733,236.221
9.3125,200.375,83.5305,0.117125,1507.97,0.022125,4.10292,161.562,240.125,201.248
5.27273,222.909,75.0828,0.139527,2221.36,0.0233273,4.20781,168.818,246.818,212.771
4.05882,64.7647,9.59926,0.0123412,40.601,0.225288,2.05168,215.235,244.824,241.383
3.95455,85.4091,18.1246,0.0324455,170.458,0.0895682,2.95825,209.182,246.955,238.28
9.45455,183.727,81.1197,0.0872091,822.182,0.0253727,3.87877,151.97,235.455,193.387
2.7,17.9,4.12541,0.00388,4.75376,0.43523,1.22985,239.9,248.8,246.995
4.84211,110.368,22.3528,0.0382474,238.95,0.0829947,3.06797,191.684,244.158,233.251
5.80488,153.463,46.1251,0.0808976,796.427,0.0314463,3.79863,178.488,245.049,222.802
10.2727,191.955,84.7926,0.0761318,670.411,0.0311364,3.75644,125.227,233.682,183.524
0,0,0,0,0,0,0,0,0,0
28.9333,189.067,112.076,0.0604333,404.381,0.03366,3.57707,150.733,222.133,179.129
2.59091,37.6818,5.58825,0.00837273,21.3977,0.304441,1.72133,231.955,250.318,247.413
3.61538,26.6154,5.70042,0.00491538,7.39391,0.376677,1.38387,234.077,246.462,244.435
0,0,0,0,0,0,0,0,0,0
8.09375,189.438,69.3295,0.105562,1296.73,0.0225906,4.02932,165.531,241.562,208.393
1.77778,14.7778,2.69314,0.00294444,2.95882,0.465489,1.09453,244.222,250.889,249.528
0,0,0,0,0,0,0,0,0,0
3.96429,65.4643,12.2059,0.01995,71.6319,0.139675,2.52172,217.393,246.893,241.884
0,0,0,0,0,0,0,0,0,0
4.84211,101.947,20.7222,0.0280895,138.349,0.101705,2.81615,195.947,244.632,234.605
3.8,125.533,17.2497,0.02892,175.431,0.12498,2.74079,192.133,247.8,239.182
5.35294,92.5294,15.6792,0.0194647,80.7846,0.158006,2.44894,204.294,244.235,238.243
5.74468,168.574,52.2489,0.0852128,898.911,0.030566,3.83905,168.468,243.383,216.573
0,0,0,0,0,0,0,0,0,0
5.7931,149.517,36.5955,0.0439,298.068,0.0773966,3.18001,173.793,242.034,223.308
5.55556,102.611,23.5408,0.0426,274.863,0.0684944,3.19782,197.556,245.556,235.09
10.6333,187,83.3759,0.0932733,950.701,0.0237233,3.94337,153.867,235.533,193.806
3.22222,8.61111,4.02431,0.001,0.527539,0.698561,0.576461,243.333,247.111,245.932
0,0,0,0,0,0,0,0,0,0
4.85714,130.929,35.3086,0.0381071,213.69,0.0719357,3.11351,172.286,241.357,220.846
5.30769,141.346,33.413,0.0520942,402.459,0.0668423,3.34174,182.481,244.077,228.172
