3.16667,7.5,3.92643,0.000816667,0.372217,0.731283,0.507258,243.833,247,245.9
62,184.75,131.44,0.0423,192.464,0.04475,3.27728,158.75,205.5,177.836
4.22222,86.9444,19.2183,0.0331167,173.857,0.0856833,2.98036,207.944,246.167,237.043
1.6,5.4,2.34806,0.00063,0.21,0.74485,0.4418,247.1,250.4,249.264
6.45238,136.643,38.827,0.0621881,486.968,0.0362976,3.60432,179.143,243.31,224.039
3.16667,27.6111,5.11827,0.00495,8.49004,0.389033,1.36104,234.278,247.833,245.661
8.68085,188.234,71.5772,0.103862,1243,0.025383,3.99814,163.745,240.213,206.058
5.26316,90.4737,14.9564,0.0186737,77.8879,0.172742,2.39258,204.895,244.579,238.885
1.76471,3.05882,2.18498,0.000347059,0.0902059,0.847118,0.267618,246.294,249.235,247.789
4.86538,118.077,28.2885,0.0482635,330.731,0.0558077,3.33974,189.75,244.635,231.023
7.56667,174.683,62.1521,0.0939467,1050.38,0.02704,3.92624,166.65,240.75,210.523
8.85714,150.143,55.3287,0.0464,264.036,0.0436857,3.3682,96.4286,228.714,182.003
11,185.368,80.5121,0.0765105,672.789,0.0322368,3.75242,150.263,234.105,192.769
7.5,178.034,67.6777,0.0901948,931.878,0.0269621,3.90224,163.241,239.966,205.95
2.93103,40.069,6.40922,0.00921379,23.2285,0.273066,1.8231,230.345,249.724,246.668
6.17391,211.043,74.7751,0.127209,1858.1,0.0217739,4.15507,163.913,244.522,209.292
1.3125,2.6875,1.65332,0.0004375,0.1211,0.815194,0.326931,249.25,252.625,251.004
3.77273,69.8636,13.6953,0.0246318,105.127,0.103,2.74677,213.682,245.955,239.955
10.3793,164.793,61.8025,0.0672621,542.069,0.0361517,3.64503,156.172,235.69,204.118
0,0,0,0,0,0,0,0,0,0
5,129.053,26.537,0.0402947,270.219,0.0835632,3.09511,185.737,244.184,231.601
6.76596,157.043,48.92,0.0827681,837.496,0.0290872,3.82216,175.277,244.128,220.618
3.4,80.55,14.3359,0.02807,136.73,0.094775,2.85182,210.05,247.8,240.776
6.40476,142.024,41.2671,0.0671571,579.852,0.0445833,3.60886,180.571,243,223.735
5.42857,127.714,48.3934,0.0388714,186.801,0.0606286,3.15801,167.714,241.571,209.381
3,56.3226,10.144,0.0190323,66.3304,0.141952,2.4861,222.065,249.355,244.826
5.92857,161.143,48.9178,0.0772976,740.568,0.0348262,3.75052,170.048,243.476,218.67
13.4,204,106.55,0.07668,667.902,0.02748,3.79358,47.4,229.6,152.787
4.87179,156.462,39.0699,0.0697897,668.37,0.0479923,3.60951,177.513,244.897,225.925
4.66667,96.2424,21.6025,0.0384091,224.598,0.0709424,3.12708,198.091,245.121,234.805
1.81818,22.6364,3.32885,0.00451818,7.14394,0.417673,1.30227,240.818,252.818,250.551
52.1667,199.833,134.362,0.06075,400.472,0.0328667,3.57785,100.833,190,136.975
3.71429,13.1429,4.76117,0.00195714,1.3738,0.557686,0.879414,241.143,247,245.55
4.25,129.417,16.8607,0.0299833,189.204,0.125767,2.75652,189.333,247,239.31
0,0,0,0,0,0,0,0,0,0
2.06667,16.6,3.20418,0.00346667,4.06085,0.447853,1.17593,242.333,250.267,248.668
0,0,0,0,0,0,0,0,0,0
4.875,227,79.3155,0.15285,2521.44,0.0159125,4.31521,167.375,246.125,210.047
5.23077,157.269,32.0496,0.04945,398.802,0.0869769,3.22917,176.038,243.808,227.899
0,0,0,0,0,0,0,0,0,0
16,180,95.5466,0.0596,394.86,0.0339538,3.57151,168.538,236.385,197.165
0,0,0,0,0,0,0,0,0,0
4.38889,66.1667,10.4071,0.0130889,42.8711,0.214483,2.10548,215.833,244.778,241.109
0,0,0,0,0,0,0,0,0,0
5.30769,120.808,31.2333,0.0545692,407.775,0.0468654,3.45321,190.077,244.577,230.168
4.83333,110.389,18.9644,0.0278333,144.957,0.107222,2.78868,195.611,245.444,236.978
0,0,0,0,0,0,0,0,0,0
8.35,197.5,79.143,0.11494,1482.66,0.02207,4.09164,163.05,241.2,203.998
9.1,184.9,82.3103,0.08705,822.53,0.02554,3.87806,147.067,234.733,190.974
3.375,54.75,7.05811,0.008775,21.9089,0.282075,1.7601,220.875,246,242.841
