3.02941,54.2059,8.94037,0.0155235,51.5987,0.174288,2.28823,221.235,247.706,243.907
4.66667,230,73.6472,0.1401,2187.13,0.0169,4.2783,169.667,247.333,214.112
6.5,162,42.8808,0.07595,864.852,0.0363,3.69175,92,232,196.193
7.34615,143.769,41.9671,0.0635038,498.136,0.0352577,3.62633,174.5,242.115,221.331
5.25,193.25,67.9761,0.1094,1400.2,0.021125,4.06159,164.75,243.375,209.684
2.5,180.667,35.7064,0.0865,1097.83,0.0359833,3.79067,183.667,248.5,232.129
7.5,154.5,54.7754,0.0442,245.99,0.04605,3.32285,68.25,226.75,173.815
4.81818,133.273,33.0499,0.0638909,564.846,0.0540818,3.53155,186.5,244.909,229.101
2.5,141.25,17.4121,0.039675,326.981,0.102525,2.99004,188.625,249.75,240.374
30,216.5,122.316,0.1114,1230.63,0.02075,4.04325,134.5,219,168.74
4.11111,163.667,29.7396,0.0507222,441.813,0.0788667,3.26787,182.889,247.111,233.041
13,202.571,101.107,0.0938571,991.164,0.0240714,3.94719,152.714,233.571,184.059
3.75,83.6875,16.544,0.03175,165.929,0.0936313,2.93082,212,248.25,240.787
12.3333,199.667,112.352,0.0887333,816.908,0.0231167,3.91825,139.333,231.5,172.768
7,245.5,92.3633,0.12535,1752,0.01895,4.15075,165.5,244.5,203.518
4,141.75,35.3774,0.07605,754.928,0.0348875,3.72734,188.25,248.375,231.299
43,190,113.891,0.0824,723.6,0.0253,3.8337,191,228,205.043
6.94737,153.316,50.5023,0.0838526,800.408,0.0264632,3.84864,173.105,241.895,217.971
4,229,84.9727,0.1747,3211.48,0.0145,4.3708,159,239,200.047
4.91667,124.25,19.8197,0.0334,199.4,0.0807917,2.98592,182.583,242.917,233.371
9.66667,178.667,86.7526,0.123633,1567.26,0.0184333,4.1611,164.667,240.333,198.993
8.625,171.375,72.1562,0.0918875,910.376,0.0233375,3.93634,154.5,235.5,197.164
5.46667,115.067,34.3643,0.0616533,473.547,0.0359667,3.60053,191.2,245.467,228.819
5.93333,99.1333,25.0375,0.0437133,274.958,0.0640733,3.23739,200.6,246.4,235.389
11.3333,169.333,78.806,0.0990333,1009.24,0.0216,4.0004,142.333,232,187.441
7.25,182.25,72.4189,0.100275,1114.28,0.02145,4.01528,152.5,238.5,202.77
4,178,55.2109,0.1271,1803.31,0.0187,4.1941,178,250,222.488
12.5,190.75,96.8291,0.1111,1320.07,0.019425,4.1061,153.75,232.5,185.229
2.17895,10.5789,3.05095,0.00183684,2.10834,0.648854,0.711765,244.168,249.884,248.355
3.02222,39.3333,6.06363,0.00784667,18.7657,0.310944,1.67273,229.489,248.8,245.852
6.36364,161.909,54.5139,0.0923636,1001.13,0.0256182,3.94111,168,239.273,212.821
5.24,159.96,40.5634,0.070552,675.898,0.043816,3.63889,172.48,243,222.998
6,194.846,57.0349,0.0990154,1254.45,0.0328692,3.9182,171.923,246.462,219.677
7.65,135.45,41.2381,0.05727,400.976,0.03643,3.55376,176.8,240.6,220.908
8.5,143.1,46.5067,0.05322,331.345,0.03832,3.48508,175.1,238.5,217.598
7.5,204.5,72.8184,0.13205,2005.81,0.01885,4.2139,150,240,205.654
4.875,87.8125,16.9746,0.0231875,96.2422,0.106756,2.69423,203.938,243.625,236.613
3,169.714,24.1568,0.0345857,257.683,0.129114,2.8161,180.286,245.429,234.255
55,190,113.559,0.0589,387.383,0.0358,3.5328,47,148,102.492
4.5,89.2857,19.4942,0.0373429,212.46,0.06395,3.13022,202.286,245.786,236.745
18.3333,190.333,84.8281,0.0753,715.015,0.036,3.70163,74.6667,224.333,168.117
7,233,91.1367,0.1523,2450.52,0.0147,4.3828,166,247,206.324
6.75,196.75,68.1065,0.1133,1537.47,0.031175,4.01023,172,246.25,215.905
9,208,107.184,0.1311,1811.2,0.0181,4.2016,105,235,172.762
5.66667,214.333,112.885,0.0740667,636.292,0.0285667,3.765,41,237.667,150.896
11,196,95.9934,0.09426,937.266,0.02357,3.94364,151.1,234,187.026
9.16667,192.833,88.6139,0.108633,1241.76,0.02035,4.06355,155.333,236.667,192.763
7.33333,165.222,58.609,0.0925889,957.788,0.0238444,3.944,161.778,239.111,209.87
6.64286,187,60.9364,0.0695643,629.646,0.0457286,3.61621,154.786,239.786,207.41
4.94118,106.059,22.3261,0.0381824,239.952,0.0870353,3.04823,190.882,243.706,232.596
11,181.8,77.6448,0.0994,1065.7,0.0216933,4.00457,158,235.533,198.325
37,165,118.75,0.0403,172.462,0.0475,3.2474,78,186,130.738
3.23529,60.5294,11.8948,0.0234353,94,0.121176,2.66368,219.588,247.118,241.974
5.33333,185.556,51.9123,0.0873556,1030.07,0.0372556,3.80449,170.556,245.222,219.979
6,144,43.6716,0.0826833,843.483,0.028575,3.83132,180.25,246.167,224.439
5,154.444,46.0464,0.0907778,1037.85,0.0272222,3.89716,183.333,247.667,226.059
5.66667,163.222,51.3893,0.100722,1167.43,0.0233556,3.9929,174,245.667,220.209
24.4,183.4,101.026,0.0692,503.71,0.02868,3.68714,154.6,222.8,180.062
5.6875,106.688,28.8523,0.0521125,354.615,0.0424687,3.46161,191.75,243.188,229.597
5,101.188,21.5928,0.0283187,139.314,0.102456,2.81658,194.375,243.812,233.233
7,221.333,82.7539,0.1226,1670.25,0.0185667,4.16963,159,240.667,202.922
58,217,142.496,0.0569,351.413,0.0334,3.548,6,162,80.3164
4.66667,129.25,33.415,0.0706417,652.14,0.0469083,3.63162,192.167,247.833,232.044
5,223.5,87.6348,0.14955,2304.59,0.01575,4.3076,167.5,246.5,205.342
4.66667,221.333,66.3841,0.125433,2090.54,0.042,3.98137,168.333,247.333,217.12
3.85714,159.571,35.0301,0.0780286,884.59,0.0334143,3.74793,178.714,249.286,230.565
70.3333,191.333,135.671,0.0429667,199.131,0.0438333,3.28723,185.667,212,193.535
7.81818,161.091,58.6861,0.0891636,888.411,0.0240818,3.91843,173.909,242.818,214.484
4.6,144.4,33.1445,0.04328,294.076,0.06316,3.22012,191.2,247,232.286
14,171.25,82.168,0.059575,390.319,0.0338125,3.57555,164.375,236.5,196.727
7.04,156.8,53.6712,0.078228,726.563,0.032664,3.76987,165.24,241.32,213.882
3.41667,117.75,23.1156,0.0509667,411.918,0.0596667,3.32832,197.917,248.417,237.882
5.57143,195.857,68.0977,0.124557,1728.77,0.0193,4.15253,171.143,246.429,214.496
4.88889,94.6667,26.7027,0.0352333,184.376,0.0737333,3.0665,195.667,243.444,228.696
10.6667,144.333,56.0664,0.0493333,288.099,0.0405333,3.42867,134,231.333,192.921
4.5,189.125,47.8965,0.0744625,754.658,0.0428,3.69175,169.125,246.125,221.544
6.125,189.375,80.5757,0.08915,881.226,0.0239125,3.92704,155.375,237.625,194.661
4,255,75.4414,0.1608,2980.22,0.0164,4.3005,166,245,210.777
16.25,219,111.507,0.1208,1493.78,0.018075,4.16462,149.5,232.75,182.028
3,204,61.6836,0.1507,2519.97,0.0169,4.2679,174,249,220.844
5.5,141.167,50.0091,0.0425,223.523,0.0583,3.24547,167,242.167,211.991
4.27273,165.364,26.7497,0.0442818,382.988,0.122427,3.01136,171.636,243,229.274
8.69231,150.154,53.2275,0.0711154,594.973,0.0352462,3.68808,175,241.077,217.449
11.1,171,73.877,0.07099,551.185,0.02911,3.7156,157.2,235.4,197.926
52,203,146.389,0.0589,394.39,0.034825,3.54873,147,210.25,166.834
9.375,183,83.4033,0.085975,782.252,0.02405,3.88611,153,233.5,189.87
10.75,171.333,78.6042,0.0905,836.039,0.0234917,3.91082,156.583,235.833,196.607
6.75,208,72.0977,0.1295,1921.47,0.018575,4.20695,167.25,243.75,210.417
3.88235,103.412,23.5528,0.0475353,320.719,0.0540765,3.33968,198.059,246.412,235.155
3.2,126.7,16.6934,0.02747,163.464,0.13961,2.66818,197.1,249.3,241.189
4.85714,203.143,49.457,0.0756143,832.773,0.0410286,3.66484,166.286,243.714,219.705
3.3125,77.25,12.6799,0.0267938,129.593,0.0965312,2.80982,211.938,248.75,242.378
11,192.875,88.2642,0.079325,688.628,0.026725,3.81067,153.125,233.125,188.325
4.53846,178.538,46.7776,0.0849769,934.537,0.0372846,3.79859,176,247.308,224.768
10.875,190.875,88.0327,0.104325,1170.12,0.0238375,4.01251,156.125,234.375,192.457
5.85714,178.429,59.0452,0.106129,1332.06,0.0234286,4.02384,169.714,243.286,214.563
4.8,127.6,28.1422,0.04244,289.075,0.07097,3.19308,173.7,241.6,225.951
5.13043,81.6087,13.1439,0.0170609,64.2977,0.184578,2.3189,212.391,246.522,241.749
10.6667,199.333,116.589,0.0621,428.27,0.0328333,3.59783,176.667,243,199.691
6.5625,157.438,43.0154,0.0642812,546.857,0.0423625,3.58974,155.438,238.688,214.318
