7.80531,146.584,47.3605,0.0653062,532.926,0.039208,3.61678,173.708,241.018,218.133
6.82075,166.066,53.918,0.074116,695.498,0.0389925,3.69749,163.462,241.623,213.422
4.66667,226.833,75.7165,0.144517,2383.7,0.0225583,4.22635,167.833,246.417,211.864
7.62069,203.207,78.0989,0.124048,1718.17,0.0204862,4.15026,162.621,242.793,206.148
7.54386,170.728,63.623,0.0861807,857.532,0.0269132,3.86488,164.368,240.544,208.337
3.0303,38.9091,7.15773,0.00970996,32.6293,0.388191,1.58085,230.065,248.398,245.267
8.01493,136.813,39.399,0.050459,362.411,0.0603,3.34525,180.313,241.261,223.13
8.23636,190.545,72.5033,0.105427,1277.39,0.0245745,4.01479,163.764,240.6,205.819
6.19863,108.123,25.9054,0.0348979,197.31,0.0848062,3.00583,191.219,243.788,231.144
7.69048,175.869,63.2499,0.093175,1029.16,0.0276667,3.91792,165.357,240.19,209.35
