5.32143,170.786,49.899,0.0871,928.369,0.0313393,3.84763,174.071,245.357,220.813
2.37692,17.4154,3.76449,0.00330154,6.11061,0.5629,0.953694,240.7,249.669,247.821
4.84615,148.615,33.3056,0.0429885,296.605,0.0818808,3.14649,177.538,243.5,226.927
8.27273,182.909,72.7848,0.107936,1327.7,0.0219727,4.05375,163.909,239.364,203.896
6.42857,205.143,69.6384,0.1305,1966.45,0.0187286,4.2059,162.429,243.571,210.941
5.47368,120.474,34.735,0.0613632,469.402,0.0363263,3.58809,190.947,245.895,229.33
5.13889,151.222,39.1136,0.0709333,671.616,0.0449139,3.63929,178,244.444,225.389
2.875,170,38.6279,0.0890375,1096.54,0.03265,3.8421,184.375,248.625,230.018
4,255,75.4414,0.1608,2980.22,0.0164,4.3005,166,245,210.777
3.61765,60.75,9.84915,0.0155088,52.6056,0.184841,2.25724,219.456,247.544,243.448
5.71429,110.357,28.6719,0.0511607,344.569,0.0442143,3.44057,190.571,243.179,229.503
9.54545,195.818,82.5991,0.118291,1546.73,0.0231636,4.10713,161.727,240.091,201.624
7,154.303,49.7401,0.0831636,815.74,0.0281515,3.83142,176.424,244.091,220.564
19.2,207.6,107.402,0.10984,1228.27,0.02,4.06472,148.4,229.2,181.67
4.16667,86.0333,19.3151,0.0353267,190.051,0.0727767,3.06764,207.133,246.667,237.491
11.1667,160.556,60.0966,0.0655167,497.381,0.0325222,3.65275,158.333,235.611,205.972
5.66667,223.333,77.8932,0.150633,2426.09,0.0156667,4.32607,169,247.333,211.776
9.85,186.85,89.2752,0.08794,813.316,0.02496,3.88913,148.4,233.9,187.052
4.66667,228.833,76.8438,0.1359,2177.8,0.02895,4.14683,169,246.833,212.101
7.11765,182.353,61.9138,0.0702765,624.545,0.0425706,3.64175,157.471,239.529,207.933
6.38462,208.231,77.8251,0.125562,1738.91,0.0188769,4.1628,163.538,244.692,207.596
6.0625,192.812,61.2974,0.100787,1254.89,0.0306812,3.94255,168.375,244.75,215.094
7.2,155.2,54.7555,0.04446,249.025,0.04608,3.32884,81.6,228.8,179.078
35.6667,198.333,127.443,0.0613667,413.078,0.0330667,3.58361,171.556,224.889,187.012
6,137.25,34.775,0.062315,517.303,0.03846,3.59549,181.25,244.55,227.26
5.41379,106.759,23.7784,0.0409207,255.355,0.0649241,3.18352,192.793,244.103,233.035
10.4118,189,88.8284,0.0937706,933.524,0.0231647,3.94789,151.647,234.353,189.88
8.4375,179,69.5303,0.102419,1171.03,0.0238063,3.99836,164.688,239.812,206.515
12.7778,195.556,96.5981,0.0949444,994.378,0.0235222,3.95761,149,233.444,184.016
4.08511,78.3404,14.304,0.0241043,105.874,0.112606,2.7017,210.489,246.085,239.871
5.74074,167,51.4197,0.0901926,1014.44,0.0296741,3.88727,171.481,242.519,217.721
5.81579,160.289,47.4429,0.07675,738.698,0.0358684,3.73792,171,244.158,220.174
56.5,203.5,128.027,0.0579,369.398,0.0346,3.5404,26.5,155,91.4043
13.4,204,106.55,0.07668,667.902,0.02748,3.79358,47.4,229.6,152.787
13.4286,167.857,80.178,0.0578857,375.958,0.0344143,3.56137,137,230.143,182.432
3.38889,108.056,20.533,0.0437556,308.279,0.0737111,3.18171,198.556,248.722,238.752
8.6,161.56,55.6381,0.067704,556.148,0.036728,3.64966,159.56,237.6,208.537
12.5714,189.857,87.8002,0.0794857,708.128,0.0280071,3.80321,152.857,233.143,189.871
5.56522,123.13,33.5065,0.0548261,404.423,0.0461435,3.46454,185.391,243.217,227.197
6.05263,158.158,38.2728,0.0510842,385.484,0.0639158,3.33536,174.211,242.474,224.148
4.3871,105.516,19.186,0.0282355,149.049,0.113274,2.77912,197.903,246.129,236.907
3.5,159.5,24.759,0.04717,434.524,0.12083,3.06706,187,248.4,236.939
9.14286,177.571,75.9336,0.100357,1102.44,0.0216286,4.01011,152.571,236,198.15
6.88889,199.556,74.9188,0.110844,1404.35,0.0207333,4.07271,164.667,242.556,206.901
4.73077,125.231,27.7488,0.0352769,206.592,0.0907846,2.99104,180.846,243.269,227.936
6.67742,170.71,58.7942,0.0848419,870.924,0.0277516,3.85229,159.032,239.677,208.469
62,184.75,131.44,0.0423,192.464,0.04475,3.27728,158.75,205.5,177.836
4,229,84.9727,0.1747,3211.48,0.0145,4.3708,159,239,200.047
10.0667,181.6,73.5995,0.0983667,1059.77,0.02268,3.98851,162.333,238.2,203.386
5.73077,134.769,37.0883,0.0664923,583.889,0.0511615,3.56875,185.038,243.846,226.48
