4.5,152.625,35.418,0.039675,251.513,0.0891,3.07115,170.938,243.062,222.933
3.15385,44.4615,6.87411,0.00932564,23.9497,0.270877,1.82841,227.333,248.359,245.266
3.85714,85.2381,17.9937,0.0325048,171.377,0.0902333,2.95544,209.333,246.952,238.342
9.92308,188.462,97.466,0.0891231,817.395,0.0234769,3.90712,144.154,232.923,181.182
8.63636,179.182,67.2591,0.0785591,731.914,0.0331409,3.76969,154.636,237.864,203.478
5.72414,142.034,42.0396,0.0762034,720.952,0.0311069,3.7587,181.759,245.69,225.31
31.4444,167.444,89.661,0.0429333,215.292,0.0457444,3.2912,116.333,218.556,177.821
15.1,176.9,85.3523,0.07073,547.098,0.02884,3.71463,155.9,231.9,190.803
5.58824,132.118,32.7194,0.0618412,527.653,0.0427647,3.56503,184.588,245.882,229.512
0,0,0,0,0,0,0,0,0,0
6.41379,170.966,54.963,0.0815517,795.306,0.0327483,3.79357,168.483,241.793,214.685
2.65625,13.7188,3.70936,0.00245938,2.56433,0.544444,0.943272,242.531,249,247.542
11.65,194.65,94.4861,0.09424,963.479,0.02354,3.94931,151.1,233.7,186.782
5.71429,217.286,73.5279,0.134129,2081.41,0.0228714,4.18927,165.571,245.143,211.24
7.23077,154.385,44.802,0.0648923,549.754,0.0436462,3.58425,152.385,237.923,212.149
7.63636,193.909,73.7852,0.109282,1384.65,0.0234136,4.04621,162.591,241.045,205.277
3.38636,59.1364,10.1059,0.0172773,59.2439,0.160982,2.3801,220.091,248.114,243.801
7.80952,201.19,79.4262,0.12381,1671.79,0.0188,4.1622,164.857,243,206.137
5.58621,170.759,52.9523,0.0889793,946.329,0.0299069,3.87875,169.483,243.034,216.824
7.29412,145.529,47.2052,0.0834412,832.973,0.0279941,3.83664,182.118,246,223.907
4.8,117.4,16.7539,0.0245,134.007,0.13932,2.61752,198.6,246,239.447
4.75,96.9286,21.612,0.0375571,218.95,0.0738786,3.10116,196.75,244.714,234.294
6.26316,163.474,46.9011,0.0835895,883.757,0.0291737,3.82956,176.158,245.368,222.38
6.90909,143.303,43.8107,0.0683727,586.982,0.0441121,3.62584,179.727,242.333,222.043
2.68966,26.2069,4.4635,0.00487241,8.43146,0.396117,1.34606,236.414,249.517,247.313
8.16667,168.167,55.4343,0.0663333,520.088,0.0326333,3.65482,161.5,236.5,209.05
5.44444,91.8889,14.6751,0.0176667,73.5039,0.191644,2.31892,204.889,244.778,239.198
4.08333,156.75,30.3636,0.0517,438.418,0.0714,3.31577,180.833,246.167,230.896
3.76923,70.9615,13.7925,0.0242923,104.186,0.105808,2.72468,213.577,245.846,239.991
12.6923,191.231,93.9991,0.0782231,661.816,0.0264077,3.80862,107.692,230.538,172.706
7.95238,177.81,72.2645,0.0877905,875.524,0.0256238,3.89015,149.333,236.048,196.799
4.58065,104.613,25.5635,0.0496065,337.964,0.0483516,3.39508,196.419,245.871,233.659
7.52632,145,44.3622,0.0634263,486.268,0.0349105,3.62208,171.737,240.684,218.88
58.25,201.75,132.822,0.059225,387.406,0.033825,3.55638,74.75,177.25,123.722
5.13333,114.333,32.4341,0.0612333,465.117,0.0354933,3.59625,195.867,246.933,231.715
0,0,0,0,0,0,0,0,0,0
5.79487,139.974,33.8661,0.0518026,393.133,0.0666308,3.34133,180.282,242.974,226.869
1.67391,3.5,2.14318,0.000445652,0.123917,0.810728,0.331128,247.413,250.457,249.058
4.3,114.1,23.0813,0.02949,157.547,0.10216,2.82982,189.2,244.2,231.292
4.5,230.25,78.3086,0.159625,2790.55,0.015625,4.3305,166.25,245,209.498
20.3077,185.385,105.891,0.0606692,405.62,0.0334846,3.58308,166.385,233.154,190.944
0,0,0,0,0,0,0,0,0,0
4.33333,85.381,17.1343,0.0289286,134.483,0.0814095,2.91466,205.476,246.619,238.472
4.21429,127.857,18.9621,0.03065,188.521,0.119414,2.79279,186.5,246.071,236.419
6.16667,138.8,34.6167,0.04616,317.331,0.06637,3.25754,178.3,241.833,224.952
8.86842,188.553,71.9539,0.103018,1217.1,0.0260632,3.98673,163.737,240.289,206.071
5.36,105.72,23.42,0.041956,269.563,0.068308,3.18246,195.28,245.24,234.555
7,174.096,59.223,0.0936808,1055.05,0.0275423,3.92001,168.038,241.538,212.87
0,0,0,0,0,0,0,0,0,0
5.11111,167.306,43.1978,0.0687444,657.111,0.0513917,3.57863,171.278,243.667,222.282
