7.22951,174.902,61.9,0.0949984,1067.82,0.0266213,3.93556,167.197,241.115,211.191
3,43.7907,6.77699,0.00981163,25.792,0.262421,1.8664,228.023,248.744,245.647
5.18182,155.273,40.2002,0.0700955,664.717,0.0460727,3.6221,177,244.295,224.773
7.62069,203.207,78.0989,0.124048,1718.17,0.0204862,4.15026,162.621,242.793,206.148
8.01587,178.365,68.7006,0.0906063,938.883,0.0267556,3.90713,162.667,239.492,205.089
4.81132,116.415,27.4856,0.0481679,330.916,0.0557774,3.33792,190.283,244.887,231.505
5.78431,107.314,24.6893,0.0358569,205.319,0.0843608,3.02881,192.627,244.118,232.153
6.90909,162.295,51.554,0.0775636,740.113,0.0343523,3.75537,170.114,242.773,217.456
10.6111,192.778,89.1942,0.0772389,672.799,0.0284333,3.78515,118.111,232.778,178.6
2.5814,22.8837,4.17833,0.00435349,6.69254,0.416088,1.28471,238.256,249.651,247.666
12.7059,171.471,72.583,0.0571588,378.054,0.0365588,3.53347,160.294,236.353,200.869
5.14894,137.085,30.8289,0.0518894,405.72,0.0694383,3.32907,184.404,244.34,229.729
35.2222,198.111,129.165,0.0648333,456.839,0.0311444,3.6332,162.111,221,178.883
36.2222,177.778,98.8017,0.0464667,255.105,0.0434,3.35353,85.4444,203,154.503
8.36,191.92,72.3453,0.105508,1289.01,0.024996,4.01083,164.02,240.76,206.221
4.66667,226.833,75.7165,0.144517,2383.7,0.0225583,4.22635,167.833,246.417,211.864
4.10204,94.5306,17.5446,0.0292612,149.211,0.0964122,2.86231,203.429,246.776,238.333
7.13115,151.131,47.3649,0.0668934,570.314,0.043877,3.60662,171.656,240.869,217.536
4.41463,78.9268,14.6556,0.0228268,97.2851,0.121654,2.64252,210.634,245.317,239.35
5.08889,126.467,28.0905,0.04098,267.101,0.0782622,3.12982,185.022,243.978,230.03
2.03175,5.42857,2.61372,0.000734921,0.383998,0.761822,0.439075,246.286,249.794,248.399
6.8125,139.062,40.8828,0.0627167,490.6,0.0357896,3.61159,176.188,242.646,222.11
9.1,184.9,82.3103,0.08705,822.53,0.02554,3.87806,147.067,234.733,190.974
6.70833,157.042,49.1718,0.0828542,838.488,0.0289937,3.82388,174.854,244,220.196
3.67391,63.3478,10.4313,0.0168935,59.5785,0.175224,2.3325,217.63,247.543,243.206
