4.875,116.125,25.6074,0.0350875,194.803,0.0720875,3.06585,174.5,239.625,225.05
4,242,80.2071,0.16775,3095.85,0.01545,4.33565,162.5,242,205.412
4.5,171.2,45.6824,0.09081,1074.02,0.02871,3.87933,179.6,246.6,225.116
5.66667,214.333,112.885,0.0740667,636.292,0.0285667,3.765,41,237.667,150.896
0,0,0,0,0,0,0,0,0,0
28.7692,188.923,116.185,0.0608308,406.91,0.0330231,3.58433,159.923,226.769,183.78
5.33333,104.458,23.099,0.0417875,268.936,0.0692792,3.17406,195.583,245.167,234.624
2.3,4.4,2.74805,0.00045,0.12292,0.80831,0.3379,245.3,247.9,246.585
3.5,9.5,4.32748,0.00109167,0.59235,0.682758,0.618342,242.667,247.083,245.683
2.8,16.8,4.09845,0.00326,3.69293,0.47159,1.12936,240.5,248.4,246.91
6.22222,211.667,70.3533,0.128711,1996.57,0.0264444,4.1333,163.778,244.111,211.593
3.55556,131.889,15.1984,0.0283222,187.508,0.144611,2.65337,193.444,249.556,242.389
0,0,0,0,0,0,0,0,0,0
4.53846,86.6154,16.5511,0.0276615,129.82,0.0878077,2.86346,204,245.769,237.966
5,102.8,15.2289,0.01794,79.7358,0.1933,2.31766,206,247.4,241.444
8.625,194.25,91.5171,0.0901,864.927,0.0235625,3.92561,151.5,235.875,188.578
6.5,162,42.8808,0.07595,864.852,0.0363,3.69175,92,232,196.193
0,0,0,0,0,0,0,0,0,0
2,3.28571,2.22043,0.000457143,0.114871,0.8158,0.3029,248.429,250.857,249.708
4.76316,108.368,25.7729,0.0490316,336.221,0.0517132,3.37032,193.974,245.132,232.788
1.625,14.75,2.55225,0.0029125,2.96721,0.470375,1.07969,244.375,251.125,249.722
27,209.5,127.65,0.08685,761.558,0.02455,3.8591,85.5,221.5,155.795
2.33333,69.8333,12.3216,0.0310167,145.122,0.0691167,3.01538,217.667,250.333,244.348
6.05556,142.722,42.3657,0.0754111,708.203,0.0319333,3.74567,181.556,245.278,225.136
5.2,167.5,50.1082,0.09907,1163.97,0.02672,3.95496,175.2,246.2,221.62
1.28571,3.28571,1.72769,0.000485714,0.147029,0.802571,0.357229,249.571,253.143,251.656
5,141.923,39.6857,0.0811154,852.16,0.0301538,3.8057,181.385,246.846,226.909
0,0,0,0,0,0,0,0,0,0
6.08696,138.957,38.9451,0.060413,468.214,0.0398696,3.56413,182,244.348,225.631
4.8,106,18.5141,0.02655,142.685,0.12343,2.69796,195.1,244.3,235.995
2.25,210.5,35.9746,0.052025,643.86,0.12825,2.97997,170.75,250.5,233.589
2.74194,40.4839,5.87463,0.00846452,21.4738,0.295381,1.73997,229.935,249.645,246.785
5.2381,160.476,44.5378,0.0769952,749.178,0.0318476,3.76807,173.857,244.714,221.804
0,0,0,0,0,0,0,0,0,0
7.5,141.5,63.4785,0.0463,218.069,0.03935,3.3651,173.5,245,206.309
0,0,0,0,0,0,0,0,0,0
4.46667,76.7333,16.3914,0.0239267,94.1136,0.0960333,2.7507,213.467,245.467,239.085
4.15,87.35,18.8008,0.0325,171.787,0.09182,2.95034,207.9,246.55,237.543
4.92857,124.714,33.3881,0.0660786,573.53,0.0408571,3.6139,188.214,244.286,228.225
8.5,153.917,51.068,0.065075,502.225,0.0331667,3.64842,157.75,237.417,210.978
4,205.4,54.8406,0.07444,799.251,0.05562,3.58374,175.4,247.2,222.778
7.4,179.6,49.4609,0.08256,881.22,0.03034,3.81295,173.6,245.3,221.73
15.7778,177,83.4401,0.0703667,538.439,0.0288444,3.70841,155.889,230.667,191.468
23.8333,170.833,79.1927,0.0487667,287.126,0.0422333,3.39537,54.3333,202.833,146.345
4.41176,73.8235,11.9669,0.0179059,66.1434,0.170724,2.38026,215.941,247.412,242.763
9.54545,195.818,82.5991,0.118291,1546.73,0.0231636,4.10713,161.727,240.091,201.624
1.5625,3.6875,2.23121,0.0004125,0.120319,0.819094,0.321044,246.688,249.875,248.525
13,204.75,102.276,0.0938375,966.496,0.023725,3.95277,153.25,232.75,183.644
4,58.7619,9.33835,0.0123048,37.3504,0.210962,2.07518,217.905,245.048,241.426
7.71429,204.571,83.2946,0.112871,1413.04,0.0200714,4.0869,161.714,240.857,201.474
0,0,0,0,0,0,0,0,0,0
3.72222,124.611,24.1241,0.0513611,418.007,0.0664889,3.31899,196,248.167,237.117
5.66667,100.667,12.1823,0.0113,49.4458,0.308033,1.8277,202.667,244.667,241.079
10.875,190.875,88.0327,0.104325,1170.12,0.0238375,4.01251,156.125,234.375,192.457
3.29412,27.4706,5.26585,0.00484118,7.84264,0.391041,1.35302,234.176,247.706,245.506
5,150,62.0859,0.0404,183.817,0.0485,3.2203,139,238,193.781
4.07143,154.214,31.4093,0.0387286,256.291,0.0962071,3.02916,170.571,242.786,225.307
1,2,1.29492,0.000466667,0.118767,0.79605,0.349217,249.167,252.667,250.814
5,171,47.604,0.0870619,938.474,0.0327286,3.84412,174.095,245.714,222.523
5.13636,164.727,48.6159,0.0895545,1015.18,0.0280591,3.89697,174.091,243.5,220.052
0,0,0,0,0,0,0,0,0,0
17,166,79.8828,0.0999,998.571,0.0215,3.9892,119,228,174.656
0,0,0,0,0,0,0,0,0,0
9.5,172.8,67.8543,0.0875,841.015,0.02568,3.87469,162.8,238.2,205.711
6.69565,155.391,42.3927,0.0642783,560.976,0.0566,3.51784,165.783,239.913,217.931
10.5,179.562,80.9587,0.0941062,932.051,0.0226813,3.95259,152.562,234.312,193.39
13.7778,196.444,97.8125,0.109867,1245.08,0.0202444,4.06504,150.222,232.222,185.628
7.30435,137.739,44.0999,0.0572,395.728,0.0365348,3.54731,176.174,240.348,219.19
5.94737,133,34.5308,0.0626263,515.496,0.0371105,3.60659,183.263,245.421,228.034
6,194.846,57.0349,0.0990154,1254.45,0.0328692,3.9182,171.923,246.462,219.677
62,184.75,131.44,0.0423,192.464,0.04475,3.27728,158.75,205.5,177.836
5,116,57.4102,0.0376,142.475,0.0491,3.1488,173,243,202.934
4,170.636,27.3104,0.0441182,386.918,0.123618,3.00232,171.364,244.182,229.216
4.16667,122.5,19.2416,0.0294167,154.796,0.0935333,2.86992,196.667,247.333,238.615
6.33333,142.708,36.7801,0.0460583,312.71,0.0654125,3.2619,177.292,242.042,224.123
10.5,151.5,57.7461,0.07755,675.583,0.02585,3.84555,71.5,224.5,166.873
7.5,183.167,65.6536,0.106717,1338.23,0.0224333,4.04332,166.833,241.5,209.838
10,187.385,80.4111,0.0957231,1032.12,0.0283923,3.92405,157.692,236,196.925
0,0,0,0,0,0,0,0,0,0
9.08333,180.75,75.0527,0.100142,1091.21,0.0215667,4.01271,155.333,237.667,200.594
5.57895,162.789,42.5082,0.0713684,670.807,0.0353789,3.69143,170.211,242.842,221.703
0,0,0,0,0,0,0,0,0,0
6.38462,208.231,77.8251,0.125562,1738.91,0.0188769,4.1628,163.538,244.692,207.596
1.83333,22.3333,3.35712,0.004575,7.13958,0.409875,1.31852,240.917,252.667,250.425
0,0,0,0,0,0,0,0,0,0
4.84615,96,21.4662,0.0375885,219.24,0.0749115,3.09656,198.423,245.115,234.86
7.21053,151.684,50.9961,0.0841316,801.856,0.0263421,3.85248,173.211,242.211,217.751
2.66667,50.1429,9.48568,0.0189524,64.5841,0.133386,2.50479,224.095,249.667,245.252
8.8,181.3,71.4789,0.07654,647.76,0.02757,3.78779,155.4,235.1,198.127
4.6,129.6,32.7293,0.07,640.159,0.05024,3.60651,193.6,247.8,232.58
3,61.6,11.218,0.0252,115.435,0.11229,2.72771,218.2,248.3,242.881
0,0,0,0,0,0,0,0,0,0
0,0,0,0,0,0,0,0,0,0
6.7,162.3,66.3328,0.08861,889.003,0.02455,3.91026,161,238.5,202.955
11.0588,181.824,78.8176,0.0793059,723.263,0.0331529,3.77346,150.647,234.824,195.493
8.92308,184.615,86.7106,0.0877846,805.68,0.0239308,3.89685,150.615,234.538,188.489
0,0,0,0,0,0,0,0,0,0
5.16667,86.5,14.819,0.0216,94.7764,0.129167,2.57808,193.5,239,232.409
8.69231,167.538,64.052,0.0717923,599.967,0.0345308,3.70057,166.154,239.615,209.583
4.85714,224.857,78.4331,0.146057,2305.87,0.0162571,4.30011,169.143,247.286,211.455
