3.7069,62.8448,10.4691,0.0166414,58.0637,0.173291,2.32824,218.759,247.379,243.199
8.35714,180.464,68.9329,0.0967179,1075.06,0.0240643,3.96366,163.107,239.286,206.084
5,218.5,76.4102,0.1515,2485.25,0.0158,4.32535,170,248,213.584
5.83333,148.389,34.2904,0.06125,534.956,0.0485722,3.52517,175.889,242.944,226.176
9.33333,202,86.418,0.115767,1486.1,0.0226267,4.08753,160,239.8,198.858
8.23333,188.667,68.5775,0.10567,1295.85,0.0226167,4.02972,165.833,241.767,209.028
13.4,156.6,67.5703,0.04342,231.284,0.04634,3.30776,70.2,218.6,165.2
7.33333,141.958,43.3927,0.0635875,488.975,0.0344708,3.62975,172.5,241.333,219.671
5.36364,179.136,47.6898,0.0691727,666.548,0.0502182,3.58505,166.364,242.545,218.666
7.45,178.15,69.9693,0.086935,879.942,0.02663,3.88005,149.6,236.75,198.3
5.4,224,70.3602,0.1295,2091.02,0.03204,4.0871,168.6,246,214.186
4,242,80.2071,0.16775,3095.85,0.01545,4.33565,162.5,242,205.412
3.8125,95.8125,22.6963,0.0477062,311.644,0.0488125,3.35969,202.375,248.062,237.075
56.5,203.5,128.027,0.0579,369.398,0.0346,3.5404,26.5,155,91.4043
5.11765,115.471,26.2678,0.0364088,210.643,0.0821441,3.04394,184.971,243.5,229.279
6.24138,158.517,49.4601,0.0815,789.974,0.0313793,3.80351,174.897,243.207,219.387
9.58333,180.167,70.4227,0.0786875,728.496,0.0325542,3.77402,154.333,236.792,201.357
6.4,209.1,74.9957,0.12371,1694.69,0.01891,4.16166,167.9,244.3,210.551
12.1,192.15,92.0488,0.09428,957.849,0.02354,3.94815,151,233.6,187.986
2.12088,9.9011,2.95828,0.00173956,1.95119,0.659313,0.687916,244.538,250.033,248.497
6.66667,152.25,36.6273,0.0511542,387.241,0.0757208,3.30157,174.667,242.375,224.587
5.75862,166.517,52.0892,0.0904724,1015.74,0.0292483,3.89261,171.586,242.586,217.297
5.25,223.75,80.3223,0.146075,2252.32,0.0162,4.29992,168.5,247.25,210.597
70.3333,191.333,135.671,0.0429667,199.131,0.0438333,3.28723,185.667,212,193.535
8.21739,183.304,70.124,0.100983,1177.66,0.0294478,3.95178,164.739,240.217,206.595
6.4,205.4,71.2602,0.1292,1935.06,0.01904,4.20292,160.2,242.6,208.808
3.92308,85.3462,18.857,0.0350077,188.915,0.0751577,3.05349,207.654,246.577,237.604
4,160.9,31.2438,0.05157,440.97,0.07492,3.29684,179.8,246.2,230.306
3.63158,136.316,23.9665,0.041,310.183,0.0936684,3.06024,185.789,246.211,234.327
3.02,38.28,5.97368,0.007678,18.2144,0.315682,1.652,230,248.7,245.874
8.25,173.125,66.8655,0.0730563,616.915,0.03285,3.72894,155.875,237.5,202.894
4.47368,121.895,28.6661,0.0534158,411.529,0.0510053,3.41537,191.158,245.105,232.14
5.11765,127.176,27.2633,0.0406941,263.24,0.0752235,3.13894,184.529,243.765,230.33
9.25,163.312,60.3826,0.0677,551.744,0.0389688,3.63144,151.562,236.25,203.425
5.57143,134,35.6599,0.0712286,646.133,0.0440071,3.65191,188.143,246.5,229.791
4.23256,78.3023,14.4513,0.0238581,104.361,0.114723,2.68872,210.093,245.767,239.492
13.4,204,106.55,0.07668,667.902,0.02748,3.79358,47.4,229.6,152.787
46.6,206.2,150.077,0.06184,425.28,0.0329,3.58938,167.8,215.2,175.923
6.12,137.16,39.3855,0.067144,578.558,0.04548,3.60445,182.84,243.52,224.891
9.6,144.3,51.075,0.05284,327.79,0.03914,3.47746,168.7,236.6,211.566
6.6,199.4,80.3859,0.12784,1776.79,0.0186,4.17648,156.8,243.8,203.272
5.61905,109.905,28.6157,0.0513905,350.389,0.0450762,3.43757,190.619,243.238,229.682
5.25,111.167,32.9121,0.0622583,476.42,0.0345417,3.62184,195.917,246.083,230.449
5.39286,172.5,51.1618,0.0877714,929.408,0.0306643,3.85862,172.5,244.821,219.456
4.14286,102.714,18.367,0.0282771,148.017,0.110111,2.79299,199.629,246.686,237.827
9.73684,188.368,89.8532,0.0880789,815.053,0.0249211,3.89132,147.947,233.947,186.92
18.6,179.4,87.7563,0.06898,512.651,0.02892,3.69612,156.8,228.6,189.084
5.88462,143.962,41.9456,0.0752885,716.609,0.0332346,3.73506,180.077,245.423,224.936
6.57143,157.536,48.1985,0.0825071,853.308,0.0298607,3.8146,176.643,245.143,221.844
15.1,177.9,90.1434,0.06006,395.749,0.03369,3.57778,157,235.4,191.473
