3.97059,69.9608,12.2586,0.0197265,78.0409,0.148174,2.4828,214.657,246.686,241.574
9.93162,147.812,49.5229,0.058394,442.644,0.0457974,3.51038,174,239.547,216.92
5.83333,216.433,75.972,0.133953,2040.72,0.02038,4.19596,164.5,244.867,209.369
7.62385,177.119,64.9753,0.093255,1016.66,0.0269606,3.9228,165.028,240.321,208.551
8.52459,192.098,73.9602,0.108007,1338.69,0.0246426,4.02846,163.869,240.82,205.748
5.66355,124.617,30.2759,0.0451075,303.16,0.066671,3.24414,182.505,243.196,227.717
2.43972,19.9645,4.02757,0.00384539,7.7183,0.537458,1.02979,239.383,249.56,247.567
6.27835,104.763,24.7533,0.0333773,182.135,0.0887619,2.96662,195.454,244.113,232.81
7.58519,168.059,60.5284,0.0828519,811.521,0.0295119,3.82244,164.481,240.822,210.128
6.752,157.272,49.6952,0.0696768,620.405,0.0421728,3.64189,167.432,241.264,215.56
