4.70833,104.792,20.3647,0.028325,142.087,0.100983,2.82361,196.875,245.5,235.64
4,255,75.4414,0.1608,2980.22,0.0164,4.3005,166,245,210.777
6.25,184.875,57.0195,0.08675,914.769,0.0290375,3.85697,178,247.375,220.913
6.5,204.5,65.584,0.13375,2044.93,0.01795,4.21335,168,246,216.275
6.64706,154.118,42.7553,0.0649412,577.199,0.0612353,3.50512,171,241.882,220.716
3.9,99.2,23.0979,0.0487,334.868,0.05023,3.37308,202.5,248.05,236.982
13.5,198,98.4541,0.0946125,992.09,0.02375,3.95244,148.5,232.875,182.883
7.66667,212,87.7044,0.127167,1690.73,0.0174333,4.18693,162.667,243,202.668
2.12088,9.9011,2.95828,0.00173956,1.95119,0.659313,0.687916,244.538,250.033,248.497
67.5,206.5,149.201,0.06675,450.54,0.0292,3.6468,153,195.5,161.586
5,218.5,76.4102,0.1515,2485.25,0.0158,4.32535,170,248,213.584
5.75,130.562,35.386,0.0632375,504.305,0.0347375,3.62786,181.375,244.188,226.02
8.16667,209.5,87.9733,0.113217,1417.08,0.0202167,4.0862,159.667,239.5,198.023
7,155,51.5846,0.0779294,726.186,0.0303529,3.77482,168.176,242.471,216.301
6.44444,182.333,55.8724,0.0993778,1246.15,0.0350889,3.91569,172.667,245.889,219.482
5,223,59.6504,0.0982,1273.11,0.027875,3.92385,170.25,247.75,220.115
3.34694,58.1633,9.83219,0.0165816,56.1513,0.166116,2.34277,220.49,247.878,243.753
37,165,118.75,0.0403,172.462,0.0475,3.2474,78,186,130.738
15.75,174.5,85.8288,0.0588333,382.816,0.0340417,3.5652,153.417,233.75,191.016
10.625,197.75,105.497,0.0884625,812.377,0.0233375,3.91405,142,232.75,176.665
4.85714,201.143,59.1669,0.0777,796.755,0.0465429,3.67401,169.143,244,216.087
4,229,84.9727,0.1747,3211.48,0.0145,4.3708,159,239,200.047
7.5,154.5,54.7754,0.0442,245.99,0.04605,3.32285,68.25,226.75,173.815
4.1875,125.562,19.5278,0.0309,186.423,0.113825,2.82187,185.812,245.312,235.047
8.18182,183.273,81.6822,0.0903364,885.811,0.0235182,3.93362,154.273,236.182,192.787
12.875,183.75,83.8452,0.099725,1055.75,0.02145,4.01139,156.5,233.25,193.105
5.25,97.1667,13.722,0.0161917,69.8743,0.223067,2.19161,206.583,246.167,241.277
6,151,72.2129,0.0622,410.846,0.03295,3.5869,198.5,245,215.531
70.3333,191.333,135.671,0.0429667,199.131,0.0438333,3.28723,185.667,212,193.535
9,208,107.184,0.1311,1811.2,0.0181,4.2016,105,235,172.762
7.11111,152.389,42.6237,0.0649667,537.742,0.0379444,3.61693,163.833,240.111,217.311
4,141.75,35.3774,0.07605,754.928,0.0348875,3.72734,188.25,248.375,231.299
8.83333,178.833,78.2481,0.0799333,737.518,0.0299,3.79342,139.5,234.167,190.748
10.4,189.2,87.0297,0.10516,1140.43,0.0204,4.0464,151.6,235.6,193.82
4.66667,230,73.6472,0.1401,2187.13,0.0169,4.2783,169.667,247.333,214.112
2.33333,219,41.9115,0.0567667,640.332,0.0851667,3.2412,170,251,231.522
4.75,173.875,47.5054,0.09775,1171.04,0.0283375,3.92879,174.25,246.375,223.333
3.06122,38.2449,5.9898,0.00753673,17.6978,0.319104,1.63857,230,248.612,245.791
2.8,163.8,34.3109,0.08562,1082.13,0.03246,3.8066,188.4,249.8,233.648
30,216.5,122.316,0.1114,1230.63,0.02075,4.04325,134.5,219,168.74
8.5,179.667,71.6445,0.0783333,661.195,0.0271167,3.79857,144.333,234.5,193.04
5.7,159.3,37.8281,0.05713,461.451,0.04768,3.47993,175,244.1,225.878
3.85714,85.2381,17.9937,0.0325048,171.377,0.0902333,2.95544,209.333,246.952,238.342
5.71429,184.143,45.9938,0.0778714,855.439,0.0353143,3.72381,140.571,237.714,210.369
13.75,202,105.587,0.1213,1517.99,0.018425,4.1575,146.25,232,179.933
5,195,67.9102,0.128,1989.39,0.0209,4.1868,132,238,202.371
5.375,126.5,27.6726,0.0413812,281.083,0.0816375,3.12191,179.5,242.625,228.413
5.57143,143.571,50.6758,0.0429286,228.901,0.0565714,3.2608,162.429,241.429,210.296
5.66667,214.333,112.885,0.0740667,636.292,0.0285667,3.765,41,237.667,150.896
7,245.5,92.3633,0.12535,1752,0.01895,4.15075,165.5,244.5,203.518
4.54167,77.2083,15.3351,0.0228625,92.3023,0.108842,2.68125,209.167,244.042,237.824
10.8571,196.714,87.9403,0.103957,1188.64,0.0243429,4.01057,155.857,235.143,192.953
4,140.714,34.1272,0.0788857,844.372,0.0316,3.77387,186,249.857,232.911
4.46154,123.308,30.7061,0.0646923,568.99,0.0426923,3.58921,189.538,245,230.087
15.2,177,83.2715,0.07077,542.319,0.02865,3.71569,155.7,231.2,191.664
5.82353,143.471,32.8794,0.0541353,413.277,0.0551824,3.43059,179.471,243.118,227.078
7.5,155.75,62.2012,0.101775,1122.15,0.02095,4.02828,171,241.75,211.521
9.6,153.2,55.0281,0.06536,491.002,0.03214,3.66067,163.8,237.8,210.359
7.2,193,69.2164,0.1144,1543.41,0.02888,4.03316,171.4,246.4,215.001
7.13333,156.8,53.1471,0.0853733,868.811,0.0265467,3.87228,171.467,242.8,216.103
4.7,154.4,40.6598,0.08652,1011.4,0.0322,3.83693,175.7,243.2,224.142
3.33333,131.533,21.5068,0.0429267,321.138,0.08014,3.15303,185.4,246.667,235.413
6.75,208,72.0977,0.1295,1921.47,0.018575,4.20695,167.25,243.75,210.417
3.22222,114.556,22.4531,0.0497111,404.347,0.0629333,3.29706,197.889,248,237.866
11,196,95.9934,0.09426,937.266,0.02357,3.94364,151.1,234,187.026
3.25,169,23.6304,0.0349125,261.591,0.121475,2.84785,181.5,245.5,234.804
56.5,203.5,128.027,0.0579,369.398,0.0346,3.5404,26.5,155,91.4043
7.30769,182.538,64.8513,0.107031,1342.12,0.0221846,4.04699,167.385,242.077,210.787
5.6,174,64.6703,0.09092,917.778,0.02386,3.92744,156.4,237.4,202.787
4,178,55.2109,0.1271,1803.31,0.0187,4.1941,178,250,222.488
16.6667,193.833,97.7305,0.0793833,703.818,0.0265167,3.81472,159,232.167,188.794
5.05882,108.118,23.5719,0.0383353,233.97,0.0800647,3.08365,188.824,242.706,231.006
8.85714,183,68.4342,0.0991857,1082.29,0.0218857,4.00593,160.143,238.286,205.655
7.85714,167,61.9448,0.0923714,959.566,0.0242143,3.93589,160.571,237.429,206.539
7.52941,126.706,37.1576,0.0544647,376.346,0.0413706,3.48803,176.412,239.235,221.408
7.25,177.583,63.1426,0.0936833,1014.23,0.02905,3.91603,161.75,239.75,207.835
3,174.429,23.5647,0.0410857,386.779,0.160729,2.81931,177.143,246.143,234.066
5.5,199,66.9154,0.12365,1735.87,0.0197333,4.14307,170.667,246.333,214.742
5.19048,163.81,40.2537,0.0686333,668.871,0.0550476,3.56263,171.667,243.619,223.64
11.0833,170.5,79.8532,0.0901083,831.572,0.0235833,3.90661,156.5,235.083,195.302
8.38462,174.846,67.0334,0.0722538,614.338,0.0343154,3.71324,159.769,237.538,204.858
5,223.5,87.6348,0.14955,2304.59,0.01575,4.3076,167.5,246.5,205.342
5.3,183.7,47.352,0.07528,745.803,0.03994,3.71669,164.1,243.8,218.841
3.47368,70.4211,12.8273,0.0268789,124.796,0.0970316,2.81618,214.526,248.053,241.883
25,188.5,97.0469,0.0806,715.317,0.02585,3.83645,57,217.5,155.625
4,144.4,39.8485,0.08572,909.478,0.02906,3.8352,187.4,247.4,228.084
5.5,234.5,72.8554,0.12245,2101.99,0.05345,3.8792,168.5,246,213.873
4.5625,90.0625,19.7922,0.0370812,213.174,0.0680687,3.1099,201.75,246.062,236.781
5.58333,115.25,34.6126,0.061575,463.199,0.03515,3.60079,194.833,246.25,230.219
5.09091,130.182,36.919,0.0749182,692.72,0.0310818,3.75351,188.091,245.818,228.619
5.58333,94.0833,25.1878,0.0449083,271.26,0.0504333,3.31583,204.333,247.25,236.192
7.2,185.8,90.2242,0.10996,1264.53,0.0203,4.07206,153.4,236.2,189.517
7.15385,133.923,41.945,0.0514923,327.409,0.0423923,3.44442,177.692,239.615,219.926
3.25,156.75,37.8808,0.08515,952.955,0.02935,3.8541,179.75,246.5,228.018
6.44444,129.778,40.7812,0.0729333,624.678,0.0300111,3.73434,192.333,245.444,227.625
32.6667,206,150.661,0.0585667,408.44,0.0353667,3.5511,177.667,228.333,185.482
5.16667,183.833,45.5299,0.08605,945.752,0.0433167,3.78225,168.833,247.5,224.72
7.45,152,52.3609,0.08419,800.78,0.02631,3.85223,172.4,241.75,216.342
5.375,172.5,55.6528,0.09315,1049.11,0.025675,3.92965,177.5,246,219.922
7,190.5,70.08,0.122,1612.49,0.01835,4.1913,168.5,240.5,211.564
