4.75,111.659,25.2478,0.0365841,210.835,0.0789955,3.05881,188.75,244.114,230.827
10.2941,195.412,77.4017,0.105371,1244.02,0.0222824,4.02882,161.765,239.353,203.151
10.7308,166.692,63.9889,0.0677654,543.27,0.0361038,3.64892,155.115,235.308,202.483
4,242,80.2071,0.16775,3095.85,0.01545,4.33565,162.5,242,205.412
2.30973,14,3.43415,0.00249204,3.74233,0.604884,0.830035,242.319,249.717,247.997
4.03333,108.367,23.4113,0.04755,329.388,0.05506,3.33387,196.5,246.867,235.355
7.66667,187.333,70.8763,0.12005,1572.97,0.0187833,4.16197,171.333,243.833,212.659
6.8,168.9,58.4727,0.078185,737.935,0.03415,3.76287,153.5,238.75,206.692
8.33333,175.788,67.3986,0.0957424,1042.28,0.0253879,3.95332,165.364,239.879,207.258
5.25,193.25,67.9761,0.1094,1400.2,0.021125,4.06159,164.75,243.375,209.684
6.5,193,81.1973,0.1291,1807.25,0.0184,4.19785,141.5,242.5,197.625
14.2308,172.769,80.6268,0.0583154,382.297,0.0348615,3.55482,156.615,234.462,194.651
6.71875,180.094,65.0956,0.0869344,891.346,0.0272188,3.87092,157.031,239.781,204.993
4.28571,76.6786,13.7831,0.0216946,89.9882,0.136521,2.57293,212,246.054,240.382
4.8,227.4,79.2422,0.14388,2234.11,0.01644,4.29002,168.8,247,210.604
5.61538,171.692,51.4075,0.0935846,1102.65,0.0284308,3.90593,173.231,243.154,218.709
4.38462,162.231,40.4537,0.0761231,758.271,0.0391,3.71749,184.538,248.231,229.386
7.4375,180.938,62.1118,0.0707312,622.564,0.0410875,3.65712,155.938,238.875,206.86
4.95122,141.561,30.5712,0.0514171,407.823,0.0731561,3.30656,183.756,244.561,230.054
4.96429,166.5,46.7137,0.0874607,968.009,0.0321357,3.8529,172.643,244.071,221.089
13.4,156.6,67.5703,0.04342,231.284,0.04634,3.30776,70.2,218.6,165.2
41,204.167,143.303,0.0622,425.54,0.0325833,3.59732,165.333,219.5,177.67
5.8,214.6,68.9578,0.12808,2056.65,0.03274,4.07438,161,244.4,212.534
6.75,208,72.0977,0.1295,1921.47,0.018575,4.20695,167.25,243.75,210.417
6.64516,135.387,40.3669,0.0621968,476.513,0.035471,3.6073,180.29,243.032,223.491
3.23881,51.9851,8.30673,0.0130134,40.121,0.212264,2.10329,223.269,248,244.438
5.85714,149.19,43.1432,0.0826857,864.562,0.0291762,3.82439,179.952,245.81,224.97
7.05263,120.789,34.2671,0.0532579,363.734,0.0425632,3.46666,181.684,240.947,224.837
14.3,191.6,91.9941,0.08009,697.014,0.02626,3.81998,156.8,232.1,189.05
4.88889,148.963,34.0971,0.0430815,295.292,0.0805593,3.15413,175.963,243.259,225.935
5.89474,140.947,41.7354,0.0754105,706.466,0.0316947,3.74812,182.579,245.684,225.835
10,191.7,86.6172,0.10373,1160.08,0.02332,4.01674,153.3,235.3,193.418
11.4,185.8,91.8664,0.11146,1327.93,0.01978,4.0952,154.8,233.4,187.463
7.44,158.56,52.908,0.08368,808.919,0.02776,3.8353,173.36,242.84,217.742
5.55556,187.222,55.6393,0.103456,1313.56,0.0241,4.00106,171.889,245.667,219.181
11.8,206,96.6664,0.11618,1515.24,0.02842,4.04132,150.2,235.6,188.382
5,218.5,76.4102,0.1515,2485.25,0.0158,4.32535,170,248,213.584
9.90909,185.136,87.9577,0.0882136,816.473,0.0248091,3.89122,149.682,234.182,188.329
5.07143,159.893,40.6406,0.069375,663.84,0.0502464,3.59257,174.929,244.321,224.483
20,250,130.461,0.1224,1437.57,0.0176,4.1617,164,236,184.633
4.03509,94.9825,17.9521,0.0297,153.905,0.100009,2.85937,203.421,246.772,238.029
5.85714,138.143,34.3302,0.0621286,522.696,0.0389238,3.59019,177.667,243.667,226.13
5.31034,107.552,23.0815,0.0411517,264.987,0.0707621,3.16085,194.103,245.069,234.459
13.4,204,106.55,0.07668,667.902,0.02748,3.79358,47.4,229.6,152.787
56.5,203.5,128.027,0.0579,369.398,0.0346,3.5404,26.5,155,91.4043
4.875,173,47.9941,0.0959,1181.24,0.0384625,3.85462,172,246,222.694
6.36364,211,77.212,0.124918,1726.49,0.0189636,4.15643,167.545,245.091,209.408
6.1,137.233,38.8126,0.0670867,582.403,0.04819,3.59089,183.5,243.6,225.306
70.3333,191.333,135.671,0.0429667,199.131,0.0438333,3.28723,185.667,212,193.535
12.2105,194,93.1217,0.0942211,957.771,0.0235842,3.94762,150.789,233.421,187.379
