10,163.5,62.4084,0.0692812,543.371,0.0324688,3.68301,154.688,236.438,203.417
7.09091,161.182,48.0188,0.0602273,465.221,0.0425364,3.5471,168.273,241.818,217.131
3.625,8.5,4.55763,0.001025,0.478125,0.679862,0.602663,242.875,246.625,245.361
4.28571,75.7143,16.1646,0.0284571,133.265,0.0832143,2.90167,203.571,244.143,236.324
5.65,163.25,43.2959,0.07151,670.418,0.0351,3.69428,169.55,242.6,221.124
3.25,164,42.1025,0.089625,1095.27,0.02985,3.8614,185,247,227.858
2.6,5.4,3.18438,0.00054,0.15666,0.77374,0.39422,245,247.2,246.373
1.57143,76.2857,9.76953,0.0284571,154.418,0.1163,2.79781,218.714,251.571,246.297
5.77778,157.778,32.2196,0.0485889,385.898,0.0898444,3.20661,173.556,242.5,226.719
0,0,0,0,0,0,0,0,0,0
56.5,203.5,128.027,0.0579,369.398,0.0346,3.5404,26.5,155,91.4043
6.9,196.2,74.6285,0.11105,1399.85,0.02078,4.0706,164.1,242,205.851
1.66667,9,2.23437,0.000766667,0.4139,0.742133,0.4905,245,250.333,248.635
2.25,210.5,35.9746,0.052025,643.86,0.12825,2.97997,170.75,250.5,233.589
24,191.8,115.117,0.0681,497.333,0.02906,3.67942,162.2,225.8,182.183
6.25,136.75,32.9199,0.0619,537.877,0.0406375,3.56866,183.5,244.5,229.273
10.1111,197,85.3811,0.117467,1532.11,0.0242333,4.08842,160.222,240,199.415
14.1667,173,83.8412,0.0593,384.988,0.0337917,3.57114,161.917,235.75,195.616
5.33333,105.889,31.8603,0.0630556,481.028,0.0332111,3.63973,196.222,246.667,230.898
6.33333,187.25,63.2256,0.101642,1245.5,0.0319583,3.94304,167.583,243.417,212.771
5.57143,125.786,36.8583,0.0676714,577.533,0.0380714,3.64334,188.786,244.571,227.406
9.33333,174.333,77.9173,0.0946667,950.747,0.02245,3.95863,148.833,233.833,193.622
5.68966,164.966,49.3202,0.0775,746.999,0.036269,3.74682,167.138,242.793,217.305
0,0,0,0,0,0,0,0,0,0
8.81818,181.727,77.8711,0.0966182,1013.68,0.0231545,3.9643,153.727,236.909,195.874
6.66667,186,71.7838,0.124667,1637.06,0.0178,4.1973,170.333,242.667,212.049
3.65,63.05,11.5994,0.019305,67.4619,0.14129,2.49538,218.75,248.15,243.071
5,221,82.0225,0.150525,2394.92,0.015775,4.31648,168.75,247.25,209.463
0,0,0,0,0,0,0,0,0,0
7.03704,156.704,50.9945,0.083137,810.905,0.0282,3.8265,175.296,243.556,219.363
5.33333,104.458,23.099,0.0417875,268.936,0.0692792,3.17406,195.583,245.167,234.624
3.3125,27.1875,5.29126,0.00480625,7.43359,0.381975,1.36404,234.438,247.562,245.385
1.66667,2.44444,1.92969,0.000222222,0.0601889,0.896378,0.1822,247.222,249.889,248.622
9.65,187.3,89.6221,0.08761,808.725,0.024885,3.88867,148.4,234,186.998
0,0,0,0,0,0,0,0,0,0
4,121.333,16.1302,0.0238333,132.417,0.158833,2.53943,205.333,248.333,242.13
5.54545,215.273,69.2401,0.131473,2058.19,0.0247364,4.16263,165.273,245.636,213.376
5,167.3,47.0314,0.088555,1030.78,0.03259,3.84957,176.5,245.45,223.151
4.5625,87.6875,20.6521,0.03405,175.052,0.0763063,3.03131,206.875,245.438,235.787
5.26667,136.933,31.7917,0.04556,315,0.06752,3.24553,181.4,243.4,228.13
4.58333,112.333,22.5895,0.0291833,150.985,0.100467,2.8275,190.333,244.333,232.52
5.8,116.8,32.5214,0.05458,395.108,0.0453867,3.46846,185.2,242.067,226.623
1.92308,22.2308,3.38103,0.00440769,6.84712,0.420277,1.28955,240.769,252.385,250.189
4.26667,126.533,19.6419,0.0307533,187.709,0.117153,2.80567,185.8,245.6,235.203
6.27273,159.227,46.3015,0.0821273,864.362,0.0300091,3.81684,173.5,244.273,221.39
3.33333,54.3333,6.38022,0.0073,18.6403,0.32615,1.5896,219.5,245.833,242.682
4.62069,103.724,25.3502,0.0496207,337.608,0.0482897,3.39521,196.517,245.586,233.532
4,164.75,32.6328,0.0593,522.348,0.0457,3.51142,174.75,246,229.21
14.1429,200.857,101.194,0.0947,972.497,0.0226143,3.96763,153,231.714,182.872
0,0,0,0,0,0,0,0,0,0
2.58824,40.6471,6.03585,0.0102353,26.5728,0.236682,1.94165,231.294,250.529,247.326
5.88889,133.111,36.0929,0.0595889,461.21,0.0393,3.54519,185.222,244.556,227.668
4.28571,81.8571,16.8544,0.0247429,103.323,0.0908,2.7863,211.571,246.857,239.672
5.84211,142.158,41.685,0.0753316,710.393,0.0321211,3.74411,182.579,245.737,225.902
3,61.6,11.218,0.0252,115.435,0.11229,2.72771,218.2,248.3,242.881
3.5,13.6667,4.63022,0.00208333,1.52985,0.54915,0.908583,241.167,247,245.65
12.9167,191.25,88.1644,0.07895,701.218,0.0285667,3.79423,152.833,232.917,189.85
3.38462,38,6.53456,0.00680769,15.6218,0.358269,1.54731,229.154,248.385,245.645
4,242,80.2071,0.16775,3095.85,0.01545,4.33565,162.5,242,205.412
0,0,0,0,0,0,0,0,0,0
5.16667,86.5,14.819,0.0216,94.7764,0.129167,2.57808,193.5,239,232.409
2,16.0769,3.13282,0.00341538,3.88335,0.449892,1.16921,242.615,250.308,248.74
5.66667,178.667,53.5889,0.0883333,938.739,0.0339667,3.85037,163.833,242.917,215.029
4.81818,93.0909,17.4247,0.0282182,133.503,0.0852364,2.8842,204.909,247.636,239.773
0,0,0,0,0,0,0,0,0,0
5.16667,73,15.7764,0.0221833,81.8372,0.1102,2.66238,214.333,244.167,238.605
31.4444,167.444,89.661,0.0429333,215.292,0.0457444,3.2912,116.333,218.556,177.821
5.28571,154.571,52.543,0.0923857,975.569,0.0239714,3.95514,170.714,240.714,215.079
4.35714,138.286,28.1314,0.0518857,420.639,0.0659571,3.33275,192.643,248.071,235.335
11.6364,195,91.6367,0.105555,1181.93,0.0227091,4.02941,154.455,234,190.418
3.33333,115.333,30.444,0.0727,660.796,0.0321,3.7102,195.333,251,235.602
0,0,0,0,0,0,0,0,0,0
8.625,177.625,76.988,0.0901563,877.929,0.0237625,3.92336,155.25,236.125,195.612
3.875,62.4375,9.38598,0.0125813,41.18,0.215212,2.08165,216.062,244.875,241.438
5.14286,135.714,33.7087,0.0688429,631.315,0.0580143,3.56207,192.857,246.429,231.286
2.23077,45.3846,7.66256,0.0173154,57.1766,0.143885,2.42935,228.615,251.154,247.651
6.61538,212.077,79.1551,0.125754,1754.62,0.0188692,4.1656,162.846,243.923,206.559
5.66667,163.222,51.3893,0.100722,1167.43,0.0233556,3.9929,174,245.667,220.209
10.3529,181.471,76.8047,0.0995059,1076.37,0.0217,4.00793,156.353,236,198.946
4.5,152.625,35.418,0.039675,251.513,0.0891,3.07115,170.938,243.062,222.933
1.85714,3.42857,2.27846,0.000457143,0.116086,0.806457,0.336457,245.571,248.857,247.097
12.1667,202.333,99.4004,0.0928833,922.37,0.0244833,3.92812,156.167,235.5,189.161
4.8,98.6,12.9363,0.01529,68.0479,0.24219,2.11824,206.6,247,242.283
6.33333,154.889,41.4295,0.0640333,574.136,0.0610167,3.4972,168.944,241.167,220.314
0,0,0,0,0,0,0,0,0,0
0,0,0,0,0,0,0,0,0,0
13.4,204,106.55,0.07668,667.902,0.02748,3.79358,47.4,229.6,152.787
6.5,162,42.8808,0.07595,864.852,0.0363,3.69175,92,232,196.193
5.28571,170.714,48.8778,0.0862857,918.548,0.0289571,3.8507,180.286,246.929,223.892
6,147,57.4727,0.078,646.067,0.0261,3.8201,94,234,179.598
52,203,146.389,0.0589,394.39,0.034825,3.54873,147,210.25,166.834
8.28571,175.857,67.9961,0.0726,616.768,0.0337786,3.71887,159.286,237.357,203.771
17.5,197.167,103.431,0.111183,1296.9,0.0197667,4.08743,151.167,229.5,182.387
0,0,0,0,0,0,0,0,0,0
1.77778,4.44444,2.54299,0.000533333,0.148144,0.776356,0.3889,247.444,250.111,249.168
1.26667,2.73333,1.63021,0.000466667,0.129173,0.802873,0.348727,249.267,252.8,251.095
7.125,139,41.9646,0.0643063,500.032,0.0337437,3.64842,172.188,240.188,219.13
4.75,96.9286,21.612,0.0375571,218.95,0.0738786,3.10116,196.75,244.714,234.294
5.5,192.1,56.3352,0.10229,1309.73,0.02502,3.98796,171.2,246.1,219.38
3,199.333,36.9453,0.0868667,1105.63,0.039,3.7773,176.333,247.333,230.699
