5.30769,141.346,33.413,0.0520942,402.459,0.0668423,3.34174,182.481,244.077,228.172
7.56338,168.014,61.8062,0.0838451,818.864,0.0290873,3.83179,164.028,240.296,208.932
8.36,191.92,72.3453,0.105508,1289.01,0.024996,4.01083,164.02,240.76,206.221
7.32857,176.557,65.5031,0.0890686,922.617,0.0274843,3.88938,164.571,240.571,207.702
6.07143,137.357,35.228,0.0470036,321.717,0.064925,3.27964,177.536,241.286,223.918
3.73077,59.3077,9.13101,0.0127462,40.0859,0.213154,2.09347,219.269,246.192,242.719
30.75,190.812,113.978,0.0602125,401.07,0.0336437,3.57525,141.688,218.375,172.954
4.66667,226.833,75.7165,0.144517,2383.7,0.0225583,4.22635,167.833,246.417,211.864
6.20755,150.906,43.5929,0.0675434,602.995,0.0519057,3.57276,177.868,243.113,222.349
25.3333,162.333,82.3818,0.0437083,219.578,0.0447167,3.30865,127.417,224.5,184.428
4.58065,103.839,25.0097,0.0493194,335.955,0.0487097,3.38816,197.516,246.355,234.427
5.25,90.45,15.2678,0.019315,80.1833,0.16636,2.42866,204.75,244.5,238.561
4.22449,105.694,19.7135,0.0302531,165.923,0.107106,2.8392,197.571,246,236.1
7.62069,203.207,78.0989,0.124048,1718.17,0.0204862,4.15026,162.621,242.793,206.148
6.40816,135.653,38.1115,0.0621592,492.556,0.0368184,3.60044,180.49,243.633,224.924
3.58824,60.6765,11.3418,0.0198206,70.3033,0.132856,2.5321,220.029,247.882,243.2
2.78788,40.3939,5.92709,0.0084697,21.3859,0.298742,1.73406,229.485,249.545,246.538
7.68657,175.179,63.2796,0.094906,1061.53,0.0264224,3.93721,166.179,240.537,209.828
7.375,163.562,54.8127,0.0759413,707.11,0.0325512,3.74893,164.075,241.062,212.842
5.11429,129.257,26.6313,0.0402086,267.401,0.0828,3.09619,184.314,244,230.993
9.80645,168.613,64.0692,0.0675903,547.446,0.0358,3.65071,146.935,235.71,200.589
2.04839,5.25806,2.62576,0.000720968,0.369761,0.765147,0.433623,246.306,249.774,248.379
2.57143,22.3333,4.14445,0.00420476,6.0753,0.418012,1.27013,238.667,249.667,247.703
4.77778,98.6944,21.5435,0.0382222,223.082,0.0703111,3.12535,197.361,245,234.809
3.61111,75.8056,14.1802,0.0268694,123.425,0.093525,2.82877,211.167,247.139,240.505
