4.5,230.25,78.3086,0.159625,2790.55,0.015625,4.3305,166.25,245,209.498
2.65625,13.7188,3.70936,0.00245938,2.56433,0.544444,0.943272,242.531,249,247.542
7.6875,167.766,60.0334,0.08165,774.378,0.0293187,3.81736,166.016,240.5,210.567
7.54412,178.088,65.1076,0.0908853,973.265,0.0285426,3.89551,163.912,240.044,207.842
3.04762,44.0238,6.88133,0.00987857,25.9227,0.261133,1.87398,227.81,248.643,245.512
4.59184,104.306,22.2459,0.0359449,206.11,0.0796959,3.04699,193.898,244.816,233.49
42.5556,201.556,135.995,0.0606222,407.95,0.0333333,3.57721,126.444,205.444,155.948
11,192.412,90.8486,0.0773706,672.678,0.0283059,3.7856,115.941,232.353,177.056
4.10204,95.5102,17.449,0.0289224,149.035,0.102678,2.8347,203.265,246.857,238.459
4.41463,78.9268,14.6556,0.0228268,97.2851,0.121654,2.64252,210.634,245.317,239.35
8.43902,193.439,72.992,0.106017,1303.99,0.0248585,4.01586,163.927,240.927,206.215
5.34545,119.4,29.8944,0.0485909,331.614,0.0547455,3.34904,188.218,244.018,229.487
7.24194,167.903,60.8707,0.0855581,866.142,0.0276452,3.8547,164.468,241.177,209.799
2.68966,26.2069,4.4635,0.00487241,8.43146,0.396117,1.34606,236.414,249.517,247.313
28.9,166.5,86.1625,0.04319,219.88,0.04579,3.29736,118.2,220.4,180.052
6.52542,145.576,39.6129,0.0529949,401.245,0.0629508,3.36914,179.966,243,224.214
7.73438,151.594,49.0324,0.0671531,569.645,0.0431281,3.61254,171.609,240.375,216.521
5.71429,217.286,73.5279,0.134129,2081.41,0.0228714,4.18927,165.571,245.143,211.24
7.83333,202.542,80.0132,0.122229,1650.83,0.0208417,4.13728,162.708,242.583,204.859
1.67391,3.5,2.14318,0.000445652,0.123917,0.810728,0.331128,247.413,250.457,249.058
5.06667,125.044,27.2864,0.0409689,267.803,0.0783378,3.12843,186.644,244.311,230.986
7.8125,176.771,65.0859,0.0979896,1108.59,0.0247375,3.96729,166.771,240.75,209.567
7.02,138.94,41.7482,0.062866,490.204,0.035536,3.61445,176.36,242.46,221.597
5.41071,156.714,42.1409,0.0711232,677.083,0.0447143,3.63861,175.518,244.196,223.653
3.67391,63.3478,10.4313,0.0168935,59.5785,0.175224,2.3325,217.63,247.543,243.206
