3.41176,98.4118,21.6983,0.0476647,325.938,0.0543235,3.33988,200.941,247.647,236.983
5.85714,133.619,34.5418,0.0626952,513.778,0.0367476,3.61015,182.286,244.952,227.568
7,245.5,92.3633,0.12535,1752,0.01895,4.15075,165.5,244.5,203.518
8.15385,171.077,64.5643,0.0849923,802.388,0.0253077,3.86802,159.692,237.308,204.699
3.5,55.0938,8.69482,0.0129281,39.6885,0.204647,2.1184,221.281,246.906,243.278
4,242,80.2071,0.16775,3095.85,0.01545,4.33565,162.5,242,205.412
4.66667,230,73.6472,0.1401,2187.13,0.0169,4.2783,169.667,247.333,214.112
2.06098,8.34146,2.79864,0.0014061,1.39518,0.689722,0.613205,245.207,250,248.528
7.45455,185.273,65.5856,0.105382,1320.3,0.0229364,4.03227,167.364,242.091,210.786
12,196.625,96.7881,0.0949,997.57,0.0235875,3.95895,148.375,233.875,184.043
5.05882,108.118,23.5719,0.0383353,233.97,0.0800647,3.08365,188.824,242.706,231.006
4.07143,150.357,23.0396,0.039,291.185,0.0931071,3.03042,179,245.214,233.896
3.3,122.1,15.8828,0.02629,154.238,0.1433,2.63161,200.4,248.7,241.417
6.4,205.4,71.2602,0.1292,1935.06,0.01904,4.20292,160.2,242.6,208.808
5,221,108.795,0.0732,616.262,0.0291,3.7508,23,238,148.994
5.4,181,55.1055,0.1084,1380.08,0.02152,4.04482,171,245.8,218.299
6.28571,164.952,49.7189,0.0760048,728.918,0.0360238,3.72884,162.429,241.619,215.77
8.5,175,66.8281,0.0476,251.427,0.0395,3.40395,60,227.5,171.729
8.42857,151.286,51.7352,0.0707857,593.335,0.0350929,3.68737,174.643,241.143,217.816
6.21429,166.714,52.1948,0.09005,955.973,0.0255929,3.9143,167.643,242.214,216.575
6.5,204.5,65.584,0.13375,2044.93,0.01795,4.21335,168,246,216.275
6.38889,144.056,44.4579,0.0830611,813.794,0.0275167,3.83333,180.333,245.444,224.114
17.4,177.8,88.7008,0.0598,388.162,0.03378,3.56346,184.8,239.8,207.733
5,223.5,87.6348,0.14955,2304.59,0.01575,4.3076,167.5,246.5,205.342
8.125,172.625,68.5557,0.0750375,632.506,0.0276,3.786,148,235.375,196.775
9,150.769,51.6857,0.0641769,481.021,0.0332,3.63663,164.692,237.923,212.114
8,185.75,71.2745,0.119075,1553.21,0.019,4.1473,172.75,245.5,213.206
5.36842,102.211,23.2691,0.0426053,273.515,0.0674263,3.20156,198.158,245.947,235.558
6.5,181.75,77.4053,0.08945,885.887,0.0238917,3.92562,155.25,237.25,195.517
7.625,156.875,47.6687,0.0664437,539.082,0.0355625,3.6429,157.312,237.875,211.998
5,152,43.4297,0.0569,576.233,0.0491,3.4366,127,238,210.219
56.5,203.5,128.027,0.0579,369.398,0.0346,3.5404,26.5,155,91.4043
3.16667,76,12.5336,0.0273611,132.657,0.0932556,2.83511,213.056,249,242.742
6.46154,159.769,49.6586,0.0752615,670.696,0.0280385,3.78136,167.923,242.308,217.424
4.4,209.2,75.9609,0.0794,787.383,0.0479,3.68838,162.6,242.2,204.116
4.69231,126.231,21.2434,0.0321462,189.842,0.0984846,2.89959,183.154,244.615,233.374
11.6667,165.5,75.5267,0.0581,375.367,0.0342667,3.56657,144.333,231.5,187.053
6.33333,184.333,66.1081,0.127467,1744.37,0.0182667,4.17697,174,244.667,213.43
5.66667,179.733,55.8575,0.08752,923.692,0.0337933,3.84149,171.333,244.2,216.789
5.95652,117.478,29.7205,0.0503826,343.521,0.0485,3.40383,187.478,242.957,228.926
23.6667,186,100.889,0.0701,519.438,0.0282667,3.70497,155.667,224,181.309
5.81818,163.818,50.4237,0.0905682,1015.37,0.0276045,3.90386,171,242,217.402
6.33333,115.667,38.9323,0.0458667,293.624,0.0714333,3.2456,154.333,236,209.277
12.75,178,94.0605,0.094825,925.81,0.022775,3.9436,141.75,230.5,181.411
96,218,167.148,0.0645,431.321,0.0308,3.6145,153,177,157.371
7,190.5,70.08,0.122,1612.49,0.01835,4.1913,168.5,240.5,211.564
5,218.5,76.4102,0.1515,2485.25,0.0158,4.32535,170,248,213.584
6,133,40.8754,0.07646,700.694,0.02995,3.77376,186.3,244.6,225.846
6.5,193,81.1973,0.1291,1807.25,0.0184,4.19785,141.5,242.5,197.625
5.4,98.6,22.763,0.02942,140.951,0.0880067,2.89176,193.2,243.267,232.027
4.4,155.9,31.2961,0.05437,458.088,0.05136,3.43009,184,246.2,231.748
5,204.5,69.5898,0.122375,1717.08,0.020075,4.1342,169,247.75,215.296
5.85714,158,44.2944,0.0829214,884.551,0.0299071,3.81556,179.429,247.286,225.677
11.8,206,96.6664,0.11618,1515.24,0.02842,4.04132,150.2,235.6,188.382
8.75,179,73.3623,0.099675,1100.16,0.0219875,4.00395,153.125,236.25,199.842
3.8,188,48.8383,0.09408,1234.54,0.0461,3.80162,175.8,247.8,224.603
4.72222,132.5,33.4566,0.0643667,570.532,0.0576444,3.51996,186.889,244.389,228.361
5.5,234.5,72.8554,0.12245,2101.99,0.05345,3.8792,168.5,246,213.873
11.9,186.6,101.873,0.09046,826.792,0.02324,3.91574,142.3,231.6,177.8
39,195,131.254,0.069,469.758,0.0276,3.6791,153,214,165.801
37,165,118.75,0.0403,172.462,0.0475,3.2474,78,186,130.738
9.47059,183.529,72.1429,0.0966294,1053.37,0.0270471,3.94407,164.353,239.588,205.61
5,203.667,47.2689,0.0609167,612.341,0.0778667,3.35043,159,244,220.652
4.78571,151.286,40.7542,0.0777714,756.678,0.0313214,3.77931,181.429,246.857,226.538
5.28571,169.286,48.7807,0.0996857,1176.5,0.0242429,3.97383,172.571,245.714,221.765
5.58333,112.917,34.2129,0.0620083,459.822,0.0339667,3.61158,195.917,247,231.075
4.05263,87.2632,18.6916,0.0325684,172.872,0.0926737,2.94681,208,246.526,237.573
6.5,134,42.7227,0.0408,240.552,0.0526,3.24175,76.5,226,175.902
70.3333,191.333,135.671,0.0429667,199.131,0.0438333,3.28723,185.667,212,193.535
8.5,229.5,93.9609,0.12575,1692.98,0.0178,4.17575,157,241,197.492
11.6364,195,91.6367,0.105555,1181.93,0.0227091,4.02941,154.455,234,190.418
4.75,124.375,33.355,0.07235,642.756,0.0311625,3.72341,193.75,247.25,231.623
2.6,188,35.0117,0.08526,1096.67,0.03824,3.76116,180.6,247.4,231.344
5.22727,124.545,32.6245,0.0541773,405.288,0.0482227,3.4473,185.364,243.636,227.969
47,215,166.691,0.0559,383.283,0.0389,3.4877,189,225,194.094
7,142,60.5195,0.10435,1135.68,0.02025,4.05965,179,245.5,214.766
19,192.667,105.053,0.079,702.328,0.0264,3.8221,63.6667,224,155.316
2.88,33.64,5.39337,0.00665,14.489,0.34232,1.54824,232.82,249.24,246.737
32.5,189.5,125.857,0.0576,381.477,0.0348,3.54635,123,219.5,157.936
9.6,174.4,72.0422,0.10902,1255.64,0.02038,4.06916,161.4,239.2,203.271
11.4286,173,78.6936,0.071,558.953,0.0290857,3.71877,156,235.286,194.872
7.28571,148.857,37.6088,0.0530643,386.53,0.0463,3.43641,170,239.786,221.525
5.375,94.5,14.7505,0.017525,73.7456,0.197706,2.29738,204.875,245.125,239.525
5,150,62.0859,0.0404,183.817,0.0485,3.2203,139,238,193.781
4.5625,90.0625,19.7922,0.0370812,213.174,0.0680687,3.1099,201.75,246.062,236.781
15.3333,185.167,88.1354,0.083,738.733,0.02455,3.85912,161.5,234.5,195.098
3.55172,61.1724,11.2483,0.0194517,68.6795,0.137972,2.50861,219.172,248.103,243.311
9,156.615,61.6764,0.0877154,852.906,0.0246692,3.89551,163.385,238.769,207.658
10.3333,193,85.1671,0.0777,691.493,0.0300111,3.7686,148.333,233.667,188.856
11.5,200,125.547,0.0626,442.717,0.03195,3.62005,172,242,193.795
8.4,211.4,94.1516,0.1137,1419.63,0.02004,4.09638,157.2,238.2,193.402
3.4,174,31.6773,0.06001,664.651,0.08876,3.28017,176.1,245.4,230.515
5.625,154.125,44.4028,0.0484375,318.836,0.068875,3.28686,183.75,243.5,223.768
12.25,200.75,96.459,0.0939,942.737,0.0238375,3.94399,155,234.375,188.45
4.33333,194.833,43.2519,0.07385,849.391,0.0425667,3.63532,151.333,241.833,218.081
2.71429,171.143,18.7416,0.0389143,394.467,0.191957,2.66716,186.714,249.429,240.199
3.95238,72.0952,14.4377,0.0243429,101.681,0.104114,2.73447,212.524,245.048,239.046
12.4286,214.429,88.1144,0.105,1264.38,0.0239429,4.00169,157.571,237.286,197.622
4.81818,146.455,40.1016,0.0412091,244.044,0.0712182,3.174,173.182,243.182,220.87
3.5,144,39.8418,0.0918,1078.81,0.025,3.93425,196,251.5,233.064
