4.52,104.82,21.9588,0.035574,205.481,0.085542,3.01999,194.04,244.94,233.756
10.1852,165.926,61.646,0.0672296,544.467,0.0365963,3.64233,155.185,235.778,204.105
7.52632,155.263,46.3314,0.0612632,472.23,0.0393632,3.57537,168.474,240.474,217.284
7.73913,167.13,62.6553,0.084713,826.367,0.0272203,3.84876,163.261,239.942,208.075
6.20513,138.897,39.6191,0.0667436,577.575,0.045659,3.59912,182.282,243.308,224.851
7.62069,203.207,78.0989,0.124048,1718.17,0.0204862,4.15026,162.621,242.793,206.148
3.01786,36.5357,5.80169,0.007175,16.3667,0.329195,1.60009,231.018,248.804,246.076
4.16667,94.7917,17.6482,0.0291625,148.502,0.0970667,2.8584,203.312,246.771,238.285
28.9,166.5,86.1625,0.04319,219.88,0.04579,3.29736,118.2,220.4,180.052
4.80769,116.846,27.6585,0.0482288,331.649,0.0558962,3.33884,189.942,244.75,231.281
5.82759,126.483,35.59,0.0623448,491.966,0.036469,3.60719,185.69,244.897,227.309
7.74242,175.288,63.3138,0.0949591,1062.57,0.0264318,3.93693,166.348,240.561,209.918
11.8235,169.941,69.3095,0.0572176,379.075,0.0365882,3.53407,164.941,237.588,204.586
8.36,191.92,72.3453,0.105508,1289.01,0.024996,4.01083,164.02,240.76,206.221
6.66667,157.882,49.2438,0.0770275,732.805,0.0340216,3.75311,172.902,243.275,219.221
11.6,192.533,93.0396,0.0779733,684.779,0.0284333,3.78724,110.867,231.533,174.484
42.5556,201.556,135.995,0.0606222,407.95,0.0333333,3.57721,126.444,205.444,155.948
4.48837,78.5814,14.6912,0.0227721,96.2601,0.120791,2.64324,210.86,245.349,239.412
2.07143,8.67857,2.83106,0.00149762,1.52639,0.680937,0.634349,245.071,250.024,248.533
5.19048,135.881,29.5876,0.0513452,402.491,0.0715976,3.31262,185.048,244.238,230.41
3.43396,60.4717,9.84972,0.0162566,55.9697,0.177192,2.30657,219.302,247.698,243.597
5.57143,167.881,46.8164,0.0696619,653.578,0.0479214,3.60887,170.119,243.024,219.71
4.66667,226.833,75.7165,0.144517,2383.7,0.0225583,4.22635,167.833,246.417,211.864
7.31343,177,65.4802,0.0892284,926.672,0.0275597,3.89071,164.388,240.597,207.675
5.06667,125.044,27.2864,0.0409689,267.803,0.0783378,3.12843,186.644,244.311,230.986
