7.46309,165.893,58.0925,0.0793617,756.849,0.0324805,3.77664,165.161,240.805,211.383
8.16393,188.902,71.4742,0.104503,1257.44,0.0249115,4.00602,164.033,240.869,206.643
5.15493,127.444,29.6157,0.0478873,341.059,0.0651239,3.29007,186.669,244.366,230.179
2.91388,34.7608,6.35654,0.00822105,25.2776,0.417614,1.46249,232.301,248.737,245.965
7.16418,150.425,47.4883,0.0656306,546.94,0.0413791,3.60833,170.985,241.455,217.601
7.66667,203.4,78.4781,0.123853,1710.58,0.0204067,4.15168,162.467,242.567,205.653
4.66667,226.833,75.7165,0.144517,2383.7,0.0225583,4.22635,167.833,246.417,211.864
7.44531,175.227,63.2678,0.090682,973.182,0.0274039,3.90049,164.984,240.594,209.169
26.7917,178.958,97.6794,0.0551292,345.8,0.0372083,3.49773,126.208,218.875,173.208
5.38519,98.4963,21.4126,0.0312919,166.523,0.0932578,2.90804,199.452,245.044,235.238
