11.6364,195.909,94.652,0.0764,681.63,0.0298727,3.76555,95.5455,231.545,169.96
6.775,163.75,51.2009,0.0769625,738.576,0.0352875,3.74436,169.875,243.35,218.013
7.57143,159.357,53.9841,0.0840107,808.307,0.0273393,3.84324,172.107,242.071,216.311
6.53846,135.821,39.5069,0.0624308,484.431,0.0354513,3.61172,179,243.026,223.49
12.1,192.15,92.0488,0.09428,957.849,0.02354,3.94815,151,233.6,187.986
3.26667,7.73333,4.04167,0.000826667,0.36916,0.72522,0.515687,243.533,247,245.83
6.42857,182.536,55.447,0.0701357,650.249,0.0468214,3.61801,161.071,240.214,212.121
9,194.348,72.8607,0.103374,1252.93,0.0274739,3.98104,163.609,241.13,206.6
4.7451,114.882,27.0078,0.0481235,330.9,0.056098,3.33571,191.039,245.176,231.978
13.4,171.467,77.2299,0.0703867,538.873,0.0290667,3.70779,153.267,233,194.413
5.4375,92.0625,16.0742,0.0200375,82.4698,0.148094,2.49323,204.125,244.125,237.941
0,0,0,0,0,0,0,0,0,0
2.28571,47.4286,7.57311,0.0162714,55.4589,0.164936,2.33936,228.286,251.071,247.571
3.58333,25.75,5.48014,0.00460833,6.66146,0.372375,1.37087,234.167,246.25,244.236
2.88889,40.4815,6.08652,0.00842963,21.0119,0.296148,1.74196,229.741,249.519,246.564
4.13333,56.6667,9.29036,0.0116467,32.295,0.212313,2.04847,219.2,245.2,241.473
6.38889,207.444,76.0015,0.126572,1793.4,0.0189222,4.17394,162.611,244.111,207.932
9.86667,191,90.6201,0.0862533,794.545,0.0255467,3.87431,150.2,233.867,186.896
58.25,201.75,132.822,0.059225,387.406,0.033825,3.55638,74.75,177.25,123.722
4.66667,96.2424,21.6025,0.0384091,224.598,0.0709424,3.12708,198.091,245.121,234.805
8.33333,178.375,76.9523,0.0884917,868.457,0.0251167,3.8968,147.542,235.5,193.728
5.2,132.9,34.3176,0.06981,637.244,0.05038,3.60199,190.1,246.7,230.542
4.46667,131.833,29.3095,0.0523233,417.335,0.07183,3.3263,188.7,245.533,231.759
1.56098,3.26829,2.0162,0.000434146,0.119924,0.815239,0.323434,247.707,250.854,249.386
0,0,0,0,0,0,0,0,0,0
4,242,80.2071,0.16775,3095.85,0.01545,4.33565,162.5,242,205.412
5.27273,222.909,75.0828,0.139527,2221.36,0.0233273,4.20781,168.818,246.818,212.771
1.72727,22.3636,3.14029,0.00410909,6.28106,0.431673,1.2475,241.364,253,250.852
2.25,30.375,4.22119,0.0059,12.6495,0.3877,1.41284,235.25,251,248.611
6.04545,154.864,44.0712,0.0817545,862.204,0.0302909,3.80849,177.409,245.591,224.04
28.9,166.5,86.1625,0.04319,219.88,0.04579,3.29736,118.2,220.4,180.052
4.45833,124.542,23.4595,0.0317458,179.229,0.103108,2.87698,188.375,245.667,233.243
7.72222,192.278,73.1597,0.109394,1369.24,0.0215167,4.06034,164.333,240.667,205.724
2.42105,15.4737,3.51646,0.0029,3.04694,0.489879,1.0648,242.053,249.263,247.767
7.28571,154.25,41.0035,0.0521286,374.863,0.0556893,3.39005,171.107,240.5,220.183
21.5833,185,109.95,0.0609917,407.047,0.0329583,3.58776,169,232.917,190.58
5.42105,140.842,39.2284,0.0738526,687.27,0.0337526,3.72493,182.579,244.579,226.072
1,18,2.5508,0.0075,13.7,0.2738,1.7494,243,253,251.152
7.72222,177.889,66.9635,0.101406,1166.7,0.0254389,3.98054,166.722,240.944,208.659
3.70968,75.4194,14.0775,0.0260968,118.68,0.0977484,2.79643,212,247.29,240.774
5.75862,166.517,52.0892,0.0904724,1015.74,0.0292483,3.89261,171.586,242.586,217.297
3.76923,63.0385,12.0165,0.0204846,73.4851,0.130677,2.55876,217.154,246.923,241.889
9.54545,195.818,82.5991,0.118291,1546.73,0.0231636,4.10713,161.727,240.091,201.624
4.14286,90.8857,17.6294,0.0302029,157.764,0.0981143,2.87669,203.971,246.029,237.55
5.34483,172.724,51.5443,0.0876897,928.575,0.0305207,3.85921,171.828,244.586,218.936
6.20833,151.208,38.4437,0.0619958,542.01,0.04975,3.52701,168.667,241.208,221.226
6.58621,140.414,42.9135,0.0680655,581.241,0.0430034,3.62664,181.069,242.966,223.011
5.17949,130.026,28.2474,0.0405821,268.647,0.0821308,3.10585,183.667,243.718,229.818
8.35714,180.464,68.9329,0.0967179,1075.06,0.0240643,3.96366,163.107,239.286,206.084
4.27273,77.1818,10.3508,0.0130455,48.0867,0.244336,2.03315,212.364,245.364,241.812
