3.85714,64.0357,11.9981,0.0201286,72.4195,0.138986,2.5288,217.179,247.071,242.084
3.90476,149.524,26.9072,0.0397762,292.729,0.0963667,3.03127,181.619,245.905,232.706
4.10811,101.514,17.4475,0.0290865,158.742,0.113251,2.79698,202.73,246.892,238.943
9.1,147,52.45,0.05142,313.824,0.04062,3.45169,160.7,235.9,207.72
0,0,0,0,0,0,0,0,0,0
8.09375,189.438,69.3295,0.105562,1296.73,0.0225906,4.02932,165.531,241.562,208.393
4.05,65.1,9.5621,0.01209,39.1738,0.229445,2.02598,215.65,244.75,241.334
12.1,192.15,92.0488,0.09428,957.849,0.02354,3.94815,151,233.6,187.986
2.64516,24.5806,4.32574,0.00447419,6.95094,0.414006,1.29764,237.419,249.677,247.55
5.34375,171.25,51.3221,0.0879875,933.486,0.0299438,3.86725,171.875,244.344,218.876
13.1818,189.818,90.5075,0.0792818,718.552,0.0283727,3.80128,152.545,233.091,189.028
8.11538,182.615,70.8173,0.100858,1165.86,0.0284923,3.95978,162.654,239.923,205.811
13.4,204,106.55,0.07668,667.902,0.02748,3.79358,47.4,229.6,152.787
5.46154,216.538,72.07,0.134254,2096.1,0.0233538,4.18493,165.615,245.769,212.14
6.82353,170.206,59.7475,0.0832265,801.525,0.0303382,3.81882,167.088,240.735,211.192
2.97059,40.8824,6.23645,0.00861765,21.4414,0.293512,1.7533,229.324,249.265,246.216
4.5,230.25,78.3086,0.159625,2790.55,0.015625,4.3305,166.25,245,209.498
2.15385,46.6154,7.48318,0.0166692,55.9901,0.154315,2.38055,228.769,251.385,247.845
18.5,181.167,97.9805,0.0596833,392.958,0.0341083,3.57042,166.333,235,193.913
34.75,169.625,93.1079,0.04325,219.227,0.0454,3.30006,113.5,216.125,175.826
0,0,0,0,0,0,0,0,0,0
6.4,209.267,77.6365,0.125407,1741.41,0.0188067,4.16797,163.6,243.867,207.471
58.25,201.75,132.822,0.059225,387.406,0.033825,3.55638,74.75,177.25,123.722
2.81481,12.6296,3.85851,0.0023,2.10772,0.550663,0.917456,242.741,248.556,247.122
5.25,136,36.7708,0.0723792,668.795,0.0403958,3.67771,186.208,245.583,228.191
0,0,0,0,0,0,0,0,0,0
1.67391,3.5,2.14318,0.000445652,0.123917,0.810728,0.331128,247.413,250.457,249.058
9.66667,200.067,85.0766,0.11718,1500.18,0.02226,4.09929,161.467,240.133,200.413
5.35294,92.5294,15.6792,0.0194647,80.7846,0.158006,2.44894,204.294,244.235,238.243
4.52632,180.789,43.2319,0.0670158,663.059,0.0541947,3.54708,166.368,243.316,221.587
3.74286,75.7143,14.3998,0.0266343,121.322,0.09462,2.82039,210.971,246.886,240.241
6.96552,138.828,40.7353,0.0636517,498.482,0.0347586,3.63373,176.793,242.517,222.156
5.04167,134,33.4951,0.0576875,454.047,0.0435833,3.50667,186.917,245.875,229.644
7.12,173.64,60.0702,0.093162,1043.17,0.027262,3.91944,168.32,241.1,212.12
9.37037,180.704,82.9993,0.0889333,859.831,0.0247407,3.90006,146.111,234.407,189.797
5.96,114.32,29.9252,0.051432,346.526,0.04404,3.44313,188.16,242.84,228.555
8.1,160.35,54.9104,0.069575,594.077,0.03883,3.65762,166.55,240.1,213.791
5.7,140.9,32.1363,0.0511525,396.335,0.0725825,3.30762,180.925,243.325,228.126
6.77778,155.037,47.2775,0.0827074,858.108,0.0291815,3.82644,176.667,245.111,222.051
22,187.167,107.799,0.0678667,496.19,0.0293833,3.67313,160.667,226.167,183.583
4.54839,94.7419,21.4986,0.0372097,214,0.0724935,3.10127,198.194,244.968,234.291
8.85,161.85,55.8139,0.067435,541.449,0.03412,3.65763,156.6,237.1,207.585
0,0,0,0,0,0,0,0,0,0
5.1875,129.5,31.6685,0.0349938,190.772,0.0814125,3.00881,177.938,243.75,225.026
5.94595,158.892,47.1266,0.077073,737.839,0.0336811,3.75297,170.568,243.946,219.979
9,179,73.7431,0.0755111,641.141,0.0348,3.72989,147.444,234.556,193.659
5.125,134.042,34.1525,0.0644125,564.194,0.0520708,3.54719,185.375,244.5,228.148
5.16667,112.267,24.6294,0.04101,262.197,0.0732667,3.15049,190.833,244.167,232.61
0,0,0,0,0,0,0,0,0,0
3.25,99.125,21.2927,0.0468687,320.22,0.0558938,3.31776,201.438,248,237.68
