62,184.75,131.44,0.0423,192.464,0.04475,3.27728,158.75,205.5,177.836
6.75,208,72.0977,0.1295,1921.47,0.018575,4.20695,167.25,243.75,210.417
10.9231,185.385,82.9501,0.0996769,1058.51,0.0214462,4.00786,157.846,235.769,195.736
4,141.75,35.3774,0.07605,754.928,0.0348875,3.72734,188.25,248.375,231.299
2.03175,5.42857,2.61372,0.000734921,0.383998,0.761822,0.439075,246.286,249.794,248.399
6.66667,121.722,33.821,0.0514444,337.678,0.0431056,3.44541,180.167,239.889,223.495
8.1,183.4,65.3957,0.1076,1343.87,0.02251,4.04147,167.1,240.7,209.658
3.94737,125.526,19.0777,0.0300632,179.375,0.114711,2.80059,188.947,246.474,236.474
15.2,177,83.2715,0.07077,542.319,0.02865,3.71569,155.7,231.2,191.664
4,229,84.9727,0.1747,3211.48,0.0145,4.3708,159,239,200.047
2.60976,22.4878,4.19999,0.00426829,6.19258,0.414654,1.28215,238.512,249.634,247.655
58,217,142.496,0.0569,351.413,0.0334,3.548,6,162,80.3164
5.27273,174.727,52.2617,0.0881682,938.37,0.0317636,3.85817,169,244.045,217.847
5,218.5,76.4102,0.1515,2485.25,0.0158,4.32535,170,248,213.584
7.66667,187.333,70.8763,0.12005,1572.97,0.0187833,4.16197,171.333,243.833,212.659
3.75,62.3,9.33554,0.012765,41.4879,0.216,2.08323,217.35,245.35,241.856
3.5,200.75,51.1201,0.087,1193.89,0.06195,3.62067,165.5,244,219.453
11.875,197.875,107.569,0.088275,808.819,0.0231,3.91519,142.625,232.25,176.156
13.6364,191.364,90.9503,0.0798182,692.591,0.0263091,3.81745,156.455,232.364,189.104
11.2727,194.545,96.3818,0.0935273,923.627,0.0235636,3.94234,150.455,234.545,186.413
6.5,215.5,75.2305,0.10695,1497.4,0.04325,3.8848,162,243,206.742
6.78571,184.5,66.4333,0.0827714,804.777,0.0303,3.80982,157.857,238.214,203.721
3.625,130,23.2754,0.052225,434.441,0.0751,3.2981,198.75,249.25,238.375
7.25,158,44.5648,0.065375,548.923,0.043425,3.59378,160.083,238,213.974
5.3,129.7,37.8816,0.0756,696.042,0.03016,3.76862,188.4,245.4,227.896
6.5,179.182,61.4235,0.0852455,880.141,0.0275318,3.8614,163.136,240.727,208.817
4.66667,221.333,66.3841,0.125433,2090.54,0.042,3.98137,168.333,247.333,217.12
30,216.5,122.316,0.1114,1230.63,0.02075,4.04325,134.5,219,168.74
7.25,135.25,42.9009,0.0702875,594.021,0.0315125,3.71269,187.625,244.625,225.482
10,206,141.664,0.0612,458.592,0.0329,3.6031,191,243,201.188
6.76,160.16,53.3467,0.07784,730.9,0.03298,3.76677,162.48,240.96,213.033
96,218,167.148,0.0645,431.321,0.0308,3.6145,153,177,157.371
4,255,75.4414,0.1608,2980.22,0.0164,4.3005,166,245,210.777
2,176.2,33.9258,0.08428,1097.89,0.0388,3.74324,187,250.2,234.497
4.55,141.6,29.6424,0.04274,307.309,0.080115,3.14574,183,245.05,231.231
55,190,113.559,0.0589,387.383,0.0358,3.5328,47,148,102.492
8.33333,133.833,46.903,0.0714,569.951,0.0286667,3.73113,174.333,238.333,216.496
3.16667,76,12.5336,0.0273611,132.657,0.0932556,2.83511,213.056,249,242.742
6.18182,211.091,75.3956,0.124655,1737.13,0.0191455,4.15505,167.909,245.364,210.269
5.68421,158.105,31.5524,0.0486947,387.766,0.0878368,3.21575,174.053,242.842,227.374
15,179.571,90.6825,0.0605714,396.915,0.0330429,3.58344,175.714,239.429,201.947
5.5,101,11.1855,0.0094,42.5792,0.35155,1.65625,204.5,245,241.789
6,137.933,33.6609,0.0615067,522.657,0.04068,3.57187,181.867,245.2,228.483
5.3125,118.5,35.3242,0.0621625,479.16,0.035725,3.6073,190.188,245.125,228.148
6.5,162,42.8808,0.07595,864.852,0.0363,3.69175,92,232,196.193
4.5,131,31.9946,0.0688625,639.171,0.056025,3.5596,193.375,247.25,232.358
6.1,108.8,24.1336,0.04296,281.67,0.07294,3.17798,194.8,245.5,234.871
7.75,182.125,67.4424,0.09865,1101.68,0.0222,4.00111,155.375,237.125,204.466
7.28571,180.857,58.1791,0.103757,1244.56,0.0218429,4.03244,174,244.857,217.559
3.95,71.25,14.6609,0.02464,101.761,0.101785,2.75156,213.5,245.3,239.164
8.26667,172.067,65.1552,0.0723933,611.598,0.0334067,3.72037,160.267,237.867,205.904
6,232.667,64.9636,0.0975,1269.88,0.0286667,3.9188,167,247.667,218.299
20,250,130.461,0.1224,1437.57,0.0176,4.1617,164,236,184.633
4.55556,92.4444,22.6346,0.0434222,262.794,0.0539111,3.28174,203,246.222,235.748
3.75,111.25,28.2832,0.065175,568.308,0.048725,3.57127,198.25,248,234.531
6.94444,176.444,60.9271,0.0934778,1024.55,0.0280333,3.92031,166.5,241.333,211.442
12.1429,188.857,90.745,0.106571,1168.67,0.0200143,4.05751,155.857,233.286,190.42
12.6667,188.917,87.8747,0.0943667,974.415,0.0233167,3.95363,151,232.833,188.793
5.5,165.875,37.6514,0.057,461.392,0.0479375,3.48624,175.875,244.875,227.057
5.35294,90.6471,14.8091,0.0186824,78.7056,0.170424,2.40123,204.235,244.471,238.745
5.85714,146.143,45.1445,0.0868,901.842,0.0275143,3.8602,186,246.143,225.273
6.5,147.75,60.9297,0.044625,220.28,0.04335,3.32582,155.25,241.25,201.632
44,206,155.16,0.05725,383.365,0.0366,3.5251,171,221,177.629
4.23077,154.385,41.6253,0.0872154,1016.23,0.0308308,3.85488,180.308,245.538,225.93
4.96429,98.7143,22.0413,0.0376786,218.794,0.0721857,3.11089,195.393,244.357,233.805
6,146,44.6172,0.0629,549.346,0.0391,3.5704,117,239.5,206.32
8.71429,152.714,51.582,0.06505,497.473,0.0328643,3.65184,164.071,238.214,212.442
15.3333,199.667,110.957,0.122333,1527.13,0.0185333,4.14567,142.333,230.667,176.142
3.19355,56.7419,10.4924,0.0192516,66.5112,0.136458,2.50792,222.161,249.097,244.535
9,208,107.184,0.1311,1811.2,0.0181,4.2016,105,235,172.762
3.85714,99.6667,23.2039,0.0488095,334.109,0.0498952,3.37594,201.81,247.857,236.61
6,177,75.1914,0.13,1686.21,0.0167,4.2093,174,247,213.02
7.5,154.5,54.7754,0.0442,245.99,0.04605,3.32285,68.25,226.75,173.815
7,233,80.8594,0.1489,2307.78,0.0154,4.3275,167,246,208.16
7.4,137,48.2305,0.06086,428.928,0.03408,3.59362,175.4,240.8,216.942
2.97222,41.4444,6.2946,0.00873889,21.8822,0.288639,1.76697,229.056,249.25,246.2
5.53846,144.385,41.7191,0.0819846,848.665,0.0290308,3.8219,179.923,246.308,225.467
5.4,124.5,27.8641,0.03945,255.765,0.07952,3.08876,171.9,241,224.979
9.16667,192.833,88.6139,0.108633,1241.76,0.02035,4.06355,155.333,236.667,192.763
7.5,204.5,72.8184,0.13205,2005.81,0.01885,4.2139,150,240,205.654
3.9,86.05,18.3623,0.032675,174.695,0.093275,2.94492,208.45,246.65,237.81
5.47619,164.286,42.0991,0.0699048,669.657,0.0456905,3.62295,169.714,242.905,222.012
3,214,94.4102,0.1502,2301.4,0.0161,4.2877,168,247,202.523
5.16667,102.389,21.6576,0.0284889,139.528,0.0998111,2.83304,195.222,244.111,233.711
2.875,167.875,26.9678,0.0355875,255.233,0.1192,2.87871,181.625,245.625,233.115
4.66667,230,73.6472,0.1401,2187.13,0.0169,4.2783,169.667,247.333,214.112
5.66667,214.333,112.885,0.0740667,636.292,0.0285667,3.765,41,237.667,150.896
4.25,156.625,32.4848,0.0594,574.312,0.088075,3.30716,180.375,245.125,229.011
11.3333,170.222,80.2604,0.0911444,842.308,0.0234778,3.90931,157.778,236.111,196.379
2.33333,219,41.9115,0.0567667,640.332,0.0851667,3.2412,170,251,231.522
10.5,151.5,57.7461,0.07755,675.583,0.02585,3.84555,71.5,224.5,166.873
5,182.4,66.9406,0.10356,1297.14,0.02262,4.03112,166,244.4,209.37
5.66667,197,75.4336,0.111283,1408.95,0.0204833,4.07443,161.333,241.667,204.281
14.8333,166.833,79.9004,0.0573667,370.158,0.0349167,3.54997,134.333,229.167,181.411
39,195,131.254,0.069,469.758,0.0276,3.6791,153,214,165.801
4.33333,197.333,47.916,0.0736667,752.563,0.04725,3.65305,174.167,249,225.497
5.85714,152.857,52.7941,0.102357,1160.86,0.0215714,4.02444,175.714,246.429,219.999
20,207.5,98.2324,0.0744,719.973,0.0412,3.61695,87.5,229,175.102
5.42105,120.158,31.0551,0.0535474,397.442,0.0485368,3.43693,186.737,243.526,228.873
7.38889,151.444,50.2331,0.0844167,801.749,0.02595,3.85766,175.278,242.722,219.288
