8.58824,191.147,70.8709,0.104606,1281.54,0.0258441,4.00123,164.382,240.941,207.191
2.44898,21.034,4.21062,0.00433129,9.21355,0.521109,1.08592,239,249.551,247.5
5.82857,136.4,36.7225,0.0659343,575.24,0.0477314,3.58012,183.686,243.743,226.405
4,229,84.9727,0.1747,3211.48,0.0145,4.3708,159,239,200.047
6.4,209.267,77.6365,0.125407,1741.41,0.0188067,4.16797,163.6,243.867,207.471
4.32584,100.73,19.8033,0.0327787,181.656,0.0915798,2.94614,198.337,245.674,235.951
7.19355,177.806,63.4807,0.098629,1137.29,0.025571,3.96167,165.871,240.871,210.098
5.45902,133.049,32.4684,0.0521328,389.933,0.0617738,3.36792,184.131,243.721,228.154
5.85714,161.837,46.6295,0.0713204,665.26,0.0437633,3.64675,172.735,242.735,219.639
4.06186,71.6804,12.615,0.0200845,80.6355,0.148047,2.49299,213.608,246.505,241.228
25.3333,162.333,82.3818,0.0437083,219.578,0.0447167,3.30865,127.417,224.5,184.428
12.1667,194.5,98.3704,0.0769,664.262,0.02725,3.798,55.1667,230.333,157.256
7.51786,178.661,68.05,0.0901054,928.066,0.0270821,3.90034,162.714,239.839,205.568
5,221,82.0225,0.150525,2394.92,0.015775,4.31648,168.75,247.25,209.463
9.8,167.6,62.0369,0.06816,558.165,0.0368829,3.65111,157.086,236.6,205.519
5.54545,215.273,69.2401,0.131473,2058.19,0.0247364,4.16263,165.273,245.636,213.376
4.75,123.298,27.1683,0.0436833,294.857,0.0703095,3.20517,187.952,244.702,231.553
7.93617,174.447,63.8072,0.0933213,1027.97,0.0268426,3.92627,166.489,240.404,209.382
6.57143,137.714,39.3037,0.0617878,483.419,0.0376878,3.59221,180.041,243.388,224.146
9.11765,198.882,84.1949,0.116176,1487.09,0.0220706,4.09584,161.647,240.412,200.847
9.48,187.44,86.5102,0.087564,814.587,0.024956,3.88638,150.52,234.76,189.599
7.18367,165.714,55.2401,0.0773837,736.626,0.0341939,3.75305,167.531,241.98,214.414
6.86275,157.745,49.5748,0.0828137,839.197,0.0291196,3.82117,171.216,243.294,218.844
4,255,75.4414,0.1608,2980.22,0.0164,4.3005,166,245,210.777
29.3333,187.056,109.127,0.0596278,393.789,0.0337611,3.57016,142,219.167,174.608
