8.55556,180.5,76.5341,0.0876722,851.872,0.0260389,3.87229,146.778,235.667,194.983
4.73684,152.211,34.0413,0.0404053,261.522,0.0841579,3.10272,174.263,243.579,225.421
4.5,128.812,25.1587,0.032525,189.714,0.108856,2.87229,180.625,244.625,230.06
5.56,172.16,52.1823,0.087904,938.836,0.0313,3.85648,170.12,243.68,217.893
4.57895,112.368,20.4626,0.0281895,147.442,0.105958,2.79254,195.053,245.737,235.778
2.31579,15.2632,3.41901,0.00299474,3.14124,0.479858,1.08658,242.368,249.474,248.007
3.03125,41.5,6.39282,0.008775,21.7227,0.284013,1.77931,229.094,249.219,246.113
1.56098,3.26829,2.0162,0.000434146,0.119924,0.815239,0.323434,247.707,250.854,249.386
4.75,96.9286,21.612,0.0375571,218.95,0.0738786,3.10116,196.75,244.714,234.294
8.5,211.75,100.398,0.09225,941.858,0.025175,3.92507,155.75,237.5,188.997
3.70588,75.9706,14.3668,0.0264294,120.566,0.0959382,2.81014,210.971,246.912,240.206
5.33333,147.067,40.7274,0.0813333,851.332,0.0298133,3.80989,180.267,246.4,226.279
14,187.286,90.9593,0.0791071,714.001,0.0281357,3.80249,130.5,231.214,182.613
4.71429,166.857,47.0181,0.0949286,1123.87,0.02765,3.92461,177.143,246.071,223.487
3.26667,7.73333,4.04167,0.000826667,0.36916,0.72522,0.515687,243.533,247,245.83
9.54545,195.818,82.5991,0.118291,1546.73,0.0231636,4.10713,161.727,240.091,201.624
10.4375,182.25,77.6826,0.0995812,1074.5,0.0216313,4.01091,156.188,235.938,198.518
5.27273,222.909,75.0828,0.139527,2221.36,0.0233273,4.20781,168.818,246.818,212.771
12.7333,194.8,85.3138,0.104567,1188.06,0.02358,4.00363,156.533,234.467,195.007
4.05,65.1,9.5621,0.01209,39.1738,0.229445,2.02598,215.65,244.75,241.334
3.95455,121.318,26.2969,0.0534773,426.573,0.0605045,3.37595,195.955,247.273,235.265
6.73684,168.263,57.3795,0.0859053,887.738,0.0273105,3.86595,169.158,242.579,213.335
5.75676,160.622,47.0958,0.0765595,738.557,0.0361243,3.73531,172.568,244.432,220.775
2.15385,46.6154,7.48318,0.0166692,55.9901,0.154315,2.38055,228.769,251.385,247.845
5.35294,92.5294,15.6792,0.0194647,80.7846,0.158006,2.44894,204.294,244.235,238.243
4,242,80.2071,0.16775,3095.85,0.01545,4.33565,162.5,242,205.412
70.3333,191.333,135.671,0.0429667,199.131,0.0438333,3.28723,185.667,212,193.535
5.10811,148.595,38.1264,0.0707784,669.191,0.0447081,3.63862,179.622,244.595,226.07
7.17391,157.913,51.7121,0.0835783,804.366,0.0276739,3.83654,173.652,242.696,218.204
7.22222,142.267,42.5444,0.0629,493.389,0.0358,3.61236,173.844,241.978,220.538
3.95455,85.4091,18.1246,0.0324455,170.458,0.0895682,2.95825,209.182,246.955,238.28
6.38889,207.444,76.0015,0.126572,1793.4,0.0189222,4.17394,162.611,244.111,207.932
5.64706,167.235,51.0404,0.0907118,1035.91,0.0304529,3.87988,177.412,245.647,221.611
6.07143,165.786,53.0234,0.0907071,1000.31,0.0278,3.90696,166.429,239.929,213.788
26.5333,186.867,109.329,0.0601,400.458,0.0336667,3.57587,156.4,227.2,184.265
7.72222,192.278,73.1597,0.109394,1369.24,0.0215167,4.06034,164.333,240.667,205.724
5.47826,103.739,23.5416,0.0422826,267.986,0.0618739,3.21356,195.217,244.87,234.179
6.26316,191.105,65.6108,0.102032,1259.7,0.0290105,3.9652,167.263,244.053,212.038
3.55172,115.103,23.0237,0.0441138,315.526,0.0729034,3.19783,191.759,246.517,234.805
1.92308,22.2308,3.38103,0.00440769,6.84712,0.420277,1.28955,240.769,252.385,250.189
3.85714,64.0357,11.9981,0.0201286,72.4195,0.138986,2.5288,217.179,247.071,242.084
11.6364,184.727,88.5969,0.0943909,919.751,0.0224182,3.95657,149.091,233.091,187.732
7.74576,150.136,48.3316,0.0668712,565.979,0.0430678,3.61045,172.119,240.356,216.801
3.16667,27.6111,5.11827,0.00495,8.49004,0.389033,1.36104,234.278,247.833,245.661
6.43333,123.067,34.2666,0.0514633,343.868,0.0482333,3.42478,185.833,242.033,226.126
25.7143,170,84.8438,0.0475571,270.745,0.0429857,3.37423,57.7143,200.429,144.116
7.05,190.1,68.1291,0.07176,636.015,0.04041,3.66539,141.6,238.55,199.536
9.8,189.4,87.038,0.0862733,798.726,0.0255,3.87941,150.467,234.333,189.015
6.23529,150.382,38.3042,0.0526324,396.313,0.0668735,3.35694,176.176,242.471,224.095
12.6,196.1,95.3043,0.09549,998.27,0.02335,3.95799,149.6,233.7,184.926
