30.0588,188.824,111.529,0.0598412,396.804,0.0337765,3.5717,141.118,218.706,173.34
5.09259,118.704,29.1083,0.0484926,331.671,0.0550944,3.34597,189.259,244.389,230.412
7.62069,203.207,78.0989,0.124048,1718.17,0.0204862,4.15026,162.621,242.793,206.148
8.36,191.92,72.3453,0.105508,1289.01,0.024996,4.01083,164.02,240.76,206.221
4.16667,94.7917,17.6482,0.0291625,148.502,0.0970667,2.8584,203.312,246.771,238.285
7.68657,175.179,63.2796,0.094906,1061.53,0.0264224,3.93721,166.179,240.537,209.828
7.52778,167.194,61.3741,0.083825,816.63,0.0289319,3.83319,165.819,240.444,209.527
12.1667,194.5,98.3704,0.0769,664.262,0.02725,3.798,55.1667,230.333,157.256
28.9,166.5,86.1625,0.04319,219.88,0.04579,3.29736,118.2,220.4,180.052
7.62319,153.986,49.5743,0.0674087,575.142,0.0428594,3.61708,171.043,240.145,215.97
4.66667,226.833,75.7165,0.144517,2383.7,0.0225583,4.22635,167.833,246.417,211.864
1.875,21.5,3.20339,0.004125,6.35443,0.442331,1.23487,240.875,252,249.987
7.29577,176.451,65.1342,0.0888282,921.857,0.0277042,3.88547,163.338,240.521,207.639
2.88462,12.4615,3.93706,0.00222692,1.99151,0.5582,0.900596,242.654,248.385,246.938
4.52,104.82,21.9588,0.035574,205.481,0.085542,3.01999,194.04,244.94,233.756
6.74118,162.482,51.2657,0.0744635,698.672,0.0384129,3.70312,169.859,242.341,216.816
3.16667,27.6111,5.11827,0.00495,8.49004,0.389033,1.36104,234.278,247.833,245.661
3.05263,43.4474,6.6764,0.00926316,23.3606,0.271395,1.82438,228.158,248.816,245.727
4.38462,78.7436,14.6342,0.0230051,98.4897,0.120013,2.65145,210.513,245.333,239.294
6.96078,138.745,41.3846,0.0627412,491.164,0.0357275,3.61154,176.686,242.667,221.99
2.96429,54.5,10.1334,0.0191571,66.7981,0.139696,2.49481,222.536,249.357,244.823
5.06667,125.044,27.2864,0.0409689,267.803,0.0783378,3.12843,186.644,244.311,230.986
5.30769,141.346,33.413,0.0520942,402.459,0.0668423,3.34174,182.481,244.077,228.172
4.36,71.4,10.5583,0.013972,49.5682,0.217088,2.13225,213.64,245.44,241.54
1.67391,3.5,2.14318,0.000445652,0.123917,0.810728,0.331128,247.413,250.457,249.058
