7.62712,162.559,54.9806,0.077161,730.016,0.0334627,3.75637,166.237,241.441,213.705
4.41463,78.9268,14.6556,0.0228268,97.2851,0.121654,2.64252,210.634,245.317,239.35
6.15094,168.415,52.5694,0.0709302,650.716,0.0438,3.64325,161.472,241.717,213.467
2.68966,26.2069,4.4635,0.00487241,8.43146,0.396117,1.34606,236.414,249.517,247.313
5.06667,125.044,27.2864,0.0409689,267.803,0.0783378,3.12843,186.644,244.311,230.986
6.54545,136.341,39.4003,0.0623,486.202,0.0360636,3.60617,179.159,243.091,223.495
5.09259,118.704,29.1083,0.0484926,331.671,0.0550944,3.34597,189.259,244.389,230.412
7.98413,150.889,49.357,0.0666492,560.176,0.0424873,3.61114,170.556,240.111,215.889
6.5,162,42.8808,0.07595,864.852,0.0363,3.69175,92,232,196.193
4.16667,94.7917,17.6482,0.0291625,148.502,0.0970667,2.8584,203.312,246.771,238.285
4.875,227,79.3155,0.15285,2521.44,0.0159125,4.31521,167.375,246.125,210.047
3.04762,44.0238,6.88133,0.00987857,25.9227,0.261133,1.87398,227.81,248.643,245.512
1.67391,3.5,2.14318,0.000445652,0.123917,0.810728,0.331128,247.413,250.457,249.058
7.4,177.538,65.8437,0.0891523,924.736,0.0276523,3.88886,164.523,240.631,207.612
30.0588,188.824,111.529,0.0598412,396.804,0.0337765,3.5717,141.118,218.706,173.34
8.35,197.5,79.143,0.11494,1482.66,0.02207,4.09164,163.05,241.2,203.998
8.68085,188.234,71.5772,0.103862,1243,0.025383,3.99814,163.745,240.213,206.058
3.67391,63.3478,10.4313,0.0168935,59.5785,0.175224,2.3325,217.63,247.543,243.206
4.52,104.82,21.9588,0.035574,205.481,0.085542,3.01999,194.04,244.94,233.756
2.65625,13.7188,3.70936,0.00245938,2.56433,0.544444,0.943272,242.531,249,247.542
7.77612,167.284,63.2456,0.0849746,825.219,0.0269493,3.85345,165.388,240.179,208.43
28.9,166.5,86.1625,0.04319,219.88,0.04579,3.29736,118.2,220.4,180.052
7.52459,174.295,61.8924,0.0939148,1049.32,0.0269787,3.92656,166.623,240.738,210.605
5.30769,141.346,33.413,0.0520942,402.459,0.0668423,3.34174,182.481,244.077,228.172
6.17391,211.043,74.7751,0.127209,1858.1,0.0217739,4.15507,163.913,244.522,209.292
