2.53548,22.9226,4.49769,0.00479935,10.8445,0.504214,1.14176,237.968,249.355,247.207
5.45745,123.66,30.0148,0.0471415,322.811,0.0613394,3.29733,186.191,244.011,229.246
6.90909,113.545,28.5262,0.0357424,205.802,0.0855283,3.01706,187.222,242.697,228.817
10.1944,148.852,50.4611,0.0587981,447.739,0.0458722,3.51506,173.204,239.111,216.128
7.62385,177.119,64.9753,0.093255,1016.66,0.0269606,3.9228,165.028,240.321,208.551
6.752,157.272,49.6952,0.0696768,620.405,0.0421728,3.64189,167.432,241.264,215.56
4.02778,76.3611,13.5243,0.0220981,94.3309,0.13571,2.58156,211.713,246.667,240.875
8.56667,192.35,73.9397,0.10764,1332.9,0.024775,4.02545,163.7,240.717,205.627
7.58519,168.059,60.5284,0.0828519,811.521,0.0295119,3.82244,164.481,240.822,210.128
5.83871,215.161,75.9468,0.133826,2029.28,0.0202613,4.19639,164.806,244.935,209.487
