3.91304,68.087,11.8984,0.018588,69.8474,0.157189,2.42665,215.685,246.533,241.697
5.05634,117.831,27.8441,0.0468958,318.397,0.0597887,3.30104,190.197,244.718,231.504
29.65,186.4,108.543,0.058455,379.694,0.034375,3.55298,139.45,219.15,173.915
6.41379,154.276,47.8862,0.0822448,808.862,0.0295793,3.81274,177.103,244.276,221.425
10.84,174.32,70.9748,0.069684,573.4,0.03754,3.66109,156.36,235.28,200.313
2.44203,19.3116,3.97204,0.00367464,7.17295,0.544286,1.00843,239.732,249.601,247.633
12.0952,194.095,93.9094,0.0938333,949.328,0.0235429,3.94702,150.143,233.476,186.345
12.1667,194.5,98.3704,0.0769,664.262,0.02725,3.798,55.1667,230.333,157.256
8.35,197.5,79.143,0.11494,1482.66,0.02207,4.09164,163.05,241.2,203.998
5.14706,163.5,41.1882,0.0686118,658.212,0.0507176,3.58095,173.412,243.941,223.754
12.4615,191.077,87.5757,0.0788077,697.152,0.0284308,3.79407,152.846,233.077,189.834
5.30189,140.811,33.3965,0.0521094,401.841,0.0663283,3.3442,182.736,244.17,228.26
5.92593,166.037,51.1315,0.0776778,743.855,0.0355889,3.75264,165.519,242.519,215.972
10.0476,187.095,89.6717,0.087819,810.73,0.0249048,3.8887,148.714,233.857,187.032
5.6,139.5,40.0441,0.075475,710.156,0.031725,3.74943,183.95,246.3,227.233
3.95385,92.5385,17.5109,0.0294,152.196,0.100565,2.85018,204.231,246.785,238.17
8.48889,188.333,71.643,0.10406,1247.25,0.0254867,3.99924,163.711,240.311,205.926
6.95122,168.537,57.4072,0.0849317,871.431,0.027878,3.85034,163.585,241.122,211.44
5.47059,168.382,51.675,0.08875,949.126,0.0299235,3.87716,170.588,243.088,217.645
7.34247,122.068,30.925,0.0380616,227.122,0.0767932,3.09003,180.603,241.699,226.484
6.39535,140.279,39.1151,0.066214,567.81,0.0448837,3.59883,179.581,242.791,224.058
6.625,138.25,40.363,0.0625896,488.952,0.0358312,3.61006,176.604,242.812,222.433
7.38889,175.463,61.7222,0.094463,1061.49,0.0268463,3.92886,167.722,241.315,211.646
6.17391,211.043,74.7751,0.127209,1858.1,0.0217739,4.15507,163.913,244.522,209.292
4.875,227,79.3155,0.15285,2521.44,0.0159125,4.31521,167.375,246.125,210.047
