1.7,22.8,3.16096,0.00433,7.05708,0.43434,1.26189,241.1,253.2,250.956
5.36842,102.211,23.2691,0.0426053,273.515,0.0674263,3.20156,198.158,245.947,235.558
7.80952,201.19,79.4262,0.12381,1671.79,0.0188,4.1622,164.857,243,206.137
13.2308,189.154,89.8564,0.0798308,710.688,0.0278077,3.80518,152.692,232.615,188.719
6.975,169.825,59.4669,0.085745,879.449,0.0272725,3.86176,162.45,240.575,209.423
8.16667,171.889,66.5037,0.0730778,613.646,0.0322722,3.73328,155.833,237.389,202.846
4.5,230.25,78.3086,0.159625,2790.55,0.015625,4.3305,166.25,245,209.498
6.88235,155.412,49.7044,0.0829706,816.283,0.0283853,3.82751,175.882,244.029,220.434
53.5,203.167,140.268,0.0585667,386.059,0.03475,3.54595,106.833,191.833,141.691
8.86842,188.553,71.9539,0.103018,1217.1,0.0260632,3.98673,163.737,240.289,206.071
5.34783,137.522,37.8944,0.0730261,674.769,0.0403348,3.68566,185.478,245.696,227.88
5.71875,135.812,36.2002,0.0656062,576.55,0.0493406,3.56719,185.031,244.156,227.193
5,119.24,27.4581,0.038544,236.011,0.082784,3.07672,185.2,243.16,228.826
1.85714,3.89286,2.41058,0.000428571,0.120689,0.815711,0.323175,246.286,249.179,247.896
2.68,52.52,9.78251,0.019104,66.0557,0.14004,2.49332,223.32,249.72,245.164
5.75676,161.243,47.3761,0.0766108,739.38,0.0361541,3.73442,170.432,244.135,220.033
9.85,186.85,89.2752,0.08794,813.316,0.02496,3.88913,148.4,233.9,187.052
4.25,75.6875,10.5478,0.014475,53.5578,0.219375,2.14391,213.5,246.188,242.418
5.26923,149.5,34.8157,0.0428077,293.822,0.0816577,3.14668,174,242.731,224.57
1.38889,2.88889,1.72722,0.000472222,0.128939,0.802978,0.3435,249.167,252.444,250.867
4.5,181.222,42.9579,0.0667333,664.88,0.0555889,3.53407,166.611,243.722,222.085
3,103.947,20.1098,0.0458263,324.502,0.0617421,3.27097,199.526,248.211,238.152
13.4,204,106.55,0.07668,667.902,0.02748,3.79358,47.4,229.6,152.787
31.4444,167.444,89.661,0.0429333,215.292,0.0457444,3.2912,116.333,218.556,177.821
4.44444,102.583,21.0523,0.0351472,198.62,0.0777222,3.038,195.417,245.222,234.691
20.7143,188.143,108.032,0.0673143,486.283,0.0296143,3.66797,159.571,228.286,183.985
0,0,0,0,0,0,0,0,0,0
3.54545,74.8485,14.026,0.0265788,121.682,0.0956182,2.81501,211.364,246.939,240.384
8.125,179.938,68.8835,0.0910396,951.649,0.0273917,3.90659,162.271,239.312,205.197
6.43182,135.386,38.4616,0.06215,485.099,0.0362182,3.6039,180.159,243.5,224.45
0,0,0,0,0,0,0,0,0,0
0,0,0,0,0,0,0,0,0,0
7.63636,193.909,73.7852,0.109282,1384.65,0.0234136,4.04621,162.591,241.045,205.277
2.7,39.9,5.81745,0.00853333,21.6882,0.293847,1.74628,230.2,249.767,246.892
0,0,0,0,0,0,0,0,0,0
0,0,0,0,0,0,0,0,0,0
6.64286,147.446,40.222,0.0527357,401.081,0.0643696,3.35959,179.089,242.804,223.735
8.64,159.8,53.4178,0.066616,543.819,0.037528,3.63477,157.96,237.68,209.675
4.11765,56.3529,9.34329,0.0119,33.7993,0.211512,2.05938,220.176,245.471,241.784
2.17647,16.7647,3.42326,0.00369412,4.28506,0.428606,1.22259,241.882,249.941,248.268
3.29412,27.4706,5.26585,0.00484118,7.84264,0.391041,1.35302,234.176,247.706,245.506
5.29167,84.8333,15.5179,0.0207583,83.0837,0.136942,2.54618,207.167,244,238.088
6.59259,118.333,33.2551,0.0523778,347.007,0.0412667,3.46869,186.444,242.037,226.493
3.4,10.3333,4.25417,0.00118667,0.668887,0.664053,0.651367,242.667,247.267,246.004
0,0,0,0,0,0,0,0,0,0
0,0,0,0,0,0,0,0,0,0
6.96226,174.736,60.3497,0.0937113,1054.66,0.0274623,3.92064,167.66,241.415,212.138
4.31429,101.657,18.5075,0.0290314,154.786,0.11012,2.80727,201.514,246.686,237.849
0,0,0,0,0,0,0,0,0,0
5.71429,217.286,73.5279,0.134129,2081.41,0.0228714,4.18927,165.571,245.143,211.24
