7,140,45.8047,0.0689,522.458,0.0291,3.7042,107,241,202.422
1.76471,2.94118,2.13511,0.000311765,0.0813824,0.862118,0.242753,246.529,249.412,247.982
3.27273,185.091,32.8587,0.0588545,656.915,0.0909364,3.25692,173.727,246.545,230.984
3.9375,117.438,16.3999,0.026225,153.275,0.138412,2.64339,195.938,246.562,239.125
3.75,12.625,4.87012,0.0018875,1.26926,0.558087,0.8672,241.25,246.875,245.373
4.66667,143.111,36.8798,0.0765556,753.016,0.0339444,3.73671,187.333,248.111,230.736
4.125,152.625,39.9385,0.0869125,1003.3,0.0304,3.86001,180.375,244.75,226.204
9.54545,195.818,82.5991,0.118291,1546.73,0.0231636,4.10713,161.727,240.091,201.624
7.45455,154.545,56.1669,0.0843,790.193,0.0259727,3.85711,164.455,238.727,210.036
4.4,132.5,31.5463,0.063345,566.275,0.05653,3.51255,187.2,245.2,229.944
6.5,162,42.8808,0.07595,864.852,0.0363,3.69175,92,232,196.193
7.35294,155.294,45.0807,0.0658765,553.134,0.0405824,3.61387,162.176,239,215.196
11,180.429,77.2151,0.0993286,1068.01,0.0216857,4.00766,158.214,235.5,198.697
62,184.75,131.44,0.0423,192.464,0.04475,3.27728,158.75,205.5,177.836
5.33333,107.933,24.3852,0.0391467,240.249,0.0720267,3.11623,186,241.8,229.34
7.3,175.9,60.3855,0.0767,672.316,0.0276,3.79222,159.3,238.8,207.506
6,135.4,35.7305,0.06277,503.951,0.036265,3.61472,182.2,244.85,226.873
2.88889,57.2222,8.11414,0.0128889,46.2472,0.228289,2.05487,221.556,248.556,245.022
6.75,173,54.8731,0.0895667,954.455,0.0337167,3.86085,163.833,241.417,214.196
1.25,17.25,2.9717,0.005725,8.34065,0.318475,1.5524,242.5,251.75,250.038
14.7778,191.444,95.7292,0.0808222,716.609,0.0255889,3.83869,157.444,232.222,188.092
6.75,157.875,55.0723,0.09525,1042.48,0.023725,3.96106,178.625,245.125,219.68
5.7,90.4,21.552,0.03026,136.646,0.07318,2.9753,199.1,244.3,234.257
14.5,182.833,95.7995,0.095,925.948,0.0227833,3.94748,146.667,231,183.581
9.07692,154.846,52.9534,0.0650154,493.599,0.0328538,3.65125,163.154,237.538,211.358
24,191.8,115.117,0.0681,497.333,0.02906,3.67942,162.2,225.8,182.183
2.25,16.5,3.22723,0.00305,3.43752,0.476475,1.09822,242.333,250,248.419
0,0,0,0,0,0,0,0,0,0
9.6,144.3,51.075,0.05284,327.79,0.03914,3.47746,168.7,236.6,211.566
7.25,165.25,67.895,0.088625,883.933,0.0243125,3.92015,159.625,238.25,201.918
4.92308,84.3846,16.8861,0.0237154,98.4968,0.105469,2.71199,202.846,242.923,235.862
1.77778,23.3333,3.22876,0.00397778,6.31898,0.452178,1.20772,240.889,253.222,250.934
3.14286,77.7857,12.4604,0.0264857,128.698,0.0987214,2.79351,211.571,249,242.802
3.11111,27.3333,5.06054,0.00507222,8.5949,0.382739,1.38211,235.333,248.389,246.363
8.22222,180.778,70.7997,0.1023,1165.35,0.0235222,4.00228,162.167,239.722,205.487
1.66667,4.77778,2.43491,0.000611111,0.177311,0.7473,0.433678,247.333,250.333,249.188
9,194.348,72.8607,0.103374,1252.93,0.0274739,3.98104,163.609,241.13,206.6
3.5,149.875,21.1904,0.046375,422.116,0.130512,3.03226,188.625,248.25,238.085
1.26667,2.73333,1.63021,0.000466667,0.129173,0.802873,0.348727,249.267,252.8,251.095
1.5,75.5,9.45573,0.0281167,157.19,0.124667,2.76012,218.5,251.5,246.21
3.2,115.4,23.1781,0.05053,407.518,0.06049,3.31697,198.5,248.5,238.014
10.2222,203.333,96.7127,0.0935667,957.812,0.0236444,3.95021,153.778,235,187.39
4.5625,87.6875,20.6521,0.03405,175.052,0.0763063,3.03131,206.875,245.438,235.787
7.13333,153.733,55.9659,0.0799733,732.238,0.0275267,3.81855,159.067,239.267,209.398
4.875,116.125,25.6074,0.0350875,194.803,0.0720875,3.06585,174.5,239.625,225.05
5.5625,137.438,39.3867,0.0746625,687.823,0.0323625,3.74431,184.25,244.938,226.566
15.5,193,93.8877,0.075425,705.349,0.033875,3.72457,75.25,227.5,164.763
5.5,180.75,45.8734,0.073725,733.188,0.0414167,3.67707,170.583,246.417,223.392
2.2,42.7,7.69805,0.01831,59.2642,0.12295,2.52186,229.7,251.5,248.008
6.25,137.25,61.6133,0.04265,190.607,0.044075,3.27482,164.75,242.75,202.333
11.5714,198.714,108.993,0.0886857,815.937,0.023,3.92019,140.857,232.143,174.661
8.72727,151.727,53.7596,0.0706818,595.891,0.0367273,3.67239,173.364,240.364,216.529
0,0,0,0,0,0,0,0,0,0
3,6.6,3.79532,0.00073,0.28625,0.73911,0.47556,244.1,246.8,245.869
3,148.333,32.2467,0.0821833,926.665,0.0318667,3.79723,182.5,247.333,231.272
7.81818,178.273,66.125,0.0730545,626.731,0.0349727,3.71849,150.636,236.727,200.834
3.90909,64.5455,11.899,0.01925,67.5225,0.141336,2.49553,217.227,247.5,242.414
6.28571,191.286,56.2092,0.0860143,913.708,0.0290143,3.8506,175.857,248.571,221.756
5.8125,99.125,24.9658,0.0443875,272.278,0.0515062,3.30249,199.938,246.375,235.35
2.33333,10,2.64843,0.000833333,0.5736,0.763733,0.4958,244.333,249.333,248.096
5,221,108.795,0.0732,616.262,0.0291,3.7508,23,238,148.994
3.46154,62.2308,12.5898,0.0242538,98.9898,0.106115,2.72522,219.615,246.154,240.919
5.33333,201,67.6894,0.0802667,790.12,0.0441833,3.71752,162.833,242.167,208.242
11.125,172.25,76.583,0.070925,556.178,0.0290625,3.71753,155.875,234.75,195.602
6.16667,195,83.4642,0.0901833,880.212,0.0233333,3.93453,155.167,237.667,193.277
3.15385,96.3077,21.5992,0.0478538,323.499,0.0508923,3.35481,202.923,247.923,237.416
3,188.5,35.9023,0.07845,1011.02,0.0423,3.6722,172,248.5,230.758
4.16667,64,9.46517,0.0117167,35.9135,0.224033,2.01868,214.083,243.25,239.988
7.54545,139.045,41.2503,0.0565773,396.312,0.0375136,3.5368,173.682,239.727,219.752
10.8462,170.923,78.832,0.0901692,833.465,0.0235077,3.90831,156.308,235.308,195.983
5.27273,222.909,75.0828,0.139527,2221.36,0.0233273,4.20781,168.818,246.818,212.771
5.6,174,64.6703,0.09092,917.778,0.02386,3.92744,156.4,237.4,202.787
5.93333,147.867,42.5865,0.0822,855.929,0.0293133,3.81955,179.067,246,225.03
6.6,156,56.5742,0.09118,912.44,0.0245,3.9284,182.4,244.4,218.097
3.83333,160.25,27.9368,0.03745,258.91,0.100342,2.98508,179.083,244.583,231.14
5.23077,95.3077,14.2563,0.0166231,70.4676,0.212715,2.23472,207.923,246.538,241.437
10.4167,181.75,79.7588,0.0962083,1009.8,0.0232167,3.96945,152.917,235,193.818
6.38889,207.444,76.0015,0.126572,1793.4,0.0189222,4.17394,162.611,244.111,207.932
18.5,181.167,97.9805,0.0596833,392.958,0.0341083,3.57042,166.333,235,193.913
2.5,41.4444,5.85591,0.0100667,26.1808,0.242156,1.92064,231.056,250.667,247.57
4.16667,197.167,44.1992,0.0744833,850.882,0.041,3.65403,166.5,244,221.992
58.25,201.75,132.822,0.059225,387.406,0.033825,3.55638,74.75,177.25,123.722
5.33333,188.333,54.6231,0.0880167,1036.21,0.0383833,3.80935,170.333,244.167,217.713
7.16667,149,52.4929,0.04515,253.285,0.0449833,3.34375,90.5,229.5,182.417
0,0,0,0,0,0,0,0,0,0
6.83333,152.083,47.1237,0.0834333,809.886,0.0267583,3.84662,179,244.5,222.542
4.5625,90.0625,19.7922,0.0370812,213.174,0.0680687,3.1099,201.75,246.062,236.781
3.77778,172.778,44.0317,0.0910889,1103.95,0.0310222,3.8667,178.667,246.222,225.18
4.05,132,25.1055,0.04218,306.676,0.082595,3.12719,184.85,245.45,233.045
5.66667,129.667,35.9631,0.0722889,636.214,0.0308333,3.72647,189.222,246,229.013
3.14286,171.714,22.101,0.0396857,372.022,0.137,2.8518,178.286,246.429,235.193
5.8,111.05,29.1918,0.05153,350.145,0.04461,3.44123,189.8,243.05,229.254
3.73333,40.5333,7.01407,0.00692,15.3331,0.339593,1.57955,226.067,246.8,243.548
0,0,0,0,0,0,0,0,0,0
5.92308,117.385,35.5937,0.0612538,465.054,0.0366615,3.58636,190.538,244.923,228.124
7.72222,192.278,73.1597,0.109394,1369.24,0.0215167,4.06034,164.333,240.667,205.724
4,242,80.2071,0.16775,3095.85,0.01545,4.33565,162.5,242,205.412
0,0,0,0,0,0,0,0,0,0
4.125,131.625,17.0708,0.030275,200.362,0.133775,2.73646,193.375,248.625,241.002
4.8,170.8,37.9617,0.05404,452.153,0.05578,3.40978,175.2,245.6,227.44
