4.8,223.8,74.8184,0.13987,2241.27,0.02398,4.20449,168.9,247.3,213.155
5.69767,168.163,47.5735,0.0699605,653.931,0.0473698,3.61408,169.698,242.721,219.001
4,86.6,18.4152,0.03249,172.024,0.091505,2.94963,208.6,246.8,237.96
2.81481,12.6296,3.85851,0.0023,2.10772,0.550663,0.917456,242.741,248.556,247.122
11.8889,171.278,71.5384,0.0575944,381.729,0.0362778,3.53979,164.278,237.778,203.576
5.75862,166.517,52.0892,0.0904724,1015.74,0.0292483,3.89261,171.586,242.586,217.297
5.34615,106.923,23.4872,0.0417577,270.494,0.0696115,3.17228,195,245.308,234.632
8.25,179.708,72.6227,0.0878208,871.85,0.0260167,3.8864,157.167,237.25,199.654
5.06522,136.674,30.3591,0.0517652,405.912,0.0701696,3.32448,184.674,244.37,229.986
3.34783,54.087,8.43665,0.0127652,39.1737,0.205091,2.10834,222.261,247.348,243.736
4,242,80.2071,0.16775,3095.85,0.01545,4.33565,162.5,242,205.412
2.93333,64.4667,12.0562,0.0274667,126.314,0.0952333,2.84201,217.267,248.333,242.649
4.72727,96.4091,17.5939,0.0272455,134.917,0.103236,2.79488,201,245.818,237.645
6.56818,137.182,39.2553,0.0622682,488.651,0.0362591,3.60558,178.75,243.159,223.772
4.83333,117.13,27.6755,0.0479556,330.387,0.0576685,3.32787,189.222,244.426,230.937
4.68421,152.421,35.3717,0.0403368,257.544,0.0839421,3.10064,173.263,243.474,224.032
6.27273,151.318,45.4585,0.0826909,858.072,0.0289409,3.82565,178.682,245.682,223.601
70.3333,191.333,135.671,0.0429667,199.131,0.0438333,3.28723,185.667,212,193.535
13.8421,173.316,80.3261,0.0688526,530.094,0.0317947,3.67595,155.263,232.842,194.535
9.46667,200.4,85.2938,0.117547,1514.88,0.0221933,4.10743,160.867,239.733,199.923
0,0,0,0,0,0,0,0,0,0
0,0,0,0,0,0,0,0,0,0
0,0,0,0,0,0,0,0,0,0
2.80645,40.2258,5.86417,0.00816774,20.5337,0.3079,1.70341,229.935,249.548,246.705
4.87097,99.7097,21.5426,0.0374226,217.737,0.0728613,3.10167,196.032,244.613,234.348
0,0,0,0,0,0,0,0,0,0
8.21739,183.304,70.124,0.100983,1177.66,0.0294478,3.95178,164.739,240.217,206.595
6.5,162,42.8808,0.07595,864.852,0.0363,3.69175,92,232,196.193
1.67391,3.5,2.14318,0.000445652,0.123917,0.810728,0.331128,247.413,250.457,249.058
4.22222,78.1667,15.0695,0.0232556,97.1558,0.109611,2.68585,208.056,243.889,237.531
3,55.6957,10.4277,0.0197261,69.1643,0.135039,2.5222,221.609,249,244.375
4.86667,76.8,11.9346,0.01562,55.9758,0.19692,2.24551,211.467,245.133,240.857
12,195.5,94.5293,0.0769667,680.335,0.0294833,3.77014,100.5,231.417,171.198
5.63636,95.3636,15.8533,0.0189455,77.7326,0.161091,2.43356,207,245.545,239.837
6.34694,143,40.5641,0.0662796,572.53,0.0451959,3.59688,177.367,242.388,222.921
6.14286,159.321,48.7552,0.0811607,795.132,0.0327143,3.78969,174.857,243.5,220.133
12,155.5,66.6563,0.0429167,223.373,0.0467,3.29318,81.6667,221.833,169.964
0,0,0,0,0,0,0,0,0,0
4.05,122.75,21.1943,0.02989,172.016,0.11317,2.80296,187.45,245.8,234.269
8.09375,189.531,69.1984,0.105856,1302.15,0.0225531,4.03049,165.594,241.719,208.688
6.97727,156.545,49.9834,0.077225,725.874,0.0320205,3.7657,171.795,243.023,218.506
0,0,0,0,0,0,0,0,0,0
0,0,0,0,0,0,0,0,0,0
5.39286,172.5,51.1618,0.0877714,929.408,0.0306643,3.85862,172.5,244.821,219.456
9.8,187.9,90.2379,0.087185,803.554,0.02487,3.88874,148.35,233.85,186.559
2.64516,24.5806,4.32574,0.00447419,6.95094,0.414006,1.29764,237.419,249.677,247.55
53.5,203.167,140.268,0.0585667,386.059,0.03475,3.54595,106.833,191.833,141.691
6.57895,207.789,76.0923,0.127074,1805.44,0.0188105,4.17747,162.895,244,207.985
12.1,192.15,92.0488,0.09428,957.849,0.02354,3.94815,151,233.6,187.986
8.35714,180.464,68.9329,0.0967179,1075.06,0.0240643,3.96366,163.107,239.286,206.084
