5.19767,125.767,29.4564,0.0492302,354.328,0.0619326,3.32617,186.395,244.081,229.955
8.81081,189.541,72.0944,0.10293,1219.19,0.0262135,3.98484,163.351,240.243,205.904
6.625,165.125,55.1182,0.0838542,860.568,0.028775,3.83616,167.521,242.479,214.177
7.94737,202.053,79.2397,0.123253,1657.53,0.0188421,4.15845,167.316,243.053,207.033
6.43902,140.732,40.9062,0.0670488,579.102,0.044822,3.60703,181.146,243.073,224.021
5.84483,137.586,36.7464,0.0598724,469.535,0.0431948,3.54453,182.017,244.31,226.27
2.43972,19.9645,4.02757,0.00384539,7.7183,0.537458,1.02979,239.383,249.56,247.567
4,242,80.2071,0.16775,3095.85,0.01545,4.33565,162.5,242,205.412
5.4375,170,51.7131,0.0884187,936.64,0.0296844,3.87393,172.031,243.938,218.576
5.08889,159.889,41.8671,0.0699756,664.509,0.0472533,3.61443,174.622,244.022,223.461
6.42857,201.857,74.0993,0.129171,1898.54,0.0188571,4.20147,154.857,242.571,205.613
36.2222,177.778,98.8017,0.0464667,255.105,0.0434,3.35353,85.4444,203,154.503
5,221,82.0225,0.150525,2394.92,0.015775,4.31648,168.75,247.25,209.463
11.0714,188.143,88.5364,0.0945071,964.687,0.02325,3.95579,151.714,234.214,189.54
22.6842,182.684,100.419,0.0595421,395.953,0.0341421,3.56824,159.368,229.737,189.289
3.93478,68.5217,12.0222,0.0190326,72.752,0.15315,2.4512,215.413,246.609,241.688
5.42857,224,71.1172,0.133243,2122.18,0.0276429,4.14571,168.857,246.571,214.662
4.15789,97.8684,18.5866,0.0303855,161.182,0.0979816,2.87656,200.987,246.368,237.229
7.02,173.76,58.7527,0.093714,1059.53,0.02774,3.91852,169.02,241.82,213.669
6.68085,159.851,49.3975,0.077683,745.128,0.0341809,3.7544,171.511,243.426,219.201
10.3,163.667,61.0474,0.0672133,541.303,0.0359967,3.64656,156.633,235.8,204.582
9.24242,177.515,77.3512,0.086703,807.531,0.0252091,3.87869,155.879,236.303,196.851
5.83562,119.068,27.8268,0.0399658,249.506,0.075326,3.12772,187.575,243.644,230.184
7.63636,193.909,73.7852,0.109282,1384.65,0.0234136,4.04621,162.591,241.045,205.277
11.0556,191.889,91.3535,0.0777333,676.281,0.0280389,3.79088,117.944,232.111,177.156
