5.04,81.16,13.0159,0.017076,65.5208,0.190836,2.30441,212.68,246.72,241.972
2.33333,196.167,32.3503,0.0539,645.508,0.128783,3.01195,177.333,249.667,234.578
2,247,76.5078,0.1079,2089.85,0.0884,3.547,166,247,214.027
6.6875,153.062,36.6711,0.0523562,388.646,0.0477,3.41954,172.188,241.375,223.633
5.44444,179.889,56.1905,0.106622,1350.82,0.0229889,4.02913,170.667,244.111,216.73
19.2,207.6,107.402,0.10984,1228.27,0.02,4.06472,148.4,229.2,181.67
6.61538,169.154,56.6518,0.0915846,949.115,0.0244154,3.93497,167,242.231,214.428
3.45,64.05,12.7232,0.02445,103.43,0.10518,2.72733,218.2,246.75,241.277
5.26667,105,23.5443,0.0381,222.231,0.0773333,3.1024,189.4,242,230.526
13.75,202,105.587,0.1213,1517.99,0.018425,4.1575,146.25,232,179.933
5,221,108.795,0.0732,616.262,0.0291,3.7508,23,238,148.994
4,255,75.4414,0.1608,2980.22,0.0164,4.3005,166,245,210.777
8,194.167,84.5664,0.0897333,871.716,0.02405,3.91872,156,236.833,193.309
7.42105,141.105,43.2187,0.0644158,503.647,0.0339158,3.64629,171.789,239.947,218.62
5.2,135.2,32.0074,0.03906,245.659,0.08214,3.07992,178.9,242.9,226.535
7.72727,174.455,68.9155,0.0854364,799.137,0.0253182,3.87209,154.091,235,198.616
12.25,147.5,59.126,0.051,301.708,0.038775,3.4575,139.75,230.25,193.73
8.4375,179,69.5303,0.102419,1171.03,0.0238063,3.99836,164.688,239.812,206.515
2.04839,5.25806,2.62576,0.000720968,0.369761,0.765147,0.433623,246.306,249.774,248.379
5,218.5,76.4102,0.1515,2485.25,0.0158,4.32535,170,248,213.584
5.75,182.75,63.3838,0.127375,1759.1,0.018375,4.18125,175,246,215.694
10.6875,181.625,77.8875,0.0996937,1077.33,0.02165,4.01069,155.875,235.812,198.209
37,165,118.75,0.0403,172.462,0.0475,3.2474,78,186,130.738
5.33333,105.429,27.1955,0.0510571,348.381,0.0453429,3.43372,193.905,244.19,231.267
11.8333,175.833,88.3379,0.0598833,397.911,0.03375,3.58462,137.167,233.5,181.291
11,196,95.9934,0.09426,937.266,0.02357,3.94364,151.1,234,187.026
5,140.471,36.8934,0.0723471,674.015,0.0352294,3.70025,184.647,246.176,228.835
4.85714,88.8571,16.5737,0.0242571,107.164,0.104871,2.7255,203.19,244.524,237.297
4,130.909,16.2003,0.0292455,187.772,0.131991,2.71791,190.273,247.727,240.281
4.4,193.8,58.5336,0.0865,924.442,0.02994,3.84244,172.4,248.2,219.088
4.5,206,72.0957,0.07655,688.308,0.0288,3.79505,154,238.5,197.49
5.94737,144.842,38.6195,0.0654421,577.188,0.0547947,3.54362,178.632,242.421,223.649
4.05263,88.3684,20.5426,0.0365211,201.011,0.0676684,3.10286,204.632,246.474,236.46
7,184,49.1535,0.0814429,887.366,0.0318571,3.79477,172,246.286,221.945
17.4,177.8,88.7008,0.0598,388.162,0.03378,3.56346,184.8,239.8,207.733
12.5,190.75,96.8291,0.1111,1320.07,0.019425,4.1061,153.75,232.5,185.229
35,221,136.074,0.0841,725.533,0.0261,3.8019,65,220,157.102
6.71429,151.786,42.7726,0.05995,464.82,0.0418286,3.54171,170.571,243.357,221.237
6.36364,177.727,59.2262,0.104118,1261.91,0.0222636,4.02825,170.182,245.182,215.691
5,194,60.3906,0.0647,714.412,0.0563,3.432,110,238,193.102
3.4,140.4,30.4406,0.07648,842.421,0.0342,3.73098,187.6,251.2,236.256
6.5,162,42.8808,0.07595,864.852,0.0363,3.69175,92,232,196.193
6.375,221,81.376,0.123962,1719.79,0.019225,4.14873,165.125,245.25,207.9
4.70588,111.294,18.8706,0.0277647,146.227,0.109359,2.77742,195.765,245.471,237.027
4,205.4,54.8406,0.07444,799.251,0.05562,3.58374,175.4,247.2,222.778
6,182.091,56.3743,0.0917455,1039.48,0.0316,3.87563,171.182,244.636,217.631
7.52941,148.471,50.8665,0.0848412,804.512,0.0258176,3.86226,176.941,243.529,219.548
70.3333,191.333,135.671,0.0429667,199.131,0.0438333,3.28723,185.667,212,193.535
12.6,196.1,95.3043,0.09549,998.27,0.02335,3.95799,149.6,233.7,184.926
4.63636,151,38.305,0.0771091,754.408,0.0323909,3.76075,186.182,248.818,230.506
8.58824,176.765,66.401,0.0714765,605.441,0.0377588,3.69016,159.294,237.529,204.894
2.8,162.4,28.7633,0.07768,933.963,0.05376,3.62732,180.2,246.2,231.972
5.41667,169.5,45.2139,0.07195,673.9,0.032525,3.71829,163.083,241.25,217.713
7.5,154.5,54.7754,0.0442,245.99,0.04605,3.32285,68.25,226.75,173.815
3.125,173.25,41.6909,0.0901875,1103.67,0.03205,3.855,181.125,247.375,227.603
5.78571,105.714,24.0335,0.0423357,276.519,0.07195,3.17689,193.929,244.286,233.518
56.5,203.5,128.027,0.0579,369.398,0.0346,3.5404,26.5,155,91.4043
10.7778,192.889,104.163,0.0893444,819.457,0.0231333,3.91684,140.889,232.556,176.775
3.4,150.1,24.4141,0.0482,425.363,0.11342,3.1207,190.8,248.6,237.364
9.1,175.4,65.0363,0.08668,843.916,0.02629,3.86216,164.4,239.2,208.467
7,201,121.066,0.0758,676.35,0.0275,3.7934,77,237,154.699
2.33333,183,18.1068,0.0342667,357.676,0.221333,2.4647,183.333,250,240.307
3,42.4865,6.32106,0.00860811,21.5579,0.292176,1.75234,228.378,248.892,245.884
8.16667,209.5,87.9733,0.113217,1417.08,0.0202167,4.0862,159.667,239.5,198.023
6,201.667,65.3034,0.1285,1931.82,0.0192333,4.19403,168,246,214.043
7.83333,168.833,71.6842,0.091275,902.017,0.0235417,3.93427,155.75,236.417,197.521
6,208.5,61.3223,0.1342,2090.88,0.0188,4.19855,169.5,247.5,218.666
4.25,96,19.9375,0.040025,250.26,0.0701,3.15021,202.25,247.5,238.125
5.33333,216.5,63.8835,0.0948167,1250.17,0.0447333,3.80198,166.333,245.167,215.708
5.42105,119.526,31.9984,0.0539947,400.724,0.0484684,3.43742,188.211,243.316,228.55
13.5,186.833,90.9069,0.0804333,677.732,0.0255667,3.82373,152.5,230.5,185.756
4,229,84.9727,0.1747,3211.48,0.0145,4.3708,159,239,200.047
3.78571,132.286,21.9796,0.0413786,310.038,0.0806857,3.12487,182.857,245.214,234.171
7.5,204.5,72.8184,0.13205,2005.81,0.01885,4.2139,150,240,205.654
16.2,189.8,97.2125,0.0819,732.909,0.02522,3.84772,161.8,233,190.369
9,217.5,99.8321,0.1318,1850.81,0.01735,4.22365,135,236,186.15
5.38462,112,32.6806,0.0620923,473.767,0.0347923,3.61569,196,246.077,230.617
5,223.5,87.6348,0.14955,2304.59,0.01575,4.3076,167.5,246.5,205.342
2.57143,22.3333,4.14445,0.00420476,6.0753,0.418012,1.27013,238.667,249.667,247.703
4.66667,125.167,44.6999,0.0373667,180.085,0.0644333,3.12007,166,241,209.927
3.65217,81.8696,15.6773,0.0306783,154.995,0.0894,2.9281,210.304,247.609,240.156
4.66667,230,73.6472,0.1401,2187.13,0.0169,4.2783,169.667,247.333,214.112
7.27273,148.273,48.2536,0.0768091,713.209,0.0315364,3.75797,178.636,244.727,222.33
2.97143,53.6857,9.01585,0.0160543,53.6957,0.169306,2.31823,221.029,247.857,243.941
8.58824,158.176,53.6059,0.0669118,547.758,0.0354529,3.64248,157.471,236.882,208.5
7,140,45.8047,0.0689,522.458,0.0291,3.7042,107,241,202.422
7.2,193,69.2164,0.1144,1543.41,0.02888,4.03316,171.4,246.4,215.001
6.5,122.2,38.7734,0.07175,607.372,0.03063,3.72022,192.3,244.6,227.396
4.1,135.7,27.2957,0.05939,537.985,0.05031,3.48534,188.8,248.4,235.199
7,190.5,70.08,0.122,1612.49,0.01835,4.1913,168.5,240.5,211.564
46.6,206.2,150.077,0.06184,425.28,0.0329,3.58938,167.8,215.2,175.923
3.77778,154.333,38.6871,0.0856333,1026.95,0.0336222,3.81516,182.333,247.333,228.846
3.2,100.1,21.5082,0.04647,313.71,0.05374,3.31151,203.1,249.5,239.183
7.25,135.5,43.4567,0.0522833,326.189,0.0398167,3.46701,177.833,239.833,219.368
7.16667,162.583,58.433,0.09405,999.922,0.0232667,3.97091,165.5,238.083,209.799
18.6,179.4,87.7563,0.06898,512.651,0.02892,3.69612,156.8,228.6,189.084
4.11111,164.667,30.8646,0.0392667,272.781,0.0986,3.01786,179.778,245.667,230.857
10.5,151.5,57.7461,0.07755,675.583,0.02585,3.84555,71.5,224.5,166.873
6.33333,167.722,53.7513,0.0777722,738.771,0.0344556,3.75936,156.833,239.889,210.733
6.76923,147.923,49.8906,0.0856615,871.562,0.0265385,3.87393,176.231,243.077,218.705
