2.24762,12.3238,3.23308,0.00217238,2.83413,0.622386,0.778355,243.152,249.733,248.108
0,0,0,0,0,0,0,0,0,0
6.625,137.875,40.0317,0.0624063,487.274,0.0360125,3.60668,178.479,242.917,223.063
7.95455,201.364,80.448,0.123618,1664.78,0.0188045,4.16024,162.773,242.545,204.687
0,0,0,0,0,0,0,0,0,0
5.03279,120.164,28.7117,0.0474328,327.109,0.0607246,3.30447,188.836,244.443,230.506
5.04688,115.328,25.7537,0.0398437,245.73,0.0733,3.13648,189.062,244.203,231.428
42.5556,201.556,135.995,0.0606222,407.95,0.0333333,3.57721,126.444,205.444,155.948
4.11594,72.8696,13.2455,0.0212449,85.3353,0.133986,2.56763,213.478,246.449,240.956
7.95385,167.969,59.4348,0.0802046,762.209,0.0314215,3.78982,165.354,240.754,211.366
7.28,193.64,71.3927,0.107996,1363.83,0.023556,4.03638,165.08,241.88,207.421
7.75,174.786,62.4312,0.0936375,1044.61,0.0268464,3.92474,166.679,240.464,210.199
8.67568,187.189,71.2709,0.10233,1202.27,0.0269243,3.97881,163.243,240.297,206.352
0,0,0,0,0,0,0,0,0,0
4.18056,98.8472,18.7386,0.0304889,162.072,0.0978278,2.87955,200.5,246.389,237.128
8.0303,149.818,49.0942,0.067253,566.945,0.0416833,3.62189,171.455,240.227,216.259
7.71698,178.302,67.9266,0.0905792,936.202,0.0270547,3.90394,163.623,239.981,206.178
6.69492,146.169,40.2638,0.0529254,399.56,0.062878,3.36918,179.288,242.678,223.596
5.71429,217.286,73.5279,0.134129,2081.41,0.0228714,4.18927,165.571,245.143,211.24
3.19355,48.9839,7.4685,0.0108774,31.6872,0.251989,1.93393,225.032,248.161,244.921
28.9,166.5,86.1625,0.04319,219.88,0.04579,3.29736,118.2,220.4,180.052
6.32308,166.123,52.8795,0.0720538,668.559,0.0418462,3.66406,161.277,241.462,212.759
0,0,0,0,0,0,0,0,0,0
4.5,230.25,78.3086,0.159625,2790.55,0.015625,4.3305,166.25,245,209.498
7.05172,167.155,60.1748,0.0846966,851.24,0.0279293,3.84729,164.293,241.103,210.028
