4.44737,79.3158,13.6487,0.0200342,80.1483,0.152871,2.48344,211.211,245.868,240.395
6.22222,211.667,70.3533,0.128711,1996.57,0.0264444,4.1333,163.778,244.111,211.593
6.66667,144.111,39.4771,0.0634806,522.041,0.0377139,3.6092,170.083,241.139,220.569
5.27586,171.172,50.3882,0.0873552,928.072,0.031,3.85188,173.276,245.103,220.126
13.2727,200.818,86.6509,0.103682,1196.6,0.0246455,3.99323,154.182,233.636,193.64
5.75,135.938,37.4421,0.0602313,464.9,0.0391312,3.56316,184.156,245.062,226.775
6.77143,153.429,48.1052,0.0827371,825.147,0.0285429,3.82608,176.457,244.257,221.352
4.82759,97.4828,21.6987,0.0375759,218.468,0.0733069,3.10393,196.138,244.517,234.098
4.43478,127.348,24.9637,0.0315261,176.557,0.101883,2.87513,184.913,245.348,231.398
5,218.5,76.4102,0.1515,2485.25,0.0158,4.32535,170,248,213.584
6.38462,208.231,77.8251,0.125562,1738.91,0.0188769,4.1628,163.538,244.692,207.596
58.25,201.75,132.822,0.059225,387.406,0.033825,3.55638,74.75,177.25,123.722
2.17895,10.5789,3.05095,0.00183684,2.10834,0.648854,0.711765,244.168,249.884,248.355
15.5333,175.133,82.9266,0.0703933,535.36,0.0289667,3.70611,156.333,231.2,191.971
12.1,192.15,92.0488,0.09428,957.849,0.02354,3.94815,151,233.6,187.986
5.47727,138.773,31.4575,0.0512773,396.66,0.0703114,3.31872,182.091,243.705,228.725
62,184.75,131.44,0.0423,192.464,0.04475,3.27728,158.75,205.5,177.836
3.46341,57.561,9.68426,0.0157561,51.9138,0.171698,2.3036,220.341,247.463,243.544
7.6,189.2,90.8297,0.07546,652.008,0.02748,3.79722,53.2,232.4,157.287
4.8,227.4,79.2422,0.14388,2234.11,0.01644,4.29002,168.8,247,210.604
3.91892,81.1622,15.2576,0.0267973,124.561,0.0987892,2.80877,208.27,246.622,239.535
5.88462,182.308,53.0756,0.0691577,648.927,0.0485231,3.60196,161.654,241,214.052
5.90909,149.5,44.921,0.0765455,735.179,0.0325955,3.74882,177.545,245.455,223.222
5.33333,104.458,23.099,0.0417875,268.936,0.0692792,3.17406,195.583,245.167,234.624
5.85714,178.429,59.0452,0.106129,1332.06,0.0234286,4.02384,169.714,243.286,214.563
8.82609,181.739,69.6203,0.0962739,1067,0.0244913,3.95579,163.391,238.783,205.358
4.88889,118.315,28.2822,0.0479889,329.502,0.0575833,3.32873,189.037,244.315,230.689
6.39394,143.152,42.2914,0.0667,579.612,0.0493667,3.58025,178.121,242.606,222.54
3.02222,39.3333,6.06363,0.00784667,18.7657,0.310944,1.67273,229.489,248.8,245.852
4.55556,152.944,32.0054,0.0394667,262.608,0.08975,3.06102,179.389,244.722,228.907
17.7857,181.214,98.981,0.0595286,394.045,0.0339786,3.57086,167.429,235,194.593
5.2,132.9,34.3176,0.06981,637.244,0.05038,3.60199,190.1,246.7,230.542
4,229,84.9727,0.1747,3211.48,0.0145,4.3708,159,239,200.047
8.625,186.375,75.1865,0.10105,1131.53,0.0252875,3.97991,158.75,238.125,202.496
5.77778,176.056,52.1515,0.0777111,749.241,0.0386889,3.73783,160.444,241.389,214.072
27,209.5,127.65,0.08685,761.558,0.02455,3.8591,85.5,221.5,155.795
5.75862,166.517,52.0892,0.0904724,1015.74,0.0292483,3.89261,171.586,242.586,217.297
4,255,75.4414,0.1608,2980.22,0.0164,4.3005,166,245,210.777
4,88.5926,17.6753,0.031337,167.122,0.0961815,2.90541,206.778,246.667,238.167
8.85714,150.143,55.3287,0.0464,264.036,0.0436857,3.3682,96.4286,228.714,182.003
13.7273,190.545,90.6275,0.0793091,703.615,0.0283818,3.79575,152.636,232.273,188.487
8.85714,186.286,85.199,0.0871762,808.816,0.0251143,3.88318,151.524,235.19,190.755
13.1667,213.333,102.299,0.117217,1502.29,0.0266167,4.06138,152.5,235.667,187.757
5.375,151.75,51.0923,0.10115,1153.7,0.0219625,4.01366,178.625,247.375,222.006
5.38889,140.833,38.5204,0.0735167,686.05,0.0341889,3.7197,183.722,245,227.046
7.82759,175.034,66.4942,0.0865517,876.322,0.0269241,3.87047,155.897,238.31,203.033
6.17647,193.176,64.034,0.101341,1255.09,0.0300118,3.95172,167.706,244.294,213.341
7.66667,187.333,70.8763,0.12005,1572.97,0.0187833,4.16197,171.333,243.833,212.659
5.25,193.25,67.9761,0.1094,1400.2,0.021125,4.06159,164.75,243.375,209.684
12.5,190.75,96.8291,0.1111,1320.07,0.019425,4.1061,153.75,232.5,185.229
