3.88462,63.8974,10.8082,0.0165179,58.0748,0.176928,2.31083,217.962,246.962,242.607
6.38462,208.231,77.8251,0.125562,1738.91,0.0188769,4.1628,163.538,244.692,207.596
7.71875,152.203,49.1307,0.0670219,568.099,0.0431688,3.61102,170.156,240.297,216.109
8.125,179.938,68.8835,0.0910396,951.649,0.0273917,3.90659,162.271,239.312,205.197
6.80328,146.557,41.2278,0.0532246,400.702,0.0619443,3.3764,179.148,242.705,223.135
4,242,80.2071,0.16775,3095.85,0.01545,4.33565,162.5,242,205.412
7.30159,168.27,61.5816,0.0855333,863.721,0.0275825,3.85514,164.159,240.952,209.181
5.3871,106.839,23.3807,0.0339113,189.997,0.0888129,2.97373,194.21,244.565,233.172
4.89286,117.786,28.1834,0.0480232,329.564,0.0571196,3.3306,189.5,244.536,230.95
7.07692,174.135,60.7683,0.0938942,1053.15,0.0268942,3.92655,167.308,241.231,211.711
5,221,108.795,0.0732,616.262,0.0291,3.7508,23,238,148.994
2.37121,17.9242,3.78149,0.00339242,6.35496,0.55813,0.967385,240.515,249.712,247.85
4.66667,225.667,70.0156,0.132767,2138.83,0.02945,4.12983,169,247.333,215.616
6.7619,164.905,55.6224,0.0808365,770.773,0.0311571,3.79968,167.794,241.651,213.712
5.39216,155.137,41.0573,0.0706824,671.461,0.0445314,3.63423,176.843,244.451,224.56
7.70588,141.333,45.3828,0.0628353,488.551,0.0354549,3.61373,177.549,241.941,220.479
5.1,123.1,27.4207,0.040738,261.149,0.07627,3.13369,186.82,244.32,230.684
9.05882,186.912,71.9642,0.1027,1204.61,0.0271,3.97727,163.941,239.853,205.887
7.25,193.583,70.7064,0.107408,1349.01,0.0223208,4.04208,165.333,242.125,208.051
9.54545,195.818,82.5991,0.118291,1546.73,0.0231636,4.10713,161.727,240.091,201.624
5,221,82.0225,0.150525,2394.92,0.015775,4.31648,168.75,247.25,209.463
13.1,189.2,89.9301,0.07908,693.331,0.027465,3.80804,134.25,231.45,182.489
39.5,183.5,110.508,0.05055,300.146,0.0404143,3.42083,106.357,206.571,159.813
7,206.833,72.3379,0.13035,1949.58,0.0186667,4.20927,161.5,242.5,208.829
3.98246,83.807,15.4439,0.0266263,125.464,0.101161,2.79443,208.053,246.632,239.605
