8.14286,191.571,84.8125,0.0905286,883.558,0.0233,3.93574,153.286,236.143,191.264
4,242,80.2071,0.16775,3095.85,0.01545,4.33565,162.5,242,205.412
6.66667,153,41.3477,0.0613333,512.943,0.0401333,3.57247,138.667,238,212.5
4.55556,93.1111,24.0773,0.0512889,347.41,0.0423111,3.46048,202.111,246.222,234.354
5.14286,128.429,31.1975,0.0461286,310.006,0.0619476,3.27823,182.429,243.429,228.19
4.28571,201.571,50.7852,0.0737857,758.821,0.0474286,3.64834,173,248.714,224.054
13.4,204,106.55,0.07668,667.902,0.02748,3.79358,47.4,229.6,152.787
11,201.333,99.5853,0.0939833,967.619,0.0228833,3.95885,152.667,233.5,183.704
5.5,104.182,23.7711,0.0421591,266.86,0.0624318,3.21008,194.636,244.545,233.771
6.5,149.6,47.2219,0.08422,856.162,0.02738,3.85504,173.5,243.6,219.966
3.45455,48.9091,6.75391,0.00750909,18.5591,0.319127,1.6311,221.909,246.455,243.429
4.33333,128.556,31.8164,0.0695889,643.174,0.0528444,3.58544,194.222,247.889,233.031
8.875,183.625,79.9727,0.0595625,402.86,0.034925,3.5691,160.125,239.5,198.851
6.11765,143.118,42.7613,0.0754294,706.8,0.0320059,3.74609,181.294,244.882,224.648
6.66667,176.222,54.832,0.0823,853.535,0.0298333,3.80581,144.889,237.222,206.678
4.75,86.75,16.7354,0.0260813,117.14,0.0930125,2.81174,206,246.188,238.762
4,26,6.0469,0.0042,6.125,0.3643,1.3269,219,239,233.867
3.85714,156,39.3945,0.0853429,932.792,0.0292571,3.84806,180.571,245.714,226.79
4.54545,120.091,24.6737,0.0471909,343.165,0.0594091,3.30665,190.455,246.091,234.077
2.25,210.5,35.9746,0.052025,643.86,0.12825,2.97997,170.75,250.5,233.589
7.7,159.4,48.9344,0.0624,476.846,0.03493,3.60519,168,241.6,216.362
15.0909,198.545,96.147,0.106118,1189.77,0.0228636,4.0256,152.636,231.545,187.6
7.94118,192.118,72.7658,0.109771,1372.35,0.0215059,4.06018,164.882,240.765,206.288
6.93333,192.4,72.1513,0.104747,1271.85,0.0228267,4.02626,163.6,242.467,206.79
2.375,42.75,8.09181,0.01745,52.2724,0.122163,2.49721,232.375,251.125,247.588
4.66667,225.667,70.0156,0.132767,2138.83,0.02945,4.12983,169,247.333,215.616
0,0,0,0,0,0,0,0,0,0
5.33333,178.111,48.9249,0.0878,952.11,0.0370444,3.83424,172.444,246.444,222.885
2.88889,100.222,17.6172,0.0433111,310.416,0.0773333,3.16469,204.778,250.778,241.942
3.73333,58.1333,8.98489,0.01242,39.8553,0.215567,2.07649,220.067,246.467,243.002
13.7143,192,93.2087,0.0964571,1018.75,0.0236429,3.95554,148.286,233,185.049
5.33333,138.333,38.5426,0.0810444,822.18,0.0292444,3.80498,187.667,248.333,229.822
6.09091,167.545,58.0227,0.0987818,1133.51,0.0249727,3.97334,172.455,244.182,216.219
3.35294,10.7647,4.28746,0.00152353,1.03211,0.627212,0.736382,242.588,247.353,246.023
4.33333,180.444,48.7057,0.0971556,1215.61,0.0368778,3.87086,175.222,247,223.404
16.7143,160.714,74.9615,0.0564429,348.949,0.0351714,3.53417,168.143,233.286,201.022
4,130.909,16.2003,0.0292455,187.772,0.131991,2.71791,190.273,247.727,240.281
46.6,206.2,150.077,0.06184,425.28,0.0329,3.58938,167.8,215.2,175.923
2.66667,53.1667,9.55664,0.0188333,66.1806,0.138025,2.487,219.167,248.75,244.25
3.33333,65.1667,12.6029,0.0222917,86.8733,0.128058,2.60913,219.167,246.833,241.591
4.66667,125.167,44.6999,0.0373667,180.085,0.0644333,3.12007,166,241,209.927
4.5625,112.188,18.7869,0.027625,147.227,0.112219,2.76244,195.688,245.438,236.977
4.83333,80.6667,11.0879,0.0124,44.041,0.242517,2.01613,206.833,242.833,239.288
10.3846,189.769,98.1659,0.0895692,821.106,0.0236,3.90797,144.308,233.077,181.121
7,206.833,72.3379,0.13035,1949.58,0.0186667,4.20927,161.5,242.5,208.829
6.5625,162.812,56.6409,0.0789812,737.775,0.0330125,3.78551,155.188,238.5,207.57
13.4,156.6,67.5703,0.04342,231.284,0.04634,3.30776,70.2,218.6,165.2
7.75,132.833,36.4912,0.0528167,359.135,0.0438417,3.44932,170.667,237.25,219.715
23.75,189.75,106.846,0.083075,729.481,0.024675,3.8537,162.75,227.75,185.999
15.1,176.9,85.3523,0.07073,547.098,0.02884,3.71463,155.9,231.9,190.803
0,0,0,0,0,0,0,0,0,0
7.73333,136.467,42.6133,0.0651267,502.665,0.03254,3.66481,175,240.533,219.721
0,0,0,0,0,0,0,0,0,0
0,0,0,0,0,0,0,0,0,0
10,182.143,73.8449,0.0993571,1071.53,0.0216286,4.01205,159.214,236.357,201.244
9.54545,195.818,82.5991,0.118291,1546.73,0.0231636,4.10713,161.727,240.091,201.624
12.5,197.167,99.0293,0.09445,929.073,0.0242333,3.9274,151,235,187.362
6.38462,208.231,77.8251,0.125562,1738.91,0.0188769,4.1628,163.538,244.692,207.596
7.5,173.1,68.15,0.0925,940.581,0.02359,3.94126,155,235.3,199.852
8.07692,175.154,64.2777,0.073,623.209,0.0339154,3.72496,151.538,236.538,202.142
4.33333,165.267,44.2096,0.0883,1048.51,0.0297533,3.85797,181.867,247.667,226.713
5,221,82.0225,0.150525,2394.92,0.015775,4.31648,168.75,247.25,209.463
6.84,140.88,44.2295,0.069044,582.849,0.041216,3.64935,181,242.64,222.256
1.21429,2.71429,1.58956,0.000478571,0.133043,0.7987,0.354607,249.357,252.857,251.187
0,0,0,0,0,0,0,0,0,0
0,0,0,0,0,0,0,0,0,0
4.69231,75.8462,12.7025,0.0185,69.2885,0.160392,2.42715,214.846,247.077,242.228
3.83333,139.083,25.9902,0.057775,542.396,0.0623417,3.40552,189,248.25,235.664
0,0,0,0,0,0,0,0,0,0
1.85,18.2,3.06642,0.00365,4.84793,0.44958,1.19144,242.15,251.35,249.559
10.1333,154.533,64.9419,0.0873467,806.83,0.0240867,3.89215,168.067,239.267,208.156
4.80769,99.6923,21.7073,0.0375308,219.809,0.0737385,3.10208,194.731,244.5,233.936
5.65,163.25,43.2959,0.07151,670.418,0.0351,3.69428,169.55,242.6,221.124
7.25,154.5,51.5723,0.08715,888.578,0.027175,3.87239,181.5,245.875,221.629
45.6667,196.333,121.38,0.0574667,372.768,0.0348333,3.537,48.6667,177.333,112.505
7.5,159.375,47.384,0.065425,545.956,0.0413438,3.60224,158.438,237.75,212.556
5,144.455,38.7177,0.0415636,250.002,0.0710909,3.18071,170.091,242.091,220.197
6.5,75.5,16.0898,0.019,56.2208,0.10165,2.59805,224,245,240.062
6,191.375,52.7158,0.0821625,901.279,0.0332125,3.78179,173.625,247.75,222.262
5.33333,105.889,31.8603,0.0630556,481.028,0.0332111,3.63973,196.222,246.667,230.898
3,26.5,4.90078,0.004885,7.58791,0.38418,1.36619,236.4,249,246.945
2.85714,172.571,23.7545,0.0349143,282.31,0.139914,2.77237,181.286,247,235.478
6.83333,168.5,71.3464,0.0887167,891.562,0.02445,3.9167,155.333,236.833,197.757
6.23077,128.231,34.6142,0.0545577,398.981,0.0455038,3.46448,184.269,242.885,226.883
5.4,180,52.0219,0.08054,797.659,0.03053,3.79478,165.2,240.3,214.494
1.68421,3.52632,2.18196,0.000384211,0.108553,0.834789,0.288358,247.316,250.211,248.973
6.66667,169.611,55.0823,0.0913667,1008.79,0.03035,3.89093,165.222,239.833,212.942
3.33333,81.2778,15.2613,0.0303611,154.373,0.0934833,2.90838,211.167,248.333,241.078
2.6087,38.087,5.64861,0.00850435,21.5525,0.298204,1.74002,231.87,250.391,247.424
70.3333,191.333,135.671,0.0429667,199.131,0.0438333,3.28723,185.667,212,193.535
4.46154,85.9231,21.1298,0.0355538,187.279,0.0725,3.07175,206.077,244.385,234.317
5.33333,94.4167,15.5957,0.0198333,84.192,0.156467,2.46588,200,243.667,237.271
2.81818,169.273,22.5849,0.0425636,406.387,0.147255,2.88438,184.636,248.182,237.355
5,203,73.3633,0.1002,1120.49,0.0215,4.0562,121,237,196.414
8.375,192.875,81.3189,0.0773375,690.703,0.0305,3.76215,147.75,235.125,190.778
2.15385,4.30769,2.68269,0.0005,0.136546,0.788515,0.368354,245.462,248.231,246.89
0,0,0,0,0,0,0,0,0,0
4.66667,143.111,36.8798,0.0765556,753.016,0.0339444,3.73671,187.333,248.111,230.736
3.45455,62.5455,12.5067,0.0261636,119.427,0.104491,2.77925,216.636,247.636,241.811
5.07143,130.714,33.4079,0.0578071,447.321,0.0416643,3.51679,186.071,245.143,228.86
