3.72973,76.4054,14.2762,0.0264811,121.297,0.0957027,2.81152,210.459,246.784,240.202
24.4375,185.938,107.745,0.0604688,403.417,0.0334937,3.57949,161.625,229.75,187.877
2.57143,22.3333,4.14445,0.00420476,6.0753,0.418012,1.27013,238.667,249.667,247.703
10.8333,189.292,90.9526,0.0877125,811.75,0.0248875,3.88632,146.167,233.625,186.529
5.80702,116.333,26.2969,0.0370053,220.943,0.0819351,3.05081,188.333,243.596,231
4.47368,100.921,22.9814,0.0456974,305.864,0.0597579,3.28586,199.921,246.974,236.215
8.68085,188.234,71.5772,0.103862,1243,0.025383,3.99814,163.745,240.213,206.058
2.04839,5.25806,2.62576,0.000720968,0.369761,0.765147,0.433623,246.306,249.774,248.379
6.17391,211.043,74.7751,0.127209,1858.1,0.0217739,4.15507,163.913,244.522,209.292
4.09302,99.4884,19.1356,0.0302209,162.817,0.106314,2.8441,201.721,246.419,236.935
3.23684,55.4737,9.33265,0.0157553,52.0867,0.169818,2.30681,220.868,247.632,243.762
7.44068,178.356,67.8439,0.0901746,930.905,0.0269169,3.90296,163.102,239.949,205.803
4.7027,79.8919,13.8541,0.0195297,75.5512,0.159738,2.45419,211.459,245.811,240.401
5.4697,137.667,32.9293,0.0540152,418.139,0.0599727,3.39688,183.424,244.303,228.58
8.35,197.5,79.143,0.11494,1482.66,0.02207,4.09164,163.05,241.2,203.998
3,41.9722,6.27333,0.00850833,21.2962,0.2955,1.74057,228.556,248.972,245.945
6.10638,137.106,34.0293,0.046917,318.2,0.0603319,3.29554,176.979,241.638,224.535
4.875,227,79.3155,0.15285,2521.44,0.0159125,4.31521,167.375,246.125,210.047
7.56667,174.683,62.1521,0.0939467,1050.38,0.02704,3.92624,166.65,240.75,210.523
7.58537,146.573,45.6481,0.0652159,535.046,0.0403207,3.6133,172.134,240.732,217.871
0,0,0,0,0,0,0,0,0,0
6.50847,166.475,54.0397,0.0707831,640.616,0.0430508,3.64373,163.102,241.576,213.339
6.91667,161.083,52.0876,0.0765983,727.434,0.0342567,3.74815,168.117,242.033,215.466
6.85185,158.704,49.9517,0.0828926,836.896,0.0289519,3.82264,170.611,243.074,218.373
36.2222,177.778,98.8017,0.0464667,255.105,0.0434,3.35353,85.4444,203,154.503
