3.1,43.04,6.80391,0.009624,25.0596,0.268832,1.8432,228.02,248.42,245.338
7.6,179.6,68.3627,0.1014,1162.02,0.02502,3.98585,164.25,240.75,207.519
5,221,82.0225,0.150525,2394.92,0.015775,4.31648,168.75,247.25,209.463
6.14815,148.444,45.3462,0.0818222,801.198,0.0290222,3.81533,179.222,244.222,222.827
4.58824,152.588,31.3803,0.0396471,261.52,0.0883176,3.07502,172.941,243.235,226.402
7.57143,164.143,61.1197,0.0938714,989.951,0.0232571,3.96601,162.857,237.429,207.392
5.57692,159.731,37.931,0.0509731,394.9,0.0767538,3.29101,173.346,243.038,224
6.38462,208.231,77.8251,0.125562,1738.91,0.0188769,4.1628,163.538,244.692,207.596
4.87097,99.7097,21.5426,0.0374226,217.737,0.0728613,3.10167,196.032,244.613,234.348
5.03571,124.393,30.0045,0.0536786,410.67,0.0554036,3.4064,190.107,244.929,231.063
6.35714,148.643,38.6052,0.0640143,552.253,0.0487536,3.55751,176.607,242.929,224.028
9.18182,195.5,73.7166,0.103455,1250.62,0.0277045,3.97827,163.045,240.636,205.748
4,242,80.2071,0.16775,3095.85,0.01545,4.33565,162.5,242,205.412
7.66667,187.333,70.8763,0.12005,1572.97,0.0187833,4.16197,171.333,243.833,212.659
12.5,169.438,70.5488,0.0683,531.297,0.0329687,3.66399,153.125,233.25,197.624
15.75,179.75,78.6934,0.077425,722.247,0.0336,3.7349,84.25,226.75,175.574
29.1667,189.5,116.86,0.0611833,409.193,0.0328333,3.58884,165.5,227.167,186.202
10.1,187.9,84.4098,0.07897,680.345,0.02667,3.80976,147.2,233.4,187.584
5.33333,104.458,23.099,0.0417875,268.936,0.0692792,3.17406,195.583,245.167,234.624
4.08333,86.5833,18.2199,0.0321542,168.296,0.088875,2.95338,208.583,246.917,238.337
5.66667,214.333,112.885,0.0740667,636.292,0.0285667,3.765,41,237.667,150.896
6.5,162,42.8808,0.07595,864.852,0.0363,3.69175,92,232,196.193
5.16,170.92,48.0064,0.086564,929.217,0.032248,3.83772,175.84,246.36,222.963
10.6667,209.111,94.9054,0.115878,1476.15,0.0244667,4.07107,153.889,237,191.432
5.44444,93.0556,15.531,0.0188556,78.0375,0.1707,2.40023,204.167,244.222,238.368
3.76316,78.9737,14.9379,0.0265289,121.982,0.0992026,2.80044,209.974,246.947,239.941
7,206.833,72.3379,0.13035,1949.58,0.0186667,4.20927,161.5,242.5,208.829
4.66667,225.667,70.0156,0.132767,2138.83,0.02945,4.12983,169,247.333,215.616
4.29167,121.333,20.5189,0.0289583,166.652,0.116879,2.76915,187.917,245.292,234.465
3.57447,62.1277,10.7291,0.0179979,64.1906,0.160689,2.40332,218.106,247.298,242.831
94,217,166.156,0.0369,148.729,0.0494,3.1681,187,203,192.613
12.6,196.1,95.3043,0.09549,998.27,0.02335,3.95799,149.6,233.7,184.926
5.94737,126.316,36.595,0.0685263,594.678,0.0392789,3.64432,188,243.947,227.062
4.88235,168.353,46.2061,0.0878412,1027.42,0.0334882,3.83667,177.176,245.706,223.853
2.20792,11.6931,3.12771,0.00198812,2.42488,0.634466,0.746805,243.624,249.901,248.326
7.13333,185.2,66.6727,0.107247,1349.39,0.0221067,4.04634,166.667,241.933,209.826
6.575,135.7,39.4979,0.062515,485.297,0.0353525,3.61369,178.775,242.925,223.353
9.69565,186.652,86.9161,0.0874913,810.154,0.0250304,3.88489,149.696,234.478,189.045
5.61905,140.857,40.4879,0.0754524,710.545,0.0316905,3.7482,183.762,246.333,227.059
7.8,172.08,57.6752,0.077984,741.089,0.035564,3.75899,164.36,240.92,212.288
7.94444,172.222,63.3448,0.0706722,605.707,0.0384,3.67682,157.667,237.889,206.204
8.54167,177.25,65.2341,0.0962375,1074.78,0.024425,3.95834,165.833,239.625,208.694
4.63333,104.033,25.5899,0.04973,338.678,0.048,3.39778,196.5,245.7,233.51
5.96552,137.483,34.5057,0.0463759,319.425,0.0669138,3.2606,178.586,241.966,225.002
4.89286,167.429,40.6183,0.0679964,663.307,0.0549036,3.55205,172.929,244.786,224.943
27.4,158,85.9797,0.045,213.723,0.04186,3.32882,171.2,232.2,198.878
7,168.97,56.9796,0.0842576,861.359,0.028597,3.84295,168.242,242,213.603
9.42857,186.238,85.5621,0.093,920.54,0.0233286,3.94205,152.524,235,191.335
45.6667,196.333,121.38,0.0574667,372.768,0.0348333,3.537,48.6667,177.333,112.505
13.4,156.6,67.5703,0.04342,231.284,0.04634,3.30776,70.2,218.6,165.2
