8.46154,147.231,48.1021,0.0650393,529.795,0.0396803,3.61153,173.957,240.658,217.973
8.29412,192.059,72.6928,0.105498,1286.68,0.0249,4.01192,163.765,240.647,205.859
7.68056,136.139,39.1826,0.0497965,351.061,0.0593583,3.3404,177.896,241.243,222.269
7.86486,175.419,64.315,0.0945122,1050.81,0.0261865,3.93727,165.757,240.189,208.943
7.62069,203.207,78.0989,0.124048,1718.17,0.0204862,4.15026,162.621,242.793,206.148
4.66667,226.833,75.7165,0.144517,2383.7,0.0225583,4.22635,167.833,246.417,211.864
5.63946,102.367,23.0125,0.0328197,181.148,0.0902524,2.94763,196.184,244.422,233.664
6.86111,165.935,54.0828,0.0743074,697.047,0.038737,3.70071,163.519,241.528,213.251
7.42857,171.603,63.186,0.0865603,869.252,0.0276635,3.86355,164.159,240.563,208.626
2.94444,36.0787,6.54514,0.00867778,27.596,0.407904,1.50055,231.69,248.662,245.806
