6.4,205.4,71.2602,0.1292,1935.06,0.01904,4.20292,160.2,242.6,208.808
2.20792,11.6931,3.12771,0.00198812,2.42488,0.634466,0.746805,243.624,249.901,248.326
3.16667,164.833,29.5163,0.05625,570.172,0.10765,3.19227,179.333,245,229.909
6.0625,149.062,43.3052,0.0825812,852.08,0.0286125,3.82817,179.438,245.688,224.672
37,165,118.75,0.0403,172.462,0.0475,3.2474,78,186,130.738
5.85714,178.429,59.0452,0.106129,1332.06,0.0234286,4.02384,169.714,243.286,214.563
3.28571,171.286,24.2355,0.0358,264.883,0.113929,2.89557,182.714,246,235.184
6,207.1,74.8613,0.12508,1753.37,0.01931,4.15556,163.8,245.2,209.074
4.8,227.4,79.2422,0.14388,2234.11,0.01644,4.29002,168.8,247,210.604
4,255,75.4414,0.1608,2980.22,0.0164,4.3005,166,245,210.777
9.875,177.125,79.1367,0.0890438,837.652,0.0246875,3.89284,154.375,235.938,196.061
4,130.909,16.2003,0.0292455,187.772,0.131991,2.71791,190.273,247.727,240.281
5,218.5,76.4102,0.1515,2485.25,0.0158,4.32535,170,248,213.584
7.27778,153.278,51.788,0.0843722,802.26,0.026,3.85971,172.444,241.889,216.999
4.15385,88.9231,19.7984,0.0336231,177.921,0.0813231,3.00379,205.538,245.385,235.715
14,203,92.2793,0.1081,1210.9,0.0196,4.0693,158,235.5,192.791
11,196,95.9934,0.09426,937.266,0.02357,3.94364,151.1,234,187.026
6.5,215.5,75.2305,0.10695,1497.4,0.04325,3.8848,162,243,206.742
5.7,180.3,51.3445,0.08863,1024.29,0.03469,3.83637,170.1,243.6,219.205
3.51163,61.3953,10.2703,0.017193,60.0427,0.168098,2.35965,218.419,247.721,243.355
32.5,189.5,125.857,0.0576,381.477,0.0348,3.54635,123,219.5,157.936
5.76923,174.154,49.6565,0.0728385,670.573,0.0318615,3.72925,162.231,240.308,214.665
9.5,182.5,83.4531,0.109583,1255.05,0.0202333,4.07288,161.333,238.833,198.104
8.2,174.667,66.6654,0.0728933,617.566,0.03324,3.72693,152.067,236.6,200.891
8.35714,155.929,48.2712,0.0627643,481.71,0.0350143,3.61402,166.571,239.5,215.45
10.6,202.4,95.5938,0.09254,980.48,0.02484,3.93128,153.2,235.8,187.294
3.66667,80.6667,16.1195,0.030525,154.772,0.0954167,2.90731,210.917,247.667,240.071
4.82759,97.4828,21.6987,0.0375759,218.468,0.0733069,3.10393,196.138,244.517,234.098
4.83333,193.5,45.7663,0.0727167,743.847,0.0483333,3.64345,168.167,246.833,223.487
10.4286,155.143,55.3153,0.0532143,327.52,0.0387,3.48361,168.286,235.714,209.871
7.66667,212,87.7044,0.127167,1690.73,0.0174333,4.18693,162.667,243,202.668
4.81481,80.4444,15.6665,0.0224407,91.2548,0.111163,2.66209,209.704,244.185,238.086
6,219.5,69.2197,0.1281,2073.46,0.0357,4.04628,168.25,246,215.074
7,190.5,70.08,0.122,1612.49,0.01835,4.1913,168.5,240.5,211.564
7.25,161.75,67.6978,0.0882,884.443,0.024425,3.91529,160.25,237.875,201.69
56.5,203.5,128.027,0.0579,369.398,0.0346,3.5404,26.5,155,91.4043
58.5,178.5,120.428,0.046,224.331,0.04105,3.3468,185,216.5,193.996
4.6,199,54.5371,0.09959,1259.18,0.02508,3.97218,171.5,247.2,220.897
6.85714,161,57.9199,0.0810714,739.812,0.0261429,3.84154,154.5,237.857,206.264
10.5455,190,92.424,0.0867182,793.894,0.0239455,3.89319,148.364,233,184.359
8.66667,161.381,55.2241,0.0669333,543.106,0.0348333,3.6471,155.19,237.143,207.711
8.5,175,66.8281,0.0476,251.427,0.0395,3.40395,60,227.5,171.729
8.14286,191.571,84.8125,0.0905286,883.558,0.0233,3.93574,153.286,236.143,191.264
15,156,58.0195,0.0771,705.1,0.0256,3.871,49,215,154.148
7.14286,148.786,47.4609,0.0764429,717.423,0.0316357,3.75365,178.571,245.5,223.1
3.875,152,39.669,0.0872,1028.67,0.030925,3.85112,184,247.625,228.711
4.7,108.8,18.8107,0.027725,143.172,0.106555,2.7905,196.55,245.7,237.258
7.16667,168.833,68.4525,0.101633,1121.41,0.02105,4.03007,161.333,240.833,206.768
7.22222,139,43.27,0.0695556,583.628,0.0346722,3.68541,177.611,241.889,221.192
7.33333,116.5,34.8213,0.0519333,338.523,0.0426,3.44932,177.167,238.25,221.146
5.1,179.3,45.9301,0.08613,939.934,0.03818,3.80366,172.3,246.5,224.338
4.85714,145.714,36.4788,0.0717643,682.77,0.0365,3.68673,181.429,244.786,227.233
12.5,190.75,96.8291,0.1111,1320.07,0.019425,4.1061,153.75,232.5,185.229
6.5,162,42.8808,0.07595,864.852,0.0363,3.69175,92,232,196.193
4.5,164,27.1817,0.0452167,384.171,0.115308,3.05592,171.833,243.25,229.464
3.5,157.125,25.5425,0.0494375,435.527,0.0862625,3.22081,189,248.375,236.854
4.66667,125.167,44.6999,0.0373667,180.085,0.0644333,3.12007,166,241,209.927
4,229,84.9727,0.1747,3211.48,0.0145,4.3708,159,239,200.047
5.5,170,63.8073,0.0916167,916.358,0.0238167,3.92363,159.5,238.5,204.264
19,203,114.891,0.09715,1017.88,0.02215,3.98695,151.5,228,175.971
3.38462,96.8462,21.7067,0.0475769,318.691,0.0505231,3.34909,203,248.308,237.792
30,216.5,122.316,0.1114,1230.63,0.02075,4.04325,134.5,219,168.74
2.25,210.5,35.9746,0.052025,643.86,0.12825,2.97997,170.75,250.5,233.589
3.47368,70.4211,12.8273,0.0268789,124.796,0.0970316,2.81618,214.526,248.053,241.883
15.3333,199.667,110.957,0.122333,1527.13,0.0185333,4.14567,142.333,230.667,176.142
10.5625,178,75.4268,0.09885,1064.94,0.0224688,3.99469,161.312,237.312,201.372
10.5,155.5,81.6641,0.07665,598.731,0.02755,3.7546,197,244,215.67
4.8,129.9,33.2621,0.06998,643.46,0.05044,3.6016,191.4,247.3,231.531
24,191.8,115.117,0.0681,497.333,0.02906,3.67942,162.2,225.8,182.183
5.71429,117.786,35.173,0.0610143,462.983,0.0367929,3.57992,191.5,245.5,228.925
71.5,216.5,166.92,0.0602,407.302,0.03485,3.5511,171,201,175.732
5.9,140.2,40.3246,0.04253,253.413,0.06967,3.2008,165.1,241.1,217.576
4,205.4,54.8406,0.07444,799.251,0.05562,3.58374,175.4,247.2,222.778
1,161,23.9258,0.0638,770.433,0.0694,3.3835,193,249,237.652
13.4,176.2,86.5446,0.06017,394.877,0.03361,3.57948,165.4,237.8,197.17
9.5,216.75,100.722,0.1153,1418.65,0.01965,4.10693,156.75,237.75,190.604
9.22222,173.222,71.3034,0.0971556,1008.8,0.0223111,3.9845,153,235.444,197.329
4.6,126.3,29.4473,0.06303,552.436,0.04464,3.56413,188.7,245.8,231.703
7.68421,134.737,41.7278,0.0573632,401.176,0.0364,3.55416,176.947,240.316,220.348
6.33333,187.556,52.4987,0.0819111,894.556,0.0331222,3.78954,173.778,247.444,221.767
3.02083,42.25,6.66342,0.00947083,24.5023,0.2727,1.82775,228.333,248.5,245.43
6.81818,161,57.0827,0.0919273,965.828,0.0241182,3.94005,166.636,239.182,211.323
8,185.75,71.2745,0.119075,1553.21,0.019,4.1473,172.75,245.5,213.206
4.61538,107.308,26.451,0.0511615,354.605,0.0456846,3.43558,197.615,246.923,234.047
5,103.833,12.8047,0.01375,63.8611,0.277,1.9724,201,246.5,241.651
2.25,168.75,32.7627,0.0843,1089.16,0.03425,3.77567,187.25,250,234.542
5.34783,104.913,23.2993,0.0416478,267.9,0.0701348,3.16902,195.043,244.87,234.253
10.875,190.875,88.0327,0.104325,1170.12,0.0238375,4.01251,156.125,234.375,192.457
15.9091,195.727,99.7301,0.0789091,703.892,0.0288818,3.78336,137.545,231.455,181.939
94,217,166.156,0.0369,148.729,0.0494,3.1681,187,203,192.613
4.875,173,47.9941,0.0959,1181.24,0.0384625,3.85462,172,246,222.694
3.6,145.8,34.5563,0.08366,915.912,0.02942,3.8317,189.2,248.8,232.662
5,221,108.795,0.0732,616.262,0.0291,3.7508,23,238,148.994
4.8,185.8,54.2766,0.10728,1392.91,0.0216,4.04534,171,246.4,219.937
4.57143,137.143,37.1708,0.0784714,761.643,0.0302143,3.77416,187.714,247.714,230.086
4,199.333,46.1836,0.0922333,1104.86,0.0344667,3.86737,170,243,222.098
3.58824,136.059,24.4929,0.0414235,309.98,0.0870059,3.10098,184.765,246,233.831
6.05556,133,36.0124,0.06305,506.419,0.0361778,3.61831,181.833,244.5,226.254
6.5,134,42.7227,0.0408,240.552,0.0526,3.24175,76.5,226,175.902
3.22222,114.556,22.4531,0.0497111,404.347,0.0629333,3.29706,197.889,248,237.866
