2.25472,12.5094,3.24842,0.00220283,2.94312,0.621572,0.782114,243.028,249.736,248.101
5.77778,216.222,70.6133,0.133222,2088.5,0.0256778,4.16429,165.556,245.889,213.303
7.86957,174.435,63.8703,0.0926435,1020.51,0.0271304,3.91966,166.283,240.022,208.948
7.82258,155.419,52.2546,0.0675661,571.777,0.0430726,3.61744,165.726,239.823,213.233
6.6,155.4,48.1005,0.0823975,820.546,0.029285,3.81834,175.65,243.9,220.873
6.80952,188.286,67.2509,0.106905,1344.24,0.022219,4.03964,165.762,242.143,209.234
7.33871,175.613,64.0893,0.0887161,918.799,0.0279758,3.88146,165,240.871,208.673
5.21622,122.338,28.8409,0.0467338,317.385,0.0605338,3.29389,187.405,244.216,230.239
6.3125,209.75,76.8955,0.12575,1771.25,0.0189375,4.16703,163.688,244.188,207.855
3.19048,49.4603,7.59983,0.0111571,32.922,0.244783,1.95889,224.825,248.159,244.876
30.0588,188.824,111.529,0.0598412,396.804,0.0337765,3.5717,141.118,218.706,173.34
5.2963,139.981,33.3646,0.0523037,402.729,0.0656796,3.34983,183.167,244.259,228.358
5.68627,159.118,45.2681,0.0712255,662.838,0.0433627,3.64805,172.627,242.902,220.001
7.44,176.56,62.3686,0.09742,1108.86,0.024936,3.96384,165.92,241.36,211.206
4.73438,111.562,23.8374,0.0375687,227.475,0.0801797,3.06991,191.328,244.641,232.902
4.08333,94.7667,18.1109,0.0296583,153.238,0.0992283,2.86169,203.25,246.533,237.67
4,242,80.2071,0.16775,3095.85,0.01545,4.33565,162.5,242,205.412
5,221,82.0225,0.150525,2394.92,0.015775,4.31648,168.75,247.25,209.463
28.9,166.5,86.1625,0.04319,219.88,0.04579,3.29736,118.2,220.4,180.052
8.92857,185.786,82.1412,0.087275,829.292,0.0257357,3.87813,146.643,234.75,191.15
9.03571,191.286,74.3121,0.103107,1221.09,0.0274643,3.97667,162.536,239.714,204.431
8.34615,168.346,60.9219,0.0778288,732.529,0.0328962,3.76511,160.212,240.346,208.919
10.0769,200.769,86.9751,0.118631,1529.67,0.0223538,4.11429,161.615,239.769,199.692
4.12308,73.1231,13.2171,0.0211938,84.9062,0.134511,2.56542,213.292,246.462,240.955
6.88462,139.577,41.002,0.0626635,493.82,0.0359019,3.60953,176.269,242.673,222.162
