4,137.474,25.2099,0.0415789,307.516,0.0836105,3.11578,184.474,245.842,233.514
6.03704,145.741,44.626,0.0769815,729.279,0.0315407,3.76231,180.222,245.63,224.063
8.21739,183.304,70.124,0.100983,1177.66,0.0294478,3.95178,164.739,240.217,206.595
3.15789,27.2632,5.11246,0.00502632,8.46491,0.381768,1.37921,234.474,247.895,245.705
5.75862,166.517,52.0892,0.0904724,1015.74,0.0292483,3.89261,171.586,242.586,217.297
3.05714,42.2857,6.56786,0.00911143,22.7281,0.274514,1.81186,228.943,249.171,246.048
1.7,22.8,3.16096,0.00433,7.05708,0.43434,1.26189,241.1,253.2,250.956
29.1667,174.333,91.9779,0.0485167,274.057,0.0411,3.39652,51.6667,196.333,138.277
5,133.278,30.9653,0.0620833,551.875,0.0505833,3.5206,183.333,243.667,228.673
8.90909,186.485,72.084,0.0794727,749.906,0.034103,3.77363,155.121,237.727,200.926
3.90476,67.7619,9.37183,0.0122286,42.0177,0.239667,2.01174,214.81,245.19,241.783
7.07143,146.107,45.3196,0.0682714,587.477,0.0436893,3.62772,176.607,242.321,220.992
3.88889,82.4167,15.7588,0.02885,141.614,0.0930278,2.87086,208.889,247.833,240.335
11.3043,167.261,66.8038,0.0687565,538.492,0.0321565,3.6781,155.696,234.87,200.957
4.85,106.2,22.6156,0.038075,233.935,0.081125,3.07441,190.65,243.75,232.447
4.62069,103.552,25.2426,0.0495862,338.114,0.0483276,3.3941,197.276,246,233.998
4.66667,80.0833,14.9829,0.0221861,92.0256,0.126161,2.61602,209.222,244.694,238.676
1.64286,4.07143,2.31391,0.000478571,0.138693,0.7954,0.355143,247.071,250.071,248.839
4,117.353,18.8123,0.0268941,152.639,0.133159,2.67312,194.588,246.353,236.996
4.85714,129.5,27.0522,0.0338857,191.627,0.0868357,2.97189,178.286,243.714,227.956
8.12903,189.194,69.5892,0.105697,1298.85,0.0226,4.03034,165.387,241.581,208.286
5.5,170.471,50.6808,0.0868088,921.872,0.0306265,3.85013,173,244.971,219.901
7.63158,186.737,65.236,0.0720211,640.619,0.0408474,3.66471,154.474,238.053,203.964
3.77778,12.2222,4.89237,0.00173333,1.14907,0.5883,0.812111,241.333,246.778,245.352
3.15625,56.7812,10.3872,0.0190406,66.0337,0.140731,2.48977,222.156,249.219,244.663
8.125,178.656,75.7863,0.0880063,863.168,0.0257219,3.88704,150.781,236.406,195.689
6.03125,153.969,38.1095,0.0522312,395.079,0.0688312,3.34411,174.062,242.625,223.651
5.55556,102.611,23.5408,0.0426,274.863,0.0684944,3.19782,197.556,245.556,235.09
4.93548,153.258,38.1647,0.0698968,668.131,0.0476742,3.61373,176.871,244.355,225.498
8.35714,180.464,68.9329,0.0967179,1075.06,0.0240643,3.96366,163.107,239.286,206.084
4.22727,123.136,27.5831,0.0525864,414.711,0.0611045,3.36064,193.636,246.045,233.497
1.625,2.5,1.89452,0.00035,0.0849,0.850988,0.2608,248.75,251.375,249.996
5.46154,216.538,72.07,0.134254,2096.1,0.0233538,4.18493,165.615,245.769,212.14
13.4,204,106.55,0.07668,667.902,0.02748,3.79358,47.4,229.6,152.787
1.4,2.8,1.80938,0.0004,0.105,0.81534,0.3258,249.2,253.8,251.468
6.4878,136.537,39.1546,0.0623171,486.089,0.0361024,3.60756,178.927,243.171,223.716
70.3333,191.333,135.671,0.0429667,199.131,0.0438333,3.28723,185.667,212,193.535
9.66667,200.067,85.0766,0.11718,1500.18,0.02226,4.09929,161.467,240.133,200.413
2.9,7.9,3.50547,0.00083,0.41375,0.73005,0.51059,244.2,247.7,246.58
28.7692,188.923,116.185,0.0608308,406.91,0.0330231,3.58433,159.923,226.769,183.78
6.4,209.267,77.6365,0.125407,1741.41,0.0188067,4.16797,163.6,243.867,207.471
7.02381,156.167,50.552,0.0832143,821.087,0.0279167,3.83481,173.69,242.929,218.573
12.1,192.15,92.0488,0.09428,957.849,0.02354,3.94815,151,233.6,187.986
1,3,1.30782,0.00054,0.17084,0.7892,0.37682,249.8,252.6,251.527
1.81818,3.27273,2.30007,0.000418182,0.106827,0.819127,0.314091,245.636,248.545,247.1
8.78571,137.714,46.505,0.0529,330.953,0.0389214,3.48067,171.429,237.071,214.442
4.5,230.25,78.3086,0.159625,2790.55,0.015625,4.3305,166.25,245,209.498
4.5,152.875,34.5203,0.0394937,254.128,0.0899375,3.06465,166.25,241.812,221.222
2.06667,16.6,3.20418,0.00346667,4.06085,0.447853,1.17593,242.333,250.267,248.668
4.45833,88.8333,20.5534,0.0364375,198.871,0.0670708,3.10557,203.667,245.167,235.426
