4,242,80.2071,0.16775,3095.85,0.01545,4.33565,162.5,242,205.412
8.4375,179.688,78.4839,0.0899688,880.759,0.0237812,3.92466,154.375,235.938,194.543
3.72727,84.2273,17.726,0.0326045,173.102,0.0908909,2.95333,209.682,247.045,238.523
5.4,139.7,39.1778,0.08145,824.057,0.02883,3.81409,186.8,248.4,229.455
0,0,0,0,0,0,0,0,0,0
0,0,0,0,0,0,0,0,0,0
5.31579,132.316,29.5153,0.0407395,268.865,0.0818684,3.11108,181.711,243.342,228.622
7.11905,155.905,50.2363,0.0770881,724.326,0.0322976,3.76169,170.976,242.69,217.991
5.75,187.167,49.7139,0.079925,864.928,0.0341583,3.75894,168.583,244.25,219.391
9,194.348,72.8607,0.103374,1252.93,0.0274739,3.98104,163.609,241.13,206.6
4.87037,117.537,28.1858,0.0482889,330.749,0.0553926,3.34127,190.204,244.852,231.282
7.72222,177.889,66.9635,0.101406,1166.7,0.0254389,3.98054,166.722,240.944,208.659
5.23077,171.154,51.1088,0.0879423,931.89,0.0309385,3.85897,172.231,244.692,219.307
6,161.417,49.4801,0.0811833,787.523,0.0321542,3.79876,173.75,243.125,219.315
8,150.667,52.1328,0.08512,861.56,0.0273,3.85769,176.333,243.6,218.996
8.5,163.417,56.7406,0.0668708,547.596,0.0376375,3.6345,155.125,237.25,206.955
8.35714,180.464,68.9329,0.0967179,1075.06,0.0240643,3.96366,163.107,239.286,206.084
5.75862,166.517,52.0892,0.0904724,1015.74,0.0292483,3.89261,171.586,242.586,217.297
53.5,203.167,140.268,0.0585667,386.059,0.03475,3.54595,106.833,191.833,141.691
4.30435,124.043,22.769,0.0307565,173.104,0.106391,2.84447,187.478,245.826,233.405
12.1,192.15,92.0488,0.09428,957.849,0.02354,3.94815,151,233.6,187.986
7.72222,192.278,73.1597,0.109394,1369.24,0.0215167,4.06034,164.333,240.667,205.724
7.03509,146.404,41.3575,0.0528789,396.2,0.0625614,3.3714,177.982,241.982,222.161
3.77778,70.963,13.8384,0.0243556,104.951,0.105381,2.72783,213.444,245.667,239.806
6.32609,135.913,38.2053,0.0617413,481.317,0.037587,3.59189,180.522,243.783,224.935
31.4444,167.444,89.661,0.0429333,215.292,0.0457444,3.2912,116.333,218.556,177.821
0,0,0,0,0,0,0,0,0,0
2.60976,23.2439,4.25125,0.00443171,6.8999,0.414383,1.29441,238,249.61,247.578
0,0,0,0,0,0,0,0,0,0
3.38636,59.1364,10.1059,0.0172773,59.2439,0.160982,2.3801,220.091,248.114,243.801
2.03077,5.73846,2.61587,0.000796923,0.447312,0.75226,0.458974,246.2,249.815,248.432
0,0,0,0,0,0,0,0,0,0
0,0,0,0,0,0,0,0,0,0
5.44444,91.8889,14.6751,0.0176667,73.5039,0.191644,2.31892,204.889,244.778,239.198
4.75,99.1111,21.6189,0.0384722,226.179,0.06955,3.13214,196.806,244.972,234.663
5.45946,171.703,47.712,0.0693622,657.807,0.0504162,3.59062,167.838,242.514,218.469
5.27273,222.909,75.0828,0.139527,2221.36,0.0233273,4.20781,168.818,246.818,212.771
6.5,162,42.8808,0.07595,864.852,0.0363,3.69175,92,232,196.193
20.7143,188.143,108.032,0.0673143,486.283,0.0296143,3.66797,159.571,228.286,183.985
0,0,0,0,0,0,0,0,0,0
9.54545,195.818,82.5991,0.118291,1546.73,0.0231636,4.10713,161.727,240.091,201.624
3.1,44.2,6.76212,0.0092675,23.8584,0.272018,1.8214,227.575,248.475,245.417
6.38889,207.444,76.0015,0.126572,1793.4,0.0189222,4.17394,162.611,244.111,207.932
12,194.538,94.9453,0.0775,684.734,0.0290231,3.77865,104.462,231.154,171.787
7.61905,145.286,47.7355,0.071281,608.762,0.0339143,3.7,179.19,242.286,220.679
5.53846,135.385,34.809,0.0643692,560.519,0.0505231,3.55428,184.885,244.423,227.842
0,0,0,0,0,0,0,0,0,0
4.28,90.92,16.5917,0.027728,135.729,0.098804,2.8237,203.44,246.48,238.595
0,0,0,0,0,0,0,0,0,0
9.65,187.3,89.6221,0.08761,808.725,0.024885,3.88867,148.4,234,186.998
