9.54545,153.818,54.864,0.0655182,493.709,0.0322727,3.65888,164.182,237.636,210.451
0,0,0,0,0,0,0,0,0,0
3,58.5,6.04688,0.006725,18.0531,0.3338,1.54065,220,246.75,244.48
10,156.375,57.4131,0.053775,332.929,0.038175,3.49156,169.375,237,210.097
1.625,76,10.1426,0.02865,152.583,0.111038,2.81874,217.25,251.25,245.805
9.54545,195.818,82.5991,0.118291,1546.73,0.0231636,4.10713,161.727,240.091,201.624
2.16667,8.5,2.58332,0.0007,0.388883,0.769167,0.453583,244.833,249.167,247.798
13.4,204,106.55,0.07668,667.902,0.02748,3.79358,47.4,229.6,152.787
7,157.312,45.356,0.0649937,546.351,0.0418625,3.59484,154.062,237.812,212.461
5.27273,222.909,75.0828,0.139527,2221.36,0.0233273,4.20781,168.818,246.818,212.771
8.75,179,73.3623,0.099675,1100.16,0.0219875,4.00395,153.125,236.25,199.842
2.5,15.7222,3.62479,0.00301667,3.18821,0.476939,1.09535,241.889,249.167,247.646
5.48148,170.593,52.1823,0.0885222,934.932,0.0305593,3.86441,170.963,243.963,218.021
1.35294,2.76471,1.69072,0.000441176,0.121082,0.813565,0.329382,249.235,252.529,250.929
6.06667,171.467,55.1865,0.09244,1041.2,0.0295067,3.90056,174.333,244.333,218.297
7.72222,192.278,73.1597,0.109394,1369.24,0.0215167,4.06034,164.333,240.667,205.724
5.67647,144.147,33.8986,0.0516,396.475,0.0693235,3.32917,180.471,243.441,227.495
3.61538,39.2308,6.75482,0.00668462,15.1968,0.366054,1.52957,228.077,247.769,245.021
4,49.5,9.4668,0.0129333,31.9208,0.160117,2.23112,222.667,246.167,241.825
0,0,0,0,0,0,0,0,0,0
11.2727,186.636,84.2639,0.0994091,1055.85,0.0214636,4.00799,158.091,235.727,195.504
4.5,86.8571,19.0011,0.0334714,174.017,0.08005,3.00468,207.571,245.5,236.897
0,0,0,0,0,0,0,0,0,0
5.85714,158,47.5,0.0757214,701.868,0.0310286,3.76044,168.643,243.071,218.372
4.86667,119.8,30.7354,0.0476,317.515,0.05884,3.32218,183.6,242.4,226.972
4,242,80.2071,0.16775,3095.85,0.01545,4.33565,162.5,242,205.412
0,0,0,0,0,0,0,0,0,0
0,0,0,0,0,0,0,0,0,0
15.1,176.9,85.3523,0.07073,547.098,0.02884,3.71463,155.9,231.9,190.803
4.61538,116.077,21.4102,0.0283154,148.647,0.105208,2.79805,192.077,244.846,234.276
3.11111,26.6667,5.0625,0.0048,7.40347,0.392017,1.35237,235.889,248.556,246.505
10.9167,189.667,99.5944,0.0897917,823.91,0.023425,3.91104,143.833,232.75,180.323
5.4,99.8,34.1406,0.0375,185.752,0.05828,3.1691,191,244,224.947
4.84615,83.6923,16.918,0.0236308,98.4433,0.105454,2.71115,204.308,243.385,236.361
4.27273,159.545,40.4783,0.0859455,1002.1,0.0319091,3.83635,176.818,244.727,225.6
2.13333,38.8,5.09662,0.00944667,25.0103,0.25956,1.85189,232.8,251.267,248.34
4.42857,99.7143,24.8957,0.0511357,352.592,0.0453143,3.43663,201.429,247.357,235.312
5.5,101,11.1855,0.0094,42.5792,0.35155,1.65625,204.5,245,241.789
4.64706,90.9412,17.6868,0.0280176,134.098,0.0941,2.84741,203.235,246.353,237.912
4.42857,160.357,40.1099,0.07605,756.399,0.0385,3.719,184.643,248.5,229.676
0,0,0,0,0,0,0,0,0,0
6.38889,207.444,76.0015,0.126572,1793.4,0.0189222,4.17394,162.611,244.111,207.932
27.0714,189,111.97,0.0605429,405.595,0.0335071,3.58023,158.143,227.429,184.604
2.88889,145.333,21.3138,0.0392111,314.056,0.0992111,2.99944,186.222,249.111,238.254
5.68421,143.526,41.4451,0.0819474,840.933,0.0291684,3.81806,181.737,246.632,226.29
6.26316,191.105,65.6108,0.102032,1259.7,0.0290105,3.9652,167.263,244.053,212.038
0,0,0,0,0,0,0,0,0,0
10.9,177.2,75.4512,0.09588,1005.04,0.02335,3.97184,153.2,234.9,195.864
2.375,42.75,8.09181,0.01745,52.2724,0.122163,2.49721,232.375,251.125,247.588
2.5,180.667,35.7064,0.0865,1097.83,0.0359833,3.79067,183.667,248.5,232.129
0,0,0,0,0,0,0,0,0,0
3.63636,63.9091,12.7383,0.0223182,82.1629,0.126209,2.61869,219.909,247,241.713
56.5,203.5,128.027,0.0579,369.398,0.0346,3.5404,26.5,155,91.4043
0,0,0,0,0,0,0,0,0,0
5,105.176,22.7068,0.0379529,226.257,0.0770882,3.09633,188.824,242.059,230.758
7.66667,121.5,36.056,0.0530833,357.604,0.04415,3.45288,176.167,237.583,220.581
1.6,21.4,2.959,0.00454,7.03542,0.39642,1.33331,242.2,253.3,251.221
1.76,3.52,2.30751,0.00042,0.113004,0.818564,0.315688,246.52,249.36,248.096
4,60,9.55272,0.01255,40.7865,0.224725,2.06218,207,238.25,234.929
11.625,193.938,94.6848,0.093925,946.287,0.0233313,3.94849,151.188,233.375,186.602
2.66667,53.1667,9.55664,0.0188333,66.1806,0.138025,2.487,219.167,248.75,244.25
14.5833,197.167,94.4544,0.106133,1187,0.0226167,4.0271,152.833,232,188.56
5.63636,94.0909,25.7965,0.0449,269.305,0.0505091,3.31818,204,246.818,235.56
7.5,154.5,54.7754,0.0442,245.99,0.04605,3.32285,68.25,226.75,173.815
5.4,126.4,37.0559,0.07516,691.778,0.03043,3.75882,191.7,246.5,229.777
15.7778,192.111,97.4557,0.0809778,709.501,0.0257333,3.82999,157.333,231.556,187.006
5.57143,143.571,50.6758,0.0429286,228.901,0.0565714,3.2608,162.429,241.429,210.296
0,0,0,0,0,0,0,0,0,0
0,0,0,0,0,0,0,0,0,0
7.81481,169.185,60.9099,0.0840741,804.412,0.0278593,3.83796,165.593,239.926,210.025
0,0,0,0,0,0,0,0,0,0
7.09677,176.516,62.9293,0.0858742,877.511,0.0270935,3.86568,158.774,239.774,206.657
0,0,0,0,0,0,0,0,0,0
4.16667,126.5,27.0635,0.0547417,436.067,0.0625,3.39008,196.75,247.5,235.317
5.30769,153.077,37.8636,0.0571538,459.915,0.0463692,3.48866,174.308,243.538,224.419
0,0,0,0,0,0,0,0,0,0
5.375,107.125,31.8838,0.0631125,484.934,0.03345,3.63868,195,246.375,230.569
5.66667,163.222,51.3893,0.100722,1167.43,0.0233556,3.9929,174,245.667,220.209
5.75,76.25,14.1221,0.016475,50.7219,0.13665,2.41513,219.25,245.75,241.134
3.91667,130.833,16.3685,0.0292833,187.156,0.130025,2.72672,187.333,246.667,238.3
4.30769,88.6923,18.8657,0.0370769,214.187,0.0696154,3.10261,204.769,247.154,238.481
62,184.75,131.44,0.0423,192.464,0.04475,3.27728,158.75,205.5,177.836
6.42105,167.684,56.4132,0.0778053,736.827,0.0346947,3.7567,153.421,239.053,207.748
6.76471,186.412,61.8713,0.0709176,636.57,0.0426353,3.64621,154.765,239.118,206.349
3.25,169,23.6304,0.0349125,261.591,0.121475,2.84785,181.5,245.5,234.804
6,122.571,27.4091,0.0417,270.337,0.0669714,3.18249,178.571,242.286,228.098
0,0,0,0,0,0,0,0,0,0
7.07407,142.296,44.8795,0.0693815,587.859,0.0403444,3.65598,179.333,242.074,221.34
3.44444,61.2222,8.37456,0.0121,42.9704,0.240489,1.99657,219.667,248.222,244.699
4,26,6.0469,0.0042,6.125,0.3643,1.3269,219,239,233.867
5.2,158.3,37.1351,0.067565,660.755,0.05718,3.53445,178.2,245.05,227.638
0,0,0,0,0,0,0,0,0,0
2.88889,100.222,17.6172,0.0433111,310.416,0.0773333,3.16469,204.778,250.778,241.942
4.91667,77.5833,12.9896,0.018,69.2375,0.167667,2.39682,213.083,246.583,241.764
3.15385,63.5385,11.9339,0.0254077,116.347,0.107023,2.74862,217,247.846,242.138
6.46667,138.133,37.7049,0.0630867,507.739,0.0367,3.6135,179,243.8,224.884
3.77778,8.33333,4.76954,0.000977778,0.415744,0.679578,0.588644,242.778,246.556,245.248
4,130.364,27.3175,0.0602455,555.095,0.0599,3.45166,191,246.909,234.015
0,0,0,0,0,0,0,0,0,0
5.33333,103.167,14.9538,0.0180167,78.6465,0.193167,2.31807,201.333,245.667,239.897
