5,148.929,40.1041,0.0802786,866.672,0.0311643,3.78722,179.643,247.143,227.167
13.8,191.7,92.1953,0.07921,716.389,0.02866,3.79802,152.7,232.8,188.593
3.58333,38.6667,6.86166,0.00680833,15.299,0.35855,1.55147,228.583,248.25,245.423
4.53846,99.9231,24.8639,0.0506308,349.357,0.0461231,3.42629,200.846,247,234.846
4.4,124.2,19.0273,0.02658,141.402,0.12858,2.70232,203.8,248,240.716
5,191.667,51.9648,0.0876,1028.48,0.0373833,3.80992,171.167,244.833,219.883
3,61.3,11.4305,0.02526,113.037,0.1051,2.75356,218.3,248.2,242.607
4,26,6.0469,0.0042,6.125,0.3643,1.3269,219,239,233.867
6.5,162,42.8808,0.07595,864.852,0.0363,3.69175,92,232,196.193
5.86364,141.909,35.6625,0.0459955,318.055,0.0685136,3.24797,177.636,242.227,224.398
8.14286,166.143,56.293,0.0847357,839.945,0.0285571,3.84198,173.643,243.143,216.522
4.11111,144,27.8129,0.0519111,425.645,0.0718444,3.31454,192.111,248.111,235.721
3.73333,82.0667,14.9737,0.02752,131.259,0.0928867,2.84026,207.8,246.933,239.698
8.35294,180.765,63.0738,0.0952412,1067.08,0.0253588,3.94302,167.412,240.353,210.978
3.07692,104.769,20.7233,0.0444538,311.78,0.0738538,3.1971,200.923,249.231,239.232
6.71429,143.571,41.1602,0.0681,605.093,0.0439429,3.60049,183.571,243.571,225.368
5,203.667,47.2689,0.0609167,612.341,0.0778667,3.35043,159,244,220.652
4,242,80.2071,0.16775,3095.85,0.01545,4.33565,162.5,242,205.412
11,187.267,85.8823,0.09566,1000.09,0.02308,3.96747,152.4,234.467,190.494
7.05,155.4,50.8772,0.083845,800.657,0.02646,3.84787,172.8,242.05,217.936
5.625,114.875,35.1011,0.0641,488.857,0.03245,3.65225,191.5,245.75,228.373
3.63636,26.3636,5.73011,0.00508182,7.53257,0.364618,1.41109,235.455,246.727,244.985
7,180.765,70.5182,0.0877235,880.287,0.0257941,3.89671,158.235,238.294,201.371
69.6667,208.333,141.068,0.0601,390.039,0.0333333,3.5651,68.6667,162.333,113.393
5.5,111.167,33.8027,0.06215,458.277,0.0339333,3.61798,198.667,246.667,231.38
0,0,0,0,0,0,0,0,0,0
1.77778,14.7778,2.69314,0.00294444,2.95882,0.465489,1.09453,244.222,250.889,249.528
9.09091,154.091,52.2965,0.0641727,483.431,0.0334091,3.63845,162.636,237.273,210.958
6.61538,139,37.0063,0.0629,511.257,0.0372846,3.60933,178.385,243.846,225.201
5.71429,121.929,24.1139,0.0397786,270.032,0.0750929,3.10925,183.714,243.214,232.037
4.38095,71.8095,12.4632,0.0193381,72.2173,0.154057,2.46688,216.524,246.571,241.854
8,186.571,76.0056,0.120671,1567.46,0.0188143,4.15786,168.429,242.286,207.458
4.90909,165.364,49.1147,0.0984909,1158.48,0.0265364,3.95344,177.364,246.909,222.932
1.66667,4.77778,2.43491,0.000611111,0.177311,0.7473,0.433678,247.333,250.333,249.188
5.41667,96.25,15.6699,0.0186667,78.4625,0.174292,2.38864,202.333,244.5,238.312
4.76471,173.176,46.79,0.0852529,924.928,0.0350471,3.80766,178.118,247.353,224.577
5.2,151.6,35.7558,0.05636,462.333,0.04885,3.46547,179.9,245.3,228.389
7.5,156.714,47.4919,0.0663,540.259,0.0362643,3.63404,156.214,237.571,211.587
5.1875,156.125,45.4941,0.0892062,1017.48,0.0291438,3.88247,178,244.438,223.164
10.75,212.5,93.4209,0.114813,1468.87,0.02515,4.0633,154.25,237.5,193.33
4.75,91.4167,25.3187,0.0358417,183.737,0.0686333,3.09352,200.083,244.167,230.934
0,0,0,0,0,0,0,0,0,0
7.5,165.833,59.3135,0.0923333,950.957,0.0238,3.94505,162.083,239.167,209.701
5,168.833,42.193,0.0705583,676.148,0.0366917,3.67778,163.583,241.25,219.177
3.09091,45.7273,8.86471,0.0159364,46.4428,0.141027,2.39639,229.636,249.818,246.192
5.9,152.5,39.041,0.06377,570.06,0.06749,3.46793,181.8,244.8,226.165
1.22222,2.33333,1.59461,0.000411111,0.104178,0.818722,0.318011,249.111,252.444,250.711
5.72727,157.364,39.7056,0.0675727,657.922,0.0704545,3.47093,180.909,245.909,227.751
1.66667,2.75,2.06153,0.000291667,0.0781333,0.870133,0.226575,246.917,249.75,248.476
5.27273,222.909,75.0828,0.139527,2221.36,0.0233273,4.20781,168.818,246.818,212.771
4.875,116.25,32.7065,0.0674125,573.32,0.039375,3.64956,190.625,244.875,229.111
4.6,82.4,16.8844,0.0244,101.661,0.09731,2.75491,206.2,244.1,237.25
4.28571,196.143,47.678,0.0715857,747.652,0.0581143,3.5774,170.857,247.571,224.042
3.53333,10.6,4.49141,0.00142667,0.89666,0.637033,0.712973,242.267,246.933,245.61
7.5,154.5,54.7754,0.0442,245.99,0.04605,3.32285,68.25,226.75,173.815
3.3,165.2,27.9426,0.03699,260.052,0.10634,2.95111,181.3,245.8,232.392
4.81818,92.6364,21.2925,0.0381045,219.655,0.0654636,3.13737,198.727,245.091,234.849
7.06667,159.267,57.3771,0.08054,742.432,0.0271133,3.82621,155.533,238.267,206.718
2.08333,19,3.53127,0.0042,5.97257,0.435942,1.2657,240.75,251,248.858
3.22222,114.556,22.4531,0.0497111,404.347,0.0629333,3.29706,197.889,248,237.866
4.57143,204.714,54.0659,0.0973,1275.75,0.0269143,3.93449,171.571,249.143,223.29
3.45455,128.545,15.7589,0.0282,178.472,0.136955,2.68204,187.091,247.182,238.699
4.16667,118.5,32.2311,0.0721667,644.747,0.0316,3.71852,195.833,248.667,233.354
0,0,0,0,0,0,0,0,0,0
2,26.7,3.5215,0.00424,7.16541,0.43508,1.24153,238.4,252.4,250.145
7.59091,138.864,40.8677,0.0557182,392.838,0.0400364,3.51217,172.682,239.727,219.692
1.33333,3.33333,1.6836,0.00055,0.166667,0.7791,0.3948,249.5,253.333,251.671
6.38889,207.444,76.0015,0.126572,1793.4,0.0189222,4.17394,162.611,244.111,207.932
8.16667,171.5,66.6446,0.0752333,633.76,0.0275333,3.78778,146,235.333,197.038
4.0625,65.625,9.48852,0.0122,40.713,0.230775,2.03144,214.75,244.812,241.372
15.7143,203,103.665,0.109857,1240.18,0.0201,4.0684,150.286,231,183.342
2.3,4.4,2.74805,0.00045,0.12292,0.80831,0.3379,245.3,247.9,246.585
1.66667,66,10.6758,0.0315667,153.133,0.0693667,3.0241,223,250.667,245.32
6.84615,116.615,32.8393,0.0525462,345.986,0.0413308,3.46915,180.769,239,223.654
7.22222,179.556,63.5204,0.103056,1245.09,0.0336444,3.9493,167.778,242.778,211.707
5.63636,103.545,23.4915,0.0290091,141.546,0.0930091,2.8563,190.545,243.455,231.686
8,192.8,74.5758,0.07616,662.864,0.03462,3.72374,159.4,237,198.726
15.8889,177.889,83.7843,0.0700889,535.963,0.0288333,3.7101,156.889,232,192.602
2.73333,52.5333,10.0406,0.0197667,69.0764,0.12748,2.54015,221.333,248.933,244.228
0,0,0,0,0,0,0,0,0,0
2.1875,39,5.22437,0.00954375,25.2768,0.25685,1.86296,232.125,251,247.957
13.4,204,106.55,0.07668,667.902,0.02748,3.79358,47.4,229.6,152.787
4.77778,120,21.0152,0.0351556,212.48,0.0930444,2.99449,187.778,242.889,233.195
5.28571,134.714,31.6747,0.0631143,545.117,0.0399714,3.58434,180.857,243,227.628
3.66667,89.4167,15.5221,0.0295417,163.074,0.113975,2.81178,209.333,248.583,241.102
6.11765,143.118,42.7613,0.0754294,706.8,0.0320059,3.74609,181.294,244.882,224.648
9.25,178.375,77.0117,0.100075,1098.83,0.0216125,4.01225,152.375,236.125,197.563
9.73684,188.368,89.8532,0.0880789,815.053,0.0249211,3.89132,147.947,233.947,186.92
0,0,0,0,0,0,0,0,0,0
4.66667,143.111,36.8798,0.0765556,753.016,0.0339444,3.73671,187.333,248.111,230.736
10.2857,191.857,90.4559,0.0937857,930.098,0.0232857,3.94404,150.929,234.357,188.717
6.28571,138.286,49.8951,0.0437857,234.116,0.0551,3.27527,154.429,239.429,206.579
20.5714,185.143,106.048,0.0603786,403.755,0.0336143,3.5793,161.143,232.357,188.355
62,184.75,131.44,0.0423,192.464,0.04475,3.27728,158.75,205.5,177.836
8.7,158.5,63.2223,0.07125,592.101,0.03021,3.72449,159.7,237.6,206.507
7.28571,186.357,67.5756,0.10765,1352.65,0.0220857,4.04666,166,241.214,208.718
3.33333,54.3333,6.38022,0.0073,18.6403,0.32615,1.5896,219.5,245.833,242.682
10.875,190.875,88.0327,0.104325,1170.12,0.0238375,4.01251,156.125,234.375,192.457
3,174.429,23.5647,0.0410857,386.779,0.160729,2.81931,177.143,246.143,234.066
5.58333,94.0833,25.363,0.0448333,267.559,0.050325,3.31649,202.5,245.917,234.691
