3.875,84.0625,16.1853,0.0312937,165.094,0.0950125,2.91882,210.562,247.562,240.151
6.06667,171.467,55.1865,0.09244,1041.2,0.0295067,3.90056,174.333,244.333,218.297
6.4,205.4,71.2602,0.1292,1935.06,0.01904,4.20292,160.2,242.6,208.808
5,117.222,33.5595,0.0679444,572.361,0.0381444,3.65897,188.556,243.778,227.487
4,255,75.4414,0.1608,2980.22,0.0164,4.3005,166,245,210.777
94,217,166.156,0.0369,148.729,0.0494,3.1681,187,203,192.613
7.5,154.5,54.7754,0.0442,245.99,0.04605,3.32285,68.25,226.75,173.815
5.2,201.4,55.2164,0.0989,1287.2,0.02596,3.96124,171.8,249.4,222.72
4.11111,179.111,44.1519,0.0902556,1098.72,0.0315222,3.8554,176.111,245,224.557
7.66667,179.417,78.9551,0.0900333,889.382,0.023825,3.93,153.833,236.25,194.001
5,223.5,87.6348,0.14955,2304.59,0.01575,4.3076,167.5,246.5,205.342
5.46667,106.4,28.4534,0.0521667,355.959,0.04408,3.45202,194.133,244.333,230.825
7.21053,153.789,52.1232,0.0837526,798.372,0.0264947,3.84602,172.053,241.368,216.375
9.5,150.8,57.4149,0.08786,838.003,0.02425,3.90771,176.9,243.3,216.206
6,219.5,69.2197,0.1281,2073.46,0.0357,4.04628,168.25,246,215.074
7.2,193,69.2164,0.1144,1543.41,0.02888,4.03316,171.4,246.4,215.001
61.3333,210,159.156,0.0596667,399.35,0.0346667,3.5549,165,206.333,170.876
2.07143,8.67857,2.83106,0.00149762,1.52639,0.680937,0.634349,245.071,250.024,248.533
27,209.5,127.65,0.08685,761.558,0.02455,3.8591,85.5,221.5,155.795
7.46667,149.2,48.7771,0.0689067,591.548,0.0479667,3.61023,178.8,243,221.109
4.71429,181,52.0686,0.105914,1366.94,0.0237857,4.0119,172.571,246.857,220.777
56.5,203.5,128.027,0.0579,369.398,0.0346,3.5404,26.5,155,91.4043
7.16667,160.667,51.2038,0.0647667,525.519,0.0393333,3.6039,148,237.667,207.562
3.21212,57.4848,10.5044,0.0190303,65.7177,0.139509,2.49289,222.182,249.091,244.537
15.3333,176.111,88.0004,0.0596222,392.294,0.0339889,3.5712,157.444,234.778,192.036
5.33333,133.417,34.7367,0.0397417,245.799,0.080475,3.09532,175.5,242.5,223.545
10.5,151.5,57.7461,0.07755,675.583,0.02585,3.84555,71.5,224.5,166.873
9.5,151.6,53.0391,0.0651,486.245,0.03231,3.65588,163.4,237,210.705
6.42857,227.286,82.2595,0.1231,1724.58,0.0195857,4.14007,163.857,245,207.169
5.66667,214.333,112.885,0.0740667,636.292,0.0285667,3.765,41,237.667,150.896
4.66667,230,73.6472,0.1401,2187.13,0.0169,4.2783,169.667,247.333,214.112
5,218.5,76.4102,0.1515,2485.25,0.0158,4.32535,170,248,213.584
10,207,95.6915,0.1189,1504.06,0.0185,4.15595,138.5,234.5,182.775
4.88889,104.556,22.0873,0.0375667,226.853,0.0807111,3.07478,189.722,242.556,231.559
8.88889,168.333,68.0022,0.0963556,1002.29,0.0224667,3.98606,153.333,235.556,199.255
5.38462,181.846,52.5394,0.0875846,939.057,0.0354615,3.83278,173.385,246.846,221.796
20.6667,198.333,127.449,0.0647333,451.731,0.0305,3.63973,165.667,232.667,184.464
9,186,89.1602,0.08142,736.226,0.02526,3.84776,153.8,234.6,188.034
6.5,138,47.9277,0.04705,267.875,0.04285,3.38555,135,235,199.619
10,191.7,86.6172,0.10373,1160.08,0.02332,4.01674,153.3,235.3,193.418
5,133,59.748,0.039,163.146,0.0488,3.18455,156,240.5,198.357
3.28571,171.286,24.2355,0.0358,264.883,0.113929,2.89557,182.714,246,235.184
2.87755,34.3265,5.43089,0.00676122,15.1449,0.342535,1.55451,232.51,249.245,246.701
7.64286,153.786,45.0636,0.0677929,553.02,0.0328429,3.67454,166.643,239.071,216.312
6.23529,143.176,42.3927,0.0752,709.254,0.0322882,3.74048,182.412,245.647,225.808
4.90909,144.091,38.0199,0.0799818,863.674,0.0313273,3.78428,182.727,247.727,229.162
3.25,97.0833,21.9746,0.0477917,320.852,0.0506,3.35402,202.583,248,237.346
10.5556,191.889,83.3359,0.0778222,684.158,0.0297,3.77383,148.111,233.111,189.18
4.5,217.5,77.1524,0.1021,1247.59,0.02555,3.9813,162.5,243,206.939
4.47368,88.9474,21.3516,0.0370316,202.915,0.0665526,3.11751,204.263,246.263,235.985
4.33333,128.556,31.8164,0.0695889,643.174,0.0528444,3.58544,194.222,247.889,233.031
6.29412,167.529,52.582,0.0776412,738.688,0.0349824,3.75498,157.176,240.118,211.754
10.4286,187.857,83.6618,0.110486,1324.78,0.0198857,4.09123,159.286,235,195.309
17.8333,173.833,89.8685,0.0704333,531.718,0.0286167,3.70312,156.167,229,187.632
43,190,113.891,0.0824,723.6,0.0253,3.8337,191,228,205.043
6.4,187.8,72.1437,0.12812,1769.52,0.01832,4.18532,161,243.8,207.108
4.1,144.6,26.1824,0.05702,538.713,0.06176,3.39871,186.6,247.6,234.943
19.2,207.6,107.402,0.10984,1228.27,0.02,4.06472,148.4,229.2,181.67
7.85,140.75,39.5953,0.055245,391.067,0.040725,3.50188,172.4,239.6,220.596
58.5,178.5,120.428,0.046,224.331,0.04105,3.3468,185,216.5,193.996
4.83333,110.389,18.9644,0.0278333,144.957,0.107222,2.78868,195.611,245.444,236.978
3.8,58.12,8.99515,0.012116,36.738,0.214004,2.06117,218.56,245.56,241.963
7.4,135,40.6617,0.06495,509.202,0.03311,3.66174,176.1,241.8,221.423
4,229,84.9727,0.1747,3211.48,0.0145,4.3708,159,239,200.047
6,147.375,42.4438,0.0738875,672.641,0.0338625,3.72546,174.625,243.25,222.231
5.85714,152.857,52.7941,0.102357,1160.86,0.0215714,4.02444,175.714,246.429,219.999
2.33333,219,41.9115,0.0567667,640.332,0.0851667,3.2412,170,251,231.522
5.38889,101.444,23.5807,0.0431278,274.083,0.0647944,3.2232,199.389,246.389,235.851
4.375,161.125,35.2964,0.054375,445.847,0.0509375,3.43637,176.375,244.875,226.828
8.3,178.6,64.4317,0.07234,620.557,0.03593,3.70605,156.7,236.9,204.775
4.6,152.5,38.5715,0.07731,756.643,0.03256,3.76296,186.2,248.5,230.213
5.36364,132.091,34.2458,0.0449182,299.646,0.0638727,3.26021,178.182,242.636,225.339
4,121.938,27.3845,0.0528938,413.161,0.0534812,3.39221,194.5,246.938,234.592
11.4,163,65.5532,0.05474,338.042,0.03612,3.51574,165.6,235.8,204.633
5,171.857,41.8884,0.0682786,669.429,0.0510357,3.57944,166.714,242.429,221.295
6.875,185.375,47.9888,0.081075,882.281,0.03155,3.7955,171.75,245.625,222.233
6.66667,186,71.7838,0.124667,1637.06,0.0178,4.1973,170.333,242.667,212.049
8.5,168.875,69.3813,0.085875,832.133,0.0267375,3.85261,134.75,233.125,193.133
7.63636,173.182,70.549,0.0929727,939.682,0.0235,3.93885,152.182,235.364,197.944
6.41667,184.25,58.1123,0.100458,1235.98,0.0326333,3.92658,168.5,243.417,215.105
11.8462,181.462,80.756,0.0999692,1064.64,0.0214154,4.01108,157.615,235.077,196.342
12,205.167,102.112,0.0936167,994.885,0.02425,3.94723,152.5,234.167,184.102
2.75,169.875,18.9527,0.0393,394.13,0.177925,2.71836,184.25,248.5,239.015
4,150.286,39.2539,0.0865857,926.63,0.0279571,3.85937,181,245.857,226.392
5.05,131.4,27.4398,0.04605,328.186,0.069335,3.24477,183.25,243.85,230.55
37,165,118.75,0.0403,172.462,0.0475,3.2474,78,186,130.738
8,177.444,65.9145,0.0864667,854.678,0.0265444,3.86256,158.889,237.556,203.996
4.85185,80.6296,15.5305,0.0222556,90.7036,0.113793,2.65093,208.704,243.926,237.8
12.75,201,99.9815,0.0939125,939.825,0.02405,3.93654,155.125,233.875,186.599
17.5,197,115.482,0.1237,1531.93,0.01835,4.15905,154,229.5,177.09
5.45455,109,33.5664,0.0633636,477.166,0.0326909,3.64571,196.455,246.636,230.635
5.5,138.25,37.1391,0.0596125,473.453,0.039975,3.5439,180.5,244,225.729
8.83333,178,65.9062,0.0660833,572.035,0.04665,3.58727,150.333,237.167,201.988
4.07143,127.5,19.3217,0.0302286,186.477,0.121429,2.77884,186.286,246.071,235.673
3.5,73.8333,13.7768,0.0272417,126.896,0.09485,2.83236,211.958,247.417,240.764
4.57143,100.857,11.774,0.0134571,63.3518,0.2933,1.92994,202.286,247.429,242.789
3.9,159.8,39.1312,0.08522,1004.85,0.03278,3.82245,178.7,245.5,227.114
8.4,211.4,94.1516,0.1137,1419.63,0.02004,4.09638,157.2,238.2,193.402
4.875,205.125,69.2173,0.0792875,795.643,0.0437875,3.70174,164.375,243,208.372
11,191.333,107.004,0.0899667,824.406,0.02285,3.9231,146.667,232.5,177.251
