5,133,59.748,0.039,163.146,0.0488,3.18455,156,240.5,198.357
7.14286,192.286,69.4632,0.116571,1563.15,0.0258714,4.07834,170.571,244.714,214.019
7.25,150.167,48.7686,0.0846917,848.175,0.0267583,3.86537,175.667,244.5,220.29
4.33333,128.556,31.8164,0.0695889,643.174,0.0528444,3.58544,194.222,247.889,233.031
4.33333,191.667,49.5605,0.0855333,1033.07,0.0394667,3.78718,171.833,245.167,221.21
4,255,75.4414,0.1608,2980.22,0.0164,4.3005,166,245,210.777
7.73684,137.263,38.4833,0.0551368,390.57,0.0408526,3.50101,173.368,239.316,220.919
2.07143,8.67857,2.83106,0.00149762,1.52639,0.680937,0.634349,245.071,250.024,248.533
6.4,205.4,71.2602,0.1292,1935.06,0.01904,4.20292,160.2,242.6,208.808
2.75,169.875,18.9527,0.0393,394.13,0.177925,2.71836,184.25,248.5,239.015
6.625,183.125,56.2178,0.0994625,1240.8,0.0363625,3.90591,173.25,245.25,219.015
5.25,223.75,80.3223,0.146075,2252.32,0.0162,4.29992,168.5,247.25,210.597
13.8,191.7,92.1953,0.07921,716.389,0.02866,3.79802,152.7,232.8,188.593
3.88,66.24,11.9895,0.020212,73.9535,0.134596,2.53959,217.4,246.84,241.907
8.22222,182.889,68.6398,0.0690889,593.169,0.0466667,3.61403,160.333,238.444,205.332
3.70588,97.1176,22.315,0.0480118,331.096,0.0521882,3.35278,203,247.882,237.12
5,96.8,12.9398,0.01499,66.4621,0.24767,2.09128,206.8,246.9,242.227
5.44444,138.667,38.5929,0.0667111,580.383,0.0529556,3.58179,185.222,245.111,226.632
4.5,225.5,82.5098,0.0792,797.658,0.0367,3.7415,159.5,243,201.852
6.28571,203.429,74.4046,0.124671,1713.61,0.0190857,4.15686,168.571,245.429,210.84
3,198,37.1263,0.058,642.802,0.0959167,3.22853,171.333,246.833,229.297
17,166,79.8828,0.0999,998.571,0.0215,3.9892,119,228,174.656
5.4,224,70.3602,0.1295,2091.02,0.03204,4.0871,168.6,246,214.186
2.5,192,39.3047,0.0885,1141.38,0.04155,3.7554,178,250,232.76
2.52941,47.3529,8.78148,0.0178294,58.9054,0.139776,2.45453,226.588,250.353,246.376
5.44444,99.7222,23.701,0.0432333,272.68,0.0644556,3.22443,199.444,245.889,235.266
3.5,115.7,24.4504,0.05025,391.099,0.05871,3.33303,196.1,248.5,236.975
5,218.5,76.4102,0.1515,2485.25,0.0158,4.32535,170,248,213.584
10.9333,183.067,81.8828,0.0994267,1062.35,0.0216133,4.00409,157.4,235.333,195.817
6.82353,167.412,59.2999,0.0865353,887.326,0.0261118,3.88068,168.294,242.412,212.128
13.75,202,105.587,0.1213,1517.99,0.018425,4.1575,146.25,232,179.933
4.5625,137,29.2385,0.038125,250.945,0.0958813,3.01082,180.688,243.75,228.994
13.4,156.6,67.5703,0.04342,231.284,0.04634,3.30776,70.2,218.6,165.2
8.35714,155.929,48.2712,0.0627643,481.71,0.0350143,3.61402,166.571,239.5,215.45
5.72727,148.091,39.1247,0.0571818,433.798,0.0437727,3.50986,180.909,244.182,225.673
4.33333,197.333,47.916,0.0736667,752.563,0.04725,3.65305,174.167,249,225.497
56.5,203.5,128.027,0.0579,369.398,0.0346,3.5404,26.5,155,91.4043
5.22222,176.556,55.4353,0.105744,1347.99,0.0231444,4.02601,172.778,246.222,218.963
4,229,84.9727,0.1747,3211.48,0.0145,4.3708,159,239,200.047
4,86.6,18.4152,0.03249,172.024,0.091505,2.94963,208.6,246.8,237.96
4.84615,96,21.4662,0.0375885,219.24,0.0749115,3.09656,198.423,245.115,234.86
2.93333,64.4667,12.0562,0.0274667,126.314,0.0952333,2.84201,217.267,248.333,242.649
6,215,76.7422,0.1257,1759.89,0.01874,4.16336,168.2,245.6,210.02
5,177.5,65.2002,0.058175,400.48,0.0364,3.56148,143,236.5,194.753
8.1,178.4,71.7719,0.08639,801.131,0.02461,3.88318,154.6,235.8,197.971
19,198,119.227,0.0896,797.583,0.023,3.9163,106,223,154.488
6.13636,176.682,57.1745,0.08945,940.728,0.0307455,3.87445,166.455,242.545,214.087
12,190.727,93.6811,0.0936,918.702,0.0234364,3.94199,150.636,234.364,187.683
20.6,157.8,81.9422,0.0578,358.862,0.0339,3.55332,163,230.2,194.271
9,208,107.184,0.1311,1811.2,0.0181,4.2016,105,235,172.762
6.5,162,42.8808,0.07595,864.852,0.0363,3.69175,92,232,196.193
7.16667,152.444,50.0877,0.0838222,800.273,0.0264722,3.84822,174.222,242.167,218.798
4,154.889,38.9266,0.0853778,1004.4,0.0331556,3.82306,179.111,244.778,226.617
8,153.8,47.7617,0.07008,596.243,0.03747,3.66927,171.9,241.3,218.75
4.66667,143.111,36.8798,0.0765556,753.016,0.0339444,3.73671,187.333,248.111,230.736
13.7143,194.571,99.3934,0.110371,1254.85,0.0204286,4.06383,148,231.286,183.581
12,193.333,107.323,0.0883,808.638,0.0229667,3.92317,150.333,232.333,177.023
6.5,138,47.9277,0.04705,267.875,0.04285,3.38555,135,235,199.619
10,206,141.664,0.0612,458.592,0.0329,3.6031,191,243,201.188
3.6,184.6,38.3688,0.0874,1086.96,0.03174,3.83062,174.8,244.8,226.818
3.57143,148,34.8588,0.0838143,923.974,0.0303571,3.82487,183.857,247.143,230.28
19,192.667,105.053,0.079,702.328,0.0264,3.8221,63.6667,224,155.316
4.07692,118.462,16.8894,0.0268846,157.754,0.132592,2.67339,194.308,246.692,238.876
5,213.6,58.3422,0.0983,1276.28,0.02728,3.93786,169.8,248.4,220.737
4.66667,125.4,24.244,0.0338867,195.288,0.0858733,2.98055,180.467,243.533,230.097
94,217,166.156,0.0369,148.729,0.0494,3.1681,187,203,192.613
10.6667,193.583,87.5609,0.104458,1168.55,0.0227,4.0255,154.083,235.333,193.314
4.57895,93.3684,17.7064,0.0278579,133.922,0.0960842,2.83795,202.737,246.105,237.827
96,218,167.148,0.0645,431.321,0.0308,3.6145,153,177,157.371
7.4,135,40.6617,0.06495,509.202,0.03311,3.66174,176.1,241.8,221.423
23.6667,186,100.889,0.0701,519.438,0.0282667,3.70497,155.667,224,181.309
12.4444,201,96.7109,0.0938778,973.706,0.0236889,3.95184,152.889,233.111,185.554
2.88,34.48,5.46508,0.006846,15.4275,0.340008,1.564,232.3,249.2,246.611
12,196,86.0371,0.109925,1328.9,0.020025,4.0942,155.25,232.75,192.392
21.25,195,109.061,0.058925,394.351,0.035425,3.5394,186.25,238.5,204.872
8.16667,209.5,87.9733,0.113217,1417.08,0.0202167,4.0862,159.667,239.5,198.023
2.33333,129.333,26.1263,0.0753667,838.781,0.0344333,3.71243,194.667,252.333,239.449
3.57143,122,25.8996,0.0608286,561.109,0.0519714,3.48879,196.286,248.286,236.048
4.94118,153.412,31.1622,0.0420647,298.496,0.0818824,3.12701,178.824,244.059,229.633
8.70588,159.765,55.4313,0.0664118,542.397,0.0359824,3.6336,156.353,236.824,207.693
5.88889,163.111,45.1614,0.0723556,670.671,0.0328944,3.71734,168.333,242.444,219.993
5.66667,122.185,30.8529,0.0493444,332.679,0.0509259,3.37614,183.63,242.259,227.173
7.375,164.938,61.8821,0.095925,1025.93,0.0231375,3.97178,168.625,241.375,211.014
6.4,153.4,57.5969,0.09996,1118.44,0.0217,4.01026,176.6,244.2,216.427
11.5,176.375,91.7842,0.0912,841.594,0.0232375,3.91548,149.25,233.5,186.871
5.5,167.833,50.2389,0.100833,1180.92,0.0239333,3.98658,173,245.167,220.191
3.66667,113.667,24.6243,0.0555333,432.275,0.0459667,3.46027,200,248,236.339
5.2,117.667,34.6237,0.0618467,478.059,0.0361067,3.6026,190.667,245.533,228.722
6.53333,161.333,55.2409,0.0787933,738.289,0.03362,3.77794,155.133,238.667,208.435
4.94118,84.7647,16.8169,0.0232882,95.9664,0.103971,2.70641,205.353,243.706,236.803
5,221,108.795,0.0732,616.262,0.0291,3.7508,23,238,148.994
29.25,192,123.1,0.06205,414.889,0.03205,3.6022,138,223.5,167.019
5.94444,143.833,41.6254,0.0745722,705.599,0.0344778,3.72149,181.111,244.889,225.156
58.5,178.5,120.428,0.046,224.331,0.04105,3.3468,185,216.5,193.996
4.5,152.25,29.4057,0.058975,533.945,0.060075,3.44021,182.375,246.5,232.202
5.63636,193.182,61.7798,0.0828545,856.187,0.0321455,3.79375,161.818,240.455,208.97
9.11111,179.444,73.9818,0.0774556,647.817,0.0269889,3.79649,147.667,234.556,193.127
7,140,45.8047,0.0689,522.458,0.0291,3.7042,107,241,202.422
8.28571,136.143,45.7344,0.0704714,564.764,0.0295286,3.72083,170.857,237.429,215.394
3.95455,60.0455,9.17347,0.0118545,36.5472,0.221723,2.03235,217.227,245.045,241.488
