3.76923,157.462,27.9862,0.0373308,257.021,0.102246,2.97748,177.538,244.231,230.285
8.12903,189.194,69.5892,0.105697,1298.85,0.0226,4.03034,165.387,241.581,208.286
5.5,135.885,35.419,0.0649308,566.574,0.0503077,3.56217,184.462,244.192,227.273
5.44,104.28,23.4363,0.04196,267.69,0.06818,3.18218,195.04,244.88,234.176
2.74194,40.4839,5.87463,0.00846452,21.4738,0.295381,1.73997,229.935,249.645,246.785
6.94737,143.947,45.9737,0.0703421,616.391,0.0441368,3.63639,180.789,243.211,222.311
6.4,209.267,77.6365,0.125407,1741.41,0.0188067,4.16797,163.6,243.867,207.471
10.75,175.583,85.6676,0.09055,835.805,0.0233583,3.914,151.833,234.583,191.133
8.85714,150.143,55.3287,0.0464,264.036,0.0436857,3.3682,96.4286,228.714,182.003
3.21212,57.4848,10.5044,0.0190303,65.7177,0.139509,2.49289,222.182,249.091,244.537
4.5,230.25,78.3086,0.159625,2790.55,0.015625,4.3305,166.25,245,209.498
12.1667,194.5,98.3704,0.0769,664.262,0.02725,3.798,55.1667,230.333,157.256
5.80769,167.615,52.4255,0.0904269,1019.75,0.0298115,3.88657,171.5,242.654,217.182
6.15385,182.923,59.1241,0.0883846,916.262,0.0265769,3.8877,168.538,243.538,214.11
4.53125,104.094,25.7037,0.0501656,341.605,0.0472375,3.40731,196.469,245.781,233.505
5.66667,136.7,33.4037,0.0461867,316.787,0.06637,3.26132,180.3,242.767,226.714
7.63158,157.211,47.3921,0.0654526,542.408,0.0400789,3.61073,157,238.158,212.614
5.5,166.278,48.9091,0.0883611,952.635,0.0320722,3.8622,170.389,243.5,219.396
30.75,190.812,113.978,0.0602125,401.07,0.0336437,3.57525,141.688,218.375,172.954
6.65385,155.885,48.1527,0.0827423,823.748,0.0286923,3.826,177.346,244.269,221.495
5.8,154.2,45.4951,0.08368,881.84,0.0290467,3.83117,177.533,246,223.589
8.21739,183.304,70.124,0.100983,1177.66,0.0294478,3.95178,164.739,240.217,206.595
9.25,178.333,68.3265,0.0780167,726.318,0.0332333,3.76241,155.083,237.375,202.707
9.42857,191.5,85.7592,0.0854643,795.53,0.0260429,3.86677,151.286,235.143,190.265
5.42105,91.1579,15.1164,0.0181526,74.2697,0.185153,2.34939,205.368,244.789,239.086
4.11628,94.1628,16.853,0.0289581,148.487,0.099686,2.84686,204.209,246.86,239.059
1.86207,3.93103,2.40841,0.000448276,0.125579,0.809066,0.332152,246.345,249.241,247.961
9.66667,200.067,85.0766,0.11718,1500.18,0.02226,4.09929,161.467,240.133,200.413
4.51852,90.3704,21.2788,0.0375444,211.793,0.0642741,3.13355,200.259,245.407,234.778
4.22727,121.318,20.2569,0.0319818,194.029,0.114523,2.84575,190,245.318,235.565
3.15,26.9,5.10156,0.0048,7.68874,0.397835,1.34231,234.75,248.15,245.92
12.2222,195.111,94.3544,0.0941611,957.777,0.0236778,3.94674,150.333,233.389,186.495
6.33333,183.259,54.9796,0.0700741,651.772,0.0474889,3.61241,161.296,240.37,212.484
5.67857,144.679,40.5292,0.0738643,695.387,0.0341536,3.71733,181.321,245.5,226.235
8.35714,180.464,68.9329,0.0967179,1075.06,0.0240643,3.96366,163.107,239.286,206.084
5.6,135.8,52.9344,0.04006,188.562,0.05694,3.18458,162.8,241.2,205.169
1.80952,19,3.06661,0.0038619,5.36013,0.437738,1.21889,242,251.619,249.762
1.35294,2.76471,1.69072,0.000441176,0.121082,0.813565,0.329382,249.235,252.529,250.929
4,71.8929,13.9441,0.0247643,108.651,0.104243,2.74251,212.5,245.75,239.677
3.95455,59.6818,9.31658,0.0123136,37.7547,0.211114,2.07453,217.727,245.136,241.518
0,0,0,0,0,0,0,0,0,0
62,184.75,131.44,0.0423,192.464,0.04475,3.27728,158.75,205.5,177.836
5.45652,144.435,34.2125,0.0514674,400.252,0.0705304,3.31847,180.478,243.543,227.207
5.46154,216.538,72.07,0.134254,2096.1,0.0233538,4.18493,165.615,245.769,212.14
7.14286,147.143,42.3124,0.062725,493.969,0.0361214,3.6099,172.536,241.75,220.413
15.1,176.9,85.3523,0.07073,547.098,0.02884,3.71463,155.9,231.9,190.803
7.16667,180.056,69.2585,0.0862111,878.252,0.0274111,3.86637,148,236.444,197.854
5.35,118.75,32.8873,0.060645,465.353,0.03676,3.58071,192.35,246.1,230.436
3.33333,11,4.26151,0.00161667,1.13542,0.616056,0.762878,242.611,247.444,246.132
5.4,153.9,45.5242,0.079105,767.09,0.03411,3.77046,178.2,245.15,222.978
