7.2931,167.31,61.7386,0.0852638,851.355,0.0274517,3.85579,163.241,240.534,208.63
2.53548,22.9226,4.49769,0.00479935,10.8445,0.504214,1.14176,237.968,249.355,247.207
5.77778,216.222,70.6133,0.133222,2088.5,0.0256778,4.16429,165.556,245.889,213.303
27.3684,187.158,106.506,0.0596526,397.293,0.0342053,3.56769,144.579,221.158,177.445
23.7692,161.769,76.9363,0.0433308,228.581,0.0501769,3.27737,126.846,224.692,186.834
5.35294,126.735,29.9276,0.0484588,345.32,0.0635333,3.30677,186.108,244.039,229.76
5.25,170.719,50.7726,0.0874781,930.505,0.0304781,3.85842,172.812,244.75,219.605
4,242,80.2071,0.16775,3095.85,0.01545,4.33565,162.5,242,205.412
6.7619,176.905,60.7591,0.0962952,1100.13,0.0257762,3.94824,166.381,242.048,212.411
7.97143,151.143,49.3469,0.0672071,565.476,0.0412843,3.62338,170.857,240.186,216.082
8.47368,193.842,69.3697,0.102605,1256.49,0.0289684,3.96308,165.105,241.842,209.027
7.66667,187.333,70.8763,0.12005,1572.97,0.0187833,4.16197,171.333,243.833,212.659
5,221,82.0225,0.150525,2394.92,0.015775,4.31648,168.75,247.25,209.463
6.3125,209.75,76.8955,0.12575,1771.25,0.0189375,4.16703,163.688,244.188,207.855
6.28788,166.53,53.3991,0.0719242,670.883,0.0430015,3.6568,161.091,241.424,212.415
12.3636,190.5,92.2319,0.0943364,947.735,0.0229773,3.95501,150.545,233.136,187.189
6.94872,172.59,60.2256,0.0923205,1027.06,0.0278974,3.91013,168.359,241.077,211.922
5.98333,137.917,37.3608,0.060085,470.71,0.0427967,3.54859,181.333,243.95,225.538
4.5,108.43,22.2334,0.03556,210.802,0.088083,3.00562,194.46,245.17,234.179
4.05607,76.2056,13.5646,0.0220925,93.7625,0.134936,2.58379,211.738,246.607,240.817
8.06349,167.143,59.0479,0.0806063,763.667,0.0299921,3.8011,165.746,240.794,211.694
8.16667,209.5,87.9733,0.113217,1417.08,0.0202167,4.0862,159.667,239.5,198.023
7.30769,182.538,64.8513,0.107031,1342.12,0.0221846,4.04699,167.385,242.077,210.787
9.47059,185.412,77.0257,0.103888,1181.57,0.0231412,4.01429,161,237.941,200.926
11.8,206,96.6664,0.11618,1515.24,0.02842,4.04132,150.2,235.6,188.382
