3.03004,39.1373,7.18423,0.00984206,33.3968,0.385714,1.59103,229.918,248.395,245.246
6.16447,110.408,26.0061,0.0352954,202.869,0.0848507,3.01151,190.539,243.816,231.131
7.63504,166.197,59.5216,0.0816956,792.687,0.0299226,3.81163,164.547,240.752,210.548
6.12,212.08,74.6339,0.12844,1885.46,0.021364,4.16604,164.36,244.8,209.817
8.57143,193.571,76.6289,0.113118,1440.86,0.0221571,4.07862,163.643,240.5,204.456
7.78095,176.686,65.1211,0.0917381,985.449,0.027219,3.90931,165.038,240.229,208.133
8.21477,137.208,41.7064,0.0527839,383.218,0.0549483,3.39956,180.121,241.221,222.147
4.66667,228,81.4173,0.156267,2628.56,0.0156667,4.32287,166.667,245.5,208.113
8.04167,186.312,69.4679,0.102027,1204.01,0.0259146,3.9855,164.479,241.042,207.733
6.97163,155.362,48.522,0.067773,588.052,0.0418475,3.62591,168.206,241.106,216.229
