2.38168,17.6412,3.78901,0.00336336,6.25449,0.559832,0.962834,240.618,249.687,247.82
5.27273,222.909,75.0828,0.139527,2221.36,0.0233273,4.20781,168.818,246.818,212.771
7.77273,173.159,62.2535,0.0926136,1022.64,0.0273159,3.91794,166.909,240.318,210.068
4.34426,105.197,20.8174,0.0342557,195.841,0.0880131,2.98517,195.541,245.361,234.894
5.17021,123.872,27.3617,0.041066,266.524,0.0770255,3.13621,186.745,244.213,230.877
5.96154,163.788,47.4406,0.0705827,655.686,0.04465,3.63449,171.288,242.288,218.758
12.1667,194.5,98.3704,0.0769,664.262,0.02725,3.798,55.1667,230.333,157.256
7.72222,192.278,73.1597,0.109394,1369.24,0.0215167,4.06034,164.333,240.667,205.724
6.26316,191.105,65.6108,0.102032,1259.7,0.0290105,3.9652,167.263,244.053,212.038
7.41935,177.677,65.8099,0.089021,922.056,0.0278387,3.88535,164.355,240.613,207.569
7.73913,167.13,62.6553,0.084713,826.367,0.0272203,3.84876,163.261,239.942,208.075
4,242,80.2071,0.16775,3095.85,0.01545,4.33565,162.5,242,205.412
6.7619,176.905,60.7591,0.0962952,1100.13,0.0257762,3.94824,166.381,242.048,212.411
6.54545,136.341,39.4003,0.0623,486.202,0.0360636,3.60617,179.159,243.091,223.495
6.38889,207.444,76.0015,0.126572,1793.4,0.0189222,4.17394,162.611,244.111,207.932
3.80769,63.5128,10.6687,0.0163795,57.2266,0.17876,2.30165,218.333,247.141,242.848
5.30769,141.346,33.413,0.0520942,402.459,0.0668423,3.34174,182.481,244.077,228.172
11.5556,187.389,79.7159,0.104367,1184.98,0.0230556,4.01359,159.556,236.389,199.104
30.0588,188.824,111.529,0.0598412,396.804,0.0337765,3.5717,141.118,218.706,173.34
5.09259,118.704,29.1083,0.0484926,331.671,0.0550944,3.34597,189.259,244.389,230.412
7.22642,163.623,55.0562,0.0774566,733.428,0.0336396,3.75787,169.264,242.283,215.012
8.01562,151.047,49.444,0.0667781,560.891,0.0422531,3.61361,170.344,240.016,215.763
28.9,166.5,86.1625,0.04319,219.88,0.04579,3.29736,118.2,220.4,180.052
9.54545,195.818,82.5991,0.118291,1546.73,0.0231636,4.10713,161.727,240.091,201.624
4.1129,85.0484,16.21,0.0266548,126.575,0.103387,2.78424,206.726,246.258,238.643
