9.08,186.28,84.4348,0.087272,826.887,0.025656,3.87984,145.04,234.24,189.141
4,65.2632,9.57154,0.0123579,40.4344,0.227647,2.04373,215.474,244.737,241.303
5.30769,112.308,33.7227,0.0622692,475.372,0.0343231,3.62296,194.231,246.154,229.997
5,105.455,26.7088,0.0500788,338.504,0.0470303,3.40663,194.758,244.879,232.184
9,194.348,72.8607,0.103374,1252.93,0.0274739,3.98104,163.609,241.13,206.6
5.33333,104.458,23.099,0.0417875,268.936,0.0692792,3.17406,195.583,245.167,234.624
1.85714,3.89286,2.41058,0.000428571,0.120689,0.815711,0.323175,246.286,249.179,247.896
1.85,18.2,3.06642,0.00365,4.84793,0.44958,1.19144,242.15,251.35,249.559
6.86667,146.767,41.0363,0.06193,488.105,0.03879,3.58657,172.9,242.267,221.641
2.82609,27.2174,4.69039,0.00508261,8.95398,0.38657,1.37157,236.13,249.261,247.215
9.54545,195.818,82.5991,0.118291,1546.73,0.0231636,4.10713,161.727,240.091,201.624
4,242,80.2071,0.16775,3095.85,0.01545,4.33565,162.5,242,205.412
7.75472,174.132,62.0683,0.0930547,1036.39,0.0272151,3.91838,166.755,240.453,210.274
6.38889,207.444,76.0015,0.126572,1793.4,0.0189222,4.17394,162.611,244.111,207.932
3.31034,58.6897,10.7402,0.0192448,67.5297,0.141379,2.49219,220.931,248.897,244.244
12.1667,194.5,98.3704,0.0769,664.262,0.02725,3.798,55.1667,230.333,157.256
5.84375,152.281,42.5884,0.0738781,696.319,0.0332906,3.72573,175.625,244,223.394
7.94,180.66,70.178,0.090838,934.27,0.027,3.90585,161.66,239.38,204.274
4.88889,138.852,31.1131,0.0446704,312.583,0.0708741,3.21779,181.852,244.148,229.153
9.09524,160.571,55.8525,0.0674952,540.852,0.0338905,3.66067,158,237.286,208.081
7.29167,178.25,65.7837,0.100696,1152.45,0.0245958,3.98653,165.708,241.042,209.303
7.5,154.5,54.7754,0.0442,245.99,0.04605,3.32285,68.25,226.75,173.815
4.87097,99.7097,21.5426,0.0374226,217.737,0.0728613,3.10167,196.032,244.613,234.348
3.64706,42.6471,6.90534,0.00694118,15.5725,0.334865,1.58503,225.706,247.059,243.933
4.24242,111.091,20.6836,0.0309455,172.909,0.103809,2.85985,193.758,245.152,234.407
22,187.167,107.799,0.0678667,496.19,0.0293833,3.67313,160.667,226.167,183.583
62,184.75,131.44,0.0423,192.464,0.04475,3.27728,158.75,205.5,177.836
56.5,203.5,128.027,0.0579,369.398,0.0346,3.5404,26.5,155,91.4043
4,87.8529,16.396,0.02885,142.877,0.0966,2.86039,206.912,247.647,239.944
0,0,0,0,0,0,0,0,0,0
7.29412,189.059,63.4129,0.0715118,640.635,0.0424471,3.64744,159.353,239.412,207.472
4.91667,133.917,32.7249,0.0637292,562.368,0.052775,3.53548,185.708,244.75,229.014
29.5455,186.818,112.499,0.0600545,396.498,0.0335273,3.57401,157.727,226.455,183.832
0,0,0,0,0,0,0,0,0,0
9.30769,178.423,68.7541,0.0782692,728.644,0.0326654,3.76927,155.154,237.192,202.385
2.52381,41.0476,6.52679,0.0118714,31.9663,0.207929,2.07846,231.429,250.667,247.31
0,0,0,0,0,0,0,0,0,0
3.35294,10.7647,4.28746,0.00152353,1.03211,0.627212,0.736382,242.588,247.353,246.023
4.52941,152.471,36.9867,0.0397176,247.531,0.0867118,3.07992,169.059,242.765,221.218
3.70833,70.1667,13.5265,0.0245292,106.714,0.105833,2.7331,213.708,245.917,239.991
5.26316,90.4737,14.9564,0.0186737,77.8879,0.172742,2.39258,204.895,244.579,238.885
1.38889,2.88889,1.72722,0.000472222,0.128939,0.802978,0.3435,249.167,252.444,250.867
4.67742,130.774,30.004,0.0525323,412.146,0.0687097,3.34444,188.161,245.194,230.95
8.16667,157.056,55.3839,0.0691833,589.784,0.0396778,3.64843,166.833,239.833,213.247
6.06061,155.939,48.2931,0.0811061,785.142,0.0311636,3.80156,175.697,243.758,220.263
4.875,141.25,33.9499,0.0681875,646.646,0.0588437,3.53873,187.438,246.812,230.738
7.30435,157.87,42.2918,0.0520565,381.191,0.0589826,3.37136,170,240.391,219.269
6.34211,160.868,49.6715,0.0829053,861.681,0.0296684,3.82179,174.184,244.447,219.775
5.27273,222.909,75.0828,0.139527,2221.36,0.0233273,4.20781,168.818,246.818,212.771
7.72222,192.278,73.1597,0.109394,1369.24,0.0215167,4.06034,164.333,240.667,205.724
