7,185.615,61.1049,0.0700692,627.599,0.0441462,3.63317,152.692,239,206.049
3.9,86.05,18.3623,0.032675,174.695,0.093275,2.94492,208.45,246.65,237.81
62,184.75,131.44,0.0423,192.464,0.04475,3.27728,158.75,205.5,177.836
8.85714,150.143,55.3287,0.0464,264.036,0.0436857,3.3682,96.4286,228.714,182.003
10.4815,166.519,63.0958,0.0674481,542.375,0.0363074,3.64497,155.111,235.444,203.07
4.25,117.125,20.2534,0.0279,156.581,0.12215,2.73269,191.625,245.5,234.926
5.30769,141.346,33.413,0.0520942,402.459,0.0668423,3.34174,182.481,244.077,228.172
8.57143,189.762,72.4006,0.104176,1253.62,0.0258286,3.99601,163.619,240.238,205.572
2.11765,39.9412,5.08158,0.00940588,24.938,0.261459,1.84534,231.824,251.118,248.178
7.6875,144.5,47.2559,0.0703937,602.237,0.0356813,3.67961,178.75,241.5,220.288
4.92308,97.7308,21.8133,0.0376692,219.375,0.07325,3.106,196.885,244.846,234.4
3,26.5,4.90078,0.004885,7.58791,0.38418,1.36619,236.4,249,246.945
8.35,197.5,79.143,0.11494,1482.66,0.02207,4.09164,163.05,241.2,203.998
5.09524,89.4762,16.5487,0.0217952,90.6827,0.130857,2.59392,203.952,244.238,237.579
2.375,42.75,8.09181,0.01745,52.2724,0.122163,2.49721,232.375,251.125,247.588
3,63.3333,11.4704,0.02495,114.892,0.110417,2.7251,217.583,247.75,242.237
5.28571,142.571,40.2693,0.0814429,850.295,0.0297,3.81324,180.857,246.786,226.447
4.25,68.95,12.627,0.02037,76.0825,0.139555,2.52866,217.35,246.6,241.665
5.11538,165.385,42.4654,0.0693654,666.277,0.0514769,3.58865,172.462,243.885,222.998
8.35294,178.765,75.4929,0.0869118,810.247,0.0255412,3.8764,155.176,236.824,197.527
5.96,156.6,46.9361,0.08096,788.25,0.032316,3.79462,177.04,243.68,221.541
4.55556,92.4444,17.6944,0.0279,133.825,0.0960833,2.83817,203.389,246.5,238.133
4.89474,132.895,30.3378,0.0357,205.831,0.0854895,3.01105,176.842,243.263,226.343
8,178.056,74.3895,0.0886111,882.524,0.0251111,3.90112,147.278,235.5,194.545
5.25806,167.032,49.9351,0.0882839,945.592,0.0306613,3.86603,172.323,243.871,219.315
2.08696,17.7391,3.31013,0.0036,4.57773,0.444609,1.19249,242.043,250.826,249.075
12.3333,199.667,112.352,0.0887333,816.908,0.0231167,3.91825,139.333,231.5,172.768
13.4,204,106.55,0.07668,667.902,0.02748,3.79358,47.4,229.6,152.787
5.33333,104.458,23.099,0.0417875,268.936,0.0692792,3.17406,195.583,245.167,234.624
5.07692,151.654,32.0983,0.0421615,294.257,0.0840423,3.12538,179,243.423,228.433
7.25,176.7,54.3559,0.083475,866.615,0.03016,3.81813,170.85,243.65,217.406
2.33333,69.8333,12.3216,0.0310167,145.122,0.0691167,3.01538,217.667,250.333,244.348
1.56098,3.26829,2.0162,0.000434146,0.119924,0.815239,0.323434,247.707,250.854,249.386
4.13333,56.6667,9.29036,0.0116467,32.295,0.212313,2.04847,219.2,245.2,241.473
10.8846,189.154,88.6611,0.0947346,971.651,0.0233,3.95729,152.154,234.154,189.827
4.875,227,79.3155,0.15285,2521.44,0.0159125,4.31521,167.375,246.125,210.047
7.34615,174.788,59.8782,0.0946423,1071.5,0.0269462,3.92989,168.923,241.904,213.362
4.88372,110.674,27.1782,0.049207,334.763,0.0506581,3.37638,192.302,244.953,231.709
6.17391,211.043,74.7751,0.127209,1858.1,0.0217739,4.15507,163.913,244.522,209.292
6.8,178.133,58.6547,0.0774667,737.81,0.0367667,3.73553,151.467,238.8,206.852
15.4444,190.778,95.4301,0.0806556,699.477,0.0257778,3.8247,157,231.222,187.296
6.45238,135.571,38.9765,0.0623238,485.225,0.0359881,3.60853,179.571,243.31,223.95
5,127.833,36.6465,0.0748917,688.968,0.030875,3.75205,189.083,246.167,228.945
4.27273,77.1818,10.3508,0.0130455,48.0867,0.244336,2.03315,212.364,245.364,241.812
30.75,190.812,113.978,0.0602125,401.07,0.0336437,3.57525,141.688,218.375,172.954
3.64286,38.2857,6.70425,0.00650714,14.5488,0.365929,1.51509,227.429,247.143,244.224
3.10526,8.73684,3.89495,0.000989474,0.526311,0.699837,0.573221,243.421,247.316,246.144
6.44444,150.278,46.8804,0.0768444,728.764,0.0311444,3.76048,174.833,245.278,221.789
5.48148,135.852,34.7073,0.064237,560.017,0.0500889,3.55487,183.778,244.148,227.497
2.71429,53.8571,9.32478,0.0178286,63.8539,0.159464,2.39822,219.571,248.929,244.546
