1.85714,3.89286,2.41058,0.000428571,0.120689,0.815711,0.323175,246.286,249.179,247.896
6.62791,136.605,39.2409,0.0623395,487.943,0.0361349,3.60705,179.302,243.256,223.899
3.86957,131.043,27.1765,0.0520913,420.005,0.0638217,3.34241,193.609,247.478,235.221
13.4,156.6,67.5703,0.04342,231.284,0.04634,3.30776,70.2,218.6,165.2
1.86364,19.0909,3.15485,0.00397727,5.48069,0.42925,1.24104,241.818,251.5,249.614
4.52941,140.647,29.4733,0.0371824,244.681,0.0970294,2.98535,181.588,244,228.968
4.83333,97.4583,17.901,0.02745,136.34,0.101617,2.80518,199.875,245.417,237.232
5.4,143,40.7511,0.0818267,848.21,0.0293933,3.81884,180.6,246.533,226.01
4.0625,76.8125,14.8494,0.0235688,98.0867,0.104744,2.70901,210.188,244.5,238.41
5.25926,137.963,36.874,0.072137,670.678,0.0404593,3.67327,185.926,245.556,228.286
6.14286,142.571,40.0823,0.0658119,573.483,0.0474548,3.58075,178,242.69,223.521
5.37037,166.259,48.1816,0.0879185,947.384,0.0316185,3.85589,173.148,244.222,220.801
4.625,72.375,12.8098,0.0189875,68.894,0.14895,2.4684,217.125,247,242.196
11.3043,167.261,66.8038,0.0687565,538.492,0.0321565,3.6781,155.696,234.87,200.957
5.09677,106.129,27.106,0.0502774,340.351,0.0469323,3.41041,193.935,244.581,231.68
7.83333,140.333,43.6434,0.0559083,389.693,0.0394833,3.51467,173.292,239.708,218.587
2.7,49.75,9.60371,0.019275,65.2517,0.126395,2.53366,224.2,249.5,245.083
10.0952,186.143,83.1477,0.0950429,992.728,0.0231476,3.96519,153.19,234.524,192.09
4.5,230.25,78.3086,0.159625,2790.55,0.015625,4.3305,166.25,245,209.498
4.88889,138.852,31.1131,0.0446704,312.583,0.0708741,3.21779,181.852,244.148,229.153
7.63636,193.909,73.7852,0.109282,1384.65,0.0234136,4.04621,162.591,241.045,205.277
3.45455,62.5455,12.5067,0.0261636,119.427,0.104491,2.77925,216.636,247.636,241.811
7.33333,173.708,55.8454,0.0831042,862.209,0.0301333,3.8135,162.208,241.542,212.756
4.35294,89.0588,19.8955,0.0334176,174.274,0.0814471,2.99694,206.706,245.824,236.321
70.3333,191.333,135.671,0.0429667,199.131,0.0438333,3.28723,185.667,212,193.535
9.69565,186.652,86.9161,0.0874913,810.154,0.0250304,3.88489,149.696,234.478,189.045
6.97778,174.289,58.7879,0.0937422,1064.45,0.0277356,3.91853,169.889,242.356,214.312
12.1667,194.5,98.3704,0.0769,664.262,0.02725,3.798,55.1667,230.333,157.256
3.25,176.375,27.7671,0.04305,386.994,0.145612,2.90776,171.875,244.875,229.222
8.81081,189.541,72.0944,0.10293,1219.19,0.0262135,3.98484,163.351,240.243,205.904
3.33333,11,4.26151,0.00161667,1.13542,0.616056,0.762878,242.611,247.444,246.132
4.83333,97.3667,21.6619,0.0377933,219.464,0.0724733,3.11039,195.8,244.233,233.799
5.71429,217.286,73.5279,0.134129,2081.41,0.0228714,4.18927,165.571,245.143,211.24
7.80952,201.19,79.4262,0.12381,1671.79,0.0188,4.1622,164.857,243,206.137
1.38889,2.88889,1.72722,0.000472222,0.128939,0.802978,0.3435,249.167,252.444,250.867
5.2,100.8,23.2779,0.043515,277.662,0.06317,3.23568,200.2,246.7,236.265
8.25714,169.4,60.4266,0.0773686,727.177,0.03294,3.75693,161.714,240.2,209.689
2.52174,38.4348,5.66271,0.00890435,22.8196,0.28133,1.78929,231.87,250.522,247.532
3.82353,60.4706,9.36351,0.0128118,41.4985,0.212371,2.09712,217.529,245.412,241.907
3.69231,48.8462,7.37861,0.00851538,20.8426,0.290715,1.74155,222.692,246.462,243.328
4.15789,126.263,23.9762,0.0311526,176.79,0.107453,2.84749,184.474,245.632,231.96
7.5,156,44.3249,0.0455167,279.89,0.0553167,3.29922,148.667,237.167,208.689
5.5,95.5,16.4504,0.01986,82.455,0.15539,2.47527,202.2,244.4,237.7
4.4,92.8,10.1992,0.01162,50.9758,0.3059,1.84386,206.4,246.8,243.262
6.68966,182.724,56.7934,0.0704621,651.412,0.0461069,3.62508,160.655,239.793,211.102
5.82143,155,46.2698,0.08055,784.031,0.0320857,3.79151,177.821,244.464,222.525
8.84,184.52,81.0503,0.09176,908.413,0.023628,3.93576,156.52,237.04,196.08
32.4667,190.867,117.764,0.06044,401.908,0.0332333,3.57847,142.133,217.2,171.463
3.15789,27.2105,5.1065,0.00471579,7.67171,0.405563,1.32317,234.579,248.105,245.89
1.625,76,10.1426,0.02865,152.583,0.111038,2.81874,217.25,251.25,245.805
