18.5,181.167,97.9805,0.0596833,392.958,0.0341083,3.57042,166.333,235,193.913
3.70588,97.1176,22.315,0.0480118,331.096,0.0521882,3.35278,203,247.882,237.12
13.75,190.667,91.2087,0.0798167,708.23,0.028,3.80279,152.833,232.333,188.331
3.96,64.6,12.2969,0.020384,73.1263,0.13208,2.55255,217.24,246.8,241.669
2.06667,16.6,3.20418,0.00346667,4.06085,0.447853,1.17593,242.333,250.267,248.668
7.5,154.5,54.7754,0.0442,245.99,0.04605,3.32285,68.25,226.75,173.815
2.33333,46.0833,8.09733,0.01795,60.8993,0.139617,2.46242,227.417,250.75,247.186
1.76923,4.07692,2.33835,0.000507692,0.144231,0.789385,0.359662,247.538,250.385,249.253
5.19048,173.048,47.8149,0.0864952,927.575,0.0327571,3.83642,176.381,246.905,223.827
4.28571,126.071,29.7642,0.0633857,568.376,0.0530857,3.52413,188.929,244.786,230.348
3.14286,147.857,18.2511,0.0390714,323.855,0.104786,2.97279,183.286,247.571,238.049
6.14286,131.857,37.8331,0.0418571,245.1,0.0648,3.20541,176.571,241.857,222.258
5,141.385,39.0123,0.0788923,768.868,0.0317615,3.76786,184.231,246.538,227.877
4.61538,88.9231,20.454,0.0377308,211.294,0.0626308,3.14248,203.692,246.692,237.228
10.4375,186.438,94.4143,0.088925,815.058,0.0237375,3.90225,146.438,233,183.215
1.72727,23.4545,3.19569,0.00450909,7.4481,0.4232,1.29467,240.818,253.091,250.806
13.4,204,106.55,0.07668,667.902,0.02748,3.79358,47.4,229.6,152.787
6.58333,120.333,33.2513,0.0530083,362.988,0.0429583,3.462,183.833,241.917,226.164
62,184.75,131.44,0.0423,192.464,0.04475,3.27728,158.75,205.5,177.836
10,169.5,70.7728,0.098,1009.52,0.0219833,3.992,149.833,234.333,195.706
0,0,0,0,0,0,0,0,0,0
6.38889,207.444,76.0015,0.126572,1793.4,0.0189222,4.17394,162.611,244.111,207.932
3.55556,131.889,15.1984,0.0283222,187.508,0.144611,2.65337,193.444,249.556,242.389
4.22222,114.778,22.4058,0.0291889,155.458,0.104011,2.81246,190.667,244.778,232.749
1.71429,3.07143,2.14369,0.000321429,0.0842357,0.855786,0.258621,246.214,249.286,247.707
6.05263,146.789,44.3082,0.0828421,858.818,0.0289684,3.82706,179.684,245.842,224.104
12.5,162.5,63.917,0.054,329.855,0.036525,3.50787,162.75,233.25,202.871
4,121.333,16.1302,0.0238333,132.417,0.158833,2.53943,205.333,248.333,242.13
4.76471,104.059,21.9674,0.0375353,228.141,0.0820882,3.06852,190.353,242.765,231.731
4.18182,159.364,40.6381,0.0863909,1024.79,0.0321818,3.831,181,246.818,227.797
4.75,63,15.5547,0.028175,124.659,0.082675,2.90023,211,242.75,235.897
5.58333,94.0833,25.1878,0.0449083,271.26,0.0504333,3.31583,204.333,247.25,236.192
5.66667,179.2,52.9836,0.10002,1237.98,0.0310067,3.93678,173.867,246.467,220.924
8.53846,156.385,49.4606,0.0630692,482.116,0.0346769,3.62062,165.231,238.846,214.157
3.46154,81.7692,15.2482,0.0304923,160.08,0.100823,2.88509,213.308,249.231,242.095
5.25,125.125,34.5415,0.0364375,190.114,0.06815,3.0962,169.25,240.125,218.355
0,0,0,0,0,0,0,0,0,0
0,0,0,0,0,0,0,0,0,0
8.72727,162.091,56.43,0.0672727,544.657,0.0344727,3.6532,155.136,237.091,207.061
6,100.857,21.2467,0.0292,136.475,0.0809286,2.91637,194.571,244.714,235.343
6.03704,127.63,34.3672,0.0546593,401.647,0.0455667,3.46394,182.815,242.111,225.788
7.72222,192.278,73.1597,0.109394,1369.24,0.0215167,4.06034,164.333,240.667,205.724
3.625,164.375,26.4097,0.0460938,406.206,0.115331,3.06802,181.5,247.188,234.379
3.5,49.6,6.71524,0.00716,17.4875,0.32942,1.59131,221.9,246.4,243.551
3.45455,11.9091,4.4407,0.00158182,1.05605,0.614927,0.761327,241.909,247.273,245.919
3.75,84.8333,15.3141,0.027925,132.229,0.08775,2.86729,206.583,247,239.48
2.73333,42.3333,6.85703,0.0116333,29.8508,0.1989,2.08524,230.667,249.867,246.391
58.25,201.75,132.822,0.059225,387.406,0.033825,3.55638,74.75,177.25,123.722
3,169.714,24.1568,0.0345857,257.683,0.129114,2.8161,180.286,245.429,234.255
5.125,141.625,31.6514,0.0433375,290.238,0.0614375,3.24074,181.625,245.5,229.936
5.66667,150.704,41.6881,0.0733,690.032,0.0342519,3.71831,176.815,244.296,223.989
7,138,49.5469,0.0533,314.685,0.0373667,3.48573,186,242.667,220.113
6.72727,179.273,66.9993,0.0860409,875.666,0.0272636,3.86568,152,238.045,201.502
0,0,0,0,0,0,0,0,0,0
5.85714,159.429,54.3326,0.0917571,990.263,0.0240714,3.95707,169.143,240,213.79
6.66667,168.222,62.0022,0.1004,1132.9,0.0216222,4.01862,164.222,242.333,211.704
0,0,0,0,0,0,0,0,0,0
7.41667,172.333,66.7819,0.092625,943.179,0.0235667,3.9428,157.917,236.417,202.274
2.9,6.6,3.60118,0.00075,0.31208,0.73828,0.4806,244.3,247.1,246.085
6.2,168.64,52.7077,0.0777,739.708,0.03586,3.75225,163.68,242.24,214.823
11.4,206,89.0645,0.10651,1259.36,0.0229,4.02032,153.7,236.2,193.996
0,0,0,0,0,0,0,0,0,0
9.54545,195.818,82.5991,0.118291,1546.73,0.0231636,4.10713,161.727,240.091,201.624
0,0,0,0,0,0,0,0,0,0
11.5,193.3,88.882,0.10508,1178.28,0.02299,4.02387,156.5,234.6,192.524
12.5833,196.5,98.848,0.0940167,941.69,0.0236833,3.93873,151,233.417,184.951
3.33333,26.5333,5.18671,0.00438667,6.56889,0.39288,1.32024,234.267,247.4,245.265
2.92857,35.5714,5.71987,0.00732143,17.5872,0.340993,1.59729,232.071,249.929,247.225
6.25,126.25,42.8682,0.045775,285.509,0.065125,3.2724,149.5,236.25,206.99
4,242,80.2071,0.16775,3095.85,0.01545,4.33565,162.5,242,205.412
5,76.8,11.4336,0.01282,42.085,0.2277,2.07128,206.8,242.2,238.53
1.21429,2.71429,1.58956,0.000478571,0.133043,0.7987,0.354607,249.357,252.857,251.187
0,0,0,0,0,0,0,0,0,0
0,0,0,0,0,0,0,0,0,0
0,0,0,0,0,0,0,0,0,0
0,0,0,0,0,0,0,0,0,0
12.6,205.4,99.4899,0.0951,1011.05,0.02424,3.946,153,234.8,185.828
5.5,120.571,29.2344,0.0487286,328.442,0.0521714,3.36865,182.214,241.643,227.359
5.90476,184.19,53.9334,0.068419,643.666,0.0528429,3.56439,158.714,240.524,212.237
0,0,0,0,0,0,0,0,0,0
5.27273,222.909,75.0828,0.139527,2221.36,0.0233273,4.20781,168.818,246.818,212.771
6.3,179.9,57.9145,0.09254,1042.54,0.03182,3.88149,170.8,243.9,216.236
0,0,0,0,0,0,0,0,0,0
7.66667,154.619,51.45,0.0686524,586.386,0.0465667,3.61626,173.048,241.333,217.241
2.5,180.667,35.7064,0.0865,1097.83,0.0359833,3.79067,183.667,248.5,232.129
5,130.727,33.9606,0.0703182,640.694,0.0482909,3.61928,191.091,247.273,231.258
7.52,169.12,56.3392,0.083404,811.532,0.028408,3.83394,169.2,241.48,214.551
6.38889,136.833,36.0039,0.0633056,517.789,0.0363833,3.61986,179,243.722,225.524
4.3,88.2,20.9816,0.03483,181.409,0.07338,3.05728,205.4,244.3,233.959
24,191.8,115.117,0.0681,497.333,0.02906,3.67942,162.2,225.8,182.183
11.4615,180.538,78.5793,0.0995462,1068.55,0.0216231,4.01103,157.769,235.231,197.771
0,0,0,0,0,0,0,0,0,0
0,0,0,0,0,0,0,0,0,0
5.52381,123.143,34.3677,0.0609857,467.467,0.0366143,3.58349,190.619,245.905,229.67
2.44444,63.7778,10.3246,0.0241778,112.653,0.117844,2.68123,219.667,250.111,244.911
4.94118,87.4706,17.1675,0.0231706,95.1858,0.105694,2.69827,204,243.706,236.629
5.11111,91.8889,12.694,0.0156333,66.9607,0.228167,2.1619,210.333,246.778,242.469
4.75,117.125,19.334,0.0374875,274.371,0.102025,2.95799,186.875,243.875,234.839
0,0,0,0,0,0,0,0,0,0
3.53846,59.6154,8.70342,0.0121692,40.8481,0.228046,2.03456,219,246.462,243.038
