28.9,166.5,86.1625,0.04319,219.88,0.04579,3.29736,118.2,220.4,180.052
0,0,0,0,0,0,0,0,0,0
3.92405,65.5063,11.0934,0.0170709,61.098,0.169305,2.34747,217.405,246.835,242.4
7.74576,150.136,48.3316,0.0668712,565.979,0.0430678,3.61045,172.119,240.356,216.801
6.80435,164.957,53.4299,0.0772,738.731,0.0347196,3.7478,167.63,242.457,215.594
4.07143,88.2571,16.722,0.0279014,136.389,0.0988914,2.82675,205.4,246.343,238.469
7.22951,174.902,61.9,0.0949984,1067.82,0.0266213,3.93556,167.197,241.115,211.191
7.62069,203.207,78.0989,0.124048,1718.17,0.0204862,4.15026,162.621,242.793,206.148
0,0,0,0,0,0,0,0,0,0
2.38519,18.6,3.84187,0.00351481,6.77507,0.552152,0.98545,240.17,249.689,247.784
4.93478,134.826,30.2492,0.0521022,405.841,0.0687696,3.33733,186.196,244.87,230.546
4.66667,226.833,75.7165,0.144517,2383.7,0.0225583,4.22635,167.833,246.417,211.864
0,0,0,0,0,0,0,0,0,0
8.36,191.92,72.3453,0.105508,1289.01,0.024996,4.01083,164.02,240.76,206.221
9.26923,187.808,86.1629,0.0876192,816.89,0.0249308,3.8886,150.692,234.923,189.894
6.81132,157.887,50.2807,0.082966,840.871,0.0289698,3.8241,170.585,243.075,218.086
11.3158,167.947,65.1051,0.0559474,378.055,0.0402737,3.49801,164.789,237.737,206.652
5.04,120.147,27.6453,0.0462627,313.887,0.0610347,3.2852,188.307,244.507,231.005
5.18421,147.974,38.4367,0.0710711,670.357,0.0441974,3.64464,179.947,244.605,226.052
42.5556,201.556,135.995,0.0606222,407.95,0.0333333,3.57721,126.444,205.444,155.948
8.03226,178.565,68.59,0.0906677,939.801,0.0267726,3.90736,162.806,239.532,205.217
8.5,190.4,69.0543,0.072455,646.264,0.040155,3.6721,157.35,237.4,202.967
4.55714,110.871,23.3572,0.0363814,218.339,0.0870357,3.02397,192.2,244.786,233.086
7.06122,139.816,41.9538,0.0628714,491.029,0.0356224,3.61376,175.755,242.327,221.354
12.1667,194.5,98.3704,0.0769,664.262,0.02725,3.798,55.1667,230.333,157.256
