2.59375,24.75,4.2721,0.00454687,7.34297,0.412159,1.30388,237.375,249.688,247.573
5.23529,118.294,34.3433,0.0617118,476.3,0.0360176,3.60091,191.176,245.882,229.212
70.3333,191.333,135.671,0.0429667,199.131,0.0438333,3.28723,185.667,212,193.535
5.64706,172.765,55.8837,0.0883235,915.516,0.0268529,3.8827,173.412,244.118,216.635
6.08333,137.222,39.5053,0.0670056,581.925,0.046525,3.59621,183.5,243.583,225.162
3.5,61.8333,11.3405,0.0201767,73.6854,0.13425,2.53862,217.933,247.533,242.67
4.72727,105.485,25.9711,0.0497091,337.153,0.0478182,3.40027,195.788,245.364,233.021
2.93939,41.9394,6.10914,0.00822424,20.617,0.303461,1.71106,228.424,249.091,246.066
5,125.364,28.4844,0.0424091,295.59,0.0755818,3.1673,173.273,241.273,225.262
6.09302,169.698,49.4146,0.0701605,651.513,0.0472698,3.61482,167.023,241.86,216.918
1.67391,3.5,2.14318,0.000445652,0.123917,0.810728,0.331128,247.413,250.457,249.058
8.48148,179.444,67.081,0.0967704,1076.59,0.0240926,3.96403,163.667,239.444,207.27
13.4,156.6,67.5703,0.04342,231.284,0.04634,3.30776,70.2,218.6,165.2
5.46154,216.538,72.07,0.134254,2096.1,0.0233538,4.18493,165.615,245.769,212.14
4.04348,86.1304,18.2274,0.0322609,169.3,0.0894826,2.95408,209.174,246.957,238.327
7.39286,145.286,42.6717,0.0636393,506.668,0.0355036,3.62474,173.179,241.571,220.383
4.5,230.25,78.3086,0.159625,2790.55,0.015625,4.3305,166.25,245,209.498
4.26087,120.261,19.2709,0.0281391,161.345,0.12073,2.73955,191.13,246.13,236.521
32.4667,190.867,117.764,0.06044,401.908,0.0332333,3.57847,142.133,217.2,171.463
5.52941,91.5294,16.3594,0.0203353,83.5309,0.144835,2.51134,204.588,244.235,237.941
6.63158,145.053,38.1598,0.0478316,325.042,0.0631421,3.29312,178.421,242.158,223.822
2.81481,12.6296,3.85851,0.0023,2.10772,0.550663,0.917456,242.741,248.556,247.122
6.5,155.462,47.1944,0.0822769,853.877,0.0299808,3.8133,177.692,245.577,222.774
13.4,204,106.55,0.07668,667.902,0.02748,3.79358,47.4,229.6,152.787
5.87097,156.548,47.065,0.0809903,786.455,0.0314903,3.79836,176.645,244.194,221.644
5.41667,156.417,36.0068,0.0560417,444.397,0.0463667,3.4785,175.083,243.5,225.635
5.2,128.2,37.1363,0.03819,205.343,0.06738,3.1285,170.5,241,218.385
0,0,0,0,0,0,0,0,0,0
6.4375,149,38.9791,0.0527906,390.642,0.0659125,3.36451,175.25,241.844,222.884
2.95,50.7,8.45234,0.014535,46.1117,0.1833,2.23811,225.65,248.8,245.235
3.28571,120.714,22.9724,0.0499714,412.774,0.0744143,3.25913,196.714,247.929,237.326
11.8421,195.789,95.648,0.0942211,961.788,0.0236579,3.9471,150.211,233.474,185.84
9.65,187.3,89.6221,0.08761,808.725,0.024885,3.88867,148.4,234,186.998
5.47826,103.826,23.578,0.0420522,268.182,0.0678304,3.18545,196,245.348,234.614
0,0,0,0,0,0,0,0,0,0
6.4,209.267,77.6365,0.125407,1741.41,0.0188067,4.16797,163.6,243.867,207.471
5.93333,170.667,49.4206,0.08836,950.437,0.0330933,3.85389,167.133,243.4,218.643
9.66667,200.067,85.0766,0.11718,1500.18,0.02226,4.09929,161.467,240.133,200.413
3.77143,78.1429,14.9075,0.0267429,123.038,0.0975171,2.81111,209.771,246.857,239.802
4.82143,97.3929,21.399,0.0375179,218.35,0.0739357,3.09899,197.571,245.071,234.823
10.48,166.32,62.8538,0.067556,546.43,0.036516,3.64638,154.68,235.64,203.246
0,0,0,0,0,0,0,0,0,0
8.09091,178.909,70.4682,0.0871045,874.375,0.0267273,3.87626,150.909,236.682,198.584
0,0,0,0,0,0,0,0,0,0
7.74468,162.468,56.3959,0.0770426,719.038,0.0320787,3.76281,166.234,240.872,212.585
8.21739,183.304,70.124,0.100983,1177.66,0.0294478,3.95178,164.739,240.217,206.595
5.67857,166.857,52.0227,0.090375,1017.21,0.0294643,3.88965,172.071,242.786,217.541
8.12903,189.194,69.5892,0.105697,1298.85,0.0226,4.03034,165.387,241.581,208.286
4,160.077,29.9937,0.0380692,259.083,0.0961769,3.01337,175.692,244,228.754
4.69231,74.8462,10.7329,0.0132538,45.2747,0.219546,2.0991,212.769,244.538,241.002
