7.46667,202.933,77.277,0.124293,1729.81,0.02044,4.15144,162.8,243.033,206.73
5.72143,101.214,22.9039,0.032295,174.456,0.089855,2.9393,196.65,244.414,233.7
7.54386,170.728,63.623,0.0861807,857.532,0.0269132,3.86488,164.368,240.544,208.337
2.91121,35.4907,6.44152,0.0085514,27.0414,0.410781,1.4894,231.935,248.72,245.892
4.81818,229.727,77.7415,0.145709,2412.43,0.0228727,4.23005,167.818,246.091,210.796
8.37931,147.138,48.0433,0.0644457,523.014,0.0401362,3.6025,173.991,240.733,217.954
8.23636,190.545,72.5033,0.105427,1277.39,0.0245745,4.01479,163.764,240.6,205.819
7.50336,134.792,37.8617,0.0488611,343.556,0.0623094,3.31526,178.812,241.369,223.154
6.93694,165.378,53.8982,0.0741279,691.72,0.0384775,3.70111,163.874,241.586,213.545
7.69048,175.869,63.2499,0.093175,1029.16,0.0276667,3.91792,165.357,240.19,209.35
