4.84211,162.632,44.9718,0.0885368,1019.85,0.0289684,3.88106,178.158,245,223.86
4.58824,112.412,21.0588,0.0282118,146.947,0.108506,2.78517,194.353,245.294,234.975
5,127.833,36.6465,0.0748917,688.968,0.030875,3.75205,189.083,246.167,228.945
5.0625,79.4375,12.8958,0.01755,66.1805,0.171337,2.36902,214.188,246.312,241.805
7,144.182,47.6003,0.0840818,817.65,0.0269227,3.84695,179.636,244.5,221.899
10.0769,200.769,86.9751,0.118631,1529.67,0.0223538,4.11429,161.615,239.769,199.692
6.10526,138.316,39.2163,0.0665289,576.829,0.0461368,3.59464,182.947,243.553,225.3
7.36842,180.842,59.9459,0.0830947,817.446,0.0293842,3.82149,164.474,240.474,211.378
2.73684,40.3684,6.24281,0.0100632,25.854,0.238958,1.93042,230.579,249.842,246.687
4.80769,116.846,27.6585,0.0482288,331.649,0.0558962,3.33884,189.942,244.75,231.281
5.38462,162.385,42.6662,0.0710038,664.413,0.0413038,3.66231,172.115,243,221.911
5.2,124.9,38.1887,0.03801,201.622,0.06875,3.12401,168.8,240.4,216.441
6.15789,161.737,46.3271,0.0832053,884.185,0.0298684,3.82013,176.421,245.842,223.039
3.94444,64.3889,9.4618,0.01235,41.1917,0.22795,2.04476,215.611,245.278,241.786
2.76471,55.1765,10.1563,0.0195882,69.5711,0.142365,2.49708,219.882,249.176,244.275
3.95455,85.4091,18.1246,0.0324455,170.458,0.0895682,2.95825,209.182,246.955,238.28
7.44444,176.778,72.4659,0.0878111,880.186,0.0253444,3.89671,147.5,235.944,195.865
3.2381,9.80952,4.09338,0.00133333,0.865671,0.65649,0.669852,243.048,247.333,246.09
4.67857,96.3929,21.3439,0.0377429,220.084,0.0734786,3.10478,198.036,245.286,235.025
2.25,210.5,35.9746,0.052025,643.86,0.12825,2.97997,170.75,250.5,233.589
5.27273,222.909,75.0828,0.139527,2221.36,0.0233273,4.20781,168.818,246.818,212.771
3.25,29.9583,5.56087,0.005425,10.1431,0.381308,1.41002,233.375,248.083,245.646
5,137.25,33.8247,0.0574042,451.217,0.0436542,3.50475,184.708,245.208,228.773
3.44444,51.1111,6.49176,0.00686667,16.7713,0.339778,1.55187,221.889,247,244.178
5.48148,108.667,24.0194,0.0416556,273.287,0.0729333,3.15909,192.667,244.333,233.349
7,136.1,40.3212,0.0637067,498.311,0.0346867,3.6339,178.633,243.033,222.978
10.7778,182.833,78.933,0.0956944,1020.7,0.0268,3.94144,155.222,235.167,195.799
10.6,186.067,95.7344,0.08906,817.152,0.0237467,3.90195,145.733,232.8,182.175
1.92,19.4,3.22924,0.00392,5.43618,0.437116,1.2262,241.56,251.4,249.511
5,88.8947,16.6176,0.0222684,92.9866,0.126189,2.61819,203.684,244.158,237.331
6.72727,190.455,67.0394,0.106218,1341.11,0.0227227,4.03194,165.727,242.5,209.777
4,242,80.2071,0.16775,3095.85,0.01545,4.33565,162.5,242,205.412
2.375,42.75,8.09181,0.01745,52.2724,0.122163,2.49721,232.375,251.125,247.588
6.92308,176.615,61.0566,0.0963192,1091.96,0.0256,3.9479,167.269,242.115,212.665
3.38462,62.6154,12.3816,0.0243538,101.896,0.107615,2.7232,219,246.538,241.235
10.3462,165.423,60.4337,0.0668269,539.589,0.0369769,3.63481,155.077,235.385,204.458
9.41935,187.71,74.2392,0.1035,1210.77,0.0263806,3.98902,162.581,239.129,203.949
7.93333,182.267,74.4065,0.0731467,617.601,0.0332667,3.72483,133.933,236.8,192.526
3.85,81,14.7584,0.027645,130.582,0.09005,2.85667,207.9,247.05,239.977
27.6471,185.294,107.164,0.0597882,396.282,0.0337824,3.57146,150,222.529,180.154
5.7027,161.568,47.0259,0.0766054,740.299,0.0361081,3.73603,172.135,244.297,220.599
4.64706,156.824,34.2252,0.0407412,267.34,0.0838882,3.10672,174.824,243.471,226.084
37.3333,174.889,98.5955,0.0447667,233.914,0.0440667,3.32761,101.556,210.111,165.214
6.38889,207.444,76.0015,0.126572,1793.4,0.0189222,4.17394,162.611,244.111,207.932
11.0667,195.467,94.8037,0.0940133,949.13,0.0233467,3.94885,151.8,233.8,187.097
1.57143,3.28571,2.036,0.000438095,0.12064,0.813567,0.325798,247.643,250.762,249.314
3.9,131.6,15.625,0.02876,187.124,0.13815,2.68494,191.7,248.5,241.358
5.61905,141.5,34.1685,0.0515048,394.778,0.0707762,3.31882,181.262,243.452,227.291
5.68,172.92,53.0777,0.08866,939.526,0.030732,3.86801,168.72,243.32,216.909
13.9412,187.353,90.7989,0.0799176,711.169,0.0274765,3.80991,134.647,231.176,183.367
