7.88095,175.857,64.8895,0.0943214,1039.36,0.0258952,3.93814,165.083,239.976,208.377
4.66667,226.833,75.7165,0.144517,2383.7,0.0225583,4.22635,167.833,246.417,211.864
9.25828,145.477,47.3468,0.0585834,446.987,0.0465199,3.50887,174.185,239.689,217.654
7.2126,170.646,61.6674,0.0853,853.643,0.0289567,3.8463,165.591,241.039,209.873
3.07287,41.5628,7.59644,0.0108352,38.8608,0.369141,1.66169,228.765,248.364,245.002
6.01081,115.649,27.6689,0.0387784,238.781,0.0784114,3.09468,188.33,243.659,230.119
0,0,0,0,0,0,0,0,0,0
8.29412,192.059,72.6928,0.105498,1286.68,0.0249,4.01192,163.765,240.647,205.859
7.62069,203.207,78.0989,0.124048,1718.17,0.0204862,4.15026,162.621,242.793,206.148
7.05072,160.312,52.1855,0.0721188,657.305,0.0406551,3.67212,166.08,241.457,214.646
