8.22034,188.695,71.1528,0.10461,1262.1,0.0250356,4.00508,164.78,240.932,206.961
7.66667,203.4,78.4781,0.123853,1710.58,0.0204067,4.15168,162.467,242.567,205.653
5.69767,95.8062,21.0378,0.0296194,151.079,0.0974791,2.86284,200.76,244.705,235.403
9.46552,147.198,47.8112,0.057569,437.964,0.0494181,3.48509,174.836,239.888,218.031
4.66667,226.833,75.7165,0.144517,2383.7,0.0225583,4.22635,167.833,246.417,211.864
7.72222,176.657,64.7248,0.09225,994.931,0.0269657,3.91565,164.944,240.25,208.469
6.90833,156.85,49.5234,0.0691033,610.707,0.0426283,3.6333,167.933,241.242,215.869
5.69828,122.328,30.2263,0.0445397,293.931,0.0667405,3.23626,183.345,243.284,227.803
2.80905,32.4623,5.905,0.00757487,22.3918,0.431319,1.40823,233.372,248.925,246.294
7.65185,167.874,60.5477,0.0819763,798.358,0.029903,3.81361,163.57,240.607,209.732
