5,218.5,76.4102,0.1515,2485.25,0.0158,4.32535,170,248,213.584
4.84211,82.6842,16.2782,0.0230474,95.2368,0.108174,2.6875,205.895,243.263,236.601
11.5,193.3,88.882,0.10508,1178.28,0.02299,4.02387,156.5,234.6,192.524
7.57895,151.474,44.045,0.0674158,558.121,0.0401684,3.63546,169.053,239.316,217.442
6,205.455,72.5941,0.124664,1729.46,0.0190273,4.15707,168.727,245.364,211.517
5.14286,95.4286,24.1013,0.0441357,275.488,0.0634357,3.24641,204.857,247.714,237.017
6.85,163.4,49.6809,0.083195,864.234,0.02913,3.83026,171.35,243.1,218.661
5.94444,141.222,42.074,0.0754278,705.044,0.03175,3.74865,182.389,245.333,225.413
6.16667,137.444,34.2203,0.0546444,412.225,0.0537667,3.44403,180.111,242.111,225.447
6.75,208,72.0977,0.1295,1921.47,0.018575,4.20695,167.25,243.75,210.417
37,165,118.75,0.0403,172.462,0.0475,3.2474,78,186,130.738
11.3571,196.857,96.5935,0.09425,948.026,0.0233143,3.94956,151.571,233.857,186.344
2.06098,8.34146,2.79864,0.0014061,1.39518,0.689722,0.613205,245.207,250,248.528
8,170.286,62.4774,0.0708429,600.228,0.0399929,3.66917,163.429,239,209.309
4,255,75.4414,0.1608,2980.22,0.0164,4.3005,166,245,210.777
4.66667,193.667,42.5404,0.0904333,1089.44,0.0281667,3.89307,166.667,243,223.156
3.25,169,23.6304,0.0349125,261.591,0.121475,2.84785,181.5,245.5,234.804
5,221,108.795,0.0732,616.262,0.0291,3.7508,23,238,148.994
8.07143,179.5,78.7732,0.09015,881.149,0.0234786,3.93068,154.429,236.143,194.33
7.66667,186.333,71.2721,0.120933,1597.38,0.0188,4.16917,168.667,242.667,211.504
5.5,201.75,85.0742,0.111525,1415.14,0.02065,4.08005,155.5,238.75,195.595
5.125,181.625,54.7651,0.103625,1317.11,0.02415,4.00603,172.125,245.625,219.291
4.875,123.5,19.248,0.032125,195.822,0.0952875,2.898,196.375,246.875,239.173
7.86957,162.826,56.1335,0.0842739,809.409,0.0273826,3.84423,169.087,241.261,214.267
1,206,38.5781,0.0842,1132.82,0.057,3.6135,186,251,234.316
5,166.857,36.5993,0.0558143,460.607,0.0504286,3.45911,178.143,246.286,228.869
68.5,207.5,155.389,0.06155,407.383,0.03255,3.5885,153,197,159.268
5.66667,146,57.8672,0.0450667,224.739,0.0428333,3.34907,179.333,245.667,212.583
7.33333,194.556,78.0686,0.0820778,786.244,0.0374222,3.77117,158.667,238,198.351
3.60606,60.697,11.3491,0.0197121,69.1444,0.132927,2.53038,220,248.121,243.411
14.9091,175.636,80.6431,0.0698091,531.9,0.0290364,3.70376,156.364,231.545,193.156
2.33333,219,41.9115,0.0567667,640.332,0.0851667,3.2412,170,251,231.522
7.5,154.5,54.7754,0.0442,245.99,0.04605,3.32285,68.25,226.75,173.815
4.66667,117,25.9375,0.0351778,199.197,0.0779778,3.04589,172.778,239.667,224.493
5,142.5,50.6075,0.107,1193.49,0.0211,4.0323,181,249,222.865
5.4,181,55.1055,0.1084,1380.08,0.02152,4.04482,171,245.8,218.299
4,154.889,38.9266,0.0853778,1004.4,0.0331556,3.82306,179.111,244.778,226.617
5,223.5,87.6348,0.14955,2304.59,0.01575,4.3076,167.5,246.5,205.342
2.91837,33.2041,5.44636,0.00663878,14.3864,0.342465,1.54793,232.939,249.163,246.636
4.66667,144.056,32.1795,0.0451444,318.278,0.0709722,3.21796,182.944,245.056,229.924
30,216.5,122.316,0.1114,1230.63,0.02075,4.04325,134.5,219,168.74
6.5,138,47.9277,0.04705,267.875,0.04285,3.38555,135,235,199.619
4.75,151.75,39.0573,0.07765,756.372,0.03175,3.77189,185.333,248.083,229.535
21.1667,165.333,82.7259,0.0575833,363.915,0.0342333,3.54693,165,231.5,195.895
4.66667,221.333,66.3841,0.125433,2090.54,0.042,3.98137,168.333,247.333,217.12
5.11538,157.692,39.2665,0.0694346,664.163,0.0504154,3.59414,175.346,244.346,225.012
11.3571,183.357,83.483,0.0996357,1062.45,0.02155,4.00697,156.929,235.071,194.751
6.15385,179.385,59.9838,0.0889231,914.049,0.0264846,3.88694,168.846,243.077,213.18
5.5,159.25,31.219,0.0476938,384.701,0.0964062,3.16698,172.5,242.75,227.25
6.75,196.75,68.1065,0.1133,1537.47,0.031175,4.01023,172,246.25,215.905
10.9,177.2,75.4512,0.09588,1005.04,0.02335,3.97184,153.2,234.9,195.864
6.36842,168.632,55.0086,0.0779842,738.313,0.0339,3.76671,156.789,239.684,209.883
5.21429,112.786,32.4679,0.0617929,471.074,0.0350571,3.60716,196.571,246.571,231.24
10,177.5,81.3721,0.05885,396.022,0.034375,3.5776,128,232.5,179.735
6.5,162,42.8808,0.07595,864.852,0.0363,3.69175,92,232,196.193
4,229,84.9727,0.1747,3211.48,0.0145,4.3708,159,239,200.047
3.9,83.4,17.5908,0.032435,169.134,0.087035,2.96926,209.3,247.05,238.432
5,150,62.0859,0.0404,183.817,0.0485,3.2203,139,238,193.781
3.5,149.167,32.8945,0.0824333,920.487,0.03165,3.80208,186.667,247.833,232.4
7.5,204.5,72.8184,0.13205,2005.81,0.01885,4.2139,150,240,205.654
5.05556,129.556,33.6094,0.06565,586.084,0.0518167,3.55749,188.778,245.389,229.448
5.82353,123.471,26.364,0.0407824,270.605,0.0733,3.14279,180.059,242.059,229.214
13.75,202,105.587,0.1213,1517.99,0.018425,4.1575,146.25,232,179.933
6.625,183.125,56.2178,0.0994625,1240.8,0.0363625,3.90591,173.25,245.25,219.015
11.4545,186.545,99.8285,0.0903273,826.179,0.0232909,3.91542,143,232.182,179.598
4.21429,86.4286,16.0385,0.02815,131.453,0.0848214,2.88604,204.929,246.786,239.123
6.10526,140.789,35.6201,0.0620895,520.76,0.0394158,3.58406,178.263,243.947,226.202
10.2857,187,92.8281,0.110629,1294.72,0.0197857,4.08993,153.143,234.286,187.637
4.84615,94.9231,21.4214,0.0379308,220.428,0.0742346,3.10535,197.692,244.731,234.343
6.75,157.875,55.0723,0.09525,1042.48,0.023725,3.96106,178.625,245.125,219.68
7.33333,147,58.1458,0.103133,1144.13,0.0206333,4.05167,178,245.667,217.098
17.75,198.25,120.255,0.063825,438.642,0.031525,3.61815,170.75,235.75,191.219
3.3871,55.6774,8.40297,0.0123581,37.9155,0.215213,2.07034,220.839,246.935,243.37
15.9,196.2,100.385,0.07848,707.672,0.02925,3.77963,135.8,231.6,181.652
7.25,182.25,72.4189,0.100275,1114.28,0.02145,4.01528,152.5,238.5,202.77
4.66667,230,73.6472,0.1401,2187.13,0.0169,4.2783,169.667,247.333,214.112
4.75,185.75,46.7129,0.095775,1171.86,0.026525,3.92913,167.5,244,221.215
20,250,130.461,0.1224,1437.57,0.0176,4.1617,164,236,184.633
55,190,113.559,0.0589,387.383,0.0358,3.5328,47,148,102.492
5,189.125,53.5239,0.08855,1035.89,0.035275,3.82961,170.125,244.5,218.575
94,217,166.156,0.0369,148.729,0.0494,3.1681,187,203,192.613
58.5,178.5,120.428,0.046,224.331,0.04105,3.3468,185,216.5,193.996
9.22222,182.222,74.0694,0.0770333,649.702,0.0274,3.78852,154.667,235,196.518
8.5,223.5,106.596,0.1305,1790.92,0.01805,4.1943,135,241,186.029
3.07692,63,11.8467,0.0261385,119.85,0.104423,2.77807,217.462,247.923,242.264
5.75,225.75,69.8838,0.099525,1263.9,0.027025,3.9485,165,245.5,213.338
6,151,72.2129,0.0622,410.846,0.03295,3.5869,198.5,245,215.531
5,109.25,22.169,0.0276333,141.722,0.113758,2.75338,193.5,244.333,233.415
2,162,34.4675,0.0861333,1090.02,0.0329667,3.80403,191,249.667,233.559
4.75,137.125,37.0532,0.0802,824.438,0.029925,3.79155,189.625,249.375,231.776
5.33333,150.667,43.6133,0.0603,546.088,0.0507333,3.48127,124.333,238.333,204.757
6.2,172,54.1766,0.0895133,951.335,0.0321933,3.87158,166,242.667,215.546
3.76923,114.231,24.7822,0.0511538,394.878,0.0552,3.36393,195.692,247.692,235.955
5,96.8,12.9398,0.01499,66.4621,0.24767,2.09128,206.8,246.9,242.227
58,217,142.496,0.0569,351.413,0.0334,3.548,6,162,80.3164
10.5,151.5,57.7461,0.07755,675.583,0.02585,3.84555,71.5,224.5,166.873
8,142.667,47.3351,0.0638333,481.571,0.0341933,3.62813,169.8,239.8,216.57
2.77778,125.778,15.9397,0.0273556,167.034,0.146044,2.64108,197,249.667,241.533
47,215,166.691,0.0559,383.283,0.0389,3.4877,189,225,194.094
5,107.324,26.9507,0.0493588,334.766,0.0501176,3.38398,192.412,244.235,231.142
