3.36667,59.4,11.0014,0.0197967,69.9933,0.1342,2.52805,220.4,248.633,243.963
11.6667,194.833,95.0924,0.077025,686.287,0.0293417,3.77514,100.25,231.25,170.701
5.11765,141.176,34.4239,0.0685824,648.097,0.0569882,3.55443,186.588,246.706,230.477
5.63333,172.733,52.4402,0.08792,927.501,0.0302333,3.86288,171.233,244.233,218.09
4.63158,125.895,25.4332,0.0341158,199.032,0.0943474,2.95738,181.158,243.526,229.266
7.09524,160.952,51.077,0.0799738,763.474,0.030969,3.79172,170.881,242.524,217.808
6.45238,136.643,38.827,0.0621881,486.968,0.0362976,3.60432,179.143,243.31,224.039
27.6,176.2,86.6235,0.05016,294.376,0.03982,3.42634,46.4,198.4,139.784
2.97436,42.2051,6.72236,0.0098641,25.3592,0.260228,1.87666,229.179,249.308,246.138
2.03077,5.73846,2.61587,0.000796923,0.447312,0.75226,0.458974,246.2,249.815,248.432
62,184.75,131.44,0.0423,192.464,0.04475,3.27728,158.75,205.5,177.836
0,0,0,0,0,0,0,0,0,0
6.1,141.425,38.6087,0.06509,568.738,0.0487075,3.56621,178.125,242.8,224.051
12,191.609,91.9433,0.0939652,950.125,0.0234348,3.94823,150.739,233.652,187.655
9.66667,200.067,85.0766,0.11718,1500.18,0.02226,4.09929,161.467,240.133,200.413
5.75862,166.517,52.0892,0.0904724,1015.74,0.0292483,3.89261,171.586,242.586,217.297
4.54762,110.762,25.6936,0.0478262,329.526,0.0553143,3.33764,192.238,245.167,232.515
8.35714,180.464,68.9329,0.0967179,1075.06,0.0240643,3.96366,163.107,239.286,206.084
0,0,0,0,0,0,0,0,0,0
5.07692,86.5769,15.8687,0.0213269,88.4107,0.134127,2.57069,205.462,243.769,237.5
7,130.3,38.681,0.05676,397.084,0.03709,3.54033,177.9,240.1,221.566
0,0,0,0,0,0,0,0,0,0
3.47619,134.095,24.2063,0.0497524,420.307,0.0871619,3.22321,194.048,248.667,237.485
5.3,103.333,23.1419,0.04124,262.002,0.0701867,3.16328,195.3,245.167,234.348
5.64706,154.706,44.3656,0.0735324,698.328,0.03595,3.71003,173.471,243.382,221.478
9.69565,186.652,86.9161,0.0874913,810.154,0.0250304,3.88489,149.696,234.478,189.045
2.86667,63.3333,11.6003,0.0262667,121.067,0.102007,2.78674,218,248.133,242.563
4.13793,87.9655,16.6748,0.0289069,144.262,0.0978034,2.85569,206.897,247.655,239.769
11.5,167.818,67.8114,0.0689136,537.988,0.0319727,3.68099,155.455,234.636,200.283
0,0,0,0,0,0,0,0,0,0
7.1875,148.5,38.9307,0.047525,335.02,0.0817937,3.21749,173,239.5,220.813
4.62963,89.7778,21.1322,0.0367333,201.492,0.0660222,3.11484,201.926,244.778,234.655
4.5,230.25,78.3086,0.159625,2790.55,0.015625,4.3305,166.25,245,209.498
34.5,196.7,125.507,0.06089,409.721,0.03329,3.57827,163.7,224.6,183.781
4,68.2273,9.56765,0.0124545,43.2561,0.239618,2.01826,215.227,245.545,242.007
6.51064,163.213,54.0476,0.0836872,856.443,0.0288085,3.83542,167.745,242.489,214.825
0,0,0,0,0,0,0,0,0,0
0,0,0,0,0,0,0,0,0,0
6.4,209.267,77.6365,0.125407,1741.41,0.0188067,4.16797,163.6,243.867,207.471
7.66667,183.762,64.072,0.0718238,633.436,0.0397095,3.66944,160.667,239.095,207.641
8.21739,183.304,70.124,0.100983,1177.66,0.0294478,3.95178,164.739,240.217,206.595
5.46154,216.538,72.07,0.134254,2096.1,0.0233538,4.18493,165.615,245.769,212.14
4.125,117.75,19.5449,0.0275063,153.633,0.124919,2.71363,193.5,246.125,236.409
0,0,0,0,0,0,0,0,0,0
0,0,0,0,0,0,0,0,0,0
6.73333,166.067,53.2076,0.0543533,388.278,0.0438467,3.45911,166,241.267,212.912
0,0,0,0,0,0,0,0,0,0
4.7619,151.095,33.9996,0.0403,262.551,0.0835952,3.10047,171.095,242.857,223.748
8.12903,189.194,69.5892,0.105697,1298.85,0.0226,4.03034,165.387,241.581,208.286
2.60976,23.2439,4.25125,0.00443171,6.8999,0.414383,1.29441,238,249.61,247.578
