6,207.1,74.8613,0.12508,1753.37,0.01931,4.15556,163.8,245.2,209.074
3.28571,171.286,24.2355,0.0358,264.883,0.113929,2.89557,182.714,246,235.184
1.69231,3,2.09135,0.0003,0.0795,0.863854,0.246562,246.231,249.385,247.784
3.09091,102,20.7273,0.0450091,311.625,0.0706364,3.21643,203.182,249.727,239.699
1.77778,14.7778,2.69314,0.00294444,2.95882,0.465489,1.09453,244.222,250.889,249.528
4,242,80.2071,0.16775,3095.85,0.01545,4.33565,162.5,242,205.412
2.375,42.75,8.09181,0.01745,52.2724,0.122163,2.49721,232.375,251.125,247.588
6.92857,146.5,49.0056,0.0845857,834.832,0.0266643,3.86177,181.643,246,222.479
7.5,116,33.8047,0.05259,345.11,0.04114,3.47033,178.6,237,221.657
4.33333,66,10.7148,0.0154333,52.7222,0.188667,2.26157,201,237.667,233.755
4,26,6.0469,0.0042,6.125,0.3643,1.3269,219,239,233.867
3.71429,13.1429,4.76117,0.00195714,1.3738,0.557686,0.879414,241.143,247,245.55
3.90909,65,12.809,0.0216364,78.8905,0.130345,2.58869,220.455,248.182,243.025
2,19.3846,3.40777,0.0041,5.8952,0.443831,1.24705,240.923,251.231,249.172
11.4286,166.143,70.9849,0.0705,540.902,0.0293143,3.70504,158.143,235.571,200.071
4.83333,98.3333,25.8916,0.0516167,349.946,0.04155,3.46489,201.083,246.667,234.112
5.26667,113.667,33.2,0.0618333,470.522,0.0348333,3.60911,195.067,246.6,230.796
4.2,44.2,9.22344,0.01212,29.1342,0.17738,2.15632,222.6,245.4,240.727
19.3333,152.333,79.8607,0.0425,218.79,0.0459667,3.29763,64,210,149.882
5.2,167.5,50.1082,0.09907,1163.97,0.02672,3.95496,175.2,246.2,221.62
4.85714,224.857,78.4331,0.146057,2305.87,0.0162571,4.30011,169.143,247.286,211.455
3.53846,59.6154,8.70342,0.0121692,40.8481,0.228046,2.03456,219,246.462,243.038
9.63636,188.455,82.2262,0.0776727,683.442,0.0293636,3.77542,143.818,233.818,188.086
0,0,0,0,0,0,0,0,0,0
3.14286,58.4286,11.9112,0.0258571,112.395,0.106286,2.76944,219.714,248.143,242.516
5.5,104.182,23.7711,0.0421591,266.86,0.0624318,3.21008,194.636,244.545,233.771
5.36364,132.091,34.2458,0.0449182,299.646,0.0638727,3.26021,178.182,242.636,225.339
2.25,210.5,35.9746,0.052025,643.86,0.12825,2.97997,170.75,250.5,233.589
6.25,138.938,35.008,0.0623625,519.232,0.0379313,3.59864,179.688,245,227.362
5.4,178.8,55.9746,0.10612,1346.11,0.02293,4.03041,171.2,244.9,217.591
4.69565,101,20.8842,0.037313,221.474,0.0764478,3.08747,194.435,244.261,234.129
2.13333,38.8,5.09662,0.00944667,25.0103,0.25956,1.85189,232.8,251.267,248.34
5.125,141.375,40.1411,0.0409125,240.403,0.0763,3.14605,172,242.875,220.005
4.81818,80.1818,11.9116,0.0153636,55.2595,0.205345,2.21639,214.455,247.182,242.903
5.4,150.4,51.2422,0.04482,243.923,0.0456,3.32746,113.6,234.2,193.875
5.73684,158.105,34.9572,0.0493053,386.933,0.0868158,3.22739,174.684,242.684,225.833
0,0,0,0,0,0,0,0,0,0
3.2,8.1,3.95898,0.00086,0.41541,0.72936,0.5238,243.6,247.1,245.919
1.6,72,9.5047,0.0292,157.599,0.1059,2.84356,220.4,251.2,246.029
5.07692,113.846,24.3017,0.0298154,150.59,0.0930077,2.87548,188.769,243.462,230.897
4.72727,84,16.3132,0.0235091,100.725,0.109264,2.69568,202.727,243.091,236.039
3.75,70.25,14.2227,0.022575,91.4094,0.115975,2.64148,213.5,243.25,237.463
4.95,170.9,47.0553,0.08715,946.704,0.03292,3.84576,172.35,245.15,221.962
6.41667,152.75,48.4572,0.081775,786.687,0.0289125,3.81534,173.667,242.167,218.527
3.2,56,5.93204,0.00642,17.2367,0.35826,1.48588,220.4,245.8,243.623
12.8333,169.667,82.1569,0.0582,381.528,0.0345667,3.56427,133.667,230.667,180.145
0,0,0,0,0,0,0,0,0,0
10.3333,182.333,80.625,0.0721333,575.178,0.0286333,3.74023,155,235,192.922
3.91667,130.833,16.3685,0.0292833,187.156,0.130025,2.72672,187.333,246.667,238.3
4.33333,91.5333,18.3638,0.0316,168.52,0.0972133,2.90827,207.467,246.6,238.354
4.66667,203.667,66.9184,0.0789889,799.93,0.0429333,3.70136,163.667,242.889,209.236
6.85714,154.5,44.1582,0.0647929,543.027,0.0379,3.61417,154.571,238.357,213.359
9.57895,180.053,83.2619,0.0893421,836.321,0.0238526,3.90495,152.947,235.105,192.406
4.81818,84.9091,26.0636,0.0381,197.391,0.0583909,3.17121,201.545,245.364,231.978
4.63636,121.364,31.5451,0.0654636,569.694,0.0424455,3.60009,189.545,244.273,229.088
6.5,201.667,86.3997,0.0911,916.466,0.0243833,3.92522,161.5,241.167,198.201
14.5,172.5,93.7207,0.09515,917.165,0.02285,3.92885,133,231.5,179.021
8.16667,209.5,87.9733,0.113217,1417.08,0.0202167,4.0862,159.667,239.5,198.023
12.5,194,98.7487,0.09445,937.895,0.0229333,3.95382,153.167,231.667,184.52
8.66667,158.333,57.1966,0.0539833,337.288,0.0387667,3.48777,175.833,239.333,214.096
2,4,2.8659,0.000533333,0.1347,0.767567,0.3937,245.333,247,246.229
6.1,143.4,41.3424,0.075535,714.683,0.03193,3.74488,183.55,246.35,227.116
12.5,190.75,96.8291,0.1111,1320.07,0.019425,4.1061,153.75,232.5,185.229
35.25,198.75,126.967,0.0604125,405.993,0.03375,3.57168,173.875,226.25,189.663
9.17647,183.176,76.5255,0.0954882,1025.2,0.0271353,3.93742,158.118,236.412,198.699
6.72222,152.056,43.1578,0.0661056,581.649,0.0592111,3.52567,176.611,242.556,222.211
1.57143,5,2.47267,0.000585714,0.178571,0.755271,0.428757,247,250.286,249.041
8.25,171.35,57.6205,0.07826,737.075,0.033235,3.77254,160.05,239.8,210.823
6.75,210.25,80.8633,0.12445,1674.24,0.0181,4.17955,162.75,242.25,205.446
10.1,194.9,84.825,0.11849,1538.92,0.02347,4.1021,161.6,240.1,200.408
14.5833,197.167,94.4544,0.106133,1187,0.0226167,4.0271,152.833,232,188.56
7.11111,179.222,63.0985,0.0962778,1089.42,0.0244556,3.95816,163.556,240.611,209.795
2.11111,27,3.6988,0.00438889,7.40971,0.423589,1.26579,237.889,252.222,249.833
8.41667,175.583,65.7347,0.0724417,616.821,0.0346083,3.71449,160,237.5,205.921
5.76471,161.765,43.2893,0.0814941,878.401,0.0309882,3.80052,176.294,245.824,224.454
5.42105,119.526,31.9984,0.0539947,400.724,0.0484684,3.43742,188.211,243.316,228.55
7.8125,145.5,45.8103,0.063475,482.766,0.0347062,3.6219,171.5,240.375,218.054
4,5,4.6016,0.0008,0.2042,0.675,0.5061,245,247,245.984
5.63636,95.3636,15.8533,0.0189455,77.7326,0.161091,2.43356,207,245.545,239.837
6.17647,193.176,64.034,0.101341,1255.09,0.0300118,3.95172,167.706,244.294,213.341
3,71.2857,12.2478,0.0269143,129.108,0.0971143,2.81723,213,248.143,242.334
3.46154,133.615,21.2834,0.0424769,324.624,0.0871231,3.10955,188,247.846,236.96
1.15385,2.69231,1.52795,0.000476923,0.133985,0.799562,0.353531,249.385,252.923,251.267
5.25,164.35,47.1035,0.089435,1029,0.029045,3.88246,177.45,245.2,223.041
6.22222,211.667,70.3533,0.128711,1996.57,0.0264444,4.1333,163.778,244.111,211.593
13.7,185.4,87.1895,0.09534,973.479,0.0223,3.97219,150.4,231.8,188.351
56.5,203.5,128.027,0.0579,369.398,0.0346,3.5404,26.5,155,91.4043
4.4375,92.6875,16.4739,0.0271563,132.36,0.100281,2.80758,204,246.625,239.048
2,3,2.2115,0.000428571,0.106543,0.823229,0.291843,248.286,250.714,249.593
2.66667,53.1667,9.55664,0.0188333,66.1806,0.138025,2.487,219.167,248.75,244.25
70.3333,191.333,135.671,0.0429667,199.131,0.0438333,3.28723,185.667,212,193.535
20.4,198.4,116.469,0.08612,764.322,0.02394,3.88024,125.8,225.8,168.675
5.35,162.9,43.0775,0.071785,672.632,0.034955,3.69863,169.6,242.45,220.908
3.63636,26.3636,5.73011,0.00508182,7.53257,0.364618,1.41109,235.455,246.727,244.985
8,199.75,99.1689,0.074825,653.494,0.027825,3.7915,43,232,151.709
5,130.727,33.9606,0.0703182,640.694,0.0482909,3.61928,191.091,247.273,231.258
24.4,183.4,101.026,0.0692,503.71,0.02868,3.68714,154.6,222.8,180.062
4.57143,155.071,31.8599,0.0527,435.014,0.0659643,3.35804,180.5,246.071,230.163
3.54545,38.9091,6.69212,0.00653636,14.514,0.369673,1.51557,229.182,248.909,246.106
6.64706,171.118,64.9113,0.0883118,893.106,0.0254471,3.8992,151.353,237.706,201.725
