8.23636,190.545,72.5033,0.105427,1277.39,0.0245745,4.01479,163.764,240.6,205.819
8.27966,147,47.6454,0.0642754,521.514,0.0401754,3.59981,174.398,240.881,218.287
5.64336,100.35,22.6272,0.0321259,173.026,0.0900643,2.93532,197.182,244.545,233.948
7.57143,134.735,38.0426,0.0487857,342.318,0.0625796,3.31351,178.551,241.259,222.957
7.62069,203.207,78.0989,0.124048,1718.17,0.0204862,4.15026,162.621,242.793,206.148
6.93694,165.378,53.8982,0.0741279,691.72,0.0384775,3.70111,163.874,241.586,213.545
7.69048,175.869,63.2499,0.093175,1029.16,0.0276667,3.91792,165.357,240.19,209.35
7.54386,170.728,63.623,0.0861807,857.532,0.0269132,3.86488,164.368,240.544,208.337
4.66667,226.833,75.7165,0.144517,2383.7,0.0225583,4.22635,167.833,246.417,211.864
2.92417,35.1422,6.39492,0.00832844,25.9147,0.415202,1.47149,232.076,248.692,245.898
