2.08571,6.47143,2.71708,0.000977143,0.653993,0.72912,0.511104,245.9,249.757,248.38
6,219.5,69.2197,0.1281,2073.46,0.0357,4.04628,168.25,246,215.074
14.5833,197.167,94.4544,0.106133,1187,0.0226167,4.0271,152.833,232,188.56
12.75,186.333,87.9893,0.0796583,720.668,0.0282083,3.80407,149.25,233.167,189.771
4.58621,130.724,30.0063,0.0533034,417.991,0.0581138,3.38942,188.793,245.379,231.347
7.47059,190,71.3617,0.105724,1303.55,0.0228647,4.02995,163.765,241.235,206.309
7.95238,177.81,72.2645,0.0877905,875.524,0.0256238,3.89015,149.333,236.048,196.799
6.9,196.2,74.6285,0.11105,1399.85,0.02078,4.0706,164.1,242,205.851
3.61111,75.8056,14.1802,0.0268694,123.425,0.093525,2.82877,211.167,247.139,240.505
7.76471,145.588,48.48,0.0704765,602.642,0.0352765,3.68488,177.353,241.176,219.232
5.7027,161.568,47.0259,0.0766054,740.299,0.0361081,3.73603,172.135,244.297,220.599
4.75,164.8,45.3551,0.087885,1020.34,0.03223,3.85252,177.45,244.85,223.618
10.2941,178.647,74.2466,0.0986176,1066.07,0.0225882,3.9927,161.059,237.353,201.979
5.11765,115.941,25.9478,0.0407735,261.513,0.0792441,3.1229,190.971,244.618,232.405
4,255,75.4414,0.1608,2980.22,0.0164,4.3005,166,245,210.777
46.6,206.2,150.077,0.06184,425.28,0.0329,3.58938,167.8,215.2,175.923
5.85714,184.571,57.0148,0.100279,1227.81,0.0316714,3.93139,172.071,245.143,218.116
5.68,172.92,53.0777,0.08866,939.526,0.030732,3.86801,168.72,243.32,216.909
6.38462,208.231,77.8251,0.125562,1738.91,0.0188769,4.1628,163.538,244.692,207.596
5.58621,137.069,35.2783,0.0642172,559.577,0.0493069,3.55874,182.379,243.759,226.676
6.4,205.4,71.2602,0.1292,1935.06,0.01904,4.20292,160.2,242.6,208.808
31.4444,167.444,89.661,0.0429333,215.292,0.0457444,3.2912,116.333,218.556,177.821
4.875,109.375,26.311,0.0492275,336.049,0.050975,3.37665,193.2,244.95,232.35
6.4878,136.537,39.1546,0.0623171,486.089,0.0361024,3.60756,178.927,243.171,223.716
9.42105,187.053,89.2021,0.0877263,811.343,0.0249421,3.88912,148.053,234.053,187.018
6.18182,151.182,33.756,0.0502636,385.435,0.0797727,3.27167,174.909,242.409,225.809
5,221,82.0225,0.150525,2394.92,0.015775,4.31648,168.75,247.25,209.463
7.1875,189.062,63.6665,0.071425,638.477,0.0432125,3.64304,154.625,238.812,205.019
14.9231,173.692,85.7061,0.0590923,384.566,0.0339077,3.56799,156.615,234.692,192.469
10.3077,181.923,79.1118,0.0964,1011.18,0.0231923,3.96795,153.923,235.846,195.11
2.67442,26.2558,4.60148,0.00495814,8.76986,0.40264,1.34922,236.488,249.651,247.375
5,221,108.795,0.0732,616.262,0.0291,3.7508,23,238,148.994
4.21429,107.19,18.8545,0.0293238,162.23,0.1141,2.79561,198.024,246.143,236.855
4,229,84.9727,0.1747,3211.48,0.0145,4.3708,159,239,200.047
5.2,136.5,37.4617,0.07293,677.755,0.04201,3.67456,187.75,246.25,229.186
5,173.2,51.4839,0.09484,1118.87,0.0273667,3.92744,172,244.8,219.874
3.07895,46.0789,7.05356,0.0105368,28.2897,0.241337,1.94193,226.974,248.5,245.372
9.54545,195.818,82.5991,0.118291,1546.73,0.0231636,4.10713,161.727,240.091,201.624
5.03846,146.962,33.9603,0.0439385,299.4,0.0700577,3.2078,175.308,243.231,225.701
4.68421,100.211,22.8096,0.0370921,211.518,0.0714158,3.10063,195.474,244.895,233.392
6.15,163.4,46.0025,0.08297,882.31,0.029845,3.81915,176.1,245.6,223.1
4.66667,230,73.6472,0.1401,2187.13,0.0169,4.2783,169.667,247.333,214.112
3.5,62.2143,10.4275,0.0172905,60.7427,0.171231,2.35502,218.571,247.857,243.481
19,192.667,105.053,0.079,702.328,0.0264,3.8221,63.6667,224,155.316
56.5,203.5,128.027,0.0579,369.398,0.0346,3.5404,26.5,155,91.4043
5.25,86.0417,15.2831,0.020175,82.1229,0.146917,2.5021,206.583,243.958,238.144
7.12121,154.485,50.7379,0.0835212,817.34,0.0279273,3.83407,175.727,243.697,219.568
10.76,167.56,64.7045,0.067728,541.474,0.036112,3.64769,154.44,235.2,202.068
5.1875,168.75,42.1755,0.0691,669.039,0.0482375,3.60406,166.312,242.5,220.726
11.0667,195.467,94.8037,0.0940133,949.13,0.0233467,3.94885,151.8,233.8,187.097
