8.81818,189.273,74.323,0.0732318,643.831,0.0371545,3.70325,132.773,235.682,191.837
5.87097,156.548,47.065,0.0809903,786.455,0.0314903,3.79836,176.645,244.194,221.644
4.625,112.266,23.0531,0.0373453,228.07,0.0811344,3.06216,191.5,244.719,233.438
6.20513,138.897,39.6191,0.0667436,577.575,0.045659,3.59912,182.282,243.308,224.851
23.4286,161.429,76.6083,0.0440857,235.722,0.0491571,3.29434,127.214,224.643,186.312
11.1818,188.636,91.7809,0.08765,806.857,0.0249591,3.88476,144.909,233.227,185.671
42.5556,201.556,135.995,0.0606222,407.95,0.0333333,3.57721,126.444,205.444,155.948
6.6,135.378,38.8652,0.0622956,486.073,0.0360644,3.60652,180.289,243.444,224.307
8.11538,182.615,70.8173,0.100858,1165.86,0.0284923,3.95978,162.654,239.923,205.811
5.08571,120.186,28.251,0.0469314,319.044,0.0598643,3.30097,189.043,244.614,231.126
4.14706,73.0735,13.1364,0.0207603,82.3066,0.139682,2.53989,213.294,246.456,241.026
6.66667,145.617,40.135,0.052925,399.063,0.06249,3.3709,179.567,242.783,223.751
8,180.531,70.002,0.0908082,935.308,0.0270939,3.90489,161.878,239.449,204.498
9.3125,200.375,83.5305,0.117125,1507.97,0.022125,4.10292,161.562,240.125,201.248
8.09375,189.438,69.3295,0.105562,1296.73,0.0225906,4.02932,165.531,241.562,208.393
4.875,227,79.3155,0.15285,2521.44,0.0159125,4.31521,167.375,246.125,210.047
2.25962,12.1538,3.23908,0.00212788,2.67392,0.624958,0.771441,243.221,249.731,248.106
6.17391,211.043,74.7751,0.127209,1858.1,0.0217739,4.15507,163.913,244.522,209.292
3.09836,47.3115,7.27517,0.010823,31.2544,0.252089,1.93063,225.77,248.279,245.073
7.6,174.109,61.3347,0.0931309,1038.72,0.0270727,3.92073,167.345,240.691,210.925
7.73529,168.676,58.7934,0.0772735,728.04,0.0331412,3.75507,161.971,240.735,210.754
6.4,163.956,52.6662,0.0833556,862.521,0.0292822,3.82759,168.556,243.022,216.039
10.25,165.857,61.9874,0.0672107,542.539,0.0363964,3.6423,155.107,235.5,203.622
5.13158,151.947,39.9146,0.0710132,672.314,0.0449605,3.6389,178.474,244.605,225.381
4.04918,94.459,17.9502,0.0295131,152.75,0.100548,2.8534,203.492,246.59,237.803
