4.33333,152.583,29.8441,0.0497833,424.557,0.104867,3.17201,187.667,247.417,233.93
8.35,197.5,79.143,0.11494,1482.66,0.02207,4.09164,163.05,241.2,203.998
7.56667,174.683,62.1521,0.0939467,1050.38,0.02704,3.92624,166.65,240.75,210.523
12.1667,194.5,98.3704,0.0769,664.262,0.02725,3.798,55.1667,230.333,157.256
1.6,21.4,2.959,0.00454,7.03542,0.39642,1.33331,242.2,253.3,251.221
8.68085,188.234,71.5772,0.103862,1243,0.025383,3.99814,163.745,240.213,206.058
6.85714,149.143,53.8633,0.0444714,243.361,0.0454857,3.32611,97.4286,230.714,184.04
4.84211,110.684,20.9879,0.0283474,144.826,0.104163,2.80763,194.421,245.316,235.186
3.23077,47.4615,9.14123,0.0156,46.5093,0.152238,2.35526,228.308,249.538,245.661
8.70455,178.455,73.7984,0.0860591,822.08,0.0266318,3.86163,154.932,237.136,199.141
62,184.75,131.44,0.0423,192.464,0.04475,3.27728,158.75,205.5,177.836
4.52,89.16,20.5975,0.036424,199.516,0.067224,3.10491,203.08,245.16,235.316
5.23077,114,32.4727,0.0616,468.175,0.0353846,3.60143,197,246.769,231.729
21.5833,185,109.95,0.0609917,407.047,0.0329583,3.58776,169,232.917,190.58
7.63158,181.158,63.0954,0.0698684,612.729,0.0436684,3.63744,159.737,239.211,207.846
5.15789,81.8421,13.1828,0.0175211,67.6715,0.180574,2.34433,212.316,246.421,241.704
6.17391,211.043,74.7751,0.127209,1858.1,0.0217739,4.15507,163.913,244.522,209.292
2.85,55.85,10.5148,0.02002,70.8923,0.13482,2.53073,220.95,248.95,244.135
6.05263,159.526,36.8491,0.0508,384.586,0.0643105,3.33144,171.053,241.947,223.381
5.90625,155.25,46.0007,0.0827344,862.803,0.0291219,3.82808,176.781,245.25,222.251
3.56,82.16,15.2119,0.02936,147.243,0.094264,2.88092,209.92,248.28,240.903
5.36842,110.474,25.8987,0.0406789,252.293,0.0733368,3.15097,191.105,244.211,231.73
12.5714,189.857,87.8002,0.0794857,708.128,0.0280071,3.80321,152.857,233.143,189.871
4,26,6.0469,0.0042,6.125,0.3643,1.3269,219,239,233.867
2.57895,15.5263,3.70314,0.0029,3.04584,0.491258,1.06513,241.842,249.053,247.525
3.66667,99.0476,22.3372,0.0481429,329.649,0.0513381,3.3589,202,248.238,237.277
3.70833,145.75,25.2783,0.0390958,293.045,0.103754,2.98757,182.792,245.792,233.405
9.75,149.25,53.5806,0.0525125,325.311,0.0400625,3.46823,167.125,236.125,209.745
6.1,136.1,34.7414,0.06258,520.311,0.03835,3.59795,180.2,244,226.571
7.73585,179.736,69.2593,0.0906906,935.25,0.0268962,3.90695,162.264,239.547,204.879
2.58333,6.29167,3.25163,0.000708333,0.285075,0.7465,0.461725,244.542,247.958,246.598
5.84091,158.227,46.8144,0.0776,747.815,0.0347909,3.74869,171.568,243.886,220.406
5.33333,118.5,30.4321,0.0535389,399.868,0.0492944,3.42993,187.444,243.278,228.96
3.13333,63.8667,11.6333,0.02438,109.739,0.11344,2.70374,216.8,246.733,241.371
4.26316,125.158,22.095,0.0323947,193.289,0.104474,2.88532,184.789,244.947,232.999
6.55556,118.5,31.8659,0.0517833,343.275,0.0420111,3.45714,184.389,241.222,226.292
10.5417,164.458,60.9323,0.0673292,540.147,0.0340125,3.65433,155.25,235.5,204.41
5.96552,136.414,38.0672,0.066831,582.147,0.0489345,3.58441,183.966,243.621,225.699
3.11111,26.6667,5.0625,0.0048,7.40347,0.392017,1.35237,235.889,248.556,246.505
4.875,227,79.3155,0.15285,2521.44,0.0159125,4.31521,167.375,246.125,210.047
58.25,201.75,132.822,0.059225,387.406,0.033825,3.55638,74.75,177.25,123.722
0,0,0,0,0,0,0,0,0,0
4.94118,88.1176,17.1052,0.0234941,97.6711,0.104794,2.70761,204.529,243.765,236.776
7.42857,149,45.6663,0.0621095,475.8,0.0360143,3.59844,169.095,240.571,217.355
5.13158,153.026,39.9116,0.0708868,672.18,0.0449947,3.63715,178.026,244.632,225.3
3.75,46.4167,7.18847,0.00755833,17.4122,0.305492,1.66826,223.667,247,243.853
3.93333,66.3333,8.99401,0.0116,38.6728,0.243973,1.97365,213.733,244.267,241.147
1.5,3.0625,1.92823,0.0004125,0.113544,0.823778,0.309641,248.25,251.344,249.953
2.42857,38,5.40626,0.00862857,22.3085,0.30039,1.74208,232.286,250.619,247.691
0,0,0,0,0,0,0,0,0,0
