5.27273,222.909,75.0828,0.139527,2221.36,0.0233273,4.20781,168.818,246.818,212.771
5.17391,89.087,14.4941,0.018387,75.708,0.180535,2.36668,205.478,244.826,239.242
4.75,151.45,33.5977,0.040225,263.135,0.08506,3.09347,174.95,243.75,225.978
4.46875,102.344,19.4232,0.0296125,156.142,0.103731,2.83917,201.062,246.25,237.045
2.57143,22.3333,4.14445,0.00420476,6.0753,0.418012,1.27013,238.667,249.667,247.703
5.57143,142,42.9735,0.0799786,771.84,0.0308786,3.78549,182.429,245.429,224.805
7.08108,172,59.916,0.0925054,1028.83,0.0278703,3.91217,168.811,241,212.203
7.46154,176.692,63.7097,0.0979346,1110.88,0.0247308,3.96799,165.692,241.154,210.336
58.25,201.75,132.822,0.059225,387.406,0.033825,3.55638,74.75,177.25,123.722
5.44,104.28,23.4363,0.04196,267.69,0.06818,3.18218,195.04,244.88,234.176
4.35294,146.588,29.5795,0.0508235,423.615,0.0886824,3.23834,191.353,247.647,234.564
7.42105,179.421,74.1534,0.0906053,899.051,0.0235579,3.93434,158.526,238,199.354
6.04762,142.571,42.4284,0.075381,709.02,0.0317857,3.7471,181.81,245.762,225.486
5.75,126.188,35.9133,0.0678563,587.988,0.03765,3.64891,191.188,245.25,228.851
12.875,170.375,73.1663,0.06925,534.931,0.03205,3.67891,153.062,233.062,196.068
7.57895,191.053,72.153,0.108984,1365.79,0.0215632,4.05937,164.947,241.263,206.756
5.75,156.25,45.2495,0.0834062,882.546,0.0292062,3.82637,177.562,246.25,223.766
7.27778,186.667,63.6107,0.0716,638.21,0.0416667,3.6559,154.778,238.611,205.152
5.11538,157.692,39.2665,0.0694346,664.163,0.0504154,3.59414,175.346,244.346,225.012
12.2222,195.111,94.3544,0.0941611,957.777,0.0236778,3.94674,150.333,233.389,186.495
9.54545,195.818,82.5991,0.118291,1546.73,0.0231636,4.10713,161.727,240.091,201.624
7.41176,141.294,44.5809,0.0626471,474.748,0.0353765,3.60761,173,240.706,218.621
5.42857,162.857,39.1222,0.0588857,488.855,0.0404143,3.54766,164.143,241.429,221.085
4,242,80.2071,0.16775,3095.85,0.01545,4.33565,162.5,242,205.412
3.0625,61.75,11.5527,0.0226875,87.4761,0.118938,2.64936,220.062,248,242.898
8.70968,192.129,72.4822,0.102952,1231.61,0.0271645,3.977,163.226,240.419,205.779
5.45455,109,33.5664,0.0633636,477.166,0.0326909,3.64571,196.455,246.636,230.635
6.38889,207.444,76.0015,0.126572,1793.4,0.0189222,4.17394,162.611,244.111,207.932
2.94595,41.9189,6.24388,0.00867297,21.8971,0.291514,1.75596,228.595,249.081,246.052
7,154.379,46.4556,0.066531,569.891,0.0491034,3.5825,167.621,240.069,217.018
5.5,170.409,49.2592,0.0878955,947.776,0.0319545,3.85623,170.955,244.273,220.093
3.93939,77.7879,15.0037,0.0272303,125.02,0.091697,2.84375,209.97,246.727,239.84
2.04839,5.25806,2.62576,0.000720968,0.369761,0.765147,0.433623,246.306,249.774,248.379
0,0,0,0,0,0,0,0,0,0
7.95,147.6,52.1174,0.08536,827.462,0.025995,3.87025,178.95,244.45,219.947
4.37931,91.8621,20.8471,0.0366828,211.308,0.0775966,3.07074,200.483,245.69,235.325
0,0,0,0,0,0,0,0,0,0
6.0625,137.75,34.4475,0.061875,521.636,0.040075,3.57849,181.25,245,227.759
3.475,58.025,9.75283,0.015825,52.7128,0.16861,2.31291,220.45,247.35,243.426
4.70833,113.354,26.2813,0.0479229,330.114,0.0553979,3.33719,190.167,244.583,231.674
5.84375,134.594,32.5615,0.0522719,390.919,0.0575469,3.38223,179.312,242.312,226.507
8.6,162.6,50.2567,0.05047,336.653,0.06144,3.34253,171.6,239.7,215.889
4.47368,124.789,22.7654,0.0331421,196.151,0.101911,2.91236,184.053,244.158,231.944
9.70833,177.708,71.0324,0.0790542,728.053,0.03205,3.77982,153.792,236.25,200.427
4.66667,188.4,51.2456,0.07766,786.481,0.0379267,3.73381,167.733,243.6,218.028
13.4,204,106.55,0.07668,667.902,0.02748,3.79358,47.4,229.6,152.787
20.3077,185.385,105.891,0.0606692,405.62,0.0334846,3.58308,166.385,233.154,190.944
6.45455,180.909,54.4886,0.0812545,856.197,0.0314636,3.78486,147.636,237.818,207.304
31.4444,167.444,89.661,0.0429333,215.292,0.0457444,3.2912,116.333,218.556,177.821
10.5294,184.059,92.7964,0.0889765,816.996,0.0237059,3.90371,146.765,232.882,183.937
