2.6875,47.875,9.18848,0.0183688,62.4966,0.136306,2.48205,224.938,249.625,245.498
4.28571,66.1429,14.4375,0.0270286,122.361,0.0943857,2.82634,213.571,245.429,239.23
46.6,206.2,150.077,0.06184,425.28,0.0329,3.58938,167.8,215.2,175.923
11.4615,196.308,96.4534,0.0941923,945.297,0.0234462,3.94601,151.538,233.615,186.358
4.46154,164,26.5941,0.0456308,387.034,0.110415,3.08088,172.692,243.692,230.211
4.22222,139.667,35.5291,0.0764667,759.333,0.0346222,3.7268,188.111,248.333,231.299
7.83333,181.083,79.9593,0.09005,885.754,0.0236083,3.93122,154.333,236.333,193.418
3.83333,57,7.86785,0.00895,23.6667,0.2643,1.79535,217,243.833,240.441
5.34783,104.913,23.2993,0.0416478,267.9,0.0701348,3.16902,195.043,244.87,234.253
5.875,81.25,16.9834,0.0206,76.7969,0.12095,2.59264,211.625,244.5,238.631
4.8,223.8,74.8184,0.13987,2241.27,0.02398,4.20449,168.9,247.3,213.155
4.5625,87.6875,20.6521,0.03405,175.052,0.0763063,3.03131,206.875,245.438,235.787
5,97.3333,15.8822,0.0206167,89.9354,0.130833,2.54278,197,242,235.133
3.35714,118.929,22.8273,0.0503071,415.31,0.0740929,3.26322,198.929,248.857,238.384
6.15385,180.077,60.503,0.0896,917.502,0.0259615,3.89925,168.308,243.077,212.975
3.33333,64.5833,11.931,0.022075,85.942,0.1288,2.60083,219.75,247,241.981
3.33333,44.1111,8.14497,0.0123889,31.9375,0.181844,2.16331,227.889,248.444,244.477
13.4,176.2,86.5446,0.06017,394.877,0.03361,3.57948,165.4,237.8,197.17
8.09375,189.531,69.1984,0.105856,1302.15,0.0225531,4.03049,165.594,241.719,208.688
5.53125,137.969,35.6274,0.064525,566.471,0.0501438,3.55487,180.844,243.25,225.873
5,136.5,31.143,0.04313,296.405,0.06841,3.20809,182.3,244,229.184
6.8,163.2,56.3734,0.0797867,739.169,0.0327133,3.78888,154.8,238.6,208.035
19,192.667,105.053,0.079,702.328,0.0264,3.8221,63.6667,224,155.316
43,190,113.891,0.0824,723.6,0.0253,3.8337,191,228,205.043
7.6,198.4,87.8195,0.0863,787.832,0.02406,3.89054,153,236.2,190.091
5.35714,135.786,39.0374,0.0747,691.304,0.0328714,3.74285,184.929,245.214,227.008
1.80952,19,3.06661,0.0038619,5.36013,0.437738,1.21889,242,251.619,249.762
2,56.25,9.1279,0.02465,114.293,0.122175,2.69685,222,251.5,246.328
0,0,0,0,0,0,0,0,0,0
5,76.8,11.4336,0.01282,42.085,0.2277,2.07128,206.8,242.2,238.53
9.46667,200.4,85.2938,0.117547,1514.88,0.0221933,4.10743,160.867,239.733,199.923
20.5,198,124.365,0.0886,799.785,0.02315,3.9192,128.5,224,160.398
4,130.909,16.2003,0.0292455,187.772,0.131991,2.71791,190.273,247.727,240.281
4,242,80.2071,0.16775,3095.85,0.01545,4.33565,162.5,242,205.412
5.5,135.583,35.57,0.070575,641.613,0.0467833,3.62741,188.333,246.083,229.363
70.3333,191.333,135.671,0.0429667,199.131,0.0438333,3.28723,185.667,212,193.535
9.89474,182,74.4893,0.0994368,1079.31,0.0216474,4.01032,157.474,236.368,200.691
6.07143,162.643,45.9024,0.0822571,883.655,0.0307929,3.80712,176.214,245.786,222.922
5.78571,118.071,31.7969,0.0493714,326.577,0.0507286,3.38102,181.857,241.286,225.627
7.23529,154.176,50.8727,0.0840588,800.608,0.0261176,3.85561,173.471,241.824,218.063
0,0,0,0,0,0,0,0,0,0
2.5,147.167,16.3568,0.0377167,321.794,0.113333,2.91247,186.167,249.5,240.633
0,0,0,0,0,0,0,0,0,0
8.57143,172.286,72.0117,0.0866286,804.975,0.0243429,3.88866,153.143,234.286,196.132
45.6667,196.333,121.38,0.0574667,372.768,0.0348333,3.537,48.6667,177.333,112.505
6.77419,133.355,39.2423,0.0634484,497.138,0.0349548,3.6294,180.129,243.226,223.767
5.7,165.8,50.2094,0.088715,955.304,0.03122,3.87133,170.25,242.65,218.179
10.8,190.6,88.3012,0.079,701.617,0.02869,3.79196,148.8,232.7,186.831
9.25,189.25,105.92,0.09095,833.584,0.022875,3.92118,144.75,233.5,177.795
8,174,68.6256,0.0755,635.845,0.0274286,3.7884,147,235.286,195.982
3.45455,59.8182,8.72265,0.0123545,42.489,0.231309,2.03495,219.364,247.364,243.73
0,0,0,0,0,0,0,0,0,0
4.625,82.125,16.9766,0.0248375,103.559,0.0942625,2.78231,206.875,244.5,237.343
0,0,0,0,0,0,0,0,0,0
4.5,181.222,42.9579,0.0667333,664.88,0.0555889,3.53407,166.611,243.722,222.085
0,0,0,0,0,0,0,0,0,0
25,166.5,98.0879,0.04385,213.071,0.0435,3.32495,66.5,201.5,138.494
6.5,162,42.8808,0.07595,864.852,0.0363,3.69175,92,232,196.193
3.33333,11,4.26151,0.00161667,1.13542,0.616056,0.762878,242.611,247.444,246.132
3.11111,26.6667,5.0625,0.0048,7.40347,0.392017,1.35237,235.889,248.556,246.505
0,0,0,0,0,0,0,0,0,0
4.30769,88.6923,18.8657,0.0370769,214.187,0.0696154,3.10261,204.769,247.154,238.481
5.47059,148.412,37.6939,0.0577294,456.499,0.0440471,3.50729,178,243.941,225.366
5.14286,128.857,44.2746,0.0386286,199.926,0.0714857,3.1205,165.714,241.143,211.824
0,0,0,0,0,0,0,0,0,0
0,0,0,0,0,0,0,0,0,0
5.25,104.625,24.0005,0.0379813,221.946,0.0763062,3.105,189.125,242.375,230.537
5.84615,143.846,42.9712,0.0826308,845.496,0.0284308,3.83277,180.077,246.154,224.76
0,0,0,0,0,0,0,0,0,0
6.57895,207.789,76.0923,0.127074,1805.44,0.0188105,4.17747,162.895,244,207.985
5.375,107.75,28.4641,0.052175,355.136,0.043775,3.45392,194.125,244.688,231.12
8.13333,168,60.9201,0.0696733,596.741,0.0408067,3.64689,162.667,239.533,210.284
4.83333,202.833,52.4362,0.0769667,825.792,0.0389167,3.69385,167.167,244,219.178
1.35294,2.76471,1.69072,0.000441176,0.121082,0.813565,0.329382,249.235,252.529,250.929
3.88889,42.8889,7.19141,0.00691111,14.5069,0.319544,1.61287,227.556,248.111,245.544
5.25,100.5,11.8555,0.01365,66.3969,0.2846,1.94653,202,246.5,242.337
1.625,76,10.1426,0.02865,152.583,0.111038,2.81874,217.25,251.25,245.805
3.81818,71.4545,11.2425,0.0183182,63.5705,0.154364,2.44414,216.818,248.455,243.73
3.27273,94.4545,19.3402,0.0466545,318.986,0.0523455,3.33088,204.273,248.909,239.281
3.4,198.8,44.2766,0.0715,754.666,0.05164,3.61822,176.2,249.6,228.175
6.9,156.1,47.6539,0.07519,719.693,0.03352,3.72643,174.8,245.5,222.282
7.94444,134.667,41.5581,0.0572611,399.387,0.0362333,3.55397,178.333,240.444,221.162
5,221,108.795,0.0732,616.262,0.0291,3.7508,23,238,148.994
10.2857,183.5,80.4905,0.0963,1009.2,0.0230786,3.96994,153.786,235.929,194.471
0,0,0,0,0,0,0,0,0,0
11.625,169.125,78.3784,0.090975,843.67,0.0234125,3.91341,158.375,236.625,197.967
1.86207,3.93103,2.40841,0.000448276,0.125579,0.809066,0.332152,246.345,249.241,247.961
6,145.2,47.5063,0.0447,253.206,0.04608,3.332,97.6,232,189.65
0,0,0,0,0,0,0,0,0,0
8.21739,183.304,70.124,0.100983,1177.66,0.0294478,3.95178,164.739,240.217,206.595
4.64706,90.9412,17.6868,0.0280176,134.098,0.0941,2.84741,203.235,246.353,237.912
3.72727,159.909,28.6633,0.0374727,256.179,0.103282,2.97735,178.091,244.455,230.457
4.61538,116.077,21.4102,0.0283154,148.647,0.105208,2.79805,192.077,244.846,234.276
2.0625,37.0625,4.60768,0.00826875,22.2154,0.325994,1.67226,232.75,250.938,248.362
4.54167,167.542,44.6533,0.0878458,1040.51,0.0328667,3.83725,178.292,246.208,225.05
4,26,6.0469,0.0042,6.125,0.3643,1.3269,219,239,233.867
0,0,0,0,0,0,0,0,0,0
11.5238,166.857,65.3389,0.0684286,534.455,0.0324714,3.67223,155.714,234.667,201.738
10.4286,155.143,55.3153,0.0532143,327.52,0.0387,3.48361,168.286,235.714,209.871
0,0,0,0,0,0,0,0,0,0
