3.02979,39.4298,7.22241,0.00995745,34.1693,0.383597,1.59947,229.783,248.37,245.204
8.04651,183.035,67.8581,0.100373,1173.54,0.0251907,3.97903,165.663,240.814,208.299
25.9583,182.208,100.074,0.0577208,371.84,0.0348167,3.5446,145.667,222.792,180.935
7.53125,172.162,63.1532,0.0873387,893.302,0.0283469,3.86686,164.281,240.319,208.549
4.5,230.25,78.3086,0.159625,2790.55,0.015625,4.3305,166.25,245,209.498
7.80645,203,80.7542,0.120116,1597.13,0.0206677,4.12591,162.484,242.194,204.094
5.71429,217.286,73.5279,0.134129,2081.41,0.0228714,4.18927,165.571,245.143,211.24
7.25904,160.084,52.1449,0.071709,648.464,0.0397325,3.67245,166.386,241.03,214.394
5.57738,110.988,25.2096,0.0363446,215.905,0.0827113,3.03734,191.03,244.363,232.022
5.92647,133.846,34.7993,0.0554103,420.658,0.0522713,3.44775,182.25,243.522,226.566
