41,204.167,143.303,0.0622,425.54,0.0325833,3.59732,165.333,219.5,177.67
8.6,167.5,73.102,0.09044,895.143,0.02377,3.92918,155,235.3,196.06
5.41667,106.75,23.8076,0.0396667,240.115,0.066025,3.14739,189.25,242,230.188
5.2,135.05,35.7617,0.06504,578,0.05751,3.51913,186.4,244.6,227.897
4.21429,86.4286,16.0385,0.02815,131.453,0.0848214,2.88604,204.929,246.786,239.123
8.125,172.125,67.5357,0.0927875,954.311,0.02375,3.94401,158.25,236,202.217
5.8,155,49.3789,0.09126,988.619,0.02428,3.95048,172.2,240.6,217.584
9,169.75,69.7588,0.09675,1005.74,0.022375,3.98739,152.75,235.375,197.855
1.6875,3.3125,2.18507,0.00035625,0.0984375,0.845644,0.269313,247.25,250,248.897
5.33333,119,34.9816,0.062,477.377,0.0356833,3.60518,190.722,245.5,228.675
5.27273,222.909,75.0828,0.139527,2221.36,0.0233273,4.20781,168.818,246.818,212.771
4.4,173.4,43.6652,0.08572,943.785,0.03816,3.80636,172.4,247.2,225.305
5.22222,98.4444,14.3385,0.0168111,73.6028,0.199811,2.26071,208.222,246.444,241.388
6.04545,144,42.1911,0.0750773,705.105,0.0332091,3.73781,179,244.682,224.269
3.66667,39.6,6.76329,0.0065,14.5817,0.364293,1.51746,227.067,247.067,244.179
2.09091,3.81818,2.6662,0.000509091,0.132209,0.782618,0.371755,245.545,248.273,246.879
4.16667,47.6667,9.91667,0.01365,33.6923,0.149367,2.28155,224.5,246.5,241.916
3.57143,65.2143,12.3954,0.0219286,84.0161,0.125657,2.60596,219.071,247.143,241.883
4.83333,76.8333,11.8577,0.0160667,57.6681,0.191983,2.27588,214.083,246.583,242.244
19,203,114.891,0.09715,1017.88,0.02215,3.98695,151.5,228,175.971
1.875,15.25,2.83399,0.0032125,3.26565,0.433325,1.16699,244.125,250.875,249.476
6.38889,207.444,76.0015,0.126572,1793.4,0.0189222,4.17394,162.611,244.111,207.932
2.61538,53.5385,9.36959,0.0183462,65.0308,0.148423,2.44394,219.385,249.077,244.587
5.25,175.875,45.5137,0.0687333,661.375,0.0488417,3.59135,167.75,242.75,220.368
11.25,174.5,81.6045,0.099875,1083.37,0.021775,4.00923,152.25,233.75,192.356
7,141.5,54.2311,0.0610833,425.034,0.0337833,3.59493,178.667,241.667,215.768
11.5,152,59.1543,0.08045,724.521,0.026,3.85285,81,224.5,176.047
2,8.2,2.44998,0.00064,0.3125,0.77366,0.43416,245,249.4,247.96
4.63636,106.273,25.8864,0.0506091,352.595,0.0472182,3.41828,199.727,248,235.37
14.0833,175.167,83.8769,0.0710917,550.191,0.0287167,3.71806,159.25,232.833,193.433
3.66667,61,8.55312,0.0114733,37.8186,0.241413,1.96767,215.733,244.533,241.314
1,2,1.4165,0.0004625,0.117725,0.796313,0.3509,249.25,253.125,251.061
6.53333,191.733,68.9036,0.10926,1377.32,0.02188,4.05196,166.267,242.267,209.247
2.13333,40.4667,5.10912,0.00947333,25.0117,0.258247,1.85629,232.2,251.467,248.567
6.05882,138.412,34.3343,0.0619647,520.857,0.0396294,3.58316,180.235,244.706,227.538
5.44444,120.222,30.495,0.0535611,401.834,0.04925,3.4327,187.333,243.611,229.383
7.16667,135.417,43.2204,0.052075,324.313,0.0399917,3.46593,179.167,240.167,219.831
7.81818,155.227,46.9906,0.0675227,564.778,0.0376364,3.64857,161.591,238.455,214.026
5.2381,160.476,44.5378,0.0769952,749.178,0.0318476,3.76807,173.857,244.714,221.804
11.75,199.25,99.3073,0.0942167,948.346,0.0235583,3.94312,151.833,234.25,185.533
3.91667,130.833,16.3685,0.0292833,187.156,0.130025,2.72672,187.333,246.667,238.3
2.875,167.875,26.9678,0.0355875,255.233,0.1192,2.87871,181.625,245.625,233.115
4,242,80.2071,0.16775,3095.85,0.01545,4.33565,162.5,242,205.412
6.05882,157.412,33.5795,0.0500412,385.167,0.0675059,3.30725,172.824,242.059,225.72
2.5,180.667,35.7064,0.0865,1097.83,0.0359833,3.79067,183.667,248.5,232.129
7.25,182.25,72.4189,0.100275,1114.28,0.02145,4.01528,152.5,238.5,202.77
3,145.273,21.1662,0.0391545,311.255,0.0935727,3.02139,185.455,248,237.32
9.54545,195.818,82.5991,0.118291,1546.73,0.0231636,4.10713,161.727,240.091,201.624
70.3333,191.333,135.671,0.0429667,199.131,0.0438333,3.28723,185.667,212,193.535
11.6364,195,91.6367,0.105555,1181.93,0.0227091,4.02941,154.455,234,190.418
3.46667,101.333,22.388,0.0470333,320.204,0.0560133,3.32089,199.667,247.6,236.759
13.4,156.6,67.5703,0.04342,231.284,0.04634,3.30776,70.2,218.6,165.2
5,130.727,33.9606,0.0703182,640.694,0.0482909,3.61928,191.091,247.273,231.258
5.66667,163.222,51.3893,0.100722,1167.43,0.0233556,3.9929,174,245.667,220.209
6.88889,182.889,71.7565,0.0866444,868.47,0.0263333,3.87348,141.667,236,196.016
6.11111,184.333,61.2066,0.0890778,916.951,0.0265444,3.89401,169.889,244.111,214.329
5.86667,193.8,58.6753,0.0996267,1257.17,0.0314533,3.93441,171.333,246.333,218.64
1.66667,21.8889,3.08596,0.00457778,7.24722,0.401056,1.33081,241.889,253.333,251.144
0,0,0,0,0,0,0,0,0,0
1.625,3.625,1.92627,0.000475,0.139575,0.807513,0.349038,249.25,252.25,250.958
3.66667,83.0833,15.7438,0.0304583,161.332,0.103058,2.87573,212.333,249.167,241.881
14.875,191.25,96.9058,0.110863,1288.24,0.0200125,4.0789,150.875,231.25,185.197
9.75,180,89.3727,0.0899417,826.885,0.0233667,3.91193,148.167,233.5,186.465
5.28571,204.286,71.8795,0.0807857,791.381,0.0414286,3.73829,161.429,241.714,205.394
3,155.2,31.4789,0.08106,1014.24,0.04004,3.7261,181.8,247.4,232.417
5.58333,142,41.9554,0.0822667,845.518,0.02865,3.82936,180.417,246.167,225.146
8.14286,184.571,67.4018,0.0976571,1068.04,0.0236,3.97594,163.857,240.714,208.85
4.33333,150.667,29.7808,0.0539,442.444,0.0525889,3.41507,188.667,247.778,234.359
4.36364,112.091,24.0778,0.0301273,155.944,0.0973636,2.8588,189.364,244.182,230.689
6.44444,160.222,54.0773,0.0945333,1042.33,0.0240444,3.9537,177.889,244.778,219.586
4.3,88.2,20.9816,0.03483,181.409,0.07338,3.05728,205.4,244.3,233.959
8.125,181.75,58.7515,0.0827125,839.581,0.03175,3.79166,170.75,242.875,215.831
56.5,203.5,128.027,0.0579,369.398,0.0346,3.5404,26.5,155,91.4043
13.6,184.2,84.6727,0.09884,1046.19,0.0217,4.00274,156.8,232.2,192.412
5,197.833,58.5443,0.0871,1022.07,0.0385333,3.79395,168.333,245.333,216.396
3.5,9.91667,4.4489,0.00121667,0.688883,0.656975,0.665283,242.583,246.917,245.63
5,112.286,17.4721,0.0257714,137.01,0.122729,2.69817,199.571,246.143,239.31
3.25,62.8333,12.2396,0.0265583,121.562,0.10195,2.79743,217.333,247.833,242.049
5.58333,94.0833,25.1878,0.0449083,271.26,0.0504333,3.31583,204.333,247.25,236.192
5.92308,123.923,27.8393,0.0422385,278.215,0.0695846,3.19052,175.923,241.154,226.548
8.4375,156,50.7905,0.0644187,492.599,0.0334562,3.64196,160.625,238.562,212.263
13.5,190.5,97.429,0.0798,673.562,0.0259833,3.8137,139.833,230.333,179.073
2,161.333,13.056,0.0348667,413.746,0.270433,2.32437,191,251,244.044
5.75,175.5,45.041,0.0793625,877.547,0.032975,3.77081,170,245.875,221.937
10.1538,185.385,77.6896,0.0785385,726.781,0.0355,3.75199,152.923,236.462,197.188
7.11111,189.889,76.7018,0.0724444,619.414,0.0364889,3.70461,119.444,237.444,188.533
5.85714,146.143,45.1445,0.0868,901.842,0.0275143,3.8602,186,246.143,225.273
16,172.727,83.6833,0.0583636,378.814,0.0343182,3.55867,153.455,233.091,191.436
2,121,12.918,0.0304,290.779,0.2396,2.2656,204,252,244.855
2.14286,41.7143,7.71374,0.0175857,53.7958,0.124186,2.49989,232.286,251.571,248.069
6.375,113.75,31.1118,0.0525375,353.2,0.04245,3.46319,179.375,237.625,223.239
2.77778,17.7778,4.17623,0.00373333,4.49399,0.447578,1.20014,239.667,248.556,246.767
25.3333,205.667,128.268,0.0871,775.035,0.0241333,3.8801,107.333,222.667,159.299
4.30769,88.6923,18.8657,0.0370769,214.187,0.0696154,3.10261,204.769,247.154,238.481
0,0,0,0,0,0,0,0,0,0
6.16667,141.667,51.3477,0.0429833,227.371,0.0577,3.25143,157.667,240.5,207.824
3,27.1667,4.92926,0.00482222,8.04143,0.397789,1.34077,235.778,248.611,246.606
5,106.5,25.55,0.03647,211.588,0.08644,3.04562,186.8,243.1,230.336
7.2,153.55,51.8918,0.083925,799.404,0.026425,3.84858,172.3,241.45,216.551
5.06667,84.3333,17.1469,0.0235267,96.1653,0.104033,2.71423,203.6,243.2,236.152
