8.01493,136.813,39.399,0.050459,362.411,0.0603,3.34525,180.313,241.261,223.13
4.66667,228,81.4173,0.156267,2628.56,0.0156667,4.32287,166.667,245.5,208.113
8.6875,193.229,75.2891,0.109292,1358.68,0.0224313,4.05234,163.604,240.833,205.086
7.78571,177.119,64.8419,0.0953452,1072.97,0.0273905,3.93328,165.643,240.345,208.903
3.0303,38.9091,7.15773,0.00970996,32.6293,0.388191,1.58085,230.065,248.398,245.267
6.19863,108.123,25.9054,0.0348979,197.31,0.0848062,3.00583,191.219,243.788,231.144
6.03846,211.808,74.0841,0.127973,1875.43,0.0213154,4.16571,164.308,244.615,209.969
6.86111,165.935,54.0828,0.0743074,697.047,0.038737,3.70071,163.519,241.528,213.251
7.51562,171.758,63.4864,0.0866609,870.775,0.0275969,3.86479,164.008,240.422,208.346
7.80531,146.584,47.3605,0.0653062,532.926,0.039208,3.61678,173.708,241.018,218.133
