7.2,173.6,59.9568,0.09341,1047.74,0.027186,3.92038,168.38,241.08,212.279
2.37692,17.4154,3.76449,0.00330154,6.11061,0.5629,0.953694,240.7,249.669,247.821
7.97101,152.884,50.0342,0.0669942,564.539,0.0423725,3.61525,169.826,240.072,215.574
7.15094,160.679,51.7476,0.0793434,758.548,0.0324604,3.77779,170.396,242.302,217.084
6.21429,208,76.5762,0.1249,1730.76,0.0189643,4.16241,163.5,244.357,208.037
39.1,176.4,100.092,0.04618,249.261,0.04324,3.34813,96.1,203.9,158.941
4,255,75.4414,0.1608,2980.22,0.0164,4.3005,166,245,210.777
6.01887,137.566,37.0855,0.0603642,477.412,0.0435151,3.54713,181.736,244.094,225.852
4.1,83.3333,15.2809,0.025665,118.314,0.108453,2.75209,207.717,246.183,239.34
8.36667,190.567,70.2214,0.10586,1306.22,0.0227033,4.02653,164.467,241.167,207.663
5,221,82.0225,0.150525,2394.92,0.015775,4.31648,168.75,247.25,209.463
10.6842,192.263,89.7597,0.0775895,676.205,0.0281737,3.79018,119.895,232.526,178.613
5.11321,122.604,27.2785,0.0408226,263.119,0.0768038,3.13321,186.604,244.151,230.591
8.56757,184.919,78.6671,0.0865865,831.071,0.0266405,3.86606,151.216,236.568,195.461
4.36923,104.415,21.579,0.0335738,188.225,0.0906846,2.96174,195.492,245.292,234.204
4.64516,118.29,27.5192,0.0482726,340.2,0.0611355,3.3155,190.419,245.065,231.799
9.85714,200.071,87.0762,0.117636,1507.03,0.0223429,4.10386,160.714,239.714,198.933
7.77778,183.481,69.7211,0.101367,1178.09,0.028163,3.96809,164.37,240.852,207.198
6.05263,157.105,48.4627,0.0838474,869.231,0.0282868,3.84287,175.895,244.684,220.44
12.6,158.74,60.2229,0.05556,396.853,0.04892,3.46406,170,237.24,211.264
8.46,181.06,70.7074,0.09116,947.301,0.027182,3.90843,160.38,238.84,203.4
5.83333,216.25,71.1768,0.131558,2044.21,0.0240583,4.16955,165.25,244.917,212.223
3.73973,62.137,10.2948,0.0159096,54.4574,0.179804,2.28321,219.123,247.425,243.211
4,229,84.9727,0.1747,3211.48,0.0145,4.3708,159,239,200.047
5.36735,154.776,41.0326,0.0706857,669.497,0.044802,3.63426,176.776,244.347,224.438
