8.35897,152.667,50.6267,0.0649308,508.649,0.0348487,3.63662,166.923,239.59,214.522
8.28,180.92,70.2438,0.09498,1031.86,0.026496,3.93963,162.64,238.8,204.425
6.26923,149.5,46.1585,0.0821462,799.518,0.0287577,3.81961,179,243.923,222.201
5.25,223.75,80.3223,0.146075,2252.32,0.0162,4.29992,168.5,247.25,210.597
2.60976,22.4878,4.19999,0.00426829,6.19258,0.414654,1.28215,238.512,249.634,247.655
5.19048,100.476,23.1501,0.0435429,276.266,0.0624619,3.23865,199.524,246.19,235.734
9.54545,195.818,82.5991,0.118291,1546.73,0.0231636,4.10713,161.727,240.091,201.624
70.3333,191.333,135.671,0.0429667,199.131,0.0438333,3.28723,185.667,212,193.535
5.57692,173.462,52.6337,0.0884538,934.02,0.0305308,3.86741,170.346,244.038,217.93
4,242,80.2071,0.16775,3095.85,0.01545,4.33565,162.5,242,205.412
7.2,208,79.1149,0.12982,1899.42,0.01848,4.20588,154.8,242,202.886
3.61111,75.8056,14.1802,0.0268694,123.425,0.093525,2.82877,211.167,247.139,240.505
18.2,209.8,107.173,0.10956,1235.31,0.02038,4.06392,150.2,230.8,183.56
7.57143,189.619,67.298,0.104714,1292.86,0.0232571,4.01833,165.524,242.095,209.547
9.71429,183.286,74.6719,0.100379,1095.46,0.0214786,4.01641,156.429,237.071,201.02
4.21429,107.19,18.8545,0.0293238,162.23,0.1141,2.79561,198.024,246.143,236.855
5.03448,161.241,41.3451,0.069569,664.219,0.049569,3.59894,174.241,244.172,223.805
12.5263,190.895,92.3886,0.0947263,955.488,0.0230158,3.95601,150.789,233,187.463
7.79167,150.438,45.6713,0.0538083,394.948,0.0591083,3.39959,174.708,241.229,219.457
5.84615,125.385,32.2512,0.0403692,244.956,0.0717308,3.13719,177.231,241.769,224.16
4.8,128.567,31.7361,0.0577933,459.763,0.0500967,3.48323,190.667,246.367,231.313
4.2,65.55,9.98925,0.012705,41.2546,0.22141,2.07172,215.95,244.75,241.218
7,184.688,68.47,0.101375,1195.17,0.030825,3.94499,165.062,240.75,207.402
4.46429,104.5,24.9046,0.0499321,347.93,0.049275,3.39465,196.321,245.75,233.753
12.6,188.8,89.5379,0.071,565.021,0.02913,3.71975,128.9,233.7,182.927
2.89286,54.5,9.97852,0.0189821,65.9354,0.140036,2.48925,222.571,249.464,244.954
4.63889,98.5556,21.8624,0.0367944,211.145,0.0726833,3.0909,196.333,245.083,234.306
19.3333,152.333,79.8607,0.0425,218.79,0.0459667,3.29763,64,210,149.882
51.4286,202,138.98,0.0600571,398.016,0.0337286,3.56497,113.429,195,145.135
6,201.333,66.3594,0.131833,2026.42,0.0189333,4.2045,156,243.333,211.641
5.6,139.5,40.0441,0.075475,710.156,0.031725,3.74943,183.95,246.3,227.233
5,218.5,76.4102,0.1515,2485.25,0.0158,4.32535,170,248,213.584
6.9,196.2,74.6285,0.11105,1399.85,0.02078,4.0706,164.1,242,205.851
6.16,169.8,53.5081,0.077684,741.136,0.035908,3.75274,162.36,241.92,213.793
5.25,133.719,32.3117,0.0463781,316.336,0.0652656,3.26806,182.219,243.469,227.949
2.03175,5.42857,2.61372,0.000734921,0.383998,0.761822,0.439075,246.286,249.794,248.399
6.16667,208.25,75.3786,0.1251,1732.89,0.0189417,4.15957,168.417,245.5,210.498
4.1,166.6,43.7973,0.09239,1122.85,0.03028,3.88227,180.3,247.8,226.675
4.46667,158.067,42.6643,0.08756,1016.07,0.0301467,3.8612,179.6,245.4,225.549
5.95122,138.951,37.8493,0.0656854,573.25,0.0463122,3.58357,179.732,243.073,224.727
15.3571,191.5,95.1445,0.0795,705.406,0.02795,3.80006,133.5,230.286,180.809
8.80769,185.577,79.674,0.0861808,815.56,0.0270423,3.85756,155.038,236.692,195.626
8.42105,178.158,76.6211,0.0885158,877.144,0.0250211,3.90123,146.105,235.263,193.41
3,41.6757,6.4147,0.00894865,22.4153,0.283757,1.7862,229.162,249.216,246.147
3.11111,167.444,26.1875,0.0357667,258.979,0.113511,2.89998,182.556,245.667,233.729
4.66667,237,73.5443,0.126667,2121.75,0.0414333,4.00293,169,246,212.793
6.125,157.625,45.2902,0.0824208,870.122,0.0298083,3.81957,175.792,245.167,222.786
7.66667,151.5,54.7591,0.0463333,258.027,0.0439833,3.3587,116.667,232.5,191.483
5,84.5714,14.5518,0.0198,80.0463,0.157021,2.46771,207.857,244.75,239.141
7.23529,181.471,60.6756,0.0698,619.784,0.0453824,3.62784,155.765,238.941,207.602
