4.59459,96.3784,21.3584,0.0388054,230.882,0.0701378,3.13589,198.216,245.108,234.895
7.02,138.94,41.7482,0.062866,490.204,0.035536,3.61445,176.36,242.46,221.597
7.28,193.64,71.3927,0.107996,1363.83,0.023556,4.03638,165.08,241.88,207.421
7.41333,167.267,60.7793,0.0836373,814.243,0.0288453,3.83351,166.32,240.653,210.066
8.65789,187.184,71.7255,0.102334,1200.08,0.0267684,3.97966,163.237,240.316,206.136
4.5,230.25,78.3086,0.159625,2790.55,0.015625,4.3305,166.25,245,209.498
7.15217,165.859,54.9864,0.074238,691.446,0.0382598,3.70201,161.598,241.315,212.328
3.67391,63.3478,10.4313,0.0168935,59.5785,0.175224,2.3325,217.63,247.543,243.206
6.80769,125.577,28.6747,0.0329577,182.692,0.0974885,2.91854,186.346,244.038,230.05
4.72222,115.593,26.9173,0.0477722,329.675,0.0592315,3.31673,191.13,245.222,232.087
5.71429,217.286,73.5279,0.134129,2081.41,0.0228714,4.18927,165.571,245.143,211.24
4.41463,78.9268,14.6556,0.0228268,97.2851,0.121654,2.64252,210.634,245.317,239.35
7.63636,151,48.3845,0.0671394,571.405,0.0428939,3.61348,172.152,240.394,216.868
5.51429,138.486,31.8641,0.04138,270.462,0.0781857,3.13556,178.857,242.771,227.088
7.61404,173.947,61.4241,0.0933439,1041.17,0.0268825,3.9234,167.193,240.596,210.832
3,43.7907,6.77699,0.00981163,25.792,0.262421,1.8664,228.023,248.744,245.647
5.28,140.42,31.6229,0.05178,403.031,0.06818,3.33243,182.34,244,228.867
36.2222,177.778,98.8017,0.0464667,255.105,0.0434,3.35353,85.4444,203,154.503
23.7222,182.722,103.587,0.0598556,395.875,0.0336278,3.57393,159.722,229.278,187.873
7.95455,201.364,80.448,0.123618,1664.78,0.0188045,4.16024,162.773,242.545,204.687
4,26,6.0469,0.0042,6.125,0.3643,1.3269,219,239,233.867
7.3913,177.014,65.666,0.0888029,920.053,0.0277841,3.88418,162.87,240.406,207.217
2.04839,5.25806,2.62576,0.000720968,0.369761,0.765147,0.433623,246.306,249.774,248.379
4.10638,89.8511,17.029,0.0296489,151.093,0.0952085,2.87734,204.872,246.596,238.415
2.51163,22.6512,4.08113,0.00429302,6.57956,0.42054,1.27192,238.86,249.93,248.033
