10.4545,174.273,79.6392,0.0904455,842.047,0.0235455,3.90785,157.182,236.545,196.578
2.03077,5.73846,2.61587,0.000796923,0.447312,0.75226,0.458974,246.2,249.815,248.432
4.92,133.48,29.7998,0.045156,317.757,0.071776,3.22104,181.12,243.36,228.543
8.57143,149,47.7107,0.0674,547.832,0.0350714,3.65801,165.643,238.714,214.405
4,242,80.2071,0.16775,3095.85,0.01545,4.33565,162.5,242,205.412
3.875,155.375,38.0034,0.08455,1006.7,0.0343875,3.8077,180.875,245.375,228.002
4.71429,117.857,29.8493,0.0341429,176.104,0.0730714,3.03387,175.143,240.429,221.937
4.66667,225.667,70.0156,0.132767,2138.83,0.02945,4.12983,169,247.333,215.616
6.88889,199.556,74.9188,0.110844,1404.35,0.0207333,4.07271,164.667,242.556,206.901
7,245.5,92.3633,0.12535,1752,0.01895,4.15075,165.5,244.5,203.518
4.66667,143.111,36.8798,0.0765556,753.016,0.0339444,3.73671,187.333,248.111,230.736
16.3333,202.333,104.481,0.0982333,1023.02,0.0220333,3.97843,152.667,230.667,181.686
4.625,115.125,30.7896,0.058425,436.894,0.040025,3.52924,200.5,247.125,233.679
15.9,196.2,100.385,0.07848,707.672,0.02925,3.77963,135.8,231.6,181.652
4.08333,160.25,29.4346,0.0387083,264.111,0.095825,3.02568,181.25,245.667,231.651
5,218.5,76.4102,0.1515,2485.25,0.0158,4.32535,170,248,213.584
11.5,193.3,88.882,0.10508,1178.28,0.02299,4.02387,156.5,234.6,192.524
2.60976,23.2439,4.25125,0.00443171,6.8999,0.414383,1.29441,238,249.61,247.578
6.66667,184.667,66.4056,0.102608,1246.26,0.03115,3.9575,166.833,242.583,210.259
15,156,58.0195,0.0771,705.1,0.0256,3.871,49,215,154.148
6.125,175,55.5945,0.09225,1036.81,0.0293625,3.89836,172.312,244.062,217.683
2.83333,173.167,20.2591,0.03895,385.019,0.180283,2.71158,181.167,247.5,237.281
4.66667,183.667,48.4844,0.0552,413.711,0.0425333,3.4856,147.667,238,207.861
6,180.25,60.666,0.0886417,913.007,0.0267667,3.88179,168.083,243.417,212.844
5.07692,125.385,34.2572,0.0669538,573.482,0.0385,3.63945,188.231,244.923,228.254
13.75,202,105.587,0.1213,1517.99,0.018425,4.1575,146.25,232,179.933
3.9,64,9.20566,0.01178,38.9552,0.238085,1.99271,215.6,245.15,241.74
4.33333,197.333,47.916,0.0736667,752.563,0.04725,3.65305,174.167,249,225.497
4.58824,85.8235,16.0963,0.0253588,114.176,0.0974529,2.77613,205.412,245.588,238.421
58,217,142.496,0.0569,351.413,0.0334,3.548,6,162,80.3164
30,216.5,122.316,0.1114,1230.63,0.02075,4.04325,134.5,219,168.74
7.8,181.8,67.6375,0.0701,607.537,0.044,3.62924,165,240.2,209.951
13.25,167.75,90.8535,0.059625,393.032,0.032925,3.58595,133.75,231,176.508
4.125,102.583,23.8691,0.0484875,333.234,0.0507083,3.3678,198.833,246.875,235.324
5.375,193.625,66.4868,0.124875,1738.09,0.019225,4.15773,172,246.875,215.495
5.2,167.5,50.1082,0.09907,1163.97,0.02672,3.95496,175.2,246.2,221.62
6.8,148.65,47.8678,0.08377,807.336,0.02662,3.84649,178.95,244.25,221.81
2.89189,41.4324,6.52481,0.00981351,25.2697,0.263454,1.86826,229.622,249.541,246.375
6.5,162,42.8808,0.07595,864.852,0.0363,3.69175,92,232,196.193
7.41667,166.833,61.6944,0.09325,975.431,0.0236583,3.95136,160.333,237.667,206.239
2.25,210.5,35.9746,0.052025,643.86,0.12825,2.97997,170.75,250.5,233.589
7.14286,192.286,69.4632,0.116571,1563.15,0.0258714,4.07834,170.571,244.714,214.019
20.75,180.5,93.4687,0.06925,512.198,0.02895,3.68915,155,225,183.627
11.125,172.25,76.583,0.070925,556.178,0.0290625,3.71753,155.875,234.75,195.602
5.94444,143.833,41.6254,0.0745722,705.599,0.0344778,3.72149,181.111,244.889,225.156
58.5,178.5,120.428,0.046,224.331,0.04105,3.3468,185,216.5,193.996
2.8,163.8,34.3109,0.08562,1082.13,0.03246,3.8066,188.4,249.8,233.648
6.55556,151.278,47.3637,0.0836278,865.021,0.0283667,3.84391,175.611,244.667,221.334
5.07143,113.786,27.9127,0.05215,379.491,0.0507071,3.40433,190.571,244.929,231.838
6.5,147.75,60.9297,0.044625,220.28,0.04335,3.32582,155.25,241.25,201.632
9,208,107.184,0.1311,1811.2,0.0181,4.2016,105,235,172.762
94,217,166.156,0.0369,148.729,0.0494,3.1681,187,203,192.613
4.16667,197.167,44.1992,0.0744833,850.882,0.041,3.65403,166.5,244,221.992
6,151,72.2129,0.0622,410.846,0.03295,3.5869,198.5,245,215.531
4.58333,99.7917,20.8607,0.0370917,219.911,0.0759958,3.08542,195.417,244.75,234.584
6.5625,162.812,56.6409,0.0789812,737.775,0.0330125,3.78551,155.188,238.5,207.57
4.64286,167.214,42.8195,0.0862357,936.563,0.0347143,3.83004,176.357,246.5,225.727
8.25,149.5,48.7116,0.0693917,595.792,0.0377167,3.65562,168.75,240.417,217.342
3.55556,131.889,15.1984,0.0283222,187.508,0.144611,2.65337,193.444,249.556,242.389
12.375,189.125,92.7441,0.095125,937.206,0.0226125,3.95182,150.5,233,187.703
55,190,113.559,0.0589,387.383,0.0358,3.5328,47,148,102.492
8.5,229.5,93.9609,0.12575,1692.98,0.0178,4.17575,157,241,197.492
30.5,193.75,113.466,0.05875,386.935,0.03525,3.53908,185.25,233,202.795
4.64286,86.7143,21.9208,0.0358357,188.143,0.071,3.08282,205,244.429,233.929
5.45455,149,36.4737,0.0695455,652.943,0.0510364,3.59474,183.182,246.091,228.92
8.07692,180.538,69.4069,0.0841846,794.707,0.0271846,3.84727,156.385,236.308,200.5
7.5,154.5,54.7754,0.0442,245.99,0.04605,3.32285,68.25,226.75,173.815
39.8,202,138.625,0.06346,433.992,0.03132,3.61924,160.6,218.4,174.385
5,221,108.795,0.0732,616.262,0.0291,3.7508,23,238,148.994
7,206.833,72.3379,0.13035,1949.58,0.0186667,4.20927,161.5,242.5,208.829
5.47059,100.059,23.8837,0.0431824,274.112,0.0654059,3.22011,200.235,246.471,235.863
9.66667,180.667,79.7988,0.0788833,647.051,0.0256167,3.81678,143.5,233.167,187.533
3.58333,61.5556,11.2086,0.0195611,70.0037,0.140708,2.50642,219.194,247.778,243.109
4.25,142,26.6831,0.058175,528.58,0.0467375,3.49316,185.75,247.875,234.707
12.3636,180.091,81.06,0.100373,1065.43,0.0211364,4.02307,158.364,235.182,196.836
3.5,170,32.8795,0.0585333,565.246,0.1035,3.2483,175.167,243.167,226.603
6.71429,185.429,66.308,0.0983857,1103.73,0.0223286,3.99693,155.143,237.857,205.313
10.875,190,89.2984,0.094975,991.264,0.023625,3.9572,149.125,234.375,187.349
6,232.667,64.9636,0.0975,1269.88,0.0286667,3.9188,167,247.667,218.299
5.5,223.5,108.99,0.0908,937.506,0.0274,3.9109,153.5,238,184.318
5.375,107.125,31.8838,0.0631125,484.934,0.03345,3.63868,195,246.375,230.569
5,223.5,87.6348,0.14955,2304.59,0.01575,4.3076,167.5,246.5,205.342
4.8125,111.312,18.9365,0.0274313,144.92,0.1122,2.75946,196.375,245.75,237.297
5.125,181.625,54.7651,0.103625,1317.11,0.02415,4.00603,172.125,245.625,219.291
7.8125,145.812,46.4387,0.0651375,505.369,0.0331062,3.6551,162.5,239.25,214.814
7.40909,138.409,38.9529,0.0557545,396.652,0.0400455,3.5154,172.682,239.682,220.618
3.15385,63.5385,11.9339,0.0254077,116.347,0.107023,2.74862,217,247.846,242.138
4.5,109.25,31.2216,0.07235,641.948,0.030775,3.7227,199,247.75,232.916
6.46667,144.133,39.7034,0.0607667,475.042,0.0379667,3.57363,177.667,243.2,223.832
8,179.455,80.4734,0.0904545,887.941,0.0235818,3.93494,153.909,236.091,193.057
3.14286,157.714,24.4197,0.0479143,432.236,0.0934571,3.1686,189.714,248.857,237.843
37,165,118.75,0.0403,172.462,0.0475,3.2474,78,186,130.738
5.46667,93.6667,16.031,0.01914,78.4233,0.1636,2.42724,205.333,244.667,238.623
5.5,118.25,25.4548,0.0399083,253.974,0.074825,3.11892,175.167,240.167,226.136
8.33333,168.333,58.0456,0.0736333,634.493,0.0292333,3.75713,158.333,236,206.908
11.5714,198.714,108.993,0.0886857,815.937,0.023,3.92019,140.857,232.143,174.661
3.33333,81.2778,15.2613,0.0303611,154.373,0.0934833,2.90838,211.167,248.333,241.078
11.4,185.8,91.8664,0.11146,1327.93,0.01978,4.0952,154.8,233.4,187.463
11.4,163,65.5532,0.05474,338.042,0.03612,3.51574,165.6,235.8,204.633
5.35714,170.643,47.4944,0.07265,674.029,0.0319429,3.72827,164.643,241.429,217.215
