4.31496,93.189,17.9411,0.0288913,147.675,0.101189,2.83541,202.646,245.819,237.298
7.21239,144.381,43.4966,0.0578142,443.02,0.0496673,3.48757,177.788,242.372,221.598
5.83871,215.161,75.9468,0.133826,2029.28,0.0202613,4.19639,164.806,244.935,209.487
7.58519,168.059,60.5284,0.0828519,811.521,0.0295119,3.82244,164.481,240.822,210.128
7.62385,177.119,64.9753,0.093255,1016.66,0.0269606,3.9228,165.028,240.321,208.551
4.97297,119.955,27.9247,0.0442676,293.834,0.0680027,3.22679,188.018,244.36,230.586
6.97619,157.595,50.1032,0.0696889,619.642,0.042054,3.64254,167.333,241.056,215.279
39.6875,180.625,107.945,0.0504562,296.328,0.0400688,3.42094,114.875,208.188,164.527
8.56667,192.35,73.9397,0.10764,1332.9,0.024775,4.02545,163.7,240.717,205.627
2.7602,31.5714,5.77322,0.00742908,21.6635,0.435292,1.39398,233.694,248.985,246.379
