3.70588,85.6471,15.6914,0.0308235,164.902,0.0990529,2.89106,210.176,247.824,240.428
8,185.75,71.2745,0.119075,1553.21,0.019,4.1473,172.75,245.5,213.206
8.375,188.125,81.3389,0.0899875,867.168,0.0237125,3.92089,155.75,236.375,194.932
34.5,192,114.922,0.0815,710.708,0.0257,3.82695,172,225,189.26
2.03279,5.11475,2.59363,0.000696721,0.349525,0.769292,0.424582,246.361,249.82,248.406
4.9,186.8,61.3152,0.10689,1379.5,0.02309,4.02578,167.2,244.3,213.432
3.75,173.5,33.23,0.039725,286.814,0.0940875,3.03449,183.125,246.125,231.555
5,212.75,68.8965,0.12585,2042.28,0.0363,4.04013,158.5,244.25,212.237
8.14286,178.857,71.7941,0.0707,599.923,0.0396714,3.6608,162.286,239.286,205.04
4,255,75.4414,0.1608,2980.22,0.0164,4.3005,166,245,210.777
55.75,206.25,152.181,0.062,416.952,0.0329,3.58595,162,208.25,169.607
6.5,136,36.6777,0.063,511.078,0.0368214,3.61449,179.286,243.857,225.179
5.8,168.2,50.9992,0.090412,1027.57,0.030536,3.87621,172.92,243.8,219.205
6,177,75.1914,0.13,1686.21,0.0167,4.2093,174,247,213.02
6.35294,191.412,64.713,0.103235,1260.35,0.0232118,4.01182,168.176,244.529,213.114
7.73684,156.211,53.0214,0.0848684,860.529,0.0271,3.85934,173.316,243.579,217.857
6.80952,158.952,51.2667,0.0773286,728.121,0.0341762,3.75281,166.238,241.905,215.76
5.22222,103.222,22.883,0.0381667,225.362,0.0779889,3.09934,190.444,242.389,231.202
3.2,115.4,23.1781,0.05053,407.518,0.06049,3.31697,198.5,248.5,238.014
2.5,138,46.7305,0.09755,1117.47,0.02235,4.00035,189.5,251.5,226.674
6.75,208,72.0977,0.1295,1921.47,0.018575,4.20695,167.25,243.75,210.417
5.5,207,120.516,0.07515,647.565,0.0278,3.78535,61,238,159.307
7.38462,154.615,56.0889,0.0844462,793.667,0.0258538,3.86152,164.538,239,210.483
3.55,61.1,11.9527,0.02114,75.9971,0.125245,2.59021,218,247.15,242.024
5,218.5,76.4102,0.1515,2485.25,0.0158,4.32535,170,248,213.584
70.3333,191.333,135.671,0.0429667,199.131,0.0438333,3.28723,185.667,212,193.535
17.1667,187.333,103.75,0.0610833,409.242,0.03305,3.58503,181.833,239.5,202.429
37,165,118.75,0.0403,172.462,0.0475,3.2474,78,186,130.738
4.4,174.6,44.8956,0.0844733,927.437,0.0365533,3.79398,178.467,247.667,225.861
56.5,203.5,128.027,0.0579,369.398,0.0346,3.5404,26.5,155,91.4043
24,182,108.086,0.0566,379.508,0.0353,3.5302,93,222,154.707
7.66667,177.5,81.737,0.08085,727.908,0.02565,3.84115,146.667,235.333,191.049
10.9333,183.067,81.8828,0.0994267,1062.35,0.0216133,4.00409,157.4,235.333,195.817
5,88.8947,16.6176,0.0222684,92.9866,0.126189,2.61819,203.684,244.158,237.331
4,181.333,50.9492,0.0936667,1193.76,0.0483333,3.75788,170.667,245.667,220.59
4,182,56.2305,0.0478,249.175,0.0395,3.4054,65,238,197.207
5.4,107.067,27.9844,0.05206,355.141,0.0441267,3.45055,195.467,245.2,231.905
2.33333,219,41.9115,0.0567667,640.332,0.0851667,3.2412,170,251,231.522
3.84211,58.3684,8.88239,0.0116737,35.002,0.222716,2.02334,217.263,244.789,241.279
16.4,197.9,98.857,0.10787,1190.72,0.02009,4.05841,152.1,230.5,185.689
5.5,165.875,37.6514,0.057,461.392,0.0479375,3.48624,175.875,244.875,227.057
5.5,149.583,38.5413,0.0703083,654.761,0.048975,3.61174,184,246,228.479
13.75,170.833,74.9642,0.069325,537.996,0.0327083,3.67289,150.833,232.167,194.233
3.25,97.0833,21.9746,0.0477917,320.852,0.0506,3.35402,202.583,248,237.346
5,223.5,87.6348,0.14955,2304.59,0.01575,4.3076,167.5,246.5,205.342
4.5,109.25,31.2216,0.07235,641.948,0.030775,3.7227,199,247.75,232.916
15.3333,199.667,110.957,0.122333,1527.13,0.0185333,4.14567,142.333,230.667,176.142
4,229,84.9727,0.1747,3211.48,0.0145,4.3708,159,239,200.047
7.66667,237,88.8802,0.1241,1706.44,0.0185,4.15533,160,241.333,200.908
13,168,77.4258,0.0474,253.679,0.0395,3.4025,55,217,146.25
5.42857,127.714,48.3934,0.0388714,186.801,0.0606286,3.15801,167.714,241.571,209.381
8.5,223.5,106.596,0.1305,1790.92,0.01805,4.1943,135,241,186.029
4.28571,134.214,25.2132,0.0372286,252.641,0.101621,2.97271,179.786,243.5,230.599
4.78261,97.8261,17.7717,0.027287,135.696,0.102748,2.79596,199.609,245.348,237.243
10.125,167.5,71.0821,0.057525,377.541,0.0354375,3.55154,149.5,234.125,193.597
5.15385,170.692,43.1331,0.0693231,672.403,0.0498308,3.60122,163.846,241.846,219.411
5.28571,196,65.2433,0.124143,1745.5,0.0195857,4.15036,171.714,246.857,215.849
6.5,127.625,35.5095,0.0505625,331.298,0.04435,3.42829,177.562,239.688,222.273
7.33333,173.778,64.3971,0.100833,1135.7,0.0216111,4.01652,161.444,241,209.684
5.3,134.4,37.0742,0.07406,697.042,0.03507,3.71974,186.1,244.6,227.433
14.75,204,93.5195,0.076625,706.423,0.033875,3.71742,119.25,230.75,180.729
2.875,65.4375,11.803,0.0263563,120.943,0.10035,2.79491,217.062,248.312,242.602
2.83333,173.167,20.2591,0.03895,385.019,0.180283,2.71158,181.167,247.5,237.281
12.3333,191.111,95.0339,0.0940778,924.322,0.0235333,3.94152,149.778,233.889,186.812
7,190.5,70.08,0.122,1612.49,0.01835,4.1913,168.5,240.5,211.564
2.46667,47.9333,8.0349,0.0164267,55.8706,0.161767,2.35185,227.933,250.667,247.127
10.5,151.5,57.7461,0.07755,675.583,0.02585,3.84555,71.5,224.5,166.873
7.59091,137.636,40.3265,0.0559227,394.899,0.0399955,3.51331,173.818,239.636,220.124
9.75,221.75,93.1367,0.113725,1466.64,0.030575,4.01925,161.5,240.5,197.903
6.8,151.5,45.4164,0.08307,809.309,0.02707,3.83878,181.8,245.3,224.462
4.22222,88.7222,20.9855,0.0366611,201.998,0.0678167,3.10579,204.389,246.444,236.228
4,141.75,35.3774,0.07605,754.928,0.0348875,3.72734,188.25,248.375,231.299
4.33333,197.333,47.916,0.0736667,752.563,0.04725,3.65305,174.167,249,225.497
10.4286,187.857,83.6618,0.110486,1324.78,0.0198857,4.09123,159.286,235,195.309
3.85714,147.857,22.9174,0.0495857,425.517,0.0820714,3.25177,189,248,237.283
6.73333,164.533,57.4164,0.0920267,968.141,0.0239533,3.94713,166.067,240.133,212.119
8,155,46.4492,0.0799,861.025,0.0295,3.772,107,227,189.16
4.06667,128.6,17.4924,0.02976,180.074,0.117847,2.78383,191.4,247.4,239.454
5.93333,97.4,25.4016,0.0445333,272.19,0.0513133,3.30427,200.933,246.467,235.33
5.75,228,72.5361,0.139325,2168.88,0.0173,4.26157,170,246.75,214.014
6,229,97.625,0.0719,613.746,0.0301,3.7243,1,237,134.074
5,199.167,46.3665,0.0758,838.84,0.0397833,3.6723,166.333,243.167,220.423
5,169,39.3125,0.072,868.679,0.0431,3.6115,77,237,203.227
4.33333,123.167,29.8997,0.0640667,569.349,0.0438917,3.57712,191,245.833,231.386
7.92308,152.615,47.8642,0.0682769,594.215,0.0435923,3.61745,167.538,240.385,217.506
5.58824,118.588,35.1443,0.0617176,470.95,0.0360176,3.59702,190.588,245.353,228.569
12.3636,195.545,93.821,0.0947636,979.51,0.0233091,3.95953,149.818,233.091,185.248
7.14286,171.143,66.909,0.0904357,901.945,0.0237357,3.92896,161.571,239.214,204.283
6.47619,150.143,40.6938,0.0655476,555.121,0.0488952,3.57955,172.81,241.429,221.225
6.5,136,45.3252,0.043925,254.214,0.047725,3.31365,105.75,230.5,187.761
9.08333,154.5,53.6149,0.0649917,495.824,0.03305,3.64917,163.417,237.75,211.107
9,182.333,72.9475,0.0768,646.063,0.0273222,3.79217,155.222,234.778,196.796
5.125,82.125,12.78,0.01615,60.1073,0.191294,2.27618,213.125,246.188,241.741
2.5122,21.9024,4.00687,0.00398537,5.69716,0.427973,1.24144,239.293,249.927,248.098
3.16667,188.167,38.4036,0.0868667,1094.6,0.03595,3.79443,176.667,245.833,228.068
2.84375,38.8438,5.89283,0.00819375,20.1465,0.303919,1.70896,230.062,249.25,246.329
4,131.062,23.5723,0.0406813,303.294,0.0908875,3.06428,184.125,245.5,233.859
6.83333,202.5,80.6016,0.0837333,787.133,0.0284333,3.83895,155.167,238,196.622
10.7692,182.538,94.6568,0.0895769,820.876,0.0231846,3.91479,144.615,232.231,182.36
2.25,130.5,26.7764,0.07545,851.751,0.035925,3.7001,194.75,252.5,239.303
