29.6316,190.053,111.911,0.0617737,419.76,0.0327947,3.59573,143.895,219.263,174.273
2.83582,32.9303,6.00514,0.00771741,22.9699,0.428091,1.42077,233.219,248.891,246.235
7.58519,168.059,60.5284,0.0828519,811.521,0.0295119,3.82244,164.481,240.822,210.128
5.83871,215.161,75.9468,0.133826,2029.28,0.0202613,4.19639,164.806,244.935,209.487
8.56667,192.35,73.9397,0.10764,1332.9,0.024775,4.02545,163.7,240.717,205.627
7.62385,177.119,64.9753,0.093255,1016.66,0.0269606,3.9228,165.028,240.321,208.551
5.71304,122.817,30.2875,0.0446948,295.774,0.0648513,3.24429,182.957,243.13,227.614
6.0099,139.594,36.9471,0.0574149,446.528,0.0512109,3.47814,180.089,243.614,225.529
6.77419,157.5,49.9088,0.0697831,621.06,0.0421476,3.64331,167.226,241.169,215.35
5.68217,96.2558,21.1488,0.029793,153.306,0.0987837,2.86227,200.357,244.752,235.339
