62,184.75,131.44,0.0423,192.464,0.04475,3.27728,158.75,205.5,177.836
8,180.531,70.002,0.0908082,935.308,0.0270939,3.90489,161.878,239.449,204.498
6.92,137.6,44.1655,0.069388,588.583,0.041072,3.65281,182.08,242.68,222.507
7.3125,185.5,69.7837,0.071675,621.564,0.0370188,3.68816,136.312,237.688,196.428
6.58824,157.235,41.852,0.0640647,554.526,0.0504588,3.54517,161.941,238.824,216.29
5,82.8462,16.939,0.0235846,97.2545,0.104215,2.7143,205.923,243.846,237.038
5.33333,157.667,35.7223,0.0560667,448.648,0.0467917,3.47313,175.5,244,226.166
2.86364,26.5455,4.72444,0.00493636,8.04791,0.383136,1.36898,236.591,249.227,247.188
3.66667,54,8.14747,0.0102667,27.5309,0.238633,1.92326,220.75,245.667,242.325
5,102,15.9212,0.0194167,83.7396,0.1738,2.40997,198.833,244.833,237.967
2.78571,50.8571,9.52484,0.0188,64.894,0.133579,2.50031,222.429,249,244.762
8.85714,150.143,55.3287,0.0464,264.036,0.0436857,3.3682,96.4286,228.714,182.003
5.05882,129.588,26.2034,0.0399618,267.189,0.0840735,3.08672,185.765,244.324,231.931
2.37037,16.4815,3.52938,0.0031963,3.86544,0.477378,1.11101,242.037,250.111,248.422
8.09375,189.438,69.3295,0.105562,1296.73,0.0225906,4.02932,165.531,241.562,208.393
30.75,190.812,113.978,0.0602125,401.07,0.0336437,3.57525,141.688,218.375,172.954
5.66667,100.667,12.1823,0.0113,49.4458,0.308033,1.8277,202.667,244.667,241.079
3.25,62.8333,12.2396,0.0265583,121.562,0.10195,2.79743,217.333,247.833,242.049
9.3125,200.375,83.5305,0.117125,1507.97,0.022125,4.10292,161.562,240.125,201.248
5.60465,140.721,34.127,0.0515651,395.596,0.0704302,3.32165,181.442,243.442,227.32
4.53846,100.923,24.762,0.0496692,336.575,0.0477962,3.39555,199.769,246.692,234.955
5.46875,133.875,32.6727,0.0468656,323.224,0.0640406,3.28325,180.25,242.344,226.518
4.78125,97.2812,21.8993,0.038525,225.075,0.0698875,3.13389,197.5,245,234.57
3.72727,84.2273,17.726,0.0326045,173.102,0.0908909,2.95333,209.682,247.045,238.523
4.875,227,79.3155,0.15285,2521.44,0.0159125,4.31521,167.375,246.125,210.047
2.15789,39.8421,5.82566,0.0114316,31.3428,0.220942,2.02467,232.684,251.421,248.267
1.90909,4.34545,2.43992,0.000527273,0.182504,0.793964,0.368827,246.764,249.945,248.58
5,115.688,32.1658,0.0606688,465.49,0.0370812,3.5782,194.562,246.812,231.53
7.21739,144.739,43.5109,0.0639478,499.245,0.0350087,3.6348,172.043,241.174,219.328
5.2,130.4,29.9523,0.03482,193.992,0.0835667,2.99948,178.267,243.8,226.499
4.82353,157.118,39.2079,0.0693941,666.71,0.0491794,3.59881,176.059,244.559,225.275
3.64286,38.2857,6.70425,0.00650714,14.5488,0.365929,1.51509,227.429,247.143,244.224
13.9231,173,78.0487,0.0700923,534.661,0.0288769,3.70975,152.385,232.615,193.889
3.33333,64.5833,11.931,0.022075,85.942,0.1288,2.60083,219.75,247,241.981
4.125,117.75,19.5449,0.0275063,153.633,0.124919,2.71363,193.5,246.125,236.409
6.4,164.967,52.7132,0.0816533,796.49,0.0325633,3.79448,171.867,242.733,217.08
9.17857,183.286,82.1187,0.0876893,835.638,0.0251964,3.88376,146.929,234.714,191.236
3.76923,63.6923,9.31609,0.0129462,44.1301,0.218377,2.08865,215.462,245.846,242.106
8.63636,175.727,68.3942,0.0787091,732.371,0.0369636,3.74879,136.182,234.545,194.439
6.03226,156.613,47.4666,0.0828548,866.86,0.0292065,3.82757,175.806,244.903,221.125
8.11538,182.615,70.8173,0.100858,1165.86,0.0284923,3.95978,162.654,239.923,205.811
6.09091,152.939,45.6146,0.0772576,731.258,0.0303788,3.77543,176.667,244.848,222.472
4.36842,89.5263,17.1096,0.0282526,134.589,0.0915789,2.86291,204.316,246.789,238.615
0,0,0,0,0,0,0,0,0,0
4.73333,75.2667,12.769,0.0182867,66.6858,0.154353,2.43869,215.333,247,242.14
15.7273,195.909,97.9222,0.0797182,694.046,0.0266091,3.8104,141.636,231.818,183.95
7.6,174.109,61.3347,0.0931309,1038.72,0.0270727,3.92073,167.345,240.691,210.925
5,130.75,29.8311,0.0604583,539.022,0.0461583,3.51908,189.917,247.417,233.24
0,0,0,0,0,0,0,0,0,0
6.17391,211.043,74.7751,0.127209,1858.1,0.0217739,4.15507,163.913,244.522,209.292
