7.52778,167.194,61.3741,0.083825,816.63,0.0289319,3.83319,165.819,240.444,209.527
7,139.6,41.5788,0.062744,491.992,0.035816,3.6108,176.1,242.54,221.759
4.41463,78.9268,14.6556,0.0228268,97.2851,0.121654,2.64252,210.634,245.317,239.35
7.68657,175.179,63.2796,0.094906,1061.53,0.0264224,3.93721,166.179,240.537,209.828
7.62069,203.207,78.0989,0.124048,1718.17,0.0204862,4.15026,162.621,242.793,206.148
4.86792,117.981,28.3687,0.0483509,331.466,0.0555019,3.34223,189.868,244.717,231.058
51.4286,202,138.98,0.0600571,398.016,0.0337286,3.56497,113.429,195,145.135
2.03175,5.42857,2.61372,0.000734921,0.383998,0.761822,0.439075,246.286,249.794,248.399
5.06667,125.044,27.2864,0.0409689,267.803,0.0783378,3.12843,186.644,244.311,230.986
3,43.7907,6.77699,0.00981163,25.792,0.262421,1.8664,228.023,248.744,245.647
3.67391,63.3478,10.4313,0.0168935,59.5785,0.175224,2.3325,217.63,247.543,243.206
4.59184,104.306,22.2459,0.0359449,206.11,0.0796959,3.04699,193.898,244.816,233.49
7.62319,153.986,49.5743,0.0674087,575.142,0.0428594,3.61708,171.043,240.145,215.97
6.74118,162.482,51.2657,0.0744635,698.672,0.0384129,3.70312,169.859,242.341,216.816
5.3,138.7,31.3884,0.051954,404.079,0.067938,3.33608,183.4,244.22,229.242
0,0,0,0,0,0,0,0,0,0
8.36,191.92,72.3453,0.105508,1289.01,0.024996,4.01083,164.02,240.76,206.221
2.5814,22.8837,4.17833,0.00435349,6.69254,0.416088,1.28471,238.256,249.651,247.666
7.29577,176.451,65.1342,0.0888282,921.857,0.0277042,3.88547,163.338,240.521,207.639
13.1429,176,85.0826,0.05905,391.127,0.0344143,3.56589,163.357,236.429,197.382
12.1667,194.5,98.3704,0.0769,664.262,0.02725,3.798,55.1667,230.333,157.256
0,0,0,0,0,0,0,0,0,0
28.9,166.5,86.1625,0.04319,219.88,0.04579,3.29736,118.2,220.4,180.052
4.66667,226.833,75.7165,0.144517,2383.7,0.0225583,4.22635,167.833,246.417,211.864
4.10204,95.5102,17.449,0.0289224,149.035,0.102678,2.8347,203.265,246.857,238.459
