9,186.5,77.1504,0.05945,441.069,0.0377,3.5506,154,240.5,199.947
3.53846,116.077,23.7737,0.0518615,414.831,0.0574846,3.35293,198.538,248.462,237.548
6.36111,141.361,41.5947,0.0670611,582.921,0.0478611,3.59186,179.472,242.806,223.141
7.19355,149.548,49.0271,0.0838194,827.609,0.0272387,3.84522,177.032,244.387,221.001
6.83333,188.133,67.7272,0.10547,1300.72,0.0226333,4.03129,166.4,242.633,209.625
7.92857,177.929,65.0138,0.0963929,1082.1,0.0252036,3.95512,165.357,240.321,209.1
1.85714,3.89286,2.41058,0.000428571,0.120689,0.815711,0.323175,246.286,249.179,247.896
1.80952,19,3.06661,0.0038619,5.36013,0.437738,1.21889,242,251.619,249.762
4.2,184.4,46.6651,0.07604,784.306,0.04102,3.69905,171.867,244.733,221.881
0,0,0,0,0,0,0,0,0,0
4.87097,99.7097,21.5426,0.0374226,217.737,0.0728613,3.10167,196.032,244.613,234.348
9.66667,200.067,85.0766,0.11718,1500.18,0.02226,4.09929,161.467,240.133,200.413
3.33333,11,4.26151,0.00161667,1.13542,0.616056,0.762878,242.611,247.444,246.132
5,105.455,26.7088,0.0500788,338.504,0.0470303,3.40663,194.758,244.879,232.184
46.6,206.2,150.077,0.06184,425.28,0.0329,3.58938,167.8,215.2,175.923
5.33333,104.458,23.099,0.0417875,268.936,0.0692792,3.17406,195.583,245.167,234.624
4.33333,158.778,28.7787,0.0511222,438.493,0.0777444,3.28213,185.556,247.333,234.417
4.88462,137.885,31.5427,0.0449577,313.492,0.0709846,3.22347,181.538,244.077,228.788
13,171.375,75.6638,0.0696312,540.476,0.0318187,3.68539,155.75,232.875,195.211
6.72414,131.103,40.7618,0.0632724,481.536,0.0342621,3.62666,181.931,243.103,223.253
4.22222,109.944,20.3308,0.0306944,171.581,0.104617,2.85208,194.194,245.5,234.976
6.4,209.267,77.6365,0.125407,1741.41,0.0188067,4.16797,163.6,243.867,207.471
3.04762,27.0476,4.98289,0.00489524,8.25099,0.39579,1.3497,234.81,248.238,246.034
1.38889,2.88889,1.72722,0.000472222,0.128939,0.802978,0.3435,249.167,252.444,250.867
9.94737,185.211,90.7601,0.0883,809.376,0.0236421,3.90281,147.474,233.316,185.504
7.82759,175.034,66.4942,0.0865517,876.322,0.0269241,3.87047,155.897,238.31,203.033
0,0,0,0,0,0,0,0,0,0
5.4,140.7,41.6984,0.04214,245.898,0.06961,3.19395,164.6,241.3,215.928
11.7619,192.905,93.3291,0.0943286,961.474,0.0235286,3.94841,150.857,233.667,187.323
5.93333,167.667,53.1415,0.0908033,1016.33,0.029,3.8949,171.033,242.367,216.491
5,88.96,15.8674,0.021024,88.1767,0.138664,2.54698,205.88,244.6,238.312
5.03125,147.312,36.9561,0.0703875,672.843,0.0471031,3.62137,180.938,245.094,227.439
5.46154,216.538,72.07,0.134254,2096.1,0.0233538,4.18493,165.615,245.769,212.14
4.5,230.25,78.3086,0.159625,2790.55,0.015625,4.3305,166.25,245,209.498
10.5455,186.318,74.7928,0.102205,1184.77,0.0282682,3.9644,161.727,237.955,203.1
5.27586,171.172,50.3882,0.0873552,928.072,0.031,3.85188,173.276,245.103,220.126
3.28571,171.286,24.2355,0.0358,264.883,0.113929,2.89557,182.714,246,235.184
3.02941,42.0588,6.4452,0.00889412,22.1728,0.279412,1.79225,228.824,249.206,246.102
12.1667,194.5,98.3704,0.0769,664.262,0.02725,3.798,55.1667,230.333,157.256
45.6667,196.333,121.38,0.0574667,372.768,0.0348333,3.537,48.6667,177.333,112.505
2.83333,173.167,20.2591,0.03895,385.019,0.180283,2.71158,181.167,247.5,237.281
31.4444,167.444,89.661,0.0429333,215.292,0.0457444,3.2912,116.333,218.556,177.821
7.29167,136.875,39.4728,0.0559208,394.829,0.0396958,3.51675,174.5,240.083,220.889
6.34615,146,37.1387,0.0628846,527.854,0.0384231,3.598,170.077,242.077,222.816
3.71429,60.0357,9.42439,0.0137536,44.4512,0.203032,2.15601,219.929,246.464,242.929
13.4167,172,78.3386,0.0584583,382.529,0.034825,3.55687,161.917,235.5,197.98
3.92308,82.3077,15.6274,0.0282744,137.113,0.098341,2.8426,209.333,247.282,239.996
7.36842,161.763,55.4107,0.0776474,732.787,0.0325684,3.76142,165.974,241.684,213.714
3.29412,61.4706,10.9375,0.0202294,75.1283,0.138703,2.53191,218.441,248.059,243.281
8.125,187.125,66.5933,0.07325,650.957,0.0378417,3.69551,158.333,238,204.606
