3.68293,78.5854,14.6424,0.0265927,123.164,0.0988902,2.80206,210.146,246.976,240.14
5.66667,148.5,35.7784,0.0436267,297.675,0.0782367,3.17108,174.2,242,223.693
7.73913,167.13,62.6553,0.084713,826.367,0.0272203,3.84876,163.261,239.942,208.075
2.04839,5.25806,2.62576,0.000720968,0.369761,0.765147,0.433623,246.306,249.774,248.379
7.31343,177,65.4802,0.0892284,926.672,0.0275597,3.89071,164.388,240.597,207.675
8.36,191.92,72.3453,0.105508,1289.01,0.024996,4.01083,164.02,240.76,206.221
4.38462,104.135,19.9107,0.0312385,172.121,0.10021,2.88244,197.942,245.904,236.058
10.3793,164.793,61.8025,0.0672621,542.069,0.0361517,3.64503,156.172,235.69,204.118
3,41.9722,6.27333,0.00850833,21.2962,0.2955,1.74057,228.556,248.972,245.945
31.4444,167.444,89.661,0.0429333,215.292,0.0457444,3.2912,116.333,218.556,177.821
4.7027,79.8919,13.8541,0.0195297,75.5512,0.159738,2.45419,211.459,245.811,240.401
3.23684,55.4737,9.33265,0.0157553,52.0867,0.169818,2.30681,220.868,247.632,243.762
7.62069,203.207,78.0989,0.124048,1718.17,0.0204862,4.15026,162.621,242.793,206.148
4.76744,109.907,25.5929,0.0485302,333.55,0.0554302,3.34538,193.698,245.419,233.121
2.57143,22.3333,4.14445,0.00420476,6.0753,0.418012,1.27013,238.667,249.667,247.703
6.15,137.975,39.4698,0.06694,579.328,0.0452325,3.60254,182.725,243.475,225.043
7.74242,175.288,63.3138,0.0949591,1062.57,0.0264318,3.93693,166.348,240.561,209.918
6.70909,160.127,51.8307,0.0769564,731.65,0.0339909,3.75127,170.691,242.745,216.977
5.14815,108.241,24.9774,0.0398019,240.947,0.0693426,3.15223,191.778,244.278,232.103
12.1667,194.5,98.3704,0.0769,664.262,0.02725,3.798,55.1667,230.333,157.256
5.30769,141.346,33.413,0.0520942,402.459,0.0668423,3.34174,182.481,244.077,228.172
4.66667,226.833,75.7165,0.144517,2383.7,0.0225583,4.22635,167.833,246.417,211.864
6.56522,172.065,52.1469,0.0707652,656.979,0.0459283,3.62926,167.543,241.391,215.555
30.75,190.812,113.978,0.0602125,401.07,0.0336437,3.57525,141.688,218.375,172.954
6.4186,135.698,38.6606,0.0621977,486.103,0.0361814,3.60534,179.767,243.442,224.26
