7.46309,165.893,58.0925,0.0793617,756.849,0.0324805,3.77664,165.161,240.805,211.383
5.53846,217.692,74.1238,0.138546,2182.78,0.0226308,4.21112,166.538,246.308,212.121
7.42949,135.41,38.2238,0.0492551,347.856,0.0616436,3.32334,178.891,241.545,223.122
2.92417,35.1422,6.39492,0.00832844,25.9147,0.415202,1.47149,232.076,248.692,245.898
8.1194,150.91,49.1376,0.065859,547.066,0.0406955,3.61358,170.545,240.672,216.558
7.62963,204.074,79.2192,0.122711,1679.78,0.0206593,4.14262,162.889,242.519,205.317
5.64336,100.35,22.6272,0.0321259,173.026,0.0900643,2.93532,197.182,244.545,233.948
8.16393,188.902,71.4742,0.104503,1257.44,0.0249115,4.00602,164.033,240.869,206.643
7.44531,175.227,63.2678,0.090682,973.182,0.0274039,3.90049,164.984,240.594,209.169
4,242,80.2071,0.16775,3095.85,0.01545,4.33565,162.5,242,205.412
