3.77778,91.8889,17.5386,0.0318407,177.701,0.105552,2.88027,207,247.222,238.798
2.95652,26.8696,4.84919,0.00496087,8.33767,0.388648,1.36195,235.348,248.652,246.457
4.2,194.9,51.5441,0.07664,812.612,0.04359,3.678,167,242.9,218.178
8.11538,182.615,70.8173,0.100858,1165.86,0.0284923,3.95978,162.654,239.923,205.811
6.13043,156,45.5274,0.0825913,871.141,0.0298261,3.8204,176.043,245.348,222.722
5,134.097,30.5381,0.0450129,314.073,0.0741484,3.20862,182.387,243.581,228.811
4.64516,103.71,25.3609,0.0495774,337.197,0.0480516,3.3943,196.871,245.903,233.82
5.5,141.722,40.2971,0.0766667,732.002,0.0327889,3.7484,186.944,247.5,229.029
5.2,100.05,22.7902,0.0398375,242.594,0.06945,3.15058,196.475,244.825,234.174
6.45238,136.643,38.827,0.0621881,486.968,0.0362976,3.60432,179.143,243.31,224.039
5.77419,172.065,53.771,0.0888806,937.901,0.0295097,3.87774,169.516,243.323,216.704
9.3125,200.375,83.5305,0.117125,1507.97,0.022125,4.10292,161.562,240.125,201.248
11.8421,195.789,95.648,0.0942211,961.788,0.0236579,3.9471,150.211,233.474,185.84
2.86207,40.8621,6.01105,0.00831034,20.7815,0.29841,1.72868,229.724,249.517,246.624
7.16327,172.939,58.8689,0.0931184,1043.35,0.0273429,3.91874,168.735,241.224,212.897
13.4,204,106.55,0.07668,667.902,0.02748,3.79358,47.4,229.6,152.787
4.875,227,79.3155,0.15285,2521.44,0.0159125,4.31521,167.375,246.125,210.047
6.17391,211.043,74.7751,0.127209,1858.1,0.0217739,4.15507,163.913,244.522,209.292
10.96,163.76,61.8711,0.067776,536.267,0.0331,3.66522,157.52,235.32,204.169
4.23077,81.1538,15.8158,0.0242231,102.766,0.0991077,2.74084,208.769,245,238.442
0,0,0,0,0,0,0,0,0,0
9.04348,177.261,79.2887,0.0892087,867.89,0.0245304,3.90576,147.826,235.478,192.852
5.54545,95.9091,16.2436,0.0194273,80.7027,0.161355,2.44757,201.909,244.364,237.879
0,0,0,0,0,0,0,0,0,0
42.5556,201.556,135.995,0.0606222,407.95,0.0333333,3.57721,126.444,205.444,155.948
3.19048,69.7619,12.4526,0.0273952,128.885,0.0944238,2.83718,215.048,248.524,242.383
0,0,0,0,0,0,0,0,0,0
6.375,167.5,52.4453,0.0776792,736.137,0.0329458,3.76931,161.042,241.417,213.481
0,0,0,0,0,0,0,0,0,0
8.22222,163.056,56.2483,0.06935,592.761,0.0397722,3.64909,164.5,239.556,212.489
4.82353,125.176,26.9382,0.0346,194.853,0.0816529,3.00914,178.647,243.294,227.889
34.75,169.625,93.1079,0.04325,219.227,0.0454,3.30006,113.5,216.125,175.826
1.90909,4.34545,2.43992,0.000527273,0.182504,0.793964,0.368827,246.764,249.945,248.58
0,0,0,0,0,0,0,0,0,0
10.1333,186.2,88.8591,0.0874733,801.062,0.0238667,3.89651,149.6,233.333,186.9
4.14286,68.6667,12.4647,0.0203571,75.506,0.137867,2.53346,217,246.762,241.812
4.5,78.6,10.8773,0.01338,48.1133,0.23113,2.07537,211.6,245,241.309
8.09375,189.438,69.3295,0.105562,1296.73,0.0225906,4.02932,165.531,241.562,208.393
13.7778,191.667,91.5946,0.0785222,711.656,0.0292,3.78889,152.444,232.778,188.813
4,56.6471,9.196,0.0120941,35.7274,0.213571,2.06293,220.059,245.647,241.979
2.35714,16.75,3.52164,0.00322857,3.93453,0.474275,1.11763,242,250.214,248.512
4.77778,151.444,32.8513,0.0398944,258.995,0.0860333,3.08627,173.056,243.222,225.428
11.5,167.444,65.0942,0.0560167,381.173,0.0405667,3.49687,163.611,237.444,205.94
2.47368,48.6842,8.76748,0.0179737,60.9471,0.141826,2.45478,224.632,249.947,245.861
4.86957,105.522,21.0664,0.028713,142.337,0.0976174,2.84629,195.522,244.826,234.82
7.28571,148.286,49.7807,0.0843095,808.047,0.0264333,3.85098,178.429,244,220.6
5.37037,132.963,34.9967,0.0654222,569.406,0.0495148,3.57047,185.889,244.593,227.977
4.97727,136.023,30.4042,0.0520659,407.573,0.0701045,3.33052,185.636,244.614,230.249
4.7931,150.241,36.064,0.0688517,665.381,0.0496517,3.59056,179.207,244.759,227.15
6.72222,185.056,61.9724,0.0724111,649.939,0.0409333,3.67002,155.111,238.722,205.559
