8.23636,190.545,72.5033,0.105427,1277.39,0.0245745,4.01479,163.764,240.6,205.819
7.79268,176.415,63.9239,0.0933939,1031.23,0.0275439,3.92061,165.232,240.122,208.984
4.7027,79.8919,13.8541,0.0195297,75.5512,0.159738,2.45419,211.459,245.811,240.401
7.64516,148.71,47.2774,0.066172,551.145,0.0406376,3.61777,171.71,240.602,217.301
6.90385,165.846,54.0992,0.0745067,698.576,0.0382846,3.70582,163.442,241.635,213.346
3,41.9722,6.27333,0.00850833,21.2962,0.2955,1.74057,228.556,248.972,245.945
30.75,190.812,113.978,0.0602125,401.07,0.0336437,3.57525,141.688,218.375,172.954
5.63889,139.306,35.2071,0.0550403,423.886,0.0574903,3.42118,183.014,244.264,227.453
2.57143,22.3333,4.14445,0.00420476,6.0753,0.418012,1.27013,238.667,249.667,247.703
31.4444,167.444,89.661,0.0429333,215.292,0.0457444,3.2912,116.333,218.556,177.821
7.62069,203.207,78.0989,0.124048,1718.17,0.0204862,4.15026,162.621,242.793,206.148
6.07407,148.111,37.2953,0.0448148,301.419,0.0679852,3.23081,172.519,241.63,222.285
7.48696,170.522,63.2776,0.0861687,859.73,0.027033,3.86363,164.374,240.591,208.524
3.72973,76.4054,14.2762,0.0264811,121.297,0.0957027,2.81152,210.459,246.784,240.202
0,0,0,0,0,0,0,0,0,0
0,0,0,0,0,0,0,0,0,0
5.0303,116.424,25.7787,0.0406121,262.232,0.0803788,3.1152,191.242,244.818,232.677
4.16667,100.357,19.303,0.0301143,161.71,0.106352,2.84255,201.357,246.357,236.807
4.66667,226.833,75.7165,0.144517,2383.7,0.0225583,4.22635,167.833,246.417,211.864
3.23684,55.4737,9.33265,0.0157553,52.0867,0.169818,2.30681,220.868,247.632,243.762
2.04839,5.25806,2.62576,0.000720968,0.369761,0.765147,0.433623,246.306,249.774,248.379
4.775,106.725,22.3155,0.036335,211.331,0.0787575,3.05582,192.25,244.675,233.491
4.7907,111.047,26.0855,0.0489907,337.25,0.0518395,3.36685,192,244.814,232.202
0,0,0,0,0,0,0,0,0,0
0,0,0,0,0,0,0,0,0,0
