9.25,181.5,83.5601,0.0600375,399.541,0.0338125,3.57929,163.125,240.5,198.464
5,229.429,77.4174,0.137757,2196.37,0.0270143,4.17264,168.714,246.714,211.538
3.19355,48.9839,7.4685,0.0108774,31.6872,0.251989,1.93393,225.032,248.161,244.921
7.71429,204.571,83.2946,0.112871,1413.04,0.0200714,4.0869,161.714,240.857,201.474
5.36,166.28,49.1077,0.089548,1018.28,0.030416,3.87628,173.68,243.68,219.953
4,242,80.2071,0.16775,3095.85,0.01545,4.33565,162.5,242,205.412
5.91304,173.174,54.5279,0.0769739,740.617,0.0377391,3.73558,158.174,241.217,211.618
5.23077,121.692,31.7042,0.0548115,410.224,0.0468577,3.4565,188.385,244.154,229.123
10.6667,166.875,61.9473,0.0669875,538.46,0.0371667,3.63473,154.625,235.125,203.512
6.78378,168.135,55.0374,0.0834432,863.199,0.0294135,3.82753,165.108,241.973,213.691
4,178,55.2109,0.1271,1803.31,0.0187,4.1941,178,250,222.488
5,218.5,76.4102,0.1515,2485.25,0.0158,4.32535,170,248,213.584
4.66667,126.952,27.2383,0.0342238,197.841,0.0991333,2.94083,179.429,243.619,228.014
12.6667,197.867,86.6508,0.104253,1183.03,0.0234733,4.00976,152.733,233.8,193.402
2.75,214,46.7012,0.061325,648.961,0.071525,3.37527,166.25,248.25,224.852
4.93333,168.2,49.7867,0.0954333,1123.57,0.0272067,3.93038,176.2,245.733,221.795
4.5625,93.5,21.4735,0.0370062,211.395,0.0752094,3.08545,200.312,245.438,234.982
8.5,171.778,67.3184,0.0730722,611.248,0.0323667,3.72925,161.556,237.944,205.029
6.36364,211,77.212,0.124918,1726.49,0.0189636,4.15643,167.545,245.091,209.408
4.12121,72.5455,13.2031,0.0210712,83.6253,0.134812,2.56181,213.455,246.485,240.997
24,161.2,89.1399,0.05758,360.606,0.03406,3.54992,146.2,225.4,182.877
6.45238,136.643,38.827,0.0621881,486.968,0.0362976,3.60432,179.143,243.31,224.039
4.15686,93.9216,17.4441,0.0289216,147,0.0981686,2.84883,203.941,246.706,238.389
10.3333,179.889,74.7695,0.0987167,1064.25,0.0225444,3.99096,160.722,237.278,201.487
7.66667,187.333,70.8763,0.12005,1572.97,0.0187833,4.16197,171.333,243.833,212.659
9,217.5,99.8321,0.1318,1850.81,0.01735,4.22365,135,236,186.15
70.3333,191.333,135.671,0.0429667,199.131,0.0438333,3.28723,185.667,212,193.535
2.24762,12.3238,3.23308,0.00217238,2.83413,0.622386,0.778355,243.152,249.733,248.108
5.47619,164.286,42.0991,0.0699048,669.657,0.0456905,3.62295,169.714,242.905,222.012
4.6,129.6,32.7293,0.07,640.159,0.05024,3.60651,193.6,247.8,232.58
15.4444,190.778,95.4301,0.0806556,699.477,0.0257778,3.8247,157,231.222,187.296
11.8,206,96.6664,0.11618,1515.24,0.02842,4.04132,150.2,235.6,188.382
46.6,206.2,150.077,0.06184,425.28,0.0329,3.58938,167.8,215.2,175.923
11.6667,189.583,90.527,0.09495,993.838,0.0232,3.96348,151.583,233.5,187.754
9.88889,189,88.8774,0.0932389,920.414,0.0232556,3.94402,151.389,234.667,189.409
6,201.5,65.8314,0.130167,1979.12,0.0190833,4.19927,162,244.667,212.842
9.69565,186.652,86.9161,0.0874913,810.154,0.0250304,3.88489,149.696,234.478,189.045
5.93939,137.818,36.5777,0.0649424,566.969,0.0490667,3.56474,181.788,243.424,225.884
6.14815,148.444,45.3462,0.0818222,801.198,0.0290222,3.81533,179.222,244.222,222.827
6,142.591,41.5657,0.0759318,715.297,0.0315045,3.7513,182.227,245.955,226.226
5.33333,104.458,23.099,0.0417875,268.936,0.0692792,3.17406,195.583,245.167,234.624
4.73684,154.684,33.5853,0.0408105,269.641,0.0828053,3.11137,176.211,243.842,226.994
12.1667,194.5,98.3704,0.0769,664.262,0.02725,3.798,55.1667,230.333,157.256
56.5,203.5,128.027,0.0579,369.398,0.0346,3.5404,26.5,155,91.4043
7.61538,182.769,68.6031,0.107292,1334.82,0.0221385,4.04903,165.615,240.769,207.28
4.83333,117.13,27.6755,0.0479556,330.387,0.0576685,3.32787,189.222,244.426,230.937
6.16667,191.167,63.4381,0.101539,1251.81,0.0296278,3.95242,168.278,244.444,213.739
5.93103,170.655,52.5319,0.0885414,934.558,0.0301138,3.86942,171.483,243.966,218.302
5.32,158.12,31.5403,0.04906,397.419,0.08888,3.21604,177,244.04,228.787
13.4,156.6,67.5703,0.04342,231.284,0.04634,3.30776,70.2,218.6,165.2
