3.25,26.875,5.22631,0.00494375,7.55156,0.374894,1.38774,235.625,248.188,246.174
9.44444,187.944,89.2899,0.0874667,809.699,0.0250056,3.88966,147.778,234.222,186.984
31.4444,167.444,89.661,0.0429333,215.292,0.0457444,3.2912,116.333,218.556,177.821
5.27273,222.909,75.0828,0.139527,2221.36,0.0233273,4.20781,168.818,246.818,212.771
3.47826,62.2609,11.6073,0.0207217,76.3891,0.134787,2.55527,217.217,247,241.957
5.63333,142.5,41.3822,0.0756633,719.76,0.03262,3.74352,181.633,245.667,225.593
3.78788,76.7273,14.5645,0.0267394,122.111,0.0939,2.8247,210.273,246.848,240.061
4.35714,76.1429,10.8538,0.0144286,51.4491,0.214421,2.15287,213,245.857,242
3.30769,9.61538,4.11509,0.00106923,0.585569,0.685838,0.610385,242.846,247.385,246.011
4.90909,165.364,49.1147,0.0984909,1158.48,0.0265364,3.95344,177.364,246.909,222.932
1.72727,22.4545,3.20705,0.00440909,7.06023,0.424318,1.28328,241.182,253,250.782
7.72222,192.278,73.1597,0.109394,1369.24,0.0215167,4.06034,164.333,240.667,205.724
6.08571,137.657,39.9014,0.06716,584.164,0.0469,3.59479,183.514,243.6,225.06
8.34783,177.261,72.6719,0.0876565,869.278,0.0258304,3.88353,150.696,236.174,197.36
11.3684,186.158,84.8884,0.0961842,1009.02,0.0228895,3.97125,153.789,234.789,191.93
6.12195,172.073,50.0606,0.0702805,653.099,0.0470634,3.61938,167.634,241.927,217.003
1.7,3.6,2.22306,0.000395,0.112085,0.82989,0.297055,247.3,250.15,248.926
2.46667,47.9333,8.0349,0.0164267,55.8706,0.161767,2.35185,227.933,250.667,247.127
14.5833,197.167,94.4544,0.106133,1187,0.0226167,4.0271,152.833,232,188.56
5.96552,137.483,34.5057,0.0463759,319.425,0.0669138,3.2606,178.586,241.966,225.002
1.21429,2.71429,1.58956,0.000478571,0.133043,0.7987,0.354607,249.357,252.857,251.187
5.88,155.36,43.5028,0.081984,867.283,0.030176,3.81003,178.48,246,224.717
6.38889,207.444,76.0015,0.126572,1793.4,0.0189222,4.17394,162.611,244.111,207.932
5.40426,143.766,34.1125,0.0515574,399.744,0.0698128,3.32297,180.532,243.511,227.171
5.33333,104.458,23.099,0.0417875,268.936,0.0692792,3.17406,195.583,245.167,234.624
4.13333,56.6667,9.29036,0.0116467,32.295,0.212313,2.04847,219.2,245.2,241.473
4.95238,164.952,46.1118,0.0882952,1020.13,0.0317952,3.85853,176.619,244.476,222.825
6.44828,161.414,50.3283,0.0818759,798.597,0.032,3.80164,174.931,243.862,219.728
7.90909,179.818,65.2296,0.0966273,1081.3,0.0244636,3.9608,163.409,239.864,208.567
30.75,190.812,113.978,0.0602125,401.07,0.0336437,3.57525,141.688,218.375,172.954
4.23077,118.385,19.5663,0.0280615,158.426,0.122165,2.73435,191.385,245.654,235.511
2.16667,4.25,2.65593,0.000491667,0.132992,0.792825,0.360525,245.333,248.167,246.795
3.82609,84.4348,17.8629,0.0325435,172.149,0.0902261,2.95611,209.522,247.043,238.455
2.76667,39.6333,5.80665,0.00822667,20.7168,0.306783,1.70851,230.2,249.667,246.81
5.52941,91.5294,16.3594,0.0203353,83.5309,0.144835,2.51134,204.588,244.235,237.941
6.26316,191.105,65.6108,0.102032,1259.7,0.0290105,3.9652,167.263,244.053,212.038
7.2381,152.619,43.9557,0.0650143,544.51,0.0399571,3.60807,161.143,239.381,215.896
14,175,80.8804,0.0701769,539.437,0.0290077,3.70929,156.231,232.385,193.095
12.1667,194.5,98.3704,0.0769,664.262,0.02725,3.798,55.1667,230.333,157.256
4.9697,102.485,22.3314,0.0372182,215.634,0.0724091,3.09889,194.152,244.545,233.856
9.58333,180.167,70.4227,0.0786875,728.496,0.0325542,3.77402,154.333,236.792,201.357
4.58065,103.806,25.5808,0.0499871,340.483,0.0475742,3.40336,196.903,245.903,233.763
2.35294,16.1765,3.51977,0.00324118,3.53899,0.456241,1.14213,242.059,249.529,248.055
7.2,178.9,65.0752,0.09023,936.1,0.02811,3.89314,164.05,240.675,208.532
4,26,6.0469,0.0042,6.125,0.3643,1.3269,219,239,233.867
6.7931,146.379,40.5201,0.0621345,492.079,0.0371448,3.59757,173.69,242.448,222.057
5.44444,115.889,33.1224,0.0611444,465.411,0.0354667,3.59558,193.778,246.222,230.558
4,242,80.2071,0.16775,3095.85,0.01545,4.33565,162.5,242,205.412
9.54545,195.818,82.5991,0.118291,1546.73,0.0231636,4.10713,161.727,240.091,201.624
4.89474,151.421,34.759,0.0403474,256.946,0.0831632,3.10556,173,243.421,224.287
