6.4,209.267,77.6365,0.125407,1741.41,0.0188067,4.16797,163.6,243.867,207.471
5.88636,168.932,51.4374,0.08635,915.973,0.0301455,3.84995,171.409,244.023,218.399
5.23077,121.141,28.6176,0.0465538,314.843,0.0600987,3.29392,187.718,244.321,230.329
7.95918,174.735,64.0969,0.0933082,1025.81,0.0266735,3.92828,166.041,240.184,209.01
9.48,192.56,80.6161,0.0747,668.205,0.035168,3.71902,130.32,235.24,188.258
0,0,0,0,0,0,0,0,0,0
6.19718,155.732,45.1366,0.0743958,705.285,0.0387732,3.70275,173.972,243.789,221.678
8.58824,191.147,70.8709,0.104606,1281.54,0.0258441,4.00123,164.382,240.941,207.191
42.5556,201.556,135.995,0.0606222,407.95,0.0333333,3.57721,126.444,205.444,155.948
4.5,230.25,78.3086,0.159625,2790.55,0.015625,4.3305,166.25,245,209.498
7.02,138.94,41.7482,0.062866,490.204,0.035536,3.61445,176.36,242.46,221.597
4.07143,88.2571,16.722,0.0279014,136.389,0.0988914,2.82675,205.4,246.343,238.469
28.9,166.5,86.1625,0.04319,219.88,0.04579,3.29736,118.2,220.4,180.052
3.92405,65.5063,11.0934,0.0170709,61.098,0.169305,2.34747,217.405,246.835,242.4
9.86207,187.586,87.234,0.0912483,905.065,0.0243069,3.92168,147.586,234.517,189.067
2.38519,18.6,3.84187,0.00351481,6.77507,0.552152,0.98545,240.17,249.689,247.784
4.55714,110.871,23.3572,0.0363814,218.339,0.0870357,3.02397,192.2,244.786,233.086
0,0,0,0,0,0,0,0,0,0
5.46154,216.538,72.07,0.134254,2096.1,0.0233538,4.18493,165.615,245.769,212.14
0,0,0,0,0,0,0,0,0,0
7.59701,151.328,48.3812,0.0672134,572.284,0.0426881,3.61599,172,240.328,216.804
7.46032,167.206,61.0575,0.0838381,813.827,0.0292206,3.83145,167.016,240.746,210.312
9.11765,198.882,84.1949,0.116176,1487.09,0.0220706,4.09584,161.647,240.412,200.847
7.19355,177.806,63.4807,0.098629,1137.29,0.025571,3.96167,165.871,240.871,210.098
6.67213,145.23,39.9673,0.0530426,399.766,0.0620852,3.3737,179.852,242.836,223.896
