5.68182,159,33.0868,0.0495182,394.053,0.0840727,3.24241,174.909,243.318,227.337
4.03226,76.4516,14.4471,0.0239806,103.96,0.10911,2.70615,210.226,245.161,238.921
0,0,0,0,0,0,0,0,0,0
5.85,146.9,43.3086,0.082895,865.456,0.029165,3.82558,180.45,246.05,225.006
10.875,162.083,61.2197,0.0676,535.122,0.0333042,3.66205,157.667,235.5,204.624
9.3125,200.375,83.5305,0.117125,1507.97,0.022125,4.10292,161.562,240.125,201.248
6.17391,211.043,74.7751,0.127209,1858.1,0.0217739,4.15507,163.913,244.522,209.292
2.65625,13.7188,3.70936,0.00245938,2.56433,0.544444,0.943272,242.531,249,247.542
1.67391,3.5,2.14318,0.000445652,0.123917,0.810728,0.331128,247.413,250.457,249.058
8.1875,174.938,65.2234,0.0702,597.688,0.0394813,3.66579,157.312,237.812,205.262
16.2143,178.357,93.8893,0.0591929,390.123,0.0340929,3.56746,165.929,235.5,195.905
5,105.455,26.7088,0.0500788,338.504,0.0470303,3.40663,194.758,244.879,232.184
12.75,186.333,87.9893,0.0796583,720.668,0.0282083,3.80407,149.25,233.167,189.771
4.25,201.375,51.5298,0.075875,815.473,0.04705,3.6478,170.25,244.5,220.883
31.4444,167.444,89.661,0.0429333,215.292,0.0457444,3.2912,116.333,218.556,177.821
8.14286,151.19,53.1659,0.0848429,806.404,0.025881,3.86214,175,242.619,217.716
4.77143,97.5429,21.7335,0.0373743,214.029,0.0708343,3.10959,196.971,244.657,234.029
4.875,227,79.3155,0.15285,2521.44,0.0159125,4.31521,167.375,246.125,210.047
3.05714,43.1429,6.46887,0.00875143,21.8217,0.283414,1.77607,228.114,248.829,245.77
0,0,0,0,0,0,0,0,0,0
7.16327,172.939,58.8689,0.0931184,1043.35,0.0273429,3.91874,168.735,241.224,212.897
4.23077,119.615,20.5283,0.0293269,169.415,0.116931,2.77625,189.962,245.5,234.825
4.88889,138.852,31.1131,0.0446704,312.583,0.0708741,3.21779,181.852,244.148,229.153
12.1667,194.5,98.3704,0.0769,664.262,0.02725,3.798,55.1667,230.333,157.256
0,0,0,0,0,0,0,0,0,0
4.5,152.625,35.418,0.039675,251.513,0.0891,3.07115,170.938,243.062,222.933
6,181.409,51.6937,0.0698273,659.583,0.0484955,3.60384,162.5,240.864,214.554
7.63636,182.364,76.8707,0.0865909,801.363,0.0242636,3.89028,152.909,235.273,194.251
52.1667,199.833,134.362,0.06075,400.472,0.0328667,3.57785,100.833,190,136.975
7.52,178.92,67.3369,0.08656,880.757,0.026728,3.87389,154.28,238.64,202.42
5.24,139.96,37.39,0.072332,674.536,0.041012,3.67263,185,245.68,228.12
2.75,25.9286,4.5374,0.00479643,8.00759,0.398961,1.33884,236.393,249.393,247.17
8.11538,182.615,70.8173,0.100858,1165.86,0.0284923,3.95978,162.654,239.923,205.811
5.53571,170.964,52.8574,0.0889643,941.628,0.0300643,3.87373,169.714,243.429,217.1
4.66667,77.3,12.9087,0.0183533,69.0193,0.172367,2.3884,214.3,247,242.122
11.8421,195.789,95.648,0.0942211,961.788,0.0236579,3.9471,150.211,233.474,185.84
0,0,0,0,0,0,0,0,0,0
3.14706,53.9412,9.13522,0.0157235,52.39,0.172332,2.29967,221.235,247.706,243.867
6.45238,136.643,38.827,0.0621881,486.968,0.0362976,3.60432,179.143,243.31,224.039
12.4444,185.889,103.321,0.0906889,828.645,0.0233444,3.91396,141.444,231.111,176.887
0,0,0,0,0,0,0,0,0,0
5.85294,136.088,36.4654,0.0657529,574.578,0.0483,3.57499,184.471,243.941,226.843
8.09375,189.438,69.3295,0.105562,1296.73,0.0225906,4.02932,165.531,241.562,208.393
4.96552,124.793,30.514,0.053869,411.453,0.0548517,3.41162,188.793,244.69,230.188
0,0,0,0,0,0,0,0,0,0
5.82857,160.171,46.6708,0.0767429,738.36,0.0341286,3.74736,171.6,244.2,220.455
5.33333,104.458,23.099,0.0417875,268.936,0.0692792,3.17406,195.583,245.167,234.624
0,0,0,0,0,0,0,0,0,0
0,0,0,0,0,0,0,0,0,0
4,86.8611,16.5067,0.0295333,147.147,0.0937778,2.88445,207.194,247.25,239.513
