0,0,0,0,0,0,0,0,0,0
7.62069,203.207,78.0989,0.124048,1718.17,0.0204862,4.15026,162.621,242.793,206.148
5.95455,158.303,46.0227,0.0708667,655.11,0.0430803,3.64531,174.045,243.136,220.876
7.21951,165.085,57.0776,0.0811695,779.411,0.0307732,3.8024,168.634,241.841,213.514
4.52,104.82,21.9588,0.035574,205.481,0.085542,3.01999,194.04,244.94,233.756
12.0625,192.875,94.6763,0.0787,691.829,0.0280938,3.79531,110.562,231,173.234
5.05357,119.179,29.0078,0.0484607,333.087,0.0555339,3.34216,188.554,244.196,230.191
5.06667,125.044,27.2864,0.0409689,267.803,0.0783378,3.12843,186.644,244.311,230.986
4.16667,94.7917,17.6482,0.0291625,148.502,0.0970667,2.8584,203.312,246.771,238.285
7.65217,174.725,62.9226,0.0946101,1056.58,0.0264014,3.93597,166.58,240.681,210.163
4.66667,226.833,75.7165,0.144517,2383.7,0.0225583,4.22635,167.833,246.417,211.864
4.48837,78.5814,14.6912,0.0227721,96.2601,0.120791,2.64324,210.86,245.349,239.412
30.0588,188.824,111.529,0.0598412,396.804,0.0337765,3.5717,141.118,218.706,173.34
8.29412,192.059,72.6928,0.105498,1286.68,0.0249,4.01192,163.765,240.647,205.859
3.01786,36.5357,5.80169,0.007175,16.3667,0.329195,1.60009,231.018,248.804,246.076
0,0,0,0,0,0,0,0,0,0
7.63529,146.482,46.1724,0.06538,535.642,0.03992,3.61718,172.188,240.788,217.668
3.43396,60.4717,9.84972,0.0162566,55.9697,0.177192,2.30657,219.302,247.698,243.597
7.51724,174.793,64.7003,0.0880747,904.549,0.0275759,3.87809,162.437,240.046,207.263
5.47692,139.754,34.2945,0.0540185,417.632,0.0602938,3.39459,183.154,244.292,227.987
0,0,0,0,0,0,0,0,0,0
28.9,166.5,86.1625,0.04319,219.88,0.04579,3.29736,118.2,220.4,180.052
2.07143,8.67857,2.83106,0.00149762,1.52639,0.680937,0.634349,245.071,250.024,248.533
0,0,0,0,0,0,0,0,0,0
0,0,0,0,0,0,0,0,0,0
