7.53125,172.162,63.1532,0.0873387,893.302,0.0283469,3.86686,164.281,240.319,208.549
3.02564,39.2949,7.18904,0.00988889,33.7819,0.384834,1.5943,229.868,248.402,245.248
5,221,82.0225,0.150525,2394.92,0.015775,4.31648,168.75,247.25,209.463
7.23952,159.898,51.9716,0.071618,647.81,0.0397659,3.67122,166.545,241.102,214.557
7.80645,203,80.7542,0.120116,1597.13,0.0206677,4.12591,162.484,242.194,204.094
5.83333,216.25,71.1768,0.131558,2044.21,0.0240583,4.16955,165.25,244.917,212.223
8.04651,183.035,67.8581,0.100373,1173.54,0.0251907,3.97903,165.663,240.814,208.299
4,242,80.2071,0.16775,3095.85,0.01545,4.33565,162.5,242,205.412
6.01227,111.288,26.127,0.0359546,210.889,0.0834883,3.02799,190.258,243.902,231.16
8.4,139.539,43.0473,0.0553691,409.797,0.0501842,3.45466,178.061,240.915,220.906
