5.66923,95.9846,20.9714,0.0295769,151.637,0.0992969,2.85609,200.754,244.762,235.476
7.46667,202.933,77.277,0.124293,1729.81,0.02044,4.15144,162.8,243.033,206.73
4.81818,229.727,77.7415,0.145709,2412.43,0.0228727,4.23005,167.818,246.091,210.796
7.56716,167.634,60.1081,0.0820985,800.563,0.0299082,3.81442,163.657,240.716,209.993
5.73043,122.357,30.3812,0.0447174,294.543,0.0644183,3.24714,183.2,243.209,227.654
2.80905,32.4623,5.905,0.00757487,22.3918,0.431319,1.40823,233.372,248.925,246.294
8.32203,190,71.7493,0.104878,1268.19,0.0250034,4.00729,164.407,240.712,206.52
7.06612,157.479,50.371,0.0692868,612.905,0.0424579,3.63608,168.19,241.058,215.455
7.62037,176.278,64.5013,0.0923222,997.107,0.0269481,3.91651,165.185,240.389,208.689
9.44444,147.137,47.794,0.0576658,438.686,0.0492444,3.48697,174.256,239.897,217.898
