5.69767,95.8062,21.0378,0.0296194,151.079,0.0974791,2.86284,200.76,244.705,235.403
9.75833,147.767,48.8153,0.0579633,440.849,0.0487342,3.49245,174.05,239.617,217.258
5.69828,122.328,30.2263,0.0445397,293.931,0.0667405,3.23626,183.345,243.284,227.803
8.56667,192.35,73.9397,0.10764,1332.9,0.024775,4.02545,163.7,240.717,205.627
5.83871,215.161,75.9468,0.133826,2029.28,0.0202613,4.19639,164.806,244.935,209.487
6.752,157.272,49.6952,0.0696768,620.405,0.0421728,3.64189,167.432,241.264,215.56
7.62385,177.119,64.9753,0.093255,1016.66,0.0269606,3.9228,165.028,240.321,208.551
0,0,0,0,0,0,0,0,0,0
2.80905,32.4623,5.905,0.00757487,22.3918,0.431319,1.40823,233.372,248.925,246.294
7.58519,168.059,60.5284,0.0828519,811.521,0.0295119,3.82244,164.481,240.822,210.128
