7.62069,203.207,78.0989,0.124048,1718.17,0.0204862,4.15026,162.621,242.793,206.148
7.22951,174.902,61.9,0.0949984,1067.82,0.0266213,3.93556,167.197,241.115,211.191
4.04,95.24,17.3514,0.029024,149.72,0.101924,2.83901,203.38,246.86,238.502
8.36,191.92,72.3453,0.105508,1289.01,0.024996,4.01083,164.02,240.76,206.221
46.625,201,135.287,0.06055,401.619,0.0333875,3.57398,118.375,200.75,150.293
6.6,135.378,38.8652,0.0622956,486.073,0.0360644,3.60652,180.289,243.444,224.307
4.66667,226.833,75.7165,0.144517,2383.7,0.0225583,4.22635,167.833,246.417,211.864
5.36957,146.326,40.3246,0.0739217,702.549,0.0375457,3.70342,181.087,245.652,226.239
5.06667,125.044,27.2864,0.0409689,267.803,0.0783378,3.12843,186.644,244.311,230.986
3.67391,63.3478,10.4313,0.0168935,59.5785,0.175224,2.3325,217.63,247.543,243.206
9.53846,183.128,71.6533,0.0798872,749.349,0.032759,3.78679,151.359,237,199.789
4.66667,104.771,22.4475,0.0359854,206.587,0.0800021,3.04692,193.583,244.771,233.341
3,43.7907,6.77699,0.00981163,25.792,0.262421,1.8664,228.023,248.744,245.647
5.34545,119.4,29.8944,0.0485909,331.614,0.0547455,3.34904,188.218,244.018,229.487
8.13333,178.417,68.4252,0.09073,941.628,0.026865,3.90645,163.083,239.617,205.495
11.4348,169.478,71.0224,0.0685783,534.536,0.032013,3.6776,157,235,200.323
28.9,166.5,86.1625,0.04319,219.88,0.04579,3.29736,118.2,220.4,180.052
7.19444,164.556,58.9104,0.0845556,839.897,0.027625,3.84626,165.597,241.056,211.104
0,0,0,0,0,0,0,0,0,0
6.80645,184.419,63.0995,0.0709871,646.774,0.0446387,3.63595,147.097,239.226,203.765
6.13043,141.478,39.6284,0.0660891,576.364,0.0462304,3.58901,178.609,242.63,223.661
6.51724,145.983,39.7803,0.0528724,400.543,0.0633845,3.36617,179.672,242.948,224.069
2.5814,22.8837,4.17833,0.00435349,6.69254,0.416088,1.28471,238.256,249.651,247.666
4.41463,78.9268,14.6556,0.0228268,97.2851,0.121654,2.64252,210.634,245.317,239.35
2.03175,5.42857,2.61372,0.000734921,0.383998,0.761822,0.439075,246.286,249.794,248.399
