4.16667,197.167,44.1992,0.0744833,850.882,0.041,3.65403,166.5,244,221.992
9.18182,195.5,73.7166,0.103455,1250.62,0.0277045,3.97827,163.045,240.636,205.748
1.61111,3.61111,2.22309,0.000416667,0.11945,0.819822,0.314994,246.833,249.889,248.623
5.375,107.125,31.8838,0.0631125,484.934,0.03345,3.63868,195,246.375,230.569
4.57143,130.905,29.0324,0.0450286,314.83,0.0675762,3.23471,182.048,244.095,229.361
7.83333,182.917,80.0632,0.089925,887.43,0.0237667,3.92879,154.167,236.333,193.753
4,89.7,16.5442,0.02964,161.699,0.11663,2.80434,208.9,248.8,240.85
62,184.75,131.44,0.0423,192.464,0.04475,3.27728,158.75,205.5,177.836
4.875,116.125,25.6074,0.0350875,194.803,0.0720875,3.06585,174.5,239.625,225.05
4.38462,171,46.3005,0.0903385,1064.62,0.0282385,3.88725,181.923,247.538,225.937
4.2,153.1,38.4148,0.07761,760.668,0.03239,3.77124,185.8,247.9,229.476
5.4,119.8,33.9555,0.06046,455.901,0.03694,3.57892,197.6,245.6,230.694
6.6,202.8,68.3094,0.12992,1961.42,0.01908,4.20198,160.8,243.6,210.688
3,26.5,4.90078,0.004885,7.58791,0.38418,1.36619,236.4,249,246.945
5.33333,150.667,43.6133,0.0603,546.088,0.0507333,3.48127,124.333,238.333,204.757
12.8571,194.857,78.2907,0.0787,743.62,0.0399714,3.73201,168.429,239,205.465
3.58333,37.8333,6.63835,0.00634167,13.8149,0.369225,1.49985,228.333,248.083,245.086
2.13333,38.8,5.09662,0.00944667,25.0103,0.25956,1.85189,232.8,251.267,248.34
7.16667,120,33.0241,0.0521167,344.176,0.0420083,3.46003,178.833,238,222.888
6.72727,154.273,46.5618,0.0751818,720.818,0.0332636,3.72754,175.818,246.091,223.295
6.38889,144.056,44.4579,0.0830611,813.794,0.0275167,3.83333,180.333,245.444,224.114
17.6667,194,121.009,0.0892,814.49,0.0228667,3.9279,126.333,226.333,163.5
3.88889,49.1111,7.92882,0.0096,23.269,0.253689,1.87236,222.556,245.889,242.335
6.88889,187.778,68.9136,0.108239,1361.8,0.0217833,4.05369,165,241.556,207.985
2.90909,62.6364,11.1466,0.0248545,113.988,0.111882,2.71742,218.273,248.364,242.893
6.3125,114.562,26.0528,0.0420875,274.378,0.0731625,3.16213,189.375,244.125,232.387
4.7,104.1,25.6125,0.05044,353.576,0.04802,3.41187,200.3,247.8,235.352
4.8,112.267,19.5201,0.0279133,146.253,0.108787,2.78348,195.133,245,236.452
10.1667,180.833,76.1493,0.0995389,1078.29,0.0216333,4.00935,156.944,236.167,199.602
11,199.909,88.9737,0.118845,1529.71,0.0229364,4.10752,161.818,239.727,198.974
5,203.667,47.2689,0.0609167,612.341,0.0778667,3.35043,159,244,220.652
2.25,117.5,18.3486,0.0455,395.515,0.082375,3.1398,201,251.75,242.877
4,242,80.2071,0.16775,3095.85,0.01545,4.33565,162.5,242,205.412
9,217.5,99.8321,0.1318,1850.81,0.01735,4.22365,135,236,186.15
5.75,182.75,63.3838,0.127375,1759.1,0.018375,4.18125,175,246,215.694
5.5,82.5,27.0059,0.03485,178.215,0.0605,3.12055,195,240.5,225.098
14.3077,174.308,79.2329,0.0705308,536.622,0.0289308,3.7088,156.538,232,193.974
3,151.2,18.7102,0.0465,428.292,0.10084,3.11804,192.6,249.2,240.398
8,139.667,49.1471,0.0606667,419.658,0.0328667,3.60287,185.667,243,221.815
45.6667,196.333,121.38,0.0574667,372.768,0.0348333,3.537,48.6667,177.333,112.505
8.36364,169.364,67.2088,0.0741545,622.933,0.0279818,3.77339,150.364,235.636,198.633
7.3,120.5,37.7633,0.05734,396.008,0.03586,3.55856,178,238.7,220.718
4.75,83.5,16.8753,0.0237917,99.6688,0.10585,2.71253,203.667,243.25,236.124
7.66667,176.533,65.5727,0.08428,798.565,0.0268667,3.85133,159.933,237.8,204.561
5.14286,84.2857,12.0642,0.0137714,49.7631,0.2344,2.0926,213.714,246.571,242.533
3.63636,63.9091,12.7383,0.0223182,82.1629,0.126209,2.61869,219.909,247,241.713
0,0,0,0,0,0,0,0,0,0
3.54545,129.818,15.5412,0.0285636,193.509,0.154655,2.63046,195.091,249.455,242.27
2.66667,53.1667,9.55664,0.0188333,66.1806,0.138025,2.487,219.167,248.75,244.25
3.75,148.25,37.938,0.085225,922.134,0.0295125,3.83484,182.75,246.75,227.951
1,2.33333,1.36523,0.0005,0.14445,0.784133,0.375417,249.5,253.667,251.456
3.85714,174,31.6518,0.0395571,291.924,0.0970143,3.01519,181.286,246.143,231.859
4,154.5,23.0283,0.044375,399.752,0.155575,2.92455,177,246.5,234.771
3.25,178.5,23.0059,0.04195,380.008,0.1331,2.92425,183.5,248.25,237.314
5.5,132,41.3252,0.059225,454.888,0.0411,3.52585,167.25,241.75,218.146
4.6,96.2667,22.1807,0.0408933,249.737,0.0647933,3.18743,198.867,245.8,234.999
7.72222,177.889,66.9635,0.101406,1166.7,0.0254389,3.98054,166.722,240.944,208.659
6.4,163.667,54.5721,0.0785133,738.957,0.03432,3.7704,154.4,238.333,208.621
5.81818,166.045,50.4084,0.0896727,1009.66,0.0307773,3.87449,170.091,242.136,217.596
5,221,82.0225,0.150525,2394.92,0.015775,4.31648,168.75,247.25,209.463
5.41667,132.75,36.9284,0.0742417,693.076,0.0337833,3.73294,186.25,245.333,228.254
2.45455,4.63636,2.94532,0.000454545,0.125,0.804627,0.344564,245.182,247.727,246.465
5.5,165.875,37.6514,0.057,461.392,0.0479375,3.48624,175.875,244.875,227.057
5.61905,145,33.824,0.0615667,542.981,0.05,3.51703,178.857,244.143,227.426
0,0,0,0,0,0,0,0,0,0
7.16667,149,52.4929,0.04515,253.285,0.0449833,3.34375,90.5,229.5,182.417
5.33333,103.167,14.9538,0.0180167,78.6465,0.193167,2.31807,201.333,245.667,239.897
10.3333,193,85.1671,0.0777,691.493,0.0300111,3.7686,148.333,233.667,188.856
5,221,108.795,0.0732,616.262,0.0291,3.7508,23,238,148.994
5.2,132.9,34.3176,0.06981,637.244,0.05038,3.60199,190.1,246.7,230.542
4.45455,145.455,33.0341,0.0386818,245.122,0.0989,3.02204,179.818,243.636,226.825
4.25,84.1875,16.0666,0.0281875,131.187,0.0842562,2.89031,205.562,246.562,238.98
3.3125,11,4.24805,0.0015875,1.0875,0.618425,0.756706,242.5,247.438,246.071
4,89.625,19.4756,0.034825,182.208,0.0766,3.04146,208,245.25,236.175
5.25,77.8333,13.9762,0.0188333,71.191,0.143467,2.48178,213.25,245.917,240.895
1.85,18.2,3.06642,0.00365,4.84793,0.44958,1.19144,242.15,251.35,249.559
41,204.167,143.303,0.0622,425.54,0.0325833,3.59732,165.333,219.5,177.67
5.85714,179.905,55.1311,0.0881667,930.335,0.0315667,3.85837,169.667,244.476,217.145
2.14286,41.7143,7.71374,0.0175857,53.7958,0.124186,2.49989,232.286,251.571,248.069
3.4,116.2,25.2906,0.05324,418.308,0.04754,3.41802,198.8,247.6,236.387
3.88889,61.3333,8.87673,0.0117444,36.144,0.231278,2.00789,213.444,242.333,239.28
0,0,0,0,0,0,0,0,0,0
3.125,57.5,8.53223,0.012875,44.8015,0.22435,2.06706,221.75,248.5,244.834
7.95652,157.826,55.2615,0.0853261,862.355,0.0270174,3.86175,163.957,241.174,212.885
3.41667,95.8333,21.4053,0.0472917,318.671,0.0511333,3.34208,204.25,248.667,238.51
8.66667,188.222,92.4562,0.0899889,827.05,0.0236111,3.90542,149.667,234.889,185.931
7.52381,142.619,44.8452,0.0645095,498.944,0.0335429,3.64769,170.714,240.286,217.794
4.66667,225.667,70.0156,0.132767,2138.83,0.02945,4.12983,169,247.333,215.616
1.5,69.25,10.1436,0.030825,156.471,0.077025,2.97743,222,251,245.898
11.125,191.188,91.6399,0.0941187,948.152,0.023325,3.94743,152.438,233.812,188.944
6.11111,219.222,79.0386,0.123111,1709.23,0.0193222,4.14969,164.889,244.667,208.554
7.27273,150.182,38.7695,0.0532182,385.351,0.0453182,3.44575,169.364,239.455,220.519
4.82353,90.7059,21.2208,0.0378529,213.305,0.0616941,3.1487,199.882,245.059,235.064
14.2727,171.091,81.5149,0.0588727,381.183,0.0340455,3.56515,162.727,235.273,196.453
5,135.333,58.6328,0.0409,178.443,0.0461667,3.23787,160.333,242,201.077
5.05263,169.316,43.8016,0.0696105,669.29,0.0470105,3.61166,169.947,243.105,221.539
6.92,141.24,44.6909,0.068856,580.699,0.041368,3.64556,180.12,242.36,221.638
12.125,191.875,91.7334,0.096575,1010.37,0.02325,3.9664,149,233.75,186.433
1.58333,3.16667,1.90821,0.000458333,0.121183,0.8124,0.327542,249,251.833,250.572
19,192.667,105.053,0.079,702.328,0.0264,3.8221,63.6667,224,155.316
