3.58333,115.417,25.2119,0.0512917,402.528,0.0567333,3.36017,193.167,245.75,233.897
3.33333,54.3333,6.38022,0.0073,18.6403,0.32615,1.5896,219.5,245.833,242.682
1.86207,3.93103,2.40841,0.000448276,0.125579,0.809066,0.332152,246.345,249.241,247.961
6.9,196.2,74.6285,0.11105,1399.85,0.02078,4.0706,164.1,242,205.851
3.6,56.6,13.2484,0.02308,78.1592,0.08742,2.74617,220.7,247,241.478
11.8,206,96.6664,0.11618,1515.24,0.02842,4.04132,150.2,235.6,188.382
1.35294,2.76471,1.69072,0.000441176,0.121082,0.813565,0.329382,249.235,252.529,250.929
70.3333,191.333,135.671,0.0429667,199.131,0.0438333,3.28723,185.667,212,193.535
8.04762,148.762,53.1038,0.0856429,828.307,0.0258905,3.87158,178.476,244.333,219.318
4.54545,89,22.0018,0.0352545,183.042,0.0713909,3.07269,204.091,244.364,233.498
6.03846,137.808,38.3706,0.0664077,578.446,0.0509077,3.57041,183.962,243.846,225.886
5.71429,143.857,42.7413,0.0802714,774.399,0.0308143,3.78536,182.143,245.071,224.988
5.125,78.625,15.4878,0.0219125,88.8516,0.121238,2.61395,205.375,241.875,235.828
13.4,156.6,67.5703,0.04342,231.284,0.04634,3.30776,70.2,218.6,165.2
12.1667,194.5,98.3704,0.0769,664.262,0.02725,3.798,55.1667,230.333,157.256
5.48148,106.889,28.5148,0.0512407,343.944,0.0447741,3.43472,192.63,243.593,230.134
5,125.364,28.4844,0.0424091,295.59,0.0755818,3.1673,173.273,241.273,225.262
4,242,80.2071,0.16775,3095.85,0.01545,4.33565,162.5,242,205.412
7.77778,141.611,39.0907,0.05495,389.074,0.0412222,3.49256,171.833,239.444,220.654
15,179.571,90.6825,0.0605714,396.915,0.0330429,3.58344,175.714,239.429,201.947
7.26316,149.421,44.4387,0.0618526,475.712,0.0365053,3.59416,169.684,240.895,218.384
11.3571,196.857,96.5935,0.09425,948.026,0.0233143,3.94956,151.571,233.857,186.344
5,141.688,33.804,0.0473875,320.879,0.0567125,3.31628,184,244.5,228.822
14,191.636,92.2848,0.0795727,711.817,0.0283455,3.80008,152.909,232.545,188.25
5.3,122.4,23.5766,0.03805,255.518,0.08264,3.05537,179.1,242.1,230.242
7.26087,188.261,66.1289,0.104809,1288.36,0.023,4.02457,167,242.783,210.809
6.84615,159.154,56.4029,0.0810154,740.562,0.0263154,3.83712,154.385,238,207.162
3.75,143,34.9375,0.083375,909.534,0.030425,3.81785,190.5,248.25,232.192
4.23529,89.4118,15.892,0.0275941,133.301,0.095,2.83702,205,246.941,239.532
6.5,190.5,57.5247,0.0856667,909.657,0.0297167,3.83995,176.667,248.333,221.424
5,172,46.8407,0.08725,944.65,0.0344714,3.83766,171.357,245.143,221.795
6.05263,135.842,34.838,0.0623474,518.895,0.0386579,3.59333,180.947,244.368,226.977
0,0,0,0,0,0,0,0,0,0
3.33333,195,49.5286,0.0746667,763.946,0.0558667,3.63963,183,252,228.772
4.41667,88.25,19.4749,0.0375833,212.288,0.0635583,3.13545,204.75,246.833,237.923
6.66667,144.333,63.0143,0.0443333,206.651,0.0424,3.31683,162,242.667,202.133
8.47059,177.647,75.25,0.0885882,877.448,0.0250941,3.90014,147.118,235.353,194.159
46.6,206.2,150.077,0.06184,425.28,0.0329,3.58938,167.8,215.2,175.923
6.5,154.083,46.1898,0.0752667,717.965,0.0328667,3.73406,174.583,245.917,222.642
9,181.071,73.6417,0.09985,1086.55,0.0216214,4.00829,156.857,237.571,201.706
5.4,141.533,37.1328,0.0705133,649.982,0.04556,3.6293,186.867,246,229
6.75,210.25,80.8633,0.12445,1674.24,0.0181,4.17955,162.75,242.25,205.446
2.78571,38.8571,5.92606,0.00837143,21.0006,0.300436,1.72946,230.607,249.821,246.871
7.38462,164,60.0685,0.0934308,987.912,0.0233846,3.96239,163.462,238,208.377
8.4,183.8,72.9836,0.1208,1562.61,0.01852,4.16288,173,244.6,212.434
0,0,0,0,0,0,0,0,0,0
4.5,149.167,31.5609,0.0526167,427.702,0.0689417,3.33872,189.167,247.667,233.567
3.25,62.8333,12.2396,0.0265583,121.562,0.10195,2.79743,217.333,247.833,242.049
0,0,0,0,0,0,0,0,0,0
4.95,98.2,23.1721,0.04422,287.014,0.062305,3.25111,202.15,247.7,237.141
7.2,154.667,45.2943,0.0654467,543.356,0.03736,3.61935,155,238,212.704
5,77.3333,11.9036,0.0138,44.3382,0.206483,2.15817,209.5,242.667,238.86
4.4,190.9,48.5844,0.07748,815.64,0.03541,3.72845,165.9,242.2,218.522
0,0,0,0,0,0,0,0,0,0
12.75,186.25,87.2087,0.0975083,1027.07,0.0228333,3.97815,152.917,233.667,190.404
0,0,0,0,0,0,0,0,0,0
0,0,0,0,0,0,0,0,0,0
5,197,46.29,0.069275,735.432,0.0598,3.53073,161.75,244.25,220.494
0,0,0,0,0,0,0,0,0,0
56.5,203.5,128.027,0.0579,369.398,0.0346,3.5404,26.5,155,91.4043
8.0625,183.125,69.3413,0.10065,1180.75,0.0309125,3.93984,164.062,239.688,206.356
6,207.1,74.8613,0.12508,1753.37,0.01931,4.15556,163.8,245.2,209.074
6.15385,162.308,46.3768,0.0816462,873.401,0.0305692,3.81024,171.462,244.385,220.904
9.72222,184.833,90.38,0.0884611,812.175,0.0236333,3.90407,147.056,233.333,185.442
0,0,0,0,0,0,0,0,0,0
2.23077,47,7.77254,0.0168308,57.5304,0.155038,2.38425,228,251.154,247.59
5.09091,132.091,36.4666,0.0741818,695.055,0.0343727,3.72633,187.455,245.364,228.431
2.83333,173.167,20.2591,0.03895,385.019,0.180283,2.71158,181.167,247.5,237.281
3.66667,171.778,41.701,0.0911667,1112.03,0.0313889,3.86229,181.111,247.889,228.168
6.22222,211.667,70.3533,0.128711,1996.57,0.0264444,4.1333,163.778,244.111,211.593
3,121.875,15.7949,0.0275,165.394,0.138813,2.66885,197.625,249.125,241.318
3.93333,69.4667,11.0375,0.0181467,67.0967,0.174147,2.38431,215.333,248.267,243.526
5.22222,111.222,24.4892,0.0285111,141.654,0.104178,2.80176,189.556,243.222,230.739
0,0,0,0,0,0,0,0,0,0
3.86667,57.6,9.22578,0.0126867,39.2136,0.204553,2.11325,220.8,246.133,242.708
4.5,102.5,15.9141,0.0196,84.6177,0.19395,2.3654,192.5,244,236.579
0,0,0,0,0,0,0,0,0,0
16.8333,207.167,103.609,0.109133,1231.22,0.02035,4.0602,150.167,230.833,184.467
4.83333,126.917,21.6869,0.0324417,190.827,0.0938583,2.92014,182.333,244.083,232.591
3.3125,27.1875,5.29126,0.00480625,7.43359,0.381975,1.36404,234.438,247.562,245.385
5.11111,182.889,48.0733,0.0683278,664.869,0.0531333,3.5631,163.278,242.111,217.51
0,0,0,0,0,0,0,0,0,0
1.875,19.5833,3.20461,0.00395,5.5422,0.437562,1.22673,241.5,251.5,249.575
0,0,0,0,0,0,0,0,0,0
5.5,170,63.8073,0.0916167,916.358,0.0238167,3.92363,159.5,238.5,204.264
5.46154,114.231,33.53,0.0619462,470.232,0.0348615,3.61222,194.692,246.308,230.593
4.85714,224.857,78.4331,0.146057,2305.87,0.0162571,4.30011,169.143,247.286,211.455
0,0,0,0,0,0,0,0,0,0
8.11765,173.412,64.5163,0.0714824,607.441,0.0377706,3.69095,159.471,237.882,205.968
3.54545,164.545,30.3729,0.0377636,260.153,0.100873,2.98763,177.091,245,229.459
3.33333,11,4.26151,0.00161667,1.13542,0.616056,0.762878,242.611,247.444,246.132
14.9091,175.636,80.6431,0.0698091,531.9,0.0290364,3.70376,156.364,231.545,193.156
3.88889,79.5556,15.2522,0.0239778,103.376,0.101622,2.73201,210.333,245.778,239.168
5,167.842,47.1229,0.0884474,1032.08,0.0329895,3.84432,177.316,245.737,223.515
3.66667,83.0833,15.7438,0.0304583,161.332,0.103058,2.87573,212.333,249.167,241.881
4.70588,102.765,22.2475,0.0381118,228.317,0.0794647,3.09101,191.529,243.176,232.08
14.8333,166.833,79.9004,0.0573667,370.158,0.0349167,3.54997,134.333,229.167,181.411
5.71429,94.8571,14.6267,0.0170286,71.7322,0.175457,2.33034,211.571,245.714,240.996
1,176,19.1797,0.0285,326.092,0.2489,2.2398,191,254,243.41
0,0,0,0,0,0,0,0,0,0
