8.58537,190,71.7948,0.104015,1255.87,0.0259805,3.99416,163.707,240.341,205.986
23.1429,168.857,78.2143,0.0495,293.043,0.0413286,3.41244,65.4286,205.857,151.085
0,0,0,0,0,0,0,0,0,0
7.46939,174.776,61.6325,0.0955714,1077.96,0.026349,3.94113,168.673,241.714,212.253
7.61818,141.455,43.4531,0.0630491,495.712,0.0355436,3.61466,175.691,241.964,220.635
4.875,227,79.3155,0.15285,2521.44,0.0159125,4.31521,167.375,246.125,210.047
12,189.182,89.1012,0.0788682,695.076,0.0276727,3.80271,124.409,232.5,181.332
6,170.942,55.855,0.0857192,899.276,0.0298846,3.84687,165.596,242.462,213.263
5.30189,140.491,33.3802,0.0522925,403.352,0.0661717,3.34752,182.925,244.17,228.273
2.21,11.51,3.12356,0.001945,2.33554,0.637693,0.738048,243.68,249.88,248.316
3.67391,63.3478,10.4313,0.0168935,59.5785,0.175224,2.3325,217.63,247.543,243.206
4.41463,78.9268,14.6556,0.0228268,97.2851,0.121654,2.64252,210.634,245.317,239.35
50.6,177.8,117.57,0.04192,190.734,0.0455,3.26588,154.8,212,181.025
7.85484,168.565,64.0011,0.0847177,815.548,0.0282129,3.84499,165.597,240.194,208.253
6.17391,211.043,74.7751,0.127209,1858.1,0.0217739,4.15507,163.913,244.522,209.292
27.0714,189,111.97,0.0605429,405.595,0.0335071,3.58023,158.143,227.429,184.604
3,42,6.59974,0.00940612,24.2341,0.273498,1.82357,228.531,248.571,245.509
4.52,104.82,21.9588,0.035574,205.481,0.085542,3.01999,194.04,244.94,233.756
8.35,197.5,79.143,0.11494,1482.66,0.02207,4.09164,163.05,241.2,203.998
4.16667,94.7917,17.6482,0.0291625,148.502,0.0970667,2.8584,203.312,246.771,238.285
5.09259,118.704,29.1083,0.0484926,331.671,0.0550944,3.34597,189.259,244.389,230.412
7.10145,154.42,48.5401,0.0677522,582.797,0.0435594,3.61682,171.101,240.725,216.786
5.5,156.132,43.2278,0.0736044,705.065,0.0406118,3.68314,174.824,244.338,222.936
9.04762,180.214,74.0256,0.0928429,976.173,0.0250429,3.93417,158.524,237.048,200.427
5.08696,125.761,27.8818,0.0410674,267.659,0.0776391,3.1333,185.522,244.152,230.315
