29.3333,187.056,109.127,0.0596278,393.789,0.0337611,3.57016,142,219.167,174.608
7.71429,167.029,62.4364,0.0846971,825.676,0.0271843,3.84941,163.443,239.943,208.229
4,229,84.9727,0.1747,3211.48,0.0145,4.3708,159,239,200.047
4.09375,98.4219,18.1063,0.0296766,156.068,0.101166,2.85324,201.281,246.469,237.481
6.38462,208.231,77.8251,0.125562,1738.91,0.0188769,4.1628,163.538,244.692,207.596
4.08824,72.5735,13.158,0.0211397,84.8177,0.134876,2.56243,213.471,246.456,240.979
4.8913,111.261,27.0932,0.049213,334.786,0.0503957,3.37693,191.87,244.848,231.623
9,194.348,72.8607,0.103374,1252.93,0.0274739,3.98104,163.609,241.13,206.6
3.15873,48.6825,7.39137,0.0108127,31.4937,0.253622,1.927,225.206,248.19,244.974
5.9,214.7,70.8102,0.12935,2013.04,0.02554,4.14501,164.4,244.3,211.497
7.39474,164.197,55.1848,0.0763618,716.732,0.0332579,3.75053,164.895,241.237,213.097
31.4444,167.444,89.661,0.0429333,215.292,0.0457444,3.2912,116.333,218.556,177.821
5.44262,140.672,34.1162,0.0532115,412.267,0.062623,3.37417,182.82,244.197,228.007
7.69444,144,45.0723,0.0645639,520.622,0.0381736,3.61399,172.694,240.694,218.185
7.7963,174.685,62.7413,0.0930907,1035.41,0.0271111,3.91981,166.481,240.389,209.828
4.9,103.1,23.9991,0.03863,227.404,0.07033,3.12749,194,244.8,232.884
7.29167,178.25,65.7837,0.100696,1152.45,0.0245958,3.98653,165.708,241.042,209.303
5.16667,222,79.0183,0.147883,2329.96,0.0160667,4.3084,169,247.5,211.592
6.43333,161.183,50.2238,0.068725,615.196,0.0479567,3.60276,166.767,242.15,216.077
7.72222,192.278,73.1597,0.109394,1369.24,0.0215167,4.06034,164.333,240.667,205.724
5,140.077,30.1236,0.0415308,282.572,0.0833385,3.11805,180.692,243.692,229.059
9.54545,195.818,82.5991,0.118291,1546.73,0.0231636,4.10713,161.727,240.091,201.624
4,255,75.4414,0.1608,2980.22,0.0164,4.3005,166,245,210.777
2.25962,12.1538,3.23908,0.00212788,2.67392,0.624958,0.771441,243.221,249.731,248.106
7.42857,177.349,65.6217,0.0890873,922.892,0.0277651,3.88677,164.254,240.556,207.615
