5.125,116.463,27.3837,0.0461125,311.891,0.0612425,3.28189,190.637,244.662,231.752
9.66667,200.067,85.0766,0.11718,1500.18,0.02226,4.09929,161.467,240.133,200.413
7.30952,168.619,58.1109,0.0849524,867.713,0.0278357,3.8513,163.548,240.929,211.031
4,229,84.9727,0.1747,3211.48,0.0145,4.3708,159,239,200.047
4.04167,72.0521,12.693,0.0204167,82.2167,0.144365,2.51369,213.615,246.656,241.322
7.02,167.74,56.4523,0.069628,621.697,0.04658,3.61445,159.94,240.6,210.674
2.4698,21.5369,4.26673,0.00439866,9.53708,0.517924,1.09503,238.698,249.45,247.393
8.09375,189.438,69.3295,0.105562,1296.73,0.0225906,4.02932,165.531,241.562,208.393
5.6129,169.419,52.2242,0.0887032,938.355,0.0297452,3.87387,171.258,243.839,218.054
29.3333,187.056,109.127,0.0596278,393.789,0.0337611,3.57016,142,219.167,174.608
6.21429,208,76.5762,0.1249,1730.76,0.0189643,4.16241,163.5,244.357,208.037
5.37879,139.394,34.0394,0.0535606,413.684,0.0609167,3.38558,182.697,244.106,227.839
4,255,75.4414,0.1608,2980.22,0.0164,4.3005,166,245,210.777
14.2,157.96,54.9455,0.040848,238.474,0.073492,3.15037,151.28,234.24,206.692
5,218.5,76.4102,0.1515,2485.25,0.0158,4.32535,170,248,213.584
4.8,227.4,79.2422,0.14388,2234.11,0.01644,4.29002,168.8,247,210.604
7.07937,161.349,51.9589,0.075473,706.732,0.0331746,3.74258,166.381,241.492,215.032
5.59459,155.243,45.6204,0.0805162,793.968,0.0320838,3.78799,178.514,245.189,223.229
7.53846,144,44.5911,0.0650218,528.992,0.0396154,3.6145,174.026,241.218,219.015
4.31868,100.989,19.818,0.0330385,184.324,0.0909209,2.95204,197.978,245.582,235.824
7.12,173.64,60.0702,0.093162,1043.17,0.027262,3.91944,168.32,241.1,212.12
6.22222,211.667,70.3533,0.128711,1996.57,0.0264444,4.1333,163.778,244.111,211.593
8.11538,182.615,70.8173,0.100858,1165.86,0.0284923,3.95978,162.654,239.923,205.811
10.9091,188.636,92.2024,0.0872818,801.707,0.0248773,3.88437,144.773,233.091,185.269
12.0952,194.095,93.9094,0.0938333,949.328,0.0235429,3.94702,150.143,233.476,186.345
