3.71053,76.3421,14.2469,0.0266,122.208,0.0950079,2.81657,210.711,246.921,240.337
7.57831,175.831,62.8455,0.0924265,1013.69,0.0275542,3.91487,165.747,240.422,209.689
29.3333,187.056,109.127,0.0596278,393.789,0.0337611,3.57016,142,219.167,174.608
4.875,227,79.3155,0.15285,2521.44,0.0159125,4.31521,167.375,246.125,210.047
22.4286,160.214,75.4696,0.0434286,227.185,0.0495143,3.28216,129.857,226.143,188.24
8.57143,193.571,76.6289,0.113118,1440.86,0.0221571,4.07862,163.643,240.5,204.456
4.75439,110.018,23.2645,0.0386158,238.439,0.0770316,3.10205,193.035,244.561,233.544
5.60274,138.767,34.9852,0.0547452,421.58,0.058074,3.41324,182.589,244.068,227.293
8.25,187.659,70.9751,0.102468,1213.05,0.0262273,3.98509,163.705,240.909,206.78
2.08696,17.7391,3.31013,0.0036,4.57773,0.444609,1.19249,242.043,250.826,249.075
2.95652,26.8696,4.84919,0.00496087,8.33767,0.388648,1.36195,235.348,248.652,246.457
7.61702,148.872,47.1316,0.0661245,550.463,0.0405745,3.61798,171.872,240.681,217.464
3.10526,8.73684,3.89495,0.000989474,0.526311,0.699837,0.573221,243.421,247.316,246.144
0,0,0,0,0,0,0,0,0,0
6.17391,211.043,74.7751,0.127209,1858.1,0.0217739,4.15507,163.913,244.522,209.292
4.97015,120.03,28.0971,0.0471328,322.46,0.0601164,3.30279,189.284,244.746,231.309
0,0,0,0,0,0,0,0,0,0
6.58163,164.092,51.3888,0.0743602,700.677,0.0389602,3.70018,170.071,242.327,216.781
3.05714,43.1429,6.46887,0.00875143,21.8217,0.283414,1.77607,228.114,248.829,245.77
12.1667,194.5,98.3704,0.0769,664.262,0.02725,3.798,55.1667,230.333,157.256
4.31373,105.863,19.9625,0.0305549,167.261,0.105112,2.85204,197.412,246,236.002
4.7027,79.8919,13.8541,0.0195297,75.5512,0.159738,2.45419,211.459,245.811,240.401
7.63551,170.374,63.9326,0.0859991,853.788,0.0270495,3.861,163.907,240.252,207.816
3.24324,55.3243,9.36761,0.0158514,52.6572,0.169746,2.31035,220.838,247.676,243.764
1.56098,3.26829,2.0162,0.000434146,0.119924,0.815239,0.323434,247.707,250.854,249.386
