6.5,125,39.4174,0.0690643,574.008,0.0349571,3.68268,184.429,242.714,224.121
4.57143,155,32.4155,0.0396357,259.851,0.0902357,3.06679,171.643,243,225.519
9.54545,195.818,82.5991,0.118291,1546.73,0.0231636,4.10713,161.727,240.091,201.624
8.5,159.667,52.2298,0.0642833,510.758,0.0356333,3.62068,150.167,236.833,208.393
10.4286,155.143,55.3153,0.0532143,327.52,0.0387,3.48361,168.286,235.714,209.871
8.41176,171.471,66.4692,0.0729941,613.249,0.0326882,3.72619,162,238.059,205.712
6.85714,162.929,57.9729,0.0798286,736.271,0.0327357,3.79374,154.5,237.929,206.718
5,101.5,15.2422,0.0183333,79.3632,0.1941,2.32492,195.667,244.5,237.853
2.16667,19.5,3.3965,0.00433333,6.61182,0.442167,1.25543,240.167,250,248.245
10.9167,189.667,99.5944,0.0897917,823.91,0.023425,3.91104,143.833,232.75,180.323
2.25,210.5,35.9746,0.052025,643.86,0.12825,2.97997,170.75,250.5,233.589
6,77.4,17.0274,0.02108,79.0317,0.12712,2.58448,205.4,242.6,236.006
1.71429,22.8571,3.07926,0.00407143,6.34761,0.430229,1.24724,241.714,253.714,251.443
5.1,159,51.2324,0.09935,1147.34,0.02532,3.97563,178.2,246.9,222.112
4.33333,197.333,47.916,0.0736667,752.563,0.04725,3.65305,174.167,249,225.497
3.4,61.2,8.34101,0.01211,41.7713,0.23369,2.0145,219.9,248,244.597
8.5,147.833,48.6549,0.064775,481.143,0.0317167,3.65537,170.833,240.583,216.795
0,0,0,0,0,0,0,0,0,0
8.66667,156.5,58.1061,0.0850167,802.923,0.0260667,3.85125,177.833,244.833,218.211
6.16667,148,47.5573,0.0829667,784.704,0.0269667,3.83702,168.833,241,216.892
4.05882,120.353,26.6985,0.0434059,305.102,0.0796176,3.16348,186.353,244.588,231.086
2.75,150.25,20.1064,0.0386625,314.462,0.100975,2.97944,187.5,248.875,238.813
12.1667,194.5,98.3704,0.0769,664.262,0.02725,3.798,55.1667,230.333,157.256
13.2143,197.5,87.5999,0.104543,1187.49,0.0236143,4.00644,155,233.571,193.186
4,141.75,35.3774,0.07605,754.928,0.0348875,3.72734,188.25,248.375,231.299
3.2,56,5.93204,0.00642,17.2367,0.35826,1.48588,220.4,245.8,243.623
6.83333,147.667,46.1094,0.0847667,821.608,0.0254167,3.88018,182.833,246.5,224.152
70.3333,191.333,135.671,0.0429667,199.131,0.0438333,3.28723,185.667,212,193.535
5.1875,115.5,33.3254,0.0615688,473.71,0.0361875,3.59861,192.438,245.75,229.602
4.82609,169.739,46.0241,0.087987,1038.7,0.0331304,3.8329,177.609,246.13,224.326
2.5,16,3.98048,0.00395,4.4264,0.41435,1.28967,241.833,249.667,247.957
4.64706,168.412,44.9131,0.0866529,943.935,0.0334824,3.83874,174.588,245.588,223.505
5.25,89,11.6699,0.011675,43.901,0.2616,1.94423,209.5,245.75,241.997
1.33333,3.33333,1.6836,0.00055,0.166667,0.7791,0.3948,249.5,253.333,251.671
0,0,0,0,0,0,0,0,0,0
4.16667,45.3333,9.58138,0.0125333,30.7465,0.170733,2.19285,222.667,245.333,240.864
8.73684,164.158,56.5972,0.0669368,551.629,0.0389158,3.62727,156.421,236.684,206.936
7.83333,181.083,79.9593,0.09005,885.754,0.0236083,3.93122,154.333,236.333,193.418
12.25,198.125,96.7969,0.0940187,954.802,0.0238063,3.94457,152,233.75,186.538
7.72222,192.278,73.1597,0.109394,1369.24,0.0215167,4.06034,164.333,240.667,205.724
13.4,156.6,67.5703,0.04342,231.284,0.04634,3.30776,70.2,218.6,165.2
3.71429,13.1429,4.76117,0.00195714,1.3738,0.557686,0.879414,241.143,247,245.55
5,79.8333,17.0596,0.0255667,106.615,0.0916167,2.80216,207.75,243.667,236.855
25.9167,185.583,105.901,0.06025,398.002,0.0338,3.57603,164.333,229.25,189.388
5.41667,132.75,36.9284,0.0742417,693.076,0.0337833,3.73294,186.25,245.333,228.254
2.91667,120.583,21.5007,0.0484667,410.218,0.0806833,3.20792,198.5,249.083,239.268
4.64706,106.176,21.7746,0.0378118,234.742,0.0851059,3.05234,192,244.353,233.45
14.4,191.1,91.9262,0.07906,700.97,0.02883,3.78543,152.3,231.9,187.876
45.6667,196.333,121.38,0.0574667,372.768,0.0348333,3.537,48.6667,177.333,112.505
6.64706,116.824,32.833,0.0525941,347.012,0.0407706,3.47115,183.941,240.941,225.537
2.76923,53,9.99308,0.0194231,68.3253,0.132823,2.51518,220.077,248.692,243.99
6.5,162,42.8808,0.07595,864.852,0.0363,3.69175,92,232,196.193
0,0,0,0,0,0,0,0,0,0
2.375,42.75,8.09181,0.01745,52.2724,0.122163,2.49721,232.375,251.125,247.588
4.66667,89.8,20.3414,0.0374867,211.587,0.06312,3.13666,201.533,245.733,236.221
4.7,154.9,33.2711,0.06081,578.756,0.07796,3.37295,181.6,245.1,228.795
3.66667,26.3333,5.75651,0.00500833,7.41528,0.364592,1.40407,234.083,246.083,244.059
6.9,156.1,47.6539,0.07519,719.693,0.03352,3.72643,174.8,245.5,222.282
4.71429,199.857,50.4414,0.0774571,821.899,0.0370857,3.71447,167.857,243.429,219.956
6.56667,147.4,37.0034,0.0524167,391.48,0.06787,3.35324,175.667,241.7,224.01
7.4,135,40.6617,0.06495,509.202,0.03311,3.66174,176.1,241.8,221.423
3.81818,129.727,15.8242,0.0291545,185.308,0.1314,2.71947,191.182,247.818,240.572
4.3,88.2,20.9816,0.03483,181.409,0.07338,3.05728,205.4,244.3,233.959
0,0,0,0,0,0,0,0,0,0
3.85714,121.857,17.5067,0.0266286,146.792,0.127443,2.69441,201.714,248.857,241.038
6.38889,207.444,76.0015,0.126572,1793.4,0.0189222,4.17394,162.611,244.111,207.932
4.6,158.8,33.8137,0.05441,441.358,0.04935,3.4464,177.3,245,227.968
3.1,63.1,11.6789,0.02325,94.03,0.10607,2.6981,220.2,246.9,242.007
3.27273,7.81818,4.0174,0.000854545,0.396209,0.724418,0.522191,243.727,247.091,245.925
8.46667,165.133,64.6698,0.0949533,992.561,0.0228133,3.97324,157.2,236.067,202.823
2.16667,28.1667,3.84767,0.00401667,7.06527,0.46575,1.18575,236.333,251.833,249.294
5.27273,222.909,75.0828,0.139527,2221.36,0.0233273,4.20781,168.818,246.818,212.771
9.5,178.25,77.4966,0.086525,792.754,0.024175,3.88877,153.875,233.875,193.549
6,156,50.2031,0.08285,804.356,0.02735,3.84682,157.5,235.5,209.333
5.52632,166.737,45.4034,0.0721211,669.827,0.0330947,3.71337,168.158,242.211,219.328
5.35714,99.2857,22.8979,0.0292929,140.221,0.0888929,2.88279,192.286,243,231.674
3,74.2667,11.7716,0.0261733,128.506,0.106007,2.76729,212.6,248.867,242.717
4,242,80.2071,0.16775,3095.85,0.01545,4.33565,162.5,242,205.412
3.53333,96.0667,20.9234,0.0485333,337.093,0.0498133,3.37619,203.467,248.067,237.66
6.11765,101.118,25.4904,0.0438706,272.123,0.0550647,3.27794,197.235,245.059,233.883
1.66667,2.44444,1.92969,0.000222222,0.0601889,0.896378,0.1822,247.222,249.889,248.622
4,60,9.55272,0.01255,40.7865,0.224725,2.06218,207,238.25,234.929
3.14286,140.571,28.8828,0.0760429,856.958,0.0349429,3.72029,186.286,250.571,236.035
1.22222,2.33333,1.59461,0.000411111,0.104178,0.818722,0.318011,249.111,252.444,250.711
1.88889,3.55556,2.41363,0.000466667,0.118989,0.799667,0.346767,245.444,248.333,246.852
1.33333,14.3333,2.1543,0.00283333,2.8167,0.47105,1.05645,244.833,251.5,250.068
3.54545,38.9091,6.69212,0.00653636,14.514,0.369673,1.51557,229.182,248.909,246.106
9.85,184.85,77.6442,0.099245,1073.15,0.021795,4.00388,156.4,236.15,198.477
1.7,4.7,2.48947,0.00056,0.1625,0.76691,0.40349,247.3,250.2,249.111
24,191.8,115.117,0.0681,497.333,0.02906,3.67942,162.2,225.8,182.183
4.77778,131.889,32.9891,0.0694,636.267,0.0527778,3.58588,192.778,247.222,231.932
9.2,156.133,61.8589,0.0883067,857.708,0.0243867,3.90438,170.667,240.533,211.038
4.77778,141.667,28.4227,0.0597556,533.939,0.0450111,3.51779,183.556,246.444,232.477
2.13333,38.8,5.09662,0.00944667,25.0103,0.25956,1.85189,232.8,251.267,248.34
6.26316,191.105,65.6108,0.102032,1259.7,0.0290105,3.9652,167.263,244.053,212.038
3.61538,83.4615,15.6292,0.0303615,159.818,0.101177,2.87913,212.154,249.231,241.916
4,71.8333,11.4222,0.018175,65.692,0.175625,2.38115,217.417,248.667,243.984
5.2,124.9,38.1887,0.03801,201.622,0.06875,3.12401,168.8,240.4,216.441
6.05882,178.941,56.2583,0.0864235,904.601,0.0286706,3.85361,169.706,244.235,215.942
6,90.2,16.532,0.0198,78.8667,0.1247,2.55576,216.4,245.6,240.456
