6.24,162.16,47.2623,0.08216,863.541,0.030068,3.81286,172.88,244.32,220.796
5.25,82.85,13.1742,0.01707,65.8548,0.19087,2.30572,211.8,246.3,241.644
5.54839,170.032,51.9404,0.0885903,936.532,0.0297677,3.87356,171.742,244.129,218.476
5.33333,104.458,23.099,0.0417875,268.936,0.0692792,3.17406,195.583,245.167,234.624
4.5,152.625,35.418,0.039675,251.513,0.0891,3.07115,170.938,243.062,222.933
36,196.167,123.789,0.0675,486.331,0.02935,3.6686,160.667,217.667,178.048
56.5,203.5,128.027,0.0579,369.398,0.0346,3.5404,26.5,155,91.4043
6.39535,137.395,38.6792,0.0619,485.958,0.0377419,3.59346,178.93,243.442,224.254
6.17391,211.043,74.7751,0.127209,1858.1,0.0217739,4.15507,163.913,244.522,209.292
13.4,204,106.55,0.07668,667.902,0.02748,3.79358,47.4,229.6,152.787
5.61905,159.429,34.1194,0.0493333,389.475,0.0835714,3.24282,175.19,243.19,226.734
7.14815,155.519,50.9502,0.0833963,808.822,0.0277778,3.83377,175.963,243.481,219.463
2.25,18.125,3.51442,0.00356875,4.6461,0.456472,1.16923,241.594,250.531,248.75
5.75676,160.622,47.0958,0.0765595,738.557,0.0361243,3.73531,172.568,244.432,220.775
7.16327,172.939,58.8689,0.0931184,1043.35,0.0273429,3.91874,168.735,241.224,212.897
3.63636,63.2727,13.0156,0.0244818,98.8023,0.100182,2.74975,218.727,245.636,240.389
4.875,87.8125,16.9746,0.0231875,96.2422,0.106756,2.69423,203.938,243.625,236.613
4,86.6,18.4152,0.03249,172.024,0.091505,2.94963,208.6,246.8,237.96
2.625,52,9.52475,0.0189167,65.291,0.142279,2.48195,223.167,249.875,245.328
4.05,122.75,21.1943,0.02989,172.016,0.11317,2.80296,187.45,245.8,234.269
8.22222,177.722,74.528,0.0884111,878.991,0.0251722,3.89878,147.444,235.5,194.727
3.76471,62.2353,9.09375,0.0122118,40.0772,0.225788,2.03919,215.824,244.765,241.397
8.09375,189.438,69.3295,0.105562,1296.73,0.0225906,4.02932,165.531,241.562,208.393
8.11538,182.615,70.8173,0.100858,1165.86,0.0284923,3.95978,162.654,239.923,205.811
2.45455,67.3636,11.1261,0.0272182,131.37,0.101418,2.8131,216.455,249.091,243.524
4.875,227,79.3155,0.15285,2521.44,0.0159125,4.31521,167.375,246.125,210.047
5.08571,150.629,38.5665,0.07084,671.862,0.0453457,3.63618,178.6,244.629,225.825
8.78571,160.786,56.108,0.0670179,544.562,0.036675,3.64251,157.607,237.286,207.785
5,105.455,26.7088,0.0500788,338.504,0.0470303,3.40663,194.758,244.879,232.184
3.16,30.12,5.43422,0.005488,10.5493,0.378716,1.41554,233.52,248.28,245.873
4.88889,138.852,31.1131,0.0446704,312.583,0.0708741,3.21779,181.852,244.148,229.153
5.91429,137.714,38.7283,0.0663257,578.049,0.0474629,3.58415,184.143,243.914,225.944
70.3333,191.333,135.671,0.0429667,199.131,0.0438333,3.28723,185.667,212,193.535
19.6429,178.929,96.6002,0.0589286,385.379,0.03425,3.56335,157.214,231.929,188.977
11.85,194.7,94.4123,0.094275,961.582,0.02357,3.94791,150.65,233.5,186.713
9.3125,200.375,83.5305,0.117125,1507.97,0.022125,4.10292,161.562,240.125,201.248
0,0,0,0,0,0,0,0,0,0
0,0,0,0,0,0,0,0,0,0
4.72727,96.4091,17.5939,0.0272455,134.917,0.103236,2.79488,201,245.818,237.645
12.75,186.333,87.9893,0.0796583,720.668,0.0282083,3.80407,149.25,233.167,189.771
3.03571,43.7143,6.64816,0.00967143,24.449,0.255096,1.8759,228.286,249.107,245.955
5.13333,125.5,31.1978,0.0541167,411.652,0.0540467,3.41935,188.367,244.633,229.795
0,0,0,0,0,0,0,0,0,0
9.42105,187.053,89.2021,0.0877263,811.343,0.0249421,3.88912,148.053,234.053,187.018
1.96429,4.44643,2.4954,0.000539286,0.187057,0.790659,0.37482,246.661,249.893,248.515
4.87097,99.7097,21.5426,0.0374226,217.737,0.0728613,3.10167,196.032,244.613,234.348
7.5,183.8,62.6613,0.07171,634.773,0.04031,3.66637,154.95,238.3,205.57
0,0,0,0,0,0,0,0,0,0
12,155.5,66.6563,0.0429167,223.373,0.0467,3.29318,81.6667,221.833,169.964
0,0,0,0,0,0,0,0,0,0
