5.41176,123.824,30.5331,0.0492,329.243,0.0502294,3.37389,185.824,243.706,229.035
9.5,183.875,79.2944,0.0784875,655.142,0.0263,3.81267,145.625,233.375,189.076
6.57143,180.714,70.2478,0.0567857,441.885,0.0484571,3.47203,175.857,244.714,214.965
4.5625,90.0625,19.7922,0.0370812,213.174,0.0680687,3.1099,201.75,246.062,236.781
6.92857,158.143,43.6102,0.06485,552.525,0.0430929,3.58858,158.429,238.286,214.322
1.15385,2.69231,1.52795,0.000476923,0.133985,0.799562,0.353531,249.385,252.923,251.267
5.27273,93.2727,20.7777,0.0297,141.013,0.0857818,2.91095,196.364,243.727,233.996
20.5,198,124.365,0.0886,799.785,0.02315,3.9192,128.5,224,160.398
5.3125,172.75,50.9019,0.0903375,1053.26,0.0317,3.86061,176.75,245.375,221.552
0,0,0,0,0,0,0,0,0,0
8.76923,182.462,72.7109,0.0999462,1091.69,0.0215923,4.01387,156.231,237.846,202.109
3.4,96.6,20.5091,0.04714,330.276,0.0541733,3.33243,202.867,247.933,237.696
20,250,130.461,0.1224,1437.57,0.0176,4.1617,164,236,184.633
5.45455,126.909,35.3924,0.0630364,490.119,0.0340545,3.63381,188.273,245.364,228.138
2.375,42.75,8.09181,0.01745,52.2724,0.122163,2.49721,232.375,251.125,247.588
10.375,205.375,99.2461,0.0932375,958.392,0.023925,3.94471,154.25,235.5,186.817
14.5,182.833,95.7995,0.095,925.948,0.0227833,3.94748,146.667,231,183.581
2,3.28571,2.22043,0.000457143,0.114871,0.8158,0.3029,248.429,250.857,249.708
3.85714,192.143,44.4888,0.0722571,755.115,0.0504143,3.61454,176.857,249,227.233
3.76471,62.1765,9.25298,0.0125765,41.7713,0.218624,2.07256,216.412,245.353,241.861
5.45455,128.727,31.8697,0.0441091,300.804,0.0697273,3.22173,177.273,242.091,225.987
2,3.5,2.4878,0.0004375,0.1099,0.809675,0.329662,245.5,248.125,246.71
4.33333,183.5,48.7441,0.10475,1368.21,0.0242167,4.00528,174.833,248.5,224.84
7,150.75,47.3385,0.083825,807.039,0.026625,3.84325,180.667,245.5,223.403
15.2,171.8,81.243,0.05854,378.745,0.03422,3.56152,159.5,234.2,195.109
3.2,56,6.56172,0.00772,19.5742,0.30016,1.65416,219,246.6,243.179
4,71.75,11.1973,0.0177,65.0792,0.1823,2.35336,215.667,248,243.299
5.47368,164.368,43.1392,0.0714053,671.701,0.0354316,3.69151,169.737,242.632,221.286
6.28571,165.571,52.5452,0.0915,955.648,0.0243714,3.93876,165.286,242.143,215.926
1.93333,21.8,3.29585,0.00412,6.43611,0.448173,1.22681,240.6,251.933,249.859
5.14286,109.071,23.6588,0.0378857,224.167,0.0791857,3.09189,189.5,242.786,231.284
9.54545,195.818,82.5991,0.118291,1546.73,0.0231636,4.10713,161.727,240.091,201.624
5.21429,77.5714,15.9975,0.0218786,82.1098,0.109564,2.65404,215.857,244.929,239.503
13,216,118.683,0.076575,658.602,0.02795,3.77422,47,233.25,152.447
5.5,201.75,85.0742,0.111525,1415.14,0.02065,4.08005,155.5,238.75,195.595
8.92857,153.786,52.4428,0.0652929,495.66,0.0325857,3.65503,159.143,237.786,210.72
9.5,173.5,72.1973,0.0944,958.688,0.02245,3.96375,154.75,233.75,198.107
9.33333,166,59.5664,0.0752,721.151,0.0361,3.71257,90.6667,229,181.732
3.625,144.5,23.9883,0.056,534.973,0.06625,3.36736,185.25,247.375,235.443
2.92308,131.538,20.6223,0.0479231,416.955,0.0797385,3.20527,196.308,249.154,239.543
62,184.75,131.44,0.0423,192.464,0.04475,3.27728,158.75,205.5,177.836
1.53333,3.73333,2.2086,0.000393333,0.116673,0.826287,0.311533,246.733,249.933,248.579
2.25,210.5,35.9746,0.052025,643.86,0.12825,2.97997,170.75,250.5,233.589
4.3,88.2,20.9816,0.03483,181.409,0.07338,3.05728,205.4,244.3,233.959
6.21429,153.964,47.7034,0.0774464,734.269,0.0331214,3.75872,171.571,243.5,219.418
11.125,169,71.751,0.087975,821.558,0.023775,3.89934,164.75,239,204.748
4.375,160,32.5352,0.0427625,315.659,0.0867625,3.11295,182.5,244.75,230.489
8.15385,169.538,62.2362,0.0718,609.304,0.0345923,3.70542,161.308,238.308,208.204
7.2,155.6,54.8574,0.08365,791.184,0.02636,3.85693,162,236.8,208.628
6.05882,145.824,44.2273,0.0828353,859.264,0.0289471,3.82629,179.824,245.706,224.239
4.9,119.5,22.7648,0.02777,142.883,0.11049,2.777,194.6,245.8,234.886
6.625,179.125,73.6121,0.09055,897.11,0.0236375,3.93326,156.688,237.5,198.423
3.88889,169.222,24.8542,0.0419889,382.913,0.140922,2.90202,174.111,244.556,231.876
1.91667,15.1667,3.06739,0.00339167,3.62155,0.4427,1.17306,243.333,250.583,249.013
5.2,132.9,34.3176,0.06981,637.244,0.05038,3.60199,190.1,246.7,230.542
10,185.125,82.2061,0.110788,1329.1,0.02005,4.08627,159.25,235.25,195.446
6.83333,202.5,80.6016,0.0837333,787.133,0.0284333,3.83895,155.167,238,196.622
6.21739,135.478,39.4277,0.0669565,578.006,0.0467609,3.59471,184.522,243.87,225.573
5.75,121.5,34.776,0.060525,461.786,0.03775,3.56846,190.083,245.083,228.697
6.38889,207.444,76.0015,0.126572,1793.4,0.0189222,4.17394,162.611,244.111,207.932
2.58824,40.6471,6.03585,0.0102353,26.5728,0.236682,1.94165,231.294,250.529,247.326
12.75,186.25,87.2087,0.0975083,1027.07,0.0228333,3.97815,152.917,233.667,190.404
3.64286,38.2857,6.70425,0.00650714,14.5488,0.365929,1.51509,227.429,247.143,244.224
0,0,0,0,0,0,0,0,0,0
4.75,172.312,47.1164,0.085625,926.915,0.0352625,3.81099,178.125,247.188,224.462
5.27273,222.909,75.0828,0.139527,2221.36,0.0233273,4.20781,168.818,246.818,212.771
6.11111,191.833,63.4783,0.101356,1257.8,0.0295889,3.95673,168.167,244.722,214.008
2.875,55,10.3096,0.0182375,64.2651,0.149,2.43689,218.625,247.625,242.831
3.38462,80.4615,13.2109,0.0271308,131.373,0.0958385,2.82012,211.231,248.462,241.943
51.4286,202,138.98,0.0600571,398.016,0.0337286,3.56497,113.429,195,145.135
5.47059,164.118,48.1016,0.0891647,1006.71,0.0287176,3.88678,171.824,242.118,218.755
6.28571,138.286,49.8951,0.0437857,234.116,0.0551,3.27527,154.429,239.429,206.579
4,242,80.2071,0.16775,3095.85,0.01545,4.33565,162.5,242,205.412
5.30769,96.1538,24.244,0.0437923,272.761,0.0649846,3.23505,204.308,247.615,236.859
7.88889,135.111,42.0165,0.0659,515.006,0.0319333,3.67996,175.556,242,221.042
3.71429,13.1429,4.76117,0.00195714,1.3738,0.557686,0.879414,241.143,247,245.55
14,189.25,92.8872,0.0803,718.336,0.0257375,3.83484,158,233.125,189.626
3.27273,7.81818,4.0174,0.000854545,0.396209,0.724418,0.522191,243.727,247.091,245.925
5,103.833,12.8047,0.01375,63.8611,0.277,1.9724,201,246.5,241.651
3.125,27.4375,5.07641,0.00496875,8.26926,0.381388,1.37469,235.5,248.25,246.287
13.2143,197.5,87.5999,0.104543,1187.49,0.0236143,4.00644,155,233.571,193.186
3.25,84.9167,14.6533,0.0298,162.222,0.1104,2.8282,212.167,249.583,242.538
5.3,129.7,37.8816,0.0756,696.042,0.03016,3.76862,188.4,245.4,227.896
15.2,177,83.2715,0.07077,542.319,0.02865,3.71569,155.7,231.2,191.664
0,0,0,0,0,0,0,0,0,0
5.33333,116.083,21.6026,0.0391333,263.851,0.0759083,3.09272,184,242,231.765
3.11111,165.333,28.8312,0.0369667,256.841,0.1106,2.93789,180.333,245.778,231.697
6.15385,108.923,31.3504,0.0549615,367.694,0.0371462,3.52222,191.308,243.769,229.301
7.42857,137.19,40.8772,0.0570714,400.177,0.0367333,3.54896,174.952,239.952,220.302
3.92857,125.357,19.2631,0.0301643,183.162,0.120864,2.78126,185.786,245.786,235.323
0,0,0,0,0,0,0,0,0,0
4.91667,84.9167,16.3718,0.02345,99.367,0.108567,2.69651,201.917,242.75,235.762
4.88889,157.778,49.7018,0.0992667,1151.38,0.0258556,3.9692,179.444,247.778,223.374
2.83333,50.5,10.1308,0.02185,76.3118,0.102433,2.66483,223.167,250.167,245.41
7.5,154.5,54.7754,0.0442,245.99,0.04605,3.32285,68.25,226.75,173.815
0,0,0,0,0,0,0,0,0,0
9.6,182,92.6117,0.0907,833.927,0.02327,3.91573,147.2,233.8,185.022
3,61.3,11.4305,0.02526,113.037,0.1051,2.75356,218.3,248.2,242.607
5.25,188,50.2067,0.079375,862.553,0.0341667,3.75621,166.083,243.583,217.591
6.5,162,42.8808,0.07595,864.852,0.0363,3.69175,92,232,196.193
