6.69492,146.169,40.2638,0.0529254,399.56,0.062878,3.36918,179.288,242.678,223.596
3,41.9722,6.27333,0.00850833,21.2962,0.2955,1.74057,228.556,248.972,245.945
7.74242,175.288,63.3138,0.0949591,1062.57,0.0264318,3.93693,166.348,240.561,209.918
5.19512,149.732,39.4767,0.0710146,668.436,0.043961,3.6448,179.634,244.634,225.7
7.62069,203.207,78.0989,0.124048,1718.17,0.0204862,4.15026,162.621,242.793,206.148
7.86667,149.317,47.7936,0.066375,559.425,0.04318,3.60469,171.333,240.367,217.037
6.55556,136.022,39.1892,0.0622511,485.219,0.0361022,3.60474,179.556,243.156,223.698
8.36,191.92,72.3453,0.105508,1289.01,0.024996,4.01083,164.02,240.76,206.221
2.57143,22.3333,4.14445,0.00420476,6.0753,0.418012,1.27013,238.667,249.667,247.703
8.59091,171.068,60.7784,0.0775818,731.859,0.0337136,3.75763,158.841,240.114,208.883
4.89231,118.862,27.8868,0.0471862,323.79,0.0605369,3.3016,189.877,244.8,231.458
3.65,78.25,14.1574,0.026345,122.746,0.100128,2.7934,210.625,247.05,240.527
4.38776,105.51,20.2688,0.0309245,168.661,0.101345,2.87241,196.939,245.857,235.67
8.08333,188.417,73.2472,0.0726958,628.869,0.0366292,3.69876,139.208,236.958,194.973
4.7027,79.8919,13.8541,0.0195297,75.5512,0.159738,2.45419,211.459,245.811,240.401
7.36765,176.029,65.0858,0.0891882,925.883,0.0275397,3.8897,164.75,240.647,207.987
8.62162,184.027,76.7596,0.086,828.666,0.027,3.85874,151.432,236.351,196.144
4.95833,102.042,22.026,0.0389521,236.106,0.0698187,3.13544,195.896,244.625,234.374
42.5556,201.556,135.995,0.0606222,407.95,0.0333333,3.57721,126.444,205.444,155.948
6.10811,148.324,45.017,0.082027,812.692,0.0289108,3.82068,178.622,244.486,222.926
6.04545,152.273,42.8113,0.0415864,252.531,0.0764773,3.15249,147.955,238.727,209.932
62,184.75,131.44,0.0423,192.464,0.04475,3.27728,158.75,205.5,177.836
4.66667,226.833,75.7165,0.144517,2383.7,0.0225583,4.22635,167.833,246.417,211.864
2.04839,5.25806,2.62576,0.000720968,0.369761,0.765147,0.433623,246.306,249.774,248.379
3.23684,55.4737,9.33265,0.0157553,52.0867,0.169818,2.30681,220.868,247.632,243.762
