5.75,157.188,38.6106,0.0629937,561.29,0.0645188,3.47107,170.125,241.438,221.956
2,247,76.5078,0.1079,2089.85,0.0884,3.547,166,247,214.027
6,232.667,64.9636,0.0975,1269.88,0.0286667,3.9188,167,247.667,218.299
4.52174,88.087,20.581,0.0366087,201.436,0.0665435,3.10982,202.783,245.261,235.34
3.15385,44.4615,6.87411,0.00932564,23.9497,0.270877,1.82841,227.333,248.359,245.266
3.57143,148,34.8588,0.0838143,923.974,0.0303571,3.82487,183.857,247.143,230.28
4.77778,131.889,32.9891,0.0694,636.267,0.0527778,3.58588,192.778,247.222,231.932
7.25,180.5,81.708,0.0607,407.855,0.0333,3.6043,143,237.25,187.659
70.3333,191.333,135.671,0.0429667,199.131,0.0438333,3.28723,185.667,212,193.535
3,204,61.6836,0.1507,2519.97,0.0169,4.2679,174,249,220.844
5.78571,144.857,42.1574,0.08225,847.05,0.0286571,3.82829,179.5,246.286,225.109
3.77778,70.963,13.8384,0.0243556,104.951,0.105381,2.72783,213.444,245.667,239.806
4,255,75.4414,0.1608,2980.22,0.0164,4.3005,166,245,210.777
5.85714,152.857,52.7941,0.102357,1160.86,0.0215714,4.02444,175.714,246.429,219.999
5.33333,105.889,31.8603,0.0630556,481.028,0.0332111,3.63973,196.222,246.667,230.898
6.44444,154.778,34.6892,0.0515778,386.582,0.0508556,3.39034,165.333,239.778,222.48
10.75,169.625,73.8066,0.0897875,834.645,0.0232,3.91885,161.125,237.5,201.951
13.75,202,105.587,0.1213,1517.99,0.018425,4.1575,146.25,232,179.933
4,141.75,35.3774,0.07605,754.928,0.0348875,3.72734,188.25,248.375,231.299
6.2,139.2,34.2588,0.0620267,520.092,0.0383933,3.59337,180.2,245.2,228.059
17.5,173.333,89.7689,0.0598167,386.224,0.0338167,3.56293,180.333,238.167,203.511
12.4286,179,81.9107,0.0987714,1029.06,0.0217714,3.99346,150.286,232.857,190.584
5.5,223.5,108.99,0.0908,937.506,0.0274,3.9109,153.5,238,184.318
4.6875,154.375,31.5554,0.0398812,263.218,0.0860188,3.08682,173.812,243.438,226.8
56.5,203.5,128.027,0.0579,369.398,0.0346,3.5404,26.5,155,91.4043
5.33333,150.667,43.6133,0.0603,546.088,0.0507333,3.48127,124.333,238.333,204.757
1.67391,3.5,2.14318,0.000445652,0.123917,0.810728,0.331128,247.413,250.457,249.058
2.5,180.667,35.7064,0.0865,1097.83,0.0359833,3.79067,183.667,248.5,232.129
5.47619,164.286,42.0991,0.0699048,669.657,0.0456905,3.62295,169.714,242.905,222.012
3.09091,117.364,22.4986,0.0501364,409.189,0.0616545,3.30891,198,248.636,238.36
6.8,163.2,56.3734,0.0797867,739.169,0.0327133,3.78888,154.8,238.6,208.035
6.9,156.1,47.6539,0.07519,719.693,0.03352,3.72643,174.8,245.5,222.282
4.92857,124.714,33.3881,0.0660786,573.53,0.0408571,3.6139,188.214,244.286,228.225
21,211,128.57,0.07995,700.942,0.0268,3.79765,71,228.5,155.9
6.04762,177.619,57.3281,0.0892714,939.112,0.0311048,3.86964,166.857,242.81,214.26
3.97059,87.3235,16.3434,0.0289971,143.698,0.0960971,2.86559,207.529,247.618,239.974
5,221,108.795,0.0732,616.262,0.0291,3.7508,23,238,148.994
5.375,193.625,66.4868,0.124875,1738.09,0.019225,4.15773,172,246.875,215.495
7.5,149.562,51.1167,0.0845875,800.43,0.026075,3.85552,175.562,242.688,218.882
4.4,119.92,20.7123,0.029728,169.567,0.112468,2.80022,190.92,245.92,235.47
4,229,84.9727,0.1747,3211.48,0.0145,4.3708,159,239,200.047
4.86957,101.087,22.5029,0.0435957,285.582,0.0635304,3.23609,200.261,247.217,236.947
7.14286,192.286,69.4632,0.116571,1563.15,0.0258714,4.07834,170.571,244.714,214.019
5,223.5,87.6348,0.14955,2304.59,0.01575,4.3076,167.5,246.5,205.342
4.66667,230,73.6472,0.1401,2187.13,0.0169,4.2783,169.667,247.333,214.112
48.5,209,154.783,0.06005,414.16,0.034225,3.56695,171.5,215.5,178.454
8.16667,209.5,87.9733,0.113217,1417.08,0.0202167,4.0862,159.667,239.5,198.023
7.5,204.5,72.8184,0.13205,2005.81,0.01885,4.2139,150,240,205.654
7.83333,182.917,80.0632,0.089925,887.43,0.0237667,3.92879,154.167,236.333,193.753
10.4167,194.333,81.8138,0.1034,1180.3,0.0240917,4.00031,158.417,236,197.261
10.5,151.5,57.7461,0.07755,675.583,0.02585,3.84555,71.5,224.5,166.873
27.5,188.25,108.48,0.069825,507.018,0.0281,3.6985,155,221.5,177.432
7.5,154.5,54.7754,0.0442,245.99,0.04605,3.32285,68.25,226.75,173.815
8.8,151.933,52.0315,0.0653,494.586,0.03254,3.65479,165.067,237.933,212.273
37,165,118.75,0.0403,172.462,0.0475,3.2474,78,186,130.738
12,205.167,102.112,0.0936167,994.885,0.02425,3.94723,152.5,234.167,184.102
10.6667,189.889,94.8568,0.0870778,797.384,0.0239444,3.89469,147.444,232.667,182.38
5.15,103.85,26.6236,0.05101,348.992,0.046,3.42873,195.6,244.6,231.978
5.46154,173.308,52.3137,0.0907231,1039.76,0.0311231,3.87877,175.769,245.769,220.78
14.5,197.333,98.6263,0.109733,1248.34,0.0207333,4.05487,147.5,231.167,184.746
2.33333,219,41.9115,0.0567667,640.332,0.0851667,3.2412,170,251,231.522
6.5,162,42.8808,0.07595,864.852,0.0363,3.69175,92,232,196.193
7.66667,237,88.8802,0.1241,1706.44,0.0185,4.15533,160,241.333,200.908
20,165.333,82.9115,0.0555,350.197,0.0349,3.5297,127.333,224.333,176.797
8.5,223.5,106.596,0.1305,1790.92,0.01805,4.1943,135,241,186.029
4.82609,109.609,22.5938,0.0376783,233.908,0.0835043,3.05695,188.304,243.13,231.862
3.38636,59.1364,10.1059,0.0172773,59.2439,0.160982,2.3801,220.091,248.114,243.801
5,195,41.5215,0.075375,861.398,0.0374,3.695,164,242.5,221.646
7.88889,183.444,66.8707,0.0726444,626.538,0.0366444,3.70157,156.444,237.111,203.028
5.44444,91.8889,14.6751,0.0176667,73.5039,0.191644,2.31892,204.889,244.778,239.198
12.5,190.75,96.8291,0.1111,1320.07,0.019425,4.1061,153.75,232.5,185.229
4.4,155.1,40.4289,0.08616,1001.43,0.03216,3.83829,177,244,225.001
7.57143,129.214,40.894,0.0569429,394.515,0.0365714,3.54647,179.357,239.643,220.522
5.75,140.75,51.8154,0.040675,200.083,0.0589,3.19353,160.25,240.75,205.728
7,233,91.1367,0.1523,2450.52,0.0147,4.3828,166,247,206.324
8,170.571,64.4091,0.0959143,1009.6,0.0227286,3.9765,162.286,238.571,206.527
10.6667,181.333,96.2559,0.0916833,840.738,0.0234167,3.91193,144.333,232.667,182.074
5.75,180.25,57.8281,0.106475,1353.53,0.023275,4.02579,169,243.375,215.39
3.75,179,48.4854,0.1021,1301.17,0.023375,4.00768,177,250.25,225.395
6.75,208,72.0977,0.1295,1921.47,0.018575,4.20695,167.25,243.75,210.417
2.68966,26.2069,4.4635,0.00487241,8.43146,0.396117,1.34606,236.414,249.517,247.313
6.625,183.125,56.2178,0.0994625,1240.8,0.0363625,3.90591,173.25,245.25,219.015
3.4,198.8,44.2766,0.0715,754.666,0.05164,3.61822,176.2,249.6,228.175
6,208.5,61.3223,0.1342,2090.88,0.0188,4.19855,169.5,247.5,218.666
5.8,194,80.0156,0.07604,712.398,0.03236,3.74844,145.4,237.8,191.873
5.3,129.7,37.8816,0.0756,696.042,0.03016,3.76862,188.4,245.4,227.896
23,188.333,103.81,0.0839,740.036,0.0242,3.86487,166,229.667,190.173
5.03226,133,31.7338,0.0463742,318.988,0.0660645,3.26374,182.161,243.258,227.957
7.41667,165.167,56.2044,0.0870417,886.585,0.0258333,3.88513,172.5,243.5,215.571
5.75,135.583,36.9088,0.06055,467.308,0.03785,3.56872,185,244.667,227.275
4.5,191.75,54.0171,0.078525,807.464,0.035125,3.74077,163.25,241.875,214.66
7.25,182.25,72.4189,0.100275,1114.28,0.02145,4.01528,152.5,238.5,202.77
11.2,166.8,70.0469,0.07131,550.546,0.02904,3.7184,157.2,234.5,199.22
13.1111,188.889,93.0035,0.0951444,940.721,0.0226556,3.95128,150.889,232.667,187.27
2.5,172.333,18.6081,0.0369667,389.98,0.215333,2.54828,187.333,249.5,240.369
9.45455,155.636,61.2543,0.0725818,595.798,0.0287091,3.74567,170.545,239.455,211.452
14.2,190.4,88.8133,0.08018,678.302,0.02644,3.81484,152.8,230,186.987
10.1818,180.182,75.2468,0.0997,1073.62,0.0216182,4.01051,158.636,236.273,200.283
2.65625,13.7188,3.70936,0.00245938,2.56433,0.544444,0.943272,242.531,249,247.542
5,156.818,35.1282,0.0546727,434.927,0.0476636,3.46373,176.909,245.091,227.388
