8.2027,136.932,39.9899,0.0500047,353.5,0.0591872,3.34372,177.98,240.953,222.031
7.83333,202.542,80.0132,0.122229,1650.83,0.0208417,4.13728,162.708,242.583,204.859
7.44531,175.227,63.2678,0.090682,973.182,0.0274039,3.90049,164.984,240.594,209.169
4.5,230.25,78.3086,0.159625,2790.55,0.015625,4.3305,166.25,245,209.498
5.63946,102.367,23.0125,0.0328197,181.148,0.0902524,2.94763,196.184,244.422,233.664
8.16393,188.902,71.4742,0.104503,1257.44,0.0249115,4.00602,164.033,240.869,206.643
7.46309,165.893,58.0925,0.0793617,756.849,0.0324805,3.77664,165.161,240.805,211.383
7.45865,150.406,48.2504,0.0658692,547.936,0.0407699,3.61357,170.677,241.15,217.003
2.94444,36.0787,6.54514,0.00867778,27.596,0.407904,1.50055,231.69,248.662,245.806
5.71429,217.286,73.5279,0.134129,2081.41,0.0228714,4.18927,165.571,245.143,211.24
