6.13636,176.682,57.1745,0.08945,940.728,0.0307455,3.87445,166.455,242.545,214.087
4.17647,115.294,16.7654,0.0264059,150.788,0.130771,2.67299,196.824,246.294,238.892
7.2,127.8,42.0766,0.06565,505.276,0.03186,3.67044,178.6,241.8,220.396
5,166.778,31.3511,0.0441667,352.908,0.108833,3.05797,176.111,244,229.331
5,223,59.6504,0.0982,1273.11,0.027875,3.92385,170.25,247.75,220.115
4,242,80.2071,0.16775,3095.85,0.01545,4.33565,162.5,242,205.412
6,216.333,72.8672,0.126567,1911.35,0.0192,4.18533,164.333,242,208.982
5.85714,189.571,61.1752,0.0968286,1110.24,0.0270286,3.95189,160,240.429,211.053
4.46667,88.2,22.524,0.0369467,198.871,0.0675933,3.11501,204.733,246.267,235.346
2.42105,40.8421,5.68504,0.00989474,25.829,0.248089,1.89836,231.316,250.632,247.608
3.30769,135.538,22.1758,0.0410846,309.027,0.0786769,3.12448,184.308,246.462,235.292
7.6,159.2,57.4742,0.08148,766.248,0.02732,3.83022,147.8,235.6,203.52
10.3333,193,85.1671,0.0777,691.493,0.0300111,3.7686,148.333,233.667,188.856
3,204,61.6836,0.1507,2519.97,0.0169,4.2679,174,249,220.844
2.04839,5.25806,2.62576,0.000720968,0.369761,0.765147,0.433623,246.306,249.774,248.379
15.3333,199.667,110.957,0.122333,1527.13,0.0185333,4.14567,142.333,230.667,176.142
4.84615,122.462,32.649,0.0660846,569.326,0.0405077,3.61948,188.231,244.385,228.618
20,250,130.461,0.1224,1437.57,0.0176,4.1617,164,236,184.633
3,97.625,18.2046,0.044925,312.871,0.05705,3.27707,204.875,250.625,241.578
11.5714,198.714,108.993,0.0886857,815.937,0.023,3.92019,140.857,232.143,174.661
5.35714,135.786,39.0374,0.0747,691.304,0.0328714,3.74285,184.929,245.214,227.008
39.5,186,110.822,0.05775,383.446,0.03555,3.5315,70,185,128.6
5.5,135.583,35.57,0.070575,641.613,0.0467833,3.62741,188.333,246.083,229.363
3.5,130,51.0938,0.10575,1161.14,0.01955,4.0814,182,250,221.262
6.5,162,42.8808,0.07595,864.852,0.0363,3.69175,92,232,196.193
11.3571,183.357,83.483,0.0996357,1062.45,0.02155,4.00697,156.929,235.071,194.751
5.1875,118.562,32.946,0.0609688,467.42,0.0367812,3.5843,193.375,246.562,230.983
5,221,108.795,0.0732,616.262,0.0291,3.7508,23,238,148.994
5.77778,195.222,71.0087,0.125567,1746.21,0.0191,4.1626,164.556,245.556,210.747
7.5,154.5,54.7754,0.0442,245.99,0.04605,3.32285,68.25,226.75,173.815
4,141.75,35.3774,0.07605,754.928,0.0348875,3.72734,188.25,248.375,231.299
5.09524,152.143,32.5681,0.0511714,412.968,0.0799952,3.28175,181.571,244.714,229.404
5.04762,77.381,15.3865,0.0220619,85.9488,0.112948,2.64642,213.81,244.619,238.964
6.8,162,53.4742,0.101,1160.74,0.02238,4.00166,173.2,245,219.494
7.38462,151.846,54.177,0.0799385,729.465,0.0276538,3.81525,165,240.615,212.727
9,183,69.7891,0.1383,1951.83,0.0167,4.2718,176,249,214.723
5.33333,134.75,32.8167,0.0401583,256.483,0.0807333,3.10465,168,241.167,222.338
6.4375,121.75,36.6609,0.0506062,324.207,0.047775,3.41049,181,240.562,222.853
5,223.5,87.6348,0.14955,2304.59,0.01575,4.3076,167.5,246.5,205.342
7,233,91.1367,0.1523,2450.52,0.0147,4.3828,166,247,206.324
5.27778,103.833,27.3898,0.0518278,350.65,0.0435,3.45312,196.167,244.778,231.772
5.28571,102.571,13.4062,0.0150429,66.8,0.251843,2.07714,199.857,245.429,240.374
7.5,190.25,72.3867,0.120175,1587.6,0.019025,4.15553,169.5,243.75,212.255
4.55556,196.444,61.4618,0.0794667,796.398,0.0419778,3.71616,165.222,242.444,211.822
7.83333,182.917,80.0632,0.089925,887.43,0.0237667,3.92879,154.167,236.333,193.753
3.82353,84.2941,16.0717,0.0311706,163.715,0.0940471,2.91888,210.529,247.706,240.28
39.5,203.25,137.374,0.064675,446.628,0.030575,3.63343,162.5,218.75,177.69
8.2,154.733,54.3169,0.06884,590.513,0.0416933,3.62955,168.267,240.2,214.673
7.75,237.5,93.1621,0.12555,1722.49,0.018375,4.16325,161.25,242.75,200.505
2.8,163.8,34.3109,0.08562,1082.13,0.03246,3.8066,188.4,249.8,233.648
8,181.4,66.9902,0.07256,624.798,0.03586,3.70833,156.3,237,202.958
5.125,150.625,30.4502,0.059325,504.446,0.0421,3.54307,182.625,247.375,232.385
16.6,184.2,92.5398,0.0827,738.071,0.0244,3.8655,161,232.2,191.697
5.5,180.75,45.8734,0.073725,733.188,0.0414167,3.67707,170.583,246.417,223.392
2.53659,22.2439,4.09805,0.00420488,6.07409,0.419322,1.26874,239.146,249.927,248.041
6,176.25,56.9811,0.092625,1042.29,0.0305917,3.89188,173.583,244.833,217.802
11.4,192.4,89.6289,0.11078,1321.9,0.01974,4.09888,154.4,232.6,189.231
27.4,158,85.9797,0.045,213.723,0.04186,3.32882,171.2,232.2,198.878
7.07143,172.5,52.2411,0.0836571,880.624,0.0288,3.83801,171,243.643,217.786
3.85714,155.714,30.3828,0.0588714,565.165,0.0858143,3.32467,184.714,246.143,231.161
3.28571,171.286,24.2355,0.0358,264.883,0.113929,2.89557,182.714,246,235.184
32.6,194.4,119.498,0.05872,386.238,0.03506,3.54376,178.8,229.8,194.469
4,58.7857,9.28459,0.0119929,35.0872,0.213079,2.05702,215.357,243.786,240.054
9.93333,174.067,74.8677,0.0885667,834.393,0.0249667,3.88474,156.467,235.867,198.447
94,217,166.156,0.0369,148.729,0.0494,3.1681,187,203,192.613
4.59091,101.409,20.8929,0.0377364,227.271,0.0770136,3.08824,193.409,243.864,233.497
5.53846,144.385,41.7191,0.0819846,848.665,0.0290308,3.8219,179.923,246.308,225.467
15.75,181.25,93.1582,0.07875,688.262,0.026325,3.8216,71.25,226.5,161.387
7.25,198.5,71.543,0.113375,1520.55,0.030775,4.02982,168.5,243.5,210.104
3.07143,64.9286,12.2344,0.0270857,124.019,0.0974071,2.8256,216.786,248.214,242.412
5.5,154.6,43.6066,0.08836,1011.36,0.03026,3.86421,172.1,241.6,220.98
3.75,148.25,37.938,0.085225,922.134,0.0295125,3.83484,182.75,246.75,227.951
10.8182,183.091,79.9585,0.0954636,999.376,0.0231091,3.9737,152.455,234.727,193.449
10.4167,194.333,81.8138,0.1034,1180.3,0.0240917,4.00031,158.417,236,197.261
22.6667,210.667,117.484,0.111,1239.85,0.0202667,4.06167,142,225,174.257
4.69231,126.231,21.2434,0.0321462,189.842,0.0984846,2.89959,183.154,244.615,233.374
4.42105,86.9474,17.3725,0.0265053,120.106,0.0937421,2.81596,201.211,244.789,236.498
7.29412,152,44.6059,0.0662176,542.081,0.0357,3.64116,160.647,238.941,214.882
4.52941,180.176,41.8925,0.0662471,664.294,0.0570588,3.51975,167.294,243.941,223.1
2.8125,54.6875,10.2148,0.0195563,69.9208,0.144756,2.4888,220.5,249.125,244.245
3.8,70.6667,10.1089,0.0152533,56.4592,0.205233,2.20205,217.2,248.333,244.318
9.45455,163.364,68.1154,0.0577545,380.366,0.0353636,3.55443,156.727,236.273,198.982
5.4,181,55.1055,0.1084,1380.08,0.02152,4.04482,171,245.8,218.299
3.66667,39.6,6.76329,0.0065,14.5817,0.364293,1.51746,227.067,247.067,244.179
37,165,118.75,0.0403,172.462,0.0475,3.2474,78,186,130.738
5,116,57.4102,0.0376,142.475,0.0491,3.1488,173,243,202.934
11.6667,195.5,97.1693,0.0943083,942.797,0.02355,3.94357,151.417,233.667,186.046
6.54545,183.364,62.6406,0.101918,1245.17,0.0322273,3.94468,167.727,243.091,212.529
5.33333,176.667,55.597,0.1032,1320.81,0.02445,4.00653,173.333,247.333,220.587
58,217,142.496,0.0569,351.413,0.0334,3.548,6,162,80.3164
6,201.333,66.3594,0.131833,2026.42,0.0189333,4.2045,156,243.333,211.641
8.92308,153.769,50.6415,0.0631769,479.442,0.0345,3.61795,163.769,238,212.691
5,231.8,73.3305,0.13304,2153.08,0.03152,4.11866,169.2,246.8,214.016
7.41176,150.118,50.4616,0.0840882,802.785,0.0263882,3.85222,175.118,242.882,219.027
2.375,42.75,8.09181,0.01745,52.2724,0.122163,2.49721,232.375,251.125,247.588
14.7273,176.818,81.6019,0.0705091,539.786,0.0286636,3.71645,156.455,232.273,193.414
2.33333,177.667,40.0039,0.0831,1002.47,0.0328333,3.8122,188.333,251.333,233.016
5.36842,119.421,30.4994,0.0533632,398.958,0.0492526,3.42851,186.895,243.158,228.777
5.5,201.75,85.0742,0.111525,1415.14,0.02065,4.08005,155.5,238.75,195.595
5.76471,102.882,24.8343,0.0431588,273.358,0.0655235,3.22356,197.588,245.235,234.252
