1.625,22.25,3.0132,0.0045,7.26666,0.410675,1.31001,241.875,253.625,251.407
65.5,191,142.453,0.0386,160.596,0.04845,3.20775,132.5,194.5,161.676
5.27273,222.909,75.0828,0.139527,2221.36,0.0233273,4.20781,168.818,246.818,212.771
24,191.8,115.117,0.0681,497.333,0.02906,3.67942,162.2,225.8,182.183
9.16667,163.417,63.821,0.073025,600.371,0.028525,3.7522,167.667,239.25,209.631
3,209.4,48.1445,0.05988,629.279,0.07824,3.31716,164,246.6,223.237
4,26.5556,6.07596,0.00512222,7.53749,0.355956,1.42931,233,245.556,243.424
4.47059,160.471,40.0018,0.0746235,746.503,0.0394235,3.69317,184,248.882,229.961
5.66667,129.667,35.9631,0.0722889,636.214,0.0308333,3.72647,189.222,246,229.013
3.83333,118.917,16.8421,0.0271333,159.474,0.133308,2.67657,195,246.75,238.906
6.0625,98.3125,26.1079,0.0445125,268.377,0.0508625,3.30712,198.688,245,233.502
58.25,201.75,132.822,0.059225,387.406,0.033825,3.55638,74.75,177.25,123.722
4.75,96.9286,21.612,0.0375571,218.95,0.0738786,3.10116,196.75,244.714,234.294
2.75,56.8125,10.0029,0.0190563,68.5557,0.151369,2.45857,218.688,248.875,244.119
4.7,94.35,17.6939,0.02766,134.081,0.09748,2.82782,201.9,246.1,237.862
6.75,169.25,55.8989,0.104863,1233.49,0.0216,4.03675,176.25,246.375,219.619
1.85714,41.4286,7.274,0.0176,55.7054,0.1271,2.49026,232,252.286,248.543
7.21053,153.789,43.3991,0.0657737,560.315,0.0418737,3.60744,165.316,239.632,217.67
5.72727,130.818,39.9222,0.0763636,698.375,0.0297182,3.77544,187.636,245.364,226.989
2.5,147.167,16.3568,0.0377167,321.794,0.113333,2.91247,186.167,249.5,240.633
10.875,190.875,88.0327,0.104325,1170.12,0.0238375,4.01251,156.125,234.375,192.457
4.5,115.25,37.4278,0.034775,171.914,0.0743,3.0389,172,240.75,214.816
5.30769,112.308,33.7227,0.0622692,475.372,0.0343231,3.62296,194.231,246.154,229.997
13.25,205.75,99.7588,0.095125,1017.94,0.0249,3.93357,153.25,234.25,185.744
7.34615,166.615,53.4401,0.0834846,858.64,0.0296231,3.82523,170.423,242.654,216.753
9.54545,195.818,82.5991,0.118291,1546.73,0.0231636,4.10713,161.727,240.091,201.624
8.83333,196,79.1458,0.111475,1389.06,0.0204333,4.07913,162.5,239.917,202.225
8,129.833,40.234,0.0566083,394.226,0.0368,3.54572,177.167,239.083,220.054
1.54545,3,2.07174,0.000354545,0.0962182,0.840682,0.279964,246.636,249.727,248.331
5.58333,113.083,30.32,0.0525917,355.777,0.0431583,3.45903,191.917,244.083,230.09
2.33333,27.3333,4.1645,0.00423333,7.05972,0.440667,1.23329,236.667,250.444,248.184
1.77778,14.7778,2.69314,0.00294444,2.95882,0.465489,1.09453,244.222,250.889,249.528
1,2,1.41094,0.00044,0.11584,0.79978,0.34488,249.4,253.8,251.397
6.5625,178.75,72.2083,0.0903813,895.311,0.023625,3.93147,156.938,237.5,198.906
6.5,162,42.8808,0.07595,864.852,0.0363,3.69175,92,232,196.193
12.3333,193,96.4466,0.0933667,923.065,0.0238778,3.93428,150.333,234.222,187.05
2.7,17.9,4.12541,0.00388,4.75376,0.43523,1.22985,239.9,248.8,246.995
5.70588,163.765,44.2259,0.0721059,673.234,0.034,3.70802,168.235,242.118,220.188
2.93333,64.4667,12.0562,0.0274667,126.314,0.0952333,2.84201,217.267,248.333,242.649
10.7143,199.286,96.2796,0.0943,965.556,0.0226714,3.9639,152.286,233.143,184.885
1.75,4.75,2.56155,0.000575,0.164575,0.765575,0.410875,247.25,250.5,249.483
13.4,204,106.55,0.07668,667.902,0.02748,3.79358,47.4,229.6,152.787
4.42857,89.2857,22.6702,0.0510714,345.533,0.0431286,3.45391,201.571,245.571,233.759
4.71429,166.5,46.4913,0.0851357,917.798,0.0302286,3.82994,181.786,247.643,225.498
4.55,131.4,31.9979,0.063555,567.77,0.05633,3.51518,187.3,245.25,229.82
6.42857,172.357,53.817,0.0896429,952.597,0.0322857,3.87188,164.571,242.143,215.118
3.375,168.375,29.3896,0.0381,271.354,0.105737,2.96846,180.5,246,231.84
11.6667,170.111,71.7339,0.0702444,537.838,0.0293778,3.70203,157.111,234.222,198.257
2.33333,177.667,40.0039,0.0831,1002.47,0.0328333,3.8122,188.333,251.333,233.016
0,0,0,0,0,0,0,0,0,0
4,86.6,18.4152,0.03249,172.024,0.091505,2.94963,208.6,246.8,237.96
6,118.077,32.9636,0.0503308,327.951,0.0450769,3.42054,181.769,241.231,224.892
10.4286,155.143,55.3153,0.0532143,327.52,0.0387,3.48361,168.286,235.714,209.871
7.33333,159.056,54.0454,0.0838278,796.27,0.0262944,3.85075,167.722,240.389,213.784
7.16667,149,52.4929,0.04515,253.285,0.0449833,3.34375,90.5,229.5,182.417
10.5833,184.167,79.9502,0.07795,659.493,0.0268417,3.80203,148.667,233.167,190.361
2.77778,38.7407,5.88108,0.00827407,20.6941,0.303556,1.71837,230.926,249.926,247.044
2.5,180.667,35.7064,0.0865,1097.83,0.0359833,3.79067,183.667,248.5,232.129
2,3,2.15137,0.00035,0.08645,0.8597,0.22545,248.5,250.25,249.549
4,242,80.2071,0.16775,3095.85,0.01545,4.33565,162.5,242,205.412
5,89.5,16.2598,0.0220111,93.2606,0.129406,2.60266,203.111,244.111,237.346
4.75,141.667,31.3356,0.0539833,426.963,0.062875,3.38118,187.833,246.667,231.518
3.85714,61.8571,9.21651,0.0124643,42.4342,0.228021,2.04437,215.714,245.214,241.64
3.28571,55.2857,6.6172,0.008,20.403,0.3042,1.67336,219.857,245.857,242.824
5,130.889,18.6602,0.0319778,193.86,0.0975778,2.89277,185.889,245.444,237.195
4.5,48.5,10.7012,0.01775,49.3771,0.10515,2.53905,232,247.5,244.496
18.5,181.167,97.9805,0.0596833,392.958,0.0341083,3.57042,166.333,235,193.913
5.14286,162.214,29.5234,0.04685,385.541,0.104264,3.12184,172,242.929,228.234
4.25,47.5,10.0352,0.013425,33.7219,0.15565,2.27565,224.75,246.25,242.324
4.2,133,24.6195,0.03637,248.344,0.09458,2.97701,178.9,242.9,230.349
5,82.6,12.6021,0.0162,61.1678,0.195447,2.2677,213,246.2,241.794
0,0,0,0,0,0,0,0,0,0
6.38889,207.444,76.0015,0.126572,1793.4,0.0189222,4.17394,162.611,244.111,207.932
3.46154,9.84615,4.34736,0.00117692,0.670185,0.669646,0.646554,242.692,247.077,245.763
1.4,2.4,1.77342,0.00046,0.11168,0.80408,0.34356,248.8,252,250.29
0,0,0,0,0,0,0,0,0,0
5.36364,192.364,58.4734,0.102355,1310.33,0.0247182,3.9948,169.727,245.455,217.266
2.5,171.5,26.3692,0.05405,654.574,0.14475,2.94505,184,249,236.333
3.22222,114.556,22.4531,0.0497111,404.347,0.0629333,3.29706,197.889,248,237.866
5.4,139.7,39.1778,0.08145,824.057,0.02883,3.81409,186.8,248.4,229.455
6,156.857,39.5452,0.0605714,517.904,0.0466571,3.52594,153.143,239.857,216.104
3,97.625,18.2046,0.044925,312.871,0.05705,3.27707,204.875,250.625,241.578
27.4,158,85.9797,0.045,213.723,0.04186,3.32882,171.2,232.2,198.878
7.28571,204.429,64.4185,0.0965143,1213.89,0.0411,3.83521,165.143,241.857,211.971
9.95,188.55,90.2406,0.087945,812.25,0.024865,3.89076,148.3,233.9,186.905
0,0,0,0,0,0,0,0,0,0
8.46154,173.308,65.7296,0.0950846,1013.99,0.0279,3.93478,158.462,237.692,203.973
11.4615,180.538,78.5793,0.0995462,1068.55,0.0216231,4.01103,157.769,235.231,197.771
2.25,3.75,2.74171,0.00045,0.11355,0.80515,0.334962,245.375,247.875,246.495
4.5,127.417,25.7315,0.041125,294.875,0.0897583,3.08675,183.167,243.833,231.307
5.3,167.7,53.1383,0.09245,1048.21,0.02589,3.92554,177.7,245.8,220.564
6.66667,168.222,62.0022,0.1004,1132.9,0.0216222,4.01862,164.222,242.333,211.704
13.7143,194.571,99.3934,0.110371,1254.85,0.0204286,4.06383,148,231.286,183.581
2,6.5,2.63963,0.000575,0.197925,0.76515,0.4241,245.75,249,247.631
1.4,3.8,1.70626,0.0005,0.16,0.80476,0.35774,249.6,252.6,251.598
6,158.636,39.1055,0.0578455,462.812,0.0461455,3.49796,174.455,244,224.96
4,67.7273,13.8154,0.0228545,87.2273,0.103955,2.68744,218.182,245.727,240.453
7.57895,138.789,43.766,0.0645579,501.122,0.0333158,3.64601,175.474,241.789,220.031
8.36,169.4,62.8584,0.078156,729.541,0.032812,3.76925,156.6,238.52,206.061
4.57143,152.143,38.7573,0.0861286,1005.87,0.0327571,3.82684,174.571,243,224.585
