2,3.6,2.21094,0.00036,0.09082,0.83706,0.29676,248.8,252.2,250.558
1.66667,2.44444,1.92969,0.000222222,0.0601889,0.896378,0.1822,247.222,249.889,248.622
3.3,117.3,22.975,0.05083,411.554,0.0605,3.31912,199.5,249.1,238.607
5.27273,140.818,36.202,0.0596091,470.562,0.0393273,3.55356,184.273,245.455,228.36
5,124.571,36.6953,0.0369714,191.035,0.0664571,3.11436,168.286,240.286,216.395
4.89474,100.421,25.0639,0.0505842,345.897,0.0460158,3.42287,198.842,245.842,233.928
0,0,0,0,0,0,0,0,0,0
2.22222,3.66667,2.72267,0.000477778,0.120378,0.794711,0.349267,245.444,248,246.63
5.53333,144.133,41.262,0.0818133,849.957,0.02944,3.81727,180.533,246.733,226.026
3.5,59,8.89062,0.0127,42.4156,0.221033,2.07192,220.5,247.417,243.771
7.5,176.929,73.8016,0.0880214,885.878,0.0256071,3.89596,145,235.643,194.314
2.28571,30.7143,4.2846,0.0062,13.6137,0.386757,1.4339,235.143,250.857,248.606
4.78947,106.684,22.6661,0.0381789,234.933,0.0816632,3.07365,190.737,243.684,232.435
7.72222,192.278,73.1597,0.109394,1369.24,0.0215167,4.06034,164.333,240.667,205.724
56.5,203.5,128.027,0.0579,369.398,0.0346,3.5404,26.5,155,91.4043
2.77778,8.22222,3.38368,0.000833333,0.437033,0.736167,0.511089,244.111,247.778,246.646
4.22222,144,26.7131,0.0574667,535.401,0.0623111,3.40581,185.222,247,234.132
13,204.75,102.276,0.0938375,966.496,0.023725,3.95277,153.25,232.75,183.644
4.29412,72.7647,11.8727,0.0183765,67.1458,0.163565,2.41731,216.118,247.529,242.844
3.83333,57,7.86785,0.00895,23.6667,0.2643,1.79535,217,243.833,240.441
4.65,172.55,47.1232,0.086445,940.379,0.03347,3.8337,175,246.3,223.354
0,0,0,0,0,0,0,0,0,0
1,26,1.9688,0.0044,9.4583,0.3949,1.2134,242,253,252.039
5.90476,171.619,53.1481,0.0773286,742.367,0.0375143,3.74226,160.571,241.619,213.31
6.05882,157.412,33.5795,0.0500412,385.167,0.0675059,3.30725,172.824,242.059,225.72
7.46154,124.923,40.3903,0.0581077,401.466,0.0351692,3.56878,179.769,239.692,220.971
2.6875,47.875,9.18848,0.0183688,62.4966,0.136306,2.48205,224.938,249.625,245.498
4.06667,72.8667,14.7372,0.02526,112.807,0.104273,2.75573,212.067,245.733,239.338
3.77778,12.2222,4.89237,0.00173333,1.14907,0.5883,0.812111,241.333,246.778,245.352
4.66667,113.2,22.0281,0.0289533,147.836,0.0994667,2.83071,192.2,244.867,233.922
9.6,153.2,55.0281,0.06536,491.002,0.03214,3.66067,163.8,237.8,210.359
4,242,80.2071,0.16775,3095.85,0.01545,4.33565,162.5,242,205.412
0,0,0,0,0,0,0,0,0,0
4.875,173.5,42.6922,0.068325,667.192,0.0507,3.5765,169.292,243.833,222.652
3.08333,62.0833,11.7699,0.0232583,91.5281,0.102933,2.70532,220.25,247.25,242.141
5,203,73.3633,0.1002,1120.49,0.0215,4.0562,121,237,196.414
3.66667,39.8333,6.91277,0.00679167,15.2642,0.351883,1.55897,227.917,247.583,244.819
9.54545,195.818,82.5991,0.118291,1546.73,0.0231636,4.10713,161.727,240.091,201.624
4.8,120.5,32.3441,0.06645,571.977,0.04001,3.62655,189.6,244.7,228.962
8.76923,180.615,71.643,0.0996615,1087.12,0.0216692,4.00676,159.538,238,203.21
6,142.591,41.5657,0.0759318,715.297,0.0315045,3.7513,182.227,245.955,226.226
3.11111,156.889,23.4097,0.0461556,426.19,0.128867,3.02839,188.333,248.889,237.968
5.33333,105.889,31.8603,0.0630556,481.028,0.0332111,3.63973,196.222,246.667,230.898
8.88889,180.278,70.2318,0.0866056,836.252,0.0272667,3.85351,159.722,238.111,203.13
1,2.625,1.35205,0.000525,0.1521,0.7897,0.370862,249.5,252.375,251.142
5.30769,125,25.9859,0.0407308,284.261,0.0870692,3.08694,184.385,243.308,231.213
5.35714,92.9286,16.2729,0.0203143,83.7693,0.148236,2.50318,202,243.929,237.466
5.27273,222.909,75.0828,0.139527,2221.36,0.0233273,4.20781,168.818,246.818,212.771
2,4.5,2.76108,0.000583333,0.159733,0.762433,0.404733,247.333,249.833,249.135
7.4,135,40.6617,0.06495,509.202,0.03311,3.66174,176.1,241.8,221.423
1,2,1.6237,0.0005,0.129167,0.7759,0.382933,249.333,254.333,251.409
3.85714,85.2381,17.9937,0.0325048,171.377,0.0902333,2.95544,209.333,246.952,238.342
10.0714,193.286,93.5287,0.0864857,801.308,0.0254357,3.88127,148.143,234,185.151
3.95652,125.522,24.716,0.044713,320.766,0.0706174,3.218,188.217,246.13,233.949
1,18,2.5508,0.0075,13.7,0.2738,1.7494,243,253,251.152
6.66667,156.867,43.7274,0.0641333,545.178,0.04298,3.58385,154.467,238.467,213.766
7.21429,168.5,52.8968,0.0853214,886.715,0.02815,3.85157,174,244.429,218.598
6.34783,152.043,47.9981,0.0823478,794.085,0.0286652,3.82215,176,242.652,220.006
0,0,0,0,0,0,0,0,0,0
4,26,6.0469,0.0042,6.125,0.3643,1.3269,219,239,233.867
10.6,180.8,86.9836,0.05988,402.186,0.0337,3.58948,133,234.2,181.069
1,5,1.96485,0.000575,0.184375,0.75665,0.430375,246.25,250.5,248.64
0,0,0,0,0,0,0,0,0,0
10.0714,179.571,79.8848,0.0941714,936.243,0.0227714,3.95101,153.5,234.714,194.825
8.23077,163.846,62.7359,0.0952846,1002.17,0.0227538,3.97888,158.769,236.462,204.342
17.5,173.333,89.7689,0.0598167,386.224,0.0338167,3.56293,180.333,238.167,203.511
62,184.75,131.44,0.0423,192.464,0.04475,3.27728,158.75,205.5,177.836
3.9,131.6,15.625,0.02876,187.124,0.13815,2.68494,191.7,248.5,241.358
13.8,181.4,82.1149,0.0987,1050.76,0.02162,4.0104,159.4,232,194.995
6.28571,137,42.0776,0.0436286,253.33,0.0615857,3.25203,159,239.857,213.641
8,176.833,65.1917,0.0732083,625,0.03435,3.72273,151.167,236.5,201.416
61.3333,210,159.156,0.0596667,399.35,0.0346667,3.5549,165,206.333,170.876
5.2,167.5,50.1082,0.09907,1163.97,0.02672,3.95496,175.2,246.2,221.62
7.5,154.5,54.7754,0.0442,245.99,0.04605,3.32285,68.25,226.75,173.815
2.06667,16.6,3.20418,0.00346667,4.06085,0.447853,1.17593,242.333,250.267,248.668
5,130.727,33.9606,0.0703182,640.694,0.0482909,3.61928,191.091,247.273,231.258
0,0,0,0,0,0,0,0,0,0
13.7778,196.444,97.8125,0.109867,1245.08,0.0202444,4.06504,150.222,232.222,185.628
5.92857,193,56.8203,0.0992,1257.97,0.0321214,3.92704,172.214,246.857,220.082
13.4,204,106.55,0.07668,667.902,0.02748,3.79358,47.4,229.6,152.787
6.4,203,82.4344,0.09114,1025.45,0.03914,3.79484,157.6,240.8,198.945
0,0,0,0,0,0,0,0,0,0
13.7273,190.545,90.6275,0.0793091,703.615,0.0283818,3.79575,152.636,232.273,188.487
6.38889,207.444,76.0015,0.126572,1793.4,0.0189222,4.17394,162.611,244.111,207.932
11.2222,170.556,74.8737,0.0713333,555.265,0.0291444,3.71467,156.444,234.556,196.483
24,191.8,115.117,0.0681,497.333,0.02906,3.67942,162.2,225.8,182.183
5.66667,93.3333,25.5101,0.0454,276.4,0.050025,3.32627,204.583,246.917,235.784
0,0,0,0,0,0,0,0,0,0
2.5,41.7778,6.01086,0.0104889,27.4713,0.232794,1.96296,230.667,250.667,247.492
4.66667,89.8,20.3414,0.0374867,211.587,0.06312,3.13666,201.533,245.733,236.221
6.75,151,45.8994,0.060625,451.964,0.036675,3.57495,158.75,237.5,211.781
4.15789,86.5263,15.7784,0.0280211,134.259,0.0924211,2.85986,206.895,247.263,239.792
7.38889,150.333,48.1181,0.0685833,585.015,0.0455278,3.61877,177.667,242.5,220.549
8.91667,140.5,48.1052,0.0528667,331.515,0.0391,3.47954,169.417,236.667,213.104
10.875,190.875,88.0327,0.104325,1170.12,0.0238375,4.01251,156.125,234.375,192.457
4.38095,166.571,43.6137,0.0879238,1043.58,0.0308381,3.84986,179.952,247.143,226.256
3.11111,167.444,26.1875,0.0357667,258.979,0.113511,2.89998,182.556,245.667,233.729
1.875,23,3.38625,0.003925,5.92656,0.459338,1.20701,240.75,253.25,250.796
3.41667,25.9167,5.29101,0.004575,6.64271,0.374875,1.36574,235.583,247.333,245.467
4.83333,80.6667,11.0879,0.0124,44.041,0.242517,2.01613,206.833,242.833,239.288
