6.15,174,57.6252,0.09013,942.343,0.029685,3.89024,163.65,241.3,212.056
2.20792,11.6931,3.12771,0.00198812,2.42488,0.634466,0.746805,243.624,249.901,248.326
8,197.333,71.8086,0.134133,1987.82,0.0181333,4.2332,158.667,243,208.677
4,255,75.4414,0.1608,2980.22,0.0164,4.3005,166,245,210.777
7,188.882,69.7891,0.108629,1365.22,0.0217471,4.05438,164.353,240.941,206.964
6.36,141.72,36.9561,0.04616,311.185,0.064376,3.26816,175.6,241.68,223.122
6.83333,154.333,55.9772,0.0437833,238.157,0.0464833,3.31075,91.1667,230.333,181.529
7.6,179.6,68.3627,0.1014,1162.02,0.02502,3.98585,164.25,240.75,207.519
5.66667,214.333,112.885,0.0740667,636.292,0.0285667,3.765,41,237.667,150.896
5.875,216.75,75.6675,0.122262,1701.55,0.0194875,4.14503,164.875,244.375,209.711
5.73077,142.769,41.4243,0.0762962,719.572,0.0311038,3.75908,182.154,245.808,225.901
6.30769,140.538,40.0791,0.065959,570.376,0.0462795,3.5885,180.436,242.949,224.099
6.2963,181.778,54.9469,0.0699148,647.99,0.0474037,3.61417,160.333,240.259,212.355
4.21429,154.714,33.6309,0.0386214,249.176,0.0957071,3.02624,176.071,244.214,226.263
5.21053,141.947,35.6166,0.0701263,652.664,0.0447316,3.62867,186.684,246.053,229.74
10.5,151.5,57.7461,0.07755,675.583,0.02585,3.84555,71.5,224.5,166.873
5,221,82.0225,0.150525,2394.92,0.015775,4.31648,168.75,247.25,209.463
7.27778,168.167,58.6226,0.0849639,865.611,0.0277111,3.85339,162.083,240.417,210.095
3.6,61.7111,10.5208,0.0173756,60.8858,0.165411,2.3722,218.422,247.622,243.225
11.3529,195.294,95.6487,0.0938294,939.31,0.0232118,3.94941,151.118,233.882,186.186
10.76,167.56,64.7045,0.067728,541.474,0.036112,3.64769,154.44,235.2,202.068
27.0714,189,111.97,0.0605429,405.595,0.0335071,3.58023,158.143,227.429,184.604
3.64706,123.471,23.7404,0.0510824,418.376,0.0682824,3.30366,196.882,248.176,237.352
5.40741,103.556,23.1127,0.0414963,265.443,0.0703704,3.16699,195.444,245.148,234.556
4.76316,108.368,25.7729,0.0490316,336.221,0.0517132,3.37032,193.974,245.132,232.788
7.4,176.7,61.2957,0.095795,1079.85,0.024975,3.9474,167.55,241.3,211.986
5.5,94.875,15.0244,0.0179438,76.2323,0.182681,2.34223,203.812,244.312,238.717
4.3617,105.085,20.9031,0.0349468,202.671,0.087317,3.00036,194.787,245.106,234.609
6.17857,154,46.975,0.0819357,807.902,0.0298071,3.8087,177.036,244.321,221.823
4.03571,71.5,14.4114,0.0250679,108.221,0.1013,2.76055,213.25,245.929,239.691
9,194.348,72.8607,0.103374,1252.93,0.0274739,3.98104,163.609,241.13,206.6
4,229,84.9727,0.1747,3211.48,0.0145,4.3708,159,239,200.047
4.11111,95.0222,17.7757,0.0292422,148.768,0.0977667,2.85842,203.111,246.644,238.115
3.2,173.3,26.1883,0.04411,401.304,0.13268,2.97056,178.8,246.8,234.055
20,207.5,98.2324,0.0744,719.973,0.0412,3.61695,87.5,229,175.102
9.85,186.85,89.2752,0.08794,813.316,0.02496,3.88913,148.4,233.9,187.052
4.66667,225.667,70.0156,0.132767,2138.83,0.02945,4.12983,169,247.333,215.616
5.90476,171.619,53.1481,0.0773286,742.367,0.0375143,3.74226,160.571,241.619,213.31
4.84211,162.632,44.9718,0.0885368,1019.85,0.0289684,3.88106,178.158,245,223.86
56.5,203.5,128.027,0.0579,369.398,0.0346,3.5404,26.5,155,91.4043
6.45238,136.643,38.827,0.0621881,486.968,0.0362976,3.60432,179.143,243.31,224.039
3.02083,42.25,6.66342,0.00947083,24.5023,0.2727,1.82775,228.333,248.5,245.43
7.19231,139,42.4492,0.0562308,394.317,0.0392115,3.52118,175.385,240.538,220.112
11,199.909,88.9737,0.118845,1529.71,0.0229364,4.10752,161.818,239.727,198.974
6.66667,196.333,77.7877,0.128417,1769.71,0.0182667,4.1856,161.667,244.333,205.806
5.07143,166.214,45.5215,0.08505,916.338,0.0302429,3.8294,180.857,247.214,225.558
10.7778,182.833,78.933,0.0956944,1020.7,0.0268,3.94144,155.222,235.167,195.799
62,184.75,131.44,0.0423,192.464,0.04475,3.27728,158.75,205.5,177.836
14.9,191.4,95.4742,0.08106,711.557,0.02555,3.83689,157.2,232,187.764
6,216.333,72.8672,0.126567,1911.35,0.0192,4.18533,164.333,242,208.982
