5.76923,118.462,36.1154,0.0642846,491.681,0.0328,3.65263,187.692,244.231,226.092
5.125,85.5,17.2158,0.0234063,95.7448,0.103731,2.71215,204.5,243.375,236.414
4.5,130.6,17.7984,0.0309,198.082,0.12206,2.79084,189.9,246.8,238.96
3.8,92.4,19.7414,0.04056,253.95,0.0733,3.15432,209.4,250.4,241.678
9.6,144.3,51.075,0.05284,327.79,0.03914,3.47746,168.7,236.6,211.566
9.54545,195.818,82.5991,0.118291,1546.73,0.0231636,4.10713,161.727,240.091,201.624
5,103.833,12.8047,0.01375,63.8611,0.277,1.9724,201,246.5,241.651
13.7778,191.667,91.5946,0.0785222,711.656,0.0292,3.78889,152.444,232.778,188.813
15.2,177,83.2715,0.07077,542.319,0.02865,3.71569,155.7,231.2,191.664
9.75,177,75.5957,0.0777625,644.438,0.0265375,3.79886,146.75,233.875,191.663
6.38889,207.444,76.0015,0.126572,1793.4,0.0189222,4.17394,162.611,244.111,207.932
16.8333,207.167,103.609,0.109133,1231.22,0.02035,4.0602,150.167,230.833,184.467
6.41667,182.417,60.9932,0.0882667,910.639,0.0266917,3.8872,168.167,243.583,213.338
4.3,88.2,20.9816,0.03483,181.409,0.07338,3.05728,205.4,244.3,233.959
5,119,33.0228,0.0677167,585.115,0.0382333,3.65203,190.667,244.583,228.803
6.16667,148.667,54.9212,0.10395,1162.68,0.0208167,4.04563,176.667,246,218.132
4.36364,124.636,27.5849,0.0549273,445.255,0.0646455,3.38472,198.636,248.091,235.832
2.33333,69.8333,12.3216,0.0310167,145.122,0.0691167,3.01538,217.667,250.333,244.348
5.2,103.6,24.4539,0.03926,226.229,0.0628733,3.17217,185,240.733,228.093
13.4,176.2,86.5446,0.06017,394.877,0.03361,3.57948,165.4,237.8,197.17
2.13333,38.8,5.09662,0.00944667,25.0103,0.25956,1.85189,232.8,251.267,248.34
3,7.76923,3.74489,0.000815385,0.382369,0.730631,0.507846,243.923,247.308,246.211
3.93333,62.5333,9.47577,0.0126067,41.86,0.21806,2.07537,215.667,244.8,241.289
46.6,206.2,150.077,0.06184,425.28,0.0329,3.58938,167.8,215.2,175.923
5.27273,222.909,75.0828,0.139527,2221.36,0.0233273,4.20781,168.818,246.818,212.771
4.83333,202.833,52.4362,0.0769667,825.792,0.0389167,3.69385,167.167,244,219.178
7.28571,140.429,45.601,0.0619286,462.927,0.0364429,3.59296,166.857,241,216.417
3.28571,162.143,39.4548,0.0877429,1070.39,0.0301714,3.84581,188.143,249.714,231.359
4.63158,94.6316,17.5265,0.0274737,133.182,0.0986316,2.81785,201.684,246.053,237.909
2.15385,46.6154,7.48318,0.0166692,55.9901,0.154315,2.38055,228.769,251.385,247.845
34.75,169.625,93.1079,0.04325,219.227,0.0454,3.30006,113.5,216.125,175.826
6.54545,180.727,59.7738,0.101291,1249.08,0.0324818,3.94071,168.545,244.182,214.781
3.42105,59.7368,12.0726,0.0214158,75.7632,0.120474,2.61091,218.737,247.158,241.958
5.4,178.8,55.9746,0.10612,1346.11,0.02293,4.03041,171.2,244.9,217.591
4.15,137,25.8117,0.04216,308.576,0.08133,3.1338,184.4,245.8,233.162
5.38462,145.923,38.165,0.0706385,654.218,0.0474077,3.6213,185.231,246.308,228.791
6.88235,162.529,55.6066,0.0788,736.969,0.0332824,3.77703,156.118,239.294,209.156
5.77778,157.778,32.2196,0.0485889,385.898,0.0898444,3.20661,173.556,242.5,226.719
5,223,59.6504,0.0982,1273.11,0.027875,3.92385,170.25,247.75,220.115
1,2,1.4165,0.0004625,0.117725,0.796313,0.3509,249.25,253.125,251.061
1.7,3.6,1.97579,0.00048,0.13791,0.80831,0.33758,249.1,251.9,250.711
0,0,0,0,0,0,0,0,0,0
4.63636,160.273,35.0749,0.0607182,571.058,0.0799091,3.36509,177.455,244.364,227.009
4.55556,165.222,32.796,0.0546889,453.185,0.0501222,3.44283,180.222,246.556,230.793
10.7,186.5,86.2348,0.09404,962.897,0.02261,3.96172,153.3,233.2,190.552
3.55556,53.3333,7.73524,0.00998889,24.9921,0.239822,1.9082,221.444,246.556,243.035
0,0,0,0,0,0,0,0,0,0
5.28571,136.571,38.9291,0.0749429,696.415,0.0327929,3.74398,182.857,244.714,225.644
5.61905,109.905,28.6157,0.0513905,350.389,0.0450762,3.43757,190.619,243.238,229.682
9.5,151.75,62.0313,0.073875,603.115,0.028525,3.74622,192.25,245,221.548
5.14286,148.071,39.8622,0.07575,741.271,0.0347643,3.72046,184.643,247.857,229.09
45.6667,196.333,121.38,0.0574667,372.768,0.0348333,3.537,48.6667,177.333,112.505
8,148.333,46.5107,0.06712,555.127,0.0357533,3.64611,160.933,237.533,213.013
4.57143,155.571,34.4076,0.0395857,255.773,0.0899714,3.06484,171.929,243.143,224.312
6.05882,145.412,43.742,0.0826882,856.598,0.0289647,3.82611,181,246.235,225.007
9.54545,168.455,73.033,0.0875545,814.057,0.0239182,3.9005,156.455,236.818,198.978
0,0,0,0,0,0,0,0,0,0
12,204,101.294,0.0938,932.378,0.02435,3.93712,155.667,235,187.483
4.66667,125.167,44.6999,0.0373667,180.085,0.0644333,3.12007,166,241,209.927
4.625,182.688,44.0898,0.0668938,665.657,0.0565875,3.53194,164.625,243.312,221.019
4,86.5,16.6199,0.03017,162.164,0.11026,2.84339,210.4,248.8,241.127
3.64286,38.2857,6.70425,0.00650714,14.5488,0.365929,1.51509,227.429,247.143,244.224
8.16667,209.5,87.9733,0.113217,1417.08,0.0202167,4.0862,159.667,239.5,198.023
13.25,188.75,90.9058,0.09685,1018.47,0.0233875,3.96273,149.125,232.625,186.242
5.95,123.8,33.7717,0.05454,403.215,0.04722,3.45543,186.3,243.25,227.783
0,0,0,0,0,0,0,0,0,0
2.5,192,39.3047,0.0885,1141.38,0.04155,3.7554,178,250,232.76
6.1,99,25.8559,0.04458,279.546,0.06609,3.23993,200,246.3,234.713
4.61538,88.9231,20.454,0.0377308,211.294,0.0626308,3.14248,203.692,246.692,237.228
9.57143,197,96.0324,0.0868571,793.566,0.0238429,3.89863,152.286,234.571,185.072
9,174,94.5391,0.0977,930.692,0.0226,3.9147,124,236,178.859
5.25,169,46.8921,0.07895,874.351,0.033875,3.75316,145.125,239.75,210.417
12.5,190.75,96.8291,0.1111,1320.07,0.019425,4.1061,153.75,232.5,185.229
3.55556,13.3333,4.56641,0.00228889,1.78889,0.523833,0.964244,241.778,247.556,246.125
8.2,180.067,65.2633,0.0951,1046.77,0.0281867,3.93023,167.867,241.067,210.693
15.5,192,116.762,0.09,820.742,0.02265,3.9308,114,227,162.096
3.83333,118.917,16.8421,0.0271333,159.474,0.133308,2.67657,195,246.75,238.906
5.44444,178.667,48.9445,0.0875889,948.357,0.0375333,3.82317,167.778,245.111,220.353
9,178.25,82.1675,0.0909875,892.29,0.023275,3.93982,152.75,235.375,191.432
1.75,18.75,2.97385,0.00371,5.17626,0.448005,1.19145,242.1,251.55,249.763
3.10526,26.5263,5.0551,0.00491053,7.48947,0.383616,1.37423,236.105,248.789,246.676
8.38462,152.462,50.6971,0.0652538,502.541,0.033,3.65068,158.846,237.769,211.434
1.70833,3.58333,2.26758,0.0004125,0.114417,0.821508,0.312521,246.5,249.5,248.149
3,63.3333,11.4704,0.02495,114.892,0.110417,2.7251,217.583,247.75,242.237
5.5,162.111,48.3574,0.08925,1005.44,0.0286333,3.88741,171.056,242.056,218.493
3.4,198.8,44.2766,0.0715,754.666,0.05164,3.61822,176.2,249.6,228.175
7.7,170.6,59.1906,0.07092,605.319,0.03638,3.69186,158.7,238.2,208.609
9.7,192.6,79.7207,0.10246,1174.18,0.02499,3.98651,158.5,236.1,198.155
0,0,0,0,0,0,0,0,0,0
9.2,183.8,84.1352,0.09075,852.624,0.02367,3.90967,156.9,235.6,193.363
7.22222,151.944,49.0417,0.0838,800.918,0.0264778,3.84888,174.5,242.167,219.168
0,0,0,0,0,0,0,0,0,0
4.33333,154.222,42.865,0.0873444,927.402,0.0277444,3.87019,181.222,245.556,224.833
8.66667,183.167,72.0182,0.0995417,1093.45,0.0217917,4.01062,155.417,237.25,201.643
5.83333,139.75,32.6963,0.0608,527.114,0.042175,3.55237,182.917,246,230.172
13.4,204,106.55,0.07668,667.902,0.02748,3.79358,47.4,229.6,152.787
4,242,80.2071,0.16775,3095.85,0.01545,4.33565,162.5,242,205.412
5.11111,117.222,20.8967,0.0379111,264.208,0.0810333,3.04634,185.111,242.667,232.835
3.25,97.0833,21.9746,0.0477917,320.852,0.0506,3.35402,202.583,248,237.346
5.07692,76.9231,12.9078,0.0177769,66.5391,0.163585,2.39962,215.385,246.462,241.877
