28.9,166.5,86.1625,0.04319,219.88,0.04579,3.29736,118.2,220.4,180.052
4.41463,78.9268,14.6556,0.0228268,97.2851,0.121654,2.64252,210.634,245.317,239.35
4.52,104.82,21.9588,0.035574,205.481,0.085542,3.01999,194.04,244.94,233.756
7.40789,166.829,60.5807,0.0836,813.432,0.0288421,3.83302,166.382,240.711,210.209
5.29825,119.842,29.7681,0.0485561,333.007,0.0551895,3.34519,187.561,243.842,229.302
0,0,0,0,0,0,0,0,0,0
8.68085,188.234,71.5772,0.103862,1243,0.025383,3.99814,163.745,240.213,206.058
8.35,197.5,79.143,0.11494,1482.66,0.02207,4.09164,163.05,241.2,203.998
3,43.7907,6.77699,0.00981163,25.792,0.262421,1.8664,228.023,248.744,245.647
42.5556,201.556,135.995,0.0606222,407.95,0.0333333,3.57721,126.444,205.444,155.948
4.875,227,79.3155,0.15285,2521.44,0.0159125,4.31521,167.375,246.125,210.047
0,0,0,0,0,0,0,0,0,0
0,0,0,0,0,0,0,0,0,0
7.45161,174.113,61.6564,0.0938097,1048.24,0.0269726,3.92636,167.065,240.871,210.9
6.17391,211.043,74.7751,0.127209,1858.1,0.0217739,4.15507,163.913,244.522,209.292
7.62766,148.181,46.896,0.0661862,549.099,0.0398638,3.62278,172.181,240.691,217.599
6.57143,142.532,39.7954,0.0552688,419.374,0.0559584,3.42945,181,243.416,224.486
5.06667,125.044,27.2864,0.0409689,267.803,0.0783378,3.12843,186.644,244.311,230.986
7.09677,166.226,54.9026,0.0739559,689.325,0.0389505,3.69561,161.645,241.247,212.332
3.67391,63.3478,10.4313,0.0168935,59.5785,0.175224,2.3325,217.63,247.543,243.206
7.3913,177.014,65.666,0.0888029,920.053,0.0277841,3.88418,162.87,240.406,207.217
0,0,0,0,0,0,0,0,0,0
4.16667,94.7917,17.6482,0.0291625,148.502,0.0970667,2.8584,203.312,246.771,238.285
2.03175,5.42857,2.61372,0.000734921,0.383998,0.761822,0.439075,246.286,249.794,248.399
2.5814,22.8837,4.17833,0.00435349,6.69254,0.416088,1.28471,238.256,249.651,247.666
