7.86486,175.892,62.8765,0.0948541,1055.19,0.0262378,3.93877,167.703,240.649,210.586
2.43972,19.9645,4.02757,0.00384539,7.7183,0.537458,1.02979,239.383,249.56,247.567
6.6,164.818,52.0069,0.0688382,620.424,0.0494345,3.59417,164.382,241.6,214.417
5.27273,222.909,75.0828,0.139527,2221.36,0.0233273,4.20781,168.818,246.818,212.771
6.38889,207.444,76.0015,0.126572,1793.4,0.0189222,4.17394,162.611,244.111,207.932
5.06667,166.033,47.1964,0.0878833,973.674,0.03164,3.85849,171.4,243.833,220.329
5.36508,139.556,33.9826,0.0534063,412.627,0.0617381,3.38084,182.968,244.159,227.959
10.1176,193.235,76.2187,0.104053,1240.44,0.0284412,3.97883,161.941,239.235,203.624
25.7143,170,84.8438,0.0475571,270.745,0.0429857,3.37423,57.7143,200.429,144.116
6.70149,118.119,29.5905,0.0400388,242.54,0.0713642,3.14645,187.552,243.224,229.312
3.93478,68.5217,12.0222,0.0190326,72.752,0.15315,2.4512,215.413,246.609,241.688
8.01639,168.672,64.7298,0.0846787,814.806,0.0282934,3.84336,165.377,239.918,207.669
5.34667,99.3467,20.506,0.0302787,159.814,0.098392,2.87302,200.92,245.773,236.635
6.9,196.2,74.6285,0.11105,1399.85,0.02078,4.0706,164.1,242,205.851
9.54545,195.818,82.5991,0.118291,1546.73,0.0231636,4.10713,161.727,240.091,201.624
11.85,194.7,94.4123,0.094275,961.582,0.02357,3.94791,150.65,233.5,186.713
4,242,80.2071,0.16775,3095.85,0.01545,4.33565,162.5,242,205.412
4.96825,120.397,28.4219,0.0472571,326.008,0.0611016,3.29997,189.175,244.476,230.876
6.5,171.786,59.8557,0.0865786,891.267,0.0272476,3.86999,166.81,241.929,211.184
7.5,191.714,67.9049,0.104807,1312.69,0.0234214,4.02171,166.214,242.214,209.622
6.5,162,42.8808,0.07595,864.852,0.0363,3.69175,92,232,196.193
7.31944,162.806,54.1474,0.0763,715.393,0.0323722,3.75508,165.056,241.403,213.717
7.63636,178.682,67.9554,0.1012,1157.17,0.0247136,3.98685,164.136,240.5,207.588
7.66234,143.727,44.9498,0.0650156,525.564,0.0376558,3.62176,173.532,241,218.68
26.5333,186.867,109.329,0.0601,400.458,0.0336667,3.57587,156.4,227.2,184.265
