6.34375,107.198,25.4817,0.0339583,189.272,0.0887656,2.97527,192.812,243.729,231.686
7.62385,177.119,64.9753,0.093255,1016.66,0.0269606,3.9228,165.028,240.321,208.551
4,72.7822,12.8652,0.0208644,84.9024,0.141359,2.53415,213.248,246.673,241.224
6.752,157.272,49.6952,0.0696768,620.405,0.0421728,3.64189,167.432,241.264,215.56
2.4698,21.5369,4.26673,0.00439866,9.53708,0.517924,1.09503,238.698,249.45,247.393
8.56667,192.35,73.9397,0.10764,1332.9,0.024775,4.02545,163.7,240.717,205.627
5.80392,124.971,30.5211,0.0455539,307.45,0.0658304,3.25519,183.255,243.265,227.982
9.93966,147.784,49.6424,0.0584595,443.249,0.0458026,3.51103,174.026,239.526,216.846
5.83871,215.161,75.9468,0.133826,2029.28,0.0202613,4.19639,164.806,244.935,209.487
7.58519,168.059,60.5284,0.0828519,811.521,0.0295119,3.82244,164.481,240.822,210.128
