4.16667,94.7917,17.6482,0.0291625,148.502,0.0970667,2.8584,203.312,246.771,238.285
3.01786,36.5357,5.80169,0.007175,16.3667,0.329195,1.60009,231.018,248.804,246.076
6.96078,138.745,41.3846,0.0627412,491.164,0.0357275,3.61154,176.686,242.667,221.99
4.52,104.82,21.9588,0.035574,205.481,0.085542,3.01999,194.04,244.94,233.756
13,194.375,95.8208,0.0758375,674.725,0.0307375,3.75502,74.25,230.25,163.764
7.69014,154.324,49.9521,0.0676056,576.874,0.0424775,3.62068,170.634,240.028,215.635
0,0,0,0,0,0,0,0,0,0
7.32857,176.557,65.5031,0.0890686,922.617,0.0274843,3.88938,164.571,240.571,207.702
7.56338,168.014,61.8062,0.0838451,818.864,0.0290873,3.83179,164.028,240.296,208.932
5.30769,141.346,33.413,0.0520942,402.459,0.0668423,3.34174,182.481,244.077,228.172
5.06667,125.044,27.2864,0.0409689,267.803,0.0783378,3.12843,186.644,244.311,230.986
4.66667,226.833,75.7165,0.144517,2383.7,0.0225583,4.22635,167.833,246.417,211.864
7.62069,203.207,78.0989,0.124048,1718.17,0.0204862,4.15026,162.621,242.793,206.148
30.0588,188.824,111.529,0.0598412,396.804,0.0337765,3.5717,141.118,218.706,173.34
0,0,0,0,0,0,0,0,0,0
28.9,166.5,86.1625,0.04319,219.88,0.04579,3.29736,118.2,220.4,180.052
4.48837,78.5814,14.6912,0.0227721,96.2601,0.120791,2.64324,210.86,245.349,239.412
3.43396,60.4717,9.84972,0.0162566,55.9697,0.177192,2.30657,219.302,247.698,243.597
2.07143,8.67857,2.83106,0.00149762,1.52639,0.680937,0.634349,245.071,250.024,248.533
8.36,191.92,72.3453,0.105508,1289.01,0.024996,4.01083,164.02,240.76,206.221
7.68657,175.179,63.2796,0.094906,1061.53,0.0264224,3.93721,166.179,240.537,209.828
0,0,0,0,0,0,0,0,0,0
6.40964,161.072,49.7021,0.0745747,701.547,0.0383747,3.70563,171.47,242.831,218.189
5.09259,118.704,29.1083,0.0484926,331.671,0.0550944,3.34597,189.259,244.389,230.412
0,0,0,0,0,0,0,0,0,0
