3.875,11.875,4.86329,0.0014,0.8026,0.62215,0.73375,241.625,246.875,245.517
3.7,63.7,12.5606,0.02224,83.2488,0.13037,2.60498,219.9,246.6,241.59
5.15385,75.6154,13.5944,0.0186538,67.3859,0.140008,2.48274,216.154,246.308,241.364
4.53846,158.231,42.0301,0.0872308,1020.99,0.0309462,3.85065,179.615,245.538,226.063
3.3,117.8,15.8527,0.02711,163.45,0.14107,2.64688,195.4,247.5,239.609
6.42857,116.357,32.4021,0.0527643,351.176,0.0405357,3.47508,183.786,240.857,225.665
6.5,162,42.8808,0.07595,864.852,0.0363,3.69175,92,232,196.193
3.2,56,5.93204,0.00642,17.2367,0.35826,1.48588,220.4,245.8,243.623
5.5,180.792,52.0568,0.0691042,653.742,0.0498292,3.59435,159.25,240.958,213.22
6.06897,152,34.6893,0.0515414,395.782,0.0722759,3.32192,174.586,242.621,225.515
1.15385,2.69231,1.52795,0.000476923,0.133985,0.799562,0.353531,249.385,252.923,251.267
2.90909,62.6364,11.1466,0.0248545,113.988,0.111882,2.71742,218.273,248.364,242.893
6.38889,165.944,52.2428,0.0836444,872.287,0.02825,3.84603,167.833,242.5,215.638
3.85714,85.2381,17.9937,0.0325048,171.377,0.0902333,2.95544,209.333,246.952,238.342
5.66667,122.778,24.5729,0.0409778,282.331,0.0833111,3.10471,187.444,245,233.718
1.88889,3.88889,2.38239,0.0005,0.133322,0.794433,0.353367,248,250.778,249.658
5.12,134.32,33.8022,0.064112,562.546,0.05176,3.54417,185.48,244.68,228.513
5.15385,168.462,46.9952,0.0877846,956.026,0.0347308,3.84189,169,243.692,220.227
12.5,199.6,99.277,0.09439,984.273,0.02366,3.95152,149.3,233,182.674
4.85714,106,23.048,0.0382357,229.602,0.0800429,3.0899,189.714,242.643,231.064
8,199.75,99.1689,0.074825,653.494,0.027825,3.7915,43,232,151.709
1.66667,21.8889,3.08596,0.00457778,7.24722,0.401056,1.33081,241.889,253.333,251.144
15.0909,198.545,96.147,0.106118,1189.77,0.0228636,4.0256,152.636,231.545,187.6
7.42857,182.214,67.6473,0.107543,1338.67,0.0219286,4.05204,166.214,241.357,208.345
3.11111,7.55556,3.72092,0.000833333,0.4037,0.730856,0.510111,244.111,247.333,246.206
1.9,3.7,2.47266,0.00048,0.12501,0.79338,0.35832,245.6,248.4,246.969
3.71429,27.5714,5.89399,0.0053,8.08154,0.3634,1.41749,234.857,246.429,244.616
9.875,175.75,77.4658,0.0945875,945.484,0.022625,3.95711,152,234.625,195.617
6.17647,193.176,64.034,0.101341,1255.09,0.0300118,3.95172,167.706,244.294,213.341
1,9,1.7871,0.0008,0.39795,0.70235,0.52485,245.5,251,249.277
4,26,6.0469,0.0042,6.125,0.3643,1.3269,219,239,233.867
2.13333,38.8,5.09662,0.00944667,25.0103,0.25956,1.85189,232.8,251.267,248.34
0,0,0,0,0,0,0,0,0,0
19.5455,182.636,100.333,0.0598636,394.974,0.0340727,3.57253,165.364,234,192.298
4.83333,126.917,21.6869,0.0324417,190.827,0.0938583,2.92014,182.333,244.083,232.591
0,0,0,0,0,0,0,0,0,0
5.46154,141.385,41.6553,0.0780308,745.14,0.0314308,3.77205,184.846,246.769,227.033
4.16667,45.3333,9.58138,0.0125333,30.7465,0.170733,2.19285,222.667,245.333,240.864
62,184.75,131.44,0.0423,192.464,0.04475,3.27728,158.75,205.5,177.836
2.66667,53.1667,9.55664,0.0188333,66.1806,0.138025,2.487,219.167,248.75,244.25
4.8,223.8,74.8184,0.13987,2241.27,0.02398,4.20449,168.9,247.3,213.155
3.83333,168.333,30.1367,0.0402833,277.526,0.0728333,3.12655,177,245.5,230.083
3.72727,62.4545,8.98721,0.0124091,41.992,0.224173,2.04985,219.455,247.818,244.266
58.25,201.75,132.822,0.059225,387.406,0.033825,3.55638,74.75,177.25,123.722
6.07143,141.929,42.4233,0.0822643,831.578,0.0288786,3.82124,183.5,246.643,226.351
6.73684,160.947,53.9231,0.0827158,792.716,0.0309579,3.81877,169.421,241.368,214.977
12.8333,194.167,93.8516,0.08,688.801,0.0263667,3.80905,152.833,231.167,184.494
7.2,155.2,54.7555,0.04446,249.025,0.04608,3.32884,81.6,228.8,179.078
6.66667,144.333,63.0143,0.0443333,206.651,0.0424,3.31683,162,242.667,202.133
5.75,122.875,27.6607,0.0392,255.211,0.082575,3.07372,170,239.625,223.924
4.4,92.8,10.1992,0.01162,50.9758,0.3059,1.84386,206.4,246.8,243.262
5.41667,108.333,22.8857,0.0282917,136.909,0.09995,2.82663,194.917,245.083,234.116
1.6,2.8,2.03985,0.00025,0.06917,0.88167,0.21323,247,249.8,248.51
0,0,0,0,0,0,0,0,0,0
1.875,15.25,2.83399,0.0032125,3.26565,0.433325,1.16699,244.125,250.875,249.476
8.05263,183,70.649,0.0854895,822.889,0.0281632,3.84405,158.895,238.368,202.624
23,188.333,103.81,0.0839,740.036,0.0242,3.86487,166,229.667,190.173
9.27273,192.909,81.3004,0.119364,1564.51,0.0230364,4.10861,163.182,241.091,203.598
3.16667,23.6667,5.17772,0.00511667,7.03195,0.342567,1.46892,236.833,248.333,246.327
4,60,9.55272,0.01255,40.7865,0.224725,2.06218,207,238.25,234.929
3.71429,149.429,41.6406,0.0858714,917.496,0.0288,3.84721,186.714,248.286,228.072
6.4,169.8,49.6482,0.07573,730.169,0.03647,3.72378,166.2,242.8,217.473
0,0,0,0,0,0,0,0,0,0
5,88.8947,16.6176,0.0222684,92.9866,0.126189,2.61819,203.684,244.158,237.331
5.3125,123.188,33.5322,0.0479312,314.264,0.057475,3.33038,182.562,242.312,225.736
3.54545,38.9091,6.69212,0.00653636,14.514,0.369673,1.51557,229.182,248.909,246.106
2.4,159.4,28.2742,0.0348,246.269,0.13724,2.80848,188.8,246.6,234.295
2.42857,17.5714,3.8354,0.00364286,4.51667,0.463514,1.17783,239.857,248.857,247.031
11.4,163,65.5532,0.05474,338.042,0.03612,3.51574,165.6,235.8,204.633
9.22727,160.727,56.5504,0.0674591,538.562,0.0337591,3.6598,157.773,236.864,207.286
5.75,185.083,58.583,0.087875,915.745,0.0268167,3.88257,169.25,244.583,215.291
7,179,81.9336,0.0796,701.371,0.025,3.8536,153,238,194.797
11.125,194.375,103.713,0.0894625,824.525,0.0234125,3.91135,148.5,233.125,179.939
6.61111,209.5,76.1424,0.126911,1812.07,0.0189278,4.17571,162.278,243.833,207.706
24,191.8,115.117,0.0681,497.333,0.02906,3.67942,162.2,225.8,182.183
5.15385,138.462,36.3723,0.0717615,669.031,0.0410423,3.6658,185.692,245.577,228.398
10.5,189.833,91.1175,0.0925667,901.709,0.0236417,3.93868,153.75,234.583,188.976
0,0,0,0,0,0,0,0,0,0
2.375,42.75,8.09181,0.01745,52.2724,0.122163,2.49721,232.375,251.125,247.588
3.8125,81.875,15.4045,0.0283813,133.851,0.0852,2.89141,208.125,246.938,239.46
11.8462,181.462,80.756,0.0999692,1064.64,0.0214154,4.01108,157.615,235.077,196.342
6.4878,136.537,39.1546,0.0623171,486.089,0.0361024,3.60756,178.927,243.171,223.716
4.5625,90.0625,19.7922,0.0370812,213.174,0.0680687,3.1099,201.75,246.062,236.781
5.58333,94.0833,25.1878,0.0449083,271.26,0.0504333,3.31583,204.333,247.25,236.192
27,209.5,127.65,0.08685,761.558,0.02455,3.8591,85.5,221.5,155.795
7.63636,175.182,65.158,0.0945818,1014.72,0.0290182,3.92503,160.545,238.636,205.676
4,242,80.2071,0.16775,3095.85,0.01545,4.33565,162.5,242,205.412
0,0,0,0,0,0,0,0,0,0
8.28571,209.429,88.1881,0.113929,1427.58,0.0199143,4.10146,159.429,239,197.063
8.1,160.35,54.9104,0.069575,594.077,0.03883,3.65762,166.55,240.1,213.791
0,0,0,0,0,0,0,0,0,0
4.5,177.583,47.6348,0.0907333,1070.76,0.028325,3.88673,176.5,245.583,223.188
6.4,171,64.9555,0.07822,732.622,0.03168,3.7649,134,236.4,196.823
6,172.4,57.7729,0.0998733,1150.22,0.02486,3.97695,167.8,243.533,215.093
4.28571,123.619,27.4911,0.0524381,416.537,0.0622619,3.35259,194.143,246.238,233.878
0,0,0,0,0,0,0,0,0,0
3.58824,96.7059,20.963,0.0479294,334.07,0.0522706,3.35494,202.824,248.235,237.783
2.2,29,3.76016,0.00372,6.89998,0.49142,1.12134,236.2,251.8,249.365
0,0,0,0,0,0,0,0,0,0
3.14286,147.857,18.2511,0.0390714,323.855,0.104786,2.97279,183.286,247.571,238.049
