5.69828,122.328,30.2263,0.0445397,293.931,0.0667405,3.23626,183.345,243.284,227.803
9.75833,147.767,48.8153,0.0579633,440.849,0.0487342,3.49245,174.05,239.617,217.258
7.58519,168.059,60.5284,0.0828519,811.521,0.0295119,3.82244,164.481,240.822,210.128
6.752,157.272,49.6952,0.0696768,620.405,0.0421728,3.64189,167.432,241.264,215.56
5.96429,212.643,75.052,0.129514,1906.08,0.0209179,4.17584,164.536,244.75,209.639
4.5,230.25,78.3086,0.159625,2790.55,0.015625,4.3305,166.25,245,209.498
7.64815,176.917,64.743,0.0931463,1015.24,0.0270241,3.92147,165.157,240.37,208.744
8.58333,192.25,74.4351,0.107452,1325.32,0.024775,4.02394,163.5,240.633,205.193
2.80905,32.4623,5.905,0.00757487,22.3918,0.431319,1.40823,233.372,248.925,246.294
5.69767,95.8062,21.0378,0.0296194,151.079,0.0974791,2.86284,200.76,244.705,235.403
