6.38889,207.444,76.0015,0.126572,1793.4,0.0189222,4.17394,162.611,244.111,207.932
2,34,6.5898,0.0175,53.8542,0.1193,2.5122,234,252,247.656
45.6667,196.333,121.38,0.0574667,372.768,0.0348333,3.537,48.6667,177.333,112.505
6.76471,153.176,49.7102,0.0839059,863.979,0.0278824,3.84629,163.118,241.647,215.045
1.92308,22.2308,3.38103,0.00440769,6.84712,0.420277,1.28955,240.769,252.385,250.189
1.66667,4.44444,2.4909,0.000555556,0.156022,0.768811,0.401678,247,250,248.974
5,109.333,31.4987,0.0713333,630.867,0.0319,3.69953,198.333,246,231.082
7.72222,192.278,73.1597,0.109394,1369.24,0.0215167,4.06034,164.333,240.667,205.724
6.5,148.25,42.1631,0.06595,595.114,0.0653625,3.48855,183.75,244.875,226.162
4.27273,123.318,21.2402,0.0301227,171.471,0.109368,2.82174,188.318,245.864,234.628
0,0,0,0,0,0,0,0,0,0
7.3,172.3,62.9148,0.07678,658.414,0.02752,3.78745,151.7,237.2,201.893
4,56.5,9.5244,0.01345,40.1583,0.185825,2.2087,216.75,245,241.562
12.5294,196.235,95.8019,0.0943647,957.376,0.0236706,3.94719,150.059,233.412,185.839
4.87879,115.394,26.0084,0.0387485,237.321,0.0785848,3.09692,188.152,243.788,230.657
3.5,13.6667,4.63022,0.00208333,1.52985,0.54915,0.908583,241.167,247,245.65
4.18182,90.6364,16.5601,0.0282697,143.659,0.103821,2.8177,205.121,247.152,239.36
15.7143,203,103.665,0.109857,1240.18,0.0201,4.0684,150.286,231,183.342
5.875,127,39.1802,0.0768375,697.274,0.028175,3.79495,191.375,246.625,229.379
5,221,108.795,0.0732,616.262,0.0291,3.7508,23,238,148.994
3.33333,176.167,25.9753,0.04395,384.857,0.10925,3.03992,175.667,245.5,232.461
7.52941,149.647,44.3548,0.0682471,558.087,0.0319941,3.6873,169.176,239.647,217.526
2.5,33.875,4.97607,0.007,16.9792,0.379237,1.50447,233,249.625,247.082
5.125,85.5,17.2158,0.0234063,95.7448,0.103731,2.71215,204.5,243.375,236.414
4,242,80.2071,0.16775,3095.85,0.01545,4.33565,162.5,242,205.412
3.07692,62.4615,12.0336,0.0270385,124.399,0.0990923,2.81853,217.846,248,242.351
4,64,9.9238,0.01385,44.3208,0.20435,2.15995,201.5,237,233.871
4.2,44.2,9.22344,0.01212,29.1342,0.17738,2.15632,222.6,245.4,240.727
5.66667,198.556,57.8984,0.0664667,626.476,0.0555444,3.52838,161.333,242.222,213.785
6.95238,152.238,48.8324,0.0831476,801.441,0.0282476,3.83213,175.667,242.905,219.855
4.70588,111.324,25.4399,0.0441147,295.317,0.0649559,3.23623,190.912,245.5,232.806
5,103.833,12.8047,0.01375,63.8611,0.277,1.9724,201,246.5,241.651
3.2,115.4,23.1781,0.05053,407.518,0.06049,3.31697,198.5,248.5,238.014
9.54545,195.818,82.5991,0.118291,1546.73,0.0231636,4.10713,161.727,240.091,201.624
4.875,116.25,32.7065,0.0674125,573.32,0.039375,3.64956,190.625,244.875,229.111
3,58.75,8.38377,0.012425,48.201,0.26935,1.94905,221,249.5,245.242
3.5,62.25,8.07422,0.0103,30.8011,0.25735,1.8759,219.75,245.5,242.651
1.66667,2.44444,1.92969,0.000222222,0.0601889,0.896378,0.1822,247.222,249.889,248.622
7.34783,143.826,43.4752,0.0640609,495.105,0.033713,3.64354,171.652,240.913,219.198
10.2105,183.421,79.6737,0.0995211,1074.51,0.0216842,4.00629,156,235.947,197.331
4.125,40.125,7.33155,0.0062875,12.5964,0.335238,1.54743,226,246.5,243.571
8.18182,183.273,81.6822,0.0903364,885.811,0.0235182,3.93362,154.273,236.182,192.787
2.66667,43.8333,8.46617,0.0171,50.0285,0.1254,2.47455,232.167,250.833,247.456
4.5,173,36.1688,0.06495,669.91,0.06056,3.49502,168.4,243.3,225.062
5.7,155.3,41.0387,0.05661,439.272,0.04597,3.49083,177.6,244.2,224.42
3.71429,8.28571,4.74443,0.00102857,0.436314,0.670314,0.610086,242.714,246.429,245.129
5.45455,119.091,35.3991,0.0605182,462.316,0.0375909,3.57345,189.545,244.636,227.676
6.61538,174.769,54.3687,0.0894538,953.19,0.0330308,3.86498,164.385,242.077,214.93
5.87879,159.242,46.7708,0.0769,737.277,0.0333273,3.75597,171.182,244,220.187
2.55556,50.5556,8.75564,0.0182556,66.4722,0.151522,2.43141,222.778,250.111,246.147
5,147.571,38.7288,0.0718571,680.692,0.0378857,3.67924,176.286,242.714,223.572
11.1818,174.636,86.0984,0.0911545,842.717,0.0232273,3.91604,154.182,235.545,192.38
4.76471,160.412,33.9573,0.0424588,296.022,0.0897059,3.10134,179.765,244.471,228.823
41,204.167,143.303,0.0622,425.54,0.0325833,3.59732,165.333,219.5,177.67
7.5,136.05,38.0349,0.055165,389.86,0.04065,3.50244,173.85,239.45,221.148
5.95652,166.87,52.677,0.0902957,1011.61,0.030313,3.88153,169.217,241.652,215.84
4.42857,171.571,47.2419,0.0907786,1064.36,0.0278286,3.89271,180.643,246.929,224.851
5.8,107.6,31.1953,0.06384,491.933,0.03276,3.64838,196,247.4,232.095
4.28571,204.143,53.3951,0.0752286,817.891,0.0500429,3.6206,170,245.143,220.348
6.0625,190.562,59.384,0.100537,1258.5,0.0307,3.94282,169.438,245.562,216.775
0,0,0,0,0,0,0,0,0,0
6.2,182.6,62.6933,0.08893,915.37,0.0266,3.89224,166.4,242.7,211.607
7.72222,177.889,66.9635,0.101406,1166.7,0.0254389,3.98054,166.722,240.944,208.659
0,0,0,0,0,0,0,0,0,0
5.8,184,43.8867,0.07824,881.488,0.0353,3.73874,170.8,247,223.796
4.33333,154.222,42.865,0.0873444,927.402,0.0277444,3.87019,181.222,245.556,224.833
0,0,0,0,0,0,0,0,0,0
0,0,0,0,0,0,0,0,0,0
11.1111,190.556,89.4609,0.0771889,695.696,0.0298222,3.77463,128.222,231.667,179.387
3.21429,27.2143,5.02064,0.00439286,6.83958,0.399264,1.31379,235.357,248.214,246.28
3.18182,64,11.6524,0.0218727,86.7659,0.133491,2.58288,219.636,247,242.003
1.5,2.66667,1.85937,0.000466667,0.1132,0.801317,0.347733,248.833,251.833,250.196
2.22222,3.66667,2.72267,0.000477778,0.120378,0.794711,0.349267,245.444,248,246.63
0,0,0,0,0,0,0,0,0,0
2.25,130.5,26.7764,0.07545,851.751,0.035925,3.7001,194.75,252.5,239.303
13.0714,167.5,72.243,0.0686857,529.851,0.0326929,3.66715,152.929,233,196.458
3,59.6,11.1047,0.01996,65.9192,0.1111,2.60886,211.4,245,239.502
5.28571,144.571,36.197,0.0696143,646.993,0.0583571,3.55997,185.857,247,229.81
25.3333,205.667,128.268,0.0871,775.035,0.0241333,3.8801,107.333,222.667,159.299
2,16.0769,3.13282,0.00341538,3.88335,0.449892,1.16921,242.615,250.308,248.74
2.30769,39.8462,5.4958,0.00983846,25.7968,0.247846,1.90252,232.231,251.231,248.114
0,0,0,0,0,0,0,0,0,0
14.2727,171.091,81.5149,0.0588727,381.183,0.0340455,3.56515,162.727,235.273,196.453
1.2,2.9,1.5586,0.00047,0.13792,0.80227,0.35131,249.5,253.2,251.497
0,0,0,0,0,0,0,0,0,0
5.15385,75.6923,13.802,0.0190923,67.9516,0.133846,2.50839,217.769,246.923,241.996
5,56,9.1563,0.0101,32.6667,0.2477,1.8889,212,237,234.789
8.36364,167.455,63.3079,0.0697636,588.727,0.0378545,3.67292,157.909,237.636,206.119
2.16667,8.5,2.58332,0.0007,0.388883,0.769167,0.453583,244.833,249.167,247.798
28.9,166.5,86.1625,0.04319,219.88,0.04579,3.29736,118.2,220.4,180.052
5.46667,110.7,27.6701,0.0503967,343.281,0.0477267,3.41015,191.1,243.7,230.435
5,143.727,28.9499,0.0580818,537.821,0.0588091,3.42805,186.545,247,233.403
7.58333,182.917,79.1002,0.0867833,802.4,0.0241833,3.89239,152.667,235.333,192.958
3.33333,58.3333,6.58983,0.00686667,16.5931,0.3134,1.60093,222.667,248,245.728
2.5,153.333,17.4909,0.0429667,418.652,0.161167,2.86205,189.833,249.5,240.49
5.27273,222.909,75.0828,0.139527,2221.36,0.0233273,4.20781,168.818,246.818,212.771
3.25,76.25,8.59375,0.012325,48.7229,0.24905,1.9813,214,249,245.41
0,0,0,0,0,0,0,0,0,0
14.2857,179.857,84.1574,0.0831143,739.477,0.0248143,3.85563,154.571,234.429,195.505
4.52,89.16,20.5975,0.036424,199.516,0.067224,3.10491,203.08,245.16,235.316
