3.27143,52.9857,8.40926,0.0131714,41.0677,0.211836,2.11079,222.871,248.057,244.457
2.30973,14,3.43415,0.00249204,3.74233,0.604884,0.830035,242.319,249.717,247.997
8.125,183.708,71.3952,0.100996,1170.63,0.0290625,3.95669,162.625,240.083,205.605
6.58333,154.467,46.8594,0.0675717,598.985,0.0508,3.57951,174.383,242.217,219.388
36.2222,177.778,98.8017,0.0464667,255.105,0.0434,3.35353,85.4444,203,154.503
5.54545,215.273,69.2401,0.131473,2058.19,0.0247364,4.16263,165.273,245.636,213.376
7.03846,174.365,63.3471,0.0874288,899.256,0.0269404,3.87666,163.077,241.135,208.455
23.7222,182.722,103.587,0.0598556,395.875,0.0336278,3.57393,159.722,229.278,187.873
5.8871,117.548,27.7481,0.03935,239.736,0.0738806,3.12508,187.629,243.468,229.937
6.76923,162.115,51.7136,0.0755987,709.756,0.0334128,3.73997,169.821,242.244,216.564
6.57143,209.571,78.8719,0.126057,1749.74,0.0187143,4.16872,163.643,244.143,207.02
5.41071,138.411,32.2516,0.0528929,408.915,0.0644714,3.36316,183.429,244.143,228.839
7.4,174.875,61.368,0.09404,1057.54,0.026715,3.92761,169.4,241.5,212.284
6.9,196.2,74.6285,0.11105,1399.85,0.02078,4.0706,164.1,242,205.851
4.11111,100.127,19.0969,0.0308302,165.758,0.0990127,2.88205,200,246.206,236.755
12.1667,194.5,98.3704,0.0769,664.262,0.02725,3.798,55.1667,230.333,157.256
8.66667,190.815,70.3762,0.105196,1281.87,0.0227519,4.02594,165.259,241.148,207.858
7.95238,168.683,64.1909,0.0845635,816.097,0.0284302,3.8412,165.349,240.048,208.076
9.54545,195.818,82.5991,0.118291,1546.73,0.0231636,4.10713,161.727,240.091,201.624
4.32787,77.9344,14.1952,0.0226443,96.3674,0.127593,2.62132,210.984,246.115,240.098
7.89744,175.923,64.4553,0.0909795,976.67,0.028641,3.9006,161.308,238.538,206.219
5,221,82.0225,0.150525,2394.92,0.015775,4.31648,168.75,247.25,209.463
7.8,145.938,45.587,0.0639415,509.759,0.0360585,3.61772,171.231,240.523,217.613
4,242,80.2071,0.16775,3095.85,0.01545,4.33565,162.5,242,205.412
4.9697,119.106,28.1107,0.0472076,323.19,0.0602485,3.30329,189.636,244.773,231.33
