5.83871,215.161,75.9468,0.133826,2029.28,0.0202613,4.19639,164.806,244.935,209.487
5.40426,99.7234,21.7982,0.0320135,172.624,0.090644,2.93092,199.007,245.085,235.114
7.14815,150.504,47.4964,0.0657378,550.874,0.0423659,3.60383,170.8,241.43,217.488
8.44615,191.154,73.9507,0.107408,1319.69,0.0244354,4.02767,163.508,240.585,205.333
2.92417,35.1422,6.39492,0.00832844,25.9147,0.415202,1.47149,232.076,248.692,245.898
0,0,0,0,0,0,0,0,0,0
5.11765,128.904,29.9939,0.0483404,347.575,0.0652956,3.29618,186.184,244.353,229.975
26.7917,178.958,97.6794,0.0551292,345.8,0.0372083,3.49773,126.208,218.875,173.208
7.41935,166.116,58.0864,0.0798555,765.498,0.0309523,3.78922,164.529,240.755,211.234
7.59524,175.73,64.1779,0.0917937,989.379,0.027073,3.91118,165.643,240.643,209.045
