4.66667,226.833,75.7165,0.144517,2383.7,0.0225583,4.22635,167.833,246.417,211.864
7.66667,203.4,78.4781,0.123853,1710.58,0.0204067,4.15168,162.467,242.567,205.653
2.94444,36.0787,6.54514,0.00867778,27.596,0.407904,1.50055,231.69,248.662,245.806
8.22034,188.695,71.1528,0.10461,1262.1,0.0250356,4.00508,164.78,240.932,206.961
7.45946,166.095,59.0518,0.0810655,784.617,0.0302709,3.80529,164.014,240.716,210.485
7.68468,176.829,64.9656,0.0921072,992.165,0.0269405,3.91446,164.91,240.288,208.301
0,0,0,0,0,0,0,0,0,0
7.31507,153.37,48.6357,0.0667548,568.38,0.04175,3.61505,170.233,241.226,216.961
8.14286,136.76,39.9874,0.0505623,358.982,0.0581273,3.35583,178.734,241.208,222.452
5.63514,102.649,23.1411,0.0328804,181.619,0.0900095,2.94961,195.493,244.291,233.296
