3.09524,42.5635,7.80328,0.0111976,40.7864,0.363504,1.68647,228.21,248.294,244.834
7.77612,177.94,65.851,0.0936306,1024,0.0273709,3.92087,164.881,240.276,208.008
6.11979,116.057,28.275,0.0399641,248.766,0.0757615,3.1248,188.01,243.51,229.72
0,0,0,0,0,0,0,0,0,0
7.15676,166.67,57.4811,0.0789232,758.126,0.0335946,3.76772,163.632,241.07,211.36
8.83607,148.508,48.1308,0.0610683,485.989,0.0469492,3.53257,173.508,240.082,217.493
5.44444,220.167,74.5903,0.139794,2238.99,0.0212611,4.22066,165.722,245.111,210.853
0,0,0,0,0,0,0,0,0,0
0,0,0,0,0,0,0,0,0,0
8.06667,196.3,75.0913,0.113048,1449.96,0.0216667,4.07839,163.967,241.867,206.26
