24.8462,179.923,96.0078,0.0583615,378.339,0.0343462,3.55704,132.077,218.846,172.16
4.74194,84.7097,15.074,0.0211581,87.9745,0.136094,2.5587,207.387,244.387,238.399
4.60976,99.6341,22.6645,0.0373732,212.39,0.0699707,3.11024,195.805,244.976,233.584
2.82609,27.2174,4.69039,0.00508261,8.95398,0.38657,1.37157,236.13,249.261,247.215
3.94444,64.4444,9.31141,0.0120056,39.5917,0.234717,2.01324,215.056,244.722,241.347
6.11765,138.147,39.8717,0.0667824,581.011,0.0474647,3.58946,183.529,243.588,225.131
4.72549,118.333,28.0296,0.0480569,330.14,0.0562216,3.33594,189.922,244.863,231.313
9.73684,188.368,89.8532,0.0880789,815.053,0.0249211,3.89132,147.947,233.947,186.92
8.21739,183.304,70.124,0.100983,1177.66,0.0294478,3.95178,164.739,240.217,206.595
7.94118,186.824,72.2137,0.0718294,615.043,0.0363706,3.69129,136.882,237.294,195.112
7.14286,147.143,42.3124,0.062725,493.969,0.0361214,3.6099,172.536,241.75,220.413
13.9412,187.353,90.7989,0.0799176,711.169,0.0274765,3.80991,134.647,231.176,183.367
1,2.45455,1.42614,0.000518182,0.145845,0.785936,0.374155,249.455,252.909,251.214
3.74286,76.7714,14.6508,0.0282714,135.32,0.0949771,2.85732,211.629,247.771,240.862
6.4,209.267,77.6365,0.125407,1741.41,0.0188067,4.16797,163.6,243.867,207.471
9.71429,184.143,77.0424,0.0992857,1074.96,0.0217333,4.00529,156.905,236.286,199.062
28.9,166.5,86.1625,0.04319,219.88,0.04579,3.29736,118.2,220.4,180.052
7.64706,177.412,73.5788,0.0882,880.649,0.0251647,3.89934,147,235.765,195.14
8.12903,189.194,69.5892,0.105697,1298.85,0.0226,4.03034,165.387,241.581,208.286
6.85185,131.704,36.2391,0.0538481,387.701,0.0464148,3.44779,179.519,241.778,224.565
5.05556,133.667,35.7211,0.0565944,425.933,0.0415778,3.50396,187.722,244.778,228.027
3.64706,42.6471,6.90534,0.00694118,15.5725,0.334865,1.58503,225.706,247.059,243.933
7.35,147.9,48.8258,0.08429,852.247,0.02724,3.85295,178.65,245,221.575
9.66667,200.067,85.0766,0.11718,1500.18,0.02226,4.09929,161.467,240.133,200.413
5.46154,216.538,72.07,0.134254,2096.1,0.0233538,4.18493,165.615,245.769,212.14
6.36364,155.545,47.5987,0.0770909,727.694,0.0330515,3.75607,172.545,244,220.247
5.36364,186.636,48.5845,0.0788455,861.634,0.0352091,3.74124,168.091,244.364,219.664
5.13636,125.727,27.4888,0.0409295,268.224,0.0790227,3.12523,186.136,244.114,230.691
4.5,230.25,78.3086,0.159625,2790.55,0.015625,4.3305,166.25,245,209.498
3.75,148.25,37.938,0.085225,922.134,0.0295125,3.83484,182.75,246.75,227.951
3.35294,10.7647,4.28746,0.00152353,1.03211,0.627212,0.736382,242.588,247.353,246.023
34.5,198.25,127.357,0.0656125,466.014,0.03075,3.64204,163.25,221.5,181.098
3.4375,60.5312,10.8486,0.0189844,67.1212,0.147516,2.47059,220.312,248.781,244.152
4.80556,158.722,40.064,0.069625,665.924,0.0481056,3.60884,175.083,244.194,224.355
3,171.727,24.7642,0.0428364,403.143,0.146982,2.89115,181.091,247.455,235.437
2,3.83333,2.23373,0.000466667,0.119433,0.801383,0.34455,248.667,252,250.433
4.32353,112.618,19.4318,0.0289618,161.989,0.116118,2.77671,194.765,245.588,235.903
12.8,196.933,97.5438,0.0945667,951.609,0.02316,3.95427,151.8,233,185.779
2.52381,41.0476,6.52679,0.0118714,31.9663,0.207929,2.07846,231.429,250.667,247.31
7.88235,168,64.8766,0.0939706,992.545,0.0236647,3.95949,159.235,237.353,204.067
8.11538,156.5,50.4271,0.06595,542.722,0.0379269,3.62628,159.846,238.577,212.042
6.24138,158.517,49.4601,0.0815,789.974,0.0313793,3.80351,174.897,243.207,219.387
5.14286,114,33.3239,0.06155,475.066,0.0362214,3.60043,192.857,246.071,229.908
0,0,0,0,0,0,0,0,0,0
4.70833,168.667,45.7389,0.0881833,1041.41,0.0327792,3.83728,178.5,246.458,224.815
1.63158,3.52632,2.21135,0.000394737,0.113163,0.829305,0.298416,246.947,249.895,248.677
2.3,4.4,2.74805,0.00045,0.12292,0.80831,0.3379,245.3,247.9,246.585
1.85,18.2,3.06642,0.00365,4.84793,0.44958,1.19144,242.15,251.35,249.559
0,0,0,0,0,0,0,0,0,0
5.9,179.55,55.8094,0.08861,932.194,0.031565,3.86356,169.25,244.2,216.681
