5.46154,89.2308,14.1593,0.0173692,72.434,0.194462,2.30658,208.846,245.846,240.869
3.15385,25.5385,4.95402,0.00439231,6.31987,0.397223,1.31974,236.154,248.077,246.158
5.5,124.188,35.6965,0.0680875,585.658,0.0374063,3.65232,190.25,244.625,228.111
5.6,143.3,36.4664,0.05893,470.89,0.04043,3.53459,180,244.4,226.663
7.8,171.933,70.0174,0.0908533,903.455,0.02358,3.93088,158.533,237.733,200.605
4.26667,131.533,22.6023,0.03164,189.579,0.1138,2.83111,182.333,245.467,232.568
4.7,96.3,25.8141,0.03502,182.653,0.07275,3.06633,194.7,243.2,229.098
4.71429,86.8571,16.851,0.0234071,97.6214,0.107729,2.69515,202.357,243.357,236.162
4.25,64.0833,8.96288,0.0102917,31.7465,0.263717,1.87713,215.25,244.083,241.097
4.4,89.6,18.9649,0.03692,214.094,0.0691733,3.10211,202.467,246.133,237.307
4.33333,157.333,41.8281,0.0860667,997.694,0.0334667,3.83235,174.5,242.167,222.646
5.25,101.4,23.218,0.042905,275.386,0.06622,3.21118,198.85,246.1,235.734
4.66667,230,73.6472,0.1401,2187.13,0.0169,4.2783,169.667,247.333,214.112
6,147.333,51.5378,0.1049,1182.68,0.0212,4.03343,179.333,248,222.497
24,191.8,115.117,0.0681,497.333,0.02906,3.67942,162.2,225.8,182.183
6.36842,147.789,46.1143,0.0815263,785.941,0.0297368,3.80571,177.947,243.316,221.483
9.54545,195.818,82.5991,0.118291,1546.73,0.0231636,4.10713,161.727,240.091,201.624
9.16667,155.833,53.3473,0.0644833,486.017,0.033025,3.64558,162.75,237.75,210.954
3,44.5455,8.88495,0.0165727,47.6174,0.125791,2.45921,230.545,249.727,246.163
7.38462,176.231,62.7365,0.0938462,1014.78,0.0285077,3.92153,162.769,239.538,208.353
7.46667,155.667,46.5195,0.0663467,540.723,0.0360133,3.63749,156.867,237.533,212.07
3.54545,116,23.7894,0.0514,410.647,0.0584273,3.33742,198.364,248.273,237.525
14.875,191.25,96.9058,0.110863,1288.24,0.0200125,4.0789,150.875,231.25,185.197
6.11111,138,34.9731,0.0622389,519.458,0.0390944,3.58842,180.389,244.389,227.094
6.73077,154.962,49.8454,0.0778192,730.054,0.0329423,3.76265,167,242.577,217.166
4.82353,111.588,21.1997,0.0280294,144.776,0.108488,2.78236,195,245.588,235.275
62,184.75,131.44,0.0423,192.464,0.04475,3.27728,158.75,205.5,177.836
6.4,205.4,71.2602,0.1292,1935.06,0.01904,4.20292,160.2,242.6,208.808
8.6,184.8,81.1164,0.09036,862.349,0.02373,3.91447,156.8,236.4,195.384
5.28571,137.429,37.1216,0.0724524,672.362,0.0416143,3.67127,186.333,245.81,228.591
9.27273,142.545,49.2365,0.0527727,329.375,0.0391545,3.47727,169,236.636,212.536
1.33333,14.3333,2.1543,0.00283333,2.8167,0.47105,1.05645,244.833,251.5,250.068
13.4,204,106.55,0.07668,667.902,0.02748,3.79358,47.4,229.6,152.787
1.81818,3.27273,2.30007,0.000418182,0.106827,0.819127,0.314091,245.636,248.545,247.1
3.04348,59.3913,10.5817,0.0195174,69.9886,0.143757,2.49256,219.565,248.783,244.047
4.94444,109,23.8501,0.0382,233.991,0.0825667,3.07268,187.167,242.556,230.396
8.33333,186.667,76.8381,0.0775333,678.408,0.0297,3.77382,141.556,234.444,189.86
5,221,82.0225,0.150525,2394.92,0.015775,4.31648,168.75,247.25,209.463
1.64286,4.07143,2.31391,0.000478571,0.138693,0.7954,0.355143,247.071,250.071,248.839
3.71429,13.1429,4.76117,0.00195714,1.3738,0.557686,0.879414,241.143,247,245.55
3.27273,7.81818,4.0174,0.000854545,0.396209,0.724418,0.522191,243.727,247.091,245.925
4.8,196.8,52.0586,0.07648,805.052,0.0389,3.6958,169,244,219.627
6.5,154.5,42.1475,0.0646875,578.318,0.06315,3.49286,171.312,242,221.193
3.92308,123.923,24.2028,0.0439115,315.916,0.0741038,3.1916,188.385,246,234.068
2.4,17.4,3.67033,0.00358,4.45168,0.46143,1.18151,241.1,249.6,247.957
21,181.9,104.648,0.06017,395.621,0.0335,3.57709,168.4,233.8,191.997
3.11111,156.889,23.4097,0.0461556,426.19,0.128867,3.02839,188.333,248.889,237.968
5.41667,184.083,52.04,0.0867583,937.811,0.0365,3.82172,173.417,247.417,222.58
8.88889,177.889,69.5933,0.101422,1133.86,0.0214556,4.01804,159.556,238.889,205.807
7.36364,181.182,63.2731,0.0963545,1060.99,0.0239818,3.96397,168.909,242.455,212.797
7.16667,149,52.4929,0.04515,253.285,0.0449833,3.34375,90.5,229.5,182.417
4.33333,197.333,47.916,0.0736667,752.563,0.04725,3.65305,174.167,249,225.497
7.6,147.333,51.0721,0.0848733,835.007,0.0263933,3.86606,181,245.6,221.452
11.4286,173,78.6936,0.071,558.953,0.0290857,3.71877,156,235.286,194.872
3.57143,148,34.8588,0.0838143,923.974,0.0303571,3.82487,183.857,247.143,230.28
7.6,135.45,41.1379,0.05713,399.568,0.036605,3.54902,175.9,239.9,220.265
34.5,192,114.922,0.0815,710.708,0.0257,3.82695,172,225,189.26
1.625,22.25,3.0132,0.0045,7.26666,0.410675,1.31001,241.875,253.625,251.407
1.625,2.5,1.89452,0.00035,0.0849,0.850988,0.2608,248.75,251.375,249.996
14.7143,196.571,95.5285,0.0945143,986.105,0.0238143,3.95227,148.571,232.571,184.143
4.625,155.75,32.647,0.0398562,262.426,0.0867625,3.0809,180.125,244.875,228.982
58.25,201.75,132.822,0.059225,387.406,0.033825,3.55638,74.75,177.25,123.722
4.90909,169.636,35.071,0.0476727,380.933,0.0829,3.20168,168.273,242.818,224.097
1.2,2.9,1.5586,0.00047,0.13792,0.80227,0.35131,249.5,253.2,251.497
11.25,174.5,81.6045,0.099875,1083.37,0.021775,4.00923,152.25,233.75,192.356
4,38.5,7.21683,0.007725,17.4219,0.30555,1.66205,219.5,242,237.487
0,0,0,0,0,0,0,0,0,0
2.71429,30,4.8845,0.00592857,12.1411,0.397629,1.4086,234.571,249.857,247.541
7.66667,164.5,62.0436,0.0929333,959.772,0.0242667,3.93595,158.667,236.333,204.898
9,186,89.1602,0.08142,736.226,0.02526,3.84776,153.8,234.6,188.034
4.75,197.25,42.4043,0.075575,850.548,0.038,3.68862,161.5,240.5,219.011
11,196,95.9934,0.09426,937.266,0.02357,3.94364,151.1,234,187.026
2.33333,147,42.6914,0.0922,1106.22,0.0284667,3.89703,186.333,248.333,226.268
6.53333,191.733,68.9036,0.10926,1377.32,0.02188,4.05196,166.267,242.267,209.247
7.91667,177.25,76.9225,0.0876583,806.633,0.0241,3.89504,150.917,234.75,193.066
6.38462,208.231,77.8251,0.125562,1738.91,0.0188769,4.1628,163.538,244.692,207.596
4.14286,151.857,41.4515,0.0882,1032.11,0.0285714,3.87419,185.286,248.429,228.744
3.33333,62.4167,12.0827,0.0244167,103.353,0.109392,2.71962,218.333,246.583,241.235
12.1667,188.167,90.3828,0.09825,1044.15,0.0219667,3.99455,155.333,232.667,189.354
4.93333,170.533,41.9023,0.0688067,670.572,0.0495333,3.59453,166.333,242.533,220.905
6,219.5,69.2197,0.1281,2073.46,0.0357,4.04628,168.25,246,215.074
12.3333,199.667,112.352,0.0887333,816.908,0.0231167,3.91825,139.333,231.5,172.768
2.73077,40.1923,5.86659,0.00844615,21.143,0.293085,1.74492,230.615,250.269,247.325
0,0,0,0,0,0,0,0,0,0
0,0,0,0,0,0,0,0,0,0
4.27273,67.1818,10.9187,0.0147273,49.9136,0.191264,2.21126,217.455,246.545,242.281
5.86667,193.8,58.6753,0.0996267,1257.17,0.0314533,3.93441,171.333,246.333,218.64
9.72727,197.091,84.0863,0.103527,1189.19,0.0244636,3.99959,156.455,236,195.501
6.15385,160.923,47.1448,0.0825538,874.822,0.0288692,3.83052,172.769,245,221.176
8.41667,175.583,65.7347,0.0724417,616.821,0.0346083,3.71449,160,237.5,205.921
0,0,0,0,0,0,0,0,0,0
2.33333,219,41.9115,0.0567667,640.332,0.0851667,3.2412,170,251,231.522
8,155,46.4492,0.0799,861.025,0.0295,3.772,107,227,189.16
3.68421,80.1579,14.4714,0.0275211,130.6,0.0914421,2.84823,208.474,247.105,240.091
2.75,193.75,35.1113,0.0862,1099.92,0.037625,3.77885,180.75,248.75,232.815
5.04762,104.286,26.7614,0.0512333,350.295,0.0455619,3.43354,195,244.476,231.669
3.75,83.6875,16.544,0.03175,165.929,0.0936313,2.93082,212,248.25,240.787
5,169,39.3125,0.072,868.679,0.0431,3.6115,77,237,203.227
4,242,80.2071,0.16775,3095.85,0.01545,4.33565,162.5,242,205.412
5.45455,109,33.5664,0.0633636,477.166,0.0326909,3.64571,196.455,246.636,230.635
