5.09434,120.943,26.7433,0.0401943,255.143,0.0794943,3.11566,187.453,244.208,230.845
4.96875,166.781,49.0355,0.0878625,942.64,0.0309281,3.86007,172.906,244.188,219.969
6.17391,211.043,74.7751,0.127209,1858.1,0.0217739,4.15507,163.913,244.522,209.292
2.20792,11.6931,3.12771,0.00198812,2.42488,0.634466,0.746805,243.624,249.901,248.326
7.29412,174.735,62.3173,0.0857441,877.546,0.0270588,3.86582,158.794,239.647,206.722
5.30189,140.491,33.3802,0.0522925,403.352,0.0661717,3.34752,182.925,244.17,228.273
4.32759,102.276,20.1997,0.0331103,185.082,0.0903121,2.95321,197.552,245.638,235.589
8.57143,189.762,72.4006,0.104176,1253.62,0.0258286,3.99601,163.619,240.238,205.572
4.03448,69,11.7082,0.0181897,67.7337,0.166645,2.39294,215.638,246.81,242.197
6.88372,162.326,51.5177,0.0774,739.067,0.0345558,3.75309,170.326,242.93,217.612
10.6111,192.778,89.1942,0.0772389,672.799,0.0284333,3.78515,118.111,232.778,178.6
7.34615,174.788,59.8782,0.0946423,1071.5,0.0269462,3.92989,168.923,241.904,213.362
10.8519,187.963,88.0316,0.0947593,971.195,0.0232778,3.95733,152.259,234.259,190.186
9.69565,186.652,86.9161,0.0874913,810.154,0.0250304,3.88489,149.696,234.478,189.045
30.0588,188.824,111.529,0.0598412,396.804,0.0337765,3.5717,141.118,218.706,173.34
7,152.667,49.148,0.0830697,820.862,0.0284303,3.82747,176.727,244.121,220.933
4.875,227,79.3155,0.15285,2521.44,0.0159125,4.31521,167.375,246.125,210.047
7,139.6,41.5788,0.062744,491.992,0.035816,3.6108,176.1,242.54,221.759
3.15094,43.9057,7.00693,0.00989245,26.0181,0.263436,1.86741,227.321,248.264,245.071
28.9,166.5,86.1625,0.04319,219.88,0.04579,3.29736,118.2,220.4,180.052
8.35,197.5,79.143,0.11494,1482.66,0.02207,4.09164,163.05,241.2,203.998
4,84.1176,15.518,0.0264784,123.847,0.100025,2.79587,207.627,246.608,239.499
5.05085,119.407,29.0595,0.0479305,328.608,0.0575288,3.32654,188.983,244.339,230.406
7.79032,152.774,49.6026,0.0671613,569.302,0.0433613,3.61186,170.806,240.081,215.918
5.18182,155.273,40.2002,0.0700955,664.717,0.0460727,3.6221,177,244.295,224.773
