7.48696,170.522,63.2776,0.0861687,859.73,0.027033,3.86363,164.374,240.591,208.524
0,0,0,0,0,0,0,0,0,0
8.23636,190.545,72.5033,0.105427,1277.39,0.0245745,4.01479,163.764,240.6,205.819
24.4375,185.938,107.745,0.0604688,403.417,0.0334937,3.57949,161.625,229.75,187.877
7.79268,176.415,63.9239,0.0933939,1031.23,0.0275439,3.92061,165.232,240.122,208.984
5.2,121.067,29.3753,0.0484333,335.88,0.0596667,3.32689,187.95,244.217,230.019
5.35294,93.5294,15.2392,0.0180765,74.5873,0.190094,2.3327,205.412,245.118,239.38
60.1667,191,130.303,0.0475,251.442,0.0413667,3.36498,114.667,188.667,149.025
3.88571,78.1143,14.6283,0.0259514,117.959,0.0988114,2.78822,209.686,246.686,239.994
7.7,149.467,47.5358,0.0662389,553.138,0.0408922,3.61706,171.156,240.367,216.94
4.44444,121.741,22.4442,0.0305,171.17,0.107293,2.83661,189.074,245.593,233.803
3.5814,61.907,10.8722,0.0183977,65.8298,0.154437,2.42949,218.465,247.279,242.827
2.72093,26.6977,4.64209,0.00504884,9.16289,0.400384,1.35772,236.349,249.698,247.397
8.375,150.125,56.1734,0.04565,254.009,0.0442875,3.34971,101.75,229.875,183.476
2.07042,6.59155,2.73306,0.00104789,0.749594,0.723376,0.526542,245.817,249.761,248.375
5.55072,137.522,34.1894,0.0557,430.689,0.0536435,3.44408,183.362,244.348,227.955
4.66667,226.833,75.7165,0.144517,2383.7,0.0225583,4.22635,167.833,246.417,211.864
0,0,0,0,0,0,0,0,0,0
5.24324,130.973,28.2221,0.0405135,269.565,0.0831054,3.10108,184.946,244.027,230.582
3.15,47.3,7.34023,0.01084,29.4161,0.236675,1.96584,225.95,248.2,244.925
6.90385,165.846,54.0992,0.0745067,698.576,0.0382846,3.70582,163.442,241.635,213.346
4.64865,98.1351,21.3618,0.0383703,225.724,0.0705,3.12611,197.351,245.081,234.87
0,0,0,0,0,0,0,0,0,0
7.62069,203.207,78.0989,0.124048,1718.17,0.0204862,4.15026,162.621,242.793,206.148
3.85714,85.75,17.2069,0.0309964,161.808,0.0959464,2.902,207.464,246.643,238.149
