4.5,137.542,29.2069,0.0440333,314.542,0.0746708,3.1902,181.75,244.125,229.657
2.8,163.8,34.3109,0.08562,1082.13,0.03246,3.8066,188.4,249.8,233.648
5,231.8,73.3305,0.13304,2153.08,0.03152,4.11866,169.2,246.8,214.016
6.22222,171.333,56.2096,0.0823889,788.118,0.0267,3.847,159.111,236.889,207.349
2.03077,5.73846,2.61587,0.000796923,0.447312,0.75226,0.458974,246.2,249.815,248.432
5.66667,180,66.0221,0.128067,1721.52,0.0178333,4.1912,176.667,247.333,216.577
4,229,84.9727,0.1747,3211.48,0.0145,4.3708,159,239,200.047
4.71429,103.929,21.8279,0.0381929,233.593,0.0850143,3.06529,194.286,244.429,233.586
4.11111,124.222,20.3412,0.0290833,166.456,0.1172,2.77503,188.889,245.889,234.928
5.44444,179.222,56.0582,0.1056,1341.37,0.0233444,4.02367,170.889,244.444,217.081
4.7,203.7,53.2027,0.09529,1236.31,0.03757,3.85295,171.6,246.8,221.98
12.8333,184.5,86.9271,0.0593167,400.019,0.0340667,3.57707,140,234.833,184.893
5,91.2857,16.2358,0.0211857,90.289,0.140221,2.55022,200.429,243.286,236.504
15.3333,199.667,110.957,0.122333,1527.13,0.0185333,4.14567,142.333,230.667,176.142
8.41667,160.75,60.0573,0.06985,589.806,0.0371583,3.67937,160.5,238.25,208.656
3.6,145.8,34.5563,0.08366,915.912,0.02942,3.8317,189.2,248.8,232.662
11.9167,179.833,80.514,0.0999333,1067.25,0.0213833,4.01522,157.833,235,196.611
6.5,162,42.8808,0.07595,864.852,0.0363,3.69175,92,232,196.193
5.8,146.867,42.2578,0.0770467,735.283,0.03128,3.75812,183.933,247.467,227.818
3.2,115.4,23.1781,0.05053,407.518,0.06049,3.31697,198.5,248.5,238.014
7,161.833,60.8262,0.09275,954.806,0.0241667,3.93365,160.167,237.333,206.082
5,218.5,76.4102,0.1515,2485.25,0.0158,4.32535,170,248,213.584
5.85714,189.571,61.1752,0.0968286,1110.24,0.0270286,3.95189,160,240.429,211.053
17.6667,194,121.009,0.0892,814.49,0.0228667,3.9279,126.333,226.333,163.5
2.84615,66.6923,11.9964,0.0278538,132.131,0.0954615,2.8478,216.231,248.308,242.445
4.5,163,49.1348,0.0448,250.025,0.0469,3.32295,79.5,231.5,188.178
13.4286,183.571,94.1211,0.0949571,922.496,0.0225286,3.95273,147.143,231.714,184.142
13.6667,195,94.4401,0.110067,1328.8,0.0197,4.10227,154.667,232.667,188.108
3.28571,45.7381,7.09106,0.00963333,24.9964,0.263557,1.85844,226.69,248.214,245.115
5.85714,152.857,52.7941,0.102357,1160.86,0.0215714,4.02444,175.714,246.429,219.999
3,174.429,23.5647,0.0410857,386.779,0.160729,2.81931,177.143,246.143,234.066
3.57143,162.143,34.9152,0.0836714,1017.34,0.0358857,3.77996,180.857,248.286,231.494
4.33333,155.867,37.8378,0.0393733,245.053,0.08944,3.06331,171.267,243.667,222.148
68.5,207.5,155.389,0.06155,407.383,0.03255,3.5885,153,197,159.268
6,201.333,66.3594,0.131833,2026.42,0.0189333,4.2045,156,243.333,211.641
6,105.167,34.0156,0.06315,471.635,0.0330333,3.63842,196.333,246,229.796
27.5,188.25,108.48,0.069825,507.018,0.0281,3.6985,155,221.5,177.432
7.8,158.8,48.4344,0.0638,514.813,0.03656,3.61648,149.6,238.6,211.955
6.75,168.75,67.98,0.0922,911.078,0.0234,3.93154,158.625,237.625,201.222
6,133.3,37.2559,0.06016,463.413,0.03854,3.5558,185.1,244.7,227.238
30,216.5,122.316,0.1114,1230.63,0.02075,4.04325,134.5,219,168.74
6.33333,140.067,36.762,0.0628467,507.993,0.0369,3.61253,179.2,243.933,225.502
5.4,178.7,47.0125,0.08616,943.642,0.03806,3.80991,172.3,246.1,223.455
3,191.6,41.243,0.07118,760.982,0.05564,3.58492,183.2,251,231.527
4,255,75.4414,0.1608,2980.22,0.0164,4.3005,166,245,210.777
7.16667,139,43.3411,0.0577889,404.693,0.0360222,3.56086,176.556,240.722,220.105
10.25,203.25,96.5,0.0933875,954.601,0.0239,3.94453,154,234.75,187.543
70.3333,191.333,135.671,0.0429667,199.131,0.0438333,3.28723,185.667,212,193.535
4,112.75,26.4629,0.061275,509.647,0.0365,3.5983,195.25,249.25,235.234
7.57143,148,51.2444,0.0846571,803.13,0.0262071,3.8529,176.571,243.357,219.467
5.58333,96.25,24.7328,0.0438833,274.72,0.0663833,3.23223,203.917,247.167,236.265
5.03846,143.115,36.7036,0.0716538,672.143,0.0411462,3.66541,184.038,245.654,228.217
56.5,203.5,128.027,0.0579,369.398,0.0346,3.5404,26.5,155,91.4043
4.875,178.875,56.4775,0.0905125,1047.64,0.03475,3.8419,175.25,245.125,218.952
6.75,208,72.0977,0.1295,1921.47,0.018575,4.20695,167.25,243.75,210.417
4.375,199.375,46.374,0.0604375,629.965,0.08825,3.28956,164.75,244.875,222.743
5,223.5,87.6348,0.14955,2304.59,0.01575,4.3076,167.5,246.5,205.342
9.85714,163.786,60.4939,0.0689929,546.947,0.0331143,3.67501,158.714,236.357,205.145
13.4,204,106.55,0.07668,667.902,0.02748,3.79358,47.4,229.6,152.787
2.71429,52.8929,9.43611,0.0179857,62.514,0.159336,2.40984,222.536,249.429,244.907
22,206.333,135.676,0.0594,413.75,0.0354667,3.54807,188.667,237.667,202.255
4.83333,202.833,52.4362,0.0769667,825.792,0.0389167,3.69385,167.167,244,219.178
9.625,150,55.8765,0.066225,487.285,0.0303625,3.67649,165,237.625,209.492
14.7778,191.444,95.7292,0.0808222,716.609,0.0255889,3.83869,157.444,232.222,188.092
8.09091,183.818,78.8512,0.0893909,868.281,0.0240727,3.91585,157,237.091,196.712
6.44444,189.667,53.9049,0.0831,899.006,0.0320444,3.80264,173.889,247.556,221.742
12.4286,195.571,94.1546,0.0961429,1009.5,0.0234857,3.95974,148.143,234.286,185.268
5,114,24.0688,0.03608,203.639,0.06597,3.09975,184.2,242.5,230.875
5.85714,159.429,54.3326,0.0917571,990.263,0.0240714,3.95707,169.143,240,213.79
4.05263,87.2632,18.6916,0.0325684,172.872,0.0926737,2.94681,208,246.526,237.573
4.61905,94.5714,17.3138,0.0271857,135.088,0.104262,2.7893,201.143,245.81,237.623
8,183.833,87.1295,0.088975,817.859,0.0236167,3.90355,150.333,234.667,188.264
3.86667,70.3333,14.0802,0.0242733,98.187,0.0986933,2.74771,217.333,246.6,240.988
7.46667,125.467,35.8997,0.0537067,366.878,0.0419333,3.47277,176.933,239.133,221.984
4.26923,103.077,24.2523,0.0488308,334.224,0.0497654,3.378,198.346,246.577,234.905
18.5,161,79.1687,0.0572833,352.706,0.0340833,3.54752,166.833,232.333,198.47
11,227,93.6406,0.1121,1477.45,0.0347,3.9771,162.667,240.667,199.372
7.44444,175.167,61.1927,0.0749944,659.91,0.0295833,3.76034,154.389,237.5,204.373
7.85714,177.429,65.2902,0.1063,1264.28,0.0217571,4.03981,165,242.143,209.306
5.66667,197,75.4336,0.111283,1408.95,0.0204833,4.07443,161.333,241.667,204.281
10.5,146,60.416,0.0436,241.954,0.0452,3.32275,57,222,159.453
11.5,193.3,88.882,0.10508,1178.28,0.02299,4.02387,156.5,234.6,192.524
7.1875,159.562,56.5955,0.0802438,734.485,0.0273375,3.81953,157.125,239.25,208.745
7.61538,146.846,48.7662,0.0837462,840.936,0.0279462,3.84144,180.846,245.923,222.869
7.25,203.75,85.9629,0.129075,1784.97,0.0182,4.18733,153.5,242.75,199.531
7.33333,194,98.8203,0.11,1266.05,0.02,4.08457,155.667,236,186.777
5.16667,146.944,34.8424,0.0624056,560.373,0.0599611,3.47972,177.333,242.667,225.472
4.86364,78.3182,12.1808,0.0161182,59.7029,0.188259,2.27483,212.636,245.545,241.325
6.07692,120.846,26.153,0.0412154,270.385,0.0689077,3.16489,179.231,241.923,228.693
7.66667,187.333,70.8763,0.12005,1572.97,0.0187833,4.16197,171.333,243.833,212.659
3.14286,157.714,24.4197,0.0479143,432.236,0.0934571,3.1686,189.714,248.857,237.843
4,193.333,48.5781,0.0630667,723.819,0.0763333,3.3685,139.667,239.667,209.768
6.16667,225.333,78.3015,0.121967,1716.9,0.01985,4.13225,163.667,244.667,208.481
4.53846,88.9231,19.6427,0.0374692,212.495,0.0641231,3.13187,203.538,246.692,237.52
5.93333,124.6,36.8805,0.0688467,589.286,0.0363733,3.66985,190.667,244.733,227.959
2.57143,23.5,4.20704,0.00449286,7.21895,0.412052,1.30045,237.976,249.69,247.667
8.44444,168.556,61.382,0.0961667,1020.83,0.0229333,3.97717,162.778,238.444,208.053
37,165,118.75,0.0403,172.462,0.0475,3.2474,78,186,130.738
6.66667,170.667,41.345,0.0575,461.633,0.0411667,3.51623,162.333,240.667,219.576
6.1,154.1,49.498,0.08432,875.142,0.02693,3.86324,170.4,242.7,216.819
