8.11538,182.615,70.8173,0.100858,1165.86,0.0284923,3.95978,162.654,239.923,205.811
4.83333,117.889,28.39,0.048487,332.297,0.0551556,3.34571,189.741,244.667,230.955
7.52381,180.214,67.6802,0.0906214,945.078,0.027819,3.89982,163.19,239.976,206.514
3.5625,56.7812,8.86438,0.0131094,41.0212,0.204497,2.1252,220.312,246.719,243.107
4.48077,106.115,22.5116,0.0354827,204.441,0.0852038,3.01756,193.192,244.962,233.249
3.40541,62.1622,11.1135,0.0201973,75.2185,0.138292,2.53175,218.838,247.919,243.138
8.37037,143.148,47.5858,0.063213,490.468,0.0350833,3.61855,175.444,241.204,218.624
5.08696,125.761,27.8818,0.0410674,267.659,0.0776391,3.1333,185.522,244.152,230.315
36.1667,175.25,98.4456,0.0476917,266.722,0.0419667,3.3772,98.8333,207.083,160.304
6.87179,170.692,59.4362,0.0856359,880.169,0.0273615,3.86065,162.256,240.718,209.495
9.46032,150.111,47.0293,0.0534921,401.024,0.0610444,3.38247,178.413,240.984,220.609
4.875,227,79.3155,0.15285,2521.44,0.0159125,4.31521,167.375,246.125,210.047
5.11111,86.7778,16.1636,0.021737,90.1742,0.132881,2.5825,206.593,244.333,237.972
7,154.857,50.0175,0.0831714,817.286,0.0282543,3.82973,175.714,243.771,220.04
6.73077,174.442,57.2341,0.0714615,657.387,0.0433865,3.65112,154.942,240.269,208.657
11.2174,188.391,92.1355,0.087487,803.842,0.0248957,3.88458,145.217,233,185.375
8.09375,189.438,69.3295,0.105562,1296.73,0.0225906,4.02932,165.531,241.562,208.393
7.05085,147.492,45.8154,0.066861,569.338,0.0432356,3.60986,173.525,241.085,218.527
6.17391,211.043,74.7751,0.127209,1858.1,0.0217739,4.15507,163.913,244.522,209.292
7.73585,174.755,61.8836,0.0932604,1040.78,0.0271528,3.92039,166.887,240.547,210.499
2.07143,8.67857,2.83106,0.00149762,1.52639,0.680937,0.634349,245.071,250.024,248.533
2.9,34.8,5.47407,0.006754,15.1428,0.342512,1.55443,232.3,249.18,246.638
9.3125,200.375,83.5305,0.117125,1507.97,0.022125,4.10292,161.562,240.125,201.248
4.13208,91.566,17.1737,0.0287736,145.086,0.098117,2.84704,204.547,246.774,238.552
6.36538,157,48.3884,0.0763615,729.055,0.0350019,3.7399,173.481,243.692,219.879
