3.25,64.1875,11.8015,0.024375,108.291,0.111619,2.7085,217.125,246.625,241.315
11.85,194.7,94.4123,0.094275,961.582,0.02357,3.94791,150.65,233.5,186.713
2.95833,54.7917,10.2677,0.0196333,68.5264,0.134383,2.52178,222.125,249.125,244.512
7.71429,160.571,55.4623,0.0682929,588.971,0.04235,3.62994,161.214,238.714,211.016
6.17241,152,47.01,0.0777621,735.354,0.0309931,3.77145,173.724,243.897,220.394
4.86364,133.455,33.5565,0.0640773,566.119,0.0539273,3.53333,186.273,244.864,228.776
4.875,87.8125,16.9746,0.0231875,96.2422,0.106756,2.69423,203.938,243.625,236.613
4.59259,103.185,24.7232,0.0495333,340.691,0.0484852,3.39449,196.889,245.778,233.933
9.3125,200.375,83.5305,0.117125,1507.97,0.022125,4.10292,161.562,240.125,201.248
2.57143,22.3333,4.14445,0.00420476,6.0753,0.418012,1.27013,238.667,249.667,247.703
2.04839,5.25806,2.62576,0.000720968,0.369761,0.765147,0.433623,246.306,249.774,248.379
3.72727,86.4091,17.5298,0.0320864,170.943,0.0935727,2.93233,209.091,247.182,238.639
8.11538,182.615,70.8173,0.100858,1165.86,0.0284923,3.95978,162.654,239.923,205.811
5.44444,153.056,44.2663,0.0419,246.148,0.0653778,3.20096,144.056,238.722,207.878
7.16327,172.939,58.8689,0.0931184,1043.35,0.0273429,3.91874,168.735,241.224,212.897
5.21053,83.9474,13.1063,0.0165316,64.1055,0.197379,2.27217,211.158,246.263,241.581
13.4,204,106.55,0.07668,667.902,0.02748,3.79358,47.4,229.6,152.787
7.17647,188.059,63.3486,0.0715882,639.921,0.0424235,3.64924,154.765,238.765,205.318
0,0,0,0,0,0,0,0,0,0
5.53488,140.698,32.9048,0.0514,396.772,0.0708302,3.31777,181.581,243.512,227.959
5,100.933,21.8572,0.0375133,218.017,0.0718,3.10809,195.333,244.467,234.083
5.18182,142.636,38.3026,0.0807,821.94,0.0293909,3.80241,185.818,248.091,229.579
8.09375,189.438,69.3295,0.105562,1296.73,0.0225906,4.02932,165.531,241.562,208.393
9.66667,184.467,87.632,0.0878333,805.939,0.0238267,3.90008,147.867,233.533,186.77
6.17391,211.043,74.7751,0.127209,1858.1,0.0217739,4.15507,163.913,244.522,209.292
6.8,132.5,41.0883,0.07249,622.407,0.03023,3.72887,191.8,245.4,227.496
8.94737,180.158,80.558,0.0891526,871.66,0.0247368,3.90365,146.053,234.737,191.408
11.8571,186.786,83.4453,0.0785357,722.018,0.0347929,3.75711,150.429,234.5,193.191
5.53846,155.077,37.6265,0.0568769,454.607,0.0462692,3.48331,174.385,243.615,224.566
10,156.375,57.4131,0.053775,332.929,0.038175,3.49156,169.375,237,210.097
8.375,154.812,57.6189,0.0853812,801.316,0.0253687,3.87254,168.625,240.438,212.701
30.75,190.812,113.978,0.0602125,401.07,0.0336437,3.57525,141.688,218.375,172.954
4.875,227,79.3155,0.15285,2521.44,0.0159125,4.31521,167.375,246.125,210.047
3.52174,56.7391,8.902,0.0130652,40.8306,0.204622,2.12635,220.087,246.348,242.917
0,0,0,0,0,0,0,0,0,0
6.95455,142.818,41.128,0.0633318,500.132,0.0357591,3.62184,174.455,242.182,221.555
4,201,48.4931,0.0738778,777.677,0.0466111,3.64763,174.556,248,225.266
4.85714,131.107,28.8343,0.0449536,313.934,0.0698214,3.22577,183.286,244.214,229.986
5.06452,153.129,38.7587,0.0704355,675.894,0.0475032,3.62052,176.839,244.355,225.351
1,63,12.1055,0.0347,209.337,0.1047,2.909,217,249,242.312
4.28,90.92,16.5917,0.027728,135.729,0.098804,2.8237,203.44,246.48,238.595
6.29167,164.083,48.8936,0.0826,866.159,0.0298042,3.81775,171.375,243.542,218.958
5.07407,109.704,22.4243,0.0407667,267.251,0.0794148,3.1189,194.37,245.222,235.005
4.35,123.95,21.9787,0.03015,170.491,0.10907,2.82623,187.15,245.5,233.931
5.5,170.312,52.2627,0.0884906,935.554,0.0296656,3.87362,171.156,243.938,218.036
62,184.75,131.44,0.0423,192.464,0.04475,3.27728,158.75,205.5,177.836
5.125,113.25,32.4324,0.061425,467.845,0.0352,3.60158,195.562,246.75,231.288
7.875,152.688,46.3201,0.0664187,540.114,0.0357125,3.64303,160.562,238.562,213.875
2.90909,41.0606,6.05434,0.00823939,20.528,0.302245,1.71523,229.152,249.303,246.295
14.9091,175.636,80.6431,0.0698091,531.9,0.0290364,3.70376,156.364,231.545,193.156
