5.15556,156.244,40.664,0.0702044,664.943,0.0457289,3.62555,176.511,244.2,224.33
3.03571,43.7143,6.64816,0.00967143,24.449,0.255096,1.8759,228.286,249.107,245.955
4.78571,168,46.4894,0.0936286,1114.09,0.0280929,3.91247,177.786,245.929,223.833
5.08333,94.75,14.36,0.0173,73.7285,0.198233,2.28993,208.417,246.75,241.516
10.0769,200.769,86.9751,0.118631,1529.67,0.0223538,4.11429,161.615,239.769,199.692
3.94737,66.8421,12.2311,0.0205947,75.7305,0.136895,2.54503,216.789,246.895,241.87
5.27273,222.909,75.0828,0.139527,2221.36,0.0233273,4.20781,168.818,246.818,212.771
6.80952,188.286,67.2509,0.106905,1344.24,0.022219,4.03964,165.762,242.143,209.234
3,63.7143,11.7458,0.0258,118.398,0.104664,2.76639,217.571,248,242.318
5.33333,104.458,23.099,0.0417875,268.936,0.0692792,3.17406,195.583,245.167,234.624
4.58333,100.875,24.9998,0.0498083,339.136,0.0479125,3.39838,199.917,246.583,234.854
7.73016,152.397,49.1835,0.0669921,568.823,0.0433921,3.60954,171.159,240.286,216.326
4.44,124.16,28.0419,0.053,412.873,0.05808,3.38421,191.64,245.6,232.706
4.20588,89.2647,16.8423,0.0290324,144.693,0.0970176,2.86108,206.471,247.382,239.616
5.0303,132.515,31.1429,0.0464091,321.616,0.0654909,3.26881,181.424,243,227.823
7.06122,139.816,41.9538,0.0628714,491.029,0.0356224,3.61376,175.755,242.327,221.354
0,0,0,0,0,0,0,0,0,0
0,0,0,0,0,0,0,0,0,0
4.2,65.55,9.98925,0.012705,41.2546,0.22141,2.07172,215.95,244.75,241.218
8.90909,184.091,79.477,0.0867455,826.679,0.0259909,3.87118,148.879,235.455,193.496
9.71429,182.667,77.4617,0.0988048,1068.11,0.0224571,3.99325,158.333,237.333,199.779
1.86207,3.93103,2.40841,0.000448276,0.125579,0.809066,0.332152,246.345,249.241,247.961
1.35294,2.76471,1.69072,0.000441176,0.121082,0.813565,0.329382,249.235,252.529,250.929
52.1667,199.833,134.362,0.06075,400.472,0.0328667,3.57785,100.833,190,136.975
0,0,0,0,0,0,0,0,0,0
6.61765,152.353,47.3019,0.0827912,823.34,0.0284088,3.82769,176.676,244.206,221.612
7.15,175.417,63.4786,0.0885733,917.201,0.0281283,3.87941,165.35,241.183,209.271
0,0,0,0,0,0,0,0,0,0
3.33333,11,4.26151,0.00161667,1.13542,0.616056,0.762878,242.611,247.444,246.132
31.4444,167.444,89.661,0.0429333,215.292,0.0457444,3.2912,116.333,218.556,177.821
0,0,0,0,0,0,0,0,0,0
7.55556,173.25,61.348,0.0912528,1007.49,0.02815,3.90445,166.056,240.194,209.949
9.46667,191.067,75.2246,0.10331,1216.38,0.0269633,3.98133,162.167,239.2,203.668
0,0,0,0,0,0,0,0,0,0
11,192.412,90.8486,0.0773706,672.678,0.0283059,3.7856,115.941,232.353,177.056
4.89474,151.421,34.759,0.0403474,256.946,0.0831632,3.10556,173,243.421,224.287
16.2143,178.357,93.8893,0.0591929,390.123,0.0340929,3.56746,165.929,235.5,195.905
6.07692,154.346,35.0681,0.0510231,395.365,0.0764731,3.29479,174.308,242.654,225.355
4.92308,84.3846,16.8861,0.0237154,98.4968,0.105469,2.71199,202.846,242.923,235.862
1.875,19.5833,3.20461,0.00395,5.5422,0.437562,1.22673,241.5,251.5,249.575
2.55556,49.1667,8.96658,0.0181611,61.9148,0.141483,2.46283,224.333,249.778,245.636
7.04545,163,52.5651,0.0775818,739.52,0.0343114,3.75598,169.977,242.705,216.908
4,242,80.2071,0.16775,3095.85,0.01545,4.33565,162.5,242,205.412
4.875,99.0312,21.639,0.0375,216.765,0.0720656,3.1058,196.719,244.688,234.442
6.38889,207.444,76.0015,0.126572,1793.4,0.0189222,4.17394,162.611,244.111,207.932
3.16,30.12,5.43422,0.005488,10.5493,0.378716,1.41554,233.52,248.28,245.873
0,0,0,0,0,0,0,0,0,0
4.06667,113.6,20.532,0.0304433,172.625,0.10746,2.83631,191.867,245.1,234.121
0,0,0,0,0,0,0,0,0,0
0,0,0,0,0,0,0,0,0,0
