8.01538,187.831,70.3305,0.104052,1248.04,0.0247615,4.00503,164.585,240.969,207.355
6.08763,115.742,28.0689,0.0397175,246.415,0.0762443,3.11882,188.211,243.515,229.837
3.08835,41.9357,7.70002,0.0109912,39.6265,0.36674,1.6724,228.506,248.325,244.913
8.93491,147.722,47.7075,0.0602367,474.586,0.0474852,3.52227,173.627,240.041,217.571
0,0,0,0,0,0,0,0,0,0
7.2,165.632,56.3417,0.0763961,714.129,0.0358626,3.73366,164.71,241.129,212.331
7.58,173.587,63.4445,0.089602,947.573,0.0274707,3.88972,164.507,240.427,208.727
4.66667,226.833,75.7165,0.144517,2383.7,0.0225583,4.22635,167.833,246.417,211.864
0,0,0,0,0,0,0,0,0,0
7.66667,203.4,78.4781,0.123853,1710.58,0.0204067,4.15168,162.467,242.567,205.653
