4.8,175.533,43.1789,0.0780933,861.672,0.03468,3.74273,169.733,245,222.612
4.33333,132,45.905,0.0359,168.89,0.0686667,3.06423,155.667,238.667,204.409
4,229,84.9727,0.1747,3211.48,0.0145,4.3708,159,239,200.047
4.53846,77.1538,11.2975,0.0147923,51.7282,0.201962,2.19456,212.462,245.615,241.627
10.1111,197,85.3811,0.117467,1532.11,0.0242333,4.08842,160.222,240,199.415
7.5,204.5,72.8184,0.13205,2005.81,0.01885,4.2139,150,240,205.654
5.9,121.1,36.7133,0.07012,581.505,0.03105,3.71738,186.3,242.7,225.031
8.8,153.1,50.4055,0.06392,482.727,0.03365,3.63813,163.6,238.2,212.996
7,233,91.1367,0.1523,2450.52,0.0147,4.3828,166,247,206.324
30,216.5,122.316,0.1114,1230.63,0.02075,4.04325,134.5,219,168.74
25.3333,205.667,128.268,0.0871,775.035,0.0241333,3.8801,107.333,222.667,159.299
6.5,136.333,47.8633,0.04435,242.499,0.0562,3.28443,157,239.667,208.712
5.33333,108.556,27.933,0.0513833,353.274,0.0455389,3.43507,192.222,244,230.708
55,190,113.559,0.0589,387.383,0.0358,3.5328,47,148,102.492
5.2,167.5,50.1082,0.09907,1163.97,0.02672,3.95496,175.2,246.2,221.62
5.25,193.25,67.9761,0.1094,1400.2,0.021125,4.06159,164.75,243.375,209.684
6.06667,168.333,51.3143,0.0887333,958.242,0.03312,3.85579,166.4,241.533,216.113
6.75,208,72.0977,0.1295,1921.47,0.018575,4.20695,167.25,243.75,210.417
5.92593,168.481,52.6662,0.0906852,1022.89,0.0299444,3.88482,171.704,242.963,217.61
7.64286,174.714,64.7829,0.0794571,737.37,0.0346,3.76725,149.429,237,201.934
9.07692,139.231,47.3393,0.0528231,329.099,0.0389538,3.47884,171.231,237.077,214.064
11.125,172.25,76.583,0.070925,556.178,0.0290625,3.71753,155.875,234.75,195.602
4.5625,87.6875,20.6521,0.03405,175.052,0.0763063,3.03131,206.875,245.438,235.787
9.89474,182,74.4893,0.0994368,1079.31,0.0216474,4.01032,157.474,236.368,200.691
6,184,65.3301,0.12765,1779.03,0.01835,4.18035,172,244.5,213.033
9.33333,168,78.8529,0.0769667,675.839,0.0264,3.82817,73.3333,228.667,162.815
4.78571,88.6429,16.5075,0.0230286,97.7202,0.109936,2.67966,202.643,243.429,236.396
4,56.7222,9.10677,0.0117778,34.5782,0.220672,2.03447,220.167,245.667,242.066
5,153.5,42.6787,0.060025,539.34,0.04845,3.49655,132,238.5,208.15
6.75,139.125,39.1846,0.0637938,506.635,0.0345437,3.63237,178.438,243,223.689
10.0769,179,88.1178,0.0906231,836.778,0.0232077,3.91618,151.308,235.231,189.862
5,223,59.6504,0.0982,1273.11,0.027875,3.92385,170.25,247.75,220.115
8,151.846,51.1292,0.0694308,595.668,0.0497385,3.60581,176,241.692,218.982
61.3333,210,159.156,0.0596667,399.35,0.0346667,3.5549,165,206.333,170.876
8.18182,183.273,81.6822,0.0903364,885.811,0.0235182,3.93362,154.273,236.182,192.787
4,180.333,34.901,0.0586667,544.007,0.0707,3.39757,170.667,245,226.703
7.86667,150.6,45.605,0.0681333,554.245,0.0325267,3.68082,168.467,239.733,216.975
11,196,95.9934,0.09426,937.266,0.02357,3.94364,151.1,234,187.026
4.66667,230,73.6472,0.1401,2187.13,0.0169,4.2783,169.667,247.333,214.112
2.03175,5.42857,2.61372,0.000734921,0.383998,0.761822,0.439075,246.286,249.794,248.399
5.2,185.2,58.3465,0.08904,923.963,0.02709,3.89213,172.1,246,217.319
62,184.75,131.44,0.0423,192.464,0.04475,3.27728,158.75,205.5,177.836
2.5,147.167,16.3568,0.0377167,321.794,0.113333,2.91247,186.167,249.5,240.633
7.8,161,61.7418,0.09005,896.346,0.02384,3.92397,168.5,240.7,210.06
5.30769,171.769,46.4336,0.0721846,673.973,0.0323769,3.72285,162.462,241.154,216.722
4,255,75.4414,0.1608,2980.22,0.0164,4.3005,166,245,210.777
3.4,198.8,44.2766,0.0715,754.666,0.05164,3.61822,176.2,249.6,228.175
5.6,97.6667,24.6886,0.0438667,273.694,0.0634133,3.24065,201.733,246.867,235.891
15.875,191.75,94.8667,0.08025,694.722,0.0260625,3.8177,157.625,231.625,188.351
3.36364,127.636,16.5565,0.0273091,165.698,0.1405,2.65668,196.727,249.273,241.372
16.25,189.5,104.496,0.0613,417.418,0.0324625,3.59639,154.375,234.375,186.564
4.30769,88.6923,18.8657,0.0370769,214.187,0.0696154,3.10261,204.769,247.154,238.481
21.6667,158,93.7331,0.0612,386,0.0326333,3.58733,181.333,233.333,197.964
2.625,52,9.52475,0.0189167,65.291,0.142279,2.48195,223.167,249.875,245.328
20,250,130.461,0.1224,1437.57,0.0176,4.1617,164,236,184.633
7.46667,180.8,67.5951,0.0841333,797.532,0.0269467,3.84891,158.867,237.333,202.863
11.5,193.3,88.882,0.10508,1178.28,0.02299,4.02387,156.5,234.6,192.524
7,190.5,70.08,0.122,1612.49,0.01835,4.1913,168.5,240.5,211.564
18.6,179.4,87.7563,0.06898,512.651,0.02892,3.69612,156.8,228.6,189.084
2.8,163.8,34.3109,0.08562,1082.13,0.03246,3.8066,188.4,249.8,233.648
1.8,78.4,10.6305,0.02854,149.239,0.10556,2.82924,216.2,251.2,245.284
5,223.5,87.6348,0.14955,2304.59,0.01575,4.3076,167.5,246.5,205.342
2.75,157.5,32.8379,0.03795,244.179,0.087725,3.0559,189.5,246,231.67
5.84,125.92,32.9686,0.05416,403.657,0.047264,3.45102,186.52,243.44,228.263
5,221,108.795,0.0732,616.262,0.0291,3.7508,23,238,148.994
8.2,183.4,69.6637,0.10731,1331.08,0.02231,4.04737,165.2,240.1,206.627
5.6,119.6,24.1941,0.03472,194.071,0.07161,3.04843,183.9,243.6,231.702
5.5,107.3,32.4969,0.06323,478.843,0.033,3.64048,195.9,246.7,230.739
6.5,162,42.8808,0.07595,864.852,0.0363,3.69175,92,232,196.193
2.70968,39.6452,5.78655,0.00843226,21.4527,0.301661,1.72791,230.194,249.774,246.91
7.75,237.5,93.1621,0.12555,1722.49,0.018375,4.16325,161.25,242.75,200.505
3.4,175.4,20.8672,0.03402,270.818,0.13414,2.77524,177,245.4,235.377
6.69231,190.077,61.2028,0.0689154,628.382,0.0472385,3.60053,159.462,240.231,209.55
4.76923,143.077,41.2287,0.079,767.674,0.0316231,3.77723,179.769,245.077,224.288
3.8,188,48.8383,0.09408,1234.54,0.0461,3.80162,175.8,247.8,224.603
3.15385,63.5385,11.9339,0.0254077,116.347,0.107023,2.74862,217,247.846,242.138
5.16667,196.833,66.8724,0.12395,1724.44,0.0195167,4.15018,172,247.667,216.316
8.33333,181.111,78.8646,0.1082,1262.82,0.0207556,4.06593,160.222,239.444,199.99
7.16667,164.333,53.5827,0.0564833,385.271,0.0377833,3.52752,161.667,240.5,211.633
4.86667,143.867,34.694,0.0566267,452.046,0.0458867,3.47975,183.333,245.4,228.683
5.05263,78.9474,14.3625,0.0198526,77.791,0.153784,2.4815,212.579,245.211,240.167
7.5,154.5,54.7754,0.0442,245.99,0.04605,3.32285,68.25,226.75,173.815
58,217,142.496,0.0569,351.413,0.0334,3.548,6,162,80.3164
12.6,196.1,95.3043,0.09549,998.27,0.02335,3.95799,149.6,233.7,184.926
4.66667,221.333,66.3841,0.125433,2090.54,0.042,3.98137,168.333,247.333,217.12
2.60976,22.4878,4.19999,0.00426829,6.19258,0.414654,1.28215,238.512,249.634,247.655
5.09091,132.091,36.4666,0.0741818,695.055,0.0343727,3.72633,187.455,245.364,228.431
3.6,145.8,34.5563,0.08366,915.912,0.02942,3.8317,189.2,248.8,232.662
4.95238,96.5714,18.1421,0.0273381,136.624,0.104276,2.7938,198.81,244.857,236.622
3,204,61.6836,0.1507,2519.97,0.0169,4.2679,174,249,220.844
9,208,107.184,0.1311,1811.2,0.0181,4.2016,105,235,172.762
5.25,120.625,21.4248,0.0376375,259.009,0.0817,3.04355,183.25,242.875,232.75
6.92857,154,48.8942,0.0764429,722.666,0.0315857,3.75278,172.929,244.571,220.412
5,147.133,35.7096,0.06788,652.183,0.06096,3.52229,185.067,246.2,229.733
3.125,134,23.6133,0.0569875,551.949,0.0704625,3.35612,190.625,247.875,236.367
3.5625,102.75,22.7397,0.0471937,320.361,0.0551,3.32974,198.938,247.188,236.198
4.72727,133.182,31.5732,0.0434364,293.735,0.0691364,3.2122,180.818,243.818,228.037
4.30769,161.615,23.5111,0.0437846,389.478,0.129485,2.97348,177.846,245,233.55
7.2,146.9,48.7076,0.08425,823.39,0.026755,3.8539,179.75,244.7,221.644
5,103.867,23.2182,0.03828,226.344,0.07736,3.10465,189.467,242,230.414
