6.1,186.5,56.2184,0.09086,1040.07,0.03253,3.86312,170.6,243.5,216.936
4.6,127,42.1578,0.03732,187.607,0.0675,3.11432,164.6,240.6,211.326
62,184.75,131.44,0.0423,192.464,0.04475,3.27728,158.75,205.5,177.836
23,186.909,112.821,0.0609909,407.203,0.0331364,3.58451,172.455,232.636,191.509
6.75,127.55,37.8168,0.056325,400.951,0.03921,3.52044,180.6,240.45,222.529
1.4,19,2.68048,0.00476,7.29,0.38476,1.37614,243.2,253,251.338
3.81818,144.636,26.1531,0.0515636,432.431,0.0732273,3.29996,191.909,248.364,236.494
9.47059,185.412,77.0257,0.103888,1181.57,0.0231412,4.01429,161,237.941,200.926
2.88889,100.222,17.6172,0.0433111,310.416,0.0773333,3.16469,204.778,250.778,241.942
7.5,154.5,54.7754,0.0442,245.99,0.04605,3.32285,68.25,226.75,173.815
3.64286,68.2857,13.5703,0.0269357,126.078,0.0990286,2.81356,209.929,246,239.28
12.4545,188.091,89.0757,0.0972364,1033.82,0.0228273,3.98416,154.636,233.364,190.276
7.29412,151.588,51.4235,0.0841471,799.701,0.0264882,3.84757,172,241.647,217.013
3.9,76.3,15.3328,0.02473,104.537,0.09546,2.77031,214.9,247.6,241.087
4.30769,88.6923,18.8657,0.0370769,214.187,0.0696154,3.10261,204.769,247.154,238.481
9.54545,195.818,82.5991,0.118291,1546.73,0.0231636,4.10713,161.727,240.091,201.624
9.41667,155.833,62.3538,0.0882583,851.288,0.0243583,3.89913,164,238.75,207.614
1.72,3.56,2.23688,0.000412,0.11434,0.823768,0.306452,246.72,249.68,248.346
5.25,104.625,24.0005,0.0379813,221.946,0.0763062,3.105,189.125,242.375,230.537
3.4,198.8,44.2766,0.0715,754.666,0.05164,3.61822,176.2,249.6,228.175
5.85714,156.143,39.529,0.0618286,557.51,0.0497429,3.52694,155.571,238.429,216.29
4.33333,97,16.3092,0.02685,131.941,0.104733,2.78459,205.5,248,240.735
3.77778,12.2222,4.89237,0.00173333,1.14907,0.5883,0.812111,241.333,246.778,245.352
4.625,143.5,37.3814,0.079775,835.162,0.0305875,3.79444,186.375,249.625,231.227
6.85714,127.143,36.6317,0.0464143,294.221,0.06,3.30744,166.429,238.571,217.785
8.16667,209.5,87.9733,0.113217,1417.08,0.0202167,4.0862,159.667,239.5,198.023
5.625,139,40.7424,0.0779063,733.791,0.0307062,3.77639,187.875,247.125,228.545
2.90909,6.90909,3.56925,0.000772727,0.353782,0.739045,0.486973,244.273,247.182,246.167
3.11765,27.7059,5.06365,0.00499412,8.62916,0.390488,1.36305,235.176,248.353,246.355
0,0,0,0,0,0,0,0,0,0
6.22222,211.667,70.3533,0.128711,1996.57,0.0264444,4.1333,163.778,244.111,211.593
4,242,80.2071,0.16775,3095.85,0.01545,4.33565,162.5,242,205.412
5.63636,94.0909,25.7965,0.0449,269.305,0.0505091,3.31818,204,246.818,235.56
11.4,160.4,57.0571,0.05264,331.128,0.03992,3.47324,163.4,233.8,206.805
5.27273,112.455,32.9581,0.0620727,473.48,0.0348818,3.61641,196.364,246.273,230.955
3.8,82.2,19.9367,0.03494,182.212,0.06152,3.10842,200.6,243.2,231.339
2.11111,23.4444,3.59638,0.00418889,6.41019,0.432722,1.24881,239.889,252.111,249.743
5.25,128.25,22.4609,0.030025,149.949,0.0834,2.92695,197.5,247.75,238.529
2.71429,113.429,14.4827,0.0271286,175.48,0.160843,2.5782,203.286,248.857,241.776
6.78947,177.789,66.1176,0.0874316,889.429,0.0265316,3.88827,155.158,238.632,203.205
2.85714,172.571,23.7545,0.0349143,282.31,0.139914,2.77237,181.286,247,235.478
6.125,172.25,57.332,0.0766125,671.448,0.0276,3.79944,149,237.5,204.167
5.88889,200.333,61.4926,0.0670222,628.485,0.0552889,3.52959,160.333,242.111,211.233
7.30769,182.538,64.8513,0.107031,1342.12,0.0221846,4.04699,167.385,242.077,210.787
4.89474,74.4737,14.3641,0.0206,76.7156,0.127068,2.57255,214.947,245.368,240.262
6.91667,164.917,58.9356,0.0926083,966.241,0.02375,3.94908,162,239.083,209.415
1.3125,2.8125,1.67139,0.00046875,0.12865,0.801913,0.349969,249.25,252.688,251.009
4.11111,129.333,27.2919,0.0455056,318.159,0.0644667,3.24921,187.611,246.444,233.129
5,107.375,24.6148,0.0294125,147.691,0.09875,2.83593,186,241.875,228.67
2,15.6154,3.11359,0.00315385,3.52758,0.478208,1.10452,242.615,250.154,248.589
9.5,154.5,55.1738,0.0652875,494.497,0.03265,3.65444,162.375,236.625,209.453
17,166,79.8828,0.0999,998.571,0.0215,3.9892,119,228,174.656
4.6,129.6,32.7293,0.07,640.159,0.05024,3.60651,193.6,247.8,232.58
5,94.3,14.7445,0.01998,89.2925,0.16121,2.45007,197.7,242.5,236.146
8.81818,160.818,63.8434,0.0734545,608.169,0.0285091,3.75478,165.545,238.273,208.233
5.53846,155.538,43.2584,0.0834769,890.393,0.0291,3.82505,180.538,246.846,225.569
15.8889,178.111,85.6562,0.0708111,542.938,0.0286222,3.71646,155.778,231.222,190.659
4.85714,224.857,78.4331,0.146057,2305.87,0.0162571,4.30011,169.143,247.286,211.455
6.90909,160.364,55.5426,0.0948182,1028.9,0.0236545,3.96309,171.364,242.455,215.533
5.2,157,37.7562,0.068835,672.477,0.047965,3.59511,174.8,243.7,225.216
10.1579,184.737,90.3949,0.0886474,814.208,0.0237211,3.90329,147.474,233.211,185.56
4.75,133.125,17.9771,0.0312125,192.473,0.102612,2.8567,186.75,246.25,238.266
4.42857,99.7143,24.8957,0.0511357,352.592,0.0453143,3.43663,201.429,247.357,235.312
6.69231,148.615,41.3636,0.0608231,470.532,0.0372692,3.57678,174.154,243.385,222.62
8.5,153.833,53.2735,0.06835,539.894,0.0367833,3.643,147.167,235.5,204.041
3.71429,155.143,36.962,0.0836857,1006.78,0.0357286,3.78747,183.714,246.143,229.682
58.25,201.75,132.822,0.059225,387.406,0.033825,3.55638,74.75,177.25,123.722
4.8,147.1,38.4715,0.04086,247.544,0.07425,3.15695,173.6,243,222.306
7.88889,189.556,81.9288,0.0793333,726.747,0.0288778,3.79602,149.889,236.889,192.257
1.75,69.75,10.9199,0.0313,149.297,0.06855,3.02408,222.25,251,245.695
6.11111,164.444,46.2326,0.0719556,718.103,0.0452444,3.63274,168.667,243.889,220.684
24.75,190.75,104.379,0.08145,692.873,0.025675,3.82445,162,227,186.477
7.5,116,33.8047,0.05259,345.11,0.04114,3.47033,178.6,237,221.657
8.47368,193.842,69.3697,0.102605,1256.49,0.0289684,3.96308,165.105,241.842,209.027
12.125,193,97.6611,0.0935125,916.676,0.023875,3.93185,148.75,233.625,184.657
0,0,0,0,0,0,0,0,0,0
6.2,149.6,38.8346,0.0642333,578.161,0.0617133,3.49042,180.067,243.667,225.217
6,81.5,25.4649,0.0395,181.106,0.0475,3.2368,215.5,246,236.145
6.54545,163.182,46.4847,0.0535909,383.298,0.0455,3.44632,160.091,239.818,213.958
4.8,118.5,32.559,0.06671,569.812,0.04101,3.62662,188.6,243.4,227.773
10.6667,197.333,93.8598,0.0941111,959.429,0.0226222,3.96502,153.222,234.111,187.545
6.38462,208.231,77.8251,0.125562,1738.91,0.0188769,4.1628,163.538,244.692,207.596
4.46154,181.385,49.1487,0.0851692,934.266,0.0372692,3.79732,173.923,247.077,222.992
0,0,0,0,0,0,0,0,0,0
4.71429,199.857,50.4414,0.0774571,821.899,0.0370857,3.71447,167.857,243.429,219.956
3.83333,57.7222,8.75889,0.0114,34.7194,0.229217,1.99597,219.278,245.778,242.254
4,26,6.0469,0.0042,6.125,0.3643,1.3269,219,239,233.867
2.82143,40.25,5.95466,0.00837857,20.9865,0.296875,1.73504,230,249.643,246.734
5.36364,114.273,21.7458,0.0394182,264.415,0.0743545,3.10198,185.273,242.273,231.983
4,86.5,16.6199,0.03017,162.164,0.11026,2.84339,210.4,248.8,241.127
6.33333,133.133,35.8276,0.0630867,514.443,0.0354067,3.62066,179.467,244,225.814
13.4,204,106.55,0.07668,667.902,0.02748,3.79358,47.4,229.6,152.787
3,150.6,20.8141,0.04236,392.945,0.13893,2.91304,186.7,248.7,238.377
6.81818,156.727,55.826,0.0811818,741.334,0.0263818,3.84059,154.273,238.364,207.655
6.57143,159.286,40.5039,0.0638286,530.848,0.0387286,3.60566,174,243.143,223.926
3,56.1579,10.4056,0.0192,67.9357,0.147174,2.47268,220.263,249.158,244.259
2.375,42.75,8.09181,0.01745,52.2724,0.122163,2.49721,232.375,251.125,247.588
4.66667,83,11.1719,0.0133222,49.2583,0.240844,2.05947,208.111,244.333,240.613
0,0,0,0,0,0,0,0,0,0
6.6,176.55,59.5691,0.096205,1101.46,0.02599,3.94429,167.15,242.3,213.359
