3,199.333,36.9453,0.0868667,1105.63,0.039,3.7773,176.333,247.333,230.699
3.55556,95.5556,17.0473,0.0310889,173.372,0.103433,2.86337,207.111,247.333,239.529
9.5,216.75,100.722,0.1153,1418.65,0.01965,4.10693,156.75,237.75,190.604
4.94118,87.4706,17.1675,0.0231706,95.1858,0.105694,2.69827,204,243.706,236.629
5.29412,116.529,33.1519,0.0608118,464.713,0.0368059,3.57959,193,246.235,230.474
12.3333,199.667,112.352,0.0887333,816.908,0.0231167,3.91825,139.333,231.5,172.768
56.5,203.5,128.027,0.0579,369.398,0.0346,3.5404,26.5,155,91.4043
4.1875,125.562,19.5278,0.0309,186.423,0.113825,2.82187,185.812,245.312,235.047
2.75,157.5,35.9766,0.087325,1081.02,0.03105,3.8356,191.5,249.5,232.688
3.11111,167.444,26.1875,0.0357667,258.979,0.113511,2.89998,182.556,245.667,233.729
8.08333,152.083,55.4189,0.08545,798.103,0.0252333,3.87167,170.25,240.75,214.483
14.1429,200.857,101.194,0.0947,972.497,0.0226143,3.96763,153,231.714,182.872
5.83333,136.583,32.513,0.0611167,527.018,0.0413583,3.56272,184.833,245.917,230.185
5.8,143,54.4594,0.04288,223.094,0.0597,3.2379,156,241,205.313
5.375,138.167,36.0931,0.0651583,567.192,0.0506792,3.56446,180.583,243.125,225.149
0,0,0,0,0,0,0,0,0,0
5.33333,94.3333,12.556,0.0145,64.2644,0.259956,2.04851,208,246.667,242.467
6.57143,209.571,78.8719,0.126057,1749.74,0.0187143,4.16872,163.643,244.143,207.02
7.3,167.5,61.7395,0.09262,964.933,0.024,3.94471,159.4,237.2,205.721
8.27273,182.909,72.7848,0.107936,1327.7,0.0219727,4.05375,163.909,239.364,203.896
4,242,80.2071,0.16775,3095.85,0.01545,4.33565,162.5,242,205.412
3.26667,27.1333,5.08906,0.00438,6.79194,0.396933,1.31467,234.267,247.6,245.453
4.57895,102.421,22.1778,0.0388474,236.009,0.0782684,3.10685,194.895,244.684,233.857
10.5455,175,80.5479,0.0906455,846.537,0.0235909,3.90825,158.182,236.455,196.304
6.88235,162.588,55.5074,0.0792353,738.477,0.0327059,3.78282,157.118,239.529,209.698
9.22727,147.955,56.4274,0.0585773,397.396,0.0350955,3.56613,170,238.273,210.413
4.7,130.567,28.5129,0.04563,321.86,0.0673933,3.24663,182.667,243.833,229.56
5.25,172,62.5527,0.084175,876.696,0.02795,3.85583,139.125,236.375,198.64
7.33333,144.524,43.8906,0.0639905,493.29,0.0338952,3.63934,171.095,240.762,218.842
3.53333,96.6667,21.238,0.04626,311.626,0.0625533,3.27755,203.933,248.8,238.606
11.8,206,96.6664,0.11618,1515.24,0.02842,4.04132,150.2,235.6,188.382
5.875,184.75,58.7563,0.0872125,911.338,0.028325,3.85331,174.25,246.75,218.048
0,0,0,0,0,0,0,0,0,0
5.89474,143.421,41.3104,0.0746,706.992,0.0342789,3.72239,181.368,245.263,225.592
5.33333,141.556,39.4484,0.0816333,827.332,0.0284222,3.82427,186.778,248.444,229.251
5.83333,152.167,52.7083,0.101933,1154.99,0.0213167,4.03447,175.333,246.333,219.915
3.4,198.8,44.2766,0.0715,754.666,0.05164,3.61822,176.2,249.6,228.175
0,0,0,0,0,0,0,0,0,0
5.46154,133.615,35.2533,0.0710385,648.679,0.0453308,3.64082,188.154,246.462,229.888
7.66667,187.333,70.8763,0.12005,1572.97,0.0187833,4.16197,171.333,243.833,212.659
4.72222,166.722,45.5714,0.0874889,1020.37,0.0331111,3.84301,177.278,244.889,223.709
9.875,178.25,74.2446,0.0992,1089.08,0.022,3.99981,157.5,236.625,200.604
7.9,178.2,74.8558,0.08686,801.605,0.0242,3.89302,152.9,234.9,194.845
2,45.8462,7.30589,0.0172231,58.7631,0.152246,2.40459,227.538,251.538,247.99
4.77778,173.222,44.9798,0.0693778,670.247,0.0481222,3.60501,168.056,242.944,220.397
12.0588,164.941,66.9214,0.0689529,531.528,0.0320647,3.67716,155.471,234,200.333
4.5,89.2857,19.4942,0.0373429,212.46,0.06395,3.13022,202.286,245.786,236.745
7,152.267,48.6586,0.0843733,867.481,0.02808,3.84921,176.067,244.267,220.705
4.4,197.4,48.9211,0.07612,805.307,0.03926,3.68464,173.2,245.8,223.467
0,0,0,0,0,0,0,0,0,0
4.6,194.4,42.9226,0.07562,855.963,0.03714,3.69566,162.8,242.4,220.546
4.25,84.1875,16.0666,0.0281875,131.187,0.0842562,2.89031,205.562,246.562,238.98
5,221,82.0225,0.150525,2394.92,0.015775,4.31648,168.75,247.25,209.463
0,0,0,0,0,0,0,0,0,0
2.90909,62.6364,11.1466,0.0248545,113.988,0.111882,2.71742,218.273,248.364,242.893
0,0,0,0,0,0,0,0,0,0
1.63636,3.34091,2.11453,0.000445455,0.122259,0.810264,0.330286,247.523,250.568,249.154
4.8,185.8,54.2766,0.10728,1392.91,0.0216,4.04534,171,246.4,219.937
33.6667,200.889,128.135,0.0608222,413.479,0.0334778,3.57583,160.667,224.667,181.803
0,0,0,0,0,0,0,0,0,0
12.1667,202.333,99.4004,0.0928833,922.37,0.0244833,3.92812,156.167,235.5,189.161
3.375,51.75,6.22559,0.0062625,15.6604,0.36155,1.48233,222.75,247.125,244.953
13.4,204,106.55,0.07668,667.902,0.02748,3.79358,47.4,229.6,152.787
12.5,162.5,63.917,0.054,329.855,0.036525,3.50787,162.75,233.25,202.871
4,192,51.5578,0.09058,1194.33,0.05418,3.6894,168,244.6,219.662
0,0,0,0,0,0,0,0,0,0
5.54545,215.273,69.2401,0.131473,2058.19,0.0247364,4.16263,165.273,245.636,213.376
3,11.1304,3.91814,0.00173043,1.34674,0.611317,0.778052,243.043,247.957,246.614
3.4,78.9,15.0664,0.03076,158.217,0.09873,2.90297,215.5,249.3,242.253
0,0,0,0,0,0,0,0,0,0
0,0,0,0,0,0,0,0,0,0
5,84,23.9909,0.0366833,185.636,0.0569167,3.15878,200.5,243.5,230.381
5.125,110.208,27.8989,0.0519333,374.648,0.0484708,3.42016,193.917,245.042,232.065
18.4286,200.857,100.157,0.108129,1204.46,0.0201714,4.05664,150.143,229.571,184.805
13.75,190.667,91.2087,0.0798167,708.23,0.028,3.80279,152.833,232.333,188.331
4.75,159.75,25.6074,0.0448917,383.572,0.115842,3.04839,175.167,243.583,231.099
8.58333,150.667,52.6917,0.0709333,597.319,0.0359,3.6827,174.583,240.917,217.528
1.95238,20.2857,3.28797,0.00404762,5.84743,0.436767,1.23702,241.095,251.571,249.617
4.30769,66.5385,10.6175,0.0139462,45.6814,0.196838,2.17851,216.154,245.077,241.12
2.35714,40,5.61329,0.00992143,26.0452,0.245586,1.91155,231.5,250.929,247.692
9.1,172.6,77.4605,0.09316,913.101,0.02279,3.94895,150.1,234.8,192.993
0,0,0,0,0,0,0,0,0,0
4.64286,167.214,42.8195,0.0862357,936.563,0.0347143,3.83004,176.357,246.5,225.727
3.16667,35.1667,6.29362,0.00739167,16.7785,0.335875,1.61155,231.083,248.417,245.63
6.4375,192.812,65.3806,0.103338,1257.63,0.0232625,4.00994,167.688,244.062,212.35
4.25,157.417,29.1859,0.0514417,436.615,0.0711167,3.31761,183.25,247,233.182
4.93333,112.6,22.1596,0.0282133,144.608,0.1078,2.78908,194.267,245.133,234.466
7,185.615,61.1049,0.0700692,627.599,0.0441462,3.63317,152.692,239,206.049
8.83333,178,65.9062,0.0660833,572.035,0.04665,3.58727,150.333,237.167,201.988
0,0,0,0,0,0,0,0,0,0
3.84,63.96,12.1599,0.020356,73.3182,0.13266,2.54947,217.16,246.8,241.72
6.42857,117.143,28.6436,0.0426095,271.426,0.0646095,3.21316,182.524,242.095,228.069
0,0,0,0,0,0,0,0,0,0
4.11111,53.1111,9.47961,0.0127,34.6148,0.181144,2.16297,221.889,245.444,241.812
8.81818,181.727,77.8711,0.0966182,1013.68,0.0231545,3.9643,153.727,236.909,195.874
0,0,0,0,0,0,0,0,0,0
9.5,190.833,87.5358,0.105133,1145.4,0.02035,4.04975,151.5,235.5,192.816
4.125,140.125,35.5151,0.0766375,762.742,0.0351125,3.72533,188.375,247.875,231.032
34.75,169.625,93.1079,0.04325,219.227,0.0454,3.30006,113.5,216.125,175.826
10.1818,177.273,72.3636,0.0983,1057.08,0.0228455,3.98829,164,238,204.124
