2.75,169.875,18.9527,0.0393,394.13,0.177925,2.71836,184.25,248.5,239.015
3.5,26.9286,5.52427,0.00477143,7.26279,0.386107,1.35262,234.071,246.929,244.872
4,14.3333,5.32293,0.0023,1.74027,0.533033,0.936833,240,246.333,244.859
5.4,166.1,44.0357,0.071585,671.858,0.03519,3.69581,169,242.5,220.464
3.33333,54.3333,6.38022,0.0073,18.6403,0.32615,1.5896,219.5,245.833,242.682
7.1,163.8,57.3793,0.09253,960.615,0.02379,3.94419,162.1,239.2,210.437
27.5,188.25,108.48,0.069825,507.018,0.0281,3.6985,155,221.5,177.432
5,141.923,39.6857,0.0811154,852.16,0.0301538,3.8057,181.385,246.846,226.909
7.13333,171.733,60.7779,0.0936,1017.72,0.0280667,3.92633,162.533,239,208.551
9.54545,195.818,82.5991,0.118291,1546.73,0.0231636,4.10713,161.727,240.091,201.624
4.71429,127.214,23.7548,0.0330429,191.213,0.0943714,2.93137,182.143,244.643,231.455
4.8,129.9,33.2621,0.06998,643.46,0.05044,3.6016,191.4,247.3,231.531
9.4,174.6,84.3883,0.06054,401.592,0.03344,3.5955,146,235.8,186.608
0,0,0,0,0,0,0,0,0,0
12.5556,191,94.1888,0.0942444,930.032,0.0235778,3.94263,149.778,233.333,187.308
1.84615,23.6154,3.37982,0.0046,7.37243,0.407731,1.32407,240.231,252.692,250.309
5,160.5,42.1338,0.05895,553.391,0.066575,3.4008,131.5,238.75,208.435
4.66667,83,11.1719,0.0133222,49.2583,0.240844,2.05947,208.111,244.333,240.613
5.13636,105.318,26.6767,0.0509273,348.17,0.0456955,3.42933,193.727,244.045,231.363
8.07692,175.154,64.2777,0.073,623.209,0.0339154,3.72496,151.538,236.538,202.142
0,0,0,0,0,0,0,0,0,0
2,3.5,2.4878,0.0004375,0.1099,0.809675,0.329662,245.5,248.125,246.71
10.1875,188.312,93.1006,0.0879875,805.461,0.0236812,3.90089,147.875,233.438,184.723
9,194.348,72.8607,0.103374,1252.93,0.0274739,3.98104,163.609,241.13,206.6
4.36842,89.5263,17.1096,0.0282526,134.589,0.0915789,2.86291,204.316,246.789,238.615
0,0,0,0,0,0,0,0,0,0
9.6,144.3,51.075,0.05284,327.79,0.03914,3.47746,168.7,236.6,211.566
5.27273,222.909,75.0828,0.139527,2221.36,0.0233273,4.20781,168.818,246.818,212.771
4.94118,89.9412,16.0248,0.0219588,94.1417,0.1318,2.59324,203,244.059,237.373
6.70588,164.412,57.1981,0.0793059,738.026,0.0325588,3.78796,155.706,238.941,207.837
16,147,82.3711,0.0734,541.679,0.0277,3.7327,161,231,191.684
5.125,164.125,39.1479,0.05705,456.01,0.0479375,3.48991,171.875,243.625,223.736
10,174.8,78.6992,0.07326,581.983,0.02796,3.75222,166.4,238.4,201.026
7.9375,141.625,45.3176,0.06475,497.435,0.0332063,3.65327,169.438,239.875,216.905
7.5,154.5,54.7754,0.0442,245.99,0.04605,3.32285,68.25,226.75,173.815
3.92857,87.0714,19.2489,0.0337,180.165,0.0829929,2.99702,206.357,245.643,236.186
3,13.4,3.9164,0.0025,2.08834,0.5013,1.03266,243,248.4,247.12
9.42857,169.143,69.5078,0.0869429,851.521,0.0271857,3.84869,133,233.143,193.142
4.88889,98.1852,21.9641,0.037663,219.306,0.072737,3.10828,196,244.556,233.997
20,181,92.8516,0.060325,392.505,0.0336,3.56753,186.75,238.25,206.746
6.5,176.75,51.4062,0.0818,864.766,0.0319313,3.78991,170.875,243.938,218.69
8,157.652,54.3511,0.0847522,805.891,0.0256348,3.86626,171.652,241.435,215.737
1.92308,17,3.09948,0.00346923,4.18688,0.454392,1.16282,242.077,250.385,248.75
0,0,0,0,0,0,0,0,0,0
4.5625,172.562,46.5024,0.0857188,929.918,0.0352937,3.81224,177.75,247.25,224.766
0,0,0,0,0,0,0,0,0,0
2.25,42.125,7.69776,0.017775,55.8854,0.124,2.50393,231.875,251.625,248.071
3.75,122.625,24.4409,0.05485,433.285,0.045625,3.45576,197.875,247.625,236.22
5.42857,105.857,30.6758,0.0628429,485.434,0.0339429,3.63064,196.286,247,231.956
13.4,204,106.55,0.07668,667.902,0.02748,3.79358,47.4,229.6,152.787
2.25,210.5,35.9746,0.052025,643.86,0.12825,2.97997,170.75,250.5,233.589
7.72222,177.889,66.9635,0.101406,1166.7,0.0254389,3.98054,166.722,240.944,208.659
5.7,141.1,31.8601,0.06033,529.637,0.0434,3.53802,185.7,246.8,231.931
6.20833,127.875,34.5498,0.0546917,399.962,0.0453,3.46984,184.458,243.083,227.129
4.82353,153,33.6997,0.0397588,258.136,0.0878941,3.07512,172.353,243.118,224.826
6.11765,143.118,42.7613,0.0754294,706.8,0.0320059,3.74609,181.294,244.882,224.648
5.47826,103.739,23.5416,0.0422826,267.986,0.0618739,3.21356,195.217,244.87,234.179
6.77778,180,73.0334,0.0900833,895.468,0.0236667,3.92992,157.889,238.056,199.466
14.4,191.1,91.9262,0.07906,700.97,0.02883,3.78543,152.3,231.9,187.876
3.82759,124.31,24.6471,0.0436,312.463,0.0782207,3.16968,190.241,246.621,234.567
7.22222,154.333,42.9336,0.0534889,381.791,0.0455333,3.44449,166.556,239.778,218.552
3.15385,63.5385,11.9339,0.0254077,116.347,0.107023,2.74862,217,247.846,242.138
3.75,57.625,9.09448,0.012675,39.9648,0.208844,2.10162,220.875,246.562,243.078
6.08333,135.833,39.3994,0.0673458,580.943,0.0459292,3.60415,183.958,243.875,225.438
0,0,0,0,0,0,0,0,0,0
7.72222,192.278,73.1597,0.109394,1369.24,0.0215167,4.06034,164.333,240.667,205.724
0,0,0,0,0,0,0,0,0,0
6.38889,207.444,76.0015,0.126572,1793.4,0.0189222,4.17394,162.611,244.111,207.932
10.75,184.812,83.167,0.09985,1069.63,0.0215125,4.01031,155.062,235.562,195.065
3.11111,77.7778,14.421,0.0307111,159,0.1013,2.89027,216.556,249.556,242.839
1.57143,3.5,2.22294,0.000364286,0.104171,0.8366,0.295586,246.786,249.857,248.577
13.3333,198.667,97.0929,0.0942889,978.75,0.0237,3.95129,149.444,232.778,183.631
4.83333,73.8333,14.1938,0.0205389,76.3255,0.128533,2.56576,215.111,245.389,240.321
2.78571,38.8571,5.92606,0.00837143,21.0006,0.300436,1.72946,230.607,249.821,246.871
4.2,117.733,19.7865,0.0274333,152.007,0.12298,2.71767,193.533,245.8,235.985
3.41667,8,4.14486,0.000883333,0.39965,0.714792,0.537375,243.5,247.083,245.843
56.5,203.5,128.027,0.0579,369.398,0.0346,3.5404,26.5,155,91.4043
4.8,141.1,36.866,0.07688,757.172,0.0338,3.73529,187.3,248.1,230.791
21,157.5,90.4179,0.04035,178.14,0.048,3.23385,108.5,212,162.26
10.8,168.2,69.9234,0.07044,546.034,0.02974,3.69572,156.4,235,199.58
5.6,130.4,38.6363,0.06097,470.157,0.03758,3.57546,183.8,243.9,225.296
0,0,0,0,0,0,0,0,0,0
32.5,189.5,125.857,0.0576,381.477,0.0348,3.54635,123,219.5,157.936
3.5,203.5,48.2305,0.072,761.617,0.0511167,3.61853,174.5,249.167,226.046
4,242,80.2071,0.16775,3095.85,0.01545,4.33565,162.5,242,205.412
0,0,0,0,0,0,0,0,0,0
1,9,1.7871,0.0008,0.39795,0.70235,0.52485,245.5,251,249.277
5.16667,174.667,49.9541,0.0925417,1082.31,0.0274667,3.90147,173.833,244.25,220.777
3.91667,162.083,41.5547,0.0862083,1019.16,0.031725,3.83912,184.583,247.75,228.946
6.91667,154.917,40.9827,0.0651917,551.579,0.046075,3.58808,166.083,239.25,218.091
3.05882,56.7059,10.7645,0.0196,68.7667,0.1412,2.50127,219.647,248.765,243.777
2,3.28571,2.22043,0.000457143,0.114871,0.8158,0.3029,248.429,250.857,249.708
51,213,158.501,0.0605333,424.399,0.0342,3.56843,177.667,215,184.217
1.15385,2.69231,1.52795,0.000476923,0.133985,0.799562,0.353531,249.385,252.923,251.267
0,0,0,0,0,0,0,0,0,0
8.75,165.25,57.3028,0.065225,511.203,0.03375,3.63727,160,236.5,207.798
0,0,0,0,0,0,0,0,0,0
0,0,0,0,0,0,0,0,0,0
0,0,0,0,0,0,0,0,0,0
70.3333,191.333,135.671,0.0429667,199.131,0.0438333,3.28723,185.667,212,193.535
