6.90833,156.85,49.5234,0.0691033,610.707,0.0426283,3.6333,167.933,241.242,215.869
4.66667,226.833,75.7165,0.144517,2383.7,0.0225583,4.22635,167.833,246.417,211.864
8.22034,188.695,71.1528,0.10461,1262.1,0.0250356,4.00508,164.78,240.932,206.961
9.42735,146.906,47.6807,0.0575291,437.381,0.0493342,3.48498,175.017,239.966,218.158
7.66667,203.4,78.4781,0.123853,1710.58,0.0204067,4.15168,162.467,242.567,205.653
7.72222,176.657,64.7248,0.09225,994.931,0.0269657,3.91565,164.944,240.25,208.469
7.65185,167.874,60.5477,0.0819763,798.358,0.029903,3.81361,163.57,240.607,209.732
5.00787,93.3386,19.0571,0.0288228,146.117,0.101173,2.8341,202.772,245.488,236.965
2.75385,31.4,5.72094,0.00734615,21.3417,0.437082,1.38695,233.728,249,246.405
6.42149,123.298,31.6268,0.0442066,288.868,0.0663603,3.23218,182.496,242.504,226.678
