5.3,129.7,37.8816,0.0756,696.042,0.03016,3.76862,188.4,245.4,227.896
0,0,0,0,0,0,0,0,0,0
3.09091,102,20.7273,0.0450091,311.625,0.0706364,3.21643,203.182,249.727,239.699
2.33333,219,41.9115,0.0567667,640.332,0.0851667,3.2412,170,251,231.522
6.5,162,42.8808,0.07595,864.852,0.0363,3.69175,92,232,196.193
8.66667,165.667,58.6276,0.0732667,688.526,0.036,3.7077,84.3333,229,175.616
5.57692,167.038,50.521,0.0898308,1014.36,0.0299846,3.88244,172.115,243,218.61
0,0,0,0,0,0,0,0,0,0
4.6,74.9333,12.2852,0.0181133,66.1514,0.154887,2.43436,215.133,246.867,242.266
5.76923,172.538,50.5336,0.0734846,673.303,0.0314846,3.73969,160.538,240.385,213.637
0,0,0,0,0,0,0,0,0,0
3.86667,125.067,17.0823,0.0280267,167.071,0.1265,2.71994,193.8,248,240.175
14.9091,175.636,80.6431,0.0698091,531.9,0.0290364,3.70376,156.364,231.545,193.156
6.29412,134.471,35.4173,0.0624824,508.415,0.0373588,3.60701,180.059,244,226.098
5.57143,127.143,35.7288,0.0727143,631.483,0.0297714,3.74126,193.143,246,229.605
3.25,24.375,4.90575,0.0040875,5.54896,0.409463,1.27294,236.875,247.625,245.901
7.5,136.591,40.6964,0.0570273,399.372,0.0366818,3.54918,175.318,240.182,220.604
4.5,141.25,27.5332,0.058625,547.504,0.0620625,3.42114,184.25,245.125,231.86
4.61905,94.5714,17.3138,0.0271857,135.088,0.104262,2.7893,201.143,245.81,237.623
1,8,2.0742,0.0016,1.0417,0.5978,0.7845,242,247,245.324
5,141.923,39.6857,0.0811154,852.16,0.0301538,3.8057,181.385,246.846,226.909
11.0588,191.941,92.0384,0.0941706,950.232,0.0232235,3.95027,152.412,234,188.781
0,0,0,0,0,0,0,0,0,0
0,0,0,0,0,0,0,0,0,0
0,0,0,0,0,0,0,0,0,0
0,0,0,0,0,0,0,0,0,0
4.16667,8.33333,5.18947,0.000933333,0.335417,0.6824,0.581017,242.833,246.333,245.096
0,0,0,0,0,0,0,0,0,0
13,216,118.683,0.076575,658.602,0.02795,3.77422,47,233.25,152.447
2.125,27.375,3.74709,0.004425,7.61093,0.427725,1.26196,237.5,252.125,249.695
4.91667,156.917,34.5322,0.0654833,663.291,0.0726333,3.43001,180.583,245.75,229.934
5,103.833,12.8047,0.01375,63.8611,0.277,1.9724,201,246.5,241.651
2.13333,38.8,5.09662,0.00944667,25.0103,0.25956,1.85189,232.8,251.267,248.34
4,27.1667,6.41798,0.00603333,9.3236,0.315917,1.55225,231.833,245,242.558
4.87097,99.7097,21.5426,0.0374226,217.737,0.0728613,3.10167,196.032,244.613,234.348
4,242,80.2071,0.16775,3095.85,0.01545,4.33565,162.5,242,205.412
3.94444,138.222,25.054,0.0411333,306.671,0.0859556,3.09652,184.278,246.111,233.832
14.9,191.4,95.4742,0.08106,711.557,0.02555,3.83689,157.2,232,187.764
1.73684,3.42105,2.23438,0.000373684,0.102632,0.837679,0.284542,247.368,250.105,248.942
0,0,0,0,0,0,0,0,0,0
13.0909,186.455,88.6506,0.0974,1027.01,0.0228273,3.98071,151.727,232.545,188.567
0,0,0,0,0,0,0,0,0,0
2.1,3.7,2.63243,0.0005,0.12751,0.7872,0.3627,245.4,248.2,246.765
6.5625,165.312,55.2935,0.0788875,739.15,0.0337563,3.77395,155,238.812,208.838
7.5,154.5,54.7754,0.0442,245.99,0.04605,3.32285,68.25,226.75,173.815
6.86667,117.533,33.6063,0.0518533,338.849,0.0419667,3.4579,179.8,239.333,223.009
7.94737,172.526,56.2438,0.0842789,862.686,0.0285158,3.8368,168.947,242.316,215.095
3.55556,53.3333,7.73524,0.00998889,24.9921,0.239822,1.9082,221.444,246.556,243.035
6.26316,191.105,65.6108,0.102032,1259.7,0.0290105,3.9652,167.263,244.053,212.038
46.6,206.2,150.077,0.06184,425.28,0.0329,3.58938,167.8,215.2,175.923
45.6667,196.333,121.38,0.0574667,372.768,0.0348333,3.537,48.6667,177.333,112.505
4.63636,98.3636,24.505,0.0502182,346.016,0.0473455,3.41525,201.273,246.364,234.439
3.93333,62.5333,9.47577,0.0126067,41.86,0.21806,2.07537,215.667,244.8,241.289
7,134,42.2975,0.0630913,476.605,0.0343391,3.62283,179.913,242.609,222.161
14.5833,197.167,94.4544,0.106133,1187,0.0226167,4.0271,152.833,232,188.56
10.5,155.5,81.6641,0.07665,598.731,0.02755,3.7546,197,244,215.67
5.27273,222.909,75.0828,0.139527,2221.36,0.0233273,4.20781,168.818,246.818,212.771
5,125.5,38.7022,0.036375,182.304,0.067125,3.09214,168.5,240.625,215.144
2.08333,16,3.24253,0.00335,3.77953,0.457825,1.15366,242.417,250.083,248.476
0,0,0,0,0,0,0,0,0,0
9.30769,181.231,74.7311,0.100108,1088.52,0.0215538,4.01171,156.308,237.462,201.012
10.1579,184.737,90.3949,0.0886474,814.208,0.0237211,3.90329,147.474,233.211,185.56
5.40741,171.963,51.5172,0.0880852,930.752,0.0306296,3.86248,172.296,244.63,219.199
6.38889,207.444,76.0015,0.126572,1793.4,0.0189222,4.17394,162.611,244.111,207.932
3.41176,60.0588,12.0903,0.0216941,79.4064,0.124059,2.60624,219.118,247.118,241.856
2.93333,64.4667,12.0562,0.0274667,126.314,0.0952333,2.84201,217.267,248.333,242.649
7.07692,156.231,45.6944,0.0650538,541.832,0.0382538,3.60792,153.308,237.923,212.203
9.54545,195.818,82.5991,0.118291,1546.73,0.0231636,4.10713,161.727,240.091,201.624
8.35714,176.643,67.322,0.0725286,615.531,0.03375,3.72027,156.214,236.786,202.412
0,0,0,0,0,0,0,0,0,0
4,141.75,35.3774,0.07605,754.928,0.0348875,3.72734,188.25,248.375,231.299
1.21429,2.71429,1.58956,0.000478571,0.133043,0.7987,0.354607,249.357,252.857,251.187
3.88889,169.222,24.8542,0.0419889,382.913,0.140922,2.90202,174.111,244.556,231.876
2.16667,8.5,2.58332,0.0007,0.388883,0.769167,0.453583,244.833,249.167,247.798
5.5,104.182,23.7711,0.0421591,266.86,0.0624318,3.21008,194.636,244.545,233.771
7.05,153.2,50.3699,0.083945,801.691,0.02633,3.85177,173.15,242.1,218.095
4.5,171.2,45.6824,0.09081,1074.02,0.02871,3.87933,179.6,246.6,225.116
4.11111,163.667,29.7396,0.0507222,441.813,0.0788667,3.26787,182.889,247.111,233.041
7.06667,153.733,44.3927,0.0667133,578.384,0.05358,3.56483,173.267,242.133,220.547
2.35714,47.2143,7.98438,0.0168071,56.3931,0.151679,2.39099,228.357,250.929,247.35
4.46667,153.467,34.019,0.03934,254.345,0.0923133,3.05293,171.067,242.933,224.027
0,0,0,0,0,0,0,0,0,0
62,184.75,131.44,0.0423,192.464,0.04475,3.27728,158.75,205.5,177.836
4.14286,204.286,51.2673,0.0741571,780.242,0.0491429,3.63436,177.286,250,225.982
0,0,0,0,0,0,0,0,0,0
1.5,20.5,2.83741,0.0042625,6.4823,0.417112,1.29399,242.5,253.375,251.302
6.9,156.1,47.6539,0.07519,719.693,0.03352,3.72643,174.8,245.5,222.282
3.5,13.6667,4.63022,0.00208333,1.52985,0.54915,0.908583,241.167,247,245.65
7.53846,180.923,78.5974,0.0896923,887.252,0.0238308,3.92695,154.231,236.462,194.261
4,86.6,18.4152,0.03249,172.024,0.091505,2.94963,208.6,246.8,237.96
10.4286,155.143,55.3153,0.0532143,327.52,0.0387,3.48361,168.286,235.714,209.871
13.4,176.2,86.5446,0.06017,394.877,0.03361,3.57948,165.4,237.8,197.17
3.72727,117.455,24.3335,0.0522909,418.731,0.0560364,3.36569,197.091,248,236.795
7.72222,192.278,73.1597,0.109394,1369.24,0.0215167,4.06034,164.333,240.667,205.724
3.61538,39.2308,6.75482,0.00668462,15.1968,0.366054,1.52957,228.077,247.769,245.021
0,0,0,0,0,0,0,0,0,0
5,120.636,34.1644,0.0677636,576.469,0.0381818,3.65418,187.727,243.818,227.22
3.2,109.4,24.9164,0.0521,379.719,0.0493,3.41386,198.6,249,236.608
4.94118,84.7647,16.8169,0.0232882,95.9664,0.103971,2.70641,205.353,243.706,236.803
5.2,167.5,50.1082,0.09907,1163.97,0.02672,3.95496,175.2,246.2,221.62
