4.52,104.82,21.9588,0.035574,205.481,0.085542,3.01999,194.04,244.94,233.756
3.96154,62.0385,9.23497,0.01195,37.4744,0.2245,2.03126,217.346,245.462,241.94
7.68657,175.179,63.2796,0.094906,1061.53,0.0264224,3.93721,166.179,240.537,209.828
28.9,166.5,86.1625,0.04319,219.88,0.04579,3.29736,118.2,220.4,180.052
2.86538,34.0192,5.41489,0.00678462,15.0998,0.339267,1.56158,232.577,249.269,246.692
7.29577,176.451,65.1342,0.0888282,921.857,0.0277042,3.88547,163.338,240.521,207.639
7.43243,167.27,60.9227,0.0837243,815.056,0.0288581,3.83365,166.446,240.703,210.061
8.36,191.92,72.3453,0.105508,1289.01,0.024996,4.01083,164.02,240.76,206.221
5.06667,125.044,27.2864,0.0409689,267.803,0.0783378,3.12843,186.644,244.311,230.986
5.30769,141.346,33.413,0.0520942,402.459,0.0668423,3.34174,182.481,244.077,228.172
4.425,79.275,14.6228,0.0228075,97.607,0.122538,2.63943,210.225,245.3,239.303
6.09804,145.216,41.0712,0.066951,588.138,0.0483333,3.58594,180.314,243.392,224.123
30.0588,188.824,111.529,0.0598412,396.804,0.0337765,3.5717,141.118,218.706,173.34
7.62069,203.207,78.0989,0.124048,1718.17,0.0204862,4.15026,162.621,242.793,206.148
7.46429,164.738,54.6336,0.074869,698.513,0.0360988,3.71913,163.321,240.905,212.748
6.59091,135.682,39.0689,0.0623455,487.076,0.036025,3.60798,179.909,243.386,224.118
4.66667,226.833,75.7165,0.144517,2383.7,0.0225583,4.22635,167.833,246.417,211.864
9.7,170.833,66.2271,0.06783,549.623,0.0357733,3.65262,145.767,235.633,199.18
0,0,0,0,0,0,0,0,0,0
3.33333,58.9444,10.5661,0.0188139,65.8922,0.1467,2.47008,220.889,248.806,244.236
5.09259,118.704,29.1083,0.0484926,331.671,0.0550944,3.34597,189.259,244.389,230.412
0,0,0,0,0,0,0,0,0,0
4.16667,94.7917,17.6482,0.0291625,148.502,0.0970667,2.8584,203.312,246.771,238.285
2.06098,8.34146,2.79864,0.0014061,1.39518,0.689722,0.613205,245.207,250,248.528
0,0,0,0,0,0,0,0,0,0
