1.384681299999999915e+01 -1.159213699999999925e+01
1.412415299999999974e+01 -4.682929999999999815e+00
-2.372333899999999929e+01 1.105684399999999989e+01
7.279970000000000052e-01 -4.111977000000000437e+00
-2.772762099999999919e+01 -2.074799000000000149e+01
-3.404698999999999920e+00 -2.917454299999999989e+01
-1.060891600000000068e+01 -3.907884200000000163e+01
-2.808322499999999877e+01 -2.012256100000000103e+01
-1.837560500000000019e+01 1.996511100000000027e+01
-1.672120999999999924e+01 -8.893387999999999849e+00
-4.657678999999999903e+00 -3.239655299999999727e+01
-1.626529899999999884e+01 -2.891106600000000171e+01
2.234698999999999991e+00 -6.901314000000000171e+00
-9.341964000000000823e+00 1.779256200000000021e+01
-1.986484000000000094e+01 -2.178133400000000108e+01
2.239533199999999979e+01 -3.157101099999999860e+01
6.411023000000000138e+00 -7.178809000000000218e+00
-3.718625300000000067e+01 2.639305999999999930e+00
-2.786309100000000072e+01 -3.307247900000000129e+01
7.595869999999999678e+00 -1.830888900000000064e+01
1.409689799999999948e+01 -9.298453000000000301e+00
-1.096293900000000043e+01 -3.659267400000000237e+01
9.190255999999999759e+00 -2.790401299999999907e+01
-3.771335999999999800e+00 -3.288369399999999843e+01
-2.722624799999999823e+01 -9.115684999999999150e+00
2.537320100000000167e+01 -4.425080000000000346e+00
1.618782600000000116e+01 -1.593466600000000000e+01
1.816280000000000072e+01 -3.271961199999999792e+01
8.970530000000000115e+00 -2.913505899999999826e+01
-3.232794200000000018e+01 -1.055267100000000013e+01
-3.437356199999999973e+01 -7.142044000000000281e+00
-4.056073999999999735e+00 2.479197699999999926e+01
1.018147100000000016e+01 -1.737632599999999883e+01
-1.198013699999999915e+01 -3.985691500000000076e+01
-1.195448400000000078e+01 2.353338600000000014e+01
-4.634479999999999933e+00 -6.829995000000000260e+00
1.579242099999999915e+01 -1.109571099999999966e+01
2.198862600000000000e+01 -2.863138000000000005e+01
-1.188940599999999925e+01 -3.594532000000000238e+01
1.408409999999999940e-01 -6.931345000000000312e+00
5.088356000000000101e+00 -1.201816700000000004e+01
-3.405025999999999886e+00 -3.733098199999999878e+01
-1.233431900000000070e+01 1.653244400000000169e+01
-1.007213600000000042e+01 -3.164664499999999947e+01
-1.149879699999999971e+01 9.643202999999999747e+00
3.191544299999999978e+01 -3.336708099999999888e+01
-4.080841999999999636e+00 9.238766999999999285e+00
1.171584200000000031e+01 -8.672926999999999609e+00
-1.589344900000000038e+01 2.689141499999999851e+01
1.141750299999999996e+01 -1.531034299999999959e+01
-1.101801099999999956e+01 -9.591349999999999598e-01
-5.523259000000000363e+00 -1.464023000000000074e+00
1.276483900000000027e+01 -2.970373299999999972e+01
2.064578799999999958e+01 -3.029056999999999888e+00
2.471839999999999871e-01 -3.233210799999999807e+01
3.425389999999999824e-01 -2.998124899999999826e+01
-3.177394699999999972e+01 -2.787280799999999914e+01
-2.632868600000000114e+01 2.460345999999999833e+01
-2.073805400000000176e+01 1.467179999999999873e-01
-1.568781500000000051e+01 9.324077000000000837e+00
-1.903198199999999929e+01 -2.190599999999999839e-02
2.591739700000000113e+01 -2.938059200000000004e+01
2.540943899999999900e+01 -2.197900399999999976e+01
2.003317300000000145e+01 2.876412000000000191e+00
-1.697883600000000115e+01 -3.030625699999999867e+01
1.714381399999999900e+01 -1.750881800000000155e+01
-1.702599700000000027e+01 -3.712218500000000176e+01
-1.437677200000000077e+01 -9.206528000000000489e+00
-1.450397800000000004e+01 1.254849600000000009e+01
-3.780190000000000161e+00 -2.819275100000000123e+01
9.983268000000000697e+00 -9.995628999999999209e+00
3.009685100000000091e+01 -3.468099999999999739e+01
-2.142612300000000047e+01 -3.681477699999999942e+01
-1.634479000000000015e+00 1.252899000000000029e+01
4.326365000000000016e+00 -4.228453400000000073e+01
2.001563300000000112e+01 -2.353038400000000152e+01
2.859458499999999859e+01 9.568240000000000078e-01
-3.019835899999999995e+01 -3.443177800000000133e+01
2.145118300000000033e+01 -3.857107899999999745e+01
-2.032513399999999848e+01 -3.216104500000000144e+01
-1.120022999999999946e+01 -3.165828300000000084e+01
2.571425000000000072e+00 -2.960349100000000178e+01
2.049784899999999865e+01 -2.452339699999999922e+01
2.688886499999999913e+01 -2.605921599999999927e+01
7.179446999999999690e+00 -3.242409500000000122e+01
2.257010299999999958e+01 -1.798328800000000172e+01
2.947076600000000113e+01 -2.786036899999999861e+01
-1.891022900000000107e+01 -3.332553899999999913e+01
2.647025999999999879e+00 1.220112699999999961e+01
5.408225999999999978e+00 -3.958598700000000292e+01
-8.403480000000000061e+00 3.843395999999999813e+00
1.999879800000000074e+01 -3.953107800000000083e+01
-1.286969799999999964e+01 4.250665999999999833e+00
-1.453076100000000004e+01 -9.958448999999999884e+00
-1.547637300000000060e+01 -1.001995100000000072e+01
-1.321367000000000047e+01 1.403467299999999973e+01
1.282134800000000041e+01 -2.585454199999999858e+01
1.116524700000000081e+01 -2.058343999999999951e+00
8.724626999999999910e+00 -3.467595299999999980e+01
2.432641200000000126e+01 -3.194656399999999863e+01
-1.732863000000000042e+01 1.437725700000000018e+01
2.684419300000000064e+01 -3.362330200000000247e+01
-1.510910999999999893e+00 -3.021419699999999864e+01
2.499842800000000054e+01 -3.724397000000000180e+00
-2.450832700000000131e+01 -3.145125200000000021e+01
-2.581012300000000081e+01 -2.552600299999999933e+01
-2.290060799999999830e+01 -4.409163000000000388e+00
-3.074348300000000123e+01 -1.776902199999999965e+01
2.203979899999999859e+01 -8.795076999999999146e+00
2.123436699999999888e+01 -2.124688300000000041e+01
1.493850600000000028e+01 -1.578545399999999965e+01
-2.062482800000000083e+01 -3.317292799999999886e+01
1.203728699999999918e+01 -5.334094999999999587e+00
-5.343054000000000414e+00 4.677103999999999928e+00
-1.674002300000000076e+01 -2.488590800000000058e+01
-1.070301000000000080e+01 7.172502999999999851e+00
-2.602736900000000020e+01 -5.217976000000000170e+00
1.020862999999999943e+01 1.498471900000000012e+01
-3.735708999999999946e+00 -4.298927700000000129e+01
-2.244909499999999980e+01 -3.266275799999999663e+01
1.490210399999999957e+01 -7.748095000000000176e+00
-2.814492999999999867e+01 4.628467999999999805e+00
3.111727099999999879e+01 -1.401904099999999964e+01
1.798669200000000146e+01 3.647351000000000010e+00
-3.254009200000000135e+01 -8.337383000000000877e+00
-2.033930199999999999e+01 -3.926781499999999880e+01
-9.556893999999999778e+00 -7.669817000000000107e+00
2.388992700000000013e+01 -1.393108900000000006e+01
-1.881669399999999825e+01 2.232991200000000021e+01
-6.702558999999999934e+00 1.966688699999999912e+01
4.661666999999999561e+00 -4.109216700000000344e+01
-1.774787900000000107e+01 1.559376699999999971e+01
-1.100594700000000081e+01 -4.278744499999999817e+01
-1.273462600000000045e+01 -2.775746200000000030e+01
1.281188700000000047e+01 -1.017716899999999924e+01
2.641879099999999880e+01 -5.442135000000000389e+00
6.566227999999999732e+00 -5.685332999999999970e+00
2.007618300000000033e+01 -5.819093999999999767e+00
2.494412600000000069e+01 -1.428166399999999925e+01
-7.351803000000000310e+00 1.126759700000000031e+01
2.767144800000000160e+01 -2.143799800000000033e+01
-2.449415999999999816e+00 6.626469999999999860e-01
-2.666595299999999824e+01 -9.156693999999999889e+00
2.840726899999999944e+01 -4.894862999999999964e+00
-2.181108100000000150e+01 -3.545575699999999841e+01
-3.101723999999999926e+00 -1.572917699999999996e+01
-2.360544000000000153e+01 -3.694075399999999831e+01
1.417767100000000013e+01 6.686280000000000001e+00
1.396582700000000088e+01 -6.563303000000000331e+00
-1.600326199999999943e+01 1.488216999999999901e+00
5.322747999999999813e+00 -2.644078599999999923e+01
-3.499656300000000186e+01 -1.981418199999999885e+01
-2.362808400000000120e+01 1.173728000000000016e+01
1.086256299999999975e+01 -2.925108499999999978e+01
1.116878799999999927e+01 -2.557412499999999866e+01
-2.318017800000000150e+01 1.560307000000000066e+01
-6.683152999999999899e+00 -3.445249599999999646e+01
-1.951907999999999976e+00 -1.728674000000000044e+00
-2.986689799999999906e+01 1.024069199999999924e+01
-1.028036499999999975e+01 2.063098899999999958e+01
2.457692899999999980e+01 -1.716015200000000007e+01
-1.988411500000000132e+01 -2.984397500000000036e+01
5.061282000000000281e+00 -2.511515800000000098e+01
-3.195259999999999767e-01 -3.094596699999999956e+01
-3.209899500000000216e+01 -5.287367999999999846e+00
1.402900299999999945e+01 4.611417000000000321e+00
-2.610212100000000035e+01 1.153035400000000088e+01
-5.485418000000000127e+00 -2.939599999999999991e-01
-3.909847000000000072e+00 -1.326583399999999990e+01
-2.106911300000000153e+01 -3.240086399999999855e+01
-9.060693000000000552e+00 -8.672945000000000348e+00
-7.541348000000000162e+00 -2.891154999999999919e+00
-1.115775499999999987e+01 -3.719211599999999862e+01
-1.843598899999999929e+01 -3.288075299999999856e+01
-8.261520000000000863e+00 2.112563700000000111e+01
-5.354212999999999667e+00 1.575564800000000076e+01
3.141856399999999994e+01 -3.430095299999999980e+01
9.626326999999999856e+00 -3.196894800000000103e+01
-1.041041899999999920e+01 5.934611000000000303e+00
3.669893000000000072e+00 1.572329500000000024e+01
-1.375691999999999915e+01 -1.351838200000000079e+01
7.282150999999999819e+00 3.541100000000000136e+00
-1.804303000000000168e+01 -3.524383499999999714e+01
-4.802290000000000170e+00 -3.224060099999999807e+01
-6.857558000000000042e+00 -3.685109700000000288e+01
-1.439637399999999978e+01 -3.272418199999999899e+01
-2.492222200000000143e+01 1.124994399999999928e+01
2.129855699999999885e+01 -2.250769000000000020e+01
-3.457400499999999965e+01 -3.567025000000000112e+00
-2.419171499999999853e+01 4.839889999999999581e+00
-1.407378000000000018e+00 -4.433449900000000099e+01
8.882210999999999856e+00 -3.470273600000000158e+01
-8.141253999999999991e+00 -3.740595600000000331e+01
2.716565299999999894e+01 -2.978211200000000147e+01
-2.295204499999999825e+01 -2.984903500000000065e+01
-2.365268100000000118e+01 1.273911299999999969e+01
-8.129120000000000346e+00 -4.140536500000000331e+01
2.667026699999999906e+01 -4.206654999999999589e+00
1.750295399999999901e+01 -1.043417600000000078e+01
-2.381160900000000069e+01 -1.708151799999999909e+01
1.612980999999999998e+00 1.322558700000000087e+01
-3.734444400000000286e+01 -3.763429999999999831e-01
2.884617199999999926e+01 -1.594020500000000062e+01
-1.965626000000000095e+00 -1.582257999999999942e+00
1.820944400000000130e+01 -8.539847999999999217e+00
-2.856076999999999977e+00 -1.013911999999999924e+00
1.833883700000000161e+01 -3.495012299999999783e+01
-1.033954000000000040e+00 1.150378300000000031e+01
4.280788000000000260e+00 1.723252999999999924e+00
5.405776000000000359e+00 -1.224152100000000054e+01
-1.832727200000000067e+01 3.980912000000000006e+00
2.399550199999999833e+01 -5.666686999999999585e+00
2.678409999999999958e-01 6.215937000000000268e+00
3.236754200000000026e+01 -5.779399999999999871e+00
-1.476762399999999964e+01 1.223904199999999953e+01
-1.294890799999999942e+01 -4.199635299999999916e+01
-1.657569700000000168e+01 1.065200100000000027e+01
-1.435581299999999949e+01 -2.206287599999999927e+01
-3.081408000000000147e+00 7.293972000000000122e+00
2.035475699999999932e+01 3.118675999999999782e+00
1.989142800000000122e+01 1.440366999999999953e+00
-1.290580899999999964e+01 4.956325999999999787e+00
-1.834527399999999986e+01 4.856320000000000081e-01
3.506330999999999865e+00 7.744315000000000282e+00
-6.565339999999999510e-01 1.745037800000000061e+01
1.749405099999999891e+01 -2.040467999999999904e+01
2.870725099999999941e+01 -1.385802400000000034e+01
1.909203499999999920e+01 -2.519075000000000131e+01
1.890245399999999876e+01 -3.380592000000000041e+01
-1.373349800000000087e+01 -6.820840999999999710e+00
-1.528487299999999927e+01 1.408164200000000044e+01
1.732746300000000161e+01 -2.893154300000000134e+01
-1.613623799999999875e+01 7.622931000000000346e+00
-1.873486499999999921e+01 1.315229500000000051e+01
1.655894299999999930e+01 -1.675858099999999951e+01
-2.741474999999999884e+00 -1.636119300000000010e+01
-3.499927000000000010e+00 -4.174831799999999760e+01
-9.064690999999999832e+00 2.199349600000000038e+01
2.851947399999999888e+01 -1.258458500000000058e+01
-1.946895599999999860e+01 -3.258819600000000349e+01
-2.113944800000000157e+01 -1.042865800000000043e+01
-3.224214200000000119e+01 -1.442826200000000014e+01
3.121989000000000125e+00 -2.974759099999999989e+01
1.610881399999999886e+01 -2.251982100000000031e+01
2.503897900000000121e+01 -1.348759000000000041e+00
-1.627245699999999928e+01 5.293351999999999613e+00
-7.053671999999999720e+00 -9.836931999999999121e+00
2.404925300000000021e+01 -3.309491700000000236e+01
-4.940718000000000387e+00 1.222704700000000066e+01
1.599002999999999952e+00 1.187365699999999968e+01
2.117222999999999900e+01 -1.413311500000000009e+01
-1.412410400000000088e+01 2.493905799999999928e+01
-2.790058300000000102e+01 1.560559699999999950e+01
2.752524899999999874e+01 -1.702451299999999890e+01
-3.451530499999999790e+01 1.763430400000000020e+01
1.269200400000000073e+01 -5.157282000000000366e+00
-6.199538000000000437e+00 1.312192100000000039e+01
-2.186650799999999961e+01 1.840022000000000046e+00
2.905994799999999856e+01 -1.407991600000000076e+01
1.894025800000000004e+01 -3.206402999999999892e+00
-1.985105300000000028e+01 -3.272584499999999963e+01
2.634119799999999856e+01 -1.888430800000000076e+01
-1.279259799999999991e+01 1.457300200000000068e+01
-2.809260700000000099e+01 8.218412000000000717e+00
-2.176387799999999828e+01 1.376338499999999954e+01
8.006629000000000218e+00 -3.188926299999999969e+01
3.121534700000000129e+01 -2.268223199999999906e+01
1.781038699999999864e+01 -8.440086000000000865e+00
4.489215999999999873e+00 -1.339212200000000053e+01
-2.070547699999999836e+01 1.270868300000000062e+01
-2.125200099999999992e+01 2.333127000000000173e+00
-2.036792999999999854e+00 -1.878715299999999999e+01
7.308548000000000044e+00 1.078903299999999987e+01
-1.109550499999999928e+01 4.470449999999999591e+00
2.790633999999999837e+00 -1.378396000000000043e+01
-1.831944000000000017e+00 8.636046999999999585e+00
-1.282098300000000002e+01 2.531347500000000039e+01
-3.043604300000000151e+01 -5.236500999999999628e+00
-1.329792600000000036e+01 1.807248500000000035e+01
1.063455599999999990e+01 3.472347000000000072e+00
1.241031800000000018e+01 -1.403518500000000024e+01
2.032467300000000066e+01 -6.456190999999999569e+00
-1.347503500000000010e+01 1.014118500000000012e+01
1.162686799999999998e+01 -4.727239999999999776e-01
-3.860779600000000045e+01 -2.127564399999999978e+01
2.001322400000000101e+01 -2.171727900000000133e+01
-1.856160200000000060e+01 1.727463499999999996e+01
3.126070800000000105e+01 -1.351188000000000056e+00
-3.753179200000000293e+01 -1.660481499999999855e+01
-3.246579999999999799e+00 -4.408659399999999806e+01
-2.648513399999999862e+01 9.264393999999999352e+00
2.333137899999999831e+01 -2.225193399999999855e+01
9.056793000000000760e+00 -1.394028999999999918e+01
2.230657799999999824e+01 -6.073371999999999993e+00
2.780618700000000132e+01 -1.995585600000000071e+01
-1.760644500000000079e+01 -2.750480100000000050e+01
-2.976695099999999883e+01 -2.658180000000000121e+01
2.395038800000000023e+01 -1.786852800000000130e+01
-9.780096000000000345e+00 -1.460676199999999980e+01
2.520040499999999994e+01 -3.375656099999999782e+01
-1.450262299999999982e+01 1.385831000000000035e+00
-1.503871600000000086e+01 1.469059099999999951e+01
-2.009563800000000100e+01 5.195782000000000345e+00
9.452049999999999841e+00 -1.328137399999999957e+01
-3.175234999999999985e+01 1.404561900000000030e+01
-1.935390699999999953e+01 -1.762880000000000003e+00
-2.649334100000000092e+01 1.144717400000000040e+01
-9.907415999999999556e+00 4.230101000000000333e+00
-5.116518000000000121e+00 -2.578083600000000075e+01
-2.769909900000000036e+01 8.960623999999999256e+00
-2.255613100000000060e+01 -1.672165499999999838e+01
2.920419499999999857e+01 -1.774226000000000170e+01
-2.626150499999999965e+01 1.198996400000000051e+01
2.506211100000000158e+01 -1.662441799999999859e+01
-3.189728900000000067e+01 -9.449932999999999694e+00
3.113370999999999889e+00 -1.493021399999999943e+01
1.927175000000000082e+00 -2.023299599999999998e+01
-1.304916599999999960e+01 1.689357800000000154e+01
1.938711899999999844e+01 -2.239035399999999854e+01
2.113367999999999913e+00 3.310675999999999952e+00
-1.764838200000000157e+01 -3.190976300000000165e+01
2.389689399999999964e+01 -2.506658600000000092e+01
-2.165457299999999918e+01 -1.305363999999999969e+01
-1.801122700000000165e+01 -3.535735300000000336e+01
1.678501899999999836e+01 -2.296654499999999999e+01
-1.637421000000000149e+01 -1.544666899999999998e+01
-8.733688000000000784e+00 -6.855757999999999797e+00
2.118976200000000176e+01 -3.895262499999999761e+01
-8.149440000000000239e+00 -2.370468699999999984e+01
2.718758999999999926e+00 1.703943800000000053e+01
2.004334100000000163e+01 -2.255224600000000024e+01
7.835169999999999746e+00 -2.305872300000000052e+01
-1.328891600000000039e+01 -3.863616600000000290e+01
-4.186980000000000146e-01 8.926028999999999769e+00
-2.996666899999999956e+01 1.152598399999999934e+01
-2.434252499999999841e+01 -3.794702900000000056e+01
-4.764699000000000240e+00 -1.162554399999999966e+01
2.914690600000000131e+01 -1.743855299999999886e+01
1.910680400000000034e+01 1.726804999999999923e+00
2.146721300000000099e+01 -3.828350400000000064e+01
2.241318100000000157e+01 -2.399408000000000030e+01
1.192360799999999976e+01 -7.877782999999999980e+00
-6.326969999999999539e-01 -1.524345399999999984e+01
1.700619000000000103e+00 -7.879260000000000375e+00
-2.538099899999999920e+01 -3.488148100000000085e+01
-1.190921100000000088e+01 2.000296600000000069e+01
-8.782648999999999262e+00 -1.701287100000000052e+01
2.754008100000000070e+01 1.738129999999999953e+00
-3.565972500000000167e+01 -2.619108599999999853e+01
3.632019999999999804e+00 -2.218354000000000159e+00
2.578345000000000109e+00 4.911756999999999707e+00
-8.191306000000000864e+00 1.973527299999999940e+01
-2.547534000000000187e+00 -7.554965000000000153e+00
-6.998600000000000376e-01 -1.102937900000000049e+01
-2.422109199999999873e+01 -1.221607599999999927e+01
-1.039507599999999954e+01 1.468219700000000039e+01
-1.480272399999999955e+01 -3.724239299999999986e+01
-2.801062599999999847e+01 -1.817610000000000170e+01
1.776736500000000163e+01 -1.370872499999999938e+01
2.455601499999999859e+01 -7.203850000000000087e+00
-3.004165300000000016e+01 1.515637800000000013e+01
2.087899000000000171e+01 3.724762999999999824e+00
9.523004999999999498e+00 -2.822082100000000082e+01
-3.173518599999999878e+01 -8.926109000000000293e+00
-3.032263599999999926e+01 -3.250641600000000153e+01
-2.986840099999999865e+01 -2.141987400000000008e+01
2.316683799999999849e+01 -1.154723100000000002e+01
-7.392499999999999627e-01 -8.789711000000000496e+00
2.336932399999999888e+01 -2.797884399999999872e+01
-1.706063699999999983e+01 2.158979599999999976e+01
-5.045830000000000037e-01 2.060737800000000064e+01
-1.509855699999999956e+01 -1.211025099999999988e+01
-9.919850000000000279e+00 -4.773184999999999789e+00
1.173355100000000029e+01 -2.040685699999999869e+01
-1.648366700000000051e+01 -7.528274999999999828e+00
-1.103360000000000035e-01 -3.277331900000000076e+01
-9.264335000000000875e+00 -3.926997399999999772e+01
-1.512820100000000068e+01 -7.434248000000000189e+00
-1.706722999999999857e+01 1.570241999999999916e+00
4.936929000000000123e+00 -3.922703599999999824e+01
-1.049966200000000072e+01 3.601303999999999839e+00
-2.524374399999999952e+01 1.422707699999999953e+01
-1.734537299999999860e+01 -4.197558200000000284e+01
-1.034490300000000040e+01 8.449223999999999180e+00
-1.505125199999999985e+01 2.711391300000000015e+01
-1.005169500000000049e+01 1.027229499999999973e+01
-2.530272300000000030e+01 7.290751000000000204e+00
-1.834894600000000153e+01 1.135656299999999952e+01
1.056059100000000051e+01 -4.117377900000000324e+01
-2.594597100000000012e+01 -2.558173000000000030e+00
9.134149000000000740e+00 -2.260340899999999920e+01
2.191916799999999910e+01 -6.232254000000000183e+00
-5.837977999999999668e+00 -1.141950000000000021e+00
-3.006985099999999989e+01 7.472252000000000116e+00
-2.128148699999999849e+01 1.550675599999999932e+01
-2.070900500000000122e+01 -8.909000000000000252e-03
3.366437100000000271e+01 -1.607524499999999890e+01
5.281978999999999758e+00 -5.984008000000000216e+00
-2.541043300000000116e+01 -3.511433399999999949e+01
-1.153276400000000024e+01 -1.690299800000000019e+01
1.376204199999999922e+01 -8.015057000000000542e+00
-2.621971999999999969e+00 -2.996530200000000121e+01
-1.516004799999999975e+01 -1.006909300000000052e+01
-1.101200099999999971e+01 -3.680338299999999663e+01
2.143522300000000058e+01 -2.446769700000000114e+01
-2.998034699999999830e+01 1.749630000000000152e+01
2.603331000000000017e+01 -4.940170000000000172e+00
-5.505555000000000199e+00 -5.007023000000000224e+00
1.556717000000000084e+01 -1.778806700000000163e+01
-1.581695099999999954e+01 -3.293246500000000054e+01
-4.057605399999999918e+01 -8.695978999999999459e+00
3.134314699999999831e+01 -1.970956400000000031e+01
8.937960999999999601e+00 2.710815999999999892e+00
-2.859877399999999881e+01 -2.159910800000000108e+01
-2.028212200000000109e+01 -3.549840199999999868e+01
-8.832781000000000660e+00 1.731986200000000053e+01
-2.258749600000000157e+01 -8.011934999999999363e+00
2.253473299999999924e+01 -2.904426000000000130e+01
-2.946222999999999814e+00 -3.114302100000000095e+01
-2.714155799999999985e+01 -4.282504000000000310e+00
-2.033086600000000033e+01 -1.326019400000000026e+01
-1.452919999999999945e+01 6.271443999999999797e+00
2.171214700000000164e+01 -4.067710499999999740e+01
-1.559053000000000022e+00 -4.218599700000000041e+01
-2.449025699999999972e+01 -3.270681799999999839e+01
3.822344999999999882e+00 -3.868109100000000211e+01
1.909158700000000053e+01 -4.081960000000000033e-01
6.769549999999999734e-01 -1.158102200000000082e+01
-9.373632000000000630e+00 5.803054000000000379e+00
2.099330499999999944e+01 -2.616289899999999946e+01
-2.863470500000000030e+01 9.517419000000000295e+00
-8.556430000000000646e+00 9.861653000000000446e+00
-2.771886399999999995e+01 1.525752100000000056e+01
4.996824000000000154e+00 -1.635101299999999824e+01
-1.946458200000000005e+01 1.960941899999999904e+01
-3.136705999999999861e+01 -1.293743199999999938e+01
2.403375799999999884e+01 -1.200071400000000033e+01
3.758493000000000084e+00 -7.119716000000000378e+00
-2.840840299999999985e+01 -2.203653100000000009e+01
2.506262800000000013e+01 -2.751932700000000054e+01
5.400446999999999775e+00 -3.119705599999999990e+01
-2.273493000000000208e+00 3.609058000000000099e+00
2.598366499999999846e+01 -1.654774700000000109e+01
-2.434114800000000045e+01 1.845994400000000013e+01
-1.490877200000000080e+01 1.948110799999999898e+01
-1.168870500000000057e+01 2.281556999999999835e+00
4.715906000000000375e+00 -1.010530699999999982e+01
-2.342829000000000050e+00 -9.444470000000000365e-01
-2.779990600000000001e+01 -3.426184800000000052e+01
8.449189999999999756e-01 -2.477931200000000089e+01
3.728482000000000074e+00 -2.316404899999999856e+01
-1.718780500000000089e+01 3.367982000000000031e+00
-1.255769800000000025e+01 4.328165000000000262e+00
-2.544516199999999984e+01 1.261257400000000040e+01
1.722630699999999848e+01 -2.663728100000000154e+01
2.138516999999999868e+01 3.375316999999999901e+00
-1.271065899999999971e+01 6.442241000000000106e+00
-2.667457999999999885e+01 1.631328999999999851e+01
-2.336650500000000008e+01 2.452142999999999962e+00
-2.596775399999999934e+01 -1.074510199999999926e+01
-7.651714000000000127e+00 -1.733404499999999970e+01
3.209355200000000252e+01 -2.346393600000000035e+01
-1.846761100000000155e+01 -9.626352000000000686e+00
-8.339788999999999675e+00 2.498491699999999938e+01
3.150120499999999879e+01 -6.575075000000000003e+00
-5.726205000000000211e+00 -1.625414500000000118e+01
1.565849399999999925e+01 -1.484495399999999954e+01
2.519171899999999908e+01 -1.761573399999999978e+01
-2.594803800000000038e+01 2.131039200000000022e+01
1.648712199999999939e+01 -3.094894000000000034e+01
2.766236299999999915e+01 -2.610482999999999976e+01
-2.074420500000000089e+01 1.779333000000000053e+00
-1.668529900000000055e+01 1.581790999999999947e+00
2.622522199999999870e+01 -1.468715699999999913e+01
-2.762403700000000129e+01 4.767877999999999616e+00
2.464785399999999882e+01 -1.610306200000000132e+01
-2.034696800000000039e+01 1.152833999999999914e+00
7.810698999999999614e+00 -1.020545199999999930e+01
-1.016226100000000088e+01 -3.133024599999999893e+01
1.116396600000000028e+01 -2.452677900000000122e+01
1.769038799999999867e+01 -1.072864500000000021e+01
2.814262799999999842e+01 -1.163252999999999915e+01
-7.485000999999999571e+00 -1.532250400000000035e+01
1.244472599999999929e+01 -2.667147599999999841e+01
-1.901942299999999975e+01 1.449222299999999919e+01
-1.049684799999999996e+01 1.740194299999999927e+01
1.436742600000000003e+01 6.893721000000000210e+00
-2.116985899999999887e+01 2.165145100000000156e+01
-4.945860000000000256e-01 1.610180099999999825e+01
-5.869409000000000098e+00 1.043557299999999977e+01
-1.263156700000000043e+01 1.977067800000000020e+01
1.967579699999999931e+01 -3.461594399999999894e+01
1.224144300000000030e+01 -2.665753000000000128e+01
-1.429430600000000062e+01 3.122014000000000067e+00
2.770492199999999983e+01 -3.254236600000000124e+01
6.545048000000000421e+00 -3.518655799999999800e+01
2.327872500000000144e+01 -2.340689100000000167e+01
-3.135135700000000014e+01 -2.150122500000000159e+01
3.676051999999999875e+00 -4.154769900000000149e+01
-8.681599000000000288e+00 -3.503794899999999757e+01
-2.075341799999999992e+01 -3.440365599999999802e+01
1.037762700000000038e+01 -2.159676699999999983e+01
-1.986734999999999829e+01 -2.997499799999999937e+01
-3.426390099999999705e+01 -1.984624900000000025e+01
2.048322299999999885e+01 2.908278000000000141e+00
2.828905500000000117e+01 -2.501931400000000139e+01
-1.071345600000000076e+01 -5.626069999999999682e-01
7.660586000000000340e+00 -1.628762400000000099e+01
3.109939999999999927e-01 -2.685307900000000103e+01
-1.553403800000000068e+01 -3.360086400000000140e+01
-3.269573199999999957e+01 -1.431859599999999944e+01
-3.691814800000000218e+01 -2.590987600000000057e+01
-6.820515999999999579e+00 -4.097008900000000153e+01
-2.486856099999999969e+01 -2.829103500000000082e+01
6.240834000000000437e+00 -3.748819000000000301e+01
2.245570000000000022e+01 -3.911920200000000136e+01
-2.277646100000000118e+01 1.206864999999999988e+01
-1.589931400000000039e+01 -5.816695000000000171e+00
-4.630003999999999564e+00 -1.184886200000000045e+01
-3.300999099999999942e+01 1.904600999999999988e+00
-2.252275799999999961e+01 -8.437148999999999788e+00
-2.405258900000000111e+01 1.028164199999999973e+01
-6.871042000000000094e+00 -3.945879399999999748e+01
-2.035174400000000006e+01 1.433156600000000047e+01
-5.684661000000000186e+00 2.468020599999999831e+01
-1.872530199999999923e+01 -2.985795800000000000e+01
-2.952061099999999882e+01 3.609116000000000213e+00
-6.074563000000000379e+00 -6.381217999999999613e+00
-1.168224000000000018e+01 2.170317100000000110e+01
-1.900721400000000116e+01 2.335984799999999950e+01
-1.106997900000000001e+01 -2.292266300000000001e+01
1.712020100000000156e+01 2.470995999999999970e+00
-2.902014399999999839e+01 2.146565800000000124e+01
-2.496441700000000097e+01 -2.870106499999999983e+01
-2.827953899999999976e+01 2.450110000000000066e-01
-1.197353599999999929e+01 2.980059999999999931e+00
1.852592100000000030e+01 -2.113312700000000177e+01
-2.592622599999999977e+01 -5.029694000000000109e+00
-1.309716899999999917e+01 -2.592130500000000026e+01
1.691219999999999946e+00 -2.413065100000000029e+01
1.583537100000000031e+01 -1.301646500000000017e+01
-3.793349999999999778e-01 -7.575808999999999571e+00
-1.139896500000000046e+01 2.385192500000000138e+01
3.218525000000000080e+00 -3.794929499999999933e+01
1.790565099999999887e+01 -1.808189000000000135e+01
-1.259780000000000066e-01 -4.594206999999999930e+00
-1.398570800000000069e+01 -3.211337300000000283e+01
8.606944000000000372e+00 -2.977062000000000097e+00
-2.756627699999999948e+01 -1.393761300000000070e+01
-5.191149999999999931e-01 -1.909899300000000011e+01
-3.330370000000000275e-01 1.922539700000000096e+01
-8.409497999999999251e+00 1.653674699999999831e+01
2.969115400000000093e+01 -2.140478099999999984e+01
2.710299499999999995e+01 1.857795000000000085e+00
-1.115593199999999996e+01 2.559978699999999918e+01
-8.972909999999999497e-01 -4.199536100000000260e+01
-1.320408199999999965e+01 2.417060999999999993e+01
-2.499476399999999998e+01 2.280289999999999928e+00
2.645824100000000101e+01 -3.470062999999999676e+01
-3.673414199999999852e+01 -2.033317900000000122e+01
-2.868442299999999889e+01 6.594535999999999731e+00
-1.417873900000000020e+01 2.682203700000000168e+01
6.841878999999999600e+00 -3.960460000000000091e-01
-1.901388499999999837e+01 -2.333663000000000043e+00
3.173605999999999927e+00 -3.562325299999999828e+01
-7.710396000000000249e+00 2.234831399999999846e+01
-2.376120200000000082e+01 1.517590099999999964e+01
1.581696499999999972e+01 -2.370255900000000082e+01
-1.216441700000000026e+01 -2.923720000000000141e+01
-2.497684100000000029e+01 -2.116654000000000124e+01
-1.494827000000000083e+01 8.942214999999999137e+00
7.276330999999999882e+00 -4.147507499999999681e+01
-2.630350000000000188e-01 1.654452900000000071e+01
-4.460970000000000213e-01 -5.158101000000000269e+00
-1.933493999999999957e+01 1.322009999999999907e+00
-7.889567000000000441e+00 -9.845299000000000689e+00
2.832720799999999883e+01 -9.648813000000000528e+00
-1.395975199999999994e+01 -9.758594999999999686e+00
-3.462979999999999947e-01 -5.828178000000000303e+00
6.968407000000000018e+00 -1.527529299999999957e+01
-2.680924999999999869e+01 1.859084500000000162e+01
-1.920914799999999900e+01 2.185527199999999937e+01
6.274548000000000236e+00 -4.188811900000000321e+01
3.647950999999999944e+00 -3.634137299999999726e+01
-2.100657299999999950e+01 2.148620000000000019e+01
1.992360299999999995e+01 5.726651000000000380e+00
-2.814248800000000017e+01 8.351072000000000273e+00
-1.679035400000000067e+01 -3.631752800000000292e+01
2.653082799999999963e+01 -2.358499000000000123e+00
1.433804000000000078e+00 -1.232304099999999991e+01
2.262827700000000064e+01 -6.307780000000000165e+00
9.614701000000000164e+00 -1.955747799999999970e+01
1.450317100000000003e+01 -4.265301099999999934e+01
-2.291629999999999967e+01 9.950779000000000707e+00
-1.754511499999999913e+01 -1.405409399999999920e+01
7.087308000000000163e+00 -3.645614599999999683e+01
5.678722999999999743e+00 -2.915729999999999933e+00
2.613725000000000076e+00 -1.649145700000000048e+01
2.410885999999999996e+01 -2.345261999999999958e+01
-2.181054699999999968e+01 1.483945100000000039e+01
-2.974152600000000035e+01 1.981764000000000081e+01
2.286567700000000158e+01 1.460121999999999920e+00
-2.736500399999999900e+01 9.454360000000000541e-01
1.437776299999999985e+01 -7.790784000000000376e+00
-1.338125600000000048e+01 -1.333149099999999976e+01
2.776656000000000013e+00 -3.898461900000000213e+01
1.810493699999999961e+01 4.043673000000000073e+00
-9.749917999999999196e+00 1.299162100000000031e+01
-7.393459999999999477e-01 4.039289000000000129e+00
1.234015100000000054e+01 -1.031076299999999968e+01
-2.527065299999999937e+01 1.430289199999999994e+01
-1.806787900000000135e+01 -3.105704100000000167e+01
-2.954993800000000093e+01 -3.594049100000000152e+01
-5.188615000000000421e+00 1.734939400000000020e+01
8.824082000000000647e+00 -1.630500200000000177e+01
-3.297979000000000127e+01 -3.791949999999999932e+00
2.339783100000000005e+01 4.334387999999999685e+00
-2.057524099999999834e+01 -6.393239999999999590e+00
1.138662300000000016e+01 -3.373568699999999865e+01
-1.683659400000000161e+01 1.313886300000000062e+01
-3.541757000000000044e+00 1.570579999999999998e+01
1.117140700000000031e+01 -3.911082100000000139e+01
-1.008866000000000085e+01 -3.591084299999999985e+01
-2.210928900000000041e+01 -3.189981099999999969e+01
-2.824396099999999876e+01 2.441488599999999920e+01
1.847704299999999833e+01 -2.060895199999999861e+01
-8.622358000000000189e+00 2.321595999999999904e+01
-2.415818999999999939e+00 -3.722538800000000236e+01
-1.385404400000000003e+01 -2.888037699999999930e+01
2.081407199999999946e+01 7.619369999999999754e-01
3.972411999999999832e+00 -1.983482700000000065e+01
8.821047999999999334e+00 -2.887464699999999951e+01
-3.643189000000000011e+00 -4.266024800000000283e+01
2.158037600000000111e+01 -3.900428800000000251e+01
-2.080247100000000060e+01 -4.028038399999999797e+01
1.145108999999999932e+00 -2.968780299999999883e+01
1.468565700000000085e+01 -2.822194500000000161e+01
-1.100956099999999971e+01 -1.092446200000000012e+01
3.781287999999999982e+00 8.613538999999999390e+00
3.171330000000000204e+00 -3.864543499999999909e+01
-5.564345000000000319e+00 4.777619999999999756e+00
-1.394719699999999918e+01 2.752136199999999988e+01
-2.688441299999999856e+01 1.327482299999999960e+01
-2.994872099999999904e+01 -1.232031100000000023e+01
-6.373558000000000057e+00 1.390146099999999940e+01
-2.440524500000000074e+01 1.431397199999999970e+01
-9.624662999999999968e+00 9.923458000000000112e+00
-1.435096500000000042e+01 -3.246927999999999770e+01
-1.413070399999999971e+01 1.770192999999999905e+00
2.441020400000000024e+01 -2.197234900000000124e+01
1.671058700000000030e+01 -1.528184500000000057e+01
2.209032099999999943e+01 -2.660834300000000141e+01
2.903763400000000061e+01 -1.841630599999999873e+01
-1.337218900000000055e+01 3.382392999999999983e+00
2.040080599999999933e+01 3.662967999999999780e+00
-9.859026999999999319e+00 1.562663599999999953e+01
2.315888800000000103e+01 -2.965778500000000051e+01
-1.127368399999999937e+01 -9.260203999999999880e+00
2.277621800000000007e+01 -2.275552199999999914e+01
-2.950429199999999952e+01 -2.874832699999999974e+01
1.659637499999999832e+01 -1.472428999999999988e+01
1.127764799999999923e+01 -1.576368000000000080e+01
1.698342500000000044e+01 -6.615751999999999633e+00
-2.066184600000000060e+01 2.605274999999999785e+00
3.060299499999999995e+01 -2.664508400000000066e+01
1.230973200000000034e+01 -2.749805299999999875e+01
2.234252199999999888e+01 -3.610870400000000302e+01
-3.614311999999999969e+00 -3.377288399999999768e+01
8.975134999999999863e+00 -5.978386999999999674e+00
-1.586716000000000015e+01 -3.521592700000000065e+01
-1.353668300000000002e+01 -3.643856399999999951e+01
4.488760000000000083e+00 -2.762668599999999941e+01
-1.396629000000000076e+01 -1.199669199999999947e+01
2.062263099999999838e+01 -1.159418999999999977e+00
-1.832509800000000055e+01 -1.219300199999999990e+01
2.657679600000000164e+01 -3.094634200000000135e+01
1.658439800000000020e+01 -1.988291500000000056e+01
-2.665527200000000008e+01 1.498101199999999977e+01
1.420364700000000013e+01 -6.630799999999999805e+00
-2.230523499999999970e+01 -2.882338000000000022e+01
2.105277799999999999e+01 -1.335867900000000041e+01
-2.448948299999999989e+01 -3.361179700000000281e+01
-1.372276199999999946e+01 2.584574500000000086e+01
1.433582000000000001e+01 -2.051863900000000029e+01
-4.064837999999999951e+00 -1.260226399999999991e+01
2.015639999999999932e-01 1.837248200000000153e+01
-3.666452000000000311e+01 -4.147776000000000352e+00
-7.969178000000000317e+00 1.449752900000000011e+01
2.062197999999999976e+00 -2.929530499999999904e+01
-2.782291800000000137e+01 -8.064038000000000039e+00
-7.697490000000000165e-01 -3.283716600000000341e+01
-1.867770200000000003e+01 2.437044300000000163e+01
-2.223384499999999875e+01 -4.555685999999999680e+00
-2.760637300000000138e+01 -1.298763800000000046e+01
-6.274053000000000324e+00 -3.086259799999999842e+01
-2.155413400000000124e+01 -3.338891999999999882e+01
1.775106800000000007e+01 -1.593459299999999956e+01
2.708849000000000018e+01 -4.923337000000000074e+00
-8.892276000000000735e+00 -1.297886199999999945e+01
8.898863000000000412e+00 -1.847122799999999998e+01
-7.038562999999999903e+00 5.435630999999999879e+00
6.284844999999999793e+00 -5.705478000000000272e+00
-8.927887999999999380e+00 2.237910499999999914e+01
1.747996900000000053e+01 -1.090415600000000040e+01
-1.411185900000000082e+01 5.605940999999999619e+00
-3.182399600000000106e+01 -7.642326999999999870e+00
-6.321673999999999793e+00 7.439530999999999672e+00
-3.175944099999999892e+01 9.725129999999999608e-01
-1.166764700000000055e+01 6.082468999999999681e+00
6.242566000000000059e+00 -4.287715000000000387e+00
2.850443299999999880e+01 -1.149800699999999942e+01
-2.622323799999999849e+01 -2.865273300000000134e+01
2.123887600000000120e+01 -1.441783900000000074e+01
1.025047499999999978e+01 -1.882513000000000147e+01
-3.751785300000000234e+01 -2.467957499999999982e+01
-1.836090700000000098e+01 -3.481415899999999652e+01
7.621697000000000166e+00 2.501149999999999984e+00
-3.448532000000000153e+00 -1.315068100000000051e+01
1.527681100000000036e+01 -3.822521600000000319e+01
-1.883652000000000104e+00 -3.531691000000000003e+01
2.856905000000000072e+01 -1.132896000000000036e+01
-2.006765899999999903e+01 1.314598400000000034e+01
-5.595348000000000432e+00 1.791514199999999946e+01
-1.827331500000000020e+01 1.571382599999999918e+01
-1.202053500000000064e+01 -1.073502000000000045e+01
-1.703031000000000006e+01 -5.505602999999999803e+00
2.019618200000000030e+01 -4.431399999999999922e-02
-8.815737999999999630e+00 -3.339666400000000124e+01
-3.452668400000000304e+01 -1.771846000000000032e+01
1.517600499999999997e+01 -3.579476900000000228e+01
2.262611000000000061e+01 -2.446086899999999886e+01
-1.672486500000000120e+01 1.490682299999999927e+01
2.732976899999999887e+01 -2.776284400000000119e+01
4.559500000000000219e-01 -3.406204199999999815e+01
-2.053039000000000058e+01 -7.686917000000000222e+00
1.790358399999999861e+01 -1.430658599999999936e+01
-2.337485900000000072e+01 2.696337499999999920e+01
1.551390400000000014e+01 1.396750499999999917e+01
-1.896517999999999926e+00 -3.728744499999999817e+01
-3.435136800000000079e+01 -2.641499500000000111e+01
-2.456594799999999879e+01 1.439761200000000052e+01
-3.512502700000000289e+01 -1.795431699999999964e+01
-2.362211999999999890e+01 -3.479811899999999980e+01
-7.673823999999999756e+00 -3.419348500000000257e+01
-9.216046999999999656e+00 -3.351900499999999994e+01
-2.105802299999999860e+01 2.088290999999999897e+01
-1.686093299999999928e+01 3.116778000000000048e+00
-3.939756000000000036e+00 1.076700499999999927e+01
2.142622000000000071e+01 -1.536215400000000031e+01
-2.131101400000000012e+01 1.072488300000000017e+01
5.312044000000000210e+00 -1.159121000000000024e+01
-4.249470999999999776e+00 -3.446047599999999989e+01
-2.176333999999999946e+01 1.376533000000000051e+01
-1.264795100000000083e+01 1.230914800000000042e+01
-1.793599499999999836e+01 1.135944999999999983e+00
2.391650999999999971e+00 1.295104000000000033e+00
-2.767813500000000104e+01 9.794802000000000675e+00
2.496604900000000171e+01 -1.634823400000000149e+01
1.162029700000000076e+01 -3.588466999999999985e+01
-1.512723599999999990e+01 6.901002000000000081e+00
-9.579399000000000441e+00 2.498771299999999940e+01
-2.157798199999999866e+01 1.893516299999999930e+01
2.091270099999999843e+01 3.331547000000000036e+00
-1.567686499999999938e+01 -2.348932800000000043e+01
-1.368088999999999977e+01 6.622383000000000131e+00
-1.944119299999999839e+01 -1.475940399999999997e+01
-2.226886700000000019e+01 8.212688999999999240e+00
1.809141199999999827e+01 -2.694439099999999954e+01
1.406538399999999989e+01 4.425988000000000255e+00
-2.178269799999999989e+01 -7.180947999999999887e+00
-1.796919400000000167e+01 -9.181098999999999677e+00
2.451907699999999934e+01 -3.377915600000000040e+01
-2.702689700000000173e+01 -2.201581399999999888e+01
3.646237000000000172e+00 -4.388828300000000127e+01
-2.400334199999999996e+01 1.399294500000000063e+01
-5.306028999999999662e+00 -9.836990999999999374e+00
6.271912999999999627e+00 -9.283199999999999785e-02
-1.099517400000000045e+01 1.725172399999999939e+01
1.452402400000000071e+01 -2.283459999999999823e+00
-1.952298000000000089e+00 -4.087957399999999808e+01
-1.905365799999999865e+01 -1.297580699999999965e+01
1.096430699999999980e+01 -3.714035799999999909e+01
-2.787357499999999888e+01 -2.233280399999999943e+01
9.733121999999999829e+00 -2.810470199999999963e+01
-2.751572200000000024e+01 -1.823214700000000121e+01
-1.661714900000000128e+01 -3.704189999999999983e-01
5.615332999999999686e+00 -2.501999999999999884e-03
2.599962400000000073e+01 -1.562688999999999950e+01
2.148945799999999906e+01 -2.017498199999999997e+01
7.691689000000000220e+00 1.885178000000000154e+01
1.583101199999999942e+01 -7.500563999999999787e+00
-6.803037999999999919e+00 -6.581700000000000328e-01
-1.593678000000000061e+01 8.340899999999999703e-02
-1.123353299999999955e+01 -2.670161799999999985e+01
-1.835110099999999989e+01 -2.900727699999999842e+01
-2.024394600000000111e+01 2.254960399999999865e+01
1.889163399999999982e+01 -1.795619999999999994e-01
-1.388213999999999970e+01 2.330154999999999887e+01
2.826012400000000113e+01 4.031730000000000036e-01
1.259122799999999920e+01 -6.659841000000000122e+00
-2.062486099999999922e+01 -1.571476599999999912e+01
2.612365899999999996e+01 -1.042437499999999950e+01
-4.948685000000000223e+00 2.227287899999999965e+01
-1.136170000000000080e+01 6.417222999999999900e+00
-1.636351399999999856e+01 2.166670999999999836e+01
2.785444299999999984e+01 -2.822414999999999896e+00
-1.602382300000000015e+01 1.557993100000000020e+01
4.856964999999999755e+00 -4.766574000000000311e+00
-1.213376399999999933e+01 -3.582502999999999993e+00
-2.399376499999999979e+01 -1.763659900000000036e+01
2.568858000000000175e+01 -1.887427500000000080e+01
-2.431622499999999931e+01 -3.257995600000000280e+01
1.482404999999999973e+00 -1.035381500000000088e+01
2.032025499999999951e+01 -1.105748700000000007e+01
-2.243800399999999939e+01 1.489656399999999969e+01
-1.073908300000000082e+01 8.173854999999999649e+00
2.818536800000000042e+01 -1.474085000000000001e+01
-5.535365999999999786e+00 2.499620000000000175e+00
-3.569563699999999784e+01 8.355100999999999445e+00
2.545875900000000058e+01 -3.588135900000000333e+01
2.269362299999999877e+01 -1.818107799999999941e+01
2.460664699999999883e+01 -2.577696800000000010e+01
1.648708299999999838e+01 5.136415000000000397e+00
2.761487999999999943e+01 -2.037130200000000002e+01
2.145871899999999854e+01 -1.441355700000000084e+01
-2.053962299999999885e+01 -4.097447600000000278e+01
1.812459799999999888e+01 -1.051339000000000024e+00
-2.154676800000000014e+01 -3.258661299999999983e+01
-1.531659299999999924e+01 -1.359618299999999991e+01
-1.337710099999999969e+01 2.003426199999999824e+01
1.172359100000000076e+01 -3.129021499999999989e+01
-1.666569300000000098e+01 -8.792491999999999308e+00
-2.262247800000000097e+01 6.289069999999999716e+00
3.232046900000000278e+01 -2.370509999999999895e+00
-2.616877200000000059e+01 2.373148499999999927e+01
-1.881048600000000093e+01 -2.013402999999999832e+00
-3.680859800000000348e+01 4.663088000000000122e+00
-1.947452699999999837e+01 -4.357771300000000281e+01
-1.677251599999999954e+01 3.249798999999999882e+00
-1.007486300000000057e+01 -1.546672399999999925e+01
-1.393526100000000056e+01 -3.443370000000000042e-01
-3.082973900000000000e+01 -2.119257899999999850e+01
4.598065000000000069e+00 -2.594490800000000164e+01
-2.803141400000000161e+01 -5.383377000000000301e+00
-3.161711899999999886e+01 -1.933903499999999909e+01
9.678760999999999726e+00 -3.144572000000000145e+00
-9.007016999999999385e+00 2.198573299999999975e+01
-4.180808999999999997e+00 -4.395049699999999859e+01
7.632475000000000342e+00 -2.815243999999999858e+00
1.224129600000000018e+01 -2.850737600000000072e+01
2.200581899999999891e+01 3.793166999999999955e+00
-1.039999399999999952e+01 -3.441942600000000141e+01
-1.657807499999999834e+01 1.347174000000000049e+01
5.182250000000000467e-01 1.483486300000000035e+01
1.510399800000000070e+01 -6.205809000000000353e+00
-1.027587899999999976e+01 -3.530866999999999933e+01
-2.024948900000000052e+01 4.988527000000000378e+00
3.088802300000000045e+01 -4.386676999999999715e+00
1.741417500000000018e+01 -2.024795200000000150e+01
2.779536399999999929e+01 -3.983823999999999810e+00
-1.026217800000000047e+01 2.764731999999999967e+00
9.483235000000000525e+00 -5.363655999999999757e+00
7.944309999999999761e+00 -3.520483000000000029e+00
7.108437999999999590e+00 -3.521358000000000210e+00
-2.714326900000000009e+01 7.466000000000000192e+00
2.203290900000000008e+01 2.346115000000000173e+00
1.560391599999999990e+01 -1.458138800000000046e+01
-1.596434099999999923e+01 -1.287054999999999971e+01
1.952517900000000139e+01 -3.217062800000000067e+01
1.116524700000000081e+01 -2.058343999999999951e+00
2.614827700000000021e+01 -2.889701000000000075e+00
-3.441303599999999818e+01 6.607128999999999586e+00
1.897449100000000044e+01 1.394260999999999973e+00
-2.723248500000000050e+01 2.468926000000000087e+01
-1.179378900000000030e+01 -1.127342200000000005e+01
-3.319187500000000313e+01 -2.178709399999999974e+01
2.909498000000000140e+00 1.286373099999999958e+01
-2.125058399999999992e+01 -3.718340700000000254e+01
-2.191479100000000102e+01 1.404690300000000036e+01
-4.828507000000000104e+00 8.124478999999999118e+00
-2.535533500000000018e+01 -2.714976899999999915e+01
-2.970620299999999858e+01 2.080273100000000142e+01
-7.382606000000000002e+00 -4.233409900000000192e+01
-2.779500000000000082e+00 -4.362035000000000196e+01
-2.973892599999999931e+01 -3.635906599999999855e+01
2.485350599999999943e+01 -3.286730599999999924e+01
8.219405000000000072e+00 7.463673000000000002e+00
-2.985383399999999909e+01 -2.051653100000000052e+01
-1.455381700000000045e+01 -1.514362000000000030e+01
2.993705999999999978e+00 -2.991500699999999924e+01
-6.386180000000000412e+00 6.910230999999999568e+00
-2.268117000000000161e+00 7.162213000000000385e+00
2.091666800000000137e+01 -1.555382900000000035e+01
-1.385777999999999954e+00 -6.549839999999999662e+00
-1.572152200000000022e+01 2.036718600000000023e+01
-3.318362799999999879e+01 1.318945999999999952e+00
7.143499999999999850e-02 1.901677000000000062e+00
-6.847259000000000206e+00 1.901363900000000129e+01
-1.013852499999999957e+01 -3.579682199999999881e+01
2.160522100000000023e+01 -3.274651300000000020e+01
-9.035403000000000517e+00 -3.033025699999999958e+01
3.314596600000000137e+01 -9.821633999999999531e+00
-2.324183499999999825e+01 2.104491799999999913e+01
4.700450000000000017e+00 -4.053882999999999726e+01
-1.193096899999999927e+01 5.032436999999999827e+00
-2.846341699999999975e+01 -1.223258799999999979e+01
2.417771499999999918e+01 -1.488486999999999938e+01
-2.038928399999999996e+01 -9.305980000000000363e-01
-3.245856500000000011e+01 -2.880182100000000034e+01
1.348648500000000006e+01 -5.981578999999999979e+00
-1.423133900000000018e+01 -3.426555299999999704e+01
-5.882519000000000275e+00 -1.246166400000000074e+01
-3.384463999999999917e+00 2.622187399999999968e+01
-1.470958399999999955e+01 3.625195999999999863e+00
-2.768308299999999988e+01 2.151210400000000078e+01
-8.484593999999999525e+00 -1.687661999999999995e+00
-4.939778999999999698e+00 -2.001703099999999935e+01
-3.361986900000000134e+01 -1.988533199999999823e+01
2.316038299999999950e+01 -3.103290600000000055e+01
-2.420394100000000037e+01 1.137293999999999983e+01
6.956714999999999982e+00 -1.585551599999999972e+01
2.465002099999999885e+01 -3.404302599999999757e+01
1.863570800000000105e+01 -2.713322099999999892e+01
-1.956936500000000123e+01 4.642406000000000255e+00
-1.652044499999999871e+01 -1.046599999999999961e-02
8.939600000000000324e-02 -2.409991099999999875e+01
1.521793800000000019e+01 -1.550616999999999912e+00
1.056121000000000087e+01 -5.239183999999999841e+00
-9.465681000000000012e+00 1.526345000000000063e+01
9.480026000000000508e+00 1.594768400000000064e+01
1.784041399999999911e+01 -1.503542999999999985e+01
-1.140387600000000035e+01 7.950928000000000218e+00
-3.665244700000000222e+01 3.921317000000000164e+00
-1.547174300000000002e+01 1.440661399999999936e+01
1.683681699999999992e+01 -2.289008300000000062e+01
2.816125699999999910e+01 -6.489631000000000149e+00
2.904853800000000064e+01 7.687770000000000437e-01
2.614664300000000097e+01 -1.489524499999999918e+01
-3.179681599999999975e+01 -2.143620100000000050e+01
2.999227899999999991e+01 -1.581116500000000080e+01
2.183091200000000143e+01 -1.367253999999999969e+00
1.202263400000000004e+01 -4.715849999999999764e-01
3.374612400000000179e+01 -1.274325800000000086e+01
-2.995407499999999956e+01 -1.535506000000000038e+00
1.006661000000000072e+01 -3.679925500000000227e+01
-1.883652000000000104e+00 -3.531691000000000003e+01
1.714153299999999902e+01 -3.825248000000000204e+00
1.387449800000000089e+01 -7.831089999999999662e+00
-2.819233999999999796e+00 -1.152684200000000025e+01
2.907999999999999995e-03 -3.459513900000000319e+01
2.725036599999999964e+01 -2.734363700000000108e+01
2.150078200000000095e+01 -1.486962699999999948e+01
-1.009809399999999968e+01 7.480228000000000321e+00
2.071506300000000067e+01 3.629319000000000184e+00
1.762121199999999988e+01 6.530920000000000059e+00
-4.103076599999999985e+01 -1.931962400000000102e+01
2.202442200000000128e+01 -3.029147700000000043e+01
2.134828800000000015e+01 -6.513050000000000228e-01
-1.135562700000000014e+01 2.733010700000000170e+01
-2.176878500000000116e+01 1.293155299999999919e+01
1.052948100000000053e+01 -4.132459599999999966e+01
2.873340200000000166e+01 -1.411409199999999942e+01
-4.637991999999999670e+00 6.837769999999999904e+00
2.358149299999999826e+01 -3.345801199999999653e+01
2.697719400000000078e+01 -2.456603799999999893e+01
-2.641443299999999894e+01 -4.767674000000000412e+00
2.643575299999999828e+01 -3.137258000000000102e+00
-2.363721800000000073e+01 1.239850599999999936e+01
-2.974152600000000035e+01 1.981764000000000081e+01
2.509116699999999867e+01 -3.669368699999999706e+01
-1.736887700000000123e+01 -1.169603099999999962e+01
6.356030000000000291e-01 3.802424999999999944e+00
2.752664899999999903e+01 -1.387679000000000107e+00
-2.258643899999999860e+01 -3.214308199999999971e+01
-3.273662600000000111e+01 1.851242000000000054e+00
-1.777652199999999993e+01 2.288060199999999966e+01
-8.953870000000000218e+00 -3.879110000000000058e-01
-1.238101999999999947e+01 9.937319999999999709e+00
2.728351200000000176e+01 -7.625858000000000025e+00
1.717592600000000047e+01 -8.259990000000000387e-01
-6.824952999999999825e+00 1.063867600000000024e+01
-1.398221200000000053e+01 -1.365768800000000027e+01
2.733788000000000107e+00 -2.464494499999999988e+01
2.681426599999999993e+01 -1.184269500000000086e+01
-1.642484999999999928e+01 1.853001599999999982e+01
-9.058647000000000560e+00 -9.147985999999999507e+00
-1.782099200000000039e+01 -2.776351000000000013e+01
1.941455799999999954e+01 -2.578135299999999930e+01
-1.594375699999999973e+01 -1.958225300000000146e+01
-9.680177999999999727e+00 5.988421999999999912e+00
3.441132000000000346e+01 -1.838175800000000137e+01
5.438911000000000051e+00 -5.514740000000000197e-01
1.614831200000000067e+01 -2.945016899999999893e+01
2.545057500000000061e+01 -6.352501000000000175e+00
-1.450100400000000000e+01 2.108968199999999982e+01
-1.060891699999999993e+01 1.826687000000000083e+01
-1.481252399999999980e+01 -2.139071099999999959e+01
2.229813599999999951e+01 -7.574837999999999738e+00
1.211093999999999937e+01 -1.438715599999999917e+01
-6.862500999999999962e+00 1.995083999999999946e+01
