0.233333,0.675556,0.517778,1.01778,0.325556,0.417778,0.137778,0.427778,0.494444,1.21778,0.163333,1.25444,0.0655556,0.0822222,0.622222,0.114444,0.47,0.66,2.05333,0.224444,2.14222,0.0422222,0.357778,0.147778,0,0,0,0,0,0,0,0,0,0,0.0144444,0,0.0733333,0,0,0.0322222,0,0,0.0655556,0,0,0,0,0,0.043,0.124556,0,0.505778,0.146222,0.0385556,31.5304,699.556,1104.56,1
0.110341,0.106281,0.309081,0.00482963,0.436237,0.153511,0.140193,0.109778,0.044237,0.200681,0.0478667,0.525259,0.0870667,0.0098963,0.0346222,0.29637,0.161022,0.203896,1.67773,0.0764,1.00124,0.0292593,0.138711,0.0910519,0.520533,0.327807,0.199911,0.1592,0.0839852,0.11837,0.0555111,0.0511852,0.0816296,0.0540593,0.115556,0.111748,0.159363,0.00216296,0.108148,0.0708,0.0596,0.0416,0.0787556,0.0390222,0.243822,0.15123,0.00435556,0.0330222,0.027957,0.144726,0.0190341,0.251316,0.0759259,0.0516593,3.01675,25.0696,137.924,0.49037
0.19,0,0.38,0,0,0.19,0,0,0,0,0.19,0.19,0,0,0,0.38,0,0.19,1.14,0,0.38,0,0,0,0,0,0,0,0,0,0,0,0,0,0,0,0,0,0,0,0,0,0,0,0,0,0,0,0.01,0.01,0,0,0,0.003,2.383,21,15841,1
0,0,0,0.04,0,0,0,0,0,0,0,0,0,0,0,0.02,0,0,0.02,0,0,0,0,0,0,0,0,0,0,0,0,0,0,0,0,0,0,0,0,0,0,0,0,0,0,0,0,0,1.024,9.752,0.003,1.542,1.785,1.998,239.571,9989,10062,1
0.0587837,0.407851,0.198265,0,0.230677,0.0425847,0.0466344,0.0416171,0.0193711,0.144333,0.0121631,0.464368,0.0602281,0.0535314,0.00398065,0.191071,0.0321009,0.114527,1.67086,0.0226952,0.470207,0,0.0181341,0.0572909,0.580304,0.281451,2.14769,0.119537,0.186551,0.122156,0.101023,0.0724879,0.0907809,0.0724879,0.122737,0.108272,0.0890878,0.0266275,0.0992605,0.07698,0.0714858,0.292018,0.0299793,0.143531,0.571679,0.242571,0.00422253,0.0428818,0.0192101,0.120187,0.0167574,0.204902,0.0210263,0.00686178,1.68757,5.3414,20.557,0.117484
0.0966667,0.0133333,0.2,0,0.153333,0.133333,0,0.0966667,0.0966667,0.313333,0.06,0.0733333,0.12,0,0.0633333,0.0133333,0.13,0.0633333,0.626667,0.0133333,0.276667,3.17667,0.23,0.183333,0,0,0,0,0,0,0,0,0,0.0466667,0,0.0133333,0,0,0.0266667,0,0,0,0,0,0.0633333,0,0,0,0.372333,0.095,0.014,0.14,0.03,0.00366667,15.1877,493,9113.67,1
0.3724,0.1536,0.308,0,0.058,0.1316,0.0192,0.1384,0.2264,0.3652,0.1736,0.7664,0.3932,0.7832,0.0356,0.194,0.2932,0.124,2.1472,0.0652,0.9716,0.0512,0.456,0.3604,0.1572,0.094,0.0068,0.0012,0.0024,0.0072,0,0,0.3304,0,0,0.0276,0.1636,0.002,0.0072,0.0184,0.0152,0.0104,0.0024,0.024,0.0536,0.0288,0.0132,0.042,0.02432,0.10172,0.00564,0.27324,0.26276,0.09944,5.24532,130.24,3334.16,0.8
0.124393,0.14757,0.388505,0.133738,0.300748,0.118224,0.0842991,0.183458,0.417944,0.507757,0.121308,0.544299,0.124579,0.0624299,0.130374,0.265607,0.149065,0.357383,1.3943,0.168972,0.931495,0.809065,0.12,0.19271,0.523551,0.15972,0.0291589,0.0269159,0.0071028,0.0315888,0.0247664,0.0017757,0.118785,0.0035514,0.126449,0.0323364,0.138037,0.00168224,0.0360748,0.0311215,0.00897196,0.0284112,0.00504673,0.0116822,0.0368224,0.0351402,0.00616822,0.0299065,0.0576542,0.110308,0.0419065,0.355065,0.178327,0.093785,4.60577,76.6542,964.084,0.672897
0.340513,0.609231,0.808205,0.0233333,0.397692,0.194872,0.229231,0.260513,0.38,1.22641,0.144615,1.14974,0.119744,0.220256,0.307692,0.775128,0.20359,0.396154,1.90282,0.254359,2.48615,0.00435897,0.438205,0.227179,0.00641026,0.0130769,0,0,0,0,0,0,0.0166667,0,0.0415385,0.0107692,0.0935897,0.00923077,0,0,0,0,0.00461538,0,0.0787179,0.0123077,0,0.0197436,0.0108205,0.125692,0.0453077,0.957103,0.234462,0.0701282,37.1603,479.718,732.282,0.974359
0.0915152,0.09,0.262879,0.290303,0.261061,0.075303,0.0656061,0.064697,0.285,0.343182,0.0722727,0.448485,0.13803,0.151667,0.095303,0.296667,0.0618182,0.245,1.36652,0.210455,0.85,0.863333,0.0945455,0.0951515,0.379697,0.171818,0.0316667,0.0193939,0.00893939,0.0168182,0.0339394,0.00136364,0.0759091,0.00136364,0.105152,0.0227273,0.167121,0.000606061,0.0174242,0.0407576,0.0101515,0.0369697,0.00454545,0.0101515,0.0451515,0.0513636,0.0166667,0.04,0.0324242,0.150545,0.0204394,0.219667,0.123015,0.110985,6.12858,95.9697,1219.88,0.590909
0.4375,0.339167,0.331667,0,0.234167,0.0458333,0.0208333,0.2025,0.519167,0.675833,0.275833,0.565833,0.509167,0.923333,0.200833,0.176667,0.393333,0.178333,2.80333,0.0341667,1.22417,0,0.643333,0.4975,0,0,0,0,0,0,0,0,0,0,0.005,0.02,0,0,0.0075,0.0825,0,0,0.01,0,0.05,0.005,0,0,0.01675,0.0823333,0,0.399583,0.542333,0.1005,12.5534,775.583,2429.08,1
0.195,0.5,0.4,0.095,0.58,0,0,0,0.39,0.19,0,0.2,0,0,0,0.1,0,0,0.195,0.19,0.39,0,0,0.2,0.095,0,0,0.095,0,0,0,0,0,0.19,0,0,0,0,0,0,0,0,0,0,0,0,0,0,0,0.035,0,0.4155,0.7295,0.015,1062,2123,2124,1
0.127136,0.0988182,0.288364,0.445091,0.381273,0.118091,0.0616818,0.126182,0.206591,0.251545,0.0808636,0.726818,0.131136,0.066,0.0371364,0.191545,0.237091,0.148273,1.61277,0.101,0.972591,0.446909,0.205682,0.130818,0.674182,0.157364,0.0138182,0.0162727,0.013,0.0214091,0.00854545,0.00513636,0.0882273,0.00481818,0.0220455,0.0672273,0.139455,0.0150455,0.0195,0.0100909,0.0525455,0.0535,0.00922727,0.0135909,0.0581364,0.168455,0.0156364,0.0211364,0.0605682,0.147177,0.0136364,0.223414,0.0887545,0.0818091,4.3754,56.3727,518.182,0.613636
0.237857,0.229286,0.310714,0.00214286,0.241071,0.0828571,0.0489286,0.143571,0.327857,0.434643,0.165,0.546429,0.297143,0.532857,0.0335714,0.279286,0.273571,0.0921429,2.13321,0.0375,0.987857,0.06,0.247857,0.303571,0.559643,0.0907143,0.00107143,0,0.000714286,0.0117857,0,0,0.114643,0,0.00892857,0.0560714,0.137857,0.00214286,0.01,0.0189286,0.0160714,0.00428571,0.00678571,0.015,0.0592857,0.0642857,0.00178571,0.0471429,0.0288214,0.106107,0.0104643,0.297786,0.339429,0.0845357,5.49332,135.357,2197.64,0.75
0.0578873,0.185775,0.34,0.277887,0.593099,0.193803,0.966479,0.240423,0.185775,0.413662,0.238028,0.617465,0.0430986,0.0183099,0.0129577,0.511972,0.683944,0.261408,2.17817,0.390704,1.81761,0.0121127,0.132676,0.150704,0.0239437,0.00408451,0.0928169,0.0280282,0,0,0.101972,0,0.00380282,0.00408451,0.0477465,0.0209859,0.0923944,0,0.0490141,0.267606,0,0.0028169,0,0.00394366,0.145493,0,0,0,0.0043662,0.13031,0.0203662,0.403,0.128183,0.0429577,22.7426,196.225,346.268,0.816901
0.131793,0.120677,0.336614,0.0482072,0.277291,0.092988,0.0740239,0.14008,0.125219,0.254701,0.0754582,0.501873,0.0988845,0.0292032,0.0385259,0.286853,0.19494,0.208606,1.529,0.143665,0.809841,0.595339,0.135817,0.085498,0.637849,0.231793,0.0960558,0.06,0.054502,0.0511952,0.036494,0.0173705,0.0550996,0.0185657,0.0520717,0.0648606,0.188606,0.0240637,0.0382072,0.0514741,0.0333466,0.046255,0.0410359,0.0363745,0.115339,0.146853,0.0115538,0.0353785,0.210582,0.153972,0.0195618,0.260869,0.123064,0.119574,4.12474,47.8406,352.984,0.505976
0.14907,0.126977,0.280465,0.0072093,0.31093,0.113256,0.0381395,0.221395,0.222093,0.333023,0.0939535,0.565581,0.140698,0.065814,0.0686047,0.339302,0.214884,0.19814,1.53605,0.134651,0.779302,0.939535,0.27907,0.228837,0.194419,0.105349,0.00744186,0.00581395,0.00302326,0.017907,0.0111628,0,0.0890698,0.00302326,0.00581395,0.10907,0.158605,0.01,0.0162791,0.0246512,0.0125581,0.00162791,0.0055814,0.0193023,0.0286047,0.0709302,0.00255814,0.0218605,0.0466047,0.125,0.0394884,0.208302,0.171698,0.124535,5.94228,127.837,1615.47,0.581395
0.187194,0.176763,0.389353,0.31482,0.334245,0.172734,0.0729496,0.155468,0.347698,0.357986,0.0959712,0.711223,0.151439,0.145827,0.146619,0.157914,0.246259,0.163309,1.66367,0.200647,1.08741,0.171007,0.0943165,0.244388,0.672518,0.151583,0.0254676,0.0164748,0.00913669,0.021223,0.0130935,0.00417266,0.0896403,0.00417266,0.0222302,0.0571223,0.0971223,0.00884892,0.0145324,0.0394245,0.013741,0.132158,0.028777,0.0130935,0.0434532,0.04,0.00395683,0.0128777,0.130719,0.154669,0.0158561,0.700173,0.214259,0.0288561,4.40039,82.6547,700.23,0.589928
0.284118,0.173529,0.306471,0.261176,0.0917647,0.103529,0.0270588,0.138235,0.267059,0.383529,0.137647,0.625294,0.312353,0.665294,0.00588235,0.14,0.270588,0.0694118,1.84353,0.000588235,0.814706,0.0170588,0.511176,0.227647,0.110588,0.113529,0.00588235,0.00352941,0.00352941,0,0,0,0.470588,0,0,0.0441176,0.370588,0.00411765,0.00294118,0.00882353,0.0223529,0.00823529,0.01,0.0141176,0.0311765,0.0847059,0.00705882,0.0817647,0.0554706,0.109824,0.0144706,0.231118,0.417,0.0912353,4.98106,134.412,2966.53,0.588235
0.005,0.005,0.035,0,0.025,0,0,0.005,0.015,0.065,0.025,0,0,0.025,0,0,0.005,0.035,0.005,0,0.005,0,0,0,0,0,0,0,0,0,0,0,0.035,0,0,0.065,0,0,0,0.005,0.23,0,0,0.015,0,0.4,0.005,0.035,0.036,0.1615,0.075,0.012,0.056,0.012,3.0295,43.5,5648.5,0
0.1156,0.1298,0.7548,0,0.642,0.6404,0.3206,0.1248,0.5962,0.273,0.2634,0.7146,0.1866,0.1068,1.1688,0.3492,0.1274,0.9044,1.6752,0.979,0.9258,0.1156,0.6424,0.163,0.0018,0.0018,0,0,0,0,0,0,0.0072,0,0.0058,0,0,0,0,0.0304,0,0,0.11,0.016,0.06,0.0488,0,0,0.00382,0.09462,0.0015,0.38176,0.15492,0.02538,9.33852,624.02,1410.52,1
0.0927696,0.150147,0.352181,0.178897,0.454681,0.122966,0.189461,0.13451,0.0745833,0.290049,0.0784314,0.548309,0.137083,0.0441176,0.0410784,0.310539,0.337966,0.246569,1.69343,0.121961,0.944412,0.119363,0.159534,0.0894608,0.449534,0.209657,0.094951,0.093848,0.0488235,0.0860784,0.0394853,0.03,0.117549,0.0307843,0.0755637,0.0939706,0.15451,0.00906863,0.0399265,0.0668627,0.00615196,0.0280882,0.0478186,0.0414461,0.143529,0.106765,0.00267157,0.0192157,0.0330368,0.148574,0.0175319,0.314713,0.101463,0.0359828,3.96287,50.1078,224.958,0.598039
0.141667,0.065,0.153333,0,0.103333,0.0383333,0.00333333,0.17,0.16,0.605,0.0633333,0.213333,0.215,0.153333,0.0466667,0.08,0.236667,0.251667,1.01667,0.1,0.671667,0,0.258333,0.193333,0.01,0,0,0,0,0,0,0,0,0,0,0.0133333,0,0,0.0133333,0.0316667,0,0,0,0,0.0316667,0,0.00333333,0,0.00166667,0.198667,0,0.201167,0.375833,0.0328333,7.54533,560,3468.17,1
0.117867,0.0863768,0.244731,0.00277433,0.246573,0.0659317,0.134068,0.129948,0.0333747,0.229948,0.0706211,0.57265,0.0801967,0.0332609,0.0363458,0.245559,0.108892,0.182981,1.65605,0.0357764,0.863354,0.0142443,0.0615528,0.0750932,0.657909,0.364824,0.211605,0.235807,0.0922671,0.160021,0.0752588,0.0604969,0.129255,0.0604969,0.156418,0.128344,0.187122,0.00546584,0.106625,0.062236,0.0300725,0.102257,0.0743582,0.0977019,0.267836,0.241522,0.00581781,0.0287267,0.0171522,0.152875,0.0124731,0.251571,0.0487671,0.053881,2.63104,15.8923,72.8271,0.357143
0.301538,0.111538,1.24846,0,1.10462,0.0338462,0.143077,0.0676923,0.431538,1.04692,0.0515385,0.186923,0.0592308,0,0.17,0.19,0,0.196923,0.935385,0.640769,1.10692,0,0.0676923,0.0676923,0.242308,0,0.112308,0.0223077,0,0.0446154,0,0,0,0,0,0,0.0446154,0,0,0.0676923,0,0,0,0,0,0,0,0,0,0.0106154,0,0.734308,0.0896923,0,360.719,1208.46,1361,0.923077
