0.0583582,0.12403,0.390448,0,0.609254,0.100448,0.255224,0.16403,0.0822388,0.218657,0.123582,0.685075,0.0822388,0,0.213881,0.274328,0.280896,0.421194,2.17657,0.422985,1.30731,0.176269,0.282388,0.100746,0.291343,0.129254,0.0486567,0.129254,0.0204478,0.112985,0.0204478,0.0204478,0.0238806,0.0204478,0.0464179,0.0501493,0.0750746,0,0.14,0.0977612,0.0158209,0.0425373,0.00537313,0,0.189552,0.0432836,0,0,0.00392537,0.140955,0.000970149,0.298687,0.101821,0.0339104,5.74678,58.5821,145.463,0.656716
0.124369,0.15301,0.389223,0.138932,0.297961,0.119612,0.088835,0.185922,0.42767,0.51534,0.123107,0.532718,0.128447,0.0634951,0.135728,0.270291,0.145631,0.371553,1.42854,0.176796,0.934078,0.91165,0.12466,0.198058,0.470777,0.150583,0.0302913,0.0246602,0.00553398,0.0266019,0.0197087,0.00184466,0.122816,0.00368932,0.124757,0.0316505,0.136505,0.00174757,0.0326214,0.0313592,0.00932039,0.0270874,0.00524272,0.0121359,0.0366019,0.0365049,0.00640777,0.0286408,0.0586214,0.106913,0.043534,0.362107,0.180175,0.104767,4.71909,77.699,971.097,0.68932
0.0170732,0.0736585,0.193415,0,0.33,0.0190244,0.26439,0.0717073,0.0134146,0.212439,0,0.389756,0.184634,0.0760976,0,0.663902,0.03,0.348049,3.23073,0,1.24829,0.0717073,0,0.0792683,0.375122,0.0209756,0.0634146,0,0,0,0,0,0,0,0,0,0,0,0,0,0,0.124878,0,0.0629268,0.447805,0.456585,0,0,0.00753659,0.0251463,0,0.630293,0.022439,0.0109756,5.60854,49.2927,75.4878,0.414634
0.4672,0.7208,0.7428,0.3664,0.3468,0.2716,0.0656,0.4024,0.4188,1.3644,0.0604,1.4292,0.1212,0.2716,0.3344,0.2872,0.1692,0.6348,2.064,0.3444,3.2556,0.0152,0.5196,0.2464,0,0,0,0,0,0,0,0,0.0132,0,0.0508,0.0168,0.0148,0,0,0,0,0,0.0076,0,0.0248,0,0,0,0.027,0.14768,0.06472,0.95372,0.17836,0.06036,39.2918,602.2,882.64,1
0,0,0,0,0,0,0,0,0,0,0,0,0,0,0,0,0,0,0,0,0,0,0,0,16.3043,1.09857,0,0,0,0,0,0,0,0,0,0,0,0,0,0,0,0,0,0,2.88357,0,0,0,0,0,0,0.0802143,0,0,4.16179,16.5714,25.5,0
0.067963,0.133889,0.306481,0.0111111,0.328889,0.112685,0.114167,0.121111,0.0502778,0.294537,0.070463,0.518981,0.199259,0.0362963,0.0959259,0.179074,0.120926,0.297037,1.37259,0.0538889,0.822222,0.338611,0.139352,0.0760185,0.677593,0.307778,0.168981,0.115185,0.100463,0.103519,0.0552778,0.0625,0.0887037,0.0625,0.0731481,0.0991667,0.165185,0.0140741,0.0696296,0.0835185,0.0148148,0.0280556,0.0834259,0.0562037,0.117407,0.0633333,0,0.0182407,0.044287,0.178759,0.0267407,0.176417,0.115481,0.0446389,2.99014,24.7593,247.565,0.527778
0.042561,0.0937805,0.158171,0,0.209878,0.0402439,0.111341,0.434146,0.119878,0.146707,0.067561,0.311585,0.0126829,0.227927,0.00768293,0.517317,0.212561,0.130976,1.1078,0.0371951,0.781098,0.0357317,0.19939,0.0528049,0.295488,0.313537,0.189878,0.0919512,0,0.0406098,0.0191463,0.0287805,0.0557317,0.0287805,0.0595122,0.12561,0.0626829,0,0.0276829,0.0269512,0,0.0435366,0.0165854,0.0230488,0.370732,0.0332927,0,0.0202439,0.00478049,0.141378,0.0117439,0.420037,0.10778,0.00743902,3.59732,26.1463,84.6707,0.743902
0.124539,0.170213,0.247092,0,0.360638,0.107943,0.165745,0.129078,0.0362411,0.288794,0.0926241,0.646738,0.0668085,0.0268794,0.0232624,0.314752,0.128582,0.221915,1.87908,0.0360993,0.819929,0.0106383,0.0665957,0.0856028,0.728014,0.470993,0.269574,0.315106,0.092695,0.17773,0.0884397,0.11,0.139645,0.11,0.130496,0.188794,0.139007,0.00851064,0.139433,0.0747518,0.0334752,0.0607801,0.104894,0.155887,0.216383,0.194681,0.0164539,0.0404965,0.0105532,0.142844,0.0148582,0.166972,0.0322553,0.0636454,2.06414,11.4043,92.2482,0.297872
0.0975581,0.0944186,0.275523,0,0.258953,0.0706977,0.0925,0.0256977,0.0151163,0.172326,0.0470349,0.562267,0.160233,0.0512791,0.0130233,0.267616,0.114128,0.141802,1.71872,0.0181395,0.550174,0,0.0861628,0.0292442,0.596395,0.299826,0.35907,0.211047,0.142849,0.230465,0.16343,0.108895,0.153605,0.108895,0.233837,0.197442,0.181163,0.00860465,0.159302,0.115581,0.101453,0.235058,0.0698837,0.15936,0.255,0.126512,0,0.0415698,0.0128198,0.152552,0.0246744,0.239477,0.0916105,0.0118953,1.83612,7.90116,42.2093,0.197674
0.580455,0.157727,0.603864,0,0.169318,0.0470455,0.0927273,0,0,0.521591,0.5,1.20205,0,0,0,0.181818,0,0.00909091,1.42636,0,4.19841,0,0,0.540455,0.2075,0.151591,0.137045,0,0,0.0915909,0,0.114318,0.0481818,0.114318,0.0272727,0,0,0,0,0.0945455,0,0.0545455,0,0,0.0790909,0,0,0.0552273,0,0.0578182,0,0.153159,0.0783409,0.0136818,4.75943,26.3182,52.6818,0.454545
0.127377,0.137049,0.277541,0.0401639,0.203115,0.14459,0.20377,0.0362295,0.0132787,0.201967,0.0462295,0.442295,0.112623,0,0.0290164,0.480492,0.172787,0.124754,1.76328,0.00508197,0.821639,0.0932787,0.170328,0.117049,0.530984,0.36082,0.272131,0.121311,0.0909836,0.151311,0.0809836,0.0809836,0.0919672,0.103115,0.114098,0.134262,0.0429508,0,0.168197,0.0883607,0.00540984,0,0,0.0106557,0.214426,0.0657377,0,0.0418033,0.0185902,0.161951,0.0163115,0.420393,0.0431475,0.0429836,3.75611,35.2623,129.803,0.57377
0,0,0,0,0,0,0,0,0,0,0,0,0,0,0,0,0,0,0,0,0,0,0,0,0,0,26.666,0,0,0,0,0,0,0,0,0,0,0,0,0,0,0,0,0,0,0,0,0,0,0,0,0,0,0,1.59575,2.8,5.1,0
0.153478,0.124783,0.265435,0.00804348,0.295435,0.106304,0.0395652,0.230435,0.203696,0.299348,0.0923913,0.540435,0.148261,0.0695652,0.0623913,0.32413,0.210435,0.185652,1.49261,0.128696,0.707826,0.652609,0.261522,0.233478,0.461087,0.0893478,0.00586957,0.00543478,0.00326087,0.023913,0.0104348,0,0.0884783,0.00282609,0.0106522,0.118043,0.160217,0.00934783,0.0213043,0.0245652,0.0193478,0.00326087,0.0073913,0.0245652,0.0297826,0.0973913,0.0023913,0.0397826,0.0394565,0.123587,0.0373696,0.200739,0.163326,0.101739,5.77274,124.522,1677.87,0.543478
0.0961628,0.082907,0.308488,0,0.215814,0.065814,0.0688372,0.085,0.00767442,0.173488,0.0730233,0.790233,0.0925581,0,0.0418605,0.247791,0.0551163,0.131279,1.75942,0,0.656279,0,0.0798837,0,0.298256,0.156047,0.17,0,0.103023,0.113023,0.00651163,0,0.181744,0,0.0259302,0.0855814,0.139535,0.00930233,0.198372,0,0.0415116,0.207791,0.0422093,0.107093,0.233721,0.105698,0,0.0526744,0.0162674,0.134209,0.00301163,0.154593,0.0232674,0.015593,1.6343,5.5814,51.9419,0.186047
0,0,0,0,0,0,7.27,0,0,0,0,0,0,0,0,0,0,0,0,0,0,0,0,0,0,0,0,0,0,0,0,0,0,0,0,0,0,0,0,0,0,0,0,0,0,0,0,0,0,0,0,0.294,0,0,2.222,8,48,1
0.121707,0.440976,0.342439,1.72976,0.936341,0.144634,0.696341,0.152683,0.0580488,0.375854,0.0426829,0.635854,0.190976,0.0819512,0,0.730488,1.53659,0.239024,2.09098,0.274146,1.82732,0,0.0192683,0.160976,0,0,0,0,0,0.0236585,0,0,0,0,0,0.0521951,0.113659,0.0380488,0,0.00829268,0,0,0,0,0.00829268,0,0,0,0,0.123293,0,0.729683,0.212683,0.0322927,9.20393,136.756,194.512,0.926829
0.126476,0.101714,0.267905,0.496667,0.480381,0.123143,0.0544762,0.106381,0.16381,0.195714,0.109333,0.711048,0.154762,0.0379048,0.0592381,0.203905,0.268857,0.18581,1.8041,0.0762857,0.794667,0.782952,0.214476,0.143238,0.614762,0.118,0.0186667,0.0177143,0.0244762,0.0100952,0.0129524,0.0159048,0.0847619,0.00828571,0.0291429,0.0762857,0.10019,0.0266667,0.0169524,0.00780952,0.012381,0.0408571,0.0180952,0.00580952,0.0585714,0.0514286,0.00838095,0.0162857,0.100857,0.10739,0.00714286,0.18681,0.101133,0.0815905,3.86972,41.1714,452.543,0.609524
0.0579239,0.0794118,0.278893,0,0.327024,0.0450173,0.0531142,0.0491349,0.00937716,0.162422,0.00757785,0.68474,0.0825952,0.0817993,0,0.169516,0.0156401,0.167405,1.90007,0.0170242,0.51436,0,0.00733564,0.037301,0.142941,0.0547405,0.503668,0.0353633,0.221903,0.0497578,0,0,0.19308,0,0.020346,0.0123183,0.0402076,0.0434256,0.0768512,0.00404844,0.16173,0.486194,0.0522837,0.0918339,0.471107,0.413979,0.0101038,0.0521453,0.0200623,0.0938824,0.0177024,0.246336,0.00329758,0,1.60171,4.0692,15.2284,0.0968858
0.0848026,0.171711,0.318289,0,0.390526,0.181053,0.119342,0.0844079,0.0538816,0.217566,0.0461842,0.583553,0.0678289,0.00348684,0.0101974,0.205066,0.119539,0.167697,1.49243,0.0946711,0.986908,0.00815789,0.140987,0.0694079,0.697961,0.360592,0.244474,0.16,0.107632,0.134671,0.0734211,0.0794737,0.102105,0.0794737,0.135395,0.109079,0.261842,0,0.140987,0.0934868,0.140329,0.0778947,0.123684,0.0285526,0.238355,0.263816,0.00447368,0.0295395,0.0556645,0.164342,0.0238289,0.191053,0.0843816,0.0271974,2.69489,20.8882,164.882,0.434211
0.126961,0.0665686,0.305588,0.0151961,0.287647,0.111961,0.0762745,0.127451,0.0559804,0.206961,0.0460784,0.489216,0.0947059,0.0341176,0.000882353,0.219608,0.183431,0.124314,1.48784,0.135098,0.689608,0.724118,0.15951,0.0721569,0.775,0.287647,0.101863,0.0388235,0.0617647,0.0463725,0.0526471,0.012451,0.0864706,0.0153922,0.035,0.0601961,0.247255,0.00186275,0.0165686,0.0294118,0.0485294,0.0326471,0.0376471,0.0697059,0.125,0.259412,0,0.0226471,0.247598,0.175078,0.0287549,0.204961,0.0940588,0.160637,3.78626,34.1373,314.696,0.460784
0.121086,0.0644,0.254914,0,0.2656,0.0612571,0.0727429,0.0486857,0.0397143,0.110571,0.0052,0.556229,0.0636,0.0364,0.0104,0.278686,0.0532571,0.148971,1.82269,0.00891429,0.610514,0,0.0263429,0.0296,0.379886,0.343829,0.241429,0.0114286,0.144057,0.0354857,0.0180571,0,0.0597143,0,0.0365143,0.0588,0.1984,0.00605714,0.0672571,0.00571429,0.112343,0.267543,0.042,0.11,0.410114,0.180286,0.00582857,0.0225143,0.0241943,0.104103,0.0129257,0.160949,0.0249429,0.0105029,1.69015,6.04571,32.8629,0.188571
0,0,0,0,0,0,0,0,0,0,0,0,0,0,0,0.38835,0,0,0,0,0,0,0,0,0.107864,0.138641,18.7869,0,0,0,0,0,0,0,0,0,0,0,0,0,0,0.215728,0,0,0.0646602,0,0,0,0,0.0340583,0,0.0111553,0,0,1.13073,1.45631,5.52427,0
0.129583,0.209722,0.431806,0.594583,0.276389,0.120139,0.0483333,0.112917,0.26,0.315694,0.0713889,0.80875,0.209028,0.125278,0.13,0.149583,0.144306,0.187083,1.73278,0.150972,0.950694,0,0.128194,0.174028,0.717361,0.12875,0.0215278,0.0234722,0.0144444,0.0180556,0.0204167,0.00222222,0.0694444,0.00222222,0.0355556,0.0625,0.0911111,0.00194444,0.0173611,0.035,0.00222222,0.0723611,0.0354167,0.0102778,0.0261111,0.00166667,0,0.0213889,0.140569,0.130917,0.017875,1.03196,0.256306,0.0185694,4.10265,61.0833,755.875,0.597222
0.0995122,0.196098,0.529756,0.48122,0.414634,0.161463,0.250976,0.169024,0.0753659,0.213415,0.119512,0.501463,0.0846341,0,0,0.377805,0.333171,0.40878,2.23146,0.430976,1.42829,0.234634,0.128293,0.177317,0.0631707,0.0751219,0.00780488,0,0.035122,0.035122,0,0,0.00658537,0,0.0312195,0.0460976,0.154634,0,0.072439,0.00463415,0,0,0.0346341,0.0185366,0.161951,0.0302439,0,0.042439,0.0112927,0.0799756,0.0236585,0.418341,0.0688537,0.0350732,7.21668,127.366,304.585,0.853659
0.0496419,1.42248,0.104187,0,0.209697,0.0341047,0,0.0468044,0.00498623,0.108953,0,0.14168,0.019146,0.0680441,0,0.12292,0.00785124,0.0777686,1.77152,0.0500826,0.452231,0,0,0.0863361,0.304738,0.167879,0.560055,0,0.0784022,0.0114601,0.0344353,0,0.0493388,0,0.0550964,0.0211846,0,0.0485675,0.0506612,0,0,0.277273,0,0.258623,1.06708,0.330386,0.00597796,0.0636088,0.00946556,0.0816832,0.0286116,0.251714,0.00490634,0,1.28777,2.18733,6.72176,0.0495868
0.151343,0.146716,0.826866,0.00283582,0.707612,0.520149,0.272836,0.136716,0.56597,0.458209,0.203284,0.601194,0.150746,0.0797015,0.967015,0.304776,0.11209,0.760149,1.5091,0.820448,0.926119,0.0862687,0.517612,0.144478,0.051194,0.00134328,0.021791,0.00716418,0,0.00865672,0,0,0.00313433,0.00567164,0.00432836,0,0.0129851,0,0,0.0401493,0,0,0.0835821,0.0119403,0.0447761,0.0364179,0,0,0.00285075,0.0761343,0.0011194,0.448209,0.160104,0.019791,108.883,790.104,1415.94,0.985075
0.219062,0.405938,0.650312,0.0734375,0.365938,0.18125,0.319688,0.125625,0.314063,0.860625,0.215625,0.77125,0.14375,0.096875,0.270625,0.930625,0.3275,0.23875,1.85531,0.145,1.52562,0.0053125,0.193438,0.223438,0.299375,0.13875,0.0075,0,0,0.0228125,0,0,0.0421875,0,0.0225,0.0146875,0.12125,0.026875,0.0075,0.0228125,0,0.0228125,0.010625,0.0153125,0.110625,0.0446875,0,0.0240625,0.0094375,0.125656,0.00465625,0.753812,0.231156,0.0675,25.445,340.531,656.719,0.9375
0.069913,0.0526087,0.311565,0.00756522,0.312348,0.143739,0.0598261,0.135217,0.0936522,0.203391,0.0426087,0.488696,0.0945217,0.0464348,0.0186957,0.246435,0.157391,0.169391,1.39417,0.0901739,0.737304,0,0.0626087,0.10313,0.682609,0.380261,0.145217,0.13713,0.101652,0.126609,0.082087,0.0393043,0.133217,0.0393043,0.0946957,0.119913,0.216087,0.006,0.0610435,0.071913,0.00521739,0.0272174,0.084,0.0814783,0.162783,0.082,0.00947826,0.0426087,0.0250087,0.202565,0.0289478,0.131043,0.0393217,0.0293565,2.47401,18.6957,200.157,0.443478
0.117738,0.163214,0.409524,0,0.461429,0.12381,0.319167,0.137381,0.0692857,0.317143,0.14,0.527381,0.151786,0.0572619,0.0541667,0.320714,0.229405,0.278571,1.93845,0.140833,1.04298,0.0194048,0.282619,0.0730952,0.239048,0.0884524,0.0144048,0.126786,0.00714286,0.0746429,0.0145238,0.00714286,0.248929,0.00714286,0.113929,0.0794048,0.150357,0,0.00666667,0.0888095,0.00369048,0.0430952,0.00619048,0.017619,0.120595,0.0753571,0,0.0214286,0.0139643,0.0845714,0.00120238,0.464726,0.116238,0.0142976,4.69377,64.1548,196.06,0.654762
0.30617,0.144894,0.280426,0.0917021,0.0723404,0.106809,0.0193617,0.139787,0.221064,0.399574,0.144681,0.630213,0.341064,0.652766,0.0255319,0.158936,0.276596,0.12,1.86936,0.0476596,0.868511,0.0334043,0.447021,0.28766,0.0951064,0.0604255,0.00510638,0.00148936,0.00212766,0.00382979,0,0,0.309362,0,0,0.0297872,0.176383,0.00148936,0.00659574,0.017234,0.0246809,0.00765957,0.00446809,0.0159574,0.0421277,0.0568085,0.00978723,0.0502128,0.0292553,0.115766,0.00757447,0.24734,0.329319,0.0877872,5.44715,185.447,3357.47,0.744681
0.103405,0.0254054,0.231459,0.00718919,0.152486,0.0725946,0.0754595,0.121459,0.0238378,0.211622,0.0283784,0.484054,0.0936216,0.00124324,0.00902703,0.15427,0.115946,0.259514,1.552,0.018,0.627027,0,0.00389189,0.018973,0.953027,0.363514,0.230486,0.317351,0.0876757,0.21427,0.0836757,0.0384865,0.304919,0.0384865,0.188486,0.132378,0.262703,0.0101622,0.125514,0.0667568,0.058973,0.127189,0.0864324,0.148649,0.272216,0.314054,0,0.0303784,0.0193297,0.168649,0.0246324,0.219535,0.0458162,0.110054,2.03694,10.3405,64,0.275676
0.080678,0.0977966,0.180847,0,0.402712,0.158305,0.195424,0,0.0688136,0.27339,0.0461017,0.342373,0.200339,0.0291525,0,0.542373,0.0744068,0.208475,2.01814,0.216949,0.882712,0.0438983,0.00559322,0.171695,0.101695,0.117119,0.0605085,0.0705085,0,0.0250847,0,0,0.0628814,0,0.0455932,0.0486441,0.0344068,0,0.0137288,0.0230508,0.00440678,0.0140678,0.0118644,0.0459322,0.271186,0.314576,0,0,0.012339,0.0532881,0.00328814,0.228559,0.0475085,0.383203,5.05415,53.5763,103.356,0.491525
0.16871,0.113978,0.379892,0.0326882,0.285591,0.101398,0.0808602,0.157419,0.179677,0.353118,0.101505,0.455914,0.116452,0.0294624,0.091828,0.325914,0.223763,0.253871,1.58419,0.209677,0.966344,0.523011,0.17129,0.116559,0.437957,0.217527,0.0816129,0.113548,0.0466667,0.0646237,0.0349462,0.0274194,0.0283871,0.0274194,0.0724731,0.0746237,0.11957,0.0410753,0.0451613,0.0988172,0.0367742,0.0810753,0.0437634,0.012043,0.0864516,0.0677419,0.0311828,0.0436559,0.230516,0.162194,0.0174516,0.323548,0.192473,0.112828,3.78257,48.8495,373.624,0.55914
0.0292857,0.0671429,0.253571,0,0.705714,0.0692857,1.59143,0.773571,0.773571,0.880714,0.773571,0.582143,0,0.0764286,0,0.977143,2.15357,0.0642857,1.82643,0.773571,2.815,0,0.309286,0.105714,0.0207143,0.0207143,0.0207143,0.0414286,0,0,0,0,0,0.0207143,0.0414286,0,0.315,0,0.0764286,0,0,0,0,0,0,0,0,0,0,0.0775,0,0.696071,0.255143,0.0712857,64.0539,294.929,330.786,0.928571
0.096,0.008,0.196,0.008,0.092,0.118,0,0.058,0.058,0.188,0.074,0.082,0.072,0,0.038,0.088,0.078,0.076,0.608,0.008,0.242,1.906,0.138,0.11,0,0,0,0,0,0,0,0,0,0.028,0,0.008,0,0,0.016,0,0,0,0,0,0.038,0,0,0,0.4302,2.0094,0.009,0.3924,0.375,0.4024,57.5034,2297.8,10648.8,1
0.0738406,0.0621014,0.332899,0.00586957,0.400217,0.250072,0.113696,0.162971,0.0341304,0.262101,0.0344203,0.537464,0.101304,0.0100725,0.00615942,0.233696,0.122391,0.176884,1.63877,0.0124638,1.20717,0,0.127101,0.13087,0.585145,0.437536,0.200362,0.179203,0.106957,0.143986,0.0673913,0.0480435,0.0892029,0.0457971,0.126522,0.125507,0.133043,0.00166667,0.0783333,0.0599275,0.0551449,0.045,0.0836957,0.0238406,0.282754,0.122754,0.015,0.00869565,0.0323768,0.149087,0.0221232,0.186319,0.0587101,0.0102174,2.1062,13.3623,139.87,0.463768
0.187889,0.126667,0.330222,0.00122222,0.353222,0.154667,0.077,0.169667,0.336889,0.330778,0.0954444,0.628444,0.0738889,0.124778,0.092,0.182444,0.333667,0.078,1.46611,0.211333,1.06722,0.348889,0.064,0.243333,0.842556,0.187556,0.0282222,0.0123333,0.00466667,0.0252222,0.0197778,0.00466667,0.101556,0.00588889,0.0197778,0.0588889,0.160778,0.0208889,0.0168889,0.0328889,0.0514444,0.144,0.0172222,0.0152222,0.0577778,0.0911111,0.00611111,0.012,0.1251,0.185444,0.0149222,0.273311,0.131233,0.0898667,4.2282,74.0778,628.533,0.5
0.0918919,0.0676577,0.261892,0,0.432883,0.0895495,0.0533333,0.0985586,0.0285586,0.154955,0.0356757,0.671802,0.0721622,0.0152252,0.0954054,0.203333,0.10009,0.172072,1.3636,0.00378378,0.706306,0.029009,0.0681081,0.0458559,0.656126,0.39009,0.256126,0.255856,0.112703,0.118378,0.0795496,0.060991,0.0636937,0.060991,0.143784,0.201261,0.198108,0.00693694,0.128649,0.0869369,0.0476577,0.0525225,0.123423,0.118829,0.229369,0.238018,0,0.021982,0.0360811,0.163252,0.0195946,0.151297,0.0602342,0.0112162,2.11286,11.4414,107.081,0.333333
0.0310732,0.0305854,0.270976,0,0.292927,0.026,0.0438537,0.0456098,0.0410244,0.119659,0.0249756,0.902634,0.0625854,0.0269756,0.00829268,0.134976,0.0494146,0.0955122,2.0358,0.0246829,0.427122,0,0.0174146,0.122683,0.268683,0.291756,0.324195,0.0326341,0.141951,0.0599512,0.0131707,0,0.0693659,0,0.0469756,0.00897561,0.117512,0.00682927,0.110976,0.0155122,0.0683902,0.269805,0.012878,0.148585,0.412732,0.149268,0,0.0499512,0.0417561,0.143424,0.00339024,0.214932,0.0148634,0.0134585,1.8554,6.22439,24.2829,0.156098
0.314865,0.276757,0.336486,0.00351351,0.248919,0.0745946,0.0389189,0.149459,0.425676,0.528919,0.214054,0.579189,0.367838,0.723243,0.0859459,0.259189,0.332432,0.11027,2.41297,0.0359459,1.0927,0.0454054,0.393784,0.371622,0.0959459,0.0994595,0.00162162,0.000540541,0.000540541,0,0,0,0.123243,0,0.00189189,0.0321622,0.133784,0.00297297,0.00243243,0.0391892,0.00432432,0.00216216,0.00621622,0.00378378,0.0594595,0.0194595,0.00189189,0.0156757,0.0328378,0.100892,0.0108919,0.335595,0.430541,0.0987568,7.64754,346.757,2344.32,0.864865
0.1934,0.0662,0.1908,0,0.2354,0.079,0.28,0.1346,0.0604,0.2188,0.0672,0.4428,0.0134,0.0702,0.0792,0.2086,0.1998,0.1714,1.392,0,0.7562,0,0.0506,0.1156,0.4002,0.3382,0.0592,0.2832,0.1068,0,0,0.014,0.1262,0.014,0.1286,0.0538,0.5102,0,0.1104,0,0,0.1068,0.089,0.0232,0.204,0.0448,0,0.0232,0.02864,0.23752,0.01186,0.29776,0.08984,0.0038,3.50034,23.44,67.72,0.56
0.0928986,0.0873913,0.265942,0.277681,0.258841,0.0771014,0.065942,0.0634783,0.295217,0.362899,0.0817391,0.461304,0.134783,0.145797,0.093913,0.283913,0.0591304,0.246812,1.34826,0.248696,0.882464,0.87,0.0985507,0.0943478,0.372899,0.174783,0.0310145,0.0185507,0.00855072,0.016087,0.0324638,0.00130435,0.0776812,0.00130435,0.10058,0.0236232,0.166522,0.00057971,0.0166667,0.0389855,0.00971014,0.0353623,0.00869565,0.0111594,0.0413043,0.0491304,0.015942,0.0382609,0.0344928,0.153725,0.0202754,0.224087,0.127522,0.104116,6.15028,101.159,1231.72,0.594203
0.106145,0.108434,0.363133,0,0.538072,0.120241,0.110723,0.137349,0.0720482,0.272048,0.101807,0.629157,0.0643373,0.013012,0,0.335542,0.336506,0.278795,1.92313,0.138434,0.992771,0.126506,0.199518,0.0848193,0.239639,0.0840964,0.0333735,0.0287952,0.0046988,0.0445783,0.0046988,0.00843373,0.0259036,0.0122892,0.0449398,0.0796386,0.109157,0.000843373,0.0228916,0.0440964,0,0.020241,0.0177108,0.0207229,0.224337,0.277831,0,0.0291566,0.0591687,0.109494,0.00918072,0.327831,0.121036,0.0558795,4.18749,66.6988,262.494,0.650602
0.119727,0.0696364,0.281273,0.114091,0.299636,0.110182,0.0579091,0.157182,0.198,0.277455,0.0676364,0.741364,0.107091,0.0985455,0.0206364,0.166909,0.190273,0.116364,1.37845,0.0904545,1.09436,0.242273,0.185818,0.0963636,0.747909,0.184909,0.0126364,0.019,0.0169091,0.0305455,0.00227273,0,0.0972727,0,0.0245455,0.0629091,0.155727,0.0113636,0.0298182,0.0119091,0.0670909,0.0721818,0.00763636,0.0183636,0.072,0.270545,0.0232727,0.0193636,0.0450636,0.158255,0.0204273,0.226427,0.0648455,0.0477,4.25983,54.9636,537.164,0.581818
0.198936,0.0848936,0.280426,0,0.501064,0.046383,0.123404,0.125674,0.0442553,0.134326,0.0201418,0.435887,0.0460993,0.0179433,0.0324113,0.365887,0.204965,0.179929,1.80291,0.0401418,0.93773,0.00716312,0.162979,0.0365248,0.436099,0.316454,0.202837,0.172199,0.066383,0.0801418,0.0423404,0.0477305,0.0758865,0.0541135,0.139149,0.0990071,0.161277,0.00510638,0.0670213,0.0417021,0.0452482,0.0358156,0.091844,0.0592908,0.274326,0.124326,0.00134752,0.0592908,0.0179007,0.133163,0.0267589,0.341957,0.106028,0.0230284,2.60886,19.539,117.979,0.531915
0.0865278,0.237083,0.272778,0,0.0906944,0.111389,0.149583,0.0936111,0.0679167,0.414444,0.02125,0.469444,0.0625,0.116667,0,0.277778,0,0.112222,2.48403,0,0.959306,0,0.0155556,0.1025,0.275972,0.183472,0.449861,0.31375,0.120972,0.0181944,0.0630556,0,0.0452778,0,0,0.0577778,0.360972,0.00569444,0.5525,0,0.0688889,0.102778,0.0681944,0.104444,0.761111,0.37375,0,0.0355556,0.0374861,0.196028,0.0148611,0.204875,0.0628056,0.0456389,2.86629,17.8889,37.6389,0.361111
0.0386957,0.37913,0.308478,0.872391,0.553696,0.189783,0.728478,0.071087,0.236304,0.333043,0.0326087,0.707826,0.0530435,0.013913,0.02,0.349565,0.196739,0.328261,2.0513,0.0276087,1.15217,0,0.0752174,0.0843478,0.116304,0.0108696,0.249565,0.0306522,0.0108696,0.00543478,0.157391,0,0,0.0134783,0.061087,0.0115217,0.0386957,0,0.0408696,0.413043,0,0.00434783,0,0,0.19913,0.00956522,0,0.0217391,0.0105435,0.186043,0.0141739,0.3,0.0691304,0.0401957,13.2332,165.022,408.63,0.630435
0,0,0.0492593,0,0.222222,0,0,0,0,0,0,0.102593,0,0,0,0,0,0.367037,0.315556,0,0.146667,0,0,0,7.57741,4.25667,3.19111,3.55815,3.29407,3.63852,3.55815,3.19111,0,3.19111,3.55815,3.55815,0.0492593,0.148148,0.0492593,3.19111,0,0.299259,0,0.0974074,0,0,0,0,0.032037,0.919741,0.008,0.0924074,0,0,2.9507,11,31.8148,0
0.117184,0.125243,0.226893,0,0.242427,0.0516505,0.151165,0.0796116,0,0.206893,0.0538835,0.584757,0.0430097,0,0.0421359,0.190097,0.091165,0.204563,1.66107,0.0215534,0.554466,0,0.041068,0.0323301,1.0299,0.614757,0.204272,0.371456,0.164854,0.337282,0.184563,0.0920388,0.11699,0.0920388,0.426796,0.141748,0.238738,0,0.0783495,0.0982524,0.0378641,0.192524,0.0681553,0.0974757,0.228641,0.52835,0,0.0152427,0.00706796,0.134291,0.00761165,0.291126,0.014,0.135738,2.44197,12.9223,52.0291,0.291262
0.0811043,0.0504908,0.23135,0.00828221,0.244847,0.051227,0.100859,0.107301,0.039816,0.33865,0.0355828,0.532515,0.137423,0.00674847,0.0431902,0.0930061,0.113006,0.117178,1.52491,0.0539877,0.542945,0.00355828,0.0849693,0.0658896,0.732761,0.412577,0.315399,0.284294,0.136074,0.207791,0.108589,0.0855215,0.0582209,0.0855215,0.175828,0.161043,0.216748,0.00613497,0.141534,0.0966258,0.0277914,0.056135,0.122025,0.0741718,0.334233,0.216564,0.0202454,0.0311043,0.0265337,0.20892,0.0113865,0.259282,0.0493804,0.0144785,2.2785,11.319,77.0368,0.294479
