0.105973,0.0660067,0.208926,0.00446309,0.173188,0.0750671,0.0933221,0.129329,0.0273154,0.178658,0.0357718,0.510537,0.0936242,0.0125503,0.0323826,0.154899,0.126208,0.205369,1.47685,0.0137584,0.654463,0,0.0318792,0.0339262,0.82943,0.374228,0.221846,0.284295,0.103557,0.182953,0.0776174,0.0458389,0.249899,0.0458389,0.184094,0.126879,0.292248,0.00630872,0.106376,0.0619128,0.0386242,0.109195,0.095906,0.112013,0.290235,0.273691,0.00419463,0.0279866,0.0185738,0.187775,0.0201074,0.231245,0.0487013,0.0716342,2.22848,11.7718,65,0.315436
0.29,0.04,0.04,0,0.14,0.04,0,0.29,0.29,0.94,0.14,0.04,0.14,0,0.19,0.04,0.39,0.19,1.6,0.04,0.79,9.53,0.69,0.47,0,0,0,0,0,0,0,0,0,0,0,0.04,0,0,0.04,0,0,0,0,0,0.19,0,0,0,1.117,0.053,0,0.356,0.09,0.011,12.332,1171,9163,1
0.16,0.153333,0.25,0,0.116667,0.0366667,0.03,0.0833333,0.22,0.4,0.0866667,0.316667,0.19,0.36,0.01,0.103333,0.196667,0.05,1.14,0.00666667,0.53,0,0.116667,0.173333,0.393333,0.406667,0,0,0,0,0,0,0.72,0,0,0.05,0.68,0,0,0.00666667,0.0333333,0.00666667,0.0266667,0.00666667,0.18,0.11,0,0.143333,0.0826667,0.211333,0.0173333,0.129667,0.189,0.045,3.54767,61.6667,2489.67,0.666667
0.79,0.9625,0.945,0,0.7625,0,0.4225,0,0.585,2.0925,0,1.5325,0,0,0.7525,2.7325,0.7725,0,1.165,0,2.335,0,0,0.4025,0,0,0,0,0,0,0,0,0,0,0,0,0,0,0,0,0,0,0,0,0,0,0,0.1925,0,0.0335,0,1.56425,0.6845,0.023,128.925,437.25,525.75,1
0.110571,0.174286,0.967429,0,0.688571,0.806857,0.406857,0.141714,0.709429,0.266286,0.233714,0.773714,0.237143,0,1.54629,0.266,0.0574286,1.16114,1.65857,0.194857,0.708,0,0.729143,0.144571,0.00257143,0.00257143,0,0,0,0,0,0,0,0,0.00571429,0,0,0,0,0.0388571,0,0,0.138286,0.0228571,0.0834286,0.0674286,0,0,0,0.0877429,0,0.413629,0.1592,0.0151714,8.12046,657,1388.29,1
0.0948,0.0792,0.2484,0,0.2928,0.0992,0.048,0.2368,0.2544,0.3232,0.084,0.6188,0.0928,0.1576,0.1056,0.074,0.2264,0.2324,1.2284,0.1868,0.672,0.9628,0.1348,0.0984,1.1856,0.28,0.0192,0.046,0.0208,0.0524,0.0624,0.0076,0.2596,0.0036,0.0708,0.0668,0.1876,0,0.0488,0.0292,0.0052,0.016,0.0036,0.004,0.034,0.0024,0.0024,0.0792,0.08436,0.11548,0.04688,0.14184,0.10044,0.09524,3.54832,40.44,882.96,0.4
0.2,0.81,0.61,0,0,0,0,0,0.2,0,0,0.4,0,0,0,0.2,0,0,0.2,0,0.2,0,0,0.4,0,0,0,0,0,0,0,0,0,0,0,0,0,0,0,0,0,0,0,0,0,0,0,0,0,0,0,0.831,0.338,0.03,1102.5,2204,2205,1
0.106429,0.0604762,0.128333,0.00404762,0.235476,0.0759524,0.027381,0.175714,0.197381,0.0828571,0.0169048,0.706667,0.110714,0.119524,0.00785714,0.106667,0.222857,0.0704762,0.764524,0.0535714,0.929048,0.00404762,0.134762,0.0614286,1.15167,0.186905,0.012619,0.00238095,0.0192857,0.022619,0,0,0.149524,0,0,0.0883333,0.249048,0.0140476,0.0114286,0.0166667,0.144762,0.0897619,0.00738095,0.0269048,0.0247619,0.604524,0.00642857,0.0395238,0.0556667,0.151357,0.0230238,0.0517857,0.0561905,0.0117381,3.11726,34.6667,555.952,0.380952
0,0,0,0.04,0,0,0,0,0,0,0,0,0,0,0,0.02,0,0,0.02,0,0,0,0,0,0,0,0,0,0,0,0,0,0,0,0,0,0,0,0,0,0,0,0,0,0,0,0,0,1.024,9.752,0.003,1.542,1.785,1.998,239.571,9989,10062,1
0.3525,0,1.7725,0,1.0625,0,0.1625,0,0.5175,0.8475,0,0,0,0,0,0,0,0,0.3525,0.8725,0.3275,0,0,0,0.3525,0,0,0,0,0,0,0,0,0,0,0,0,0,0,0,0,0,0,0,0,0,0,0,0,0,0,0.9325,0.08,0,316.125,1161.5,1264.5,1
0.0964286,0.17,0.515714,0.704643,0.441429,0.221429,0.389286,0.261429,0.0467857,0.285357,0.214643,0.575,0.0803571,0.00964286,0,0.46,0.407143,0.393571,2.3375,0.697143,1.71786,0,0.158571,0.269643,0.0203571,0.0203571,0,0,0,0,0,0,0.00964286,0,0,0.0357143,0.112857,0,0.0853571,0,0,0,0,0,0.121429,0.0442857,0,0,0.0126429,0.11525,0.0304286,0.440071,0.0836429,0.0362143,7.69907,139.321,280.643,0.964286
0.19,0,0.38,0,0,0.19,0,0,0,0,0.19,0.19,0,0,0,0.38,0,0.19,1.14,0,0.38,0,0,0,0,0,0,0,0,0,0,0,0,0,0,0,0,0,0,0,0,0,0,0,0,0,0,0,0.01,0.01,0,0,0,0.003,2.383,21,15841,1
0.0745455,0.0909091,0.257273,0,0.216364,0.1,0.0218182,0.0190909,0.262727,0.236364,0.0381818,0.544545,0.0872727,0.0163636,0.0445455,0.09,0.0554545,0.123636,1.29455,0.00727273,0.752727,1.35909,0.16,0.138182,0.387273,0.257273,0.0236364,0.0109091,0.0172727,0.00727273,0.0109091,0,0.142727,0,0.00363636,0.05,0.108182,0,0,0.00818182,0.00636364,0,0,0.0245455,0.00727273,0,0,0.00727273,0.0811818,0.124182,0.0575455,0.173545,0.112273,0.107909,5.42336,84.0909,1438.82,0.454545
0.135,0.0629167,0.280417,0,0.306667,0.0854167,0.0495833,0.0925,0.346667,0.515833,0.0904167,0.595,0.23,0.106667,0.0783333,0.387083,0.0708333,0.395417,1.49583,0.253333,1.08667,0.308333,0.0970833,0.144583,0.382917,0.168333,0.0179167,0.00791667,0.00375,0.01375,0.01,0.00375,0.12125,0.00375,0.0183333,0.03625,0.165417,0,0,0.0745833,0.0233333,0.0333333,0.0125,0.00833333,0.0491667,0.0933333,0.0408333,0.0904167,0.0417083,0.158583,0.0206667,0.28425,0.164833,0.0612083,4.96483,78.625,1135.08,0.666667
0,0.02,0.05,0,0.02,0,0,0.05,0,0.35,0,0.02,0,0,0,0.05,0.1,0.38,0.07,0.2,0.17,0,0,0,0.02,0,0,0,0,0,0,0,0,0,0,0,0,0,0,0,0,0,0,0,0,0,0,0,0,0.004,0,0.108667,0.0173333,0.0173333,3.922,489,3271,1
0.065,0.0521778,0.250067,0,0.267178,0.0440222,0.0505778,0.0422889,0.0358,0.1094,0.0134,0.651222,0.0532444,0.0655333,0.00782222,0.191889,0.0432222,0.140044,1.74942,0.0196444,0.467511,0,0.0203333,0.0674,1.20929,0.538911,0.417489,0.223733,0.314156,0.258867,0.209222,0.166844,0.0548222,0.166844,0.2318,0.2248,0.1376,0.0164222,0.0810444,0.176133,0.0784444,0.272089,0.024,0.1162,0.497956,0.150267,0.00226667,0.0404444,0.0303533,0.159036,0.00969778,0.176836,0.0183867,0.01386,1.95781,6.97333,28.2889,0.16
0,0,0,0,0,0,0,0,0,0,0,0,0,0,0,0,0,0,0,0,0,0,0,0,0,0,0,0,0,0,0,0,0,0,0,0,0,0,0,0,0,0,0,0,0,0,0,0,0.022,0.022,0.019,0.022,0.022,0.022,3.482,5,5902,0
0.119524,0.120794,0.398095,0.035873,0.316667,0.110794,0.0822222,0.0973016,0.135873,0.352698,0.11,0.513651,0.14254,0.04,0.114444,0.303651,0.19746,0.236032,1.45587,0.104603,0.806508,0.610159,0.234762,0.0912698,0.474444,0.198413,0.108413,0.139206,0.062381,0.0665079,0.0880952,0.0339683,0.0477778,0.0339683,0.0798413,0.0684127,0.106508,0.0398413,0.0712698,0.0825397,0.0147619,0.113651,0.0333333,0.087619,0.105079,0.0647619,0.0239683,0.0460317,0.278222,0.148286,0.00946032,0.247825,0.0799048,0.151683,3.56275,37.0952,369.238,0.507937
0.052,0.064,0.102,0,0.118,0.038,0,0.018,0.044,0.072,0,0.366,0.028,0.048,0.004,0.096,0.058,0.034,0.43,0.018,0.608,0,0.054,0.074,0.096,0.098,0.018,0.006,0.002,0,0,0,0.734,0,0,0.046,0.452,0,0,0.018,0.038,0.028,0.014,0.032,0.012,0.054,0.012,0.08,0.0594,0.1494,0.0122,0.0074,0.0278,0.001,2.2438,67.8,3171.2,0.4
0.183243,0.178649,0.293243,0,0.164595,0.097027,0.0143243,0.0916216,0.318919,0.260811,0.0724324,0.713784,0.215676,0.0278378,0.0856757,0.176757,0.124865,0.182703,1.21162,0.0648649,0.658649,0,0.0943243,0.230541,1.30243,0.267568,0.0327027,0.0072973,0.0159459,0.0416216,0.0072973,0.0072973,0.115946,0.0072973,0.022973,0.105946,0.165405,0,0.017027,0.0454054,0.0472973,0.0167568,0.0364865,0.00324324,0.0340541,0.11,0.0124324,0.042973,0.131378,0.169108,0.013973,0.527595,0.144946,0.0113784,3.68135,47.7297,696.703,0.432432
0.0925,0.1075,0.275,0.015,0.7325,0.2425,0.0725,0.5025,0.0925,0.2225,0.09,0.77,0.1525,0.15,0.05,1.415,0.695,0.35,1.9525,0.2975,0.7425,0.65,0.405,0.2425,0,0,0,0,0,0,0,0,0,0,0,0.2,0.065,0,0,0.0725,0,0,0,0,0.0075,0,0,0,0.00275,0.04575,0.02925,0.47925,0.153,0.24975,6.50975,262,1984.75,1
0.463,0.931,0.931,0,0.463,0,0,0.463,0,1.866,0,2.334,0,0.605,0,0.463,0,0,1.866,0,5.231,0,0,0,0,0,0,0,0,0,0,0,0,0,0,0,0,0,0,0,0,0,0,0,0,0,0,0,0,0.2503,0,1.6712,0.1913,0.0832,59.0805,657,751.2,1
0.0806897,0.0671264,0.330805,0.005,0.301264,0.160575,0.112241,0.145287,0.0805172,0.203851,0.0746552,0.460805,0.112874,0.0508621,0.0231609,0.244483,0.163391,0.174655,1.42098,0.146839,0.81569,0,0.118678,0.0835632,0.685747,0.376667,0.116034,0.137759,0.073908,0.129828,0.0649425,0.0312069,0.0938506,0.0312069,0.0998276,0.123908,0.241092,0.00396552,0.0670115,0.0643103,0.0968966,0.0226437,0.0615517,0.0676437,0.160287,0.211494,0.00626437,0.0433333,0.0498563,0.167184,0.0208103,0.149787,0.0744885,0.0332414,2.66534,25.8908,194.632,0.454023
0.0812857,0.134905,0.284381,0.00385714,0.392286,0.21719,0.121714,0.100048,0.0448571,0.243095,0.0305238,0.569048,0.0818095,0.00914286,0.00461905,0.233667,0.132619,0.179333,1.48062,0.0117143,1.15505,0.00590476,0.111476,0.109667,0.595952,0.326619,0.247952,0.158619,0.115762,0.12481,0.0799524,0.0752857,0.118571,0.0752857,0.125857,0.11319,0.195476,0.00109524,0.100762,0.0835714,0.0438095,0.051,0.114143,0.0182857,0.245857,0.0877143,0.0126667,0.017381,0.0308524,0.174838,0.0291857,0.161005,0.0631667,0.0142143,2.43306,17.3905,154.024,0.452381
0.433333,0.296667,0.716667,0,0.216667,0.0533333,0.02,0.0666667,0.406667,0.566667,0.256667,0.823333,0.373333,0.793333,0.02,0.16,0.3,0,3.25,0,1.43,0,0.253333,0.526667,0,0,0,0,0,0,0,0,0,0,0,0,0,0,0,0,0,0,0,0,0.0633333,0,0,0,0,0.076,0,0.389,0.419,0.0866667,8.08333,278.333,2226.33,1
0.33,1.01,0,0,1.35,0,0.33,0,0,0,0.67,0.67,0.33,0,0,1.01,0,1.68,2.36,0,3.71,0,0,0,0,0,0,0,0,0,0,0,0,0,0,0,0,0,0,0,0,0,0,0,0,0,0,0,0,0.12,0,0.06,0.06,0,193.5,1013,1161,1
0.707143,0.445714,0.755714,0,0.0957143,0.535714,0.0957143,0.488571,1.03286,1.04,0.0228571,0.445714,0.348571,0,0.985714,0.258571,0.162857,1.83,2.24571,1.03286,1.29714,0,1.15286,0.66,0,0,0,0,0,0,0,0,0.0471429,0,0.162857,0,0,0,0,0,0,0,0,0,0,0,0,0,0.0231429,0.0492857,0,0.397571,0.178571,0.05,13.4287,525,912.143,1
0,0.398889,0.975556,0.101111,0.453333,0.194444,0.308889,0.184444,0.242222,0.641111,0.326667,0.576667,0.0277778,0.121111,0,0.812222,0.35,0.184444,1.63778,0.256667,1.59333,0,0.108889,0.0733333,0.0277778,0.0566667,0,0,0,0,0,0,0.0355556,0,0,0,0.363333,0,0,0,0,0,0,0,0.148889,0,0,0,0.0148889,0.148556,0.0165556,0.859667,0.188333,0.086,12.3247,388.444,686.667,0.888889
0.302,0.319,0.261,0,0.288,0.049,0.059,0.126,0.525,0.51,0.234,0.603,0.389,0.856,0.021,0.183,0.308,0.036,2.604,0.02,1.286,0,0.294,0.356,0.053,0.055,0.001,0,0,0,0,0,0.047,0,0.001,0.005,0.065,0.001,0,0,0,0,0.001,0,0.034,0,0.005,0,0.0312,0.0895,0.0096,0.3267,0.3763,0.0973,5.0102,107.3,2237,0.9
0.1,0.905,0.4325,0,0.495,0.59,0.105,0.33,0.2525,0.915,0.1525,0.625,0.305,0.025,0.39,0.0525,0.5725,0.8175,2.5225,0.3325,1.6725,0.0775,1.045,0.2575,0,0,0,0,0,0,0,0,0,0,0.0325,0.105,0,0,0,0,0,0,0.0475,0,0.13,0,0,0,0.02425,0.071,0.29275,0.5045,0.1965,0.028,14.597,409,1059,1
0.508889,0.105556,0.37,0,0.0422222,0.198889,0.00222222,0.154444,0.186667,0.297778,0.236667,0.924444,0.538889,0.947778,0.0611111,0.321111,0.385556,0.196667,2.45333,0.17,0.997778,0,0.232222,0.504444,0,0,0.00111111,0,0.00333333,0.00111111,0,0,0.172222,0,0,0.0255556,0.0911111,0,0.00111111,0.04,0.00666667,0.01,0,0.0255556,0.0644444,0.0133333,0.0222222,0.0633333,0.0175556,0.192778,0.000222222,0.418778,0.289778,0.112222,4.24444,125.333,3531.56,0.888889
0.0685981,0.13514,0.304486,0.011215,0.335327,0.115981,0.115234,0.122243,0.0507477,0.284019,0.0711215,0.495514,0.201121,0.0366355,0.0968224,0.195327,0.117383,0.28215,1.38626,0.0543925,0.794579,0.341776,0.140654,0.0913084,0.666355,0.298879,0.166636,0.103178,0.105981,0.0914019,0.0603738,0.0676636,0.0895327,0.0676636,0.0614019,0.104673,0.156916,0.0142056,0.0748598,0.0888785,0.0149533,0.0283178,0.091028,0.0469159,0.128411,0.0670093,0,0.0118692,0.0473178,0.170617,0.0273738,0.15729,0.121439,0.0454393,2.94495,23.3925,246.972,0.542056
0.0942857,0.0535714,0.195536,0.134107,0.554821,0.152321,0.0514286,0.12,0.113036,0.121071,0.0680357,0.609464,0.171786,0.0517857,0.00857143,0.125179,0.33625,0.110179,1.94839,0.0664286,0.649643,0.761786,0.254643,0.0469643,0.779464,0.180357,0.0303571,0.0330357,0.0192857,0.0316071,0.0121429,0.0121429,0.0708929,0.0121429,0.0451786,0.0903571,0.136786,0.0378571,0.0201786,0.0146429,0.0444643,0.0403571,0.0339286,0.00232143,0.0603571,0.0619643,0.0157143,0.0271429,0.227607,0.0999464,0.0129464,0.0995893,0.0914464,0.0656429,2.89487,27.2857,435.089,0.517857
0.59,0.09,0.09,0,0.29,0.09,0,0.59,0.59,2.09,0.29,0.09,0.29,0,0.39,0.09,0.79,0.39,3.19,0.09,1.69,0,1.39,0.99,0,0,0,0,0,0,0,0,0,0,0,0.09,0,0,0.09,0,0,0,0,0,0.19,0,0,0,0.044,0.078,0,0.334,0.133,0.011,15.493,1171,2541,1
0.323077,0.191538,0.337692,0.331538,0.0776923,0.11,0.0315385,0.16,0.276923,0.453077,0.156154,0.702308,0.377692,0.777692,0.00153846,0.163077,0.326154,0.0730769,2.15538,0.000769231,0.957692,0.0223077,0.62,0.257692,0,0,0.00230769,0.00307692,0.00307692,0,0,0,0.45,0,0,0.0376923,0.288462,0.00153846,0.00384615,0.0107692,0.0246154,0.00769231,0.00846154,0.00923077,0.0338462,0.0884615,0.00769231,0.0938462,0.0356923,0.0946923,0.000692308,0.274077,0.502923,0.109154,5.45554,151.923,3019.62,0.692308
0.265714,0.18119,0.457143,0,0.467381,0.23119,0.135952,0.238571,0.382619,0.452619,0.119048,0.770714,0.0588095,0.133571,0.0221429,0.236667,0.38119,0.140714,1.87095,0.36381,1.51643,0.557143,0.0542857,0.35381,0.14881,0.106905,0.0166667,0.0104762,0.00357143,0.00357143,0.0104762,0.00357143,0.0797619,0.00357143,0.0104762,0.032381,0.097381,0.012619,0.0111905,0.0411905,0.00190476,0.140952,0.0135714,0.017381,0.0495238,0.0140476,0.00214286,0,0.0168571,0.14131,0.0111905,0.405619,0.157833,0.055381,5.00229,95.9048,619.929,0.761905
0.122,0.074,0.106,0,0.062,0.052,0.034,0.062,0.102,0.096,0.052,0.34,0.09,0.308,0.03,0.044,0.116,0.122,0.776,0.002,0.244,0,0.27,0.114,0.786,0.47,0.022,0,0.004,0.034,0,0,0.68,0,0,0.048,0.292,0.01,0.034,0.004,0.026,0.006,0.002,0.042,0.08,0.066,0.01,0.02,0.0706,0.1322,0.0248,0.067,0.0406,0.0324,8.2434,112.4,3326.2,0.6
0,0,0.28,0,0.16,0.18,0,0,0,0,0.02,0.09,0.11,0,0,0,0,0,0.14,0,0.02,0,0,0.04,0,0,0,0,0,0,0,0,0,0.07,0,0,0,0,0.02,0,0,0,0,0,0,0,0,0,0,0.116,0.021,0.032,0,0,16.6155,154,9089,1
0.54,0.434,0.288,0,0.14,0.03,0.012,0.164,0.548,0.638,0.288,0.658,0.626,1.21,0.03,0.214,0.434,0.046,3.17,0,1.42,0,0.54,0.576,0,0,0,0,0,0,0,0,0,0,0.012,0,0,0,0,0,0,0,0,0,0.046,0,0,0,0.0072,0.0772,0,0.5122,0.5202,0.135,6.8926,760.4,2399.6,1
0.185,0.095,0.805,0,0.76,0.455,0,0.33,0.625,0.385,0.125,0.625,0.27,0,1.33,0.04,0.095,1.28,1.805,0.27,0.595,0,0.84,0.38,0,0,0,0,0,0,0,0,0,0,0.045,0,0,0,0,0.08,0,0,0.08,0,0.04,0.04,0,0,0.006,0.0675,0,0.4625,0.154,0.023,11.692,680,1761.5,1
0.11,0.396066,0.390328,1.16262,0.777377,0.148197,0.497377,0.110164,0.0532787,0.410164,0.0488525,0.587377,0.196393,0.0626229,0.0416393,0.570656,1.08934,0.321803,2.05082,0.141475,1.30623,0.0267213,0.170492,0.116885,0.0539344,0.0539344,0,0.118197,0,0.0698361,0,0,0.266393,0,0.115738,0.0454098,0.0801639,0.0255738,0,0.0577049,0,0.0555738,0,0.00901639,0.0296721,0.0781967,0,0,0.00736066,0.120525,0,0.729377,0.140197,0.0346066,7.52218,109.426,192.262,0.803279
0.1575,0.0475,0.225,0,0.085,0.1,0,0,0.3225,0.025,0.03,0.2475,0.0575,0,0.005,0.1725,0.135,0.1,0.9425,0.015,0.3575,0,0.0775,0.27,0.2225,0.2425,0.035,0,0,0,0,0,0.1775,0,0,0,0.115,0.02,0,0.02,0,0,0.01,0.01,0.0625,0,0.015,0.005,0.0915,0.125,0.115,0.10875,0.15275,0.0055,4.1435,54.25,1594.75,0.25
0.1675,0.0858636,0.321409,0.0111364,0.414909,0.0999091,0.116455,0.128364,0.0356364,0.181636,0.0323636,0.478,0.0799091,0,0.0250455,0.337682,0.137864,0.155636,1.75423,0.0332727,0.862091,0.0304545,0.155318,0.0617273,0.544682,0.414136,0.233727,0.179864,0.0908636,0.125955,0.0580909,0.0595455,0.0830909,0.0683636,0.148773,0.12,0.145727,0.00327273,0.109364,0.0605455,0.0477273,0.0486818,0.0738182,0.0461364,0.268955,0.138727,0.00127273,0.0535455,0.0211682,0.13715,0.0219773,0.3549,0.0812409,0.02655,2.60927,19.8591,124.791,0.477273
0.149722,0.109005,0.306713,0,0.213333,0.0590972,0.146481,0.0606019,0.0188657,0.251528,0.0959954,0.670046,0.0975,0.0270139,0.0216898,0.232847,0.070625,0.129769,1.81243,0.0123611,0.976991,0,0.0603472,0.0885185,0.610486,0.344213,0.317014,0.220394,0.145023,0.207847,0.134676,0.100116,0.122824,0.100116,0.207662,0.151319,0.194815,0.00407407,0.209954,0.104722,0.0654167,0.181227,0.0569444,0.125972,0.267106,0.227917,0,0.0272917,0.0146921,0.154646,0.0125139,0.226664,0.0604236,0.044081,2.33964,11.5926,46.1088,0.261574
0.5,0.25,0.42,0,0.08,0.23,0.02,0.35,0.35,0.69,0.21,0.9,0.5,0.92,0.02,0.33,0.42,0.02,3.05,0,1.43,0,0.94,0.46,0,0,0,0,0,0,0,0,0,0,0,0,0,0,0,0.02,0,0,0,0,0.02,0,0.02,0,0,0.069,0,0.325,0.523,0.124,6.723,445,4128,1
0.0266667,0.126667,0.296667,0.0333333,0.376667,0.166667,0,0.163333,0,0.16,0.0933333,0.97,0,0.0333333,0,0.666667,0.28,0.23,0.623333,0.103333,0.13,0,0.173333,0.0333333,0.0266667,0,0,0,0,0.0766667,0,0,0,0,0,0.163333,0.16,0,0,0.0333333,0,0,0.0266667,0,0,0,0,0,0.0133333,0.123667,0.00633333,0.128,0.0606667,0.069,4.72433,223,1758.67,0.333333
0.5,0.626667,0.753333,0,0.373333,0.126667,0,0.246667,0.246667,1.38333,0.246667,2.27333,0,0.246667,0,0.246667,0,0,2.15,0,4.04333,0.126667,0.246667,0,0,0,0,0,0,0,0,0,0,0,0,0,0.123333,0,0,0,0,0,0,0,0,0,0,0,0,0.172333,0,0.872667,0.131,0.064,70.3683,807.333,965.667,1
0,0.19,0.054,0,0.298,0,0.054,0.144,0,0.442,0,0.154,0,1.224,0,0.27,0,0,1.048,0,0.488,2.172,0,0.108,0.388,0,0.19,0,0,0,0.19,0,0,0,0.19,0,0.394,0,0,0,0,0,0,0,0,0,0,0,0,0,0,0.0658,0.1564,0.282,16.6504,238.4,1108.8,0.2
0,0,0,0,0,0,0,0,0,0,0,0,0,0,0,0.58,0,0,0,0,0,0,0,0,0,0,1.46,0.29,0,0.58,0,0,0,0,0,0,0.58,0,0,0,0,0,0,0,0,0,0,0,0,0.018,0,0,0,0,251,1488,1506,0
0,0.0723077,0.154615,0,0.628462,0,1.87538,0.833077,0.833077,0.905385,0.833077,0.380769,0,0.0823077,0,0.715385,2.31923,0.0692308,1.34385,0.833077,3.59538,0,0.226923,0.0823077,0,0,0,0,0,0,0,0,0,0,0,0,0.339231,0,0.0823077,0,0,0,0,0,0,0,0,0,0,0.0443846,0,0.647846,0.330308,0.0767692,69.0474,276.385,292.615,1
0.485,0.285,0.42875,0,0.07125,0.14,0.03625,0.20875,0.42375,0.7175,0.24375,0.9275,0.54875,1.16125,0.0225,0.16,0.37375,0.07,3.2275,0,1.39375,0.16,0.96125,0.44125,0,0,0,0,0,0,0,0,0,0,0,0,0,0,0,0,0,0,0.0025,0,0.03875,0,0.0025,0,0.003875,0.07275,0.00125,0.33625,0.65425,0.164875,6.3345,192.875,3240.12,1
0.163103,0.0827586,0.367586,0.00551724,0.30931,0.126207,0.153103,0.134138,0.746897,0.34069,0.104828,0.526207,0.0468966,0.052069,0.0213793,0.276897,0.072069,0.433793,1.54,0.263793,1.10828,1.28034,0.0768966,0.233793,0.342069,0.17,0.0248276,0.0106897,0,0.0203448,0.0224138,0,0.0858621,0,0.266552,0.0155172,0.161724,0.00172414,0.0365517,0.0258621,0,0.0641379,0.00827586,0.0358621,0.0196552,0.0103448,0.012069,0.0117241,0.0818621,0.104621,0.104966,0.461483,0.218724,0.103483,4.17538,55.5172,1053,0.655172
0.0585714,0.144286,0.355714,0.912381,0.291905,0.10619,0.110952,0.0357143,0.389048,0.215714,0.0733333,0.385238,0.072381,0.0633333,0.134762,0.29,0.0419048,0.234762,1.15952,0.0242857,0.63619,1.08667,0.0966667,0.0561905,0.273333,0.163333,0.00761905,0.0128571,0.0147619,0.0052381,0.0161905,0,0.0395238,0,0.0314286,0.00571429,0.143333,0.00190476,0,0.0161905,0,0.0266667,0,0.0047619,0.0238095,0.0433333,0,0.00380952,0.0262381,0.198238,0.019,0.166952,0.0890476,0.106619,5.81876,90.7143,1305,0.666667
0.34,0,1.7,0,1.02,0,0,0,0.68,1.02,0,0,0,0,0,0,0,0,0.34,1.02,0.68,0,0,0,0.34,0,0,0,0,0,0,0,0,0,0,0,0,0,0,0,0,0,0,0,0,0,0,0,0,0,0,0.898,0.105,0,443.499,1325,1330.5,1
0.2,0,0.186923,0,0.47,0.0838462,0.122308,0,0.206923,0.269231,0.384615,0.620769,0.159231,0.410769,0,0.71,0.319231,0.0607692,2.16308,3.18385,1.67769,0.444615,0.38,0.234615,0,0,0,0,0,0,0,0,0.0276923,0,0,0,0,0,0.0523077,0,0,0,0.0230769,0,0.0169231,0,0,0.0169231,0,0.115846,0.00576923,0.370615,0.146077,0.102385,10.8302,464.385,1425.15,1
0.415,0.455,0.4,0,0.14,0.12,0.03,0.07,0.545,0.835,0.285,0.84,0.455,1.115,0.03,0.255,0.38,0.035,3.08,0,1.355,0,0.435,0.58,0,0,0,0,0,0,0,0,0.015,0,0,0,0,0.015,0,0,0,0,0,0,0.085,0,0,0,0.0055,0.0795,0,0.4455,1.4295,0.1135,6.5415,203,2374.5,1
0.102857,0.407143,0.29,6.11571,0.632857,0.141429,0.04,0,0.944286,0.908571,0.0771429,1.23286,0.177143,0,0.252857,0.174286,0.0157143,0.805714,2.16857,0.788571,1.69286,0,0.317143,0.227143,0.251429,0,0.22,0,0.00857143,0.0628571,0,0,0.0628571,0,0.02,0,0,0,0.0628571,0,0,0.0185714,0,0,0.0242857,0,0,0.02,0.00671429,0.0664286,0,0.491,0.136429,0.038,6.39471,181.143,862,0.857143
0.0517241,0.36931,0.518276,0,0.661724,0.284828,0.965517,0.0237931,0.0844828,0.44069,0.0165517,0.554828,0.0534483,0.00689655,0.0234483,0.165517,0.11069,0.513103,2.44172,0.143103,1.32793,0.0941379,0.032069,0.0462069,0.0982759,0.0665517,0.0110345,0.0486207,0.0496552,0.0496552,0.0324138,0,0,0,0.0927586,0.0182759,0.0648276,0,0.0648276,0,0,0,0,0.0262069,0.29,0.0151724,0,0,0.00472414,0.119069,0.002,0.498414,0.0281379,0.056,10.2909,135.31,368.069,0.793103
0.105833,0.204167,0.523333,0,0.7925,0.0791667,0.6075,0.238333,0.0241667,0.4675,0.0208333,0.5075,0.225833,0,0,1.06583,0.234167,0.330833,2.33583,0.02,0.781667,0,0.6475,0.0866667,0.243333,0.0416667,0,0,0.0416667,0.0208333,0,0,0,0.0516667,0,0,0.150833,0,0,0,0,0.0166667,0,0,0.2325,0,0,0.0833333,0.0380833,0.22075,0,0.412583,0.216083,0.014,12.7827,185,484.167,0.75
0.186667,0.0880392,0.461765,0.0113725,0.289804,0.0864706,0.131961,0.254706,0.0911765,0.281176,0.0790196,0.392745,0.0617647,0.00588235,0,0.445686,0.352745,0.224902,1.98627,0.332353,1.21176,0.388235,0.100392,0.11902,0.13451,0.0462745,0,0.0290196,0.0107843,0.0305882,0,0,0,0.00588235,0.0664706,0.0227451,0.111765,0,0.0113725,0.06,0,0,0.0278431,0,0.202157,0.471569,0.0272549,0.0611765,0.0182353,0.143608,0.0142941,0.444294,0.318039,0.208588,5.41155,73.7647,315.255,0.666667
0.075,0.2,0.33,2.29,0.245,0.735,0.2875,0.4725,0.7275,0.5975,0.15,0.6225,0,0,1.19,0,0.4275,1.1875,1.7575,0.2175,1.02,0,0.335,0.15,0,0,0,0,0,0,0,0,0,0,0,0,0,0,0,0,0,0,0.15,0,0,0,0,0,0.1205,0.123,0,0.319,0.131,0.0255,10.1885,680.25,1207.75,1
0.045,0.02,0.16,0.065,0.07,0.045,0,0.065,0.17,0.055,0,0.28,0,0.01,0.01,0.065,0.065,0.055,0.185,0,0.13,0,0,0,0.7,0.72,0.015,0.01,0.01,0,0,0,0.895,0,0,0.125,1.05,0.025,0,0,0.03,0.02,0.01,0.06,0,0.145,0.01,0.075,0.129,0.2055,0.0905,0.0015,0.006,0,2.4775,56.5,2659.5,0
0.0871429,0.0385714,0.155714,0,0.0285714,0.0185714,0,0.0357143,0.0557143,0.0657143,0.0357143,0.357143,0.0214286,0.0371429,0.00285714,0.0271429,0.0557143,0.0771429,0.392857,0.0271429,0.23,0.505714,0,0,0.35,0.141429,0.0128571,0.0114286,0.0185714,0.0328571,0.0514286,0,0.362857,0,0.0185714,0.0985714,0.31,0.0228571,0.0457143,0.0242857,0.0771429,0.01,0.0114286,0.0485714,0.0214286,0.331429,0.00714286,0.0514286,0.121571,0.184714,0.0585714,0.0294286,0.00228571,0.031,3.01729,41.7143,1799.71,0
0.160714,0.252857,0.625714,0,0.267857,0.0707143,0.103571,0.0585714,0.0721429,0.512857,0.224286,0.259286,0.192143,0,0.102857,0.401429,0.226429,0.505714,0.822857,0.132143,0.697857,0.600714,0.0721429,0.25,0,0,0,0.0535714,0,0,0,0,0.0114286,0.00857143,0,0.0135714,0,0,0,0.0764286,0,0,0,0,0.0371429,0,0,0,0.0155714,0.0476429,0,0.544571,0.159071,0.0702857,5.56914,125.571,965.786,1
0,0,0,0,0,0,0,0,0,0,0,0,0,0,0,0.325203,0,0,0,0,0,0,0,0,0.0903252,0.116098,20.068,0,0,0,0,0,0,0,0,0,0,0,0,0,0,0.18065,0,0,0.0541463,0,0,0,0,0.0285203,0,0.00934146,0,0,1.20634,1.6748,5.45528,0
0.03,0.115,0.3865,0.026,0.2035,0.1165,0.049,0.335,0.3075,0.5425,0.12,0.426,0.088,0.038,0.2315,0.3655,0.18,0.0445,1.1205,0.106,0.7205,0,0.061,0.1255,0.707,0.225,0.0145,0.021,0.009,0.052,0.022,0,0.1305,0.0085,0.2015,0.053,0.252,0.0065,0.057,0.013,0.0365,0.0325,0.002,0.0055,0.075,0.17,0.0125,0.044,0.0625,0.2008,0.01085,0.16845,0.12465,0.05595,3.1273,45.1,962.6,0.6
0.366667,0.255,0.271667,0,0.253333,0.146667,0.0216667,0.806667,0.493333,0.753333,0.125,0.491667,0.448333,0.24,0.246667,0.503333,0.36,0.346667,2.58167,0.16,1.31167,1.695,0.521667,0.67,0,0,0,0,0,0,0,0,0.0316667,0,0,0,0,0.0316667,0.0183333,0.04,0,0,0,0,0.0716667,0,0,0,0.0203333,0.0658333,0.0471667,0.341167,0.147833,0.157333,7.28833,183.5,1622.83,1
0.01,0.01,0.07,0,0.05,0,0,0.01,0.03,0.13,0.05,0,0,0.05,0,0,0.01,0.07,0.01,0,0.01,0,0,0,0,0,0,0,0,0,0,0,0.07,0,0,0.13,0,0,0,0.01,0.46,0,0,0.03,0,0.8,0.01,0.07,0.05,0.301,0.131,0.002,0.09,0.002,2.577,82,5395,0
0.0263636,0.0381818,0.174545,0,0.175455,0.0309091,0.0490909,0.0481818,0.13,0.279091,0.0545455,0.384545,0.0190909,0,0.143636,0.153636,0.06,0.136364,1.45182,0.663636,1,1.44545,0.0654545,0.0154545,0.657273,0.257273,0.0345455,0.0745455,0,0.0609091,0.0645455,0,0.00363636,0,0.444545,0.0118182,0.140909,0,0.0427273,0.0427273,0.00363636,0.0981818,0,0.0336364,0.0981818,0.0218182,0.0109091,0.0154545,0.00836364,0.126091,0,0.215909,0.116273,0.136909,4.73991,45.1818,1220.82,0.545455
0,0.145,0.145,0,0.14,0.725,0.145,0.52,0.52,1.11,0.07,0.805,0.14,0,0.52,0.145,0.51,0,0.955,0.22,0.435,0,0.74,0,0,0,0,0,0,0,0,0,0,0,0,0,0.145,0,0,0.145,0,0,0,0,0,0,0,0,0.042,0.105,0,0.0525,0.105,0.0105,19.148,829.5,1281.5,1
0.07,0.109706,0.176912,0,0.415735,0.174853,0.228529,0,0.0644118,0.285588,0.0523529,0.323676,0.189559,0.0252941,0.00779412,0.552941,0.0711765,0.195294,2.03191,0.188235,0.815,0.0380882,0.0326471,0.148971,0.0882353,0.101618,0.0525,0.0611765,0,0.0217647,0,0,0.0545588,0,0.0395588,0.0576471,0.0298529,0,0.0119118,0.02,0.00382353,0.0122059,0.0102941,0.0398529,0.261471,0.300441,0,0,0.0107059,0.0560147,0.00401471,0.246235,0.0412206,0.332485,4.91724,51.9559,104.75,0.544118
0.127612,0.138507,0.268507,0.184776,0.370149,0.0910448,0.0779104,0.109104,0.246716,0.340448,0.136418,0.766119,0.103881,0.0462687,0.0734328,0.202388,0.166418,0.197164,1.48134,0.0841791,0.76806,1.10985,0.143433,0.174776,0.551194,0.208358,0.0256716,0.0271642,0.0192537,0.0337313,0.0135821,0.0168657,0.119701,0.00492537,0.0322388,0.0825373,0.113134,0.0185075,0.018209,0.01,0.038806,0.0604478,0.00313433,0.0125373,0.0443284,0.107761,0.0301493,0.00850746,0.0444328,0.142716,0.0123134,0.198448,0.0671791,0.127582,4.08228,45.2985,490.254,0.61194
0.0942857,0.0914286,0.227143,0,0.0971429,0.0928571,0.0542857,0.08,0.0842857,0.258571,0.06,0.287143,0.174286,0.0242857,0.0542857,0.138571,0.0671429,0.142857,1.21286,0.00571429,0.55,0,0.13,0.115714,1.99429,0.11,0.00285714,0,0.00285714,0.0471429,0,0,0.0785714,0,0.0342857,0.124286,0.144286,0.00285714,0.04,0.0457143,0.05,0.0142857,0.0142857,0.0571429,0.0557143,0.21,0,0.127143,0.0321429,0.131429,0.00628571,0.175,0.0868571,0.0161429,5.411,75.1429,2031.14,0.285714
0,0,0.46,0,0,0,0,0.15,0,0,0,0.15,0,0,0,0,0,0.46,0.93,0,0,0,0.46,0,0,0,0,0,0,0,0,0,0,0,0,0.15,0,0,0,0.93,0,0,0,0,0,0,0,0,0.071,0.071,0,0.095,0.023,0,62.75,1505,2761,1
0.0906897,0.0891626,0.242463,0,0.402463,0.101626,0.145222,0.105616,0.0378325,0.184335,0.0738916,0.565222,0.064532,0.0331527,0.0644335,0.340394,0.183892,0.227241,1.71232,0.0236946,0.906847,0.0232512,0.0678325,0.0761084,0.646798,0.360443,0.237586,0.229261,0.0883251,0.137488,0.0625123,0.0755172,0.073202,0.0755172,0.111921,0.171773,0.133596,0.00970443,0.122365,0.0717734,0.0400493,0.0432512,0.103498,0.113695,0.257488,0.248374,0.0114286,0.0190148,0.0249409,0.147148,0.0136404,0.206163,0.0589212,0.0479458,2.27434,13.67,102.897,0.413793
0.12519,0.0531646,0.21557,0.0122785,0.262532,0.127848,0.0588608,0.102911,0.0474684,0.214684,0.0441772,0.501772,0.110759,0.0402532,0.00113924,0.129873,0.149367,0.106203,1.23076,0.102532,0.496835,0.79519,0.170506,0.0640506,0.975063,0.366076,0.123038,0.0463291,0.0727848,0.0564557,0.0336709,0.0160759,0.103165,0.0160759,0.0451899,0.0777215,0.297595,0.00240506,0.0129114,0.0181013,0.0626582,0.0421519,0.0486076,0.0343038,0.093038,0.32038,0,0.0153165,0.311127,0.186759,0.0341392,0.147646,0.0786456,0.0720759,3.38592,26.3291,312.62,0.392405
0.136216,0.265946,0.267568,2.31216,0.253243,0.0637838,0.0264865,0.111081,0.457568,0.225405,0.0602703,0.488378,0.0748649,0.0118919,0.0672973,0.361622,0.115135,0.252432,1.63514,0.0651351,0.998649,0,0.0827027,0.225946,0.431622,0.116216,0.162432,0.0072973,0.0448649,0.0072973,0.0072973,0.0072973,0.00405405,0.0072973,0.0135135,0.052973,0.105946,0.0381081,0.022973,0.0689189,0,0.02,0.0508108,0.00783784,0.0708108,0.0351351,0,0.0262162,0.0152973,0.140514,0.0132162,0.325568,0.14973,0.0511081,7.02946,82.2973,417.865,0.648649
0.0521667,0.0693333,0.260333,0,0.365667,0.0411667,0.305167,0.1085,0.0576667,0.215333,0.0581667,0.611167,0.126167,0.052,0,0.832167,0.1115,0.3225,2.98817,0,1.33317,0.049,0.0101667,0.115833,0.263,0.0801667,0.0556667,0,0,0,0,0,0,0,0,0,0.0878333,0,0.0378333,0.0101667,0,0.132167,0,0.0678333,0.332833,0.312,0,0.0405,0.00515,0.0246833,0,0.556583,0.04,0.0075,5.23227,44.1667,75.05,0.483333
0.19,0.19,0.19,0.19,1.16,0,0,0,0.58,0.38,0,0,0,0,0,0,0,0,0.19,0.38,0.58,0,0,0,0.19,0,0,0.19,0,0,0,0,0,0.38,0,0,0,0,0,0,0,0,0,0,0,0,0,0,0,0.07,0,0,1.121,0,1021.5,2042,2043,1
0.35,0.08,0.35,0,0.35,0,0,0.52,0.61,1.76,0.17,0.26,0.79,0,0.26,0,0.7,0.35,2.64,0,2.03,0,0.61,0.7,0,0,0,0,0,0,0,0,0,0,0,0.08,0,0,0.08,0.17,0,0,0,0,0.17,0,0,0,0,0.081,0,0.556,0.069,0.011,19.234,1170,3116,1
0.35,0.229091,0.356364,0.0863636,0.350909,0.368182,0.133636,0.214545,0.404545,0.705455,0.241818,0.562727,0.344545,0.03,0.513636,0.0936364,0.214545,0.492727,1.98182,0.195455,1.35364,0.0154545,0.473636,0.351818,0.848182,0.357273,0.0218182,0,0,0.0663636,0,0,0.0936364,0,0.0654545,0.0218182,0,0.0454545,0.0218182,0.0663636,0,0.0663636,0.0145455,0.0445455,0.0363636,0.13,0,0,0.00109091,0.191727,0,0.565364,0.240273,0.0527273,8.42273,263,732.909,0.909091
0.0543975,0.83892,0.173208,0,0.254335,0.039734,0.0223944,0.0469953,0.00589984,0.133537,0.00342723,0.384038,0.0482316,0.0568075,0,0.14302,0.0115336,0.11338,1.83252,0.0326761,0.48133,0,0.00331768,0.0659155,0.235243,0.120125,0.542473,0.0159937,0.139186,0.0230673,0.0195618,0,0.115352,0,0.0405008,0.0176056,0.0181847,0.04723,0.0635368,0.00183099,0.0731455,0.369844,0.0236463,0.185383,0.8118,0.368889,0.00796557,0.0597183,0.0144507,0.0869656,0.0236745,0.253379,0.00427856,0,1.42166,2.99531,10.3036,0.0704225
0.353333,0,1.76667,0,1.06,0,0,0,0.58,0.806667,0,0,0,0,0,0,0,0,0.353333,0.933333,0.453333,0,0,0,0.353333,0,0,0,0,0,0,0,0,0,0,0,0,0,0,0,0,0,0,0,0,0,0,0,0,0,0,0.936333,0.09,0,640,1279,1280,1
0.11,0.111429,0.274286,0.03,0.397143,0.0571429,0.0657143,0.0571429,0.23,0.118571,0.154286,0.685714,0.0871429,0.0185714,0.0185714,0.0685714,0.15,0.152857,1.61,0.418571,0.77,1.54571,0.277143,0.124286,0.234286,0.111429,0,0.00714286,0,0.0328571,0,0,0.00714286,0,0.0114286,0.274286,0.25,0,0.0228571,0,0,0,0.00571429,0.0257143,0.0128571,0.0285714,0,0.05,0.018,0.148286,0.0378571,0.188857,0.222714,0.219143,6.10514,102.571,1614.43,0.714286
0.0455556,0.336667,0.506667,0.0544444,0.124444,0.0455556,0.476667,0,0.06,0.586667,0.104444,0.926667,0.0622222,0.146667,0,1.13333,0.208889,0.0422222,2.59889,0,1.36667,0,0.0911111,0.0977778,0.0322222,0.0322222,0.0322222,0.0644444,0,0,0,0,0,0.0322222,0.0644444,0.0255556,0.0677778,0,0,0,0,0,0,0,0.2,0,0,0,0.0173333,0.0734444,0,0.471778,0.271667,0.0793333,14.6253,342.444,523.667,0.888889
0.108,0.176667,0.264667,0,0.478667,0.154,0.0126667,0.157333,0.492667,0.466,0.0526667,0.310667,0.108667,0.602667,0.659333,0.024,0.266,0.273333,1.64733,0.0213333,1.32733,0,0.381333,0.212,0.205333,0,0.0253333,0.0566667,0,0,0.0146667,0,0,0,0.0286667,0.00866667,0.0906667,0,0,0.0473333,0,0.675333,0.004,0.0106667,0.111333,0,0,0,0.0148667,0.208533,0.0213333,0.2514,0.2168,0.0692,4.69887,136.067,702.8,0.466667
0.108148,0.077037,0.218148,0.00407407,0.195926,0.0674074,0.00851852,0.152222,0.144444,0.155185,0.101111,0.625185,0.08,0.00851852,0.0192593,0.144444,0.358519,0.0148148,0.891852,0.110741,0.534815,0.296296,0.0366667,0.0655556,1.87963,0.232222,0.0322222,0.0148148,0,0.0303704,0.0396296,0,0.162222,0.00407407,0.0396296,0.108148,0.235926,0.05,0.0181481,0.0233333,0.103704,0.0188889,0.0111111,0.0237037,0.0288889,0.131111,0,0.0237037,0.300259,0.233111,0.016037,0.148519,0.0842593,0.190481,3.19778,32.4074,609.37,0.185185
0.202857,0.177143,0.397143,0,0.585714,0.184286,0.101429,0.425714,0.185714,0.732857,0.148571,0.518571,0.201429,0.0885714,0.115714,0.754286,0.444286,0.287143,2.15286,0.122857,1.16143,0,0.547143,0.307143,0,0,0,0,0,0,0,0,0,0.0185714,0,0.16,0.171429,0,0.0157143,0.0528571,0,0,0,0,0.0328571,0.0757143,0,0.0185714,0.0145714,0.0991429,0.00942857,0.305143,0.393571,0.133571,8.67243,213.286,1518.43,0.857143
0,0.0723077,0.163077,0,0.177692,0.0430769,0.0430769,0,0.0184615,0.0807692,0.0723077,1.09462,0,0,0.0184615,0.396154,0.484615,0.146154,1.49923,0,1.26923,0,0.0430769,0,0,0,0.484615,0,0,0,0.484615,0,0,0,0.107692,0,0,0,0,1.46154,0,0,0,0,0,0,0,0,0,0.218,0.0456923,0.0590769,0,0,14.8628,205.231,378.538,0.307692
0.22,0.22,0.22,0,1.77,0.22,0.44,0.44,0.22,2.88,0,0.88,0.22,0,1.105,0.44,0,0.44,3.325,0,3.325,0,0.44,0.44,0,0,0,0,0,0,0,0,0,0,0,0,0,0,0,0.44,0,0,0,0,0,0,0,0,0,0,0,0.5755,0.153,0,86.675,1038,1733.5,1
0.100952,0.115595,0.389405,0,0.636071,0.123571,0.118095,0.170833,0.0922619,0.286071,0.097381,0.705833,0.0563095,0.0196429,0.0119048,0.331548,0.360119,0.285119,2.01964,0.162381,1.15167,0.125,0.212738,0.0804762,0.240238,0.0996429,0.0554762,0.0442857,0.00464286,0.0565476,0.00464286,0.00833333,0.0295238,0.0121429,0.0405952,0.0754762,0.130595,0.000833333,0.022619,0.062619,0,0.02,0.0175,0.0329762,0.19881,0.00190476,0,0.0338095,0.0561905,0.106821,0.00764286,0.35844,0.120119,0.0517024,4.10764,63.9643,252.643,0.690476
0.0891176,0.196176,0.548235,0,0.279412,0.138235,0.0814706,0.0826471,0.246765,0.293235,0.0702941,0.894118,0.21,0.123529,0.0891176,0.112353,0.136176,0.0879412,2.07824,0.112059,0.973529,0,0.07,0.139118,0.433529,0.115,0.0273529,0.0147059,0.0155882,0.0123529,0.0185294,0.00470588,0.0685294,0.00470588,0.0214706,0.0305882,0.0752941,0.00411765,0.02,0.0185294,0.00470588,0.0217647,0.0535294,0.0135294,0.0191176,0.00352941,0,0,0.219618,0.103735,0.0250882,1.53594,0.353971,0.0101765,4.05624,48.5294,774.824,0.676471
0.186667,0.261667,0.508333,0,0.386667,0.163333,0.126667,0.116667,0.136667,0.865,0.215,0.715,0.426667,0.035,0.198333,0.238333,0.108333,0.425,2.71,0.0483333,1.17833,0,0.361667,0.41,0,0,0,0.025,0,0,0,0,0.025,0,0,0,0.0116667,0,0,0.0233333,0.0166667,0,0,0,0.0566667,0,0,0,0,0.0475,0,0.510833,0.6475,0.0336667,6.16983,133.5,1029.33,1
0.0998901,0.159451,0.437802,0,0.578352,0.100769,0.300659,0.131429,0.0743956,0.197473,0.116593,0.682198,0.0654945,0,0.157473,0.311538,0.287363,0.365714,2.27505,0.362088,1.28626,0.12978,0.327473,0.103077,0.242967,0.112967,0.0405495,0.0951648,0.0150549,0.0913187,0.0150549,0.0150549,0.0582418,0.0150549,0.0341758,0.0407692,0.0837363,0,0.119451,0.0913187,0.0116484,0.0434066,0.00967033,0,0.179451,0.0392308,0,0.00362637,0.00289011,0.113868,0.000714286,0.378945,0.0965494,0.0267582,5.52169,58.4066,151.385,0.692308
0.52,0.34,0.4,0,0.14,0.17,0.05,0.14,0.46,0.52,0.31,0.89,0.4,1.16,0.05,0.11,0.23,0.11,2.9,0,1.1,0,0.63,0.52,0,0,0,0,0,0,0,0,0,0,0,0,0,0,0,0,0,0,0,0,0.08,0,0,0,0,0.073,0,0.363,0.535,0.132,6.171,159,2771,1
0.0963178,0.106822,0.217984,0.00523256,0.280078,0.0470543,0.0983721,0.18814,0.0528295,0.342791,0.0403101,0.49624,0.0778682,0.0816667,0.0236822,0.146124,0.108333,0.132829,1.43461,0.0456589,0.574031,0.0136047,0.103566,0.0548837,0.597752,0.415969,0.288333,0.298217,0.0899225,0.143333,0.088062,0.0742248,0.0822093,0.0742248,0.147171,0.17062,0.171899,0.00387597,0.119651,0.0668992,0.0225194,0.0546512,0.0932946,0.0884109,0.298605,0.129147,0.00794574,0.0366667,0.0209302,0.182953,0.0146512,0.254078,0.0587248,0.0136357,2.55707,15.0465,82.6822,0.383721
0.392,0.362,0.398,0,0.364,0.062,0.038,0.174,0.58,0.566,0.316,0.652,0.538,1.006,0.374,0.192,0.352,0.212,2.734,0.064,1.18,0,0.634,0.42,0,0,0,0,0,0,0,0,0,0,0,0,0,0,0,0.012,0,0,0.024,0,0.036,0.012,0,0,0.01,0.0906,0,0.361,0.7502,0.104,7.587,565.8,2369.8,1
0.158421,0.0534211,0.540789,0,0.358158,0.145263,0.0602632,0.161842,0.177632,0.337632,0.105526,0.807895,0.123421,0.105789,0.0421053,0.254737,0.155526,0.189211,2.11974,0.142368,1.71974,0,0.156053,0.153158,0.288158,0.0981579,0,0.0284211,0,0.0142105,0.00421053,0,0.0318421,0,0.0357895,0.0402632,0.0510526,0,0.0463158,0.00210526,0,0.0471053,0.0107895,0.00631579,0.131053,0,0.00710526,0.00736842,0.0164211,0.167237,0.0210526,0.491474,0.0558158,0.0282895,4.41721,84.0263,540.342,0.842105
0.1,0.2,0.29,0,0.09,0.2,0,0.1,0.985,0.485,0.18,0.55,0,0.18,0,0.36,0,0.09,2.68,0.19,1.38,0,0,0.575,0,0,0,0,0,0,0,0,0,0,0,0,0,0.18,0,0,0,0,0.09,0,0.1,0,0,0,0.0145,0.0295,0.2235,0.4655,0.106,0.0145,10.5015,369.5,875,1
0.25,0.204286,0.42,1.94714,0.404286,0.175714,0.0271429,0.154286,0.388571,1.06429,0.0828571,0.6,0.142857,0.0228571,0.222857,0.412857,0.0671429,0.497143,1.78,0.0742857,1.22286,2.37857,0.0885714,0.267143,0.08,0.0942857,0.0128571,0.0142857,0,0,0,0,0.0528571,0,0,0.0128571,0.04,0,0,0.0542857,0,0,0.0242857,0,0,0,0,0,0.0281429,0.0995714,0.00728571,0.420143,0.114714,0.293,10.0059,120.857,883,0.857143
