0.0920588,0.0886765,0.263088,0.281765,0.253676,0.0782353,0.0625,0.0644118,0.286029,0.357059,0.0717647,0.454559,0.136765,0.147941,0.0952941,0.288088,0.06,0.248235,1.35,0.200441,0.866029,0.882794,0.1,0.0935294,0.378382,0.177353,0.0314706,0.0188235,0.00867647,0.0163235,0.0329412,0.00132353,0.0766176,0.00132353,0.102059,0.0239706,0.168971,0.000588235,0.0169118,0.0395588,0.00985294,0.0358824,0.00441176,0.0113235,0.0419118,0.0498529,0.0161765,0.0388235,0.035,0.152,0.0205735,0.224721,0.126412,0.105324,6.09743,96.1029,1231.35,0.588235
0.112273,0.102784,0.256193,0,0.38767,0.115568,0.136761,0.120114,0.0355682,0.244489,0.0857955,0.571875,0.06625,0.0297159,0.0772159,0.343466,0.115398,0.224716,1.76909,0.0290909,0.872045,0.0268182,0.0897159,0.0830114,0.713295,0.397216,0.24017,0.258864,0.0964205,0.146023,0.0697727,0.08625,0.0843182,0.08625,0.117216,0.173807,0.159091,0.0111932,0.118239,0.0710795,0.0461932,0.0469318,0.1175,0.131364,0.244602,0.274205,0.0131818,0.0166477,0.0253239,0.14246,0.0152727,0.182443,0.0560909,0.0519148,2.18389,12.1989,100.068,0.380682
0.0757447,0.0625532,0.33078,0.00617021,0.303972,0.156738,0.0714184,0.146667,0.0882979,0.185248,0.0463121,0.486454,0.0848936,0.0378723,0.0214184,0.241844,0.155745,0.165035,1.38284,0.120284,0.749645,0,0.125603,0.076383,0.751206,0.447447,0.13461,0.149716,0.0869504,0.139078,0.0714894,0.0342553,0.112979,0.0342553,0.107447,0.116879,0.240284,0.00489362,0.0891489,0.0635461,0.117376,0.0258156,0.0759574,0.0768794,0.170284,0.254326,0.0077305,0.0421277,0.0569362,0.185716,0.0249645,0.131879,0.0589291,0.0387943,2.45279,19.383,194.525,0.425532
0.137701,0.115057,0.376322,0.0349425,0.301839,0.103218,0.0729885,0.152184,0.188851,0.34977,0.103333,0.474943,0.118161,0.0314943,0.0981609,0.292069,0.198391,0.257356,1.50414,0.165632,0.924828,0.537586,0.173678,0.0996552,0.475977,0.231494,0.0872414,0.119195,0.0498851,0.0663218,0.0373563,0.0293103,0.0303448,0.0293103,0.0718391,0.0797701,0.12954,0.043908,0.0482759,0.102414,0.0393103,0.0866667,0.0467816,0.0128736,0.0851724,0.0724138,0.0248276,0.0466667,0.24608,0.163529,0.0172874,0.292368,0.0816322,0.117793,3.60985,45.4483,374.655,0.54023
0,14.28,0,0,0,0,0,0,0,0,0,0,0,0,0,0,0,0,0,0,0,0,0,0,0,0,0,0,0,0,0,0,0,0,0,0,0,0,0,0,0,0,0,0,0,0,0,0,0,0,0,0,0,0,1.8,5,9,0
0.124369,0.15301,0.389223,0.138932,0.297961,0.119612,0.088835,0.185922,0.42767,0.51534,0.123107,0.532718,0.128447,0.0634951,0.135728,0.270291,0.145631,0.371553,1.42854,0.176796,0.934078,0.91165,0.12466,0.198058,0.470777,0.150583,0.0302913,0.0246602,0.00553398,0.0266019,0.0197087,0.00184466,0.122816,0.00368932,0.124757,0.0316505,0.136505,0.00174757,0.0326214,0.0313592,0.00932039,0.0270874,0.00524272,0.0121359,0.0366019,0.0365049,0.00640777,0.0286408,0.0586214,0.106913,0.043534,0.362107,0.180175,0.104767,4.71909,77.699,971.097,0.68932
0.118421,0.154912,0.688947,0.160702,0.660702,0.611404,0.324211,0.165439,0.581754,0.412281,0.252281,0.720526,0.177193,0.0936842,1.13667,0.344561,0.151228,0.89614,1.74298,0.878246,1.05386,0.101404,0.608421,0.165439,0.00157895,0.00157895,0,0,0,0,0,0,0.00631579,0,0.00508772,0,0.00508772,0,0,0.047193,0,0,0.103509,0.0140351,0.0526316,0.042807,0,0,0.0101404,0.0927018,0.00131579,0.374491,0.152123,0.0238772,15.4019,652.789,1402.49,1
0.185824,0.125275,0.328571,0.00120879,0.35033,0.152967,0.0761538,0.167802,0.333187,0.327143,0.0973626,0.646923,0.076044,0.123407,0.090989,0.18044,0.332967,0.0771429,1.45,0.209011,1.05747,0.345055,0.0632967,0.240659,0.866923,0.185495,0.0279121,0.0121978,0.00461538,0.0249451,0.0195604,0.00461538,0.103407,0.00582418,0.0195604,0.0582418,0.160989,0.0206593,0.0167033,0.0325275,0.0508791,0.142418,0.017033,0.0150549,0.0571429,0.0901099,0.00604396,0.0118681,0.125297,0.184692,0.0147582,0.270308,0.13022,0.0888791,4.20715,73.5275,628.11,0.494505
0.295,0.0833333,1.3825,0.0158333,0.885833,0,0.0541667,0,0.495833,0.685833,0,0.0333333,0,0,0,0.065,0,0,0.295,0.725833,0.400833,0,0,0.0333333,0.278333,0,0.121667,0.04,0,0.0483333,0,0,0,0.0316667,0,0,0.0483333,0,0,0,0,0,0,0,0,0,0,0,0,0.00733333,0,0.763833,0.18825,0.0025,537.208,1405.58,1442.75,0.916667
0,0,0,0,0.769231,0,0,0,0,0,0,0,0,0,0,0,0,0,0,0,0,0,0,0,8.54692,4.37077,0.854615,0,0,0,0,0,0,0,0,0.591538,0,0,0,0,0,1.11462,0,0.103846,0,0,0,0,0,0,0,0,0,0,1.38008,2.30769,6.07692,0
0.0655752,0.127965,0.308053,0.0106195,0.355044,0.11115,0.109115,0.119823,0.0480531,0.286549,0.0679646,0.517257,0.194513,0.0346903,0.0916814,0.184956,0.116195,0.283894,1.38283,0.0515044,0.82823,0.323628,0.133186,0.0864602,0.664602,0.300619,0.174513,0.114425,0.100354,0.103274,0.0571681,0.0640708,0.0847788,0.0640708,0.0771681,0.099115,0.159204,0.0134513,0.070885,0.0841593,0.0141593,0.0274336,0.0861947,0.0537168,0.126991,0.0634513,0,0.0174336,0.0448053,0.176062,0.0259204,0.169965,0.115283,0.0430265,2.98773,24.6106,246.434,0.530973
0.0225882,0,0.039,0,0.170824,0.0375294,0,0.0653529,0,0.0255294,0,0.171706,0,0.0630588,0,0.0597059,0,0.0452353,0.399353,0,0.269765,0,0,0,0.041,0.0154706,0.385235,0,0,0,0.0735294,0,0,0,0,0,0,0,0,0,0,0.0844706,0,0.493941,0.465706,0.354824,0,0.107824,0.00397059,0.102724,0.0566765,0.170553,0,0,1.20457,1.66471,5.30588,0.0470588
0.364857,0.140143,0.428857,0,0.123714,0.0562857,0.135429,0.072,0.0265714,0.0974286,0.347,0.891857,0.021,0.0501429,0,0.330143,0.112143,0.078,1.58729,0,3.17257,0,0,0.298143,0.370857,0.149571,0.108429,0.121,0.0445714,0.0575714,0,0.0718571,0.017,0.0718571,0.0394286,0.019,0.213286,0,0.054,0,0,0.0788571,0,0.0165714,0.164571,0.0832857,0,0.0347143,0.0174286,0.133086,0,0.510014,0.0873429,0.00271429,4.68229,28.9429,59.4143,0.514286
0.0738372,0.0769767,0.205349,0,0.154535,0.0261628,0.095814,0.370116,0.127791,0.0882558,0.0333721,0.314302,0.00476744,0.217326,0,0.481047,0.154884,0.113256,1.20756,0.0354651,0.761977,0.0340698,0.192209,0.0715116,0.296977,0.313953,0.211279,0.0876744,0,0.0387209,0.0182558,0.0274419,0.0531395,0.0274419,0.0617442,0.119767,0.111744,0,0.0263953,0.0183721,0,0.0415116,0.015814,0.0219767,0.407209,0.0317442,0,0.0193023,0.00702326,0.153686,0.0111977,0.37836,0.121186,0.00709302,3.80452,27.1977,82.8488,0.709302
0.153478,0.124783,0.265435,0.00804348,0.295435,0.106304,0.0395652,0.230435,0.203696,0.299348,0.0923913,0.540435,0.148261,0.0695652,0.0623913,0.32413,0.210435,0.185652,1.49261,0.128696,0.707826,0.652609,0.261522,0.233478,0.461087,0.0893478,0.00586957,0.00543478,0.00326087,0.023913,0.0104348,0,0.0884783,0.00282609,0.0106522,0.118043,0.160217,0.00934783,0.0213043,0.0245652,0.0193478,0.00326087,0.0073913,0.0245652,0.0297826,0.0973913,0.0023913,0.0397826,0.0394565,0.123587,0.0373696,0.200739,0.163326,0.101739,5.77274,124.522,1677.87,0.543478
0.219062,0.405938,0.650312,0.0734375,0.365938,0.18125,0.319688,0.125625,0.314063,0.860625,0.215625,0.77125,0.14375,0.096875,0.270625,0.930625,0.3275,0.23875,1.85531,0.145,1.52562,0.0053125,0.193438,0.223438,0.299375,0.13875,0.0075,0,0,0.0228125,0,0,0.0421875,0,0.0225,0.0146875,0.12125,0.026875,0.0075,0.0228125,0,0.0228125,0.010625,0.0153125,0.110625,0.0446875,0,0.0240625,0.0094375,0.125656,0.00465625,0.753812,0.231156,0.0675,25.445,340.531,656.719,0.9375
0.109086,0.0701523,0.299289,0,0.271523,0.0413198,0.0131472,0.0776142,0.00994924,0.122233,0.0048731,0.419239,0.0563452,0.0926904,0,0.280558,0.0223858,0.147208,1.68985,0.10599,0.482538,0,0.0107614,0.00857868,0.112944,0.0528426,0.440508,0,0.0273096,0.0211168,0,0,0.317411,0,0.101523,0.00903553,0.00903553,0.0561421,0.0659391,0.00593909,0.197259,0.285381,0.0362437,0.0949746,0.60198,0.499645,0.0148223,0,0.0168274,0.0969695,0.0128426,0.273604,0.00904061,0,1.52374,3.37563,12.533,0.0812183
0.117589,0.0792857,0.293125,0.112054,0.305714,0.1125,0.0666964,0.157946,0.197054,0.297321,0.0640179,0.729375,0.120982,0.0967857,0.0202679,0.193125,0.189732,0.127768,1.40339,0.0888393,1.08813,0.237946,0.207589,0.0946429,0.707232,0.181607,0.0124107,0.0186607,0.0166071,0.03,0.00223214,0,0.093125,0.00169643,0.0241071,0.0617857,0.156607,0.0111607,0.0292857,0.0116964,0.0658929,0.0708929,0.0075,0.0180357,0.0707143,0.265714,0.0228571,0.0190179,0.0429821,0.163179,0.0200625,0.23175,0.0736696,0.0468482,4.40768,58.5536,536.018,0.598214
0.0643038,0.0627848,0.171519,0,0.421772,0.10962,0.272025,0.0372152,0.0549367,0.294051,0.0344304,0.425696,0.201266,0.0612658,0,0.608228,0.0444304,0.279241,2.35101,0.151772,0.888354,0.07,0,0.169367,0.0591139,0.0706329,0.0451899,0.0189873,0,0.0187342,0,0,0.046962,0,0.0340506,0.0194937,0.0172152,0,0,0.0172152,0.00329114,0.0753165,0.00886076,0.066962,0.258734,0.349114,0,0,0.0131266,0.0365949,0.0024557,0.243089,0.035481,0.291886,5.16873,53.3797,93.519,0.468354
0.121563,0.259063,0.480156,0.308281,0.503906,0.216563,0.601719,0.0684375,0.0629687,0.285,0.09875,0.50875,0.0457813,0.003125,0.010625,0.355156,0.21875,0.429375,2.31625,0.340937,1.38594,0.179531,0.102031,0.155781,0.0625,0.048125,0.005,0.0220313,0.0225,0.0225,0.0146875,0,0.00421875,0,0.0420313,0.0378125,0.105938,0,0.0757812,0.00296875,0,0,0.0221875,0.011875,0.214688,0.02625,0,0.0271875,0.00767187,0.103359,0.0160625,0.438406,0.218109,0.04325,8.87014,132.172,331.5,0.859375
0.30617,0.144894,0.280426,0.0917021,0.0723404,0.106809,0.0193617,0.139787,0.221064,0.399574,0.144681,0.630213,0.341064,0.652766,0.0255319,0.158936,0.276596,0.12,1.86936,0.0476596,0.868511,0.0334043,0.447021,0.28766,0.0951064,0.0604255,0.00510638,0.00148936,0.00212766,0.00382979,0,0,0.309362,0,0,0.0297872,0.176383,0.00148936,0.00659574,0.017234,0.0246809,0.00765957,0.00446809,0.0159574,0.0421277,0.0568085,0.00978723,0.0502128,0.0292553,0.115766,0.00757447,0.24734,0.329319,0.0877872,5.44715,185.447,3357.47,0.744681
0.117738,0.163214,0.412381,0,0.467262,0.121071,0.319167,0.140238,0.0692857,0.32,0.142857,0.527738,0.151786,0.0572619,0.0541667,0.327024,0.226786,0.275833,1.93214,0.140833,1.04357,0.0194048,0.282619,0.0730952,0.239048,0.0884524,0.0144048,0.126786,0.00714286,0.0746429,0.0145238,0.00714286,0.24619,0.00714286,0.113929,0.0794048,0.150357,0,0.00666667,0.0888095,0.00369048,0.0430952,0.00619048,0.017619,0.120595,0.0753571,0,0.0214286,0.0130476,0.084119,0.00120238,0.470417,0.116238,0.0138452,4.69696,64.1786,195.976,0.654762
0.121707,0.440976,0.342439,1.72976,0.936341,0.144634,0.696341,0.152683,0.0580488,0.375854,0.0426829,0.635854,0.190976,0.0819512,0,0.730488,1.53659,0.239024,2.09098,0.274146,1.82732,0,0.0192683,0.160976,0,0,0,0,0,0.0236585,0,0,0,0,0,0.0521951,0.113659,0.0380488,0,0.00829268,0,0,0,0,0.00829268,0,0,0,0,0.123293,0,0.729683,0.212683,0.0322927,9.20393,136.756,194.512,0.926829
0.0626667,0.153333,0.4092,0,0.572267,0.115333,0.237867,0.146533,0.0782667,0.206933,0.1152,0.699333,0.0734667,0,0.191067,0.277733,0.306267,0.406,2.16973,0.439333,1.32773,0.157467,0.269733,0.125067,0.2948,0.130133,0.0492,0.115467,0.0182667,0.1108,0.0182667,0.0182667,0.0213333,0.0182667,0.0414667,0.0448,0.1016,0,0.144933,0.1048,0.0141333,0.0526667,0.0048,0,0.169333,0.0386667,0,0,0.00350667,0.130693,0.000866667,0.303667,0.0947733,0.03128,5.6484,57.0267,145.773,0.666667
0,0,0,0,0.476,0,0,0,0,0,0,0,0,0,0,0,0,0,1.826,0,0,0,0,0,0,0,0,0,0,0,0,0,0,0,0,0,0,0,0.740667,0,0,0,0,0,11.342,0.512667,0,0,0,0.204,0,2.7824,0,0,1.36873,2.66667,7.06667,0
0.082619,0.138286,0.296286,0.00385714,0.396429,0.221476,0.128333,0.100048,0.0461905,0.250381,0.032619,0.573476,0.0835714,0.00914286,0.00461905,0.238095,0.128714,0.19019,1.52424,0.0169524,1.17614,0.00590476,0.115524,0.112381,0.616333,0.352333,0.250857,0.155857,0.10981,0.130524,0.0799524,0.0752857,0.115143,0.0752857,0.127619,0.106476,0.197333,0.00109524,0.0950952,0.0835714,0.0533333,0.051,0.114143,0.019619,0.244476,0.0847619,0.0126667,0.0177619,0.0302429,0.170876,0.0291857,0.172424,0.0681476,0.0142143,2.4832,17.7095,153.662,0.466667
0,0,0,0,0,0,0,0,0,0,0,0,0,0,0,0,0,0,0,0,0,0,0,0,0,0.649091,11.6773,0,0,0,0,0,0,0,0,0,0,0,0,0,0,1.01,0,0,0.302727,0,0,0.378636,0.118727,0.159455,0,0.1105,0,0,1.55977,3.13636,8.68182,0
0,0,0.0341026,0,0.0341026,0,0,0,0,0,0,0,0,0,0,0,0,0.254103,0.08,0,0.0341026,0,0,0,10.9664,3.1559,2.02385,2.27795,1.95282,2.33359,2.20692,1.95282,0,1.95282,2.20692,2.20692,0.0341026,0.102564,0.0341026,1.95282,0,0.102564,0,0,1.03513,0,0,0,0.0221795,0.545103,0.00553846,0.0927692,0,0,3.37659,12.9487,28.641,0
0.486667,0.750833,0.77375,0,0.35,0.282917,0.0454167,0.407917,0.425,1.41,0.0629167,1.4775,0.12625,0.282917,0.348333,0.299167,0.13,0.66125,2.12708,0.3475,3.35667,0.0158333,0.54125,0.256667,0,0,0,0,0,0,0,0,0.01375,0,0.0529167,0.0175,0.0154167,0,0,0,0,0,0.00791667,0,0.0258333,0,0,0,0.012,0.153833,0.0674167,0.980917,0.185792,0.0610833,40.1172,598.375,872.333,1
2.27,7.03,0,0,0,0,0,0,0,2.38,0,0,0,0,0,2.27,0,4.545,0,0,2.27,0,0,4.545,0,0,0,0,0,0,0,0,0,0,0,0,0,0,0,0,0,0,0,0,2.38,0,0,0,0,0,0,1.538,0,0,1.214,2.5,10,0.5
0.17,0.0795722,0.319947,0.0068984,0.48123,0.0970053,0.117701,0.13631,0.0436898,0.174599,0.0293048,0.506417,0.0790374,0.00390374,0.0228342,0.234652,0.173422,0.186524,1.66396,0.0374866,0.819626,0.00540107,0.117647,0.0356684,0.557326,0.410749,0.250695,0.20615,0.104064,0.127005,0.0579679,0.0582888,0.090107,0.0614439,0.146043,0.136417,0.174545,0.00385027,0.105668,0.0603209,0.0436898,0.0514973,0.102406,0.0695187,0.279893,0.157273,0.00149733,0.0545989,0.024262,0.14338,0.0207807,0.283701,0.0751711,0.0203102,2.20411,14.8128,122.888,0.42246
0.108721,0.027032,0.220639,0.00607306,0.184886,0.0754338,0.0823744,0.146575,0.0227397,0.171142,0.0306849,0.512922,0.100502,0.00105023,0.0403653,0.126712,0.118539,0.232785,1.53187,0.00607306,0.668539,0,0.0346119,0.0346119,0.708493,0.375982,0.222466,0.291233,0.0818265,0.162831,0.0720548,0.0438356,0.282329,0.0438356,0.183881,0.124521,0.281279,0.00858447,0.130046,0.0705936,0.046347,0.119269,0.117306,0.131918,0.326621,0.301735,0.00392694,0.0358447,0.0156804,0.186406,0.026484,0.21074,0.0556758,0.0267489,2.1693,11.4384,65.8447,0.296804
0.0282759,0.0748276,0.247586,0,0.605172,0.0334483,0.953103,0.458276,0.381724,0.457586,0.382069,0.785862,0.00689655,0.0368966,0.00827586,0.749655,1.27103,0.115862,1.75138,0.373448,2.00034,0,0.156207,0.0868966,0.0444828,0.0272414,0.227241,0.02,0.0172414,0.00862069,0.217241,0,0,0.01,0.0682759,0,0.177931,0,0.0368966,0.655172,0,0.00689655,0,0,0.0710345,0,0,0.0344828,0.0157586,0.161276,0.0204828,0.386483,0.126724,0.0344138,38.6563,249.552,370.793,0.586207
0.112871,0.101818,0.26067,0,0.205024,0.0525359,0.131053,0.0785646,0.00751196,0.219809,0.0589952,0.645502,0.0686124,0,0.0379904,0.219091,0.0894737,0.193541,1.68555,0.0201914,0.540766,0,0.05311,0.0219139,0.719091,0.42622,0.196268,0.221435,0.156651,0.253349,0.131914,0.0549282,0.190861,0.0549282,0.270478,0.140718,0.199904,0.00382775,0.182823,0.0579904,0.0676077,0.197321,0.0509569,0.0921053,0.220048,0.327129,0,0.0291866,0.0116364,0.140344,0.0044689,0.224316,0.0172249,0.0777799,2.04593,9.46411,52.2919,0.248804
0.104881,0.107143,0.363214,0,0.544881,0.127619,0.109405,0.170952,0.0711905,0.304048,0.100595,0.621667,0.072381,0.0128571,0,0.331548,0.358929,0.275476,1.9619,0.136786,1.00738,0.125,0.197143,0.0838095,0.236786,0.0830952,0.0329762,0.0284524,0.00464286,0.0440476,0.00464286,0.00833333,0.0255952,0.0121429,0.0444048,0.0786905,0.107857,0.000833333,0.022619,0.0435714,0,0.02,0.0175,0.0204762,0.221667,0.274524,0,0.0288095,0.0584643,0.109964,0.00907143,0.336976,0.119595,0.0552143,4.19907,67.1786,262.81,0.654762
0.0966842,0.113526,0.213474,0.00710526,0.32,0.0541053,0.111158,0.0901053,0.0312632,0.367842,0.0545789,0.598684,0.111211,0.00710526,0.0249474,0.110105,0.116,0.141105,1.60237,0.0483684,0.574789,0.00305263,0.0491579,0.0627895,0.651,0.423263,0.286053,0.337737,0.120053,0.170789,0.104895,0.0819474,0.0821579,0.0819474,0.168421,0.172,0.194158,0.00526316,0.145211,0.0844211,0.0337368,0.0741053,0.106368,0.0978947,0.251421,0.168158,0.0128421,0.0436316,0.0253789,0.1827,0.0135947,0.239542,0.0312,0.0150158,2.17769,11.1842,81.1053,0.268421
0.130777,0.0686408,0.305437,0.0150485,0.286117,0.113592,0.075534,0.139806,0.0581553,0.213981,0.0483495,0.481845,0.0961165,0.0337864,0.000873786,0.217476,0.195243,0.128544,1.48243,0.152913,0.710777,0.717087,0.157961,0.0714563,0.760874,0.285728,0.100874,0.0402913,0.061165,0.0482524,0.0521359,0.0123301,0.0856311,0.0152427,0.0394175,0.0596117,0.243398,0.00184466,0.0164078,0.0318447,0.0480583,0.0323301,0.0372816,0.0690291,0.123786,0.256893,0.00718447,0.0224272,0.245476,0.174728,0.0296311,0.215417,0.0940583,0.158825,3.7923,34.8738,314.825,0.466019
0.106527,0.0747699,0.25887,0,0.272259,0.0648954,0.121423,0.0260251,0.0360251,0.147531,0.0300837,0.509038,0.125188,0.0521757,0.0142259,0.329456,0.103264,0.117364,1.69795,0.0167782,0.555523,0,0.0591632,0.021046,0.558326,0.366569,0.390795,0.174644,0.165146,0.189414,0.136611,0.111841,0.0761925,0.111841,0.199707,0.187824,0.162971,0.00619247,0.0995397,0.120837,0.0634728,0.236318,0.0678243,0.139623,0.313891,0.111172,0.00426778,0.0464017,0.0105607,0.149837,0.0201339,0.224167,0.0454184,0.0104059,1.81377,7.38075,40.2134,0.196653
0,0,0,0,0,0,0,0,0,0,0,0,0,0,0,0.37037,0,0,0,0,0,0,0,0,0,0,20.987,0,0,0,0,0,0,0,0,0,0,0,0,0,0,0,0,0,0,0,0,0,0,0,0,0,0,0,1.16356,1.51852,5.13889,0
0.129583,0.209722,0.431806,0.594583,0.276389,0.120139,0.0483333,0.112917,0.26,0.315694,0.0713889,0.80875,0.209028,0.125278,0.13,0.149583,0.144306,0.187083,1.73278,0.150972,0.950694,0,0.128194,0.174028,0.717361,0.12875,0.0215278,0.0234722,0.0144444,0.0180556,0.0204167,0.00222222,0.0694444,0.00222222,0.0355556,0.0625,0.0911111,0.00194444,0.0173611,0.035,0.00222222,0.0723611,0.0354167,0.0102778,0.0261111,0.00166667,0,0.0213889,0.140569,0.130917,0.017875,1.03196,0.256306,0.0185694,4.10265,61.0833,755.875,0.597222
0.314865,0.276757,0.336486,0.00351351,0.248919,0.0745946,0.0389189,0.149459,0.425676,0.528919,0.214054,0.579189,0.367838,0.723243,0.0859459,0.259189,0.332432,0.11027,2.41297,0.0359459,1.0927,0.0454054,0.393784,0.371622,0.0959459,0.0994595,0.00162162,0.000540541,0.000540541,0,0,0,0.123243,0,0.00189189,0.0321622,0.133784,0.00297297,0.00243243,0.0391892,0.00432432,0.00216216,0.00621622,0.00378378,0.0594595,0.0194595,0.00189189,0.0156757,0.0328378,0.100892,0.0108919,0.335595,0.430541,0.0987568,7.64754,346.757,2344.32,0.864865
0.096,0.008,0.196,0.008,0.092,0.118,0,0.058,0.058,0.188,0.074,0.082,0.072,0,0.038,0.088,0.078,0.076,0.608,0.008,0.242,1.906,0.138,0.11,0,0,0,0,0,0,0,0,0,0.028,0,0.008,0,0,0.016,0,0,0,0,0,0.038,0,0,0,0.4302,2.0094,0.009,0.3924,0.375,0.4024,57.5034,2297.8,10648.8,1
0,0,0,0,0,0,0,0,0,1.085,0,0,0,0,0,0,0,0,0,0,0,0,0,0,14,1.6075,0.5675,0.5675,0.5675,2.7375,0.5675,0.5675,0,0.5675,0.5675,0.5675,0,0,0,0.5675,0,0,0,0,0,0,0,0,0,0.166,0,0,0,3.448,2.749,11.25,61,0
0.101705,0.0818182,0.265455,0.0131818,0.301932,0.107727,0.146023,0.0705682,0.0159091,0.176818,0.0320455,0.391932,0.0973864,0.0204545,0.0298864,0.503523,0.144886,0.0997727,1.90091,0.0127273,0.86875,0.0646591,0.178977,0.0855682,0.356136,0.234432,0.188068,0.120568,0.0531818,0.0890909,0.04875,0.04875,0.0480682,0.0640909,0.10375,0.143068,0.0204545,0,0.120341,0.0576136,0.00375,0.0181818,0.00727273,0.025,0.262273,0.135455,0,0.0289773,0.0100341,0.141841,0.0159205,0.42267,0.0698409,0.0320909,3.61434,34.2614,120.966,0.613636
0.0673504,0.0439316,0.254103,0,0.294017,0.0429487,0.0463675,0.0636752,0.0293162,0.107479,0.0179915,0.763547,0.0737179,0.0318376,0.0100855,0.186453,0.0310256,0.123462,2.01833,0.00824786,0.555684,0,0.0330769,0.107521,0.305,0.320897,0.309402,0.0252991,0.150085,0.0308974,0.0250427,0,0.0820085,0,0.0238034,0.0216239,0.182863,0.0105128,0.0962393,0.00948718,0.0964103,0.289872,0.0301282,0.152009,0.472179,0.194145,0,0.0311538,0.0271325,0.115295,0.0112607,0.188594,0.0290855,0.0146111,1.76183,6.33761,28.3291,0.175214
0.0830667,0.2392,0.301733,0,0.0870667,0.121867,0.251333,0.0898667,0.0652,0.6668,0.0204,0.4672,0.06,0.112,0,0.164133,0,0.0634667,2.42853,0,0.951867,0,0.0298667,0.1372,0.282133,0.0930667,0.350133,0.3012,0.116133,0.0174667,0.0605333,0,0.0717333,0,0,0.0554667,0.306133,0.00546667,0.478267,0.0554667,0.0445333,0.0986667,0.0250667,0.100267,0.627333,0.313867,0,0.0341333,0.0359867,0.188987,0.01244,0.181067,0.133773,0.0500133,3.27363,18.9333,38.7067,0.386667
0.0315278,0.0347222,0.204444,0,0.0661111,0.0495833,0,0,0.0251389,0.380556,0,0.144167,0.0770833,0,0,0.106806,0,0.0301389,7.20597,0,1.36319,0,0,0.309028,0.0251389,0,0.986389,0,0.0513889,0,0,0,0.0868056,0,0,0,0,0,0.0602778,0,0,0,0,0,1.28944,0.605417,0.0301389,0.0661111,0.0158472,0.0428611,0,0.180639,0,0,1.19181,1.83333,6.73611,0.0694444
0,0,0.23,0,1.90143,0,0,0,0,0,0,1.98571,0,0,0,0,0,0,0,0,0.23,0,0,0,0.462143,0.462143,0,0,5.49643,0,0,0,0,0,0,0,0,1.05571,0,0,0,8.47929,0,0,0,0,0,0,0,0,0,0.121714,0,0,1.31107,2.71429,10.6429,0
0.124035,0.152982,0.259123,0.809474,0.444561,0.117281,0.0501754,0.0979825,0.233333,0.185789,0.100702,0.697193,0.145263,0.0387719,0.0545614,0.208947,0.259386,0.180526,1.81254,0.0723684,0.792544,0.72114,0.197544,0.152193,0.592018,0.108684,0.0626316,0.0163158,0.0225439,0.00929825,0.0119298,0.0146491,0.0780702,0.0114035,0.0268421,0.0702632,0.0922807,0.0245614,0.015614,0.00719298,0.0114035,0.0376316,0.0166667,0.00535088,0.0594737,0.0473684,0.0077193,0.015,0.0928947,0.109561,0.00657895,0.195377,0.106202,0.0820789,4.559,47.4123,451.43,0.605263
0.0249275,0.0713043,0.28285,0,0.298406,0.042657,0.0764734,0.0287923,0.0156522,0.169517,0.0147343,0.880676,0.0842512,0.0973913,0,0.114734,0.044058,0.191594,1.94768,0.0290821,0.478309,0,0,0.0688889,0.15599,0.0904348,0.36715,0.049372,0.100145,0.102899,0,0,0.0502899,0,0.0576812,0.0118841,0.0849758,0.0209662,0.0898551,0.00463768,0.0821256,0.272899,0.0471014,0.131401,0.393043,0.191981,0,0.0468116,0.0360097,0.130116,0.0161208,0.170831,0.00525604,0.00422222,1.70288,4.96135,19.2464,0.130435
