0,0,0,0,0,0,0,0,0,0,0,0,0,0,0,0.325203,0,0,0,0,0,0,0,0,0.0903252,0.116098,20.068,0,0,0,0,0,0,0,0,0,0,0,0,0,0,0.18065,0,0,0.0541463,0,0,0,0,0.0285203,0,0.00934146,0,0,1.20634,1.6748,5.45528,0
0.155429,0.161857,0.823714,0.133571,0.691714,0.497857,0.269,0.145286,0.556143,0.496286,0.205143,0.654857,0.144286,0.0868571,0.925571,0.302286,0.123143,0.727571,1.517,0.789143,1.02771,0.0825714,0.506,0.138286,0.049,0.00128571,0.0208571,0.00685714,0,0.00828571,0,0,0.003,0.00542857,0.00414286,0,0.0177143,0,0,0.0384286,0,0,0.08,0.0114286,0.0428571,0.0348571,0,0,0.00825714,0.0784857,0.00107143,0.468929,0.158857,0.0214143,106.227,790.257,1399.94,0.985714
0.0848322,0.144765,0.322383,0.00271812,0.392148,0.203154,0.154161,0.0878523,0.0503356,0.236107,0.0409396,0.617114,0.0930537,0.00644295,0.0168121,0.251644,0.132584,0.23151,1.65671,0.0457383,1.13815,0.0437919,0.127785,0.106007,0.579262,0.322148,0.209933,0.130201,0.0923825,0.140839,0.0662752,0.0640268,0.0897987,0.0675168,0.108523,0.097047,0.169933,0.000771812,0.102685,0.0832886,0.0913087,0.0433221,0.0850336,0.0170134,0.21755,0.140839,0.00892617,0.0131879,0.0384128,0.155265,0.021698,0.231191,0.0706074,0.0192987,3.00809,24.0034,153.158,0.486577
0.153478,0.124783,0.265435,0.00804348,0.295435,0.106304,0.0395652,0.230435,0.203696,0.299348,0.0923913,0.540435,0.148261,0.0695652,0.0623913,0.32413,0.210435,0.185652,1.49261,0.128696,0.707826,0.652609,0.261522,0.233478,0.461087,0.0893478,0.00586957,0.00543478,0.00326087,0.023913,0.0104348,0,0.0884783,0.00282609,0.0106522,0.118043,0.160217,0.00934783,0.0213043,0.0245652,0.0193478,0.00326087,0.0073913,0.0245652,0.0297826,0.0973913,0.0023913,0.0397826,0.0394565,0.123587,0.0373696,0.200739,0.163326,0.101739,5.77274,124.522,1677.87,0.543478
0.096,0.008,0.196,0.008,0.092,0.118,0,0.058,0.058,0.188,0.074,0.082,0.072,0,0.038,0.088,0.078,0.076,0.608,0.008,0.242,1.906,0.138,0.11,0,0,0,0,0,0,0,0,0,0.028,0,0.008,0,0,0.016,0,0,0,0,0,0.038,0,0,0,0.4302,2.0094,0.009,0.3924,0.375,0.4024,57.5034,2297.8,10648.8,1
0.314865,0.276757,0.336486,0.00351351,0.248919,0.0745946,0.0389189,0.149459,0.425676,0.528919,0.214054,0.579189,0.367838,0.723243,0.0859459,0.259189,0.332432,0.11027,2.41297,0.0359459,1.0927,0.0454054,0.393784,0.371622,0.0959459,0.0994595,0.00162162,0.000540541,0.000540541,0,0,0,0.123243,0,0.00189189,0.0321622,0.133784,0.00297297,0.00243243,0.0391892,0.00432432,0.00216216,0.00621622,0.00378378,0.0594595,0.0194595,0.00189189,0.0156757,0.0328378,0.100892,0.0108919,0.335595,0.430541,0.0987568,7.64754,346.757,2344.32,0.864865
0.0915714,0.129714,0.267571,0.273714,0.271429,0.0787143,0.065,0.0625714,0.291,0.379429,0.0832857,0.465571,0.135571,0.143714,0.0925714,0.279857,0.0828571,0.248714,1.37257,0.250571,0.908,0.857571,0.0971429,0.093,0.367571,0.172286,0.0305714,0.0182857,0.00842857,0.0158571,0.032,0.00128571,0.0765714,0.00128571,0.0991429,0.0232857,0.164143,0.000571429,0.0164286,0.0384286,0.00957143,0.0348571,0.0112857,0.011,0.0407143,0.0484286,0.0157143,0.0377143,0.034,0.153971,0.0199857,0.225086,0.1278,0.102971,6.30633,105.857,1230.47,0.6
0.30617,0.144894,0.280426,0.0917021,0.0723404,0.106809,0.0193617,0.139787,0.221064,0.399574,0.144681,0.630213,0.341064,0.652766,0.0255319,0.158936,0.276596,0.12,1.86936,0.0476596,0.868511,0.0334043,0.447021,0.28766,0.0951064,0.0604255,0.00510638,0.00148936,0.00212766,0.00382979,0,0,0.309362,0,0,0.0297872,0.176383,0.00148936,0.00659574,0.017234,0.0246809,0.00765957,0.00446809,0.0159574,0.0421277,0.0568085,0.00978723,0.0502128,0.0292553,0.115766,0.00757447,0.24734,0.329319,0.0877872,5.44715,185.447,3357.47,0.744681
0.361,0.581,0.80175,0.02275,0.39725,0.2195,0.1945,0.274,0.3905,1.216,0.1315,1.16,0.12675,0.21475,0.3365,0.7075,0.205,0.43325,1.90525,0.26125,2.49825,0.01375,0.44725,0.24475,0.00625,0.01275,0,0,0,0,0,0,0.01625,0,0.04375,0.0105,0.08175,0.009,0,0,0,0,0.0045,0,0.06725,0.012,0,0.01925,0.01055,0.12565,0.044175,0.94615,0.234025,0.0672,38.5337,490.925,750.35,0.975
0.152957,0.0760851,0.270957,0.00282979,0.189936,0.0645957,0.128872,0.102489,0.0133404,0.194809,0.0885106,0.617255,0.0668723,0.00795745,0.0302553,0.185936,0.0933617,0.189894,1.57404,0.0118085,0.93783,0,0.0290851,0.0791277,0.768596,0.364872,0.198489,0.24534,0.109362,0.198234,0.085383,0.052234,0.194,0.052234,0.201617,0.116574,0.236383,0.00570213,0.120532,0.061383,0.0447234,0.153319,0.0694255,0.104894,0.239277,0.277851,0,0.0301064,0.0147298,0.152828,0.0134085,0.264032,0.038934,0.0776043,2.4669,12.8085,58.5234,0.302128
0.0535095,0.0461968,0.203348,0,0.281366,0.0395301,0.0270485,0.0475184,0.00792952,0.133495,0.0058884,0.464464,0.0500587,0.0721586,0,0.148899,0.0198678,0.128649,1.94808,0.0395007,0.50138,0,0.00311307,0.0669016,0.299897,0.136314,0.527974,0.0150073,0.156769,0.0326579,0.0183554,0,0.116285,0,0.0436417,0.0175184,0.0284435,0.0443172,0.0690749,0.00312775,0.0746843,0.37862,0.0248018,0.189662,0.798385,0.365007,0.0074743,0.0571219,0.0204581,0.0987151,0.0227636,0.257395,0.00421292,0.00128341,1.44563,3.16006,11.6094,0.0792952
0.0939048,0.103333,0.315857,0.0104762,0.385381,0.130714,0.0993333,0.103238,0.0650476,0.230095,0.0681905,0.544238,0.141476,0.025381,0.0489524,0.219857,0.209143,0.257429,1.56224,0.104095,0.795619,0.306571,0.177048,0.0812381,0.579762,0.244333,0.111238,0.0741905,0.0639048,0.0758095,0.0352857,0.0338571,0.0667619,0.0368095,0.063619,0.087619,0.162,0.0012381,0.0373333,0.0584762,0.0192381,0.0349524,0.0480476,0.0335238,0.155048,0.157905,0,0.0221905,0.0536905,0.157752,0.0264619,0.23619,0.117338,0.0590381,3.60063,40.5429,266.824,0.566667
0.0931878,0.0948472,0.359389,0.00379913,0.340131,0.13607,0.152096,0.160131,0.0686026,0.254017,0.0959825,0.483537,0.118734,0.0436245,0.0145415,0.290742,0.166812,0.196157,1.5821,0.13,0.88738,0.0151965,0.153362,0.0813537,0.575677,0.308603,0.0977729,0.136332,0.0589083,0.103974,0.0532314,0.0275983,0.167118,0.0275983,0.107424,0.100699,0.209738,0.00965065,0.0568122,0.0615284,0.010655,0.0310917,0.0577293,0.0579476,0.152445,0.112183,0.00475983,0.0348472,0.0242271,0.146271,0.0162096,0.248904,0.0751179,0.0300699,3.22161,34.1616,199.659,0.50655
0.0605263,0.244211,0.36807,0.00859649,0.639825,0.164035,1.06333,0.240175,0.208596,0.519123,0.222982,0.648947,0.0478947,0.022807,0.0161404,0.638246,0.785439,0.300526,2.20333,0.19,1.61053,0,0.135789,0.100175,0.0473684,0.0138596,0.115614,0.0349123,0.00877193,0.00438596,0.127018,0,0,0.0126316,0.0594737,0.0133333,0.108246,0,0.0517544,0.333333,0,0.00350877,0,0,0.174737,0,0,0.0175439,0.0112456,0.153632,0.0104211,0.423193,0.095614,0.0428246,25.2799,214.281,388.439,0.754386
0.132454,0.117975,0.374172,0.0220245,0.300552,0.083865,0.0907975,0.15773,0.132331,0.300307,0.0700613,0.493742,0.0968712,0.0333129,0.0523926,0.272331,0.20773,0.223497,1.59699,0.181227,0.921472,0.641902,0.143804,0.0917791,0.441902,0.181411,0.0732515,0.0726994,0.0534969,0.0541718,0.0392025,0.0182822,0.0406135,0.0182822,0.0509202,0.0639264,0.15816,0.0234356,0.0376074,0.069816,0.0198773,0.0482822,0.0420245,0.0469939,0.117546,0.161288,0.0177914,0.0442331,0.252006,0.148252,0.0137791,0.297227,0.141742,0.144227,4.1172,52.7485,351.27,0.552147
0.116104,0.137792,0.234935,0.67961,0.409351,0.111429,0.0611039,0.110584,0.222662,0.228182,0.0911039,0.675325,0.120909,0.0444156,0.0425974,0.199805,0.232922,0.166039,1.63429,0.0744156,0.727143,0.75987,0.17526,0.133961,0.668896,0.193442,0.0612338,0.0307792,0.0261688,0.0320779,0.0120779,0.0135065,0.0812338,0.00831169,0.0407143,0.0734416,0.120714,0.0224675,0.018961,0.0116883,0.0330519,0.0468182,0.0183117,0.0106494,0.0623377,0.0823377,0.0205844,0.0234416,0.105701,0.125617,0.0127338,0.173851,0.091026,0.0872338,4.46466,46.6818,463.273,0.558442
0.0935323,0.105547,0.2249,0.00335821,0.274975,0.064403,0.131119,0.169254,0.056194,0.267637,0.0633831,0.507861,0.0826866,0.0607214,0.0256219,0.275473,0.141542,0.160323,1.65276,0.0421393,0.768458,0.0124627,0.100174,0.0716915,0.602512,0.395249,0.251592,0.245697,0.0779353,0.142687,0.070796,0.073607,0.0827861,0.073607,0.122935,0.149726,0.155299,0.00547264,0.105025,0.0653731,0.0255224,0.0519154,0.0832836,0.085995,0.298607,0.169129,0.0139801,0.0338308,0.0164602,0.165878,0.0114055,0.255896,0.0603408,0.0298085,2.58539,15.597,84.2214,0.412935
0.0621951,0.0910569,0.251789,0.00943089,0.518211,0.108618,0.254797,0.0876423,0.0525203,0.283577,0.070813,0.459675,0.160813,0.0393496,0.105122,0.49122,0.163252,0.275041,2.22894,0.290081,0.939187,0.0449594,0.133577,0.148537,0.0806504,0.0814634,0.0325203,0.0845528,0,0.0211382,0,0,0.0301626,0,0.0319512,0.0395122,0.0372358,0,0.0390244,0.0361789,0.00211382,0.0673171,0.00569106,0.0430081,0.265854,0.294553,0,0.00268293,0.00843089,0.0840569,0.00221951,0.20922,0.0525854,0.188878,5.06119,54.122,105.87,0.536585
0.125541,0.326486,0.407973,1.225,0.798919,0.187432,0.525,0.191081,0.0762162,0.365,0.0960811,0.624865,0.122838,0.0535135,0.0478378,0.622432,1.01068,0.34473,2.24095,0.380405,1.76176,0,0.149459,0.165676,0.0077027,0.0077027,0,0.00837838,0,0.0131081,0,0,0.00810811,0,0.00635135,0.0424324,0.107838,0.0210811,0.0322973,0.0475676,0,0,0,0.00743243,0.0787838,0.0189189,0,0,0.00478378,0.123041,0.0115135,0.617608,0.178014,0.0302027,8.22741,128.541,223.554,0.932432
0.160521,0.188021,0.38625,0.455833,0.290208,0.147292,0.0482292,0.1125,0.335729,0.350833,0.0761458,0.692708,0.200937,0.150729,0.205729,0.123854,0.158229,0.200625,1.74552,0.140417,1.00625,0,0.122396,0.214271,0.755208,0.178646,0.0279167,0.0204167,0.0136458,0.0332292,0.018125,0.00447917,0.074375,0.00447917,0.0319792,0.0539583,0.0946875,0.00666667,0.0183333,0.0401042,0.0078125,0.129896,0.0353125,0.0128125,0.041875,0.0215625,0.00479167,0.020625,0.127104,0.154135,0.0161562,0.853125,0.239729,0.0252396,4.39967,85.2812,739.562,0.59375
0,14.1478,0,0,0,0,0,0,0,0.132222,0,0,0,0,0,0,0,0,0,0,0,0,0,0,0,0,0,0,0,0,0,0,0,0,0,0,0,0,0,0,0,0,0,0,0.132222,0,0,0,0,0,0,0,0,0,1.77778,4.88889,9.02778,0
0.0804967,0.081755,0.245712,0,0.235397,0.0574503,0.0812252,0.0461258,0.0374669,0.186043,0.0225,0.587318,0.0878477,0.0468874,0.00953642,0.223642,0.0545033,0.127831,1.79925,0.00983444,0.559834,0,0.0399338,0.0618212,1.03222,0.495447,0.463228,0.269454,0.268675,0.255828,0.219834,0.173659,0.0848841,0.173659,0.24048,0.238146,0.177334,0.0138245,0.159917,0.180894,0.0816722,0.230066,0.0438576,0.130017,0.450497,0.165563,0.00168874,0.0383278,0.0229553,0.169808,0.0144801,0.197614,0.0456225,0.0149917,2.05098,8.55464,34.2781,0.192053
0.123173,0.152212,0.386827,0.137596,0.296442,0.119135,0.0879808,0.184135,0.423558,0.510385,0.121923,0.540481,0.127885,0.0642308,0.134423,0.267692,0.150288,0.367981,1.41615,0.175096,0.925096,0.902885,0.124135,0.196154,0.495385,0.149135,0.03,0.0244231,0.00548077,0.0263462,0.0195192,0.00182692,0.121635,0.00365385,0.123558,0.0320192,0.137212,0.00173077,0.0323077,0.0310577,0.00923077,0.0268269,0.00519231,0.0120192,0.03625,0.0361538,0.00634615,0.0283654,0.0588654,0.107587,0.0431154,0.358625,0.178442,0.10376,4.69535,77.2019,969.981,0.682692
0.157181,0.0943624,0.34302,0.00187919,0.321208,0.140336,0.0628859,0.178389,0.236443,0.277181,0.088255,0.738993,0.0983221,0.0980537,0.0226846,0.188792,0.273356,0.0995973,1.44503,0.169799,1.22128,0.211879,0.137315,0.164094,0.793221,0.154899,0.0146309,0.00563758,0.00644295,0.0131544,0.0112081,0.00100671,0.10349,0.00302013,0.0120134,0.0624832,0.16094,0.0165772,0.0227517,0.0208054,0.0679195,0.0768456,0.00932886,0.0158389,0.0603356,0.213356,0.00241611,0.00711409,0.0814564,0.169054,0.0170134,0.281946,0.0977584,0.0612416,4.25561,64.7315,584.624,0.577181
0.138498,0.0671565,0.277764,0.00412141,0.445304,0.0861661,0.0945367,0.118594,0.0353355,0.162524,0.0324601,0.510927,0.0670607,0.0108307,0.0502236,0.304345,0.154217,0.154537,1.63131,0.0247284,0.836645,0.0316933,0.12115,0.0503195,0.545495,0.372332,0.242204,0.206773,0.102077,0.114313,0.0672843,0.0607348,0.0809585,0.0636102,0.146773,0.156358,0.160927,0.00476038,0.11984,0.0686581,0.0397764,0.0519808,0.0987859,0.076262,0.273482,0.162939,0.000894569,0.0445367,0.0258498,0.146604,0.0222875,0.275048,0.0778466,0.0225623,2.4761,17.2748,117.083,0.447284
