0.116081,0.0804955,0.26045,0,0.251216,0.0645045,0.125495,0.028018,0.0180631,0.158964,0.0353604,0.549324,0.141036,0.0293694,0.0100901,0.250676,0.0968919,0.13027,1.74378,0.0180631,0.55009,0,0.0636937,0.0226577,0.522252,0.328964,0.33982,0.154054,0.131577,0.182658,0.117162,0.078964,0.133874,0.078964,0.192883,0.172297,0.164505,0.00666667,0.142703,0.0886486,0.0765315,0.21991,0.0533333,0.135495,0.262928,0.116306,0.00459459,0.0437387,0.0102838,0.141279,0.0201081,0.228252,0.0460586,0.0105856,1.75558,7.08108,41.1486,0.189189
0.0223077,0.088,0.138154,0,0.246769,0.0367692,0.217692,0.0452308,0.02,0.205846,0,0.472,0.177385,0.048,0,0.501538,0.052,0.303077,2.82892,0.179231,1.21338,0.0850769,0,0.05,0.254923,0.124,0.04,0.0230769,0,0,0,0,0,0,0.0230769,0.00984615,0,0,0,0,0,0.134769,0,0.0516923,0.384308,0.410462,0,0,0.0152615,0.0292,0,0.165538,0.0255385,0.0496923,5.01668,48.0769,82.6,0.415385
0.151343,0.146716,0.826866,0.00283582,0.707612,0.520149,0.272836,0.136716,0.56597,0.458209,0.203284,0.601194,0.150746,0.0797015,0.967015,0.304776,0.11209,0.760149,1.5091,0.820448,0.926119,0.0862687,0.517612,0.144478,0.051194,0.00134328,0.021791,0.00716418,0,0.00865672,0,0,0.00313433,0.00567164,0.00432836,0,0.0129851,0,0,0.0401493,0,0,0.0835821,0.0119403,0.0447761,0.0364179,0,0,0.00285075,0.0761343,0.0011194,0.448209,0.160104,0.019791,108.883,790.104,1415.94,0.985075
0.130804,0.0922613,0.296281,0,0.268794,0.0409045,0.0130151,0.0768342,0.00984925,0.121005,0.00482412,0.405729,0.0557789,0.0917588,0,0.300553,0.0221608,0.191407,1.65106,0.104925,0.500503,0,0.0106533,0.0541709,0.111809,0.0523116,0.562261,0,0.0270352,0.0209045,0,0,0.281206,0,0.100503,0.00894472,0.00894472,0.0555779,0.0652764,0.0058794,0.195276,0.321156,0.0358794,0.0940201,0.620151,0.494623,0.0146734,0.0418593,0.0237337,0.095995,0.0127136,0.280417,0.00894975,0,1.52578,3.38191,12.4472,0.0854271
0.153478,0.124783,0.265435,0.00804348,0.295435,0.106304,0.0395652,0.230435,0.203696,0.299348,0.0923913,0.540435,0.148261,0.0695652,0.0623913,0.32413,0.210435,0.185652,1.49261,0.128696,0.707826,0.652609,0.261522,0.233478,0.461087,0.0893478,0.00586957,0.00543478,0.00326087,0.023913,0.0104348,0,0.0884783,0.00282609,0.0106522,0.118043,0.160217,0.00934783,0.0213043,0.0245652,0.0193478,0.00326087,0.0073913,0.0245652,0.0297826,0.0973913,0.0023913,0.0397826,0.0394565,0.123587,0.0373696,0.200739,0.163326,0.101739,5.77274,124.522,1677.87,0.543478
0.0830144,0.11512,0.291914,0.0038756,0.399809,0.217273,0.127225,0.100526,0.0464115,0.245885,0.0310526,0.569234,0.0839713,0.0091866,0.00464115,0.237512,0.130574,0.172105,1.5166,0.0117703,1.16766,0.00593301,0.109043,0.112919,0.626986,0.357847,0.255502,0.156603,0.115263,0.134976,0.0803349,0.0756459,0.116986,0.0756459,0.12823,0.110813,0.199522,0.00110048,0.0955502,0.0839713,0.0535885,0.051244,0.114689,0.0197129,0.24689,0.0851675,0.0127273,0.0178469,0.031,0.174751,0.0293254,0.169804,0.0640144,0.0140144,2.47073,17.3684,153.45,0.45933
0.11785,0.0852336,0.28028,0.0953271,0.419065,0.132056,0.0361682,0.133738,0.149533,0.153271,0.0776636,0.602991,0.134299,0.031028,0.0238318,0.211308,0.238318,0.124673,1.70879,0.0969159,0.753925,0.495514,0.181121,0.114486,0.576449,0.143551,0.0336449,0.0291589,0.041215,0.026729,0.0107477,0.0195327,0.0442991,0.0120561,0.0301869,0.0817757,0.117944,0.0505607,0.0218692,0.03,0.023271,0.043271,0.0328037,0.00672897,0.0728972,0.0725234,0.0082243,0.0242056,0.164636,0.120841,0.00883178,0.188168,0.0975794,0.0528318,3.10558,38.3645,422.402,0.560748
0.0502381,0.408095,0.356429,1.97286,0.677857,0.227143,0.827619,0.0911905,0.285238,0.441429,0.0133333,0.494048,0.0766667,0.0152381,0.0319048,0.384048,0.157619,0.38881,2.215,0.0571429,1.0731,0,0.242857,0.0990476,0.243095,0.0119048,0.123333,0.017619,0.0119048,0.00595238,0.0116667,0,0,0.0147619,0.017619,0.012619,0.0714286,0,0.0604762,0.0130952,0,0.0047619,0.0130952,0,0.250476,0.0104762,0,0.0238095,0.0188333,0.165262,0.00885714,0.408833,0.114881,0.0471905,13.3599,146.286,426.833,0.761905
0.170056,0.0831285,0.326313,0,0.473911,0.0843017,0.113855,0.142402,0.0456425,0.178659,0.0306145,0.507207,0.0778771,0.00407821,0.0238547,0.234302,0.174246,0.19486,1.64654,0.039162,0.835866,0.00564246,0.122905,0.0372626,0.536313,0.402011,0.246425,0.201229,0.0988827,0.11676,0.0577095,0.0580447,0.0901117,0.0613408,0.145978,0.132346,0.177151,0.00402235,0.110391,0.0565363,0.0456425,0.0537989,0.106983,0.0726257,0.285251,0.161453,0.00156425,0.0570391,0.0232291,0.134804,0.0217095,0.27024,0.0764916,0.0201341,2.15879,14.6034,122.425,0.418994
0,14.1478,0,0,0,0,0,0,0,0.132222,0,0,0,0,0,0,0,0,0,0,0,0,0,0,0,0,0,0,0,0,0,0,0,0,0,0,0,0,0,0,0,0,0,0,0.132222,0,0,0,0,0,0,0,0,0,1.77778,4.88889,9.02778,0
0.193178,0.11215,0.370841,0.00102804,0.343271,0.148318,0.0765421,0.193551,0.301308,0.292336,0.0940187,0.657196,0.0754206,0.106542,0.0756075,0.210467,0.334393,0.0790654,1.38832,0.208505,1.16009,0.293458,0.0851402,0.246449,0.820561,0.166262,0.0228972,0.0103738,0.00392523,0.021215,0.0166355,0.00392523,0.0990654,0.00495327,0.0166355,0.0611215,0.173925,0.0175701,0.028785,0.0320561,0.0697196,0.105421,0.014486,0.0128037,0.052243,0.104673,0.00514019,0.0116822,0.110308,0.195579,0.0145701,0.288084,0.124607,0.0741308,4.21123,70.8879,617.458,0.551402
0.136691,0.101799,0.346619,0.0232374,0.302446,0.101655,0.0895683,0.151079,0.100935,0.308273,0.0717266,0.470576,0.112878,0.038705,0.052518,0.248921,0.217698,0.187194,1.47784,0.172806,0.787122,0.693453,0.176187,0.0710072,0.737986,0.293022,0.104748,0.0888489,0.0570504,0.0603597,0.0576259,0.0230935,0.072446,0.0230935,0.0653237,0.0634532,0.208489,0.0076259,0.0323022,0.0643885,0.0423022,0.063741,0.0407194,0.0531655,0.121583,0.190144,0.0208633,0.0344604,0.275259,0.172007,0.0222446,0.253734,0.0902878,0.168396,3.78397,37.7554,331.554,0.496403
0.104138,0.103448,0.368391,0.00666667,0.493908,0.12,0.11069,0.122184,0.0687356,0.271954,0.0949425,0.600575,0.0742529,0.0127586,0,0.367586,0.307241,0.281264,1.99184,0.132069,1.02253,0.184483,0.190345,0.0954023,0.21954,0.082069,0.0318391,0.0274713,0.00632184,0.0435632,0.00448276,0.00804598,0.0247126,0.0151724,0.0428736,0.0712644,0.113218,0,0.0218391,0.043908,0,0.0185057,0.0168966,0.0271264,0.21977,0.275172,0,0.0314943,0.0585747,0.116483,0.00943678,0.336563,0.123667,0.0670115,4.28672,65,265.851,0.655172
0.0701205,0.0574699,0.237349,0,0.270482,0.056506,0.0606024,0.127229,0.122289,0.126988,0.0109639,0.571687,0.0528916,0.162169,0.0139759,0.522169,0.0740964,0.135783,2.1641,0,0.791205,0,0.050241,0.0260241,0.231205,0.288554,0.182048,0.0590361,0.188916,0.0406024,0.046988,0.0144578,0,0.0144578,0.0144578,0.0144578,0.168313,0,0.214699,0.0144578,0.235904,0.29,0.124699,0.131687,0.650241,0.224337,0,0.0474699,0.025506,0.0895904,0.024012,0.274602,0.0588193,0.0359036,2.50727,12.3133,32.8795,0.373494
0.00759259,0.332222,0.351111,0,0.123519,0.0824074,0.349074,0.0414815,0,0.828704,0.0283333,0.462593,0.0661111,0.0527778,0,0.119074,0,0.0735185,2.23222,0,0.781667,0,0.0414815,0.190556,0.373519,0.110926,0.436852,0.349815,0.0242593,0.0242593,0.0840741,0,0.0996296,0,0,0.077037,0.394074,0.00759259,0.652778,0.077037,0.0453704,0,0.0348148,0.127778,0.498148,0.419444,0,0,0.0474815,0.235019,0.00468519,0.131648,0.152111,0.032037,3.4218,20.2963,40.6667,0.333333
0.100417,0.10875,0.294583,0,0.5475,0.161042,0.230625,0.0545833,0.09375,0.232917,0.102083,0.342292,0.176667,0.0358333,0.230208,0.56625,0.117708,0.2575,1.99521,0.115833,1.02563,0,0.171042,0.224583,0.117083,0.0525,0.074375,0.0554167,0,0.0308333,0,0,0.0772917,0,0.0416667,0.0464583,0.0545833,0,0.0714583,0.0829167,0.00541667,0.03375,0.0145833,0.0402083,0.264375,0.259792,0,0,0.0009375,0.0879583,0.0056875,0.273667,0.098875,0.415167,5.35002,59.3125,114.562,0.583333
0.0774157,0.091236,0.198427,0,0.222022,0.0370787,0.123034,0.413034,0.123483,0.14,0.0622472,0.269888,0.0116854,0.21,0.00707865,0.476629,0.195843,0.141124,1.20101,0.0342697,0.730337,0.0329213,0.212135,0.0691011,0.286966,0.262135,0.174944,0.0847191,0,0.0374157,0.0176404,0.0265169,0.0513483,0.0265169,0.0596629,0.11573,0.114045,0,0.0255056,0.0248315,0,0.00853933,0.0152809,0.021236,0.369326,0.0306742,0,0.0186517,0.00678652,0.150326,0.0108202,0.39991,0.117101,0.00685393,3.59352,25.9101,83.5169,0.741573
0.323913,0.155217,0.293696,0.0936957,0.0758696,0.112826,0.0208696,0.145652,0.235217,0.416739,0.153478,0.663261,0.357174,0.691087,0.0271739,0.164783,0.287391,0.123478,1.97283,0.0486957,0.911087,0.0341304,0.470435,0.305217,0.0971739,0.0617391,0.00521739,0.00152174,0.00217391,0.00391304,0,0,0.314565,0,0,0.0276087,0.180217,0.00152174,0.00673913,0.0173913,0.0152174,0.00782609,0.00456522,0.0156522,0.0447826,0.0406522,0.00978261,0.0497826,0.0283261,0.112848,0.00447826,0.260087,0.345674,0.0920435,5.568,191.043,3245.11,0.782609
0,0,0,0,0,0,0,0,0,0,0,0,0,0,0,0,0,0,3.42375,0,0,0,0,0,0,0,0,0,0,0,0,0,0,0,0,0,0,0,1.38875,0,0,0,0,0,14.6637,0,0,0,0,0.285625,0,5.217,0,0,1.46187,2.875,7.375,0
0.309167,0.275,0.334722,0.00361111,0.251944,0.0719444,0.0386111,0.149722,0.424722,0.529167,0.211389,0.570556,0.366944,0.711111,0.0869444,0.263333,0.335278,0.110278,2.39944,0.0369444,1.0925,0.0466667,0.387222,0.3675,0.0986111,0.102222,0.00166667,0.000555556,0.000555556,0,0,0,0.126667,0,0.00194444,0.0330556,0.1375,0.00305556,0.0025,0.0402778,0.00444444,0.00222222,0.00638889,0.00388889,0.0588889,0.02,0.00194444,0.0161111,0.03375,0.101667,0.0111944,0.334833,0.427639,0.0978333,7.68856,351.972,2332.47,0.861111
0.005,0.005,0.035,0,0.025,0,0,0.005,0.015,0.065,0.025,0,0,0.025,0,0,0.005,0.035,0.005,0,0.005,0,0,0,0,0,0,0,0,0,0,0,0.035,0,0,0.065,0,0,0,0.005,0.23,0,0,0.015,0,0.4,0.005,0.035,0.036,0.1615,0.075,0.012,0.056,0.012,3.0295,43.5,5648.5,0
0.219062,0.405938,0.650312,0.0734375,0.365938,0.18125,0.319688,0.125625,0.314063,0.860625,0.215625,0.77125,0.14375,0.096875,0.270625,0.930625,0.3275,0.23875,1.85531,0.145,1.52562,0.0053125,0.193438,0.223438,0.299375,0.13875,0.0075,0,0,0.0228125,0,0,0.0421875,0,0.0225,0.0146875,0.12125,0.026875,0.0075,0.0228125,0,0.0228125,0.010625,0.0153125,0.110625,0.0446875,0,0.0240625,0.0094375,0.125656,0.00465625,0.753812,0.231156,0.0675,25.445,340.531,656.719,0.9375
0.129875,0.171375,0.436625,0,0.456625,0.13025,0.33825,0.14275,0.07275,0.333,0.15325,0.55225,0.148125,0.060125,0.056875,0.3195,0.244875,0.29275,2.01725,0.147875,1.06512,0.020375,0.29675,0.06175,0.234,0.092875,0.015125,0.133125,0.0075,0.078375,0.0125,0.0075,0.2585,0.0075,0.119625,0.083375,0.15225,0,0.007,0.09325,0.003875,0.04525,0.0065,0.0185,0.126625,0.079125,0,0.0225,0.0137,0.085025,0.0012625,0.487863,0.104525,0.013425,4.76211,65.325,197.137,0.65
0.0928986,0.0873913,0.265942,0.277681,0.258841,0.0771014,0.065942,0.0634783,0.295217,0.362899,0.0817391,0.461304,0.134783,0.145797,0.093913,0.283913,0.0591304,0.246812,1.34826,0.248696,0.882464,0.87,0.0985507,0.0943478,0.372899,0.174783,0.0310145,0.0185507,0.00855072,0.016087,0.0324638,0.00130435,0.0776812,0.00130435,0.10058,0.0236232,0.166522,0.00057971,0.0166667,0.0389855,0.00971014,0.0353623,0.00869565,0.0111594,0.0413043,0.0491304,0.015942,0.0382609,0.0344928,0.153725,0.0202754,0.224087,0.127522,0.104116,6.15028,101.159,1231.72,0.594203
0,0,0.0149432,0,0.210795,0.03625,0,0.063125,0,0.0246591,0,0.165852,0,0.0609091,0,0.0366477,0,0.0436932,0.271307,0,0.260568,0,0,0,0.0396023,0.0149432,0.548977,0,0.0270455,0,0.0710227,0,0,0,0,0,0,0,0,0,0,0.108636,0,0.477102,0.709375,0.364602,0,0.104148,0.0106761,0.0999602,0.0547443,0.172023,0,0,1.20627,1.68182,5.36364,0.0397727
0.0974317,0.104754,0.221639,0.00737705,0.296885,0.0561749,0.100601,0.066612,0.032459,0.361202,0.0420765,0.612896,0.112022,0.00737705,0.022459,0.101202,0.0979781,0.121202,1.5606,0.0502186,0.547705,0.0031694,0.0381967,0.0651913,0.675902,0.439454,0.296995,0.350656,0.124645,0.177322,0.108907,0.085082,0.0853005,0.085082,0.174863,0.178579,0.198634,0.00546448,0.150765,0.0842077,0.0350273,0.0769399,0.110437,0.101639,0.261038,0.17459,0.0133333,0.0453005,0.0263497,0.186705,0.0141148,0.23194,0.0323934,0.0155902,2.16622,10.9016,81.0328,0.240437
0.0801961,0.0290196,0.21098,0.00651961,0.15701,0.0809804,0.0751961,0.154755,0.0203431,0.183186,0.0228922,0.531618,0.101127,0.00112745,0.0433333,0.103578,0.11402,0.222255,1.47902,0.00651961,0.601716,0,0.0371569,0.0239216,0.987647,0.410833,0.245196,0.304559,0.0989706,0.218873,0.0884804,0.0581863,0.290539,0.0581863,0.208529,0.134167,0.284167,0.00921569,0.139608,0.0665196,0.0497549,0.109216,0.125931,0.138971,0.337745,0.259216,0.00421569,0.0384804,0.0168333,0.19298,0.0265196,0.203725,0.056799,0.0963235,2.14699,11.1029,66.1961,0.27451
0.13027,0.20527,0.424324,0.578514,0.281892,0.116892,0.047027,0.109865,0.267703,0.307162,0.0694595,0.790811,0.207568,0.14,0.129054,0.145541,0.146351,0.182027,1.70027,0.146892,0.948649,0,0.12473,0.169324,0.711757,0.134459,0.0221622,0.0228378,0.0140541,0.0175676,0.0198649,0.00216216,0.0714865,0.00216216,0.0345946,0.0608108,0.0912162,0.00189189,0.0168919,0.0340541,0.00216216,0.100541,0.0344595,0.01,0.0254054,0.00162162,0,0.0208108,0.13827,0.131554,0.0183243,1.00588,0.249932,0.0201757,4.07796,61.6216,754.081,0.581081
0.44338,0.10831,0.430282,0,0.25831,0.055493,0.171549,0.0784507,0.0261972,0.12493,0.370986,0.901831,0,0.0494366,0,0.27338,0.148873,0.114507,1.44296,0,2.98592,0,0,0.331972,0.162817,0.161268,0.106901,0.119296,0.0439437,0.0567606,0,0.0708451,0.0167606,0.0708451,0.0388732,0.0378873,0.232958,0,0.0532394,0,0,0.0777465,0,0.016338,0.0994366,0.139155,0,0.0342254,0.0171831,0.143042,0,0.536789,0.0761408,0.00267606,4.19487,25.5211,58.7465,0.549296
0,0,0,0,1.28875,0,0,0,0,0,0,3.475,0,0,0,0,0,0,0,0,0,0,0,0,0.80875,0.80875,0,0,9.02375,0,0,0,0,0,0,0,0,0,0,0,0,8.4,0,0,0,0,0,0,0,0,0,0.213,0,0,1.41112,3.375,13.75,0
0.0736552,0.0608276,0.33331,0.006,0.295586,0.16,0.071931,0.142621,0.0858621,0.180138,0.0475172,0.480207,0.0887586,0.0368276,0.0208276,0.247448,0.152966,0.160483,1.35993,0.124552,0.74931,0,0.132276,0.0825517,0.739862,0.435103,0.130897,0.145586,0.0845517,0.135241,0.0710345,0.0333103,0.109862,0.0333103,0.104483,0.113655,0.236759,0.00475862,0.0866897,0.0617931,0.114138,0.0251034,0.0738621,0.0747586,0.165586,0.24731,0.00751724,0.0409655,0.0553655,0.183503,0.0242759,0.132648,0.0736345,0.0390069,2.48263,19.9586,194.303,0.434483
0.11881,0.430476,0.334286,1.68857,0.94,0.14119,0.679762,0.161905,0.0566667,0.366905,0.0545238,0.659524,0.186429,0.0864286,0,0.713095,1.50643,0.24619,2.0931,0.267619,1.79667,0,0.0188095,0.157143,0,0,0,0,0,0.0230952,0,0,0,0,0,0.057381,0.110952,0.0371429,0,0.00809524,0,0,0,0,0.00809524,0,0,0,0,0.12531,0,0.716262,0.209595,0.0315238,9.06862,136.214,195.667,0.928571
0.119672,0.0912295,0.251475,0.102869,0.333361,0.102459,0.054918,0.119016,0.217049,0.306393,0.0987705,0.785738,0.118443,0.0863115,0.0561475,0.157459,0.160574,0.177787,1.50607,0.0743443,0.970164,0.610902,0.146311,0.110984,0.681557,0.196311,0.0184426,0.0245902,0.0172131,0.0307377,0.00877049,0.00155738,0.115,0.00155738,0.0288525,0.0754098,0.128934,0.0130328,0.0155738,0.00803279,0.0479508,0.0742623,0.00762295,0.0172951,0.0642623,0.242705,0.0209836,0.0191803,0.0427623,0.136992,0.0186066,0.19723,0.0575492,0.0820246,3.85205,51.4016,516.967,0.565574
0.151458,0.187083,0.493958,0.411042,0.381875,0.146042,0.23875,0.144375,0.064375,0.216042,0.125208,0.475208,0.0722917,0,0,0.43125,0.329375,0.396042,2.22437,0.433125,1.40688,0.239375,0.126667,0.196667,0.0679167,0.0641667,0.00666667,0.0139583,0.03,0.03,0.009375,0,0.005625,0,0.040625,0.039375,0.132083,0,0.061875,0.00395833,0,0,0.0295833,0.0158333,0.138333,0.0258333,0,0.03625,0.00964583,0.0808542,0.0202083,0.426646,0.282313,0.0346667,7.07633,127.604,311.979,0.854167
0.0793506,0.0324675,0.243117,0,0.111688,0.0463636,0,0,0.0235065,0.355844,0,0.134805,0.0720779,0,0,0.147922,0,0.0281818,6.99961,0,1.27468,0,0,0.288961,0.0235065,0,0.922338,0,0.0480519,0,0,0,0.0811688,0,0,0,0,0,0.0563636,0,0,0,0,0,1.20571,0.615974,0.0281818,0.0618182,0.0148182,0.0484545,0,0.168909,0,0,1.18151,1.79221,6.67532,0.0779221
0.0761353,0.0266184,0.264638,0,0.26058,0.0542995,0.0431884,0.0233816,0.0331401,0.113382,0.015942,0.719758,0.0666184,0.0265217,0.011401,0.131594,0.0254106,0.132367,1.90565,0.00932367,0.549662,0,0.0172464,0.111111,0.411787,0.389517,0.360966,0.0553623,0.135459,0.0616908,0.0286473,0,0.0927053,0,0.0402899,0.0378261,0.176039,0.0118841,0.0507729,0.0107246,0.0655072,0.297198,0.0116908,0.131063,0.458792,0.173575,0,0.0352174,0.0264493,0.120908,0.00879227,0.170353,0.0211256,0.0125459,1.62884,5.39614,27.9903,0.130435
0,0,0.169474,0,1.13421,0,0,0,0,0,0,0,0,0,0,0,0,0,0,0,0.169474,0,0,0,5.84789,2.99053,1.75421,0,0,0,0,0,0,0,0,0.404737,0,0.777895,0,0,0,3.98789,0,0.0710526,0,0,0,0,0,0,0,0,0,0,1.29511,2,5.84211,0
0,0,0.0886667,0,0.0886667,0,0,0,0,0,0,0,0,0,0,0,0,0,0,0,0.0886667,0,0,0,15.7507,1.55867,0,0,0,0,0,0,0,0,0,0,0.0886667,0.266667,0.0886667,0,0,0.266667,0,0,2.69133,0,0,0,0.0576667,0,0.0144,0.0748667,0,0,3.99413,16.2667,25.6667,0
0,0,0,0,0.194583,0,0,0,0,0,0,0.115417,0,0,0,0,0,0.2975,0.355,0,0.109583,0,0,0,7.77917,3.8875,3.59,3.8875,3.70583,3.8875,3.8875,3.59,0,3.59,3.8875,3.8875,0,0,0,3.59,0,0.17,0,0.109583,0,0,0,0,0,1.02562,0,0.0199583,0,0,3.07167,10.9167,32.0833,0
0.0540625,0.177813,0.380625,0,0.627656,0.128437,0.259219,0.144219,0.073125,0.25125,0.104687,0.735,0.0860938,0,0.0595312,0.28125,0.254844,0.422812,2.17203,0.433281,1.28953,0.184531,0.1725,0.136406,0.332813,0.1525,0.0509375,0.135312,0.0214063,0.129844,0.0214063,0.0214063,0.025,0.0214063,0.0359375,0.0525,0.109844,0,0.128906,0.081875,0.0165625,0.0364062,0.005625,0,0.155312,0.0453125,0,0,0.00410938,0.124609,0.00101562,0.303703,0.0668125,0.0353438,5.57772,55.8594,150.172,0.65625
0.0178261,0.0408696,0.154348,0,0.429565,0.0421739,0.968696,0.47087,0.47087,0.536087,0.47087,0.902609,0,0.0465217,0,0.594783,1.58478,0.0391304,1.66,0.47087,2.26174,0,0.188261,0.0643478,0.0126087,0.0126087,0.286522,0.0252174,0,0,0.273913,0,0,0.0126087,0.086087,0,0.191739,0,0.0465217,0.826087,0,0,0,0,0,0,0,0,0,0.151478,0.0258261,0.423696,0.155304,0.0433913,46.0162,257.739,348.913,0.565217
0.111011,0.101629,0.253315,0,0.383315,0.11427,0.135225,0.118764,0.0351685,0.241742,0.0848315,0.565449,0.0655056,0.0394944,0.0763483,0.339607,0.117472,0.222191,1.75972,0.028764,0.869831,0.0265169,0.0887079,0.0820787,0.709045,0.392753,0.237472,0.262697,0.0953371,0.144382,0.0689888,0.0852809,0.0833708,0.0852809,0.115899,0.171854,0.157303,0.0110674,0.11691,0.0702809,0.0456742,0.0464045,0.11618,0.133258,0.241854,0.281236,0.0130337,0.0164607,0.0250393,0.143028,0.0151011,0.180393,0.0559494,0.0529382,2.19696,12.3539,100.157,0.382022
0.096,0.008,0.196,0.008,0.092,0.118,0,0.058,0.058,0.188,0.074,0.082,0.072,0,0.038,0.088,0.078,0.076,0.608,0.008,0.242,1.906,0.138,0.11,0,0,0,0,0,0,0,0,0,0.028,0,0.008,0,0,0.016,0,0,0,0,0,0.038,0,0,0,0.4302,2.0094,0.009,0.3924,0.375,0.4024,57.5034,2297.8,10648.8,1
0.12152,0.104314,0.270147,0,0.194804,0.0538235,0.124657,0.0804902,0.00852941,0.219167,0.0572059,0.639363,0.0702451,0,0.0389216,0.229265,0.0807353,0.176029,1.68113,0.0206863,0.563725,0,0.0544118,0.022451,0.731127,0.419314,0.19201,0.228137,0.142255,0.237402,0.112794,0.0464706,0.151667,0.0464706,0.246275,0.125784,0.1975,0.00392157,0.123186,0.07,0.0373529,0.199657,0.0455882,0.0970098,0.22098,0.33451,0,0.029902,0.0111225,0.137637,0.0057549,0.222431,0.0195784,0.0796863,2.04784,9.52451,52.9853,0.25
0.124369,0.15301,0.389223,0.138932,0.297961,0.119612,0.088835,0.185922,0.42767,0.51534,0.123107,0.532718,0.128447,0.0634951,0.135728,0.270291,0.145631,0.371553,1.42854,0.176796,0.934078,0.91165,0.12466,0.198058,0.470777,0.150583,0.0302913,0.0246602,0.00553398,0.0266019,0.0197087,0.00184466,0.122816,0.00368932,0.124757,0.0316505,0.136505,0.00174757,0.0326214,0.0313592,0.00932039,0.0270874,0.00524272,0.0121359,0.0366019,0.0365049,0.00640777,0.0286408,0.0586214,0.106913,0.043534,0.362107,0.180175,0.104767,4.71909,77.699,971.097,0.68932
0,0,0,0,0,0,0,0,0,0,0,0,0,0,0,0.333333,0,0,0,0,0,0,0,0,0,0.119,20.292,0,0,0,0,0,0,0,0,0,0,0,0,0,0,0,0,0,0.0555,0,0,0,0,0.0292333,0,0.009575,0,0,1.2115,1.69167,5.44167,0
0.120349,0.108605,0.250233,0.0284884,0.327209,0.121512,0.139535,0.0722093,0.0131395,0.170814,0.0327907,0.43907,0.0787209,0,0.0244186,0.547093,0.183023,0.104186,1.90372,0.0130233,0.895116,0.0661628,0.194535,0.0875581,0.418023,0.271512,0.221279,0.107907,0.062907,0.115,0.055814,0.055814,0.0544186,0.0715116,0.119884,0.142791,0.0209302,0,0.113721,0.0724419,0.00383721,0.0186047,0.00744186,0.0186047,0.210814,0.030814,0,0.0296512,0.013186,0.151128,0.0153721,0.495709,0.0764302,0.0311163,3.73728,32.4302,123.233,0.662791
0.4672,0.7208,0.7428,0.3664,0.3468,0.2716,0.0656,0.4024,0.4188,1.3644,0.0604,1.4292,0.1212,0.2716,0.3344,0.2872,0.1692,0.6348,2.064,0.3444,3.2556,0.0152,0.5196,0.2464,0,0,0,0,0,0,0,0,0.0132,0,0.0508,0.0168,0.0148,0,0,0,0,0,0.0076,0,0.0248,0,0,0,0.027,0.14768,0.06472,0.95372,0.17836,0.06036,39.2918,602.2,882.64,1
0.0673729,0.122542,0.303644,0.0101695,0.355847,0.117288,0.104492,0.114746,0.0525424,0.282542,0.0671186,0.509746,0.189492,0.0332203,0.0877966,0.177712,0.120169,0.276186,1.35856,0.0513559,0.818559,0.309915,0.148983,0.0827966,0.648814,0.292203,0.174915,0.109576,0.100085,0.0994915,0.0547458,0.0613559,0.0851695,0.0613559,0.0759322,0.0961017,0.155169,0.0134746,0.0678814,0.0805932,0.0135593,0.0268644,0.0825424,0.0514407,0.122203,0.0627966,0,0.0166949,0.0429068,0.175856,0.0298051,0.166,0.114364,0.0418305,3.00799,24.7712,247.788,0.516949
0.0248077,0.0709615,0.266202,0,0.291154,0.0424519,0.0761058,0.0478846,0.0155769,0.168702,0.0146635,0.866058,0.0838462,0.0969231,0,0.133413,0.0438462,0.187837,1.93245,0.0289423,0.449135,0,0,0.0685577,0.15524,0.09,0.407644,0.0491346,0.0996635,0.102404,0,0,0.0816346,0,0.0574038,0.0118269,0.0845673,0.0208654,0.0894231,0.00461538,0.0576923,0.259904,0.046875,0.124952,0.402308,0.182452,0,0.0465865,0.0324519,0.127673,0.0160433,0.175649,0.00523077,0.00420192,1.732,5,19.0721,0.134615
