0.167785,0.168054,0.38094,0.000738255,0.317517,0.14698,0.0616107,0.151141,0.307517,0.322215,0.0912081,0.730067,0.130537,0.126443,0.116846,0.162081,0.261544,0.127718,1.58732,0.195705,1.02443,0.210738,0.0955034,0.219597,0.818993,0.152483,0.025906,0.0165101,0.00738255,0.0196644,0.017651,0.00389262,0.0944966,0.00463087,0.0236242,0.0628859,0.122148,0.013557,0.0152349,0.0361074,0.0321477,0.120268,0.025906,0.0134899,0.0430872,0.0558389,0.00369128,0.0149664,0.141705,0.163993,0.0147785,0.646497,0.195201,0.0611812,4.1394,67.2148,678.893,0.536913
0.005,0.005,0.035,0,0.025,0,0,0.005,0.015,0.065,0.025,0,0,0.025,0,0,0.005,0.035,0.005,0,0.005,0,0,0,0,0,0,0,0,0,0,0,0.035,0,0,0.065,0,0,0,0.005,0.23,0,0,0.015,0,0.4,0.005,0.035,0.036,0.1615,0.075,0.012,0.056,0.012,3.0295,43.5,5648.5,0
0.14907,0.126977,0.280465,0.0072093,0.31093,0.113256,0.0381395,0.221395,0.222093,0.333023,0.0939535,0.565581,0.140698,0.065814,0.0686047,0.339302,0.214884,0.19814,1.53605,0.134651,0.779302,0.939535,0.27907,0.228837,0.194419,0.105349,0.00744186,0.00581395,0.00302326,0.017907,0.0111628,0,0.0890698,0.00302326,0.00581395,0.10907,0.158605,0.01,0.0162791,0.0246512,0.0125581,0.00162791,0.0055814,0.0193023,0.0286047,0.0709302,0.00255814,0.0218605,0.0466047,0.125,0.0394884,0.208302,0.171698,0.124535,5.94228,127.837,1615.47,0.581395
0.19,0,0.38,0,0,0.19,0,0,0,0,0.19,0.19,0,0,0,0.38,0,0.19,1.14,0,0.38,0,0,0,0,0,0,0,0,0,0,0,0,0,0,0,0,0,0,0,0,0,0,0,0,0,0,0,0.01,0.01,0,0,0,0.003,2.383,21,15841,1
0.11799,0.0864663,0.244984,0.0027772,0.246829,0.066,0.134207,0.130083,0.0334093,0.230187,0.0706943,0.573244,0.0802798,0.0332953,0.0363834,0.245813,0.109005,0.183171,1.65603,0.0358135,0.864249,0.0142591,0.0616166,0.075171,0.654539,0.362891,0.211254,0.235482,0.0917927,0.159617,0.0747668,0.0599896,0.129389,0.0599896,0.15601,0.127907,0.186746,0.0054715,0.106736,0.0617306,0.0301036,0.102363,0.0738653,0.0978031,0.267544,0.241772,0.00582383,0.0287565,0.0171699,0.152748,0.0123917,0.251452,0.0488176,0.0539368,2.63148,15.8953,72.7927,0.357513
0.3325,0.139286,0.280357,0,0.0539286,0.1175,0.0171429,0.128929,0.202143,0.363571,0.155,0.686429,0.351071,0.699286,0.0317857,0.178571,0.2725,0.151429,1.92464,0.0796429,0.885714,0.0457143,0.407143,0.321786,0.1425,0.0839286,0.00607143,0.00107143,0.00214286,0.00642857,0,0,0.295,0,0,0.0246429,0.146071,0.00178571,0.00642857,0.0164286,0.0135714,0.00928571,0.00214286,0.0214286,0.0478571,0.0257143,0.0117857,0.0375,0.0217143,0.09125,0.00503571,0.255607,0.236464,0.0906429,5.10354,168.679,3327.39,0.821429
0.486667,0.750833,0.77375,0,0.35,0.282917,0.0454167,0.407917,0.425,1.41,0.0629167,1.4775,0.12625,0.282917,0.348333,0.299167,0.13,0.66125,2.12708,0.3475,3.35667,0.0158333,0.54125,0.256667,0,0,0,0,0,0,0,0,0.01375,0,0.0529167,0.0175,0.0154167,0,0,0,0,0,0.00791667,0,0.0258333,0,0,0,0.012,0.153833,0.0674167,0.980917,0.185792,0.0610833,40.1172,598.375,872.333,1
0.0953283,0.149318,0.338258,0.184318,0.472374,0.130278,0.193081,0.138106,0.0741919,0.286086,0.0809343,0.553157,0.141944,0.0454545,0.0430808,0.310631,0.34346,0.247702,1.69275,0.122626,0.96096,0.12197,0.156111,0.089798,0.475606,0.232626,0.10048,0.103662,0.0518182,0.0866162,0.042601,0.0328283,0.121086,0.0336364,0.0757071,0.0955051,0.16702,0.00969697,0.0461364,0.0735606,0.00633838,0.0276263,0.0532576,0.0470707,0.137803,0.0574747,0.00275253,0.0225505,0.0321212,0.147303,0.0174015,0.303876,0.101035,0.0401515,3.89537,48.1591,218.439,0.598485
0.123423,0.146216,0.378378,0.514595,0.302703,0.114955,0.0837838,0.177477,0.417117,0.49991,0.117928,0.541802,0.135946,0.0716216,0.125946,0.257568,0.144324,0.345676,1.40126,0.162883,0.920811,0.77991,0.118649,0.191171,0.511441,0.161261,0.0301802,0.0259459,0.00837838,0.0304505,0.0238739,0.00171171,0.116937,0.00342342,0.123153,0.0311712,0.137297,0.00162162,0.0347748,0.03,0.00864865,0.0273874,0.00585586,0.0112613,0.0357658,0.0338739,0.00594595,0.0300901,0.0574234,0.110351,0.0439189,0.344063,0.174063,0.0916306,4.59736,76.3514,959.018,0.666667
0,0,0,0.04,0,0,0,0,0,0,0,0,0,0,0,0.02,0,0,0.02,0,0,0,0,0,0,0,0,0,0,0,0,0,0,0,0,0,0,0,0,0,0,0,0,0,0,0,0,0,1.024,9.752,0.003,1.542,1.785,1.998,239.571,9989,10062,1
0.0966667,0.0133333,0.2,0,0.153333,0.133333,0,0.0966667,0.0966667,0.313333,0.06,0.0733333,0.12,0,0.0633333,0.0133333,0.13,0.0633333,0.626667,0.0133333,0.276667,3.17667,0.23,0.183333,0,0,0,0,0,0,0,0,0,0.0466667,0,0.0133333,0,0,0.0266667,0,0,0,0,0,0.0633333,0,0,0,0.372333,0.095,0.014,0.14,0.03,0.00366667,15.1877,493,9113.67,1
0.313333,0.0566667,0.3,0,0.213333,0.03,0,0.42,0.4,1.28333,0.153333,0.166667,0.36,0,0.216667,0.03,0.496667,0.4,2.25333,0.03,1.24,0,0.82,0.563333,0,0,0,0,0,0,0,0,0,0,0,0.106667,0,0,0.0566667,0.366667,0,0,0,0,0.12,0,0,0,0.0383333,0.0766667,0,0.328333,0.075,0.00733333,32.4923,1282,2806,1
0.11239,0.107139,0.313044,0.00496195,0.433607,0.152222,0.141659,0.108219,0.045449,0.203242,0.0476103,0.527854,0.0849467,0.0101674,0.0351142,0.300304,0.159833,0.196545,1.6846,0.0784932,0.994642,0.0300609,0.141659,0.0917199,0.52003,0.325784,0.203912,0.15793,0.0852359,0.121081,0.0567123,0.0522679,0.0831659,0.0552207,0.115312,0.11347,0.155479,0.00200913,0.108097,0.0705023,0.0612329,0.0427397,0.0793455,0.0374581,0.247991,0.153105,0.00447489,0.0308828,0.028723,0.144621,0.0194825,0.254808,0.0761507,0.0506286,3.03123,25.0639,136.574,0.490107
0.237857,0.229286,0.310714,0.00214286,0.241071,0.0828571,0.0489286,0.143571,0.327857,0.434643,0.165,0.546429,0.297143,0.532857,0.0335714,0.279286,0.273571,0.0921429,2.13321,0.0375,0.987857,0.06,0.247857,0.303571,0.559643,0.0907143,0.00107143,0,0.000714286,0.0117857,0,0,0.114643,0,0.00892857,0.0560714,0.137857,0.00214286,0.01,0.0189286,0.0160714,0.00428571,0.00678571,0.015,0.0592857,0.0642857,0.00178571,0.0471429,0.0288214,0.106107,0.0104643,0.297786,0.339429,0.0845357,5.49332,135.357,2197.64,0.75
0.119004,0.1171,0.282511,0.451905,0.371948,0.11342,0.0612121,0.126364,0.214892,0.244805,0.0818182,0.710433,0.129827,0.0653247,0.0371861,0.205195,0.220779,0.156364,1.59926,0.0813853,0.930433,0.465931,0.199437,0.123723,0.64039,0.148355,0.0369264,0.0170996,0.021342,0.0202165,0.0069697,0.00722944,0.0836797,0.00645022,0.0249351,0.0656277,0.131905,0.0175325,0.0219048,0.00922078,0.0375758,0.0529437,0.0124242,0.0118182,0.0650649,0.152208,0.0148918,0.0209524,0.0659091,0.136433,0.0131342,0.215948,0.0900087,0.0633939,4.50434,54.7532,495.641,0.601732
0.0915152,0.09,0.262879,0.290303,0.261061,0.075303,0.0656061,0.064697,0.285,0.343182,0.0722727,0.448485,0.13803,0.151667,0.095303,0.296667,0.0618182,0.245,1.36652,0.210455,0.85,0.863333,0.0945455,0.0951515,0.379697,0.171818,0.0316667,0.0193939,0.00893939,0.0168182,0.0339394,0.00136364,0.0759091,0.00136364,0.105152,0.0227273,0.167121,0.000606061,0.0174242,0.0407576,0.0101515,0.0369697,0.00454545,0.0101515,0.0451515,0.0513636,0.0166667,0.04,0.0324242,0.150545,0.0204394,0.219667,0.123015,0.110985,6.12858,95.9697,1219.88,0.590909
0.118421,0.154912,0.688947,0.160702,0.660702,0.611404,0.324211,0.165439,0.581754,0.412281,0.252281,0.720526,0.177193,0.0936842,1.13667,0.344561,0.151228,0.89614,1.74298,0.878246,1.05386,0.101404,0.608421,0.165439,0.00157895,0.00157895,0,0,0,0,0,0,0.00631579,0,0.00508772,0,0.00508772,0,0,0.047193,0,0,0.103509,0.0140351,0.0526316,0.042807,0,0,0.0101404,0.0927018,0.00131579,0.374491,0.152123,0.0238772,15.4019,652.789,1402.49,1
0.284118,0.173529,0.306471,0.261176,0.0917647,0.103529,0.0270588,0.138235,0.267059,0.383529,0.137647,0.625294,0.312353,0.665294,0.00588235,0.14,0.270588,0.0694118,1.84353,0.000588235,0.814706,0.0170588,0.511176,0.227647,0.110588,0.113529,0.00588235,0.00352941,0.00352941,0,0,0,0.470588,0,0,0.0441176,0.370588,0.00411765,0.00294118,0.00882353,0.0223529,0.00823529,0.01,0.0141176,0.0311765,0.0847059,0.00705882,0.0817647,0.0554706,0.109824,0.0144706,0.231118,0.417,0.0912353,4.98106,134.412,2966.53,0.588235
0.295,0.0833333,1.3825,0.0158333,0.885833,0,0.0541667,0,0.495833,0.685833,0,0.0333333,0,0,0,0.065,0,0,0.295,0.725833,0.400833,0,0,0.0333333,0.278333,0,0.121667,0.04,0,0.0483333,0,0,0,0.0316667,0,0,0.0483333,0,0,0,0,0,0,0,0,0,0,0,0,0.00733333,0,0.763833,0.18825,0.0025,537.208,1405.58,1442.75,0.916667
0.25,0.125,0.21,0,0.105,0.115,0.01,0.175,0.175,0.41,0.105,0.48,0.25,0.46,0.01,0.165,0.21,0.01,1.625,0,0.745,0,0.47,0.23,0,0,0,0,0,0,0,0,0,0,0,0,0,0,0,0.01,0,0,0,0,0.01,0,0.01,0,0.005,0.5495,0,0.1625,1.067,0.067,7.136,361.5,3940,1
0.0587837,0.407851,0.198265,0,0.230677,0.0425847,0.0466344,0.0416171,0.0193711,0.144333,0.0121631,0.464368,0.0602281,0.0535314,0.00398065,0.191071,0.0321009,0.114527,1.67086,0.0226952,0.470207,0,0.0181341,0.0572909,0.580304,0.281451,2.14769,0.119537,0.186551,0.122156,0.101023,0.0724879,0.0907809,0.0724879,0.122737,0.108272,0.0890878,0.0266275,0.0992605,0.07698,0.0714858,0.292018,0.0299793,0.143531,0.571679,0.242571,0.00422253,0.0428818,0.0192101,0.120187,0.0167574,0.204902,0.0210263,0.00686178,1.68757,5.3414,20.557,0.117484
0.219062,0.405938,0.650312,0.0734375,0.365938,0.18125,0.319688,0.125625,0.314063,0.860625,0.215625,0.77125,0.14375,0.096875,0.270625,0.930625,0.3275,0.23875,1.85531,0.145,1.52562,0.0053125,0.193438,0.223438,0.299375,0.13875,0.0075,0,0,0.0228125,0,0,0.0421875,0,0.0225,0.0146875,0.12125,0.026875,0.0075,0.0228125,0,0.0228125,0.010625,0.0153125,0.110625,0.0446875,0,0.0240625,0.0094375,0.125656,0.00465625,0.753812,0.231156,0.0675,25.445,340.531,656.719,0.9375
0.466,0.398,0.343,0,0.252,0.046,0.025,0.169,0.564,0.602,0.302,0.655,0.582,1.108,0.202,0.203,0.393,0.129,2.952,0.032,1.3,0,0.587,0.498,0,0,0,0,0,0,0,0,0,0,0.006,0,0,0,0,0.006,0,0,0.012,0,0.041,0.006,0,0,0.0086,0.0839,0,0.4366,0.6352,0.1195,7.2398,663.1,2384.7,1
0.133419,0.0909829,0.334017,0.0214957,0.284786,0.099359,0.0827778,0.142821,0.101239,0.274829,0.0709829,0.465043,0.100983,0.0273077,0.0368803,0.270855,0.205427,0.205641,1.55077,0.154829,0.837137,0.567906,0.147949,0.091453,0.551709,0.22688,0.0768376,0.0684188,0.0461966,0.0532479,0.0368376,0.0163248,0.0489744,0.0176068,0.0585897,0.069188,0.185342,0.0171368,0.0355983,0.0536325,0.0357692,0.0486752,0.0398718,0.0351709,0.121496,0.243162,0.0123932,0.038547,0.206363,0.163303,0.020641,0.268513,0.130624,0.119064,3.92156,45.6667,334.214,0.517094
0.052561,0.212073,0.414512,0.24061,0.566463,0.173171,0.82878,0.213171,0.180854,0.349634,0.206098,0.615244,0.0397561,0.0154878,0.0112195,0.460854,0.581098,0.346707,2.10927,0.350854,1.73195,0.0104878,0.120732,0.124756,0.0382927,0.0270732,0.0842683,0.0242683,0.017561,0.017561,0.0882927,0,0.00329268,0.00353659,0.0569512,0.0153659,0.100122,0,0.042439,0.231707,0,0.00243902,0,0.00926829,0.162195,0.00536585,0,0,0.00510976,0.125354,0.0183415,0.42872,0.113,0.0374024,20.3048,181.439,340.073,0.792683
