0.081708,0.349329,0.216184,0,0.225688,0.0461725,0.0658681,0.047903,0.0176212,0.155648,0.0302762,0.497356,0.0593856,0.0443348,0.00806652,0.194487,0.0413698,0.121218,1.66016,0.0208906,0.584752,0,0.0214543,0.0648365,0.60522,0.296291,1.78937,0.135474,0.173275,0.140451,0.0987542,0.0699493,0.111415,0.0699493,0.137587,0.107847,0.105107,0.022655,0.0996956,0.0764318,0.0639402,0.266539,0.0319899,0.134848,0.508343,0.24624,0.00344419,0.0408061,0.0180637,0.123078,0.0145524,0.215752,0.0247717,0.025389,1.83202,6.63923,26.885,0.152762
0.195,0.5,0.4,0.095,0.58,0,0,0,0.39,0.19,0,0.2,0,0,0,0.1,0,0,0.195,0.19,0.39,0,0,0.2,0.095,0,0,0.095,0,0,0,0,0,0.19,0,0,0,0,0,0,0,0,0,0,0,0,0,0,0,0.035,0,0.4155,0.7295,0.015,1062,2123,2124,1
0.123214,0.145804,0.381518,0.51,0.301786,0.114821,0.0848214,0.181429,0.414286,0.498214,0.119643,0.54625,0.134732,0.0709821,0.124821,0.256161,0.153214,0.345357,1.41018,0.169732,0.938661,0.772946,0.117589,0.19125,0.507768,0.160714,0.0299107,0.0257143,0.00830357,0.0301786,0.0236607,0.00169643,0.115893,0.00339286,0.122054,0.0308929,0.136964,0.00160714,0.0353571,0.030625,0.00857143,0.0271429,0.00580357,0.0111607,0.0354464,0.0335714,0.00589286,0.0298214,0.0569107,0.110821,0.0435268,0.348,0.173089,0.0908125,4.5926,76.4911,957.75,0.669643
0.0966667,0.0133333,0.2,0,0.153333,0.133333,0,0.0966667,0.0966667,0.313333,0.06,0.0733333,0.12,0,0.0633333,0.0133333,0.13,0.0633333,0.626667,0.0133333,0.276667,3.17667,0.23,0.183333,0,0,0,0,0,0,0,0,0,0.0466667,0,0.0133333,0,0,0.0266667,0,0,0,0,0,0.0633333,0,0,0,0.372333,0.095,0.014,0.14,0.03,0.00366667,15.1877,493,9113.67,1
0.508889,0.105556,0.37,0,0.0422222,0.198889,0.00222222,0.154444,0.186667,0.297778,0.236667,0.924444,0.538889,0.947778,0.0611111,0.321111,0.385556,0.196667,2.45333,0.17,0.997778,0,0.232222,0.504444,0,0,0.00111111,0,0.00333333,0.00111111,0,0,0.172222,0,0,0.0255556,0.0911111,0,0.00111111,0.04,0.00666667,0.01,0,0.0255556,0.0644444,0.0133333,0.0222222,0.0633333,0.0175556,0.192778,0.000222222,0.418778,0.289778,0.112222,4.24444,125.333,3531.56,0.888889
0,0,0,0.04,0,0,0,0,0,0,0,0,0,0,0,0.02,0,0,0.02,0,0,0,0,0,0,0,0,0,0,0,0,0,0,0,0,0,0,0,0,0,0,0,0,0,0,0,0,0,1.024,9.752,0.003,1.542,1.785,1.998,239.571,9989,10062,1
0.0915152,0.09,0.262879,0.290303,0.261061,0.075303,0.0656061,0.064697,0.285,0.343182,0.0722727,0.448485,0.13803,0.151667,0.095303,0.296667,0.0618182,0.245,1.36652,0.210455,0.85,0.863333,0.0945455,0.0951515,0.379697,0.171818,0.0316667,0.0193939,0.00893939,0.0168182,0.0339394,0.00136364,0.0759091,0.00136364,0.105152,0.0227273,0.167121,0.000606061,0.0174242,0.0407576,0.0101515,0.0369697,0.00454545,0.0101515,0.0451515,0.0513636,0.0166667,0.04,0.0324242,0.150545,0.0204394,0.219667,0.123015,0.110985,6.12858,95.9697,1219.88,0.590909
0.219062,0.405938,0.650312,0.0734375,0.365938,0.18125,0.319688,0.125625,0.314063,0.860625,0.215625,0.77125,0.14375,0.096875,0.270625,0.930625,0.3275,0.23875,1.85531,0.145,1.52562,0.0053125,0.193438,0.223438,0.299375,0.13875,0.0075,0,0,0.0228125,0,0,0.0421875,0,0.0225,0.0146875,0.12125,0.026875,0.0075,0.0228125,0,0.0228125,0.010625,0.0153125,0.110625,0.0446875,0,0.0240625,0.0094375,0.125656,0.00465625,0.753812,0.231156,0.0675,25.445,340.531,656.719,0.9375
0.461667,0.345833,0.301667,0,0.160833,0.03,0.005,0.235833,0.516667,0.801667,0.258333,0.55,0.565,0.923333,0.0766667,0.171667,0.446667,0.121667,2.91,0.0075,1.35083,0,0.5975,0.550833,0,0,0,0,0,0,0,0,0,0,0.005,0.0266667,0,0,0.0141667,0.0916667,0,0,0,0,0.0591667,0,0,0,0.0159167,0.0771667,0,0.422917,0.53275,0.100583,13.3378,832.667,2500.5,1
0.0933209,0.150504,0.343004,0.137425,0.451604,0.141903,0.196679,0.131269,0.0646455,0.273918,0.0661194,0.57931,0.116474,0.0289552,0.0339366,0.297295,0.281194,0.239739,1.66043,0.113116,1.02024,0.0350373,0.146231,0.100896,0.524664,0.269683,0.14041,0.117836,0.0758209,0.106772,0.0507276,0.0421082,0.118974,0.0421082,0.0925,0.0908022,0.190187,0.00716418,0.0756343,0.0805037,0.0464552,0.0391604,0.0688993,0.0414179,0.163265,0.111642,0.00402985,0.0239739,0.0280187,0.150338,0.01675,0.280334,0.0870914,0.0299478,3.73628,40.5896,191.418,0.546642
0.005,0.005,0.035,0,0.025,0,0,0.005,0.015,0.065,0.025,0,0,0.025,0,0,0.005,0.035,0.005,0,0.005,0,0,0,0,0,0,0,0,0,0,0,0.035,0,0,0.065,0,0,0,0.005,0.23,0,0,0.015,0,0.4,0.005,0.035,0.036,0.1615,0.075,0.012,0.056,0.012,3.0295,43.5,5648.5,0
0.316364,0.0918182,1.43545,0,0.983636,0,0.0890909,0,0.47,0.713636,0.0609091,0.0609091,0.03,0,0,0.144545,0,0.152727,0.500909,0.757273,0.703636,0,0,0,0.286364,0,0.132727,0.0263636,0,0.0527273,0,0,0,0,0,0,0.0527273,0,0,0,0,0,0,0,0,0,0,0,0,0.0125455,0,0.763182,0.0781818,0,410.545,1239.45,1293.27,0.909091
0.109713,0.112484,0.358854,0.0143949,0.316529,0.116497,0.0950637,0.124745,0.0932166,0.238376,0.0846497,0.488089,0.0954777,0.0303185,0.0332484,0.278121,0.196433,0.236146,1.63382,0.190732,0.860828,0.528344,0.161688,0.100096,0.478439,0.192548,0.0724204,0.0569745,0.0453822,0.0501592,0.0333121,0.0214968,0.0480892,0.0234713,0.0506051,0.0692038,0.163217,0.0127707,0.0333758,0.0430255,0.0187261,0.0419745,0.0399363,0.032293,0.137898,0.187166,0.00923567,0.0339172,0.163373,0.150341,0.0231051,0.273449,0.132073,0.105293,3.957,50.9554,315.041,0.573248
0.116727,0.142182,0.714,0,0.655273,0.633636,0.32,0.166545,0.598,0.422364,0.249273,0.729636,0.177636,0.0970909,1.178,0.338727,0.136545,0.898182,1.75345,0.905273,1.00964,0.105091,0.630545,0.171455,0.00163636,0.00163636,0,0,0,0,0,0,0.00654545,0,0.00527273,0,0.00527273,0,0,0.0489091,0,0,0.107273,0.0145455,0.0545455,0.0443636,0,0,0.00347273,0.0938909,0.00136364,0.381545,0.156564,0.0239636,12.0896,645.491,1411.84,1
0.166667,0.170267,0.378867,0.000733333,0.3154,0.146,0.0598667,0.146667,0.306133,0.318,0.0885333,0.722267,0.132333,0.1256,0.116733,0.160333,0.2522,0.131467,1.5814,0.1922,1.00813,0.209333,0.0968667,0.219467,0.813533,0.151467,0.0257333,0.0164,0.00733333,0.0195333,0.0175333,0.00386667,0.0938667,0.0046,0.0234667,0.0624667,0.120667,0.0134667,0.0144667,0.0352,0.0319333,0.119467,0.0257333,0.0140667,0.0434667,0.0554667,0.00366667,0.0148667,0.14076,0.162293,0.01468,0.637673,0.19504,0.0607733,4.11643,67.4333,676.693,0.54
0.14907,0.126977,0.280465,0.0072093,0.31093,0.113256,0.0381395,0.221395,0.222093,0.333023,0.0939535,0.565581,0.140698,0.065814,0.0686047,0.339302,0.214884,0.19814,1.53605,0.134651,0.779302,0.939535,0.27907,0.228837,0.194419,0.105349,0.00744186,0.00581395,0.00302326,0.017907,0.0111628,0,0.0890698,0.00302326,0.00581395,0.10907,0.158605,0.01,0.0162791,0.0246512,0.0125581,0.00162791,0.0055814,0.0193023,0.0286047,0.0709302,0.00255814,0.0218605,0.0466047,0.125,0.0394884,0.208302,0.171698,0.124535,5.94228,127.837,1615.47,0.581395
0.0706557,0.186885,0.331311,0.323443,0.65377,0.163607,1.04934,0.257213,0.222951,0.460656,0.222131,0.635246,0.0534426,0.0208197,0.015082,0.438361,0.723279,0.260328,2.08918,0.215902,1.7977,0.0140984,0.101148,0.104262,0.0442623,0.0129508,0.108033,0.032623,0.00819672,0.00409836,0.118689,0,0,0.0047541,0.0555738,0.0206557,0.0918033,0,0.0570492,0.311475,0,0.00327869,0,0.00459016,0.170492,0.00721311,0,0.0163934,0.00795082,0.141246,0.0106885,0.427246,0.127984,0.0371803,25.3498,201.41,356.246,0.754098
0.19,0,0.38,0,0,0.19,0,0,0,0,0.19,0.19,0,0,0,0.38,0,0.19,1.14,0,0.38,0,0,0,0,0,0,0,0,0,0,0,0,0,0,0,0,0,0,0,0,0,0,0,0,0,0,0,0.01,0.01,0,0,0,0.003,2.383,21,15841,1
0.231724,0.221379,0.324483,0.00206897,0.275172,0.0865517,0.0537931,0.142759,0.338621,0.428276,0.172414,0.543103,0.291034,0.514483,0.0927586,0.271724,0.266207,0.124483,2.10655,0.0472414,0.971379,0.057931,0.27931,0.295172,0.540345,0.0875862,0.00103448,0,0.000689655,0.0113793,0,0,0.11069,0,0.00862069,0.0541379,0.133103,0.00206897,0.00965517,0.0203448,0.0155172,0.00413793,0.0106897,0.0144828,0.0593103,0.0641379,0.00172414,0.0455172,0.0281724,0.107379,0.0101034,0.297034,0.334069,0.0819655,5.64255,147.414,2199.76,0.758621
0.119831,0.114153,0.272203,0.445085,0.3725,0.113475,0.0599153,0.131992,0.211356,0.251144,0.0808051,0.695085,0.129407,0.0655932,0.0382627,0.210381,0.218305,0.153347,1.60263,0.0771186,0.938686,0.496568,0.194831,0.120339,0.665212,0.17322,0.0422034,0.0200847,0.0205085,0.0245339,0.00855932,0.00881356,0.083178,0.00805085,0.0277542,0.0737712,0.140254,0.017161,0.0214407,0.0176271,0.0473305,0.051822,0.0147034,0.0111441,0.0658051,0.157924,0.0145763,0.0170763,0.0815212,0.139195,0.0147966,0.21647,0.0886653,0.0644492,4.51014,53.4407,491.932,0.588983
0.5,0.25,0.42,0,0.08,0.23,0.02,0.35,0.35,0.69,0.21,0.9,0.5,0.92,0.02,0.33,0.42,0.02,3.05,0,1.43,0,0.94,0.46,0,0,0,0,0,0,0,0,0,0,0,0,0,0,0,0.02,0,0,0,0,0.02,0,0.02,0,0,0.069,0,0.325,0.523,0.124,6.723,445,4128,1
0.2365,0.1475,0.226,0,0.063,0.075,0.023,0.111,0.199,0.3815,0.1105,0.548,0.249,0.5525,0.017,0.1055,0.208,0.1235,1.6005,0.035,0.794,0.064,0.4655,0.2235,0.1995,0.1175,0.008,0.0015,0.0015,0.0085,0,0,0.3355,0,0,0.023,0.1635,0.0025,0.0085,0.005,0.016,0.0085,0.003,0.0185,0.038,0.03,0.0065,0.024,0.023,0.0925,0.00695,0.1694,0.2812,0.0769,5.6124,193.65,3256.75,0.8
0.102314,0.0865106,0.252562,0.00471074,0.342626,0.10023,0.126465,0.137906,0.0448209,0.222378,0.0488613,0.518714,0.0932599,0.0335904,0.0423783,0.288779,0.145041,0.194316,1.69081,0.0567309,0.839357,0.0187879,0.102406,0.0695868,0.566208,0.349669,0.211065,0.219339,0.077686,0.123994,0.0622865,0.0552066,0.0860606,0.0569881,0.127218,0.132865,0.166309,0.00453627,0.10686,0.0593939,0.0338843,0.0594399,0.0830028,0.07573,0.276419,0.190092,0.00687787,0.029348,0.020022,0.153353,0.0175133,0.255864,0.0616474,0.0413967,2.78041,20.3802,99.7218,0.429752
0.284118,0.173529,0.306471,0.261176,0.0917647,0.103529,0.0270588,0.138235,0.267059,0.383529,0.137647,0.625294,0.312353,0.665294,0.00588235,0.14,0.270588,0.0694118,1.84353,0.000588235,0.814706,0.0170588,0.511176,0.227647,0.110588,0.113529,0.00588235,0.00352941,0.00352941,0,0,0,0.470588,0,0,0.0441176,0.370588,0.00411765,0.00294118,0.00882353,0.0223529,0.00823529,0.01,0.0141176,0.0311765,0.0847059,0.00705882,0.0817647,0.0554706,0.109824,0.0144706,0.231118,0.417,0.0912353,4.98106,134.412,2966.53,0.588235
0.4672,0.7208,0.7428,0.3664,0.3468,0.2716,0.0656,0.4024,0.4188,1.3644,0.0604,1.4292,0.1212,0.2716,0.3344,0.2872,0.1692,0.6348,2.064,0.3444,3.2556,0.0152,0.5196,0.2464,0,0,0,0,0,0,0,0,0.0132,0,0.0508,0.0168,0.0148,0,0,0,0,0,0.0076,0,0.0248,0,0,0,0.027,0.14768,0.06472,0.95372,0.17836,0.06036,39.2918,602.2,882.64,1
