0.0565952,0.448905,0.188579,0,0.227944,0.036754,0.0344286,0.0389365,0.0201984,0.117119,0.00753968,0.448476,0.0502381,0.0559921,0.00279365,0.183476,0.0212857,0.11496,1.64011,0.0235873,0.436333,0,0.00894444,0.058246,0.588119,0.284397,2.40517,0.0954127,0.192333,0.111548,0.0930635,0.0669841,0.0808016,0.0669841,0.110722,0.0966111,0.0668254,0.0298175,0.0745952,0.0712302,0.068254,0.309024,0.0235397,0.141714,0.612992,0.245278,0.00484921,0.0453095,0.0188976,0.110871,0.0163444,0.198046,0.0113389,0.00543571,1.61775,4.61111,17.2937,0.101587
0.115526,0.067193,0.280965,0.110088,0.296228,0.109737,0.0558772,0.151667,0.192281,0.270263,0.0637719,0.72614,0.101842,0.0950877,0.0199123,0.162105,0.18886,0.116842,1.35772,0.0890351,1.06535,0.273158,0.191404,0.0929825,0.72693,0.184298,0.012193,0.0204386,0.0173684,0.0305263,0.00219298,0,0.0992105,0.00166667,0.0236842,0.0707895,0.152193,0.0128947,0.0287719,0.0114912,0.0647368,0.0728947,0.00736842,0.0177193,0.0722807,0.264298,0.0224561,0.0199123,0.0428596,0.159096,0.0197105,0.225026,0.0669211,0.0502193,4.27732,55.7719,535.219,0.587719
0.112708,0.13125,0.752708,0,0.637083,0.648125,0.333958,0.11625,0.595,0.268333,0.269167,0.718333,0.183125,0.11125,1.16208,0.362083,0.12875,0.88875,1.66979,1.00854,0.939583,0.120417,0.634167,0.153958,0.001875,0.001875,0,0,0,0,0,0,0.0075,0,0.00416667,0,0,0,0,0.0283333,0,0,0.11125,0.0166667,0.0608333,0.0491667,0,0,0.00372917,0.09575,0.0015625,0.378396,0.154958,0.0254792,9.24046,621.688,1395.9,1
0,0,0.28,0,0.16,0.18,0,0,0,0,0.02,0.09,0.11,0,0,0,0,0,0.14,0,0.02,0,0,0.04,0,0,0,0,0,0,0,0,0,0.07,0,0,0,0,0.02,0,0,0,0,0,0,0,0,0,0,0.116,0.021,0.032,0,0,16.6155,154,9089,1
0,0,0,0.04,0,0,0,0,0,0,0,0,0,0,0,0.02,0,0,0.02,0,0,0,0,0,0,0,0,0,0,0,0,0,0,0,0,0,0,0,0,0,0,0,0,0,0,0,0,0,1.024,9.752,0.003,1.542,1.785,1.998,239.571,9989,10062,1
0.263235,0.162353,0.265,0.126765,0.0747059,0.0882353,0.0255882,0.126471,0.227059,0.397647,0.124706,0.592353,0.290882,0.622941,0.0108824,0.125,0.247059,0.100882,1.76706,0.0208824,0.834412,0.0461765,0.510882,0.23,0.131471,0.0835294,0.00676471,0.00205882,0.00205882,0.005,0,0,0.38,0,0,0.0282353,0.219706,0.00205882,0.00647059,0.00735294,0.0188235,0.00794118,0.00617647,0.0144118,0.0355882,0.0514706,0.00676471,0.0505882,0.0336765,0.0950882,0.006,0.204441,0.357824,0.0869706,5.46471,173.118,3161.06,0.735294
0.29875,0,1.49875,0,0.89875,0,0.08125,0,0.55125,0.88625,0,0,0,0,0,0.0725,0,0,0.29875,0.85125,0.50375,0,0,0,0.29875,0,0.1825,0.03625,0,0.0725,0,0,0,0,0,0,0.0725,0,0,0,0,0,0,0,0,0,0,0,0,0.00225,0,0.79025,0.08525,0,466.562,1283.38,1338.12,0.875
0.0425424,0.365085,0.367627,0.68017,0.524915,0.149492,0.587627,0.0710169,0.222373,0.292034,0.0291525,0.649322,0.0727119,0.0108475,0.0289831,0.340847,0.190678,0.403898,2.08847,0.0744068,1.19203,0.0462712,0.0555932,0.0742373,0.124407,0.0411864,0.2,0.0238983,0.0328814,0.0286441,0.122712,0,0,0.00728814,0.069322,0.0122034,0.0513559,0,0.0350847,0.33322,0,0.00338983,0.0157627,0.0128814,0.191356,0.00932203,0,0.0169492,0.0103898,0.158271,0.0163729,0.336678,0.0577797,0.0412373,11.5409,152.695,394.119,0.627119
0.09475,0.084,0.25125,0,0.26325,0.098,0.04175,0.23275,0.296,0.3215,0.08225,0.578,0.11475,0.1545,0.09275,0.08875,0.20075,0.19125,1.22275,0.171,0.733,0.60175,0.09675,0.086,1.04225,0.27975,0.0295,0.0405,0.02075,0.0535,0.046,0.00475,0.21475,0.00225,0.1355,0.06225,0.20675,0,0.059,0.027,0.00525,0.0255,0.005,0.004,0.03825,0.0115,0.0055,0.06775,0.079975,0.141025,0.0502,0.1456,0.095675,0.0721,3.65088,44.75,879.05,0.375
0.392,0.362,0.398,0,0.364,0.062,0.038,0.174,0.58,0.566,0.316,0.652,0.538,1.006,0.374,0.192,0.352,0.212,2.734,0.064,1.18,0,0.634,0.42,0,0,0,0,0,0,0,0,0,0,0,0,0,0,0,0.012,0,0,0.024,0,0.036,0.012,0,0,0.01,0.0906,0,0.361,0.7502,0.104,7.587,565.8,2369.8,1
0.0588889,0.113333,0.282222,0.70963,0.232593,0.1,0.0811111,0.0314815,0.391481,0.215926,0.0592593,0.407407,0.0659259,0.0511111,0.107037,0.234074,0.0522222,0.161481,1.1137,0.00962963,0.648519,1.22963,0.101852,0.0544444,0.37037,0.231852,0.0155556,0.0144444,0.0185185,0.00703704,0.017037,0,0.0888889,0,0.0259259,0.0248148,0.155556,0.00148148,0,0.0114815,0.00259259,0.0207407,0,0.0137037,0.0214815,0.0337037,0,0.00592593,0.0531111,0.193852,0.0358519,0.136556,0.0881111,0.110741,5.55478,80.963,1347.3,0.518519
0.069,0.065,0.198,0.01,0.133,0.063,0,0.074,0.039,0.094,0.053,0.541,0.015,0.036,0.002,0.219,0.123,0.123,0.462,0.05,0.2,0.354,0.052,0.01,0.253,0.099,0.009,0.008,0.013,0.046,0.036,0,0.254,0,0.013,0.118,0.265,0.016,0.032,0.027,0.054,0.007,0.016,0.034,0.015,0.232,0.005,0.036,0.0891,0.1664,0.0429,0.059,0.0198,0.0424,3.5294,96.1,1787.4,0.1
0.19,0,0.38,0,0,0.19,0,0,0,0,0.19,0.19,0,0,0,0.38,0,0.19,1.14,0,0.38,0,0,0,0,0,0,0,0,0,0,0,0,0,0,0,0,0,0,0,0,0,0,0,0,0,0,0,0.01,0.01,0,0,0,0.003,2.383,21,15841,1
0.707143,0.445714,0.755714,0,0.0957143,0.535714,0.0957143,0.488571,1.03286,1.04,0.0228571,0.445714,0.348571,0,0.985714,0.258571,0.162857,1.83,2.24571,1.03286,1.29714,0,1.15286,0.66,0,0,0,0,0,0,0,0,0.0471429,0,0.162857,0,0,0,0,0,0,0,0,0,0,0,0,0,0.0231429,0.0492857,0,0.397571,0.178571,0.05,13.4287,525,912.143,1
0.005,0.005,0.035,0,0.025,0,0,0.005,0.015,0.065,0.025,0,0,0.025,0,0,0.005,0.035,0.005,0,0.005,0,0,0,0,0,0,0,0,0,0,0,0.035,0,0,0.065,0,0,0,0.005,0.23,0,0,0.015,0,0.4,0.005,0.035,0.036,0.1615,0.075,0.012,0.056,0.012,3.0295,43.5,5648.5,0
0.19,0.19,0.19,0.19,1.16,0,0,0,0.58,0.38,0,0,0,0,0,0,0,0,0.19,0.38,0.58,0,0,0,0.19,0,0,0.19,0,0,0,0,0,0.38,0,0,0,0,0,0,0,0,0,0,0,0,0,0,0,0.07,0,0,1.121,0,1021.5,2042,2043,1
0.2025,0.1575,0.5125,0,1.265,0.3375,0.22,0.385,0.4225,1.6325,0.0625,0.7525,0.245,0,1.2175,0.24,0.0475,0.86,2.565,0.135,1.96,0,0.64,0.41,0,0,0,0,0,0,0,0,0,0,0.0225,0,0,0,0,0.26,0,0,0.04,0,0.02,0.02,0,0,0.003,0.03375,0,0.519,0.1535,0.0115,49.1835,859,1747.5,1
0.0825,0.111899,0.316962,0.00531646,0.347468,0.183259,0.101899,0.101139,0.0657911,0.223291,0.0420253,0.550032,0.0728797,0.0181329,0.00955696,0.249494,0.13269,0.179873,1.46215,0.0786709,0.966487,0.00392405,0.118418,0.0991139,0.689525,0.389937,0.217089,0.158291,0.110949,0.128639,0.070538,0.0622468,0.128576,0.0622468,0.122785,0.117468,0.203006,0.00291139,0.0929114,0.0813924,0.0805063,0.0421835,0.10731,0.0256013,0.206297,0.16981,0.0118671,0.0286076,0.0436171,0.16693,0.0275253,0.159513,0.0610443,0.0248101,2.47859,18.5633,168.896,0.417722
0.226471,0.315294,0.601765,0.0558824,0.431765,0.341176,0.164118,0.202941,0.421765,0.688824,0.260588,0.661765,0.222941,0.104706,0.332353,0.263529,0.241765,0.412353,1.98588,0.137059,1.48529,0.01,0.364118,0.298235,0.548824,0.231176,0.0141176,0,0,0.0429412,0,0,0.0794118,0,0.0423529,0.0141176,0.192353,0.0505882,0.0141176,0.0429412,0,0.0429412,0.02,0.0288235,0.0876471,0.0841176,0,0,0.000705882,0.186,0.00876471,0.645235,0.247647,0.0516471,9.96018,302.059,738.765,0.941176
0.161138,0.0897006,0.363772,0.0228144,0.292335,0.109042,0.0880838,0.148144,0.102994,0.28485,0.0788024,0.481198,0.10491,0.0359281,0.0437126,0.282036,0.23521,0.18521,1.56234,0.176587,0.813114,0.662874,0.175509,0.0937126,0.640838,0.251257,0.0876647,0.0764671,0.0377844,0.0533533,0.0479641,0.0192216,0.0548503,0.021018,0.0532934,0.0628743,0.199281,0.00874251,0.0326946,0.0558683,0.0352096,0.0503593,0.0408982,0.0442515,0.123772,0.183832,0.0173653,0.0449102,0.231419,0.161479,0.0182874,0.265527,0.150473,0.14712,3.84807,42.0958,336.683,0.532934
0.112362,0.0972006,0.275081,0.0039644,0.398867,0.119417,0.139887,0.111084,0.0428964,0.211505,0.0469741,0.515809,0.0896278,0.0254531,0.0516505,0.364854,0.145291,0.181019,1.76764,0.0469903,0.898107,0.0321683,0.116246,0.081877,0.510858,0.351731,0.20445,0.192282,0.0696602,0.108592,0.0553074,0.058932,0.0721359,0.0620712,0.113042,0.135858,0.122379,0.00435275,0.0997735,0.0628317,0.0314401,0.0458252,0.0721036,0.0802751,0.261699,0.191521,0.00420712,0.0298867,0.0181408,0.132736,0.0145453,0.274155,0.0660259,0.0639207,2.83307,22.4126,110.502,0.469256
0.0541379,0.0434483,0.202759,0,0.21,0.0327586,0.0613793,0.0782759,0.224828,0.185172,0.0637931,0.322759,0.0496552,0.0503448,0.0693103,0.235172,0.0465517,0.278621,1.07897,0.281034,0.871034,0.548276,0.0634483,0.0265517,0.566207,0.236897,0.027931,0.0348276,0.00310345,0.0344828,0.0327586,0.00310345,0.101724,0.00310345,0.183793,0.0289655,0.190345,0,0.0162069,0.0393103,0.0206897,0.0648276,0.00793103,0.0196552,0.0531034,0.0855172,0.037931,0.0672414,0.0338276,0.139103,0.0142069,0.246931,0.150069,0.0624483,4.524,56.1724,1177.24,0.551724
0.175,0.04,0.405,0,0.175,0,0,0.335,0.305,0.88,0.085,0.205,0.395,0,0.13,0,0.35,0.405,1.785,0,1.015,0,0.535,0.35,0,0,0,0,0,0,0,0,0,0,0,0.115,0,0,0.04,0.55,0,0,0,0,0.085,0,0,0,0.0355,0.076,0,0.3255,0.046,0.0055,40.992,1337.5,2938.5,1
0.130781,0.217813,0.443437,0,0.255937,0.119219,0.0439063,0.0934375,0.237031,0.285469,0.0659375,0.783594,0.200312,0.127031,0.145781,0.15,0.142031,0.18375,1.63266,0.0665625,0.902812,0,0.135625,0.167656,0.8525,0.121875,0.029375,0.0253125,0.0148438,0.0284375,0.0175,0.00671875,0.0615625,0.00671875,0.03,0.0695312,0.103594,0.0021875,0.0129688,0.038125,0.0117187,0.119531,0.04875,0.010625,0.0309375,0.0157812,0,0.0248437,0.175094,0.151375,0.0126719,1.12855,0.270156,0.0194375,4.05309,58.9375,733.609,0.5625
0.194118,0.196471,0.475882,0,0.408235,0.130588,0.108824,0.0611765,0.176471,0.921765,0.188824,0.575294,0.342941,0.0123529,0.195294,0.402353,0.127647,0.54,1.94471,0.365294,1.16588,2.45,0.171765,0.311176,0,0,0,0.0182353,0,0,0,0,0.0182353,0.00705882,0,0.00941176,0.00411765,0,0,0.0411765,0.00588235,0,0,0.0305882,0.0347059,0,0,0,0.0602941,0.0881765,0.0147059,0.472353,0.279765,0.204471,6.80112,128.765,1048.29,1
0.508,0.12,0.375,0,0.046,0.202,0.004,0.174,0.203,0.337,0.234,0.922,0.535,0.945,0.057,0.322,0.389,0.179,2.513,0.153,1.041,0,0.303,0.5,0,0,0.001,0,0.003,0.001,0,0,0.155,0,0,0.023,0.082,0,0.001,0.038,0.006,0.009,0,0.023,0.06,0.012,0.022,0.057,0.0158,0.1804,0.0002,0.4094,0.3131,0.1134,4.4923,157.3,3591.2,0.9
0.125785,0.101405,0.267603,0.437438,0.450992,0.116198,0.0472727,0.112479,0.177273,0.21157,0.105041,0.658843,0.142479,0.0347107,0.0558678,0.210992,0.240248,0.177107,1.78231,0.0782645,0.804711,0.796777,0.188678,0.143058,0.603388,0.159008,0.032314,0.0278512,0.0363636,0.0215702,0.016281,0.018843,0.0738843,0.0122314,0.0334711,0.0836364,0.122479,0.0423967,0.0214876,0.0252066,0.0313223,0.0457025,0.0223967,0.00669421,0.0594215,0.0590083,0.00727273,0.0153719,0.151554,0.121388,0.0101157,0.193727,0.0980165,0.0802479,3.8398,42.314,442.595,0.570248
0.191294,0.127882,0.340235,0.00129412,0.359882,0.162235,0.0815294,0.179647,0.335176,0.346824,0.104235,0.667529,0.0777647,0.115529,0.0951765,0.193176,0.345059,0.0817647,1.51776,0.223765,1.09,0.369412,0.0677647,0.257647,0.782,0.171529,0.0216471,0.00988235,0.00176471,0.0130588,0.0177647,0.00176471,0.104706,0.00305882,0.0177647,0.0576471,0.148118,0.0221176,0.0147059,0.0316471,0.0475294,0.119882,0.0102353,0.0161176,0.0548235,0.086,0.00647059,0.00752941,0.113482,0.172506,0.0136235,0.2874,0.138059,0.0926941,4.25066,74.3529,624.212,0.529412
0.118519,0.212037,0.473148,1.6787,0.797778,0.12963,0.49963,0.195185,0.0242593,0.201667,0.12537,0.524444,0.190185,0.0383333,0,0.627778,0.918519,0.373519,2.58778,0.375556,1.84148,0,0.0881481,0.210556,0.0105556,0.0105556,0,0,0,0,0,0,0.005,0,0,0.0185185,0.0614815,0,0.0442593,0,0,0,0.0140741,0,0.0659259,0.0259259,0,0,0.00655556,0.111352,0.0157778,0.631574,0.183333,0.0252222,8.64637,139.833,247.556,0.944444
0.2,0.81,0.61,0,0,0,0,0,0.2,0,0,0.4,0,0,0,0.2,0,0,0.2,0,0.2,0,0,0.4,0,0,0,0,0,0,0,0,0,0,0,0,0,0,0,0,0,0,0,0,0,0,0,0,0,0,0,0.831,0.338,0.03,1102.5,2204,2205,1
0.0925,0.1075,0.275,0.015,0.7325,0.2425,0.0725,0.5025,0.0925,0.2225,0.09,0.77,0.1525,0.15,0.05,1.415,0.695,0.35,1.9525,0.2975,0.7425,0.65,0.405,0.2425,0,0,0,0,0,0,0,0,0,0,0,0.2,0.065,0,0,0.0725,0,0,0,0,0.0075,0,0,0,0.00275,0.04575,0.02925,0.47925,0.153,0.24975,6.50975,262,1984.75,1
0.29,0.04,0.04,0,0.14,0.04,0,0.29,0.29,0.94,0.14,0.04,0.14,0,0.19,0.04,0.39,0.19,1.6,0.04,0.79,9.53,0.69,0.47,0,0,0,0,0,0,0,0,0,0,0,0.04,0,0,0.04,0,0,0,0,0,0.19,0,0,0,1.117,0.053,0,0.356,0.09,0.011,12.332,1171,9163,1
0.0775,0.110216,0.318966,0.00517241,0.430259,0.116164,0.102888,0.13806,0.0661207,0.275172,0.0704741,0.554569,0.130991,0.0284052,0.0531466,0.232629,0.208276,0.263448,1.59517,0.0882328,0.882241,0.202888,0.16375,0.0802155,0.448017,0.200819,0.107457,0.0805172,0.0653448,0.0872414,0.0472845,0.0364224,0.0618103,0.0378017,0.0642241,0.0857328,0.167457,0.00685345,0.0552155,0.0664224,0.00823276,0.0286638,0.0496552,0.0647414,0.153405,0.128922,0,0.0248707,0.0463534,0.167517,0.0232716,0.239259,0.111026,0.0474224,3.46565,40.1466,250.241,0.581897
0.207222,0.161111,0.247222,0.0116667,0.257778,0.0933333,0.0327778,0.291111,0.325556,0.332222,0.108333,0.485556,0.196111,0.0872222,0.0905556,0.232778,0.215556,0.197222,1.74056,0.219444,0.845556,1.16611,0.298889,0.331667,0.140556,0.0972222,0.00777778,0.00277778,0,0.0127778,0,0,0.0527778,0.00722222,0.00444444,0.106667,0.189444,0.015,0.015,0.0177778,0,0,0.00444444,0.0122222,0.0427778,0.0405556,0.00333333,0.0277778,0.0341111,0.121278,0.056,0.212111,0.193556,0.141333,6.0285,121.056,1608.61,0.666667
0.06875,0.155,0.25,0,0.2475,0.0725,0.0425,0.1075,0.13125,0.5175,0.04125,0.60125,0.3425,0.9025,0.0175,0.26,0.04875,0,1.58875,0,0.78,1.36625,0.0725,0.20125,0.2425,0,0.11875,0,0,0,0.11875,0,0,0,0.11875,0,0.24625,0,0,0.135,0,0,0.00875,0,0.07375,0,0,0.04875,0,0.03625,0,0.17175,0.145375,0.211125,13.3226,204.125,1123.5,0.5
0.548333,0.376667,0.255,0,0.165,0.04,0.01,0.235,0.555,0.88,0.288333,0.563333,0.57,1.00833,0.09,0.193333,0.493333,0.103333,3.17333,0.015,1.465,0,0.681667,0.645,0,0,0,0,0,0,0,0,0,0,0.01,0.015,0,0,0.015,0,0,0,0,0,0.07,0,0,0,0.0133333,0.0773333,0,0.4825,0.455667,0.114333,8.326,828.833,2423.17,1
0.156667,0.398333,0.558333,1.52667,0.235,0.398333,0.206667,0.508333,0.608333,1.31,0.213333,1.36667,0,0.123333,0.69,0.171667,0.375,0.55,1.85167,0.185,2.08,0,0.403333,0.0666667,0,0,0,0,0,0,0,0,0,0,0,0,0.11,0,0,0.0483333,0,0,0.0666667,0,0,0,0,0,0.0645,0.137667,0,0.590167,0.158667,0.037,27.5562,767.667,1131,1
0.21,0.448824,0.646471,0.0823529,0.291176,0.0241176,0.437647,0.0335294,0.169412,0.931176,0.145294,0.911765,0.0476471,0.0776471,0.177059,1.51235,0.374706,0.0370588,1.97235,0.135882,1.54941,0,0.0482353,0.146471,0.0317647,0.0470588,0.0170588,0.0341176,0,0,0,0,0,0.0170588,0.0341176,0.0135294,0.0358824,0,0,0,0,0,0,0,0.120588,0,0,0.0452941,0.0170588,0.0634706,0,0.830765,0.316118,0.0754118,40.6247,379.294,549.412,0.882353
0.343333,0.332667,0.370667,0,0.254,0.0593333,0.0473333,0.106667,0.504,0.564667,0.245333,0.678667,0.394667,0.878,0.022,0.188,0.316,0.0286667,2.79667,0.0133333,1.324,0,0.304667,0.42,0.0353333,0.0366667,0.000666667,0,0,0,0,0,0.0333333,0,0.000666667,0.00333333,0.0433333,0.00266667,0,0,0,0,0.000666667,0,0.0466667,0,0.00333333,0,0.0215333,0.0854667,0.0064,0.355,0.525267,0.0973333,5.829,154.267,2253.2,0.933333
0,0.0783333,0.261667,0,0.775,0.0466667,1.85667,0.9025,0.9025,1.0275,0.9025,0.506667,0,0.0891667,0,1.10583,2.5125,0.075,1.47083,0.9025,3.05333,0,0.2925,0.0891667,0,0,0,0,0,0,0,0,0,0,0,0,0.3675,0,0.0891667,0,0,0,0,0,0,0,0,0,0,0.0720833,0,0.73125,0.115417,0.0831667,70.9209,286.917,312.25,1
0.49,0.880909,0.846364,0,0.455455,0.0345455,0,0.420909,0,1.73091,0,2.26091,0,0.55,0,0.420909,0,0,1.87091,0,5.03455,0.0345455,0,0,0,0,0,0,0,0,0,0,0,0,0,0,0,0,0,0,0,0,0,0,0,0,0,0,0,0.238818,0,1.53055,0.173909,0.0812727,61.8823,664.091,764.636,1
0.108288,0.219041,0.380342,0,0.492808,0.119589,0.359795,0.129041,0.0793151,0.318562,0.133904,0.600274,0.114041,0.0413699,0.050411,0.325,0.369658,0.312397,1.83452,0.295274,1.11788,0.0920548,0.224521,0.0997945,0.252192,0.101096,0.0306164,0.11726,0.0134932,0.101438,0.0177397,0.0134932,0.145548,0.0134932,0.0868493,0.0758904,0.138425,0.0106849,0.0413014,0.0725342,0.00938356,0.0518493,0.0060274,0.010137,0.134178,0.0499315,0,0.00746575,0.00930822,0.110514,0.00113699,0.415027,0.0956164,0.0268014,5.63618,68.0685,173.596,0.664384
0.12,0.804,0.426,0,0.396,0.552,0.084,0.304,0.488,0.854,0.122,0.54,0.244,0.02,0.312,0.042,0.458,0.654,2.55,0.306,1.746,0.062,0.836,0.328,0,0,0,0,0,0,0,0,0,0,0.026,0.084,0,0,0,0,0,0,0.038,0,0.144,0,0,0,0.0252,0.0686,0.3236,0.4632,0.187,0.0282,14.0696,402.4,1029,1
0.0942857,0.0914286,0.227143,0,0.0971429,0.0928571,0.0542857,0.08,0.0842857,0.258571,0.06,0.287143,0.174286,0.0242857,0.0542857,0.138571,0.0671429,0.142857,1.21286,0.00571429,0.55,0,0.13,0.115714,1.99429,0.11,0.00285714,0,0.00285714,0.0471429,0,0,0.0785714,0,0.0342857,0.124286,0.144286,0.00285714,0.04,0.0457143,0.05,0.0142857,0.0142857,0.0571429,0.0557143,0.21,0,0.127143,0.0321429,0.131429,0.00628571,0.175,0.0868571,0.0161429,5.411,75.1429,2031.14,0.285714
0.363333,0.336667,1.26667,0,1.21,0,0.11,0,0.253333,0.253333,0.223333,0.223333,0.11,0,0,0.336667,0,0.56,1.04,0.506667,1.23667,0,0,0,0.253333,0,0,0,0,0,0,0,0,0,0,0,0,0,0,0,0,0,0,0,0,0,0,0,0,0.04,0,0.691,0.0593333,0,261.167,1122.33,1173.67,1
0.181667,0.14,0.245,0.0216667,0.105,0.0616667,0.0233333,0.0866667,0.243333,0.305,0.095,0.4,0.161667,0.376667,0.0166667,0.0916667,0.158333,0.0616667,1.115,0.00333333,0.491667,0,0.163333,0.173333,0.43,0.443333,0.005,0.00333333,0.00333333,0,0,0,0.658333,0,0,0.0666667,0.69,0.00833333,0,0.00333333,0.0266667,0.01,0.0166667,0.0233333,0.103333,0.103333,0.00333333,0.0966667,0.0843333,0.186333,0.0388333,0.125833,0.185667,0.0445,3.62817,76.1667,2593.17,0.5
0.125,0.323889,0.413333,3.13556,0.433889,0.112222,0.0716667,0.0433333,0.466111,0.838889,0.0911111,0.631111,0.164444,0.00888889,0.235,0.260556,0.0211111,0.743333,1.43389,0.381111,1.19667,1.38556,0.186111,0.192222,0.0977778,0,0.0855556,0,0.00333333,0.0244444,0,0,0.0244444,0,0.00777778,0.005,0,0,0.0244444,0.0422222,0,0.00722222,0.00944444,0,0.00944444,0,0,0.00777778,0.0147222,0.0527778,0,0.472722,0.0952778,0.162444,7.88728,153.5,897.333,0.944444
0.11915,0.0890508,0.248366,0.00295806,0.2267,0.0621744,0.13011,0.120927,0.0233996,0.244912,0.0677594,0.573907,0.0920861,0.0304194,0.0252208,0.203996,0.107031,0.165861,1.66748,0.020883,0.833057,0.000640177,0.0587748,0.067947,0.65649,0.338157,0.255916,0.244636,0.110386,0.180088,0.0940066,0.0653532,0.151854,0.0653532,0.178764,0.133179,0.218962,0.00512141,0.145773,0.0733333,0.0453422,0.128565,0.0743377,0.10287,0.280254,0.233962,0.00364238,0.031777,0.0177274,0.163798,0.0143918,0.254392,0.0575795,0.0472064,2.51099,13.628,60.713,0.316777
0.252727,0.119091,0.445455,0,0.55,0.194545,0.0763636,0.280909,0.162727,0.51,0.146364,0.767273,0.338182,0.0681818,0.0781818,0.631818,0.32,0.252727,2.76545,0.0854545,1.23909,0.415455,0.548182,0.390909,0,0,0,0,0,0,0,0,0,0,0,0.101818,0,0,0.0718182,0.0336364,0,0,0,0,0.0409091,0,0,0.02,0.0101818,0.0882727,0.0118182,0.419091,0.296545,0.176273,8.24709,212.636,1472.45,1
0.147111,0.116222,0.44,0.0151111,0.289778,0.134889,0.111333,0.222,0.626,0.496,0.14,0.561778,0.0733333,0.0486667,0.0977778,0.380889,0.155556,0.306444,1.57244,0.215778,1.01756,0.0651111,0.0833333,0.254444,0.323333,0.179778,0.0171111,0.0211111,0.000888889,0.0177778,0.018,0,0.108444,0.00377778,0.182222,0.0251111,0.171333,0.004,0.0277778,0.0266667,0.0144444,0.0437778,0.00622222,0.014,0.0404444,0.0733333,0.00977778,0.0108889,0.0518222,0.126111,0.0660222,0.399222,0.221933,0.0403111,3.4138,54.5333,1020.38,0.711111
