0.0798643,0.0822172,0.337738,0.00393665,0.33991,0.144072,0.119548,0.142986,0.0666063,0.221584,0.0825792,0.508869,0.103982,0.0374661,0.0200452,0.270498,0.146109,0.195339,1.44005,0.120045,0.878552,0.00837104,0.1119,0.0814027,0.685249,0.338914,0.11991,0.129005,0.0691855,0.112534,0.059638,0.0330769,0.100407,0.0330769,0.0920814,0.120226,0.224615,0.01,0.0809502,0.0613122,0.0771946,0.0304072,0.0728507,0.0609955,0.160905,0.178688,0.00493213,0.03819,0.0485158,0.159986,0.0180588,0.162561,0.0739005,0.0288416,2.64036,25.8054,196.643,0.470588
0.125588,0.151961,0.39049,0.140294,0.297059,0.120784,0.0884314,0.187745,0.431863,0.517843,0.124314,0.535392,0.127157,0.0641176,0.135784,0.270392,0.147059,0.373922,1.41176,0.17598,0.929118,0.848725,0.124608,0.197451,0.475392,0.152059,0.0305882,0.024902,0.00558824,0.0268627,0.019902,0.00186275,0.12402,0.00372549,0.12598,0.0319608,0.137843,0.00176471,0.0329412,0.0316667,0.00941176,0.0273529,0.00529412,0.0122549,0.0356863,0.0368627,0.00647059,0.0289216,0.0591961,0.107961,0.0439608,0.365441,0.181725,0.0970784,4.64325,77.4118,969.873,0.686275
0.0915152,0.09,0.262879,0.290303,0.261061,0.075303,0.0656061,0.064697,0.285,0.343182,0.0722727,0.448485,0.13803,0.151667,0.095303,0.296667,0.0618182,0.245,1.36652,0.210455,0.85,0.863333,0.0945455,0.0951515,0.379697,0.171818,0.0316667,0.0193939,0.00893939,0.0168182,0.0339394,0.00136364,0.0759091,0.00136364,0.105152,0.0227273,0.167121,0.000606061,0.0174242,0.0407576,0.0101515,0.0369697,0.00454545,0.0101515,0.0451515,0.0513636,0.0166667,0.04,0.0324242,0.150545,0.0204394,0.219667,0.123015,0.110985,6.12858,95.9697,1219.88,0.590909
0.136579,0.105,0.359803,0.0236184,0.305987,0.0851974,0.0884211,0.167303,0.131974,0.314474,0.0751316,0.489276,0.0904605,0.0357237,0.0561842,0.27,0.222763,0.191579,1.56967,0.189342,0.909803,0.682697,0.151053,0.0909868,0.476316,0.195724,0.0764474,0.0779605,0.0478947,0.0486184,0.0420395,0.0196053,0.0455263,0.0196053,0.0461842,0.0705263,0.167171,0.0251316,0.0403289,0.0748684,0.0351974,0.0517763,0.0400658,0.0453947,0.112434,0.183947,0.0190789,0.0474342,0.271882,0.158362,0.0160789,0.285039,0.149283,0.152349,3.95759,47.2171,352.684,0.539474
0.0929722,0.0853001,0.256794,0,0.229795,0.0618009,0.112958,0.0569253,0.0269839,0.200264,0.0314641,0.576881,0.0836603,0.0379356,0.0163836,0.229707,0.0631918,0.14631,1.72297,0.0101025,0.58448,0,0.0515666,0.0348902,1.04318,0.514348,0.385827,0.286808,0.2553,0.281654,0.223031,0.169839,0.0965739,0.169839,0.268214,0.242826,0.187672,0.0133968,0.170673,0.177628,0.0781552,0.229985,0.0485652,0.130805,0.379253,0.20063,0.00149341,0.0343338,0.018205,0.16843,0.013757,0.198458,0.0435798,0.0351903,2.09474,9.27672,39.8228,0.207906
0.0561728,0.224321,0.409383,0.24358,0.555679,0.170247,0.827407,0.210741,0.178025,0.36284,0.208642,0.580123,0.0361728,0.0132099,0.011358,0.482469,0.58321,0.365679,2.05099,0.351852,1.72469,0.0106173,0.106296,0.121358,0.0422222,0.0308642,0.0817284,0.0174074,0.0177778,0.0177778,0.0893827,0,0.00333333,0,0.0504938,0.0155556,0.116667,0,0.0659259,0.234568,0,0.00246914,0.00938272,0.00938272,0.171235,0.0207407,0,0,0.00606173,0.121877,0.0185679,0.406025,0.0897037,0.0408272,20.1174,175.235,337.519,0.790123
0.118421,0.154912,0.688947,0.160702,0.660702,0.611404,0.324211,0.165439,0.581754,0.412281,0.252281,0.720526,0.177193,0.0936842,1.13667,0.344561,0.151228,0.89614,1.74298,0.878246,1.05386,0.101404,0.608421,0.165439,0.00157895,0.00157895,0,0,0,0,0,0,0.00631579,0,0.00508772,0,0.00508772,0,0,0.047193,0,0,0.103509,0.0140351,0.0526316,0.042807,0,0,0.0101404,0.0927018,0.00131579,0.374491,0.152123,0.0238772,15.4019,652.789,1402.49,1
0.225517,0.422069,0.698621,0.0810345,0.37,0.177241,0.332069,0.122759,0.253103,0.863103,0.226552,0.795517,0.107931,0.0955172,0.282759,1.04103,0.361379,0.257931,1.83759,0.151034,1.53586,0.00586207,0.228276,0.202414,0.0186207,0.0275862,0.01,0.02,0,0,0,0,0.0465517,0.01,0.0365517,0.00793103,0.133793,0.0124138,0,0.0162069,0,0,0.0062069,0,0.122069,0.0493103,0,0.0265517,0.01,0.137517,0.00513793,0.740172,0.306552,0.0695517,28.5927,357,621.759,0.931034
0.005,0.005,0.035,0,0.025,0,0,0.005,0.015,0.065,0.025,0,0,0.025,0,0,0.005,0.035,0.005,0,0.005,0,0,0,0,0,0,0,0,0,0,0,0.035,0,0,0.065,0,0,0,0.005,0.23,0,0,0.015,0,0.4,0.005,0.035,0.036,0.1615,0.075,0.012,0.056,0.012,3.0295,43.5,5648.5,0
0,0,0,0,0,0,0,0,0,0,0,0,0,0,0,0.325203,0,0,0,0,0,0,0,0,0.0903252,0.116098,20.068,0,0,0,0,0,0,0,0,0,0,0,0,0,0,0.18065,0,0,0.0541463,0,0,0,0,0.0285203,0,0.00934146,0,0,1.20634,1.6748,5.45528,0
0.137717,0.18837,0.384348,0.465326,0.29087,0.121739,0.0469565,0.0982609,0.327391,0.326848,0.0618478,0.722391,0.198152,0.157609,0.158261,0.118913,0.141304,0.152174,1.74337,0.125978,0.969674,0,0.121739,0.203804,0.820978,0.186413,0.0291304,0.0213043,0.0142391,0.0346739,0.018913,0.00467391,0.066413,0.00467391,0.0333696,0.0570652,0.101087,0.00695652,0.0191304,0.0355435,0.00815217,0.135543,0.0368478,0.0133696,0.0375,0.0121739,0.005,0.0215217,0.133337,0.141902,0.0168587,0.867022,0.234989,0.0228152,4.23591,76.2065,743.75,0.565217
0.0873984,0.129079,0.30374,0.00883469,0.415718,0.183604,0.154038,0.115447,0.0471003,0.242493,0.0536043,0.560813,0.0773984,0.00520325,0.0488618,0.266558,0.157805,0.218266,1.68512,0.100461,1.09631,0.0507859,0.15,0.106098,0.55561,0.360759,0.223144,0.172033,0.10103,0.13645,0.0697832,0.0674255,0.0857995,0.0726829,0.125447,0.108509,0.157453,0.000623306,0.111192,0.0896748,0.0360976,0.0505149,0.0786721,0.0217615,0.247615,0.0972087,0.00745257,0.0133875,0.020252,0.162065,0.0224824,0.241724,0.0628211,0.0216694,3.0534,26,145.081,0.495935
0.124545,0.0998448,0.270443,0,0.401552,0.0942129,0.136807,0.102949,0.0533481,0.195898,0.0504878,0.484967,0.0882483,0.0255654,0.0388692,0.403038,0.145632,0.189534,1.78144,0.0558315,0.859534,0.0270288,0.103614,0.0829047,0.482173,0.298692,0.20694,0.185477,0.0635698,0.0997339,0.0538137,0.0598448,0.0753215,0.0598448,0.112217,0.129113,0.124124,0.00596452,0.0922616,0.0550333,0.0327494,0.0486253,0.0785809,0.0973836,0.251508,0.218137,0.00556541,0.0315299,0.0192772,0.127016,0.0146231,0.274246,0.0675388,0.0801973,2.85761,22.4257,105.388,0.45898
0.14907,0.126977,0.280465,0.0072093,0.31093,0.113256,0.0381395,0.221395,0.222093,0.333023,0.0939535,0.565581,0.140698,0.065814,0.0686047,0.339302,0.214884,0.19814,1.53605,0.134651,0.779302,0.939535,0.27907,0.228837,0.194419,0.105349,0.00744186,0.00581395,0.00302326,0.017907,0.0111628,0,0.0890698,0.00302326,0.00581395,0.10907,0.158605,0.01,0.0162791,0.0246512,0.0125581,0.00162791,0.0055814,0.0193023,0.0286047,0.0709302,0.00255814,0.0218605,0.0466047,0.125,0.0394884,0.208302,0.171698,0.124535,5.94228,127.837,1615.47,0.581395
0.486667,0.750833,0.77375,0,0.35,0.282917,0.0454167,0.407917,0.425,1.41,0.0629167,1.4775,0.12625,0.282917,0.348333,0.299167,0.13,0.66125,2.12708,0.3475,3.35667,0.0158333,0.54125,0.256667,0,0,0,0,0,0,0,0,0.01375,0,0.0529167,0.0175,0.0154167,0,0,0,0,0,0.00791667,0,0.0258333,0,0,0,0.012,0.153833,0.0674167,0.980917,0.185792,0.0610833,40.1172,598.375,872.333,1
0.131443,0.0747079,0.22646,0.00460481,0.229072,0.0579553,0.110464,0.146942,0.0319931,0.234605,0.0758935,0.5661,0.0887801,0.0426976,0.0247251,0.187045,0.120017,0.184845,1.58907,0.0240034,0.940997,0.00443299,0.0472337,0.0787629,0.653127,0.345258,0.2189,0.247165,0.0868385,0.148574,0.0667354,0.0485567,0.154278,0.0485567,0.143333,0.125911,0.219261,0.00494845,0.102698,0.0553093,0.0297595,0.0841409,0.08189,0.0820619,0.288832,0.209158,0.0056701,0.0347595,0.0186976,0.165177,0.0150893,0.256806,0.0577801,0.0418179,2.72103,15.823,70.6993,0.362543
0.095782,0.102844,0.319242,0.0104265,0.380427,0.134739,0.0977251,0.1191,0.0647393,0.243033,0.0701896,0.547299,0.144313,0.0252607,0.0487204,0.218863,0.214218,0.257346,1.57957,0.103602,0.78891,0.305118,0.171659,0.0808531,0.577014,0.243175,0.110711,0.0738389,0.0636019,0.0754502,0.0351185,0.0336967,0.0664455,0.0366351,0.0633175,0.0872038,0.161232,0.00123223,0.0371564,0.0581991,0.0191469,0.0347867,0.0478199,0.0333649,0.149763,0.157156,0,0.0220853,0.053436,0.157095,0.0263365,0.241891,0.114602,0.0587583,3.59468,40.6351,266.848,0.56872
0.136196,0.297065,0.450326,0.77087,0.736413,0.127826,0.469239,0.141087,0.0721739,0.389891,0.0746739,0.626087,0.171196,0.0616304,0.0384783,0.521196,0.849783,0.26663,2.21663,0.169348,1.36446,0.0177174,0.270217,0.109457,0.0541304,0.0440217,0,0.0783696,0,0.0578261,0,0,0.220435,0,0.0767391,0.0330435,0.102391,0.0169565,0,0.0605435,0.0115217,0.0368478,0.00565217,0.01,0.0881522,0.053587,0,0,0.00488043,0.108217,0,0.682576,0.14313,0.027,7.18916,100.717,196.652,0.804348
0.292683,0.256829,0.305854,0.00463415,0.236585,0.0721951,0.0395122,0.156829,0.384146,0.497317,0.193415,0.54878,0.351951,0.634634,0.0821951,0.24561,0.305122,0.106585,2.26366,0.0356098,1.03927,0.0409756,0.346341,0.352927,0.416341,0.0970732,0.00146341,0.000487805,0.00097561,0.00804878,0,0,0.121951,0,0.00756098,0.0465854,0.145366,0.00268293,0.00902439,0.0143902,0.012439,0.00390244,0.00804878,0.0131707,0.055122,0.052439,0.00170732,0.0358537,0.0291463,0.104854,0.011561,0.318073,0.390268,0.0871463,6.01607,285.488,2274.17,0.780488
0.323913,0.155217,0.293696,0.0936957,0.0758696,0.112826,0.0208696,0.145652,0.235217,0.416739,0.153478,0.663261,0.357174,0.691087,0.0271739,0.164783,0.287391,0.123478,1.97283,0.0486957,0.911087,0.0341304,0.470435,0.305217,0.0971739,0.0617391,0.00521739,0.00152174,0.00217391,0.00391304,0,0,0.314565,0,0,0.0276087,0.180217,0.00152174,0.00673913,0.0173913,0.0152174,0.00782609,0.00456522,0.0156522,0.0447826,0.0406522,0.00978261,0.0497826,0.0283261,0.112848,0.00447826,0.260087,0.345674,0.0920435,5.568,191.043,3245.11,0.782609
0.156867,0.0952667,0.345,0.00186667,0.319,0.139333,0.0593333,0.177933,0.241067,0.272733,0.0900667,0.733333,0.0960667,0.0981333,0.0364667,0.187533,0.271467,0.0989333,1.45267,0.168667,1.22667,0.210467,0.107733,0.166067,0.7946,0.1572,0.0145333,0.0056,0.00973333,0.0147333,0.0111333,0.001,0.1028,0.003,0.0119333,0.0620667,0.161733,0.0164667,0.0226,0.0214,0.0674667,0.0763333,0.00926667,0.0157333,0.0622,0.211933,0.0024,0.0137333,0.0840867,0.16926,0.0169,0.27746,0.0926733,0.0602467,4.04069,65.66,585.06,0.573333
0.117452,0.14293,0.245924,0.666624,0.410828,0.11414,0.0699363,0.111019,0.220255,0.255478,0.0893631,0.677516,0.134586,0.0435669,0.0417834,0.222293,0.240701,0.172484,1.66892,0.0729936,0.732484,0.74535,0.215223,0.131401,0.644586,0.176306,0.0600637,0.0301911,0.0256688,0.031465,0.0118471,0.0132484,0.0777707,0.0108917,0.0399363,0.0701274,0.114331,0.0220382,0.0185987,0.011465,0.0189809,0.0459236,0.0179618,0.0104459,0.0611465,0.0673248,0.0201911,0.0229936,0.101401,0.127146,0.0108599,0.190089,0.102822,0.0866369,4.75915,49.8217,464.427,0.573248
0.272308,0.0769231,1.31154,0.0146154,0.817692,0,0.05,0.0115385,0.457692,0.633077,0,0.0423077,0,0,0,0.06,0,0.0353846,0.343846,0.67,0.37,0,0.0353846,0.0307692,0.256923,0,0.112308,0.0369231,0,0.0446154,0,0,0,0.0292308,0,0.0115385,0.0446154,0,0,0.0715385,0,0,0,0,0,0,0,0,0.00546154,0.0122308,0,0.712385,0.175538,0.00230769,500.711,1413.23,1544.15,0.923077
0.0508405,0.674388,0.199716,0,0.266972,0.0353399,0.0286774,0.0449444,0.0118665,0.129753,0.00766378,0.483807,0.0491471,0.0637206,0.00210136,0.140222,0.0175155,0.113226,1.88497,0.0348084,0.462559,0,0.00262052,0.083152,0.302522,0.144215,0.501162,0.0126329,0.146588,0.0346848,0.0154512,0,0.105661,0,0.0438937,0.0147466,0.0364895,0.0373053,0.0637206,0.00537701,0.0703585,0.343115,0.0219407,0.168307,0.74068,0.327281,0.00629172,0.0552534,0.0207738,0.0961669,0.0191619,0.245262,0.00524227,0.00153894,1.50971,3.58591,12.9629,0.0877627
0.096,0.008,0.196,0.008,0.092,0.118,0,0.058,0.058,0.188,0.074,0.082,0.072,0,0.038,0.088,0.078,0.076,0.608,0.008,0.242,1.906,0.138,0.11,0,0,0,0,0,0,0,0,0,0.028,0,0.008,0,0,0.016,0,0,0,0,0,0.038,0,0,0,0.4302,2.0094,0.009,0.3924,0.375,0.4024,57.5034,2297.8,10648.8,1
