0.131543,0.118704,0.374753,0.0221605,0.302407,0.0826543,0.0896296,0.156975,0.13142,0.295062,0.0704938,0.491481,0.0921605,0.0335185,0.052716,0.274012,0.209012,0.224877,1.58901,0.182346,0.918272,0.640556,0.144691,0.0906173,0.44463,0.182531,0.0737037,0.0731481,0.0538272,0.0545062,0.0394444,0.0183951,0.0408642,0.0183951,0.0512346,0.064321,0.159136,0.0235802,0.0378395,0.0702469,0.02,0.0485802,0.042284,0.0455556,0.118272,0.162284,0.0179012,0.0445062,0.253562,0.149167,0.0138642,0.295642,0.141253,0.144093,4.10972,52.2099,351.333,0.549383
0.124369,0.15301,0.389223,0.138932,0.297961,0.119612,0.088835,0.185922,0.42767,0.51534,0.123107,0.532718,0.128447,0.0634951,0.135728,0.270291,0.145631,0.371553,1.42854,0.176796,0.934078,0.91165,0.12466,0.198058,0.470777,0.150583,0.0302913,0.0246602,0.00553398,0.0266019,0.0197087,0.00184466,0.122816,0.00368932,0.124757,0.0316505,0.136505,0.00174757,0.0326214,0.0313592,0.00932039,0.0270874,0.00524272,0.0121359,0.0366019,0.0365049,0.00640777,0.0286408,0.0586214,0.106913,0.043534,0.362107,0.180175,0.104767,4.71909,77.699,971.097,0.68932
0.0771698,0.319811,0.45,1.71038,0.797358,0.118491,0.603774,0.219057,0.0449057,0.283208,0.127736,0.492453,0.171509,0.0390566,0,0.711887,1.12075,0.328491,2.37849,0.388491,1.90906,0,0.0762264,0.15717,0.0107547,0.0107547,0,0,0,0,0,0,0.00509434,0,0,0.0188679,0.150566,0,0.0450943,0,0,0,0,0,0.0611321,0.0264151,0,0,0.00667925,0.124094,0.0160755,0.628,0.193019,0.0389623,8.59517,138.698,233.019,0.943396
0.0508405,0.674388,0.199716,0,0.266972,0.0353399,0.0286774,0.0449444,0.0118665,0.129753,0.00766378,0.483807,0.0491471,0.0637206,0.00210136,0.140222,0.0175155,0.113226,1.88497,0.0348084,0.462559,0,0.00262052,0.083152,0.302522,0.144215,0.501162,0.0126329,0.146588,0.0346848,0.0154512,0,0.105661,0,0.0438937,0.0147466,0.0364895,0.0373053,0.0637206,0.00537701,0.0703585,0.343115,0.0219407,0.168307,0.74068,0.327281,0.00629172,0.0552534,0.0207738,0.0961669,0.0191619,0.245262,0.00524227,0.00153894,1.50971,3.58591,12.9629,0.0877627
0.0803659,0.0694512,0.333841,0.00987805,0.31811,0.14689,0.0783537,0.160183,0.0780488,0.21378,0.0634146,0.47561,0.0985976,0.0345122,0.0194512,0.285732,0.159329,0.186341,1.39043,0.10939,0.815854,0.0112805,0.125061,0.0867073,0.685488,0.381951,0.135244,0.128841,0.0816463,0.12689,0.0678659,0.0345122,0.109451,0.0345122,0.0959146,0.110671,0.226585,0.0134756,0.0797561,0.0610366,0.102134,0.024878,0.0809756,0.0770122,0.169024,0.225305,0.00664634,0.0420122,0.0525183,0.178177,0.0222866,0.138549,0.0682988,0.0297622,2.47146,19.9085,201.427,0.432927
0.122696,0.195391,0.416522,0,0.461739,0.155565,0.298174,0.12487,0.0575652,0.334522,0.122,0.636435,0.128696,0.0553913,0.0563478,0.286696,0.283565,0.32713,1.98252,0.188957,1.14843,0.0378261,0.25913,0.0957391,0.222261,0.0976522,0.018,0.0963478,0.00895652,0.075913,0.0124348,0.00895652,0.189652,0.00895652,0.0913043,0.0803478,0.119913,0.0135652,0.0141739,0.0875652,0.011913,0.0410435,0.0113913,0.0128696,0.117391,0.0598261,0,0.00947826,0.0107391,0.0805913,0.0020087,0.475504,0.116026,0.0290696,5.06304,67.5217,188.391,0.678261
0.314865,0.276757,0.336486,0.00351351,0.248919,0.0745946,0.0389189,0.149459,0.425676,0.528919,0.214054,0.579189,0.367838,0.723243,0.0859459,0.259189,0.332432,0.11027,2.41297,0.0359459,1.0927,0.0454054,0.393784,0.371622,0.0959459,0.0994595,0.00162162,0.000540541,0.000540541,0,0,0,0.123243,0,0.00189189,0.0321622,0.133784,0.00297297,0.00243243,0.0391892,0.00432432,0.00216216,0.00621622,0.00378378,0.0594595,0.0194595,0.00189189,0.0156757,0.0328378,0.100892,0.0108919,0.335595,0.430541,0.0987568,7.64754,346.757,2344.32,0.864865
0.153478,0.124783,0.265435,0.00804348,0.295435,0.106304,0.0395652,0.230435,0.203696,0.299348,0.0923913,0.540435,0.148261,0.0695652,0.0623913,0.32413,0.210435,0.185652,1.49261,0.128696,0.707826,0.652609,0.261522,0.233478,0.461087,0.0893478,0.00586957,0.00543478,0.00326087,0.023913,0.0104348,0,0.0884783,0.00282609,0.0106522,0.118043,0.160217,0.00934783,0.0213043,0.0245652,0.0193478,0.00326087,0.0073913,0.0245652,0.0297826,0.0973913,0.0023913,0.0397826,0.0394565,0.123587,0.0373696,0.200739,0.163326,0.101739,5.77274,124.522,1677.87,0.543478
0.0551923,0.2075,0.333462,0,0.7075,0.179615,1.12442,0.286154,0.253654,0.5075,0.237115,0.637692,0.0298077,0.0205769,0.0176923,0.486154,0.832885,0.293077,2.16442,0.233462,1.72308,0.0165385,0.109615,0.106154,0.0519231,0.0151923,0.126731,0.0382692,0.00961538,0.00480769,0.139231,0,0,0.00557692,0.0651923,0.0101923,0.0992308,0,0.0567308,0.365385,0,0.00384615,0,0.00538462,0.167692,0,0,0.0192308,0.00932692,0.146481,0.0114231,0.400846,0.0858077,0.0425,27.5354,208.096,368.327,0.730769
0.096,0.008,0.196,0.008,0.092,0.118,0,0.058,0.058,0.188,0.074,0.082,0.072,0,0.038,0.088,0.078,0.076,0.608,0.008,0.242,1.906,0.138,0.11,0,0,0,0,0,0,0,0,0,0.028,0,0.008,0,0,0.016,0,0,0,0,0,0.038,0,0,0,0.4302,2.0094,0.009,0.3924,0.375,0.4024,57.5034,2297.8,10648.8,1
0.134853,0.108293,0.262027,0,0.429547,0.0828,0.132747,0.11496,0.03704,0.189733,0.05144,0.541733,0.0604533,0.02616,0.0484267,0.351013,0.158053,0.201627,1.73573,0.0297867,0.842747,0.01776,0.10184,0.0631733,0.56232,0.36392,0.251653,0.23336,0.0817067,0.118053,0.0661067,0.0753867,0.07784,0.0753867,0.136,0.155387,0.154613,0.00717333,0.104373,0.06304,0.0401333,0.0486933,0.1,0.11304,0.2468,0.190907,0.00693333,0.0406667,0.0212187,0.141699,0.0194107,0.249184,0.068632,0.035112,2.36046,15.1227,106.664,0.421333
0.158278,0.105166,0.345563,0.0018543,0.333046,0.142384,0.0674172,0.178013,0.240265,0.291523,0.0878146,0.73457,0.111854,0.0993377,0.0362252,0.209073,0.272583,0.110464,1.47377,0.16755,1.22874,0.209073,0.156556,0.173974,0.779139,0.153179,0.0139073,0.00556291,0.00635762,0.0129801,0.0110596,0.000993378,0.0983444,0.00298013,0.0118543,0.0625828,0.161325,0.0163576,0.0224503,0.0212583,0.0670199,0.0758278,0.0092053,0.0156291,0.0613907,0.21053,0.00238411,0.00834437,0.0794834,0.171066,0.0164106,0.286536,0.11549,0.060596,4.33286,67.6424,583.517,0.589404
0.081993,0.123636,0.29493,0.00734266,0.404441,0.201119,0.134266,0.111783,0.0384965,0.259965,0.037972,0.572657,0.0856294,0.00671329,0.00968531,0.235839,0.118671,0.179336,1.58762,0.0332867,1.08045,0.00671329,0.10965,0.104685,0.625769,0.377378,0.23465,0.176783,0.110874,0.131154,0.0725874,0.0676224,0.106469,0.0696853,0.129371,0.117028,0.178392,0.000804196,0.0976224,0.0794755,0.0465734,0.0518182,0.0998951,0.0283217,0.247727,0.11042,0.0093007,0.0151049,0.0277972,0.168458,0.0252413,0.205997,0.0620769,0.0137937,2.50104,17.9685,149.605,0.461538
0.120903,0.135613,0.239548,0.675226,0.410516,0.112581,0.0625806,0.109871,0.223097,0.238194,0.0905161,0.672839,0.120129,0.044129,0.0423226,0.204065,0.240774,0.162839,1.67032,0.0739355,0.739355,0.754968,0.174129,0.133097,0.648516,0.188194,0.0608387,0.0305806,0.026,0.031871,0.012,0.0134194,0.0807097,0.0110323,0.0404516,0.0716774,0.118645,0.0223226,0.0188387,0.0116129,0.0328387,0.0465161,0.0181935,0.0105806,0.0619355,0.0818065,0.0204516,0.022,0.105019,0.126677,0.0126516,0.184406,0.0938323,0.0871871,4.54206,47.6387,463.181,0.567742
0.30617,0.144894,0.280426,0.0917021,0.0723404,0.106809,0.0193617,0.139787,0.221064,0.399574,0.144681,0.630213,0.341064,0.652766,0.0255319,0.158936,0.276596,0.12,1.86936,0.0476596,0.868511,0.0334043,0.447021,0.28766,0.0951064,0.0604255,0.00510638,0.00148936,0.00212766,0.00382979,0,0,0.309362,0,0,0.0297872,0.176383,0.00148936,0.00659574,0.017234,0.0246809,0.00765957,0.00446809,0.0159574,0.0421277,0.0568085,0.00978723,0.0502128,0.0292553,0.115766,0.00757447,0.24734,0.329319,0.0877872,5.44715,185.447,3357.47,0.744681
0.104498,0.103014,0.321579,0.0069378,0.388086,0.133876,0.0998086,0.10134,0.0653589,0.238804,0.0685167,0.550048,0.139282,0.0247847,0.0491866,0.216938,0.201148,0.258325,1.60617,0.104593,0.804163,0.308038,0.17756,0.0841627,0.570574,0.243254,0.11177,0.0745455,0.0627751,0.0709569,0.0354545,0.0340191,0.0670813,0.0369856,0.0639234,0.0849282,0.162057,0.00124402,0.037512,0.058756,0.0193301,0.0351196,0.0482775,0.0336842,0.152536,0.15866,0,0.0222967,0.0539474,0.15911,0.0265885,0.241163,0.117804,0.0588278,3.61933,41.1962,266.938,0.574163
0.151343,0.146716,0.826866,0.00283582,0.707612,0.520149,0.272836,0.136716,0.56597,0.458209,0.203284,0.601194,0.150746,0.0797015,0.967015,0.304776,0.11209,0.760149,1.5091,0.820448,0.926119,0.0862687,0.517612,0.144478,0.051194,0.00134328,0.021791,0.00716418,0,0.00865672,0,0,0.00313433,0.00567164,0.00432836,0,0.0129851,0,0,0.0401493,0,0,0.0835821,0.0119403,0.0447761,0.0364179,0,0,0.00285075,0.0761343,0.0011194,0.448209,0.160104,0.019791,108.883,790.104,1415.94,0.985075
0.127884,0.0724573,0.232833,0.00457338,0.219505,0.0590614,0.107065,0.151143,0.042116,0.232782,0.076843,0.538635,0.0883618,0.0424061,0.0245563,0.206263,0.119198,0.181348,1.5702,0.0259044,0.958072,0.0094198,0.0542662,0.0748294,0.65657,0.336894,0.219522,0.237423,0.0853925,0.146706,0.0666382,0.0482253,0.156587,0.0482253,0.142355,0.121689,0.216399,0.00491468,0.100444,0.0553072,0.0286348,0.0824744,0.0808703,0.0787713,0.290017,0.21041,0.0056314,0.030256,0.0178652,0.164768,0.0153703,0.276691,0.0573925,0.0423003,2.78146,16.4846,70.814,0.375427
0,0,0,0,0,0,0,0,0,0,0,0,0,0,0,0.325203,0,0,0,0,0,0,0,0,0.0903252,0.116098,20.068,0,0,0,0,0,0,0,0,0,0,0,0,0,0,0.18065,0,0,0.0541463,0,0,0,0,0.0285203,0,0.00934146,0,0,1.20634,1.6748,5.45528,0
0.0868987,0.10557,0.298038,0.00734177,0.40038,0.132911,0.187278,0.0593671,0.0635443,0.211266,0.0681646,0.481392,0.13481,0.0108861,0.0818354,0.444747,0.190633,0.189367,1.93487,0.239241,0.933924,0.105633,0.163418,0.143924,0.30981,0.205696,0.0962025,0.10943,0.0333544,0.0999367,0.0308861,0.0308861,0.0425949,0.0394304,0.0637975,0.0702532,0.0589873,0,0.120443,0.0655696,0.00164557,0.0556962,0.00443038,0.0171519,0.263038,0.189494,0,0.0161392,0.0106772,0.106829,0.00172785,0.284544,0.0584241,0.165734,4.74965,50.3924,118.671,0.56962
0.4672,0.7208,0.7428,0.3664,0.3468,0.2716,0.0656,0.4024,0.4188,1.3644,0.0604,1.4292,0.1212,0.2716,0.3344,0.2872,0.1692,0.6348,2.064,0.3444,3.2556,0.0152,0.5196,0.2464,0,0,0,0,0,0,0,0,0.0132,0,0.0508,0.0168,0.0148,0,0,0,0,0,0.0076,0,0.0248,0,0,0,0.027,0.14768,0.06472,0.95372,0.17836,0.06036,39.2918,602.2,882.64,1
0.0937719,0.0851754,0.257354,0,0.229459,0.0617105,0.112792,0.0568421,0.0269444,0.199971,0.0314181,0.576974,0.083538,0.0378801,0.0163596,0.230307,0.0630994,0.146096,1.72139,0.0100877,0.583626,0,0.0514912,0.0348392,1.04165,0.513596,0.385263,0.286389,0.254927,0.281243,0.222705,0.169591,0.0964327,0.169591,0.267822,0.242471,0.187398,0.0133772,0.17136,0.177368,0.0780409,0.230585,0.0484942,0.13155,0.378699,0.200336,0.00149123,0.0342836,0.0186301,0.169089,0.0137368,0.198168,0.0435161,0.0351389,2.0942,9.27047,39.848,0.207602
0.219062,0.405938,0.650312,0.0734375,0.365938,0.18125,0.319688,0.125625,0.314063,0.860625,0.215625,0.77125,0.14375,0.096875,0.270625,0.930625,0.3275,0.23875,1.85531,0.145,1.52562,0.0053125,0.193438,0.223438,0.299375,0.13875,0.0075,0,0,0.0228125,0,0,0.0421875,0,0.0225,0.0146875,0.12125,0.026875,0.0075,0.0228125,0,0.0228125,0.010625,0.0153125,0.110625,0.0446875,0,0.0240625,0.0094375,0.125656,0.00465625,0.753812,0.231156,0.0675,25.445,340.531,656.719,0.9375
0.129773,0.186477,0.391477,0.486477,0.268523,0.113636,0.0422727,0.0998864,0.310114,0.31125,0.0609091,0.724318,0.190795,0.157841,0.160227,0.122386,0.148068,0.157273,1.63489,0.12875,0.912159,0,0.115114,0.178409,0.786705,0.156705,0.0286364,0.0222727,0.0148864,0.0279545,0.0197727,0.00488636,0.0759091,0.00488636,0.0321591,0.0576136,0.108182,0.00159091,0.0172727,0.0342045,0.00852273,0.133409,0.0367045,0.00840909,0.0398864,0.0127273,0.00522727,0.0225,0.141011,0.148398,0.0182727,0.860818,0.21575,0.0219432,4.01706,64.3636,741.216,0.534091
0.0928986,0.0873913,0.265942,0.277681,0.258841,0.0771014,0.065942,0.0634783,0.295217,0.362899,0.0817391,0.461304,0.134783,0.145797,0.093913,0.283913,0.0591304,0.246812,1.34826,0.248696,0.882464,0.87,0.0985507,0.0943478,0.372899,0.174783,0.0310145,0.0185507,0.00855072,0.016087,0.0324638,0.00130435,0.0776812,0.00130435,0.10058,0.0236232,0.166522,0.00057971,0.0166667,0.0389855,0.00971014,0.0353623,0.00869565,0.0111594,0.0413043,0.0491304,0.015942,0.0382609,0.0344928,0.153725,0.0202754,0.224087,0.127522,0.104116,6.15028,101.159,1231.72,0.594203
