0.0869173,0.156942,0.360652,0.232381,0.467018,0.130927,0.210752,0.137318,0.0712281,0.290476,0.0886216,0.551529,0.135514,0.0403759,0.0407519,0.316692,0.334862,0.259373,1.74436,0.14203,1.03561,0.122055,0.163885,0.0920551,0.394561,0.181504,0.0874937,0.085614,0.0436591,0.0807769,0.0351378,0.0272682,0.10203,0.0280702,0.0678947,0.0903008,0.159599,0.00789474,0.0465915,0.0633083,0.00551378,0.0279198,0.0415789,0.043985,0.140201,0.107769,0.00273183,0.0190727,0.0326015,0.147441,0.0177368,0.33413,0.111717,0.0405338,4.34375,57.2707,231.877,0.629073
0.265357,0.165714,0.275,0.158571,0.0778571,0.0903571,0.0228571,0.132857,0.238571,0.415714,0.126071,0.593214,0.302143,0.618571,0.00392857,0.128214,0.249643,0.0885714,1.77857,0.025,0.879286,0.0103571,0.503929,0.224643,0.0692857,0.0689286,0.00535714,0.0025,0.00178571,0,0,0,0.343214,0,0,0.0267857,0.26,0.00178571,0.00178571,0.00821429,0.0182143,0.00857143,0.00714286,0.0121429,0.0271429,0.0507143,0.00571429,0.0578571,0.03525,0.0931429,0.00896429,0.215857,0.403964,0.0834643,4.70839,176.821,3086.39,0.714286
0.301538,0.111538,1.24846,0,1.10462,0.0338462,0.143077,0.0676923,0.431538,1.04692,0.0515385,0.186923,0.0592308,0,0.17,0.19,0,0.196923,0.935385,0.640769,1.10692,0,0.0676923,0.0676923,0.242308,0,0.112308,0.0223077,0,0.0446154,0,0,0,0,0,0,0.0446154,0,0,0.0676923,0,0,0,0,0,0,0,0,0,0.0106154,0,0.734308,0.0896923,0,360.719,1208.46,1361,0.923077
0.0966667,0.0133333,0.2,0,0.153333,0.133333,0,0.0966667,0.0966667,0.313333,0.06,0.0733333,0.12,0,0.0633333,0.0133333,0.13,0.0633333,0.626667,0.0133333,0.276667,3.17667,0.23,0.183333,0,0,0,0,0,0,0,0,0,0.0466667,0,0.0133333,0,0,0.0266667,0,0,0,0,0,0.0633333,0,0,0,0.372333,0.095,0.014,0.14,0.03,0.00366667,15.1877,493,9113.67,1
0.231724,0.222759,0.31,0.00206897,0.235517,0.082069,0.0472414,0.143103,0.317241,0.423448,0.15931,0.543793,0.286897,0.515172,0.0331034,0.274138,0.268621,0.0917241,2.06793,0.0362069,0.959655,0.057931,0.23931,0.293103,0.540345,0.0875862,0.00103448,0.000689655,0.00137931,0.0113793,0,0,0.16931,0,0.00862069,0.0617241,0.161724,0.00275862,0.00965517,0.0182759,0.0175862,0.00551724,0.00724138,0.0165517,0.0572414,0.072069,0.00241379,0.0506897,0.028931,0.108517,0.0101034,0.287621,0.327828,0.0816207,5.37979,133.414,2212.59,0.724138
0,0,0,0.04,0,0,0,0,0,0,0,0,0,0,0,0.02,0,0,0.02,0,0,0,0,0,0,0,0,0,0,0,0,0,0,0,0,0,0,0,0,0,0,0,0,0,0,0,0,0,1.024,9.752,0.003,1.542,1.785,1.998,239.571,9989,10062,1
0.5,0.25,0.42,0,0.08,0.23,0.02,0.35,0.35,0.69,0.21,0.9,0.5,0.92,0.02,0.33,0.42,0.02,3.05,0,1.43,0,0.94,0.46,0,0,0,0,0,0,0,0,0,0,0,0,0,0,0,0.02,0,0,0,0,0.02,0,0.02,0,0,0.069,0,0.325,0.523,0.124,6.723,445,4128,1
0.391176,0.127647,0.298235,0,0.0552941,0.144706,0.0176471,0.124118,0.205882,0.298824,0.185294,0.754706,0.392941,0.797059,0.0505882,0.215294,0.300588,0.168235,2.08176,0.0905882,0.818824,0.0752941,0.351765,0.387647,0.231176,0.138235,0.00705882,0,0.00294118,0.0105882,0,0,0.291176,0,0,0.0276471,0.134118,0.00294118,0.0105882,0.0223529,0.0111765,0.00705882,0.000588235,0.0258824,0.0652941,0.0264706,0.0158824,0.0394118,0.0318824,0.156941,0.008,0.296412,0.235706,0.103647,5.94647,132.706,3429.41,0.823529
0.12184,0.14048,0.36024,0.11448,0.30744,0.11008,0.08256,0.1756,0.39392,0.52304,0.11624,0.52952,0.13248,0.1084,0.12432,0.30232,0.13608,0.37912,1.39944,0.18784,0.944,0.83808,0.11624,0.18496,0.4812,0.13616,0.0348,0.02184,0.00528,0.02456,0.02576,0.00224,0.11264,0.00376,0.11392,0.032,0.15248,0.00144,0.02688,0.03552,0.01216,0.02232,0.00576,0.0108,0.03368,0.048,0.00528,0.03944,0.052224,0.113872,0.037968,0.347136,0.182552,0.098552,5.14162,83.248,995.56,0.672
0.124545,0.0972273,0.271636,0.260455,0.389409,0.117409,0.0557273,0.128864,0.207091,0.244591,0.0805909,0.707091,0.121545,0.0662727,0.0371364,0.160318,0.240409,0.140864,1.56791,0.101773,0.965227,0.522273,0.196409,0.131591,0.691909,0.157955,0.0159545,0.0172273,0.0114091,0.0209545,0.00922727,0.00581818,0.0948636,0.00354545,0.0227273,0.0697273,0.137364,0.0165909,0.0216364,0.0107727,0.0525455,0.0536818,0.0112273,0.0151364,0.0570455,0.170364,0.0156364,0.0168636,0.0788818,0.144132,0.0145864,0.208718,0.0878,0.0847864,4.26001,53.2318,522.973,0.6
0.19,0,0.38,0,0,0.19,0,0,0,0,0.19,0.19,0,0,0,0.38,0,0.19,1.14,0,0.38,0,0,0,0,0,0,0,0,0,0,0,0,0,0,0,0,0,0,0,0,0,0,0,0,0,0,0,0.01,0.01,0,0,0,0.003,2.383,21,15841,1
0.005,0.005,0.035,0,0.025,0,0,0.005,0.015,0.065,0.025,0,0,0.025,0,0,0.005,0.035,0.005,0,0.005,0,0,0,0,0,0,0,0,0,0,0,0.035,0,0,0.065,0,0,0,0.005,0.23,0,0,0.015,0,0.4,0.005,0.035,0.036,0.1615,0.075,0.012,0.056,0.012,3.0295,43.5,5648.5,0
0.0590252,0.40272,0.196619,0,0.228787,0.0420041,0.0484663,0.0429243,0.019107,0.146933,0.0136128,0.467321,0.059407,0.0528016,0.00435583,0.193695,0.0316633,0.113579,1.66766,0.0223858,0.471316,0,0.0178868,0.0601159,0.581152,0.284029,2.12259,0.1197,0.184594,0.125862,0.100259,0.0714997,0.0895433,0.0714997,0.123845,0.109584,0.0903817,0.0262645,0.101459,0.0759305,0.0705112,0.289618,0.0302863,0.145924,0.565965,0.240566,0.00416496,0.0430539,0.0191043,0.120644,0.016529,0.203677,0.0209455,0.00676823,1.6911,5.39196,20.9243,0.119291
0.0831373,0.094902,0.281569,0.375686,0.222745,0.084902,0.0641176,0.0319608,0.301569,0.247255,0.0654902,0.478824,0.128431,0.065098,0.0998039,0.203137,0.057451,0.160196,1.4198,0.163922,0.793529,0.964118,0.114706,0.0803922,0.386863,0.227843,0.0186275,0.0237255,0.00980392,0.0168627,0.0229412,0,0.0768627,0,0.109608,0.0196078,0.135294,0.000784314,0.022549,0.0290196,0.00215686,0.0478431,0.00235294,0.0164706,0.0488235,0.022549,0.0215686,0.0145098,0.0417843,0.155431,0.0248235,0.197196,0.095,0.11251,5.43486,87.6863,1294.57,0.568627
0.192336,0.181168,0.410292,0.319416,0.334672,0.176569,0.0760584,0.151825,0.358832,0.379854,0.102044,0.732628,0.16438,0.147518,0.164745,0.15854,0.234161,0.161825,1.71234,0.203285,1.12409,0.0537226,0.130146,0.256204,0.659854,0.16073,0.0224088,0.0176642,0.00956204,0.0251095,0.0167153,0.00313869,0.0807299,0.00313869,0.029927,0.0523358,0.0944526,0.00649635,0.0149635,0.039635,0.0139416,0.135036,0.0254015,0.0108029,0.0414599,0.0410219,0.0040146,0.0144526,0.0989197,0.155664,0.014562,0.716788,0.217628,0.025708,4.56537,86.5912,709.65,0.605839
0.160833,0.126944,0.2775,0.00861111,0.3125,0.115,0.0388889,0.26,0.216389,0.327778,0.100556,0.535,0.141389,0.0736111,0.0683333,0.377778,0.250278,0.201944,1.47333,0.160833,0.719722,0.833889,0.295556,0.251111,0.140556,0.0761111,0.00638889,0.00361111,0.00361111,0.0191667,0.01,0,0.0969444,0.00361111,0.00583333,0.125556,0.171111,0.0119444,0.0194444,0.0294444,0.015,0.00194444,0.00666667,0.0155556,0.0319444,0.0847222,0.00305556,0.0238889,0.0446389,0.120528,0.0421944,0.20225,0.177056,0.125694,5.99958,135.417,1646.97,0.583333
0.0670313,0.287969,0.403438,0.021875,0.58375,0.146094,1.02688,0.234375,0.247813,0.627344,0.219375,0.706562,0.04375,0.0373438,0.0507812,0.799531,0.754062,0.238594,2.06672,0.189688,1.65766,0,0.113906,0.0989063,0.0460938,0.0203125,0.102969,0.0310938,0.0078125,0.00390625,0.113125,0,0,0.01125,0.0529687,0.0084375,0.0964063,0,0.0460938,0.296875,0,0.003125,0,0,0.164375,0,0,0.015625,0.0116719,0.141953,0.00928125,0.508484,0.130219,0.0474375,30.1718,237.578,409.656,0.765625
0.113929,0.190893,0.716786,0.163571,0.605536,0.632143,0.308393,0.166964,0.598571,0.365357,0.248214,0.717857,0.177143,0.0953571,1.14357,0.316964,0.189286,0.913571,1.71054,0.910179,0.954286,0.103214,0.617857,0.169286,0.00160714,0.00160714,0,0,0,0,0,0,0.00642857,0,0.0075,0,0.00517857,0,0,0.0323214,0,0,0.10875,0.0142857,0.0535714,0.0435714,0,0,0.0103214,0.0952679,0.00133929,0.375393,0.154804,0.0254286,9.63563,626.339,1385.18,1
0.195,0.5,0.4,0.095,0.58,0,0,0,0.39,0.19,0,0.2,0,0,0,0.1,0,0,0.195,0.19,0.39,0,0,0.2,0.095,0,0,0.095,0,0,0,0,0,0.19,0,0,0,0,0,0,0,0,0,0,0,0,0,0,0,0.035,0,0.4155,0.7295,0.015,1062,2123,2124,1
0.134758,0.118871,0.339556,0.210605,0.284597,0.0906048,0.0722581,0.135403,0.1275,0.260685,0.0738306,0.506169,0.10496,0.0295565,0.0417339,0.282742,0.203306,0.205766,1.53819,0.145403,0.803548,0.606008,0.138024,0.0874597,0.653427,0.231653,0.0954032,0.0607258,0.0545161,0.0511694,0.0369355,0.0175806,0.0557661,0.0187903,0.0519758,0.0679435,0.185565,0.0243548,0.0311694,0.0514516,0.03375,0.0471371,0.0418548,0.0353629,0.113871,0.141815,0.0116935,0.0345161,0.212073,0.151024,0.018629,0.26175,0.122871,0.117915,4.174,48.7379,356.266,0.512097
0.313333,0.0566667,0.3,0,0.213333,0.03,0,0.42,0.4,1.28333,0.153333,0.166667,0.36,0,0.216667,0.03,0.496667,0.4,2.25333,0.03,1.24,0,0.82,0.563333,0,0,0,0,0,0,0,0,0,0,0,0.106667,0,0,0.0566667,0.366667,0,0,0,0,0.12,0,0,0,0.0383333,0.0766667,0,0.328333,0.075,0.00733333,32.4923,1282,2806,1
0.118377,0.0865619,0.245294,0.00271805,0.253235,0.0667241,0.130943,0.125598,0.0341379,0.223915,0.0673428,0.562596,0.0808418,0.0352941,0.0349696,0.244391,0.114138,0.18426,1.65671,0.0350507,0.876795,0.0139554,0.0603043,0.0708519,0.650791,0.357789,0.206288,0.234584,0.0925456,0.151694,0.0749899,0.0603347,0.13001,0.0603347,0.151886,0.124645,0.186866,0.00535497,0.103955,0.0625558,0.0327688,0.0994625,0.0772414,0.0917748,0.272434,0.245963,0.0056998,0.0285497,0.0177028,0.151935,0.0131968,0.252982,0.049573,0.0534757,2.6528,16.3682,74.7059,0.363083
0.43871,0.582258,0.811613,0,0.421613,0.243548,0.110323,0.343548,0.390968,1.15581,0.124194,1.30677,0.0867742,0.265806,0.222581,0.426774,0.138387,0.486129,2.01645,0.32,2.94323,0.0122581,0.424839,0.232258,0,0,0,0,0,0,0,0,0.0209677,0,0.0367742,0.0135484,0.117419,0.0116129,0,0,0,0,0.00580645,0,0.0632258,0,0,0.0248387,0.00929032,0.157032,0.057,0.948774,0.188806,0.0659032,37.4566,551.581,805.258,1
0.111267,0.106289,0.315693,0.00485842,0.429478,0.157064,0.141177,0.115842,0.045842,0.205604,0.0508793,0.534083,0.0899404,0.00879285,0.0355738,0.300596,0.163666,0.202951,1.66811,0.0898063,0.975961,0.0294337,0.145097,0.0947839,0.535142,0.335842,0.199851,0.157154,0.0840089,0.119344,0.0557675,0.0519523,0.0883607,0.0548435,0.118003,0.112459,0.154054,0.00299553,0.101908,0.0721461,0.0555589,0.0399255,0.0755589,0.035544,0.233666,0.138912,0.00438152,0.0317884,0.0280507,0.145516,0.0195276,0.247751,0.0768852,0.0511699,3.00837,25.073,142.534,0.490313
0.466,0.398,0.343,0,0.252,0.046,0.025,0.169,0.564,0.602,0.302,0.655,0.582,1.108,0.202,0.203,0.393,0.129,2.952,0.032,1.3,0,0.587,0.498,0,0,0,0,0,0,0,0,0,0,0.006,0,0,0,0,0.006,0,0,0.012,0,0.041,0.006,0,0,0.0086,0.0839,0,0.4366,0.6352,0.1195,7.2398,663.1,2384.7,1
