0.082791,0.341815,0.216542,0,0.223453,0.0469884,0.0649476,0.0525814,0.0172421,0.154738,0.0302592,0.498147,0.0586873,0.0447876,0.007893,0.192929,0.041743,0.126988,1.65304,0.0208218,0.588698,0,0.0209928,0.0640651,0.628296,0.299007,1.75612,0.142405,0.170331,0.14037,0.0993988,0.0692278,0.113811,0.0692278,0.139509,0.109167,0.109653,0.0227303,0.101362,0.0755709,0.0638831,0.263525,0.0336018,0.134363,0.502896,0.24706,0.0033701,0.0399283,0.017963,0.124146,0.0153861,0.215163,0.0247882,0.0250568,1.84147,6.76558,27.6983,0.155543
0.120245,0.0999184,0.281469,0.428327,0.363837,0.110898,0.0584082,0.128694,0.200776,0.238449,0.0825714,0.713347,0.127429,0.0629796,0.0367755,0.203469,0.234449,0.15,1.56245,0.0906939,0.936327,0.444327,0.192408,0.123714,0.751347,0.163306,0.016898,0.0168163,0.0180816,0.0209388,0.00987755,0.00681633,0.0902041,0.00653061,0.0268163,0.0680816,0.141673,0.0217959,0.0226531,0.0112653,0.0468571,0.0500408,0.0122449,0.0133061,0.0595918,0.153673,0.0140408,0.0180408,0.0758531,0.14638,0.0139714,0.21671,0.0882122,0.0764653,4.23362,52.2816,504.739,0.591837
0.326744,0.158372,0.296279,0.100233,0.0681395,0.115349,0.0218605,0.135581,0.229302,0.385814,0.155349,0.681163,0.352093,0.717907,0.0225581,0.168605,0.281395,0.123488,1.97349,0.052093,0.892791,0.0365116,0.467209,0.299535,0.103953,0.0660465,0.0055814,0.00162791,0.00232558,0.00418605,0,0,0.336512,0,0,0.0276744,0.192791,0.00162791,0.00534884,0.014186,0.0162791,0.00837209,0.00488372,0.0167442,0.0434884,0.0434884,0.01,0.0532558,0.0300698,0.0932791,0.0047907,0.257744,0.318558,0.095093,5.17726,160.349,3215.79,0.767442
0.160833,0.126944,0.2775,0.00861111,0.3125,0.115,0.0388889,0.26,0.216389,0.327778,0.100556,0.535,0.141389,0.0736111,0.0683333,0.377778,0.250278,0.201944,1.47333,0.160833,0.719722,0.833889,0.295556,0.251111,0.140556,0.0761111,0.00638889,0.00361111,0.00361111,0.0191667,0.01,0,0.0969444,0.00361111,0.00583333,0.125556,0.171111,0.0119444,0.0194444,0.0294444,0.015,0.00194444,0.00666667,0.0155556,0.0319444,0.0847222,0.00305556,0.0238889,0.0446389,0.120528,0.0421944,0.20225,0.177056,0.125694,5.99958,135.417,1646.97,0.583333
0.19,0,0.38,0,0,0.19,0,0,0,0,0.19,0.19,0,0,0,0.38,0,0.19,1.14,0,0.38,0,0,0,0,0,0,0,0,0,0,0,0,0,0,0,0,0,0,0,0,0,0,0,0,0,0,0,0.01,0.01,0,0,0,0.003,2.383,21,15841,1
0,0,0,0.04,0,0,0,0,0,0,0,0,0,0,0,0.02,0,0,0.02,0,0,0,0,0,0,0,0,0,0,0,0,0,0,0,0,0,0,0,0,0,0,0,0,0,0,0,0,0,1.024,9.752,0.003,1.542,1.785,1.998,239.571,9989,10062,1
0.316364,0.0918182,1.43545,0,0.983636,0,0.0890909,0,0.47,0.713636,0.0609091,0.0609091,0.03,0,0,0.144545,0,0.152727,0.500909,0.757273,0.703636,0,0,0,0.286364,0,0.132727,0.0263636,0,0.0527273,0,0,0,0,0,0,0.0527273,0,0,0,0,0,0,0,0,0,0,0,0,0.0125455,0,0.763182,0.0781818,0,410.545,1239.45,1293.27,0.909091
0.219677,0.208387,0.313871,0.00612903,0.261935,0.083871,0.0503226,0.137742,0.327742,0.404194,0.16129,0.526129,0.272258,0.481935,0.0874194,0.258387,0.253226,0.12,1.98258,0.0441935,0.917097,0.0541935,0.26129,0.276129,0.550645,0.128387,0.00193548,0.000645161,0.00129032,0.0106452,0,0,0.16129,0,0.00806452,0.0587097,0.192258,0.00354839,0.00903226,0.0190323,0.0164516,0.00516129,0.0106452,0.0174194,0.0554839,0.0693548,0.00225806,0.0474194,0.0346774,0.11371,0.0152903,0.277968,0.312903,0.0766774,5.43835,141.548,2229.42,0.709677
0.29,0.04,0.04,0,0.14,0.04,0,0.29,0.29,0.94,0.14,0.04,0.14,0,0.19,0.04,0.39,0.19,1.6,0.04,0.79,9.53,0.69,0.47,0,0,0,0,0,0,0,0,0,0,0,0.04,0,0,0.04,0,0,0,0,0,0.19,0,0,0,1.117,0.053,0,0.356,0.09,0.011,12.332,1171,9163,1
0.2025,0.1575,0.5125,0,1.265,0.3375,0.22,0.385,0.4225,1.6325,0.0625,0.7525,0.245,0,1.2175,0.24,0.0475,0.86,2.565,0.135,1.96,0,0.64,0.41,0,0,0,0,0,0,0,0,0,0,0.0225,0,0,0,0,0.26,0,0,0.04,0,0.02,0.02,0,0,0.003,0.03375,0,0.519,0.1535,0.0115,49.1835,859,1747.5,1
0.173759,0.172482,0.380355,0.303617,0.336383,0.157234,0.0668794,0.147092,0.340284,0.351489,0.0819858,0.708936,0.153901,0.143759,0.123972,0.152128,0.23383,0.120496,1.67433,0.185319,1.05596,0.222695,0.0988652,0.239433,0.694894,0.160638,0.0251064,0.0179433,0.0103546,0.025461,0.017305,0.00411348,0.0814894,0.00411348,0.0267376,0.057234,0.0998582,0.0087234,0.0178723,0.0355319,0.0141135,0.132057,0.0283688,0.0129078,0.0456028,0.0368794,0.00390071,0.0144681,0.12917,0.145362,0.0156312,0.687291,0.206071,0.0342553,4.26489,76.1773,701.397,0.574468
0.202857,0.389143,0.690286,0.0671429,0.550286,0.162857,0.457429,0.172,0.194286,0.733714,0.202286,0.727429,0.0994286,0.0688571,0.234286,1.18771,0.315429,0.305429,1.95514,0.12,1.48257,0.00485714,0.210857,0.182,0.044,0.0371429,0.00828571,0.0165714,0.0142857,0.00714286,0,0,0.0385714,0.00828571,0.0302857,0.00657143,0.132286,0,0,0.0134286,0,0.00571429,0,0,0.16,0.0408571,0,0.0505714,0.0213429,0.157886,0.00425714,0.662457,0.255143,0.0576286,25.5773,330.914,586.714,0.885714
0.426923,0.549231,0.584615,0,0.217692,0.500769,0.0838462,0.38,0.785385,0.916154,0.0869231,0.516923,0.281538,0.0353846,0.650769,0.210769,0.263846,1.25077,2.39769,0.687692,1.42538,0.0238462,0.942308,0.523077,0,0,0,0,0,0,0,0,0.0253846,0,0.0976923,0.0323077,0,0.0276923,0,0,0,0,0.0284615,0,0.0553846,0,0,0,0.0221538,0.0529231,0.124462,0.440923,0.172923,0.0377692,13.3378,465.385,951.615,1
0.0879926,0.155138,0.345028,0.13442,0.431179,0.140589,0.18221,0.127035,0.0701842,0.267238,0.0762063,0.558471,0.125783,0.0350645,0.0378269,0.276133,0.289521,0.253076,1.65873,0.122376,0.983039,0.111436,0.157495,0.0884715,0.502634,0.243425,0.125783,0.109779,0.0676243,0.101584,0.0481768,0.039779,0.113204,0.0403683,0.0880847,0.0929098,0.177201,0.00707182,0.0647882,0.0787293,0.0413444,0.0381952,0.0649724,0.0391713,0.154512,0.110276,0.00325967,0.0266851,0.0396317,0.149107,0.0177587,0.277917,0.0995083,0.0366317,3.7311,42.3646,205.317,0.561694
0.0831373,0.094902,0.281569,0.375686,0.222745,0.084902,0.0641176,0.0319608,0.301569,0.247255,0.0654902,0.478824,0.128431,0.065098,0.0998039,0.203137,0.057451,0.160196,1.4198,0.163922,0.793529,0.964118,0.114706,0.0803922,0.386863,0.227843,0.0186275,0.0237255,0.00980392,0.0168627,0.0229412,0,0.0768627,0,0.109608,0.0196078,0.135294,0.000784314,0.022549,0.0290196,0.00215686,0.0478431,0.00235294,0.0164706,0.0488235,0.022549,0.0215686,0.0145098,0.0417843,0.155431,0.0248235,0.197196,0.095,0.11251,5.43486,87.6863,1294.57,0.568627
0.112168,0.135599,0.353042,0.0787055,0.334013,0.120939,0.263269,0.15945,0.134272,0.297929,0.106926,0.507864,0.0836246,0.0242395,0.0309061,0.291392,0.304919,0.239838,1.68676,0.210356,1.06521,0.427573,0.137443,0.0961812,0.423786,0.175502,0.0963754,0.0552751,0.0390939,0.0449838,0.0513269,0.0123625,0.0384466,0.0133333,0.0565049,0.0580583,0.166699,0.0129773,0.0382201,0.101553,0.0270874,0.0370874,0.0301942,0.0295793,0.12754,0.187605,0.00938511,0.0280906,0.154087,0.150706,0.0204984,0.305207,0.122625,0.10166,8.16818,77.5987,335.136,0.579288
0,0,0.28,0,0.16,0.18,0,0,0,0,0.02,0.09,0.11,0,0,0,0,0,0.14,0,0.02,0,0,0.04,0,0,0,0,0,0,0,0,0,0.07,0,0,0,0,0.02,0,0,0,0,0,0,0,0,0,0,0.116,0.021,0.032,0,0,16.6155,154,9089,1
0.005,0.005,0.035,0,0.025,0,0,0.005,0.015,0.065,0.025,0,0,0.025,0,0,0.005,0.035,0.005,0,0.005,0,0,0,0,0,0,0,0,0,0,0,0.035,0,0,0.065,0,0,0,0.005,0.23,0,0,0.015,0,0.4,0.005,0.035,0.036,0.1615,0.075,0.012,0.056,0.012,3.0295,43.5,5648.5,0
0.25,0.125,0.21,0,0.105,0.115,0.01,0.175,0.175,0.41,0.105,0.48,0.25,0.46,0.01,0.165,0.21,0.01,1.625,0,0.745,0,0.47,0.23,0,0,0,0,0,0,0,0,0,0,0,0,0,0,0,0.01,0,0,0,0,0.01,0,0.01,0,0.005,0.5495,0,0.1625,1.067,0.067,7.136,361.5,3940,1
0.195,0.5,0.4,0.095,0.58,0,0,0,0.39,0.19,0,0.2,0,0,0,0.1,0,0,0.195,0.19,0.39,0,0,0.2,0.095,0,0,0.095,0,0,0,0,0,0.19,0,0,0,0,0,0,0,0,0,0,0,0,0,0,0,0.035,0,0.4155,0.7295,0.015,1062,2123,2124,1
0.101195,0.0891015,0.25451,0.00533693,0.364367,0.102866,0.134672,0.131671,0.045301,0.226972,0.0482031,0.526945,0.0921653,0.030575,0.0414645,0.299874,0.144169,0.18221,1.70169,0.0569003,0.850395,0.0194969,0.105553,0.0786433,0.531698,0.350647,0.209506,0.204465,0.080575,0.121285,0.0593801,0.0566128,0.081761,0.0583558,0.119919,0.129164,0.164025,0.00352201,0.105094,0.0600359,0.0332075,0.0557233,0.082372,0.0722821,0.276963,0.179569,0.00707996,0.0291824,0.0200332,0.152318,0.0164951,0.257382,0.0615759,0.0411698,2.84169,21.0746,103.863,0.438455
0.12344,0.1388,0.36248,0.11448,0.31624,0.11088,0.08256,0.17384,0.39224,0.52848,0.11864,0.53416,0.12824,0.1076,0.12432,0.30384,0.1352,0.37824,1.40008,0.18448,0.95056,0.8356,0.11624,0.18416,0.4812,0.13616,0.0348,0.02264,0.00528,0.02456,0.02576,0.00224,0.11264,0.00376,0.11392,0.032,0.15248,0.00144,0.02688,0.03632,0.01216,0.02232,0.00576,0.0108,0.03288,0.048,0.00528,0.03944,0.05236,0.115016,0.037968,0.34428,0.185544,0.099144,5.1923,81.376,994.344,0.672
0.107885,0.138269,0.715769,0.176154,0.600962,0.644231,0.332115,0.151731,0.605192,0.326346,0.258846,0.719038,0.169038,0.102692,1.15231,0.339808,0.162115,0.883846,1.66788,0.952308,0.933077,0.111154,0.617692,0.149808,0.00173077,0.00173077,0,0,0,0,0,0,0.00692308,0,0.00384615,0,0.00557692,0,0,0.0317308,0,0,0.110385,0.0153846,0.0561538,0.0453846,0,0,0.0108846,0.0967115,0.00144231,0.369423,0.153788,0.0252885,9.37835,630,1380.6,1
0.461667,0.345833,0.301667,0,0.160833,0.03,0.005,0.235833,0.516667,0.801667,0.258333,0.55,0.565,0.923333,0.0766667,0.171667,0.446667,0.121667,2.91,0.0075,1.35083,0,0.5975,0.550833,0,0,0,0,0,0,0,0,0,0,0.005,0.0266667,0,0,0.0141667,0.0916667,0,0,0,0,0.0591667,0,0,0,0.0159167,0.0771667,0,0.422917,0.53275,0.100583,13.3378,832.667,2500.5,1
0.471538,0.860769,0.89,0,0.442308,0.0292308,0,0.413077,0.0569231,1.75462,0.0569231,2.32,0,0.522308,0,0.413077,0,0,1.93154,0,4.95692,0.0292308,0.0569231,0,0,0,0,0,0,0,0,0,0,0,0,0,0.0284615,0,0,0,0,0,0,0,0,0,0,0,0,0.232308,0,1.48692,0.177385,0.0787692,61.6854,691.692,800.692,1
