0.045943,0.725699,0.12673,0,0.213596,0.0344505,0.0132564,0.0407463,0.00511533,0.111601,0.00130258,0.309444,0.0359701,0.0492537,0,0.176662,0.00720488,0.08981,1.51593,0.0283311,0.40384,0,0.00287653,0.0448168,0.217259,0.123528,3.81403,0.00797829,0.120678,0.016038,0.0169607,0,0.100014,0,0.0351153,0.0152646,0.0105563,0.0397286,0.0518589,0.00158752,0.0634193,0.339294,0.020502,0.15829,0.705156,0.316445,0.00690638,0.0462008,0.0120611,0.074844,0.0190366,0.212456,0.00370963,0,1.37756,2.70828,9.20217,0.0542741
0.56,0.436667,0.286667,0,0.14,0.03,0.02,0.153333,0.553333,0.65,0.286667,0.663333,0.61,1.21667,0.03,0.216667,0.436667,0.0566667,3.27333,0,1.46667,0,0.56,0.6,0,0,0,0,0,0,0,0,0,0,0.02,0,0,0,0,0,0,0,0,0,0.0566667,0,0,0,0.004,0.076,0,0.554667,0.522667,0.135333,7.09433,774.667,2444,1
0.115077,0.192615,0.469692,0,0.468769,0.133846,0.358308,0.145846,0.0712308,0.352615,0.155231,0.574,0.166462,0.0715385,0.07,0.349385,0.230769,0.364615,2.08338,0.130769,1.12954,0.0250769,0.365692,0.0610769,0.195538,0.0803077,0,0.154615,0,0.0686154,0.00615385,0,0.318154,0,0.138,0.088,0.102462,0,0.00861538,0.0892308,0,0.0556923,0.008,0.0227692,0.128615,0.0816923,0,0,0.0165692,0.0914,0.00155385,0.556538,0.120554,0.0165231,5.02975,69.5231,197.677,0.707692
0.134222,0.0728889,0.198667,0.00755556,0.322222,0.128444,0.0275556,0.134,0.173111,0.276222,0.0582222,0.732,0.144444,0.12,0.0242222,0.0735556,0.172,0.0575556,1.54689,0.100444,1.43889,0.00755556,0.185333,0.0857778,0.677556,0.14,0.00933333,0.0262222,0.00933333,0.0244444,0.00355556,0,0.118889,0,0.0257778,0.0464444,0.135778,0.0115556,0.0106667,0.00466667,0.0722222,0.0706667,0.00688889,0.022,0.104667,0.497556,0.012,0.0311111,0.0396667,0.134578,0.0301778,0.134667,0.0583333,0.0193556,3.42247,49.0889,537.978,0.577778
0,0,0,0.04,0,0,0,0,0,0,0,0,0,0,0,0.02,0,0,0.02,0,0,0,0,0,0,0,0,0,0,0,0,0,0,0,0,0,0,0,0,0,0,0,0,0,0,0,0,0,1.024,9.752,0.003,1.542,1.785,1.998,239.571,9989,10062,1
0.5725,0.11875,0.41625,0,0.03125,0.22375,0.0025,0.17375,0.21,0.31875,0.26625,1.0325,0.60625,1.06625,0.06875,0.36125,0.43375,0.22125,2.735,0.19125,1.115,0,0.26125,0.5675,0,0,0.00125,0,0.00375,0.00125,0,0,0.19375,0,0,0.02875,0.1025,0,0.00125,0.045,0.0075,0.01125,0,0.02875,0.0725,0.015,0.025,0.07125,0.0185,0.088125,0.00025,0.471125,0.124625,0.125,3.83137,106.25,3504,0.875
0.19,0,0.38,0,0,0.19,0,0,0,0,0.19,0.19,0,0,0,0.38,0,0.19,1.14,0,0.38,0,0,0,0,0,0,0,0,0,0,0,0,0,0,0,0,0,0,0,0,0,0,0,0,0,0,0,0.01,0.01,0,0,0,0.003,2.383,21,15841,1
0.1405,0.323,0.537,0.6815,0.3905,0.1195,0.0795,0.026,0.366,0.8195,0.1555,0.463,0.2185,0.008,0.2405,0.2585,0.0845,0.822,1.2425,0.1175,1.1355,0.7865,0.1625,0.2495,0.088,0,0.077,0.008,0,0.022,0,0,0.03,0.006,0,0.0045,0,0,0.022,0.065,0,0,0.0085,0,0.013,0,0,0,0.0109,0.0384,0,0.55625,0.25795,0.10195,7.22185,154.2,937.5,0.95
0.29,0.04,0.04,0,0.14,0.04,0,0.29,0.29,0.94,0.14,0.04,0.14,0,0.19,0.04,0.39,0.19,1.6,0.04,0.79,9.53,0.69,0.47,0,0,0,0,0,0,0,0,0,0,0,0.04,0,0,0.04,0,0,0,0,0,0.19,0,0,0,1.117,0.053,0,0.356,0.09,0.011,12.332,1171,9163,1
0.22,0.22,0.22,0,1.77,0.22,0.44,0.44,0.22,2.88,0,0.88,0.22,0,1.105,0.44,0,0.44,3.325,0,3.325,0,0.44,0.44,0,0,0,0,0,0,0,0,0,0,0,0,0,0,0,0.44,0,0,0,0,0,0,0,0,0,0,0,0.5755,0.153,0,86.675,1038,1733.5,1
0.107565,0.136696,0.232739,0,0.356478,0.0886087,0.13787,0.146826,0.029,0.250348,0.0782174,0.642957,0.0695217,0.0327391,0.065087,0.317826,0.128565,0.18487,1.73774,0.0239565,0.773522,0.0292174,0.0750435,0.0796087,0.670826,0.42613,0.257435,0.298,0.0969565,0.153435,0.0794783,0.0938261,0.115217,0.0938261,0.129522,0.165391,0.160261,0.00695652,0.125565,0.0744783,0.04,0.0640435,0.103478,0.128391,0.234261,0.245435,0.0136087,0.0248261,0.0195565,0.153726,0.0190913,0.178604,0.0464913,0.0407913,2.22215,12.5913,93.8783,0.330435
0.310909,0.333636,0.270909,0,0.274545,0.0572727,0.0563636,0.120909,0.527273,0.523636,0.239091,0.629091,0.393636,0.872727,0.0218182,0.19,0.313636,0.0390909,2.65455,0.0181818,1.29727,0,0.310909,0.377273,0.0481818,0.05,0.000909091,0,0,0,0,0,0.0454545,0,0.000909091,0.00454545,0.0590909,0.00363636,0,0,0,0,0.000909091,0,0.0372727,0,0.00454545,0,0.0283636,0.0888182,0.00872727,0.336364,0.390182,0.0988182,5.144,110.273,2249.91,0.909091
0.311818,0.135682,0.325909,0,0.148409,0.229545,0.0454545,0.115,0.461364,0.220227,0.0645455,0.7175,0.153636,0.0477273,0.0240909,0.217045,0.136818,0.0763636,1.27295,0.145682,0.7875,0.005,0.0740909,0.380227,1.17432,0.251591,0.0306818,0.01,0.0134091,0.0375,0.0120455,0.00613636,0.121818,0.00613636,0.0252273,0.103409,0.164091,0,0.0127273,0.0156818,0.0397727,0.0190909,0.0325,0.00272727,0.0318182,0.0925,0.0104545,0.0361364,0.0802045,0.184568,0.0117273,0.282841,0.122545,0.0125455,3.84902,54.3864,672.841,0.431818
0.166667,0.253333,1.20167,0,0.426667,0.6,0.468333,0.253333,0.685,0.658333,0.253333,1.27667,0.166667,0,0.626667,0.725,0.121667,1.46,2.44333,0.166667,1.13333,0,0.9,0.136667,0,0,0,0,0,0,0,0,0,0,0,0,0,0,0,0.08,0,0,0,0,0.08,0,0,0,0,0.1025,0,0.244,0.2215,0.0153333,6.3035,582.333,1344.33,1
0,0,0,0,0,0,0,0,0,0,0,0,0,0,0,0,0,0,0,0,0,0,0,0,0,0,0,0,0,0,0,0,0,0,0,0,0,0,0,0,0,0,0,0,0,0,0,0,0.022,0.022,0.019,0.022,0.022,0.022,3.482,5,5902,0
0.707143,0.445714,0.755714,0,0.0957143,0.535714,0.0957143,0.488571,1.03286,1.04,0.0228571,0.445714,0.348571,0,0.985714,0.258571,0.162857,1.83,2.24571,1.03286,1.29714,0,1.15286,0.66,0,0,0,0,0,0,0,0,0.0471429,0,0.162857,0,0,0,0,0,0,0,0,0,0,0,0,0,0.0231429,0.0492857,0,0.397571,0.178571,0.05,13.4287,525,912.143,1
0.79,0.9625,0.945,0,0.7625,0,0.4225,0,0.585,2.0925,0,1.5325,0,0,0.7525,2.7325,0.7725,0,1.165,0,2.335,0,0,0.4025,0,0,0,0,0,0,0,0,0,0,0,0,0,0,0,0,0,0,0,0,0,0,0,0.1925,0,0.0335,0,1.56425,0.6845,0.023,128.925,437.25,525.75,1
0.348,0,1.74,0,1.044,0,0,0,0.62,0.892,0,0,0,0,0,0,0,0,0.348,0.968,0.544,0,0,0,0.348,0,0,0,0,0,0,0,0,0,0,0,0,0,0,0,0,0,0,0,0,0,0,0,0,0,0,0.921,0.096,0,561.4,1297.4,1300.2,1
0.131667,0.0583333,0.204028,0.0134722,0.263611,0.112639,0.055,0.109167,0.0413889,0.22,0.0375,0.517917,0.104861,0.0441667,0.00125,0.125,0.156806,0.0979167,1.20583,0.109167,0.404722,0.845694,0.151944,0.0569444,1.06056,0.392361,0.131528,0.0508333,0.0711111,0.0597222,0.0745833,0.0176389,0.115972,0.0176389,0.04625,0.0852778,0.323056,0.00263889,0.0234722,0.0176389,0.06875,0.04625,0.0533333,0.0898611,0.0983333,0.348194,0,0.0123611,0.338806,0.1815,0.0292917,0.135833,0.0742778,0.0743472,3.26763,25.6806,315.361,0.375
0,0,0.46,0,0,0,0,0.15,0,0,0,0.15,0,0,0,0,0,0.46,0.93,0,0,0,0.46,0,0,0,0,0,0,0,0,0,0,0,0,0.15,0,0,0,0.93,0,0,0,0,0,0,0,0,0.071,0.071,0,0.095,0.023,0,62.75,1505,2761,1
0.348,0.202,1.418,0,1.12,0,0.196,0,0.414,0.678,0.134,0.134,0.066,0,0,0.202,0,0.336,0.754,0.698,1.004,0,0,0,0.282,0,0,0,0,0,0,0,0,0,0,0,0,0,0,0,0,0,0,0,0,0,0,0,0,0.024,0,0.758,0.076,0,291.6,1131.8,1243.8,1
0,0,0.28,0,0.16,0.18,0,0,0,0,0.02,0.09,0.11,0,0,0,0,0,0.14,0,0.02,0,0,0.04,0,0,0,0,0,0,0,0,0,0.07,0,0,0,0,0.02,0,0,0,0,0,0,0,0,0,0,0.116,0.021,0.032,0,0,16.6155,154,9089,1
0.14,0.124545,0.28,0,0.288182,0.0981818,0.0409091,0.0681818,0.246364,0.544545,0.0781818,0.54,0.108182,0.0163636,0.0872727,0.1,0.0863636,0.201818,1.66545,0.00727273,0.991818,1.35909,0.332727,0.235455,0.3,0.162727,0.00818182,0.0109091,0,0.00727273,0.0109091,0,0.0309091,0.0118182,0.00363636,0.0536364,0.169091,0,0.01,0.01,0,0,0,0.0245455,0.0172727,0.0481818,0,0.0190909,0.0426364,0.139909,0.0162727,0.215636,0.287364,0.148182,6.95373,108.909,1471.91,0.636364
0.278235,0.17,0.257059,0,0.0705882,0.0882353,0.0270588,0.121765,0.234118,0.387059,0.13,0.641176,0.292941,0.65,0.02,0.115294,0.227059,0.0782353,1.87059,0.00588235,0.904118,0.0752941,0.547647,0.262941,0.231176,0.138235,0.00941176,0.00176471,0.00176471,0.01,0,0,0.394706,0,0,0.0270588,0.192353,0.00294118,0.01,0.00588235,0.0188235,0.01,0.00352941,0.0217647,0.0447059,0.0352941,0.00764706,0.0282353,0.0270588,0.108118,0.00817647,0.180118,0.327765,0.0874118,5.91071,141.529,3254.24,0.764706
0.185,0.095,0.805,0,0.76,0.455,0,0.33,0.625,0.385,0.125,0.625,0.27,0,1.33,0.04,0.095,1.28,1.805,0.27,0.595,0,0.84,0.38,0,0,0,0,0,0,0,0,0,0,0.045,0,0,0,0,0.08,0,0,0.08,0,0.04,0.04,0,0,0.006,0.0675,0,0.4625,0.154,0.023,11.692,680,1761.5,1
0.19,0.19,0.19,0.19,1.16,0,0,0,0.58,0.38,0,0,0,0,0,0,0,0,0.19,0.38,0.58,0,0,0,0.19,0,0,0.19,0,0,0,0,0,0.38,0,0,0,0,0,0,0,0,0,0,0,0,0,0,0,0.07,0,0,1.121,0,1021.5,2042,2043,1
0.160769,0.166154,0.366923,0,0.392308,0.110769,0.0376923,0.0923077,0.248462,1.01769,0.101538,0.753077,0.340769,0.555385,0.142308,0.434615,0.0776923,0.377692,1.81385,0.413077,1.11846,0.840769,0.0830769,0.242308,0.149231,0,0.0730769,0.0115385,0,0,0.0730769,0,0.0115385,0,0.0730769,0.0123077,0.151538,0,0,0.0953846,0,0,0.00538462,0,0.0453846,0,0,0.03,0.00861538,0.0920769,0.00646154,0.261615,0.127923,0.137231,9.96977,176.615,1115.77,0.692308
0,0.144667,0.148,0,0.490667,0,0.33,0.164,0.016,0.0326667,0.0626667,0.873333,0,0,0.016,0.572667,0.42,0.290667,1.604,0,1.22667,0,0,0,0,0,0.42,0,0,0,0.42,0,0,0,0.0933333,0,0,0,0,1.26667,0,0,0,0,0.082,0,0,0,0,0.222733,0.0396,0.0398,0,0,15.2805,203.333,389.8,0.4
0.113191,0.0625532,0.208511,0.00234043,0.204681,0.0740426,0.0291489,0.241915,0.153617,0.168085,0.0785106,0.725532,0.0910638,0.0765957,0.0110638,0.137234,0.405745,0.0546809,0.860426,0.169574,0.98617,0.174894,0.0923404,0.1,1.46,0.172553,0.0208511,0.00489362,0.00829787,0.0234043,0.017234,0,0.108085,0.00234043,0.017234,0.0974468,0.21234,0.0302128,0.0104255,0.0359574,0.121489,0.0591489,0.00446808,0.0217021,0.0197872,0.151702,0,0.0208511,0.193638,0.202426,0.0159362,0.206362,0.0833191,0.114426,3.42866,38.5106,594.064,0.361702
0.071875,0.02125,0.17,0,0.22875,0.038125,0.061875,0.10875,0.318125,0.096875,0.0625,0.3125,0.06125,0.09125,0.003125,0.305,0.043125,0.325,0.910625,0.0375,0.82125,0,0.07,0.0375,0.574375,0.2525,0.026875,0.011875,0.005625,0.020625,0.015,0.005625,0.181875,0.005625,0.0275,0.044375,0.248125,0,0,0.034375,0.035,0.05,0.014375,0.0125,0.02875,0.14,0.06125,0.11125,0.0555625,0.164312,0.02575,0.255,0.192063,0.0154375,4.14281,51.5625,1140.12,0.5
0.0433333,0.0122222,0.14,0,0.03,0.0522222,0,0.0155556,0.29,0.0822222,0.00888889,0.288889,0.00333333,0.0133333,0,0.03,0.0866667,0.0155556,0.287778,0,0.23,0,0.00444444,0,0.744444,0.496667,0.0366667,0.03,0.0333333,0.0122222,0.0377778,0,0.228889,0,0.0733333,0.0555556,0.34,0.00444444,0,0.0133333,0.00777778,0.00444444,0,0.0111111,0.0266667,0,0,0.00888889,0.104889,0.378556,0.0782222,0.011,0.0172222,0.00466667,3.109,42,1352.89,0
0.0823214,0.205714,0.41375,0,0.396071,0.143571,0.25125,0.216607,0.0603571,0.242679,0.110893,0.51125,0.107857,0.00285714,0.0344643,0.244286,0.165,0.335714,2.215,0.265893,1.42786,0.0485714,0.216786,0.148393,0.296429,0.185179,0.0369643,0.0592857,0.0183929,0.0696429,0.0183929,0.0183929,0.0446429,0.0183929,0.0682143,0.0353571,0.151071,0,0.0557143,0.105536,0.0244643,0.0196429,0.0141071,0,0.103393,0.0308929,0,0.0344643,0.00976786,0.0607321,0.00232143,0.314946,0.142518,0.0514286,4.75193,47.2143,173.536,0.678571
0.0895161,0.0648387,0.225645,0.121129,0.497742,0.131935,0.0456452,0.116935,0.101774,0.143065,0.0769355,0.627581,0.148548,0.0440323,0.0196774,0.224839,0.285484,0.108387,1.82613,0.0562903,0.675645,0.688065,0.216935,0.0535484,0.826774,0.232258,0.0408065,0.0341935,0.0441935,0.0329032,0.0153226,0.0153226,0.0664516,0.0153226,0.0451613,0.0864516,0.15,0.0341935,0.0182258,0.0175806,0.0401613,0.0483871,0.0364516,0.00677419,0.0729032,0.0751613,0.0141935,0.0245161,0.207613,0.113984,0.0139032,0.120629,0.0869032,0.0630806,3.06624,31.9516,432.355,0.483871
0,0.094,0.201,0,0.817,0,1.632,1.083,1.083,1.177,1.083,0.495,0,0.107,0,0.39,3.015,0,1.301,1.083,3.518,0,0.295,0.107,0,0,0,0,0,0,0,0,0,0,0,0,0.441,0,0.107,0,0,0,0,0,0,0,0,0,0,0.0577,0,0.7166,0.1175,0.0998,81.4581,285.2,299.1,1
0,0.324,0.602,0,0.264,0,0.534,0.114,0.108,0.594,0.264,0.816,0.162,0.218,0,0.93,0.392,0.05,1.86,0.462,1.65,0,0,0,0,0,0,0,0,0,0,0,0,0,0,0,0,0,0,0,0,0,0,0,0.162,0,0,0,0,0.0956,0,0.6226,0.0898,0.1478,14.119,423.2,588.6,1
0,0,0,0,0,0,0,0,0,0,0,0,0,0,0,0.58,0,0,0,0,0,0,0,0,0,0,1.46,0.29,0,0.58,0,0,0,0,0,0,0.58,0,0,0,0,0,0,0,0,0,0,0,0,0.018,0,0,0,0,251,1488,1506,0
0.133103,0.0844828,0.616207,0,0.351724,0.11931,0.0693103,0.108621,0.227241,0.218966,0.0944828,0.73069,0.0755172,0.0110345,0.0358621,0.326207,0.177241,0.296207,1.93138,0.192069,1.12862,0.558966,0.0817241,0.144483,0.246207,0.178621,0.0162069,0.00517241,0.00517241,0.00517241,0.00517241,0.00517241,0.0751724,0.00517241,0.012069,0.0510345,0.155517,0.00965517,0.0768965,0.00517241,0,0,0.0337931,0.0165517,0.07,0,0,0,0.0138276,0.176379,0.0104138,0.530345,0.0578621,0.0631724,5.13569,96.6207,569.069,0.827586
0.170909,0.107273,0.36303,0.00484848,0.297879,0.137576,0.152727,0.139091,0.668485,0.422121,0.111515,0.584545,0.105152,0.0521212,0.05,0.285758,0.0672727,0.417879,1.78182,0.239697,1.14,1.34727,0.127879,0.243333,0.300606,0.149394,0.0218182,0.00939394,0,0.0178788,0.019697,0,0.0754545,0,0.234242,0.0136364,0.144242,0.00151515,0.0321212,0.0227273,0.0030303,0.0563636,0.00727273,0.0315152,0.0272727,0.00909091,0.0106061,0.010303,0.0719394,0.0991212,0.0922424,0.457939,0.209152,0.121364,4.49091,61.9394,1052.58,0.69697
0.138136,0.0969492,0.217119,0.206949,0.375593,0.0710169,0.0627119,0.107627,0.23322,0.367797,0.135254,0.791356,0.112034,0.0545763,0.00576271,0.218983,0.164915,0.0788136,1.36153,0.0567797,0.706441,0.783559,0.160678,0.176102,0.65661,0.23661,0.0291525,0.0308475,0.0218644,0.0383051,0.0154237,0.0191525,0.135932,0.00559322,0.0366102,0.0876271,0.130508,0.0169492,0.020678,0.0113559,0.0440678,0.0686441,0.00440678,0.0142373,0.0462712,0.122373,0.0342373,0.00966102,0.0522373,0.149034,0.0139831,0.150525,0.0651356,0.0891695,3.84315,39.322,490.678,0.542373
0.0263636,0.0381818,0.174545,0,0.175455,0.0309091,0.0490909,0.0481818,0.13,0.279091,0.0545455,0.384545,0.0190909,0,0.143636,0.153636,0.06,0.136364,1.45182,0.663636,1,1.44545,0.0654545,0.0154545,0.657273,0.257273,0.0345455,0.0745455,0,0.0609091,0.0645455,0,0.00363636,0,0.444545,0.0118182,0.140909,0,0.0427273,0.0427273,0.00363636,0.0981818,0,0.0336364,0.0981818,0.0218182,0.0109091,0.0154545,0.00836364,0.126091,0,0.215909,0.116273,0.136909,4.73991,45.1818,1220.82,0.545455
0.12,0.782,0.422,1.832,0.362,0.558,0.19,0.414,0.534,0.918,0.118,0.686,0.118,0,0.912,0,0.698,1.188,2.08,0.316,1.312,0,0.2,0.266,0,0,0,0,0,0,0,0,0,0,0.026,0,0,0,0,0,0,0,0.118,0,0,0,0,0,0.0774,0.104,0,0.3658,0.1426,0.0268,12.3704,597.4,1160,1
0.5,0.25,0.42,0,0.08,0.23,0.02,0.35,0.35,0.69,0.21,0.9,0.5,0.92,0.02,0.33,0.42,0.02,3.05,0,1.43,0,0.94,0.46,0,0,0,0,0,0,0,0,0,0,0,0,0,0,0,0.02,0,0,0,0,0.02,0,0.02,0,0,0.069,0,0.325,0.523,0.124,6.723,445,4128,1
0.01,0.01,0.07,0,0.05,0,0,0.01,0.03,0.13,0.05,0,0,0.05,0,0,0.01,0.07,0.01,0,0.01,0,0,0,0,0,0,0,0,0,0,0,0.07,0,0,0.13,0,0,0,0.01,0.46,0,0,0.03,0,0.8,0.01,0.07,0.05,0.301,0.131,0.002,0.09,0.002,2.577,82,5395,0
0.105385,0.151429,0.286813,0.0127473,0.580989,0.15978,0.24,0.0948352,0.068022,0.24044,0.115495,0.536923,0.116154,0,0.142088,0.52978,0.246154,0.250769,1.92011,0.28022,0.95978,0.0998901,0.195495,0.19033,0.282857,0.137363,0.106374,0.116154,0.0297802,0.110659,0.0254945,0.0254945,0.0527473,0.0403297,0.0627473,0.0693407,0.0942857,0,0.121319,0.0771429,0.00285714,0.0313187,0,0.0212088,0.197253,0.140989,0,0.00362637,0.00220879,0.121176,0.000868132,0.365319,0.0681648,0.242538,5.48871,54.989,130.308,0.659341
0.0936667,0.0693333,0.238333,0,0.298333,0.0893333,0.04,0.216,0.263667,0.309333,0.08,0.58,0.0893333,0.131333,0.0913333,0.0956667,0.195333,0.199,1.17633,0.155667,0.656333,1.11333,0.13,0.0906667,1.03167,0.282333,0.0266667,0.0416667,0.023,0.0436667,0.052,0.00633333,0.237667,0.003,0.059,0.0556667,0.181333,0,0.0406667,0.0276667,0.00433333,0.0133333,0.003,0.00333333,0.0283333,0.002,0.002,0.066,0.0826333,0.114067,0.0538,0.154367,0.0987,0.1229,4.30823,45.1,878.967,0.4
0.5,0.626667,0.753333,0,0.373333,0.126667,0,0.246667,0.246667,1.38333,0.246667,2.27333,0,0.246667,0,0.246667,0,0,2.15,0,4.04333,0.126667,0.246667,0,0,0,0,0,0,0,0,0,0,0,0,0,0.123333,0,0,0,0,0,0,0,0,0,0,0,0,0.172333,0,0.872667,0.131,0.064,70.3683,807.333,965.667,1
0.0942967,0.0432737,0.204348,0.00685422,0.223811,0.0673146,0.114118,0.177033,0.0378772,0.251151,0.0325064,0.461816,0.0910997,0.0441944,0.031202,0.118107,0.136394,0.190614,1.44095,0.0296164,0.614859,0.00148338,0.0642967,0.0480307,0.746675,0.354987,0.239284,0.282455,0.101637,0.167263,0.0783632,0.0571611,0.145703,0.0571611,0.170895,0.142634,0.262941,0.00736573,0.125294,0.0612276,0.0323529,0.0822506,0.0990537,0.102839,0.332046,0.207417,0.00636829,0.0345524,0.0223453,0.195143,0.0165831,0.252317,0.0646982,0.0575601,2.47175,13.491,70.8261,0.365729
0.318462,0.197692,0.320769,0,0.0923077,0.103077,0.0253846,0.153846,0.287692,0.453077,0.15,0.687692,0.353077,0.779231,0.00230769,0.158462,0.326154,0.0492308,2.01538,0.000769231,0.916923,0.0223077,0.607692,0.239231,0.0369231,0.0376923,0.00538462,0.00307692,0.00307692,0,0,0,0.477692,0,0,0.0384615,0.316923,0.00153846,0.00384615,0.0115385,0.0246154,0.00769231,0.0115385,0.00923077,0.0223077,0.0884615,0.00769231,0.0953846,0.0262308,0.101154,0.005,0.231769,0.496923,0.0975385,4.46192,128.769,3032.15,0.615385
0.366667,0.255,0.271667,0,0.253333,0.146667,0.0216667,0.806667,0.493333,0.753333,0.125,0.491667,0.448333,0.24,0.246667,0.503333,0.36,0.346667,2.58167,0.16,1.31167,1.695,0.521667,0.67,0,0,0,0,0,0,0,0,0.0316667,0,0,0,0,0.0316667,0.0183333,0.04,0,0,0,0,0.0716667,0,0,0,0.0203333,0.0658333,0.0471667,0.341167,0.147833,0.157333,7.28833,183.5,1622.83,1
0.135429,0.0982857,0.404714,0.0254286,0.303286,0.0995714,0.0568571,0.114714,0.197571,0.325857,0.111,0.483429,0.135286,0.036,0.110714,0.289429,0.181714,0.233429,1.53814,0.112429,0.858714,0.549143,0.214286,0.113571,0.407,0.155714,0.0851429,0.122429,0.0532857,0.057,0.0377143,0.0277143,0.0334286,0.0277143,0.0661429,0.078,0.0984286,0.0545714,0.0517143,0.0945714,0.0132857,0.102286,0.0334286,0.00457143,0.0945714,0.0582857,0.0215714,0.0524286,0.247614,0.152471,0.00862857,0.268243,0.0890714,0.0849571,3.4262,41.9571,374.471,0.557143
0.59,0.09,0.09,0,0.29,0.09,0,0.59,0.59,2.09,0.29,0.09,0.29,0,0.39,0.09,0.79,0.39,3.19,0.09,1.69,0,1.39,0.99,0,0,0,0,0,0,0,0,0,0,0,0.09,0,0,0.09,0,0,0,0,0,0.19,0,0,0,0.044,0.078,0,0.334,0.133,0.011,15.493,1171,2541,1
0.05,0.1775,0.25,0,0.255,0.4425,0.105,0.18,0.545,0.4775,0.195,0.51,0.1575,0.115,0.025,0.2325,0.0775,0.2025,2.5,0.2,1.43,0.0775,0.845,0.3125,0,0,0,0,0,0,0,0,0,0,0,0.105,0,0.09,0,0,0,0,0.045,0,0.18,0,0,0,0.0315,0.043,0.4045,0.5155,0.1585,0.0195,12.7135,355,932.5,1
0.127,0.142,0.525,0,0.333,0.095,0.234,0.04,0.029,0.561,0.025,0.712,0.271,0,0,0.538,0.281,0.213,2.103,0.024,0.692,0,0.777,0.104,0.541,0.112,0,0,0.05,0.025,0,0,0,0.062,0,0.02,0.201,0,0,0,0,0.02,0,0,0.156,0,0,0.12,0.0457,0.1941,0,0.4354,0.2593,0.0168,10.8514,166.9,498.7,0.6
0.0266667,0.126667,0.296667,0.0333333,0.376667,0.166667,0,0.163333,0,0.16,0.0933333,0.97,0,0.0333333,0,0.666667,0.28,0.23,0.623333,0.103333,0.13,0,0.173333,0.0333333,0.0266667,0,0,0,0,0.0766667,0,0,0,0,0,0.163333,0.16,0,0,0.0333333,0,0,0.0266667,0,0,0,0,0,0.0133333,0.123667,0.00633333,0.128,0.0606667,0.069,4.72433,223,1758.67,0.333333
0.129,0,0.129,0,0.528,0.087,0.129,0,0.177,0.228,0.378,0.529,0.021,0.534,0,0.807,0.369,0.042,1.851,3.786,1.679,0.578,0.378,0.198,0,0,0,0,0,0,0,0,0.021,0,0,0,0,0,0,0,0,0,0,0,0,0,0,0,0,0.0985,0.0075,0.3171,0.1488,0.0639,11.4664,494,1455,1
0,0.1,0.3,0,1.02,0.3,0.1,0.4,0,0.2,0.1,0.92,0,0.1,0,1.94,0.92,0.4,1.94,0.4,0.61,0.92,0.51,0.1,0,0,0,0,0,0,0,0,0,0,0,0.3,0.1,0,0,0.1,0,0,0,0,0,0,0,0,0,0.048,0.016,0.518,0.162,0.34,8.181,283,1890,1
0.0738659,0.0547337,0.274536,0,0.252051,0.0400789,0.0538462,0.0375345,0.0427613,0.118264,0.0156607,0.654083,0.0638462,0.0581657,0.0069428,0.186607,0.042426,0.152761,1.82235,0.0174359,0.486943,0,0.0180473,0.0777515,1.14323,0.523787,0.410828,0.225523,0.302564,0.253905,0.204083,0.166469,0.051854,0.166469,0.224122,0.217909,0.137396,0.0163511,0.0843393,0.174714,0.0696252,0.261815,0.0256805,0.122091,0.481302,0.141755,0.00201183,0.0440039,0.0280158,0.160562,0.0107732,0.178785,0.0191124,0.0135089,1.94695,7.08679,28.4142,0.161736
0,0.02,0.05,0,0.02,0,0,0.05,0,0.35,0,0.02,0,0,0,0.05,0.1,0.38,0.07,0.2,0.17,0,0,0,0.02,0,0,0,0,0,0,0,0,0,0,0,0,0,0,0,0,0,0,0,0,0,0,0,0,0.004,0,0.108667,0.0173333,0.0173333,3.922,489,3271,1
0.4325,0.33,0.645,0,0.1975,0.065,0.0225,0.0675,0.44,0.6775,0.2625,0.815,0.3975,0.8925,0.0225,0.1825,0.3225,0,3.1875,0,1.3975,0,0.2875,0.5375,0,0,0,0,0,0,0,0,0,0,0,0,0,0,0,0,0,0,0,0,0.0725,0,0,0,0.00275,0.07625,0,0.40625,0.89675,0.09325,7.71275,275.25,2262.25,1
0.0936364,0.110519,0.358961,0,0.553636,0.118961,0.107662,0.137403,0.0723377,0.26987,0.0883117,0.608182,0.0675325,0.014026,0,0.317143,0.330779,0.288961,1.95961,0.133247,1.02078,0.0487013,0.215065,0.0807792,0.242338,0.0758442,0.035974,0.031039,0.00506493,0.0471429,0.00506493,0.00909091,0.0279221,0.0132468,0.0448052,0.0776623,0.0914286,0,0.0192208,0.0475325,0,0.0209091,0.0190909,0.00753247,0.235714,0.294286,0,0.0277922,0.0102338,0.105299,0.00920779,0.334571,0.126091,0.0521039,4.13005,67.4545,261.792,0.675325
0.35,0.229091,0.356364,0.0863636,0.350909,0.368182,0.133636,0.214545,0.404545,0.705455,0.241818,0.562727,0.344545,0.03,0.513636,0.0936364,0.214545,0.492727,1.98182,0.195455,1.35364,0.0154545,0.473636,0.351818,0.848182,0.357273,0.0218182,0,0,0.0663636,0,0,0.0936364,0,0.0654545,0.0218182,0,0.0454545,0.0218182,0.0663636,0,0.0663636,0.0145455,0.0445455,0.0363636,0.13,0,0,0.00109091,0.191727,0,0.565364,0.240273,0.0527273,8.42273,263,732.909,0.909091
0.463,0.931,0.931,0,0.463,0,0,0.463,0,1.866,0,2.334,0,0.605,0,0.463,0,0,1.866,0,5.231,0,0,0,0,0,0,0,0,0,0,0,0,0,0,0,0,0,0,0,0,0,0,0,0,0,0,0,0,0.2503,0,1.6712,0.1913,0.0832,59.0805,657,751.2,1
0.122414,0.203793,0.577586,0.680345,0.491724,0.202759,0.341724,0.222759,0.0451724,0.25931,0.166207,0.473448,0.118966,0,0,0.482759,0.434483,0.401379,2.39586,0.60931,1.6031,0,0.136897,0.267241,0.0196552,0.0196552,0,0,0,0,0,0,0.00931035,0,0,0.0251724,0.108966,0,0.0824138,0,0,0,0.0262069,0,0.128621,0.0427586,0,0,0.0122069,0.106448,0.0293793,0.45431,0.0824828,0.0314138,8.20128,137.207,290.345,0.965517
0.181667,0.14,0.245,0.0216667,0.105,0.0616667,0.0233333,0.0866667,0.243333,0.305,0.095,0.4,0.161667,0.376667,0.0166667,0.0916667,0.158333,0.0616667,1.115,0.00333333,0.491667,0,0.163333,0.173333,0.43,0.443333,0.005,0.00333333,0.00333333,0,0,0,0.658333,0,0,0.0666667,0.69,0.00833333,0,0.00333333,0.0266667,0.01,0.0166667,0.0233333,0.103333,0.103333,0.00333333,0.0966667,0.0843333,0.186333,0.0388333,0.125833,0.185667,0.0445,3.62817,76.1667,2593.17,0.5
0.117,0.228,0.42,4.281,0.378,0.067,0.078,0.243,0.395,0.311,0.072,0.534,0.155,0.262,0.348,0.107,0.244,0.406,2.155,0.634,1.572,0,0.373,0.248,0.098,0.01,0.016,0.085,0.006,0,0,0,0,0,0.035,0,0.055,0,0.043,0.048,0,0.427,0,0.016,0.098,0,0,0.014,0.0047,0.2589,0.0303,0.3692,0.129,0.0584,5.2366,131.2,784.1,0.7
0.0871429,0.0385714,0.155714,0,0.0285714,0.0185714,0,0.0357143,0.0557143,0.0657143,0.0357143,0.357143,0.0214286,0.0371429,0.00285714,0.0271429,0.0557143,0.0771429,0.392857,0.0271429,0.23,0.505714,0,0,0.35,0.141429,0.0128571,0.0114286,0.0185714,0.0328571,0.0514286,0,0.362857,0,0.0185714,0.0985714,0.31,0.0228571,0.0457143,0.0242857,0.0771429,0.01,0.0114286,0.0485714,0.0214286,0.331429,0.00714286,0.0514286,0.121571,0.184714,0.0585714,0.0294286,0.00228571,0.031,3.01729,41.7143,1799.71,0
0.0905263,0.265789,0.528421,0,0.284474,0.132632,0.0647368,0.07,0.293684,0.353158,0.0760526,0.947368,0.213158,0.112368,0.137632,0.172632,0.108947,0.170526,2.05816,0.0757895,0.932632,0,0.0755263,0.106579,0.439474,0.0986842,0.0207895,0.0131579,0.00947368,0.0110526,0.0165789,0.00421053,0.0618421,0.00421053,0.0192105,0.0331579,0.0560526,0.00368421,0.00842105,0.0471053,0.00421053,0.0194737,0.0497368,0.0121053,0.00552632,0.00315789,0,0,0.240421,0.100974,0.0138158,1.68858,0.394342,0.00615789,4.23816,46.3947,760.289,0.710526
0.023271,0.0641121,0.221776,0,0.224579,0.0460748,0.17028,0.0571963,0.0927103,0.178318,0.0268224,0.381589,0.124953,0.084486,0,0.607103,0.0427103,0.234673,2.29411,0.127009,1.13981,0.0603738,0.0557009,0.0601869,0.321869,0.229252,0.0601869,0.0460748,0,0.0133645,0.00719626,0,0,0,0.0285047,0.0581308,0.00747664,0,0,0.00570093,0,0.0818692,0.00654206,0.0453271,0.305888,0.286449,0,0,0.00969159,0.0569252,0.00181308,0.481925,0.0440841,0.0301869,4.57513,44.4299,86.4673,0.504673
0.08,0,0.32,4.31,0.08,0.16,0.08,0.08,0,0,0.08,0.24,0.32,0,0,0.08,0,0.32,1.87,0,0.57,0,0.16,0.24,0,0,0,0,0,0,0,0,0,0,0,0,0.08,0,0,0,0,0,0,0,0.16,0,0,0,0.344,0.068,0,0.55,0.082,0.151,15.547,339,2923,1
0.065,0.341333,0.442333,0,0.617,0.275333,0.952,0.0443333,0.106333,0.447333,0.0233333,0.581,0.0416667,0.00666667,0.049,0.165333,0.0616667,0.514333,2.29067,0.138333,1.36167,0.091,0.0346667,0.052,0.113333,0.0643333,0.0106667,0.047,0.048,0.048,0.0313333,0,0,0,0.0896667,0.024,0.0626667,0,0.069,0.022,0,0,0.031,0.0253333,0.275667,0.0183333,0,0,0.0052,0.120633,0.0124,0.476167,0.0334,0.0547667,9.86073,131.167,372.567,0.766667
0.064,0.196667,0.432667,1.27733,0.397333,0.126,0.155333,0.044,0.43,0.252667,0.0973333,0.390667,0.0993333,0.0806667,0.188667,0.388,0.032,0.321333,1.474,0.034,0.766,1.52133,0.132667,0.0786667,0,0,0,0,0.0133333,0,0,0,0,0,0,0,0.032,0,0,0.0206667,0,0.0346667,0,0,0.0173333,0.0606667,0,0,0.00686667,0.0724,0.00993333,0.227133,0.115933,0.148533,7.03827,115.2,1293.4,0.933333
0.145,0.21,0.5625,0,0.8025,0.295,0.125,0.5975,0.1475,0.435,0.15,0.8275,0.295,0.155,0.085,1.2925,0.5975,0.28,2.66,0.215,1.325,0,0.4825,0.27,0,0,0,0,0,0,0,0,0,0,0,0.175,0,0,0,0.065,0,0,0,0,0.03,0,0,0,0.0075,0.04775,0.0165,0.41825,0.20125,0.11525,8.128,254.75,1523.25,1
0.0958065,0.154194,0.876452,0,0.713871,0.859355,0.375161,0.130968,0.701935,0.19,0.22129,0.664839,0.244516,0,1.67806,0.16,0.0567742,1.07516,1.47581,0.194194,0.629355,0,0.685806,0.143226,0.00290323,0.00290323,0,0,0,0,0,0,0,0,0.00645161,0,0,0,0,0.0283871,0,0,0.162581,0.0258065,0.0787097,0.076129,0,0,0.00577419,0.0879032,0,0.430548,0.142516,0.0151613,9.07461,676.194,1391.29,1
0.225,0.23,0.51,0,0.69,0.11,0.095,0.155,0.61,0.455,0.345,0.575,0.37,0.645,0.89,0.145,0.245,0.515,2.26,0.16,0.935,0,0.83,0.26,0,0,0,0,0,0,0,0,0,0,0,0,0,0,0,0.03,0,0,0.06,0,0.045,0.03,0,0,0.008,0.1105,0,0.3285,0.34,0.0715,8.5065,514,2341.5,1
0.0847973,0.0732432,0.309595,0.00871622,0.396419,0.230946,0.126824,0.15777,0.0296622,0.253986,0.040473,0.547635,0.10277,0.00939189,0.0141216,0.246757,0.125946,0.190203,1.66696,0.0147297,1.17601,0.0077027,0.129662,0.0675676,0.566892,0.397297,0.204054,0.195135,0.102432,0.142162,0.0730405,0.055,0.0764865,0.0589865,0.142095,0.122838,0.131892,0.00155405,0.077027,0.0660811,0.0536486,0.0468919,0.0767568,0.030473,0.27223,0.120608,0.0113514,0.00959459,0.0296486,0.158223,0.0266149,0.200297,0.0619257,0.0129459,2.21182,14.6419,138.149,0.466216
0.0912308,0.152769,0.325231,0.0163077,0.381538,0.113846,0.120308,0.171385,0.0532308,0.326615,0.0255385,0.623538,0.267846,0.0132308,0.120462,0.229077,0.171692,0.377846,1.41646,0.0378462,0.905077,0.0469231,0.150615,0.0672308,0.582462,0.328154,0.174923,0.140769,0.115385,0.122769,0.0453846,0.0453846,0.0595385,0.0453846,0.0827692,0.0815385,0.160923,0.00107692,0.0763077,0.102923,0.0246154,0.0312308,0.0712308,0.0569231,0.0966154,0.0289231,0,0.0255385,0.0215231,0.1664,0.0191846,0.195015,0.0958308,0.0179846,3.08454,29.7077,240.415,0.523077
0.101667,0.47,0.295,3.53208,0.30875,0.142083,0.0929167,0.0975,0.560833,0.1575,0.0466667,0.472083,0.107083,0.0183333,0.208333,0.113333,0.212917,0.539583,1.86917,0.0979167,0.951667,1.165,0.114167,0.255417,0.25,0,0.215833,0,0,0,0,0,0,0,0.00958333,0.02,0.0408333,0.0141667,0.0275,0,0,0,0.00416667,0,0.06375,0,0,0,0.01275,0.100417,0,0.3655,0.180458,0.176333,9.40996,93.0833,453.042,0.833333
0.436667,0,0.38,0,0.276667,0.0733333,0.1,0,0.306667,0.406667,0.406667,0.926667,0.62,0,0,0.386667,0.153333,0.123333,3.20333,1.17667,1.67333,0,0.386667,0.356667,0,0,0,0,0,0,0,0,0.05,0,0,0,0,0,0.226667,0,0,0,0.1,0,0.0733333,0,0,0.0733333,0,0.173667,0,0.549,0.137,0.230667,8.70933,365.667,1325.67,1
0.206429,0.119048,0.520238,0.0438095,0.34381,0.0966667,0.161667,0.271667,0.103333,0.305714,0.0959524,0.416905,0.032381,0.00714286,0,0.51119,0.387381,0.22,2.14024,0.362619,1.35214,0.517381,0.105476,0.121905,0.0892857,0.0742857,0.0047619,0.0266667,0.0178571,0.0219048,0.0047619,0.0047619,0,0.0119048,0.0314286,0.032381,0.121667,0,0.0185714,0.077619,0,0,0.0204762,0.0190476,0.184048,0.0369048,0.0330952,0.072381,0.0222381,0.1385,0.0164762,0.472071,0.352786,0.343595,5.38081,69.881,325.619,0.738095
0.0818072,0.049759,0.30241,0,0.336024,0.177229,0.0950602,0.11012,0.0579518,0.165422,0.0422892,0.530723,0.0877108,0.0459036,0.0253012,0.234578,0.167831,0.19506,1.28386,0.165663,0.782169,0,0.141325,0.0891566,0.77506,0.396747,0.108434,0.122892,0.103133,0.112651,0.0445783,0.0248193,0.0881928,0.0248193,0.0937349,0.0887952,0.188795,0.00831325,0.0733735,0.0449398,0.192169,0.0266265,0.0790361,0.0385542,0.171205,0.363614,0,0.04,0.0829277,0.153084,0.0238916,0.114916,0.068241,0.0114819,2.19435,16.2892,184.916,0.39759
0.0926891,0.143361,0.279832,0.00680672,0.368992,0.172269,0.118403,0.057563,0.0543697,0.251513,0.0366387,0.577815,0.0691597,0.00445378,0.00378151,0.21042,0.112857,0.159748,1.44143,0.017563,0.923025,0.0104202,0.0657983,0.125042,0.648655,0.366975,0.316218,0.164958,0.146807,0.135126,0.0897479,0.100252,0.13042,0.100252,0.137731,0.121597,0.241681,0,0.122521,0.10395,0.0452101,0.0743697,0.139916,0.0295798,0.247479,0.109076,0.0089916,0.0289916,0.0241597,0.193277,0.0317311,0.199765,0.0561849,0.0172689,2.65476,19.6134,159.202,0.411765
0.35,0.08,0.35,0,0.35,0,0,0.52,0.61,1.76,0.17,0.26,0.79,0,0.26,0,0.7,0.35,2.64,0,2.03,0,0.61,0.7,0,0,0,0,0,0,0,0,0,0,0,0.08,0,0,0.08,0.17,0,0,0,0,0.17,0,0,0,0,0.081,0,0.556,0.069,0.011,19.234,1170,3116,1
0.1025,0,0.385,0,0.4275,0.2425,1.49,0,0,0.14,0,0.8,0,0,0,2.445,0,0.225,3.14,0,1.0575,0,0.345,0.1025,0.0725,0.0725,0.0725,0.145,0,0,0,0,0,0.0725,0.145,0,0,0,0,0,0,0,0,0,0,0,0,0,0,0.127,0,0.64475,0.59925,0,20.5435,319.25,410,0.75
0.0712857,0.0572857,0.329429,0.0124286,0.318286,0.101571,0.0378571,0.098,0.105286,0.266571,0.0564286,0.500571,0.0655714,0.0218571,0.0164286,0.182429,0.110286,0.111286,1.338,0.0144286,0.692857,0.015,0.0632857,0.0791429,0.745714,0.375571,0.195857,0.140143,0.0725714,0.153143,0.106143,0.0514286,0.183857,0.0514286,0.0891429,0.140571,0.305143,0.0217143,0.103714,0.0801429,0.00857143,0.0454286,0.105571,0.138857,0.179571,0.105,0.0155714,0.0355714,0.0280714,0.225243,0.0254429,0.127586,0.0400143,0.0416,2.56214,20.1857,212.8,0.4
0,0.568,1.226,0,0.66,0.35,0.264,0.218,0.436,0.718,0.282,0.832,0,0.218,0,0.546,0.35,0.282,1.852,0,1.928,0,0.196,0.132,0,0,0,0,0,0,0,0,0.064,0,0,0,0.654,0,0,0,0,0,0,0,0.218,0,0,0,0,0.2106,0.0298,0.8234,0.3008,0.0596,13.526,375.8,731.2,1
0.0854167,0.1375,0.4325,0.0216667,0.22,0.1225,0.04875,0.313333,0.298333,0.581667,0.151667,0.495833,0.09,0.0316667,0.192917,0.44375,0.244583,0.0529167,1.24333,0.112917,0.74125,0,0.0666667,0.2075,0.589167,0.1875,0.0120833,0.0420833,0.0075,0.0433333,0.0183333,0,0.10875,0.00708333,0.167917,0.0520833,0.21,0.00541667,0.0475,0.01875,0.0304167,0.0270833,0.00166667,0.00458333,0.0791667,0.141667,0.0104167,0.0366667,0.0520833,0.183667,0.00904167,0.242125,0.165125,0.046625,3.23808,53.375,964.292,0.666667
0,0,0,0,0.13,0,0,0,0,0.13,0,0.06,0,0,0,0,0,0,0.2,0,0.06,0,0,0,0,0,0,0,0,0,0,0,0,0,0,0,0,0,0,0,0,0,0,0,0,0,0,0,0.01,1.03,0,0,1.611,0.01,7.549,278,3752,1
0,0.08,0.25,0,0.84,0.25,0.08,0.33,0,0.16,0.08,0.76,0,0.08,0,1.605,0.76,0.33,1.56,0.33,0.5,0.84,0.42,0.08,0,0,0,0,0,0,0,0,0,0,0,0.25,0.08,0,0,0.08,0,0,0,0,0,0,0,0,0,0.047,0.015,0.51,0.157,0.3295,7.2585,292,2047,1
0,0.29,0.29,0,0,0.59,0.29,1.04,1.04,2.22,0.14,1.04,0,0,1.04,0.29,0.74,0,1.63,0.44,0.59,0,1.48,0,0,0,0,0,0,0,0,0,0,0,0,0,0.29,0,0,0.29,0,0,0,0,0,0,0,0,0,0.084,0,0.105,0.21,0.021,10.817,887,1244,1
0.127273,0.0881818,0.256364,0.0190909,0.283636,0.0727273,0.0418182,0.0363636,0.263636,0.0845455,0.109091,0.526364,0.0763636,0.0118182,0.0136364,0.106364,0.144545,0.133636,1.36727,0.271818,0.62,0.983636,0.204545,0.177273,0.23,0.159091,0.0127273,0.00454545,0,0.0209091,0,0,0.0690909,0,0.00727273,0.174545,0.200909,0.00727273,0.0145455,0.00727273,0,0,0.00727273,0.02,0.0309091,0.0181818,0.00545455,0.0336364,0.0447273,0.139818,0.0659091,0.159727,0.197273,0.141455,5.39182,85,1607.27,0.545455
0.140526,0.122346,0.304627,0,0.218158,0.0635088,0.147939,0.0604825,0.00947368,0.256798,0.0950658,0.654298,0.0934211,0.0255921,0.0223246,0.239035,0.0819079,0.12932,1.73086,0.0160965,0.967522,0,0.0571711,0.0894079,0.567588,0.314583,0.293158,0.217741,0.124167,0.194452,0.116711,0.0767544,0.159539,0.0767544,0.196338,0.132895,0.201228,0.00385965,0.1925,0.0878947,0.0636404,0.181754,0.0538377,0.107281,0.242215,0.252478,0,0.0311842,0.0152917,0.150557,0.0130044,0.224493,0.0557939,0.0437237,2.34335,11.625,48.136,0.274123
0.12475,0.452,0.33,1.773,0.93875,0.14825,0.69275,0.1565,0.0595,0.38525,0.04375,0.65175,0.17475,0.084,0,0.74875,1.575,0.245,2.07975,0.281,1.83075,0,0.01975,0.144,0,0,0,0,0,0.02425,0,0,0,0,0,0.0535,0.1165,0.039,0,0.0085,0,0,0,0,0.0085,0,0,0,0,0.116675,0,0.728525,0.214775,0.0331,9.17465,135.975,193.15,0.925
0.13087,0.157391,0.412174,0,0.796087,0.146087,0.132609,0.225217,0.291739,0.62913,0.137826,0.546087,0.086087,0.473478,0.306522,0.111739,0.481304,0.0734783,1.95913,0.224348,1.59087,0.293478,0.107826,0.275217,0.151739,0.00913043,0.00956522,0.0126087,0,0,0.0221739,0,0.0543478,0,0.0221739,0.0195652,0.0752174,0.0108696,0,0.05,0,0.513043,0,0.0108696,0.103043,0,0.00391304,0,0.00926087,0.115783,0.0093913,0.301783,0.199826,0.0618696,4.43409,129.826,648.13,0.652174
0.0566667,0.06,0.17,0,0.0933333,0.075,0.0366667,0.06,0.0983333,0.248333,0.0566667,0.171667,0.135,0.0216667,0.0566667,0.161667,0.0783333,0.0983333,0.791667,0.00666667,0.368333,0,0.0766667,0.0466667,2.32,0.121667,0.00333333,0,0.00333333,0.055,0,0,0.0916667,0,0.04,0.145,0.168333,0.00333333,0.0466667,0.0533333,0.0583333,0.0166667,0.00333333,0.0666667,0.065,0.245,0,0.148333,0.0375,0.124833,0.00733333,0.119667,0.0191667,0.0141667,5.37817,65.5,2037.83,0.166667
0.164346,0.0813551,0.296682,0,0.458598,0.0763551,0.108879,0.104299,0.0404673,0.129953,0.0299065,0.485514,0.0704206,0.0118224,0.0213551,0.328131,0.194953,0.163925,1.70804,0.0257477,0.854393,0.0259813,0.136449,0.045,0.515467,0.359206,0.24528,0.17257,0.0641589,0.113645,0.0542991,0.0515421,0.0845794,0.0515421,0.12986,0.139112,0.155327,0.00509346,0.125514,0.0599065,0.0430841,0.0301402,0.0928505,0.0615888,0.274953,0.116776,0.00088785,0.0598131,0.0239393,0.138444,0.0197243,0.29428,0.0826402,0.0248364,2.51529,18.9579,116.5,0.481308
0,0.36,0.631667,0.233333,0,0,0.513333,0,0,0.748333,0.191667,0.536667,0,0.0383333,0,1.62,0.22,0.0633333,1.94167,0,0.996667,0,0,0.0783333,0.0416667,0.085,0,0,0,0,0,0,0,0,0,0.0383333,0.101667,0,0,0,0,0,0,0,0.206667,0,0,0,0.0483333,0.0411667,0,0.6305,0,0.0751667,9.77017,316.167,568.333,0.833333
0.506,0.442,0.31,0,0.144,0.03,0,0.184,0.552,0.632,0.294,0.682,0.65,1.228,0.03,0.218,0.426,0.018,3.036,0,1.346,0,0.506,0.532,0,0,0,0,0,0,0,0,0,0,0,0,0,0,0,0,0,0,0,0,0.03,0,0,0,0.0116,0.078,0,0.409,0.8208,0.1292,6.8204,655.8,2366.4,1
0.345,0.225,0.435,0.03,0.175,0.185,0.095,0.575,0.185,0.345,0.09,0.81,0.51,0.19,0.12,0.255,0.17,0.375,3.245,0.065,1.5,0,0.36,0.62,0.02,0.02,0,0,0,0,0,0,0,0,0,0,0,0,0,0.015,0,0,0.04,0,0.015,0,0,0,0.0055,0.106,0.0355,0.443,0.3145,0.014,4.4745,157,1973,1
0.2,0.81,0.61,0,0,0,0,0,0.2,0,0,0.4,0,0,0,0.2,0,0,0.2,0,0.2,0,0,0.4,0,0,0,0,0,0,0,0,0,0,0,0,0,0,0,0,0,0,0,0,0,0,0,0,0,0,0,0.831,0.338,0.03,1102.5,2204,2205,1
0.0351111,0.101778,0.271556,0.00311111,0.228444,0.150889,0.0935556,0.0251111,0.0531111,0.139556,0.0806667,0.400222,0.121111,0.068,0.0562222,0.117111,0.0648889,0.173333,1.33444,0.08,0.648444,0.871556,0.139556,0.0782222,0.698444,0.254222,0.115778,0.048,0.0713333,0.0591111,0.05,0.0673333,0.0873333,0.0673333,0.0504444,0.111111,0.147778,0,0.0431111,0.0333333,0,0.0155556,0.0606667,0.046,0.126667,0.0937778,0,0.0202222,0.163844,0.204578,0.0473556,0.154156,0.143644,0.102978,3.31616,22.7556,269.156,0.511111
