0.0826962,0.102321,0.319454,0.00706485,0.366143,0.133993,0.102969,0.128669,0.0733447,0.263788,0.0729352,0.509966,0.137509,0.0321502,0.0452218,0.236519,0.173788,0.230034,1.49925,0.0978498,0.826382,0.160648,0.108498,0.095256,0.613038,0.311945,0.132253,0.108294,0.0782594,0.0989761,0.0571672,0.0408532,0.0878498,0.0419454,0.0745051,0.0974403,0.191024,0.00778157,0.0584642,0.0764164,0.0131058,0.0255973,0.0698976,0.0585666,0.151604,0.0678157,0.00372014,0.0364505,0.0454812,0.1663,0.0236928,0.175969,0.0842696,0.0441126,2.9669,29.529,224.805,0.525597
0.19,0,0.38,0,0,0.19,0,0,0,0,0.19,0.19,0,0,0,0.38,0,0.19,1.14,0,0.38,0,0,0,0,0,0,0,0,0,0,0,0,0,0,0,0,0,0,0,0,0,0,0,0,0,0,0,0.01,0.01,0,0,0,0.003,2.383,21,15841,1
0.29,0.04,0.04,0,0.14,0.04,0,0.29,0.29,0.94,0.14,0.04,0.14,0,0.19,0.04,0.39,0.19,1.6,0.04,0.79,9.53,0.69,0.47,0,0,0,0,0,0,0,0,0,0,0,0.04,0,0,0.04,0,0,0,0,0,0.19,0,0,0,1.117,0.053,0,0.356,0.09,0.011,12.332,1171,9163,1
0.01,0.01,0.07,0,0.05,0,0,0.01,0.03,0.13,0.05,0,0,0.05,0,0,0.01,0.07,0.01,0,0.01,0,0,0,0,0,0,0,0,0,0,0,0.07,0,0,0.13,0,0,0,0.01,0.46,0,0,0.03,0,0.8,0.01,0.07,0.05,0.301,0.131,0.002,0.09,0.002,2.577,82,5395,0
0.203158,0.161053,0.302632,0.0163158,0.327368,0.110526,0.0310526,0.32,0.318421,0.351053,0.121579,0.542632,0.220526,0.0878947,0.0889474,0.339474,0.248421,0.211579,1.89474,0.224211,0.964211,1.10474,0.331053,0.333158,0.133158,0.0921053,0.00736842,0.00263158,0,0.0121053,0,0,0.05,0,0.00421053,0.117368,0.116316,0.0142105,0.0142105,0.0221053,0,0,0.00421053,0.0115789,0.0405263,0.0105263,0.00315789,0.0194737,0.0328947,0.105789,0.0530526,0.244053,0.184421,0.143947,6.58558,137.211,1616.74,0.736842
0.0587431,0.407569,0.198577,0,0.230518,0.0425552,0.0466022,0.0415884,0.0193577,0.144233,0.0121547,0.465849,0.0601865,0.0534945,0.0039779,0.190939,0.0320787,0.114448,1.67015,0.0226796,0.470331,0,0.0181215,0.0572514,0.580801,0.281257,2.14621,0.119454,0.186423,0.122072,0.100953,0.0724378,0.0907182,0.0724378,0.122652,0.108198,0.0890262,0.0266091,0.099192,0.0769268,0.0714365,0.291816,0.0299586,0.143881,0.571285,0.242403,0.00421961,0.0428522,0.0192721,0.120104,0.0167459,0.20476,0.0210117,0.00685704,1.68737,5.34047,20.576,0.117403
0.120556,0.24,0.513611,0.393056,0.311111,0.123333,0.0691667,0.173889,0.376667,0.671111,0.169167,0.500278,0.1575,0.0233333,0.198056,0.373056,0.175833,0.405556,1.33417,0.117222,0.933889,0.436944,0.13,0.260833,0.1775,0.0877778,0.0441667,0.0222222,0.00111111,0.0180556,0.00444444,0,0.0830556,0.00805556,0.0130556,0.0188889,0.0838889,0.00361111,0.0175,0.0408333,0.0180556,0.00305556,0.00583333,0.00305556,0.0419444,0.0833333,0.0025,0.00416667,0.03025,0.0965,0.00258333,0.422528,0.243306,0.0788611,5.39211,107.694,959.5,0.888889
0.118951,0.142448,0.273776,0.650769,0.41958,0.115804,0.0422378,0.114825,0.211678,0.186503,0.0932168,0.638811,0.131818,0.0346853,0.0527972,0.215035,0.226294,0.189091,1.72615,0.0854545,0.803776,0.61007,0.176993,0.143706,0.54951,0.124266,0.065035,0.0265035,0.0316783,0.0218881,0.0137762,0.0159441,0.0474825,0.0103497,0.0283217,0.0777622,0.114266,0.0386713,0.0222378,0.0272727,0.0265035,0.0414685,0.029021,0.00566434,0.0631469,0.0716084,0.00615385,0.0197902,0.129343,0.11921,0.0102727,0.193615,0.096993,0.0677343,4.20376,46.7063,432.364,0.58042
0.195,0.5,0.4,0.095,0.58,0,0,0,0.39,0.19,0,0.2,0,0,0,0.1,0,0,0.195,0.19,0.39,0,0,0.2,0.095,0,0,0.095,0,0,0,0,0,0.19,0,0,0,0,0,0,0,0,0,0,0,0,0,0,0,0.035,0,0.4155,0.7295,0.015,1062,2123,2124,1
0.368333,0.205833,0.33,0,0.0566667,0.109167,0.0241667,0.155833,0.311667,0.579167,0.1825,0.715833,0.3975,0.873333,0.0258333,0.135,0.31,0.181667,2.46583,0.05,1.03917,0.106667,0.735833,0.341667,0.005,0,0,0,0,0,0,0,0,0,0,0,0,0,0,0,0,0,0.00166667,0,0.03,0,0.00333333,0,0.00258333,0.0566667,0.000833333,0.274083,0.453,0.1275,5.76925,267.083,3255.08,1
0,0,0,0.04,0,0,0,0,0,0,0,0,0,0,0,0.02,0,0,0.02,0,0,0,0,0,0,0,0,0,0,0,0,0,0,0,0,0,0,0,0,0,0,0,0,0,0,0,0,0,1.024,9.752,0.003,1.542,1.785,1.998,239.571,9989,10062,1
0.143125,0.095,0.53125,0,0.49,0.279375,0.25625,0.095,0.3675,0.389375,0.33125,0.809375,0.075625,0.33375,0.235,0.77625,0.27625,0.57375,2.07313,2.42875,1.47437,0.36125,0.57375,0.175,0,0,0,0,0,0,0,0,0.013125,0,0,0,0,0,0,0.03,0,0,0,0,0.03,0,0,0,0,0.1,0.0046875,0.289687,0.176063,0.0456875,9.53031,527.125,1413.5,1
0.504545,0.371818,0.64,0,0.137273,0.574545,0.0990909,0.449091,0.879091,0.911818,0.0527273,0.46,0.315455,0.00909091,0.769091,0.183636,0.155455,1.42727,2.31091,0.761818,1.37636,0.0281818,1.11364,0.569091,0,0,0,0,0,0,0,0,0.03,0,0.115455,0.0381818,0,0,0,0,0,0,0,0,0.0654545,0,0,0,0.0261818,0.047,0.147091,0.436818,0.185273,0.0424545,13.3886,477.909,944.182,1
0.11341,0.108997,0.307083,0.00503086,0.441636,0.150386,0.143241,0.109892,0.0460802,0.204244,0.0482253,0.528364,0.0839198,0.0095216,0.0356019,0.303549,0.161127,0.197037,1.68716,0.0795833,0.992716,0.0304784,0.143812,0.0911728,0.514244,0.322377,0.206481,0.158457,0.082037,0.118549,0.0567593,0.0536574,0.0843056,0.0566512,0.115247,0.114815,0.157006,0.00203704,0.109753,0.0723302,0.0583951,0.0433333,0.0805864,0.0379784,0.247222,0.151667,0.00453704,0.0291358,0.0270772,0.144816,0.0196127,0.255392,0.0765864,0.0519707,2.97638,25.1481,135.995,0.492284
0.49,0.880909,0.846364,0,0.455455,0.0345455,0,0.420909,0,1.73091,0,2.26091,0,0.55,0,0.420909,0,0,1.87091,0,5.03455,0.0345455,0,0,0,0,0,0,0,0,0,0,0,0,0,0,0,0,0,0,0,0,0,0,0,0,0,0,0,0.238818,0,1.53055,0.173909,0.0812727,61.8823,664.091,764.636,1
0.135,0.216129,0.452581,0,0.258065,0.120484,0.0453226,0.0929032,0.242097,0.282258,0.0680645,0.805323,0.206774,0.105484,0.145323,0.154839,0.137903,0.184516,1.65048,0.0635484,0.898387,0,0.14,0.170484,0.869032,0.125806,0.0241935,0.0158065,0.0153226,0.0293548,0.0145161,0.00693548,0.0635484,0.00693548,0.0274194,0.0717742,0.0996774,0.00225806,0.0133871,0.0393548,0.0120968,0.123387,0.0503226,0.0083871,0.0319355,0.0162903,0,0.0256452,0.180742,0.13429,0.0130806,1.1646,0.27279,0.0200645,4.04058,55.8548,733.452,0.580645
0.181667,0.14,0.245,0.0216667,0.105,0.0616667,0.0233333,0.0866667,0.243333,0.305,0.095,0.4,0.161667,0.376667,0.0166667,0.0916667,0.158333,0.0616667,1.115,0.00333333,0.491667,0,0.163333,0.173333,0.43,0.443333,0.005,0.00333333,0.00333333,0,0,0,0.658333,0,0,0.0666667,0.69,0.00833333,0,0.00333333,0.0266667,0.01,0.0166667,0.0233333,0.103333,0.103333,0.00333333,0.0966667,0.0843333,0.186333,0.0388333,0.125833,0.185667,0.0445,3.62817,76.1667,2593.17,0.5
0.140952,0.0965079,0.312698,0.00253968,0.296508,0.104603,0.103492,0.120159,0.482857,0.456349,0.095873,0.552698,0.140952,0.165079,0.0563492,0.318889,0.0628571,0.38,1.55365,0.220317,1.04683,0.879206,0.101905,0.186984,0.357778,0.14746,0.0333333,0.0139683,0.00142857,0.0174603,0.0320635,0.00142857,0.0880952,0.00142857,0.148413,0.0209524,0.174921,0.000793651,0.0174603,0.0409524,0.0104762,0.0450794,0.00857143,0.021746,0.0309524,0.0403175,0.0211111,0.0404762,0.054,0.115571,0.0561905,0.359365,0.185698,0.0958095,5.48854,82.3016,1089.94,0.634921
0.108,0.154571,0.834857,0,0.776857,0.799714,0.357429,0.16,0.67,0.354857,0.203143,0.674857,0.244571,0,1.62543,0.169143,0.0557143,1.05057,1.60029,0.187429,0.781429,0,0.680571,0.173714,0.00257143,0.00257143,0,0,0,0,0,0,0,0,0.00828571,0,0,0,0,0.0548571,0,0,0.148571,0.0228571,0.072,0.0697143,0,0,0.00545714,0.0817143,0,0.440657,0.143771,0.0147429,13.6585,697.086,1432,1
0,0,0,0,0,0,0,0,0,0,0,0,0,0,0,0,0,0,0,0,0,0,0,0,0,0,0,0,0,0,0,0,0,0,0,0,0,0,0,0,0,0,0,0,0,0,0,0,0.022,0.022,0.019,0.022,0.022,0.022,3.482,5,5902,0
0.59,0.09,0.09,0,0.29,0.09,0,0.59,0.59,2.09,0.29,0.09,0.29,0,0.39,0.09,0.79,0.39,3.19,0.09,1.69,0,1.39,0.99,0,0,0,0,0,0,0,0,0,0,0,0.09,0,0,0.09,0,0,0,0,0,0.19,0,0,0,0.044,0.078,0,0.334,0.133,0.011,15.493,1171,2541,1
0.466,0.398,0.343,0,0.252,0.046,0.025,0.169,0.564,0.602,0.302,0.655,0.582,1.108,0.202,0.203,0.393,0.129,2.952,0.032,1.3,0,0.587,0.498,0,0,0,0,0,0,0,0,0,0,0.006,0,0,0,0,0.006,0,0,0.012,0,0.041,0.006,0,0,0.0086,0.0839,0,0.4366,0.6352,0.1195,7.2398,663.1,2384.7,1
0.353333,0,1.76667,0,1.06,0,0,0,0.58,0.806667,0,0,0,0,0,0,0,0,0.353333,0.933333,0.453333,0,0,0,0.353333,0,0,0,0,0,0,0,0,0,0,0,0,0,0,0,0,0,0,0,0,0,0,0,0,0,0,0.936333,0.09,0,640,1279,1280,1
0.0936364,0.0972727,0.244545,0.00545455,0.328182,0.147273,0.0609091,0.233636,0.0872727,0.245455,0.0709091,0.462727,0.166364,0.07,0.0527273,0.602727,0.295455,0.218182,1.48182,0.111818,0.62,0.236364,0.23,0.161818,1.26909,0.07,0.00181818,0,0.00181818,0.03,0,0,0.05,0,0.0218182,0.151818,0.115455,0.00181818,0.0254545,0.0554545,0.0318182,0.00909091,0.00909091,0.0363636,0.0381818,0.133636,0,0.0809091,0.0214545,0.100273,0.0146364,0.285636,0.110909,0.101091,5.81055,143.091,2014.27,0.545455
0.0481818,0.104242,0.28303,0.580606,0.244545,0.0787879,0.0869697,0.0375758,0.301818,0.229091,0.0636364,0.353939,0.0524242,0.040303,0.133636,0.231818,0.0454545,0.194545,1.19788,0.236667,0.721515,1.17333,0.0833333,0.0409091,0.362121,0.195152,0.02,0.0260606,0.0151515,0.0181818,0.0263636,0,0.0521212,0,0.161212,0.00757576,0.138182,0.00121212,0.0130303,0.0260606,0.00333333,0.0442424,0,0.010303,0.0478788,0.0348485,0.00363636,0.00636364,0.0243636,0.168485,0.0234848,0.176788,0.0938788,0.114424,5.46342,75.0303,1285.94,0.606061
0.0935556,0.0904444,0.264667,0.951333,0.309778,0.0951111,0.0475556,0.220667,0.284,0.390889,0.0793333,0.561333,0.124889,0.137333,0.114889,0.128667,0.184444,0.237778,1.24444,0.159111,0.781333,0.742222,0.0997778,0.0988889,0.926444,0.248667,0.0262222,0.036,0.0197778,0.0475556,0.0408889,0.00422222,0.190889,0.002,0.123556,0.0573333,0.183778,0,0.0524444,0.0302222,0.00466667,0.0255556,0.00444444,0.00355556,0.0353333,0.0102222,0.00488889,0.0633333,0.0721333,0.131711,0.0446222,0.1744,0.0879111,0.0920222,4.13653,54.1556,876.956,0.444444
0,0,0,0,0.13,0,0,0,0,0.13,0,0.06,0,0,0,0,0,0,0.2,0,0.06,0,0,0,0,0,0,0,0,0,0,0,0,0,0,0,0,0,0,0,0,0,0,0,0,0,0,0,0.01,1.03,0,0,1.611,0.01,7.549,278,3752,1
0.052,0.214933,0.380133,0.263067,0.583467,0.183867,0.875867,0.233067,0.197733,0.376,0.225333,0.615467,0.026,0.0169333,0.0122667,0.481467,0.635333,0.344933,2.0428,0.3836,1.77093,0.0114667,0.1148,0.119733,0.038,0.0257333,0.0882667,0.0188,0.0192,0.0192,0.0965333,0,0.0036,0,0.0545333,0.0168,0.109467,0,0.0464,0.253333,0,0.00266667,0,0.0101333,0.1604,0.00586667,0,0,0.00558667,0.126187,0.0200533,0.40652,0.0926667,0.0408933,21.1955,179.96,342.187,0.786667
0,0,0,0,0,0,0,0,0,0,0,0,0,0,0,0.58,0,0,0,0,0,0,0,0,0,0,1.46,0.29,0,0.58,0,0,0,0,0,0,0.58,0,0,0,0,0,0,0,0,0,0,0,0,0.018,0,0,0,0,251,1488,1506,0
0.122295,0.0683607,0.295246,0.102869,0.304016,0.114508,0.0667213,0.145328,0.213279,0.287705,0.0695082,0.735246,0.116803,0.0888525,0.0186066,0.172541,0.20041,0.117131,1.39352,0.097377,1.06262,0.33041,0.199016,0.0919672,0.702049,0.193689,0.0141803,0.0190984,0.0203279,0.0305738,0.00204918,0,0.110328,0.00508197,0.0221311,0.0661475,0.153443,0.0120492,0.0268852,0.0107377,0.0604918,0.0681148,0.00688525,0.0165574,0.0685246,0.246967,0.0209836,0.0268033,0.046,0.161721,0.0192213,0.237656,0.0690984,0.0561639,4.41818,59.2377,530.73,0.581967
0,0,0.28,0,0.16,0.18,0,0,0,0,0.02,0.09,0.11,0,0,0,0,0,0.14,0,0.02,0,0,0.04,0,0,0,0,0,0,0,0,0,0.07,0,0,0,0,0.02,0,0,0,0,0,0,0,0,0,0,0.116,0.021,0.032,0,0,16.6155,154,9089,1
0,0.359,0.896,0.091,0.426,0.175,0.278,0.166,0.272,0.613,0.33,0.609,0.025,0.145,0,0.803,0.315,0.184,1.744,0.249,1.506,0,0.098,0.12,0.025,0.051,0,0,0,0,0,0,0.032,0,0,0,0.327,0.036,0,0,0,0,0.018,0,0.134,0,0,0,0.0134,0.1337,0.0149,0.837,0.1758,0.0774,11.9965,385.9,702.1,0.9
0.247778,0.156111,0.272222,0.239444,0.0888889,0.09,0.0227778,0.120556,0.212222,0.347222,0.112778,0.608889,0.280556,0.575,0.00222222,0.144444,0.251667,0.0622222,1.67611,0.00555556,0.860556,0.0161111,0.462778,0.206667,0.0266667,0.0272222,0.00666667,0.00388889,0.00277778,0,0,0,0.528889,0,0,0.04,0.333889,0.00111111,0.00277778,0.0127778,0.0283333,0.0133333,0.01,0.0155556,0.0277778,0.0788889,0.00888889,0.09,0.0422778,0.109889,0.00388889,0.2,0.370944,0.0791111,4.56339,128.556,3061.72,0.611111
0.274615,0.529231,0.641538,0.0376923,0.320769,0.0315385,0.46,0,0.221538,1.05,0.0723077,1.11308,0.0430769,0.101538,0.231538,1.62538,0.382308,0.0292308,2.15769,0,1.66462,0,0.0630769,0.191538,0.0223077,0.0223077,0.0223077,0.0446154,0,0,0,0,0,0.0223077,0.0446154,0.0176923,0.0469231,0,0,0,0,0,0,0,0.138462,0,0,0.0592308,0.012,0.0611538,0,0.807923,0.398692,0.062,49.7945,371.615,524.308,0.923077
0.132769,0.100667,0.359795,0.0195385,0.284872,0.10041,0.101282,0.147538,0.0824103,0.290923,0.0720513,0.462462,0.104974,0.0291282,0.0374359,0.299846,0.20959,0.223179,1.64251,0.160872,0.864359,0.577282,0.163231,0.0849231,0.564564,0.225538,0.0793846,0.0692308,0.0438974,0.0526667,0.0410769,0.0164615,0.0540513,0.018,0.0634872,0.0629231,0.188615,0.0054359,0.0355385,0.0476923,0.0301538,0.0471795,0.0363077,0.0411795,0.133333,0.265077,0.0148718,0.0380513,0.199928,0.160164,0.0205795,0.290436,0.144626,0.132959,4.11708,47.6154,321.133,0.533333
0.3875,0.0991667,0.29,0,0.0425,0.155,0.0158333,0.1375,0.153333,0.239167,0.179167,0.7375,0.41,0.74,0.0475,0.243333,0.301667,0.158333,1.85,0.128333,0.7775,0,0.191667,0.378333,0.3275,0.195833,0.01,0,0.00416667,0.015,0,0,0.4125,0,0,0.0391667,0.19,0.00416667,0.015,0.0316667,0.0158333,0.01,0.000833333,0.0366667,0.0775,0.0375,0.0191667,0.0558333,0.04175,0.106667,0.0105,0.31925,0.0875,0.0835833,5.42325,101.417,3444.67,0.75
0.120609,0.251391,0.413826,0.616696,0.689913,0.121739,0.412522,0.131826,0.0686087,0.327391,0.090087,0.649043,0.159217,0.0790435,0.0331304,0.451304,0.75113,0.281043,2.0933,0.163913,1.28339,0.0141739,0.250522,0.0835652,0.170696,0.0591304,0.0105217,0.0933913,0.00521739,0.0698261,0.00521739,0.00521739,0.193217,0.00521739,0.0832174,0.0789565,0.0934783,0.0135652,0.00904348,0.0553043,0.00921739,0.0314783,0.00452174,0.0128696,0.120783,0.0452174,0,0,0.00926957,0.105052,0.000347826,0.61933,0.132809,0.0222696,6.52367,93.9565,200.165,0.756522
0.118112,0.086556,0.244564,0.00278008,0.247085,0.0660685,0.134346,0.130218,0.033444,0.230425,0.0707676,0.571131,0.0803631,0.0333299,0.0364212,0.246068,0.109118,0.183361,1.65707,0.0358506,0.864471,0.0142739,0.0616805,0.075249,0.653869,0.363268,0.211473,0.235726,0.091888,0.159782,0.0748444,0.0600519,0.129523,0.0600519,0.156172,0.128039,0.18694,0.00547718,0.106846,0.0617946,0.0301349,0.102469,0.0739419,0.0972303,0.267822,0.242023,0.00582988,0.0287863,0.0170747,0.152907,0.0124046,0.251713,0.0488683,0.0539927,2.63275,15.9077,72.8185,0.357884
0.363333,0.336667,1.26667,0,1.21,0,0.11,0,0.253333,0.253333,0.223333,0.223333,0.11,0,0,0.336667,0,0.56,1.04,0.506667,1.23667,0,0,0,0.253333,0,0,0,0,0,0,0,0,0,0,0,0,0,0,0,0,0,0,0,0,0,0,0,0,0.04,0,0.691,0.0593333,0,261.167,1122.33,1173.67,1
0.127333,0.116667,0.296,0,0.39,0.157333,0.0633333,0.177333,0.24,0.440667,0.08,0.586,0.114,0.0533333,0.0826667,0.400667,0.239333,0.205333,1.69267,0.0626667,0.866,0.996667,0.346667,0.227333,0.252667,0.155333,0.00933333,0.008,0,0.00533333,0.008,0,0.048,0.00866667,0.00266667,0.111333,0.138,0,0.00733333,0.0246667,0,0,0,0.018,0.0206667,0.0353333,0,0.014,0.0530667,0.122867,0.0215333,0.239733,0.247667,0.137133,6.6322,136.8,1473,0.666667
0.35,0.08,0.35,0,0.35,0,0,0.52,0.61,1.76,0.17,0.26,0.79,0,0.26,0,0.7,0.35,2.64,0,2.03,0,0.61,0.7,0,0,0,0,0,0,0,0,0,0,0,0.08,0,0,0.08,0.17,0,0,0,0,0.17,0,0,0,0,0.081,0,0.556,0.069,0.011,19.234,1170,3116,1
0.192143,0.132024,0.338214,0.00130952,0.339405,0.160119,0.0770238,0.194643,0.32631,0.355357,0.0980952,0.666429,0.074881,0.0958333,0.0963095,0.215476,0.342619,0.0780952,1.49298,0.226429,1.0356,0.37381,0.0669048,0.257381,0.788571,0.173571,0.0219048,0.01,0.00178571,0.0132143,0.0179762,0.00178571,0.105952,0.00309524,0.0179762,0.0583333,0.147143,0.022381,0.014881,0.0320238,0.0480952,0.0986905,0.0103571,0.0163095,0.0554762,0.0870238,0.00654762,0.00761905,0.11344,0.176071,0.0137857,0.294179,0.128262,0.0915476,4.1344,70.3452,622.179,0.535714
0.278824,0.233529,0.324706,0.0558824,0.385294,0.274118,0.113529,0.151765,0.382941,0.581176,0.199412,0.571176,0.255294,0.217059,0.351176,0.0888235,0.209412,0.392353,2.03294,0.437059,1.46706,0.01,0.346471,0.330588,0.602353,0.231176,0.0364706,0.0376471,0,0.0429412,0.0129412,0,0.0605882,0,0.0552941,0.0141176,0.04,0.0294118,0.0141176,0.0429412,0,0.154706,0.00941176,0.0382353,0.03,0.0841176,0,0,0.00758824,0.234353,0,0.411647,0.302882,0.0462941,7.48094,230.353,722.647,0.764706
0.5,0.25,0.42,0,0.08,0.23,0.02,0.35,0.35,0.69,0.21,0.9,0.5,0.92,0.02,0.33,0.42,0.02,3.05,0,1.43,0,0.94,0.46,0,0,0,0,0,0,0,0,0,0,0,0,0,0,0,0.02,0,0,0,0,0.02,0,0.02,0,0,0.069,0,0.325,0.523,0.124,6.723,445,4128,1
0.0766667,0.0611111,0.185556,0,0.0311111,0.0233333,0,0.0477778,0.0433333,0.0933333,0.0477778,0.507778,0.0166667,0.0288889,0.00222222,0.0211111,0.0433333,0.113333,0.325556,0.0211111,0.187778,0.393333,0,0,0.281111,0.11,0.01,0.00888889,0.0144444,0.0511111,0.04,0,0.282222,0,0.0144444,0.0966667,0.294444,0.0177778,0.0355556,0.0188889,0.06,0.00777778,0.0177778,0.0377778,0.0166667,0.257778,0.00555556,0.04,0.099,0.178889,0.0476667,0.0228889,0.00177778,0.0247778,2.93811,73.5556,1794.22,0
0.3275,0.7625,0.38,0,0.4925,0.1025,0.075,0,0.23,0.685,0.3525,0.885,0.5125,0,0,0.29,0.545,0.1875,3.165,0.9775,1.9225,0,0.29,0.2675,0,0,0,0,0,0,0,0,0.0375,0,0,0,0,0,0.17,0,0,0,0.1225,0,0.055,0,0,0.055,0,0.173,0,0.48525,0.1395,0.179,10.8005,381.75,1280.25,1
0.3325,0,1.6725,0,1.0025,0,0.1625,0,0.6675,1.1675,0,0,0,0,0,0,0,0,0.3325,1.0025,0.6675,0,0,0,0.3325,0,0,0,0,0,0,0,0,0,0,0,0,0,0,0,0,0,0,0,0,0,0,0,0,0,0,0.87825,0.103,0,390.375,1235.5,1339.75,1
0.156667,0.398333,0.558333,1.52667,0.235,0.398333,0.206667,0.508333,0.608333,1.31,0.213333,1.36667,0,0.123333,0.69,0.171667,0.375,0.55,1.85167,0.185,2.08,0,0.403333,0.0666667,0,0,0,0,0,0,0,0,0,0,0,0,0.11,0,0,0.0483333,0,0,0.0666667,0,0,0,0,0,0.0645,0.137667,0,0.590167,0.158667,0.037,27.5562,767.667,1131,1
0.343333,0.332667,0.370667,0,0.254,0.0593333,0.0473333,0.106667,0.504,0.564667,0.245333,0.678667,0.394667,0.878,0.022,0.188,0.316,0.0286667,2.79667,0.0133333,1.324,0,0.304667,0.42,0.0353333,0.0366667,0.000666667,0,0,0,0,0,0.0333333,0,0.000666667,0.00333333,0.0433333,0.00266667,0,0,0,0,0.000666667,0,0.0466667,0,0.00333333,0,0.0215333,0.0854667,0.0064,0.355,0.525267,0.0973333,5.829,154.267,2253.2,0.933333
0,0,0.46,0,0,0,0,0.15,0,0,0,0.15,0,0,0,0,0,0.46,0.93,0,0,0,0.46,0,0,0,0,0,0,0,0,0,0,0,0,0.15,0,0,0,0.93,0,0,0,0,0,0,0,0,0.071,0.071,0,0.095,0.023,0,62.75,1505,2761,1
