0.0745,0.25975,0.17375,0,0.316,0.26,0.1415,0.019,0.07425,0.29675,0.038,0.47575,0.06225,0,0,0.15775,0.04625,0.19325,1.384,0,0.83875,0.031,0.0435,0.0505,0.6075,0.288,0.37425,0.10575,0.168,0.13225,0.0815,0.0895,0.20625,0.0895,0.14875,0.079,0.22675,0,0.1365,0.07625,0.01775,0.105,0.10875,0.01625,0.24875,0.04525,0,0.0475,0.003575,0.2456,0.044575,0.381275,0.09375,0.032075,3.5969,29.8,155.05,0.475
0,0,0,0,1.24,0,0,0,0,0,0,6.278,0,0,0,0,0,0,0.644,0,0.306,0,0,0,0.768,0.768,0,0,4.506,0,0,0,0,0,0,0,0,0,0,0,0,4.506,0,0,0,0,0,0,0,0.1604,0,0.3072,0,0,1.5828,4.4,24.6,0
0,0,0.37,0,0.147778,0,0,0,0,0,0,0,0,0,0,0,0,1.32333,0,0,0.147778,0,0,0,6.52333,4.01111,0.307778,1.63111,0,1.87222,1.32333,0,0,0,1.32333,1.32333,0.147778,0.444444,0.147778,0,0,0.444444,0,0,0,0,0,0,0.0961111,0.0974444,0.024,0.277222,0,0,2.00144,10.1111,27.8889,0
0.0223944,0.108873,0.307746,0,0.252817,0.0421127,0.0592958,0,0,0.14169,0.0135211,0.507042,0,0.0352113,0,0.100141,0,0.447746,4.28803,0,0.811408,0,0,0.0238028,0.0722535,0.0330986,0.286479,0,0,0.0250704,0,0,0.143099,0,0,0.0360563,0,0,0.0170423,0.0164789,0,0.112254,0.0638028,0.10493,0.648732,0.258028,0,0,0.0073662,0.0642254,0.00464789,0.533141,0.00901408,0,1.41204,3.53521,14.4789,0.183099
0,0,0,0,0,0,0,0,0,0,0,0.499,0,0,0,0,0,0,0.499,0,0,0,0,0,2.206,5.194,0.37,0,0,0.129,0,0,0,0,0,0,1.285,0,0,0,0,0.444,0,0,0.344,0,0,0.37,0,0.019,0.0645,0.0561,0,0.0645,1.9915,6.6,28,0
0,0,0,0,0,0.0432353,0,0,0,0,0,0.0489706,0,0,0,0,0,0.113088,0.0432353,0,0.0367647,0,0,0,0,0,0.287794,0,0,0,0,0,0,0,0,0,0,0,0,0,0,0.0564706,0,0,0.154412,0,0,0,0,0.103794,0.0600147,0.163456,0,0,1.09559,1.20588,4.08824,0
0.117551,0.10102,0.319184,0.0236735,0.267959,0.172041,0.134286,0.0130612,0.0132653,0.154694,0.0234694,0.300816,0.155918,0,0.0108163,0.475306,0.128571,0.0608163,1.71143,0.0228571,0.787755,0.116122,0.178776,0.0944898,0.457143,0.345714,0.21102,0.121837,0.0795918,0.144082,0.0716327,0.0716327,0.0657143,0.0991837,0.112857,0.123469,0.0367347,0,0.179592,0.0808163,0,0,0,0,0.300816,0.198776,0,0.0520408,0.0164898,0.129388,0.00446939,0.410102,0.0394082,0.0506939,3.75367,37.8367,125.143,0.571429
0,0.288636,0.193636,0,0.254545,0,0.49,0,0,1.115,0,0.475455,0.143636,0.129545,0,0.125,0,0.129545,1.87455,0,0.875909,0,0,0.242273,0,0,0.901818,0.791818,0,0,0,0,0.225909,0,0,0.129545,0.61,0,1.21318,0.189091,0,0,0,0,0.332273,0,0,0,0.116545,0.417727,0,0.115955,0.0316364,0.0273636,4.18777,24.2727,40.7727,0.409091
0.486667,0.750833,0.77375,0,0.35,0.282917,0.0454167,0.407917,0.425,1.41,0.0629167,1.4775,0.12625,0.282917,0.348333,0.299167,0.13,0.66125,2.12708,0.3475,3.35667,0.0158333,0.54125,0.256667,0,0,0,0,0,0,0,0,0.01375,0,0.0529167,0.0175,0.0154167,0,0,0,0,0,0.00791667,0,0.0258333,0,0,0,0.012,0.153833,0.0674167,0.980917,0.185792,0.0610833,40.1172,598.375,872.333,1
0,0,0.160476,0,0.488571,0,0,0,0.0609524,0.16381,0,0.295714,0.0857143,0.0609524,0,0.108571,0,0.255714,0.937619,0,0.356667,0,0,0,3.95762,1.83952,1.64095,1.93476,1.54,1.75857,1.5681,1.40762,0.0571429,1.40762,1.83952,1.5681,0,0,0,1.40762,0,0.194286,0,0.256667,0.220952,0,0,0,0,0.522571,0.0778095,0.00685714,0,0.0127619,2.60914,11.2381,39.9048,0
0.0427027,0.285946,0.351892,0,0.639189,0.207027,0.905676,0.0772973,0.0286486,0.383514,0.0405405,0.699189,0.0605405,0,0.0248649,0.405405,0.233514,0.375676,2.24568,0.00648649,1.23324,0,0.0727027,0.0424324,0.117027,0.0135135,0.17027,0.0381081,0.0135135,0.00675676,0.195676,0,0,0.0116216,0.0759459,0.0143243,0.0310811,0,0.0508108,0.513513,0,0.00540541,0,0,0.235676,0,0,0.027027,0.0131081,0.194054,0.0160541,0.313297,0.0474324,0.0304324,13.3369,175.081,402.297,0.621622
0.0611268,0,0.0369014,0,0.362958,0.105775,0.0890141,0.0909859,0,0.167887,0,1.15662,0.0640845,0.219296,0,0.0411268,0.0219718,0.0270423,0.17493,0.0692958,0.130845,0,0,0.128028,0.210704,0.0601408,0.241549,0,0.109296,0,0,0,0.0925352,0,0,0.0140845,0.0753521,0,0.21662,0,0.028169,0.316197,0.0502817,0.226197,0.465915,0.0953521,0,0.0469014,0.00622535,0.0934648,0.047,0.203493,0,0,1.94741,5.84507,16.3944,0.0704225
0.0609302,0.120465,0.342093,0,0.75814,0.126512,0.239767,0.182326,0.1,0.206977,0.084186,0.696977,0.055814,0,0.288372,0.330465,0.431395,0.316512,1.91163,0.574186,1.23395,0,0.330465,0.0897674,0.366977,0.190233,0.0574419,0.187209,0.0176744,0.125814,0.0176744,0.0176744,0.0162791,0.0176744,0.0465116,0.0639535,0.143256,0,0.209535,0.0895349,0,0.0662791,0,0,0.181628,0.0509302,0,0,0.00467442,0.177488,0,0.229744,0.0892791,0.0123256,5.2057,57.1163,137.372,0.651163
0.171495,0.123645,0.387477,0,0.32,0.0461682,0.0152336,0.0825234,0.0183178,0.219252,0,0.458505,0.0906542,0.119813,0,0.377383,0.0266355,0.131495,0.932056,0.169907,0.377757,0,0.0198131,0.0849533,0.141308,0.0753271,0.581776,0,0.0502804,0.0388785,0,0,0.428037,0,0.186916,0,0,0.103364,0.110093,0,0.0517757,0.450935,0.0333645,0.0194393,0.617944,0.199813,0.0272897,0,0.0219626,0.132682,0.0205607,0.152262,0.013486,0,1.34164,2.78505,11.7009,0.0654206
0.106275,0.0494118,0.28,0,0.174314,0.0509804,0.16451,0.108235,0.0129412,0.208824,0.0527451,0.923333,0.0221569,0,0.035098,0.184118,0.0160784,0.0858824,1.51765,0,0.677059,0,0.0109804,0,0.489412,0.156863,0.123137,0,0.0996078,0.163725,0.0176471,0,0.278824,0,0,0.13549,0.204314,0,0.315098,0,0.133725,0.22,0.0264706,0.139412,0.216471,0.201765,0,0.0703922,0.00213725,0.13449,0.00507843,0.159314,0.00643137,0.00988235,1.6948,6.07843,49.3137,0.156863
0.163143,0.128286,0.271714,0.00885714,0.316857,0.111429,0.04,0.267429,0.215714,0.334857,0.103429,0.534286,0.145429,0.0757143,0.0702857,0.388571,0.257429,0.205429,1.49029,0.163143,0.726571,0.727143,0.292571,0.237714,0.144571,0.0782857,0.00657143,0.00371429,0.00371429,0.0197143,0.0102857,0,0.0997143,0.00371429,0.006,0.129143,0.176,0.0122857,0.02,0.0302857,0.0154286,0.002,0.00685714,0.016,0.0328571,0.0871429,0.00314286,0.0245714,0.0459143,0.123971,0.0434,0.201371,0.176343,0.119971,5.92063,136.371,1651.71,0.571429
0.0855556,0.144722,0.298333,0,0.446667,0.115833,0.268611,0.174444,0.0441667,0.303889,0.215833,0.566944,0.207222,0.0975,0.0280556,0.301111,0.121944,0.281944,1.61917,0.155278,1.05583,0,0.0580556,0.0683333,0.439444,0.0661111,0.0336111,0.0955556,0.0166667,0.1,0.0338889,0.0166667,0.0111111,0.0166667,0.0697222,0.185,0.241111,0,0.0327778,0.0747222,0,0.00638889,0,0.0258333,0.118889,0.0244444,0,0.0311111,0.0179722,0.0981944,0.00280556,0.268056,0.0684722,0.00511111,3.25753,52.5833,196.194,0.611111
0.104222,0.0413333,0.248222,0.0147778,0.277111,0.0486667,0.0895556,0.0724444,0.0256667,0.101444,0.054,0.614778,0.166111,0.00644444,0.0474444,0.0942222,0.186222,0.251778,1.56833,0.0285556,0.553778,0,0.0467778,0.018,0.786778,0.378,0.180889,0.182556,0.0994444,0.222556,0.0781111,0.0562222,0.19,0.0562222,0.142889,0.145556,0.212778,0.00511111,0.0895556,0.071,0.0387778,0.076,0.109889,0.166111,0.246333,0.133889,0.0195556,0.0284444,0.0136111,0.186611,0.0212222,0.256889,0.024,0.0123889,1.80919,8.57778,70.3778,0.244444
0.115147,0.119118,0.371618,0.0332353,0.308676,0.108676,0.0761765,0.0966176,0.132353,0.346618,0.104706,0.497059,0.138088,0.0402941,0.106029,0.303676,0.182941,0.227059,1.41868,0.0997059,0.767794,0.687794,0.2175,0.0877941,0.560441,0.289853,0.121471,0.146176,0.0638235,0.0817647,0.0876471,0.0375,0.0486765,0.0375,0.0855882,0.0794118,0.148382,0.0369118,0.0688235,0.0825,0.0502941,0.110882,0.0397059,0.0811765,0.106176,0.0910294,0.0222059,0.0454412,0.314059,0.160221,0.0149412,0.236485,0.0779559,0.147618,3.56259,36.8529,372.162,0.470588
0.171795,0.0276923,0.279744,0,0.206154,0.0682051,0,0.141795,0,0.284615,0.0669231,0.594615,0,0,0.055641,0.044359,0.0917949,0.224103,1.16744,0.0238462,0.226667,0,0.0323077,0,2.18436,1.36462,0.332564,0.642051,0.40641,0.648974,0.520769,0.243077,0.0746154,0.243077,0.683077,0.407692,0.153846,0,0.147179,0.243077,0.0369231,0.121282,0.0566667,0.126667,0.292051,0.152821,0,0.0297436,0.00307692,0.190667,0.0114872,0.23641,0.0114103,0.0107949,2.26797,11.9744,49.6923,0.179487
0.0475439,0.0936842,0.290877,0,0.312982,0.122281,0.0950877,0.0678947,0.0473684,0.133684,0.0978947,0.459474,0.137368,0.0480702,0.0412281,0.191754,0.0515789,0.196842,1.67895,0.0998246,0.76386,0.785439,0.19807,0.103158,0.529474,0.218246,0.127368,0.0415789,0.0596491,0.034386,0.0394737,0.0585965,0.0808772,0.0642105,0.0429825,0.102982,0.145965,0,0.0314035,0.0263158,0,0.0345614,0.0510526,0.0363158,0.134386,0.0645614,0,0.0196491,0.133018,0.175193,0.0439825,0.176474,0.15414,0.092,3.49433,29.614,271.877,0.526316
0,14.1478,0,0,0,0,0,0,0,0.132222,0,0,0,0,0,0,0,0,0,0,0,0,0,0,0,0,0,0,0,0,0,0,0,0,0,0,0,0,0,0,0,0,0,0,0.132222,0,0,0,0,0,0,0,0,0,1.77778,4.88889,9.02778,0
0.0731532,0.0597297,0.238108,0.0121622,0.245495,0.0661261,0.10045,0.059009,0.0416216,0.467477,0.0325225,0.42955,0.125315,0.00468468,0.0345045,0.0881081,0.0904504,0.128198,1.60153,0.0618919,0.542523,0.00522523,0.0410811,0.0845045,0.698829,0.409009,0.361351,0.364955,0.140541,0.210901,0.113423,0.0890991,0.0343243,0.0890991,0.18982,0.162973,0.225766,0.00486487,0.176126,0.0934234,0.0354054,0.0695495,0.131892,0.0692793,0.29009,0.253333,0.0138739,0.0316216,0.0378468,0.207324,0.0103423,0.306712,0.0464144,0.02,2.37009,11.7658,78.9009,0.288288
0.103269,0.0953846,0.301154,0.0155769,0.412115,0.14,0.132885,0.075,0.0463462,0.212308,0.0509615,0.741923,0.0580769,0,0,0.265577,0.0913462,0.201731,1.5575,0.0351923,1.08077,0,0.0963462,0.234423,0.655192,0.484038,0.265577,0.179808,0.111538,0.145,0.0853846,0.0886538,0.0811538,0.0886538,0.117692,0.131346,0.179423,0,0.132692,0.0736538,0.0596154,0.0338462,0.118846,0.0390385,0.170962,0.103269,0.0205769,0.01,0.0337692,0.152423,0.0337308,0.102192,0.0404038,0.0138846,2.07888,14.2308,156.327,0.423077
0,0,0,0,0,0,0,0,0,0,0,0,0,0,0,1.666,0,0,0,0,0,0,0,0,0,0,0.588,0.588,0,0.588,0,0,0,0,0.588,0,0,0,0,0,3.92,0,0,0,0,6.738,0,0,0,0.0763,0,0,0,0,3.7474,8.1,12.9,0.1
0.084,0.0346154,0.322462,0,0.282308,0.202769,0.07,0.112308,0.0729231,0.159231,0.0444615,0.524,0.0841538,0.0586154,0.0153846,0.209846,0.175692,0.203846,1.374,0.144,0.777692,0,0.0790769,0.125077,0.622615,0.299846,0.138308,0.125538,0.124769,0.0926154,0.0521538,0.032,0.157231,0.032,0.0998462,0.104769,0.152,0.00215385,0.0123077,0.0746154,0,0.0192308,0.0875385,0.0372308,0.184308,0.0998462,0.00584615,0.0453846,0.0231077,0.1648,0.0245538,0.111892,0.044,0.0122923,2.12032,14.9231,192,0.430769
0.106389,0.218611,0.581944,0.548056,0.431944,0.181667,0.268611,0.1925,0.0836111,0.240833,0.133889,0.547222,0.0963889,0,0,0.416111,0.355278,0.441389,2.28833,0.490833,1.53056,0.0238889,0.134167,0.199722,0.0558333,0.0694444,0.00888889,0,0.04,0.04,0,0,0.0075,0,0.0355556,0.0202778,0.127778,0,0.0663889,0.00527778,0,0,0.0211111,0.0211111,0.130833,0.0344444,0,0,0.0128611,0.0873056,0.0236667,0.444472,0.0706389,0.0334722,7.42831,132.528,302.5,0.888889
0,0,0,0,0,0,0,0,0,0,0,0,0,0,0,0,0,0,0,0,0,0,0,0,8.59765,4.29647,4.29647,4.29647,4.29647,4.29647,4.29647,4.29647,0,4.29647,4.29647,4.29647,0,0,0,4.29647,0,0,0,0,0,0,0,0,0,1.15582,0,0,0,0,3.26859,11,30.8235,0
0.403,0.334,0.314,0.019,0.25,0.024,0.006,0.208,0.472,0.742,0.19,0.419,0.421,0.605,0.08,0.136,0.366,0.143,2.3,0.047,1.16,0,0.516,0.497,0.019,0,0,0.019,0,0,0,0,0,0.038,0.006,0.032,0,0,0.017,0.11,0,0,0,0,0.059,0,0,0,0.0151,0.0686,0,0.4377,0.4285,0.0727,225.594,1189.4,2466.4,1
0.0642593,0.0977778,0.332593,0,0.241296,0.0566667,0.101296,0.0392593,0.00611111,0.105556,0.0664815,0.588148,0.163333,0,0.0335185,0.352222,0.0948148,0.198704,1.7363,0.037037,0.448704,0,0.116852,0.0231481,0.213148,0.20037,0.273704,0.0233333,0.177963,0.0588889,0.0438889,0,0.205185,0,0.0646296,0.0894444,0.100741,0.0148148,0.0837037,0,0,0.162037,0.0422222,0.0714815,0.167778,0.0281481,0,0.0509259,0.0290926,0.143111,0,0.113963,0.0346852,0.0310185,1.63139,5.5,56.2778,0.222222
0.138852,0.0542623,0.166066,0,0.153279,0.0647541,0.180656,0.250656,0.0616393,0.18,0.055082,0.39918,0.0798361,0.0195082,0.064918,0.165246,0.159836,0.0916393,1.41803,0,0.688033,0,0.0832787,0.104098,0.386721,0.304262,0.0714754,0.251967,0.087541,0,0,0.0114754,0.126393,0.0114754,0.128361,0.0440984,0.43623,0,0.0985246,0,0,0.107705,0.0895082,0.0237705,0.345902,0.310656,0,0.065082,0.0234754,0.21918,0.0128033,0.275148,0.0859672,0,3.16502,20.4754,68.7705,0.508197
0,0.11925,0.1925,0,0.2505,0.015,0.14075,0,0.1315,0.14575,0.03775,0.30325,0,0.2875,0.029,0.62675,0.13725,0.3435,1.4235,0,0.6315,0,0.025,0.025,0.41475,0.407,0.281,0.0315,0,0.0315,0.0315,0,0,0,0.10725,0.0315,0.244,0,0.17275,0,0.16025,0.19825,0.186,0.15625,0.541,0.24125,0,0.0345,0.013475,0.095125,0.021725,0.19225,0.019175,0.013325,2.27815,10.45,35.675,0.275
0,0,0,0,0,0,0,0,0,0.723333,0,0,0,0,0,0,0,0,0.573333,0,0,0,0,0,11.63,2.21833,0.378333,0.378333,0.378333,2.97167,0.378333,0.378333,0,0.378333,0.951667,0.378333,0,0,0,0.378333,0,0,0,0,0,0,0,0,0,0.110667,0,0,0,2.29867,2.55267,11.1667,58.6667,0
0,0,0,0,0.833333,0,0,0,0,0,0,0,0,0,0,0,0,0,0,0,0,0,0,0,8.33333,4.735,0,0,0,0,0,0,0,0,0,0.640833,0,0,0,0,0,1.2075,0,0.1125,0,0,0,0,0,0,0,0,0,0,1.41175,2.41667,6.16667,0
0,0,0,0,0,0,0,0,0,0,0,0,0,0,0,0,0,0,0,0,0,0,0,0,0.483043,0.62087,11.6526,0,0,0,0,0,0,0,0,0,0,0,0,0,0,0.966087,0,0,0.289565,0,0,0.362174,0.113565,0.152522,0,0.105696,0,0,1.53543,3.04348,8.52174,0
0.186889,0.125667,0.331222,0.00122222,0.351,0.154667,0.077,0.169667,0.327222,0.330778,0.0984444,0.650889,0.0758889,0.124778,0.0898889,0.182444,0.336667,0.078,1.46178,0.211333,1.06711,0.348889,0.064,0.243333,0.870111,0.18,0.0272222,0.0123333,0.00466667,0.0252222,0.0197778,0.00466667,0.101333,0.00588889,0.0197778,0.0588889,0.160667,0.0208889,0.0168889,0.0328889,0.0514444,0.144,0.0172222,0.0152222,0.0577778,0.0911111,0.00611111,0.012,0.125456,0.185044,0.0141556,0.273311,0.131211,0.0898667,4.21726,73.8889,627.467,0.5
0.0697619,0.0986905,0.249167,0,0.357024,0.0820238,0.0864286,0.0954762,0.0441667,0.138333,0.0427381,0.527976,0.0810714,0,0.0182143,0.0991667,0.146905,0.217143,1.2469,0,0.475119,0,0.0319048,0.0104762,0.625833,0.379405,0.357857,0.19369,0.105,0.144643,0.062619,0.0529762,0.127381,0.0529762,0.13381,0.197143,0.241548,0.0129762,0.166071,0.0790476,0.0475,0.0391667,0.155833,0.0914286,0.272024,0.158214,0,0.0894048,0.0350952,0.13556,0.0222857,0.131929,0.0341548,0.027381,1.96431,11.2857,112.917,0.25
0.072931,0.164138,0.337069,0.0206897,0.347241,0.111724,0.112241,0.146207,0.0596552,0.311034,0.0248276,0.61069,0.248276,0.0174138,0.135172,0.186207,0.157069,0.413448,1.31431,0.0424138,0.882414,0.0387931,0.163621,0.0648276,0.626552,0.319655,0.196034,0.157759,0.134138,0.145517,0.0508621,0.0508621,0.0667241,0.0508621,0.087931,0.0877586,0.141552,0,0.0765517,0.115345,0.0275862,0.0337931,0.0722414,0.0441379,0.0975862,0.0417241,0,0.0162069,0.0230345,0.172879,0.0214655,0.179879,0.104052,0.0194655,3.02664,27.6552,242.776,0.517241
0.573095,0.109524,0.665952,0,0.177381,0.0492857,0.042381,0,0,0.100238,0.52381,1.385,0,0.0552381,0,0.232857,0.027619,0.0519048,1.4119,0,4.40786,0,0,0.496905,0.105476,0.102857,0.143571,0.0552381,0,0.0959524,0,0.119762,0,0.119762,0.0285714,0,0.0383333,0,0.0540476,0,0,0.0571429,0,0.027619,0.0914286,0.027619,0,0.0578571,0,0.0759762,0,0.629571,0.0787857,0.00452381,4.79231,27.5,54.5714,0.452381
0.2675,0.0835938,0.286094,0,0.646875,0.0270312,0.135781,0.0873437,0.0198437,0.111719,0.0214062,0.483437,0.0320313,0.0395312,0.0134375,0.460156,0.277344,0.182031,2.36406,0.006875,1.28875,0,0.204062,0.0925,0.0967187,0.0295313,0.105781,0.0579688,0.00796875,0.0320312,0.00796875,0.0178125,0.006875,0.0178125,0.0520312,0.0854687,0.0314063,0,0.0157812,0.013125,0,0.0496875,0.01,0.034375,0.283594,0.0417187,0,0.0445313,0.0100469,0.111391,0.0110469,0.455422,0.160656,0.00645312,3.126,25.2969,113.25,0.8125
0,0,0,0,0,0,0,0,0,0,0,0,0,0,0,0,0,0,0,0,0,0,0,0,0,0,21.0057,0,0,0,0,0,0,0,0,0,0,0,0,0,0,0,0,0,0,0,0,0,0,0,0,0,0,0,1.16664,1.5283,5.16038,0
0.0502778,0.101944,0.538611,0,0.196389,0.0355556,0.126944,0,0,0.202778,0.02,0.782778,0.309167,0,0,0.510278,0.0494444,0.104722,1.38167,0.0741667,0.581667,0,0.115556,0.0108333,0.271389,0.145278,0.138056,0.0419444,0.0502778,0,0.0358333,0,0.0991667,0,0.0419444,0.0438889,0.0980556,0,0.0797222,0.0247222,0.04,0.287222,0.04,0.126111,0.195556,0.145278,0,0,0.00202778,0.12525,0.0298889,0.381778,0.120056,0,1.93411,9.36111,41.0278,0.333333
0.0863636,0.425455,0.35697,2.14909,1.02242,0.0290909,0.865152,0.179394,0.0721212,0.251818,0.0427273,0.407879,0.237273,0.101818,0,0.855455,1.64667,0.29697,2.36212,0.340606,2.07667,0,0.0239394,0.135152,0,0,0,0,0,0,0,0,0,0,0,0,0.141212,0.0472727,0,0,0,0,0,0,0,0,0,0,0,0.129152,0,0.750485,0.261061,0.0401212,10.2513,143.879,196.939,0.969697
0,0,0,0,0,0,0,0,0,0,0,0,0,0,0,20,0,0,0,0,0,0,0,0,0,0,20,0,0,0,0,0,0,0,0,0,0,0,0,0,0,0,0,0,0,0,0,0,0,0,0,0,0,0,1,1,4,0
0.124839,0.214355,0.187742,0,0.273065,0.0429032,0.224355,0.0430645,0,0.183387,0.0619355,0.54629,0.0714516,0,0.035,0.244194,0.0937097,0.219839,1.92581,0.0208065,0.729677,0,0.0479032,0,0.232581,0.108548,0.0793548,0.234194,0.0182258,0.0620968,0,0,0.281774,0,0.202419,0,0.282903,0,0.0743548,0.0103226,0.0396774,0.201129,0.0606452,0.0483871,0.191129,0.961129,0,0.0066129,0.00980645,0.107387,0.00541936,0.320758,0.0112097,0.21871,2.55427,13.9839,54.0645,0.33871
0.0792857,0.082381,0.241667,0,0.195,0,0.0552381,0.180238,0,0.102857,0,1.01452,0.0530952,0,0.0157143,0.186905,0,0.188571,3.55071,0,0.82381,0,0,0.0671429,0.254762,0.0964286,0.397619,0,0.229048,0.0466667,0,0,0.085,0,0,0.0402381,0.245,0.0252381,0.115952,0,0.136905,0.271429,0,0.0840476,0.297857,0.158571,0,0.0354762,0.00816667,0.128548,0.0129524,0.210762,0.0197619,0.0341667,1.80331,7.19048,30.0714,0.166667
0.0910811,0.189459,0.175946,0,0.226216,0.0575676,0.191892,0.0345946,0,0.182432,0.0443243,0.315405,0.211892,0,0,0.521892,0.0408108,0.0832432,1.9327,0,0.922432,0,0.0302703,0.101081,0.263514,0.227838,0.68027,0.0935135,0.0972973,0.0972973,0.0618919,0.0618919,0.235135,0.0618919,0.324595,0.0972973,0.386757,0.0110811,0.558919,0.0618919,0.11973,0.478378,0.251622,0.247297,0.226757,0.146216,0,0,0.0170811,0.105189,0.0141622,0.264946,0.278946,0.00772973,2.28535,11.973,44.5405,0.378378
0,0.113636,0.0986364,0,0.216364,0.156364,0,0.505,0,0.319545,0,0.162273,0,0.29,0,0.293182,0,0.0986364,3.37409,0,5.975,0,0,0,0,0,0.748182,0,0.168182,0,0,0,0,0,0,0,0,0,0.197273,0,0,0,0,0,1.08182,0.173182,0.0986364,0,0,0.049,0,0.192318,0,0,1.16059,1.86364,7.95455,0.136364
0.0210843,0,0.0316867,0,0.112169,0,0,0,0,0.0522892,0,0.218434,0.0168675,0.0877108,0,0.0445783,0,0.0168675,0.49012,0,0.0210843,0,0,0,0.0839759,0.0316867,0.494337,0,0,0,0.150602,0,0,0,0,0,0,0,0,0,0,0.126747,0,1.08976,1.26373,0,0,0.220843,0,0.068759,0.0669157,0.0426024,0,0,1.4126,2.53012,7.22892,0.0240964
0.140984,0.0231148,0.286066,0,0.249016,0.11541,0.0114754,0,0.0154098,0.0898361,0,0.468689,0.101148,0.012459,0,0.186066,0.0211475,0.0908197,1.47,0.0109836,0.494754,0,0,0.0222951,0.189836,0.0827869,0.16623,0,0.027377,0.0109836,0.0190164,0,0.112787,0,0,0.022459,0.0495082,0,0,0,0.146557,0.17377,0.0255738,0.23,0.49918,0.227705,0,0,0.0413279,0.101098,0.0116557,0.0943279,0.0171148,0.00162295,1.32661,3.68852,31.0164,0.114754
0.0565,0.0675,0.19375,0,0.157,0.07725,0.05775,0.0735,0.041,0.18375,0,0.327,0.1275,0.043,0,0.32675,0.05375,0.1685,1.88425,0.29975,0.9205,0.13825,0,0.03275,0.12025,0.143,0,0.104,0,0,0,0,0,0,0.0375,0.04925,0,0,0,0,0,0.02075,0,0.0195,0.33225,0.3255,0,0,0.0182,0.055925,0.00485,0.169025,0.039925,0.08075,4.2552,45.825,97.625,0.425
0,0,0,0,1.031,0,0,0,0,0,0,2.011,0,0,0,0,0,0,0,0,0,0,0,0,0.263,0.263,0,0,6.45,0,0,0,0,0,0,0,0,0,0,0,0,9.148,0,0,0,0,0,0,0,0,0,0.1123,0,0,1.374,3.1,11.2,0
0.225882,0,0.12,0,0,0,0,0,0,0,0,0.32,0,0,0,0,0,0,1.93,0,0.12,0,0,0,0,0,0,0,0,0,0,0,0,0,0,0,0,0,0,0,0,0,0,0,1.11118,5.60706,0,0,0.024,0.216471,0,0.454235,0,0,1.01324,1.11765,6.82353,0
0.0608696,0.168261,0.422174,0,0.313478,0.139565,0.285652,0.116087,0.0526087,0.266957,0.115217,0.636522,0.114348,0,0,0.111739,0.142609,0.711304,2.39826,0.158696,1.41652,0.513478,0.114783,0.125652,0.259565,0.0530435,0.0530435,0.0265217,0.0265217,0.126087,0.0265217,0.0265217,0.0391304,0.0265217,0.0482609,0.0265217,0.0156522,0,0.0530435,0.0965217,0.046087,0,0.0156522,0,0.125217,0.023913,0,0,0.00269565,0.082,0.00282609,0.377478,0.0998696,0.0789565,6.73335,60.6087,158.348,0.652174
0.163187,0.202418,0.221319,0,0.355604,0.0806593,0.127033,0.127143,0.0356044,0.298132,0.0683516,0.795604,0.101099,0.026044,0.0284615,0.323736,0.113516,0.194615,1.75593,0.0174725,0.714835,0,0.0463736,0.0735165,0.653626,0.512088,0.293077,0.333626,0.0978022,0.143626,0.108352,0.141758,0.2,0.141758,0.151429,0.195824,0.173297,0,0.137582,0.0871429,0.0281319,0.0769231,0.105385,0.196484,0.218022,0.0757143,0,0.0569231,0.00781319,0.168462,0.0187582,0.116747,0.0208571,0.0125275,1.98964,10.1648,89.6484,0.241758
0,0.042,0.152286,0,0.302857,0.0214286,0.0634286,0.114286,0.046,0.249143,0,0.65,0,0,0,0.114286,0,0.154,2.80829,0,0.104286,0,0,0.612857,0.119429,0.119429,0.16,0.236,0.109714,0.092,0,0,0.0214286,0,0.275143,0,0,0,0,0.0634286,0.142857,0.201714,0,0,0.314286,0.062,0,0.0211429,0.118543,0.1554,0,0.472543,0.0125429,0.0320571,2.85151,10.8857,22.8,0.428571
0.082381,0.102857,0.290952,0.45619,0.24381,0.087381,0.0697619,0.0345238,0.282619,0.239048,0.0619048,0.434762,0.108333,0.0359524,0.116667,0.209524,0.0602381,0.155,1.43167,0.187857,0.805714,1.27786,0.134048,0.0902381,0.353333,0.195952,0.0190476,0.0121429,0.0119048,0.0119048,0.0192857,0,0.0580952,0,0.123333,0.0180952,0.115,0.000952381,0.0211905,0.0204762,0.00166667,0.0347619,0,0.0145238,0.0416667,0.0264286,0.00285714,0.01,0.035619,0.159,0.0245714,0.200429,0.0890714,0.132905,5.76012,92.5,1328.69,0.619048
0.117935,0.0996739,0.260109,0.0816304,0.494565,0.127717,0.0576087,0.110326,0.172935,0.186848,0.112065,0.732391,0.162391,0.0432609,0.055,0.149891,0.264783,0.178261,1.85163,0.0747826,0.754674,0.893587,0.215,0.129565,0.6425,0.133043,0.0213043,0.0202174,0.0279348,0.0115217,0.0147826,0.0181522,0.0951087,0.00945652,0.0332609,0.0854348,0.102065,0.0293478,0.0121739,0.00891304,0.0141304,0.0415217,0.0180435,0.00347826,0.0532609,0.0457609,0.00956522,0.018587,0.111152,0.106576,0.00815217,0.152043,0.0968913,0.0890978,3.37104,36.0978,455.054,0.608696
0.193623,0.0447826,0.307246,0,0.294638,0.0721739,0.0678261,0.026087,0.0207246,0.0973913,0.00985507,0.425217,0.125362,0.0356522,0,0.196957,0.0368116,0.108841,1.80507,0.0128986,0.440145,0,0.0204348,0.0602899,0.331884,0.326667,0.292464,0,0.0992754,0.0852174,0,0,0.0234783,0,0.0197101,0.103333,0.115942,0.0134783,0.062029,0.0144928,0.0289855,0.181884,0,0.0857971,0.350145,0.0823188,0.0147826,0.0688406,0.00566667,0.147246,0.00528985,0.146739,0.0096087,0.00753623,1.48026,4.50725,37.2319,0.130435
0,0,0.536667,0,6.55667,0,0,0,0,0,0,0,0,0,0,0,0,0,0,0,0.536667,0,0,0,0,0,0,0,0.793333,0,0,0,0,0,0,0,0,2.46333,0,0,0,3.25667,0,0,0,0,0,0,0,0.098,0,0,0,0,1.08333,1.16667,4.33333,0.166667
0.108095,0,0.514762,0,0.182857,0,0,0,0,0.779524,0,0,0,0,0,0,0,0,5.50333,0,0.198095,0,0,0,0.0861905,0,0,0,0,0,0,0,0,0,0,0,0,0,0,0,0,0,0,0,0.17,0,0,0,0.0492381,0.0994762,0,0.0325714,0,0,1.12695,1.28571,3.7619,0.0952381
0.0838667,0.0465333,0.338533,0,0.430933,0.3308,0.1228,0.1488,0.0293333,0.2636,0.0233333,0.522533,0.137067,0.0185333,0.00746667,0.221333,0.120933,0.0944,1.6908,0,1.53,0,0.1572,0.0898667,0.455467,0.302933,0.142533,0.139467,0.0809333,0.143867,0.0642667,0.0517333,0.0437333,0.0517333,0.108133,0.0953333,0.111467,0.00306667,0.0337333,0.0548,0.0422667,0.0106667,0.0576,0.0108,0.284133,0.193467,0.0162667,0.00373333,0.0326667,0.151627,0.0221333,0.111707,0.0740133,0.00852,1.95952,11.0667,140.827,0.48
0,0.0774359,0.185385,0,0.346923,0.02,0.30359,0,0.0141026,0.223333,0,0.435385,0.194103,0.08,0,0.697949,0.0315385,0.365897,3.38897,0,1.36359,0,0,0.0833333,0.394359,0.0220513,0.0666667,0,0,0,0,0,0,0,0,0,0,0,0,0,0,0.131282,0,0.0661538,0.403077,0.443846,0,0,0.00792308,0.0264359,0,0.172205,0.0235897,0,5.20605,49.8974,75.7692,0.435897
0.1876,0.0898,0.4758,0.0116,0.2754,0.084,0.1264,0.256,0.0892,0.2938,0.084,0.3598,0.0394,0.006,0,0.436,0.3702,0.2364,1.9446,0.3238,1.2344,0.4346,0.0948,0.115,0.1372,0.0472,0,0.0296,0.011,0.0312,0,0,0,0.006,0.0678,0.0232,0.114,0,0.0116,0.0574,0,0,0.0132,0,0.2062,0.481,0.0278,0.0624,0.0186,0.14512,0.01458,0.4375,0.32232,0.2165,5.15376,71.66,316.62,0.66
0.130145,0.215942,0.42942,0.620435,0.266232,0.121449,0.0504348,0.11087,0.274203,0.30942,0.0701449,0.799275,0.215072,0.128696,0.136957,0.143913,0.136812,0.193768,1.74609,0.155652,0.930435,0,0.131884,0.174638,0.685072,0.134638,0.0237681,0.0204348,0.0142029,0.0171014,0.0169565,0.00231884,0.0766667,0.00231884,0.0310145,0.0642029,0.0921739,0.00202899,0.0146377,0.0350725,0.00231884,0.0718841,0.0369565,0.0107246,0.0237681,0.00173913,0,0.0205797,0.146522,0.129565,0.0196522,1.06712,0.260551,0.0174493,4.07872,60.2319,749.493,0.594203
0.12972,0.0178505,0.225234,0,0.126168,0.0940187,0.0983178,0.168224,0.0271028,0.241215,0.0241121,0.508131,0.0436449,0.00214953,0.00570093,0.151121,0.102336,0.266916,1.54206,0.0064486,0.754766,0,0.00672897,0.00214953,0.786262,0.408972,0.254206,0.395421,0.0621495,0.173551,0.100374,0.0358878,0.279159,0.0358878,0.242336,0.140748,0.309907,0.0175701,0.115794,0.0847664,0.0749533,0.146636,0.0966355,0.128411,0.351121,0.223738,0,0,0.0205047,0.177477,0.0295981,0.20714,0.0673925,0.0444393,2.15271,11.271,62.4112,0.327103
0.0457447,0.0694681,0.43734,0,0.272553,0.00829787,0.0665957,0.0634043,0.0173404,0.137553,0.0324468,0.588511,0.10234,0.0488298,0,0.164574,0.0561702,0.22266,2.49096,0.0404255,0.609149,0,0,0.0170213,0.126915,0.130106,0.466277,0,0.0971277,0.0714894,0,0,0.102766,0,0,0.00723404,0.0970213,0.0461702,0.0234043,0.0102128,0.0438298,0.295426,0.0555319,0.105213,0.395426,0.185213,0,0.0362766,0.0249255,0.142585,0,0.155096,0.00692553,0.00130851,1.34602,3.26596,19.7021,0.117021
0.0811111,0.184444,0.301389,0.0358333,0.413889,0.165833,0.224722,0.155,0.0197222,0.275278,0.0622222,0.710278,0.0661111,0,0.0425,0.430833,0.159722,0.386389,1.89194,0.0102778,0.835556,0,0.116667,0.0519444,0.559444,0.398889,0.152778,0.0933333,0.0277778,0.0772222,0.0216667,0.0302778,0.116667,0.0216667,0.0927778,0.0791667,0.0697222,0,0.0216667,0.0694444,0.0647222,0,0.0133333,0.0216667,0.168611,0,0.0102778,0,0.0112778,0.167083,0.0131944,0.414306,0.0491389,0.00602778,2.91911,23.8611,139.056,0.555556
0,0,0,0,0,0,0,0,0,0,0,0,0,0,0,0,0,0,3.42375,0,0,0,0,0,0,0,0,0,0,0,0,0,0,0,0,0,0,0,1.38875,0,0,0,0,0,14.6637,0,0,0,0,0.285625,0,5.217,0,0,1.46187,2.875,7.375,0
0,0,0,0,0,0,0,0,0,0,0,0,0,0,0,0,0,0,0,0,0,0,0,0,0,0,0,0,0,0,0,0,0,0,0,0,0,0,0,0,0,0,0,0,0,0,0,0,0,0.113625,0,1.16838,0,0,1,1,1.5,0.25
0.005,0.005,0.035,0,0.025,0,0,0.005,0.015,0.065,0.025,0,0,0.025,0,0,0.005,0.035,0.005,0,0.005,0,0,0,0,0,0,0,0,0,0,0,0.035,0,0,0.065,0,0,0,0.005,0.23,0,0,0.015,0,0.4,0.005,0.035,0.036,0.1615,0.075,0.012,0.056,0.012,3.0295,43.5,5648.5,0
0.0642857,0.155357,0.302857,0,0.380714,0.101607,0.0789286,0.0426786,0.0423214,0.214464,0.0230357,0.502857,0.0923214,0.00946429,0.0225,0.188214,0.171071,0.102143,1.16571,0.00464286,0.656071,0,0.0817857,0.02375,0.953571,0.410714,0.258214,0.174464,0.109464,0.159286,0.08875,0.0733929,0.0960714,0.0733929,0.130179,0.13625,0.32875,0,0.162143,0.104643,0.324464,0.0853571,0.1625,0.0469643,0.284286,0.557679,0,0.0173214,0.135839,0.154732,0.0199464,0.0940179,0.0573571,0.00778571,2.23409,15.7321,171.196,0.285714
0,0,0,0,0,0,0,0,0,0,0,0,0,0,0,0,0,0,0,0,0,0,0,0,0,0,0,0,0,0,0,0,0,0,0,0,0,0,0,0,0,0,0,0,0,0,0,0,0,0,0,0,0,0,0,0,0,0
0.0891667,0.065,0.300833,0.0145,0.370167,0.0833333,0.0638333,0.1475,0.096,0.328167,0.0725,0.435333,0.0998333,0.0283333,0.022,0.265667,0.130167,0.1425,1.4465,0.0168333,0.795167,0.0308333,0.0645,0.0825,0.705333,0.4515,0.168,0.157,0.0725,0.159,0.113667,0.0535,0.113333,0.0535,0.0975,0.123,0.328167,0.0253333,0.125333,0.0643333,0.01,0.0375,0.1005,0.1505,0.162833,0.115167,0.0118333,0.0306667,0.0280333,0.239483,0.0257167,0.152117,0.0448333,0.0490667,2.6673,20.7667,216.817,0.45
0.171818,0.2675,0.480455,0,0.462045,0.214318,0.352727,0.0254545,0.0402273,0.438182,0.0909091,0.723864,0.134318,0.0220455,0.0577273,0.303864,0.359091,0.26,2.07068,0,0.931136,0.0370455,0.446591,0.0945455,0.0747727,0.0865909,0,0.163864,0,0.0968182,0,0,0.453409,0,0.160455,0.0629545,0.00522727,0,0,0.0902273,0,0.0770455,0.0118182,0.0125,0.123636,0.108409,0,0,0.0102045,0.0872955,0,0.708727,0.109136,0.0202273,6.05939,82.1591,191.659,0.704545
0.096,0.008,0.196,0.008,0.092,0.118,0,0.058,0.058,0.188,0.074,0.082,0.072,0,0.038,0.088,0.078,0.076,0.608,0.008,0.242,1.906,0.138,0.11,0,0,0,0,0,0,0,0,0,0.028,0,0.008,0,0,0.016,0,0,0,0,0,0.038,0,0,0,0.4302,2.0094,0.009,0.3924,0.375,0.4024,57.5034,2297.8,10648.8,1
0.0579012,0.0949383,0.160123,0,0.228642,0.0277778,0.127531,0.439506,0.121358,0.135185,0.0683951,0.323827,0.0128395,0.230741,0.00777778,0.483457,0.215185,0.147407,1.11716,0.0376543,0.779506,0.0361728,0.233086,0.0682716,0.299136,0.317407,0.192222,0.0930864,0,0.0411111,0.0193827,0.0291358,0.0564198,0.0291358,0.0602469,0.12716,0.0933333,0,0.0280247,0.027284,0,0.0440741,0.0167901,0.0233333,0.390864,0.0337037,0,0.0204938,0.00483951,0.144568,0.0118889,0.394173,0.122074,0.00753086,3.57906,25.7407,83.7407,0.740741
0.118814,0.0694915,0.182203,0,0.217966,0.129492,0.22,0.0532203,0.0108475,0.194746,0.0671186,0.759153,0.0337288,0.0471186,0.0379661,0.0605085,0.276949,0.0559322,2.19763,0.00762712,0.541695,0,0.145254,0.00813559,0.197458,0.0452542,0.157627,0,0.0220339,0.0918644,0,0,0.120508,0,0,0.0816949,0.164576,0.00932203,0.0464407,0.00440678,0.108983,0.189492,0.0133898,0.0715254,0.342034,0.104068,0,0.0840678,0.0201186,0.106305,0.00847458,0.265559,0.024,0.0149153,1.60224,5.45763,43.7119,0.152542
0.147821,0.0508974,0.321154,0,0.407821,0.0958974,0.0697436,0.199487,0.0571795,0.191923,0.0401282,0.45859,0.0505128,0,0.0279487,0.290513,0.119872,0.141667,1.49731,0.0842308,0.836282,0.0129487,0.147179,0.0311538,0.727821,0.599487,0.243846,0.341795,0.152051,0.131538,0.0855128,0.0775641,0.0876923,0.0891026,0.225897,0.157564,0.227821,0,0.133718,0.0705128,0.0980769,0.0811538,0.142692,0.075641,0.298974,0.14641,0.00358974,0.0174359,0.0168462,0.153449,0.0352051,0.268051,0.0705385,0.0152821,2.15468,14.6026,125.949,0.358974
0,0,0,0,0,0,0,0,0,0,0,0,0,0,0,0,0,0,0,0,0,0,0,0,0,0,0,0,0,0,0,0,0,0,0,0,0,0,0,0,0,0,0,0,0,0,0,0,0,0,0,0,0,0,0,0,0,0
0,0,0,0,0,0,0,0,0,0,0,0,0,0,0,0,0,0,0,0,0,0,0,0,16.3043,1.09857,0,0,0,0,0,0,0,0,0,0,0,0,0,0,0,0,0,0,2.88357,0,0,0,0,0,0,0.0802143,0,0,4.16179,16.5714,25.5,0
0.248857,0.236286,0.314571,0.00542857,0.248857,0.0777143,0.0445714,0.143429,0.354857,0.431714,0.177143,0.546286,0.314571,0.570571,0.0808571,0.254571,0.272857,0.107143,2.10771,0.0391429,0.966286,0.048,0.288857,0.302857,0.487714,0.113714,0.00171429,0.000571429,0.00114286,0.00942857,0,0,0.142857,0,0.00714286,0.052,0.170286,0.00314286,0.008,0.0168571,0.0145714,0.00457143,0.00942857,0.0154286,0.0525714,0.0614286,0.002,0.042,0.0318571,0.109571,0.0135429,0.289886,0.379057,0.0824857,5.62009,192.343,2248.63,0.742857
0,0,0.1,0,0,0.0964865,0,0,0.0489189,0,0,0.245946,0.15,0,0,0.207838,0,0,9.00568,0,0.723784,0,0,0.601351,0,0,1.68622,0,0,0,0,0,0.168919,0,0,0,0,0,0,0,0,0,0,0,1.89703,0.475405,0,0.128649,0.0101081,0.0254324,0,0.151703,0,0,1.18565,1.89189,7.2973,0.0810811
0.147761,0.131791,0.821791,0.136716,0.703433,0.520149,0.285522,0.140746,0.57209,0.46791,0.214627,0.612985,0.150746,0.0797015,0.967015,0.301791,0.128657,0.762388,1.52985,0.871493,0.956716,0.0862687,0.517612,0.140746,0.0483582,0.00134328,0.021791,0.00432836,0,0.00865672,0,0,0.00537313,0,0.00432836,0,0.0129851,0,0,0.0401493,0,0,0.0880597,0.0119403,0.0447761,0.0364179,0,0,0.00862687,0.0791343,0.0011194,0.443,0.141358,0.0203134,77.618,743.731,1388.16,0.985075
0.161667,0.321944,0.374722,0,0.0258333,0.118333,0.101667,0.187222,0.135833,0.618333,0.0311111,0.530833,0.0258333,0,0,0.265556,0,0,3.27667,0,0.968611,0,0.0311111,0.126389,0.0736111,0.128611,0.105278,0.0408333,0,0,0.126111,0,0,0,0,0,0.195278,0,0.2225,0,0.0602778,0,0.0522222,0.208889,0.528333,0.621389,0,0,0,0.114917,0.00702778,0.264639,0.0926111,0.0457222,2.63372,17.0278,37.8056,0.388889
0.137895,0.257368,0.265789,2.25132,0.277368,0.0613158,0.0257895,0.104474,0.450263,0.215263,0.0586842,0.478684,0.0657895,0.0168421,0.0655263,0.379211,0.139211,0.245,1.63816,0.172632,1.11895,0.0492105,0.0805263,0.213947,0.245526,0.00394737,0.136316,0,0,0,0,0,0.00394737,0,0,0.0444737,0.0723684,0.0371053,0.0223684,0.06,0,0.0123684,0.0423684,0.00763158,0.0660526,0.0457895,0,0.0255263,0.0100789,0.1355,0.0107895,0.368421,0.114842,0.0560263,7.18684,85.6579,413.632,0.657895
0.136269,0.098209,0.314776,0.00238806,0.302537,0.104627,0.1,0.120746,0.47209,0.453284,0.0989552,0.552687,0.148209,0.156716,0.0544776,0.31791,0.0720896,0.382239,1.59433,0.213433,1.05687,0.831343,0.101045,0.199254,0.349851,0.146716,0.0313433,0.0201493,0.00134328,0.0191045,0.0328358,0.00134328,0.0828358,0.00134328,0.142239,0.0202985,0.173433,0.000746269,0.0197015,0.0385075,0.0104478,0.0423881,0.0080597,0.0204478,0.0325373,0.0385075,0.0198507,0.039403,0.0509701,0.113866,0.0528358,0.36506,0.236209,0.0911194,5.48172,86.1194,1090.7,0.641791
0.139412,0.0617647,0.207206,0.0142647,0.254412,0.116618,0.0527941,0.107353,0.0438235,0.226029,0.0342647,0.508971,0.108382,0.0467647,0.00132353,0.103382,0.166029,0.0885294,1.16088,0.115588,0.402353,0.813824,0.160882,0.0602941,1.12294,0.415441,0.1225,0.0538235,0.0683824,0.0632353,0.0391176,0.0186765,0.106029,0.0186765,0.0463235,0.0902941,0.335882,0.00279412,0.015,0.0186765,0.0727941,0.0489706,0.0564706,0.0304412,0.104118,0.368676,0,0.0130882,0.358735,0.188912,0.0266471,0.135544,0.0750147,0.0653382,3.20125,25.4559,315.868,0.367647
0,0,0,0,0,0,0,0,0,0,0,0,0,0,0,0,0,0,0,0,0,0,0,0,0,0,0,0,0,0,0,0,0,0,0,0,0,0,0,0,0,0,0,0,0,0,0,0,0,0,0,0,0,0,0,0,0,0
0.0292857,0.0671429,0.253571,0,0.705714,0.0692857,1.59143,0.773571,0.773571,0.880714,0.773571,0.582143,0,0.0764286,0,0.977143,2.15357,0.0642857,1.82643,0.773571,2.815,0,0.309286,0.105714,0.0207143,0.0207143,0.0207143,0.0414286,0,0,0,0,0,0.0207143,0.0414286,0,0.315,0,0.0764286,0,0,0,0,0,0,0,0,0,0,0.0775,0,0.696071,0.255143,0.0712857,64.0539,294.929,330.786,0.928571
0.107187,0.112656,0.373281,0,0.674688,0.147656,0.127031,0.167344,0.11625,0.31625,0.0935938,0.697656,0.0395313,0.0220313,0.015625,0.325312,0.447031,0.275156,1.98188,0.173281,1.09391,0.0585938,0.200937,0.0615625,0.257813,0.0796875,0.0185938,0.0253125,0.00609375,0.0446875,0.00609375,0.00609375,0.0354688,0.00609375,0.0196875,0.0776563,0.111406,0.00109375,0.0198438,0.075,0,0.00640625,0.0201562,0.026875,0.225312,0.0025,0,0.0301562,0.0060625,0.0954531,0.007875,0.366203,0.116406,0.0565156,4.15577,68.9531,250.484,0.75
0.0902857,0.126857,0.500571,0,0.294857,0.170571,0.201714,0.305714,0.0477143,0.132,0.074,0.543143,0.0774286,0,0.0634286,0.384286,0.212286,0.182571,2.12943,0.418857,1.45057,0,0.385143,0.173143,0.431143,0.33,0.0602857,0.0777143,0.0122857,0.0294286,0.0122857,0.0122857,0.0697143,0.0122857,0.0777143,0.0548571,0.175714,0.0157143,0.0891429,0.09,0.00885714,0.0314286,0.0482857,0,0.0877143,0.024,0,0.0665714,0.0144,0.0718,0.0134857,0.271257,0.179571,0.0596857,3.78577,37.8,176.886,0.685714
0.323333,0.156889,0.292444,0.0957778,0.0697778,0.115333,0.0213333,0.137333,0.226889,0.386889,0.153111,0.672222,0.347556,0.706444,0.022,0.168444,0.278222,0.118444,1.958,0.0497778,0.886222,0.0348889,0.467333,0.296444,0.0993333,0.0631111,0.00533333,0.00155556,0.00222222,0.004,0,0,0.321556,0,0,0.0264444,0.184222,0.00155556,0.00511111,0.014,0.0155556,0.008,0.00466667,0.016,0.042,0.0415556,0.01,0.0508889,0.0289556,0.113556,0.00457778,0.253511,0.351822,0.0938444,5.26431,169.289,3247.98,0.777778
0,0,0.145862,0,0.304138,0.129655,0,0.114828,0.114828,0,0,0.433103,0.0882759,0.0675862,0,0.427241,0.114828,0,1.09276,0,1.09724,0,0.232414,0,0.191379,0.082069,0,0.127586,0.386552,0,0.0931034,0,0,0,0,0,0.164138,0,0.354828,0,0.154138,0.507586,0.100345,0.332759,1.00759,0.201724,0,0.0882759,0.0544138,0.0932414,0.037931,0.280172,0.111414,0.0817931,2.81972,13.3793,28.931,0.37931
0.0504301,0.0516129,0.307527,0,0.283763,0.0323656,0.0397849,0,0.0278495,0.122903,0.0354839,0.862688,0.102796,0.0508602,0.0182796,0.0974194,0.048172,0.116452,1.72634,0.0135484,0.405269,0,0,0.0225806,0.139892,0.0553763,0.483763,0,0.0556989,0.053871,0,0,0.0939785,0,0,0,0.161828,0.0150538,0.0716129,0,0.0180645,0.173011,0.00924731,0.132366,0.485161,0.182043,0,0.0463441,0.0308495,0.125355,0.000537634,0.125731,0.0114839,0,1.57894,4.80645,24.914,0.0860215
0.0778641,0.0815534,0.268544,0,0.422427,0.113204,0.145825,0.123592,0.033301,0.229126,0.0774757,0.544078,0.0345631,0.0301942,0.109515,0.301262,0.108641,0.204272,1.81087,0.0380583,0.915534,0.0458252,0.103786,0.0890291,0.760097,0.395825,0.215437,0.291456,0.111359,0.162233,0.0792233,0.0670874,0.0471845,0.0670874,0.128835,0.171359,0.129417,0.015534,0.109417,0.0737864,0.0386408,0.0491262,0.109223,0.109223,0.207184,0.371456,0.0225243,0.00514563,0.0285534,0.145573,0.0150485,0.21265,0.0661262,0.0838932,2.27905,12.8835,99.7864,0.398058
0.219062,0.405938,0.650312,0.0734375,0.365938,0.18125,0.319688,0.125625,0.314063,0.860625,0.215625,0.77125,0.14375,0.096875,0.270625,0.930625,0.3275,0.23875,1.85531,0.145,1.52562,0.0053125,0.193438,0.223438,0.299375,0.13875,0.0075,0,0,0.0228125,0,0,0.0421875,0,0.0225,0.0146875,0.12125,0.026875,0.0075,0.0228125,0,0.0228125,0.010625,0.0153125,0.110625,0.0446875,0,0.0240625,0.0094375,0.125656,0.00465625,0.753812,0.231156,0.0675,25.445,340.531,656.719,0.9375
0.104225,0.166197,0.393944,0.199296,0.297465,0.110563,0.0557746,0.204507,0.310282,0.549859,0.125915,0.533944,0.124789,0.0684507,0.171549,0.266056,0.18169,0.332676,1.20845,0.138873,0.827324,0.691972,0.118873,0.158873,0.613099,0.15831,0.0338028,0.0332394,0.00887324,0.0319718,0.023662,0.00267606,0.140986,0.00535211,0.0780282,0.0405634,0.136479,0.00183099,0.0357746,0.036338,0.0121127,0.0166197,0.00422535,0.00295775,0.0423944,0.0487324,0.0043662,0.0384507,0.0533239,0.117127,0.0202817,0.302465,0.124169,0.0961831,4.71058,78.6197,924.028,0.661972
0.119727,0.0696364,0.288455,0.114091,0.302273,0.111909,0.0579091,0.157182,0.198,0.279182,0.0651818,0.730909,0.104636,0.0985455,0.0206364,0.166909,0.187818,0.116364,1.38373,0.0904545,1.09618,0.242273,0.192818,0.0963636,0.720091,0.184909,0.0126364,0.019,0.0169091,0.0305455,0.00227273,0,0.0948182,0.00172727,0.0245455,0.0629091,0.155818,0.0113636,0.0298182,0.0119091,0.0670909,0.0721818,0.00763636,0.0183636,0.072,0.270545,0.0232727,0.0193636,0.0437636,0.159082,0.0204273,0.229736,0.0673273,0.0477,4.30735,56.4909,536.736,0.590909
0.177778,0.125556,0.143889,0,0.750556,0.266111,0.407778,0,0.119444,0.472222,0.236111,0.312778,0.261111,0,0,1.13889,0.0755556,0.215,1.87111,0,0.745556,0,0,0.49,0.0661111,0.0661111,0.198333,0,0,0.0822222,0,0,0.206111,0,0.0661111,0.05,0.0755556,0,0,0.0755556,0.0144444,0,0.0388889,0.107222,0.123889,0.0677778,0,0,0,0.0287778,0,0.582333,0.067,1.10161,7.70206,69.2778,109.778,0.777778
