1.375,0,0.05,0,0.15125,0,0.11125,0,0,1.39938,1.375,1.55188,0,0,0,0.11125,0,0.13625,2.19188,0,5.86375,0,0,0,0.025,0.025,0,0,0,0,0,0,0,0,0,0,0,0,0,0,0,0,0,0,0.1775,0,0,0.151875,0,0,0,1.21256,0,0,7.04238,32.25,53.1875,0
0.0575,0.108,0.2885,0.479,0.2505,0.08625,0.07325,0.03625,0.29675,0.2395,0.0535,0.41,0.06725,0.03775,0.1225,0.191,0.05175,0.15725,1.29375,0.19725,0.7705,1.34175,0.11175,0.07175,0.371,0.20575,0.02,0.01275,0.0125,0.0125,0.02025,0,0.061,0,0.1295,0.019,0.12075,0.001,0.00525,0.0215,0.00175,0.0365,0,0.01525,0.03825,0.02775,0.003,0.005,0.0374,0.1607,0.0258,0.1738,0.088325,0.1228,5.63852,80.825,1327.12,0.6
0,0,0,0,0,0,0,0,0,1.085,0,0,0,0,0,0,0,0,0,0,0,0,0,0,14,1.6075,0.5675,0.5675,0.5675,2.7375,0.5675,0.5675,0,0.5675,0.5675,0.5675,0,0,0,0.5675,0,0,0,0,0,0,0,0,0,0.166,0,0,0,3.448,2.749,11.25,61,0
0,0.0675676,0.1,0,0,0.0964865,0,0,0.0489189,0,0,0.077027,0.15,0,0,0,0,0.142162,7.35703,0,0.484595,0,0,0,0.112432,0,1.91459,0,0,0,0,0,0.168919,0,0,0,0,0,0.117297,0,0,0,0,0,1.61676,0.668378,0,0.128649,0.0101081,0.0399459,0.0202973,0.180757,0.00913514,0,1.27586,2.37838,8.83784,0.0540541
0.0810127,0.0772152,0.333671,0.0110127,0.334304,0.102278,0.054557,0.131772,0.0821519,0.276582,0.0612658,0.47962,0.0991139,0.021519,0.0167089,0.269873,0.124557,0.166076,1.32747,0.0251899,0.762785,0.0234177,0.0807595,0.0702532,0.718734,0.350127,0.152025,0.124177,0.0643038,0.137848,0.0940506,0.0455696,0.162911,0.0455696,0.0789873,0.131266,0.292025,0.0192405,0.103038,0.0710127,0.0101266,0.0402532,0.0943038,0.123038,0.166709,0.0981013,0.0137975,0.0370886,0.0250886,0.20557,0.0221392,0.135165,0.0512152,0.0398481,2.57935,21.4051,215.291,0.417722
0.0825641,0.0276923,0.0953846,0,0.315641,0.0546154,0.171538,0.0810256,0,0.208974,0.0230769,0.446667,0.0482051,0,0.0174359,0.226154,0.0251282,0.322051,1.15923,0,0.322821,0,0.0287179,0.0853846,1.51308,1,0.668462,0.641026,0.333077,0.661026,0.471538,0.29359,0.187436,0.29359,0.755641,0.425897,0.14641,0,0.483846,0.29359,0.0835897,0.126923,0.0623077,0.180513,0.142308,0.0835897,0,0,0.00725641,0.200487,0.012641,0.10459,0.169128,0.0078718,2.22033,11.2308,46.9487,0.205128
0.1,0.130889,0.156222,0,0.304,0.0322222,0.159556,0.207778,0.06,0.523556,0.103778,0.394,0.141333,0,0.0822222,0.134222,0.184444,0.245333,2.03,0,0.735556,0,0.0842222,0.0186667,0.682667,0.304444,0.316444,0.423778,0.108667,0.2,0.0668889,0.0668889,0.0131111,0.0668889,0.244,0.101556,0.224222,0.012,0.189111,0.104,0.0617778,0.0584444,0.130667,0.028,0.307556,0.320444,0,0.012,0.0256667,0.170933,0.0280222,0.326689,0.0548889,0,2.46731,14.1778,82.6222,0.355556
0.554,0.7155,0.843,0,0.321,0.2065,0.0335,0.4395,0.3985,1.5045,0.045,1.664,0.122,0.3395,0.345,0.359,0.057,0.6405,2.0415,0.3615,3.676,0.019,0.4405,0.231,0,0,0,0,0,0,0,0,0.0165,0,0.057,0,0.0185,0,0,0,0,0,0,0,0,0,0,0,0.0081,0.16825,0,1.10565,0.1778,0.0687,44.7956,633.35,839.7,1
0.114118,0.0572549,0.350784,0,0.218039,0.0919608,0.130196,0.207059,0.19902,0.148627,0.0178431,0.381176,0.0182353,0.170588,0.0227451,0.481765,0.0907843,0.184706,2.20961,0,1.10255,0,0.0817647,0.0196078,0.171373,0.446078,0.172549,0.072549,0.183529,0.042549,0,0,0,0,0,0,0.183137,0,0.179608,0,0.225686,0.264314,0.172941,0.0121569,0.783333,0.201765,0,0.0501961,0.0145882,0.0819804,0.029451,0.328196,0.0957255,0.0423137,2.58139,13.5098,34.1176,0.490196
0.138276,0.0134483,0.261034,0,0.435862,0.0313793,0.117931,0.0617241,0.0134483,0.0544828,0.0755172,0.735862,0.220345,0.02,0.0248276,0.136207,0.216552,0.1,1.7631,0.0665517,0.62,0,0.0837931,0.0137931,0.578276,0.284483,0.0613793,0,0.0482759,0.165172,0,0,0,0,0.0855172,0.105172,0.0865517,0.0158621,0,0,0.0324138,0.0493103,0.0413793,0.0841379,0.236552,0.0662069,0.0606897,0.0537931,0.00427586,0.196172,0.007,0.19369,0.0174483,0.00237931,1.60159,6.2069,72.931,0.310345
0.168913,0.0478261,0.209239,0,0.230217,0.111196,0.076087,0.0195652,0.0257609,0.093913,0.0073913,0.539457,0.0981522,0.035,0,0.182826,0.0442391,0.118478,1.7112,0.0169565,0.494565,0,0.0153261,0.0126087,0.292283,0.279022,0.290109,0,0.149783,0.0577174,0,0,0.0776087,0,0.0477174,0.0775,0.16163,0.0101087,0.0604348,0.0108696,0.05,0.208152,0,0.123152,0.357935,0.155109,0.011087,0.0586957,0.00909783,0.124717,0.0035,0.145478,0.0110109,0.00565217,1.57872,5.22826,35.9239,0.119565
0.21,0.448824,0.646471,0.0823529,0.291176,0.0241176,0.437647,0.0335294,0.169412,0.931176,0.145294,0.911765,0.0476471,0.0776471,0.177059,1.51235,0.374706,0.0370588,1.97235,0.135882,1.54941,0,0.0482353,0.146471,0.0317647,0.0470588,0.0170588,0.0341176,0,0,0,0,0,0.0170588,0.0341176,0.0135294,0.0358824,0,0,0,0,0,0,0,0.120588,0,0,0.0452941,0.0170588,0.0634706,0,0.830765,0.316118,0.0754118,40.6247,379.294,549.412,0.882353
0,0,0.135625,0,0.2975,0.215,0,0.694375,0,0.439375,0,0.223125,0,0.215,0,0.403125,0,0.135625,5.64437,0,6.82375,0,0,0.609375,0,0,0.709375,0,0.23125,0,0,0,0,0,0,0,0,0,0,0,0,0,0,0,2.0025,0,0.135625,0,0,0.067375,0,2.29431,0,0,1.20825,1.9375,6.1875,0.1875
0.403,0.334,0.314,0.019,0.25,0.024,0.006,0.208,0.472,0.742,0.19,0.419,0.421,0.605,0.08,0.136,0.366,0.143,2.3,0.047,1.16,0,0.516,0.497,0.019,0,0,0.019,0,0,0,0,0,0.038,0.006,0.032,0,0,0.017,0.11,0,0,0,0,0.059,0,0,0,0.0151,0.0686,0,0.4377,0.4285,0.0727,225.594,1189.4,2466.4,1
0.0395556,0.360444,0.275778,1.84133,0.548667,0.189778,0.736,0.0637778,0.241556,0.327556,0.0333333,0.698222,0.00888889,0.0142222,0.0297778,0.284667,0.201111,0.336889,2.13244,0.0282222,1.20778,0,0.0428889,0.0862222,0.118889,0.0111111,0.255111,0.0313333,0.0111111,0.00555556,0.160889,0,0,0.00955556,0.0624444,0.0117778,0.0357778,0,0.0417778,0.422222,0,0.00444444,0,0,0.203556,0.00977778,0,0.0222222,0.0107778,0.171333,0.0144889,0.284356,0.0537111,0.0410889,13.3452,162.733,404.222,0.622222
0.105116,0.085814,0.299767,0,0.37814,0.148372,0.157674,0.0734884,0.0597674,0.236744,0.151395,0.60814,0.0923256,0.0355814,0.024186,0.327209,0.132093,0.172093,2.03791,0,1.0593,0,0.0802326,0.115814,0.735116,0.517674,0.162558,0.299535,0.0872093,0.203488,0.0509302,0.0509302,0.014186,0.0509302,0.0718605,0.215116,0.0434884,0.027907,0.139535,0.0595349,0.034186,0.0427907,0.0772093,0.143256,0.20186,0.0409302,0.0372093,0.0123256,0.019907,0.10993,0.00623256,0.117535,0.0426047,0.000906977,1.91691,9.23256,96.8605,0.325581
0.0447917,0.0951042,0.469583,0,0.2425,0.0147917,0.0990625,0.0498958,0.0078125,0.175625,0.0317708,0.679063,0.100208,0.0738542,0,0.206354,0.055,0.2975,3.29052,0.0395833,0.854063,0,0,0.0166667,0.0788542,0.0330208,0.473333,0,0.0835417,0.0885417,0,0,0.0513542,0,0,0.025625,0.0653125,0.0452083,0.0229167,0.01,0.0266667,0.268854,0.0830208,0.0315625,0.513125,0.131146,0,0.0355208,0.02225,0.0830208,0,0.135094,0.00992708,0,1.3507,3.34375,18.7396,0.15625
0.0241935,0.159677,0.0835484,0,0.436774,0.033871,0.106129,0.0354839,0.0512903,0.168387,0,0.37129,0,0.0580645,0.0277419,0.972258,0.294516,0.357742,2.16871,0.026129,1.51806,0,0.0383871,0,0.138387,0.163226,0.1,0.111935,0,0.0248387,0.0248387,0,0,0,0.0983871,0.0864516,0,0,0,0.0106452,0,0,0.0206452,0.0193548,0.369032,0.0580645,0,0,0.0175161,0.117452,0,0.471548,0.0805161,0.0712258,4.36313,33.3871,102,0.935484
0.0912621,0.0472816,0.266699,0,0.234078,0.0378641,0.0178641,0.0146602,0,0.115825,0.0107767,0.759612,0.0731068,0.0225243,0.00640777,0.186408,0.00601942,0.122233,2.01534,0,0.533398,0,0,0.0293204,0.354272,0.44068,0.210971,0,0.139417,0.025534,0.0112621,0,0.0716505,0,0,0.0297087,0.207961,0.0238835,0.0582524,0,0.0961165,0.339515,0.0151456,0.126117,0.380388,0.133107,0,0.0359223,0.0239612,0.125505,0.0126699,0.103932,0.0101359,0.0115049,1.55055,4.99029,29.5728,0.0970874
0,0,0.244444,0,0.264444,0,0,0,0,0,0,0,0,0.251111,0,0.148148,0,0,0.236296,0,0.303704,0,0,0,0,0,1.37,0,0,0.154074,0,0,0.25963,0,0,0,0,0.105556,0,0,0,0.342963,0,0.185185,4.9837,0.112222,0,0.123333,0,0.0948519,0,0.0589259,0,0,1.23522,2.40741,8.48148,0
0.166154,0.289231,0.533077,0.524231,0.382692,0.115385,0.0684615,0.0615385,0.346154,0.752308,0.167308,0.508846,0.198462,0.00615385,0.185,0.355385,0.152308,0.646923,1.33654,0.118077,1.05,0.963846,0.16,0.299231,0.0676923,0,0.0592308,0.0288462,0.00230769,0.0169231,0,0,0.0230769,0.00461538,0,0.0107692,0,0,0.0169231,0.0573077,0,0.005,0.00653846,0,0.0276923,0,0,0,0.00919231,0.0487308,0,0.546846,0.258231,0.123308,7.00838,142.846,937.385,0.961538
0.168889,0.129444,0.2725,0.0102778,0.314444,0.113056,0.0397222,0.286389,0.22,0.335833,0.103333,0.537222,0.158333,0.0830556,0.0738889,0.391944,0.259722,0.209167,1.52528,0.162222,0.744167,0.706944,0.291944,0.250833,0.140556,0.0761111,0.00638889,0.00361111,0.00361111,0.0191667,0.01,0,0.0969444,0.00361111,0.00583333,0.125556,0.171111,0.0119444,0.0194444,0.0302778,0.015,0.00194444,0.00666667,0.0155556,0.0327778,0.0847222,0.00305556,0.0238889,0.0449444,0.121667,0.0441667,0.206306,0.175222,0.116639,5.84897,137.611,1660.14,0.583333
0,0,0,0,0,0,0,0,0,0,0,0,0,0,0,1.51455,0,0,0,0,0,0,0,0,0,0,0.534545,0.534545,0,0.534545,0,0,0,0,2.35273,0,0,0,0,0,3.56364,0,0,0,0,6.12545,0,0,0,0.0693636,0,0,0,0,3.634,8,12.6364,0.0909091
0,0,0,0,0.833333,0,0,0,0,0,0,0,0,0,0,0,0,0,0,0,0,0,0,0,8.33333,4.735,0,0,0,0,0,0,0,0,0,0.640833,0,0,0,0,0,1.2075,0,0.1125,0,0,0,0,0,0,0,0,0,0,1.41175,2.41667,6.16667,0
0.0705797,0.0443478,0.215217,0.0192754,0.0978261,0.0575362,0.0297101,0.153623,0.0333333,0.185507,0.00782609,0.64029,0.142899,0,0.0810145,0.0830435,0.140725,0.215362,1.35899,0.00927536,0.597101,0,0.0837681,0.0615942,0.813913,0.421014,0.213768,0.401014,0.0772464,0.206667,0.0894203,0.0608696,0.214783,0.0608696,0.221739,0.131449,0.352754,0,0.202609,0.0801449,0.0805797,0.0850725,0.217536,0.077971,0.42913,0.445507,0,0.072029,0.00915942,0.21871,0.0360145,0.188072,0.053087,0.0151594,2.34928,13.4058,69.2319,0.231884
0.0897468,0.147595,0.321772,0,0.42038,0.138734,0.114304,0.071519,0.0362025,0.23038,0.0420253,0.635316,0.0720253,0.00670886,0.00493671,0.17519,0.127342,0.161772,1.35646,0.0264557,0.933797,0,0.0734177,0.0489873,0.802658,0.417468,0.281899,0.188734,0.143038,0.136456,0.0939241,0.105696,0.0793671,0.105696,0.129114,0.143544,0.236329,0,0.125696,0.114684,0.0591139,0.075443,0.149114,0.0363291,0.249747,0.145949,0.0135443,0.00658228,0.0350633,0.168165,0.0267595,0.0949873,0.0432658,0.00874684,2.11178,14.2405,162.544,0.35443
0.0827778,0.025,0.215278,0,0.226667,0.0944444,0.136667,0,0.0772222,0.265556,0,0.323056,0.201944,0.0477778,0,0.476111,0.0597222,0.106111,1.94972,0.333056,0.751944,0.0719444,0,0.158889,0.100556,0.125833,0,0.0738889,0,0,0,0,0.0377778,0,0,0.0797222,0.0377778,0,0,0.0377778,0,0.0230556,0.0194444,0.0216667,0.280556,0.381111,0,0,0.00716667,0.0682778,0.00538889,0.242139,0.0441111,0.57575,3.96097,52,99.1944,0.361111
0,0,0,0,0,0,0,0,0,0,0,0,0,0,0,0.38835,0,0,0,0,0,0,0,0,0,0,21.1971,0,0,0,0,0,0,0,0,0,0,0,0,0,0,0,0,0,0,0,0,0,0,0,0,0,0,0,1.16503,1.52427,5.1068,0
0.225,0.32,0.590556,0.0527778,0.407778,0.344444,0.155,0.202778,0.477778,0.684444,0.246111,0.636111,0.210556,0.0988889,0.313889,0.248889,0.228333,0.389444,2.02333,0.140556,1.51611,0.00944444,0.343889,0.315556,0.518333,0.218333,0.0133333,0,0,0.0405556,0,0,0.075,0,0.04,0.0133333,0.181667,0.0477778,0.0133333,0.0405556,0,0.0405556,0.0188889,0.0272222,0.0938889,0.0794444,0,0,0.00227778,0.178944,0.0331111,0.625944,0.242167,0.0503889,10.0713,306.167,748.222,0.944444
0.103043,0.117971,0.381449,0,0.655362,0.136957,0.117826,0.155217,0.107826,0.312174,0.0904348,0.704783,0.0428986,0.0204348,0.0144928,0.313188,0.414638,0.274928,1.93551,0.160725,1.07594,0.0543478,0.204493,0.0607246,0.248116,0.107681,0.0172464,0.0234783,0.00565217,0.0414493,0.00565217,0.00565217,0.0328986,0.00565217,0.022029,0.072029,0.123768,0.00101449,0.0184058,0.0695652,0,0.00594203,0.0213043,0.0401449,0.211594,0.00231884,0,0.0317391,0.00601449,0.0996522,0.00730435,0.37058,0.12242,0.0524203,4.0799,67.7536,250.13,0.73913
0.0450962,0.0461538,0.290192,0,0.297308,0.0233654,0.0246154,0.01125,0.0488462,0.103942,0.0210577,0.841442,0.0859615,0.0231731,0.0163462,0.0871154,0.0430769,0.1125,1.68442,0.0121154,0.365288,0,0,0.0201923,0.302212,0.2975,0.475385,0,0.124423,0.0915385,0,0,0.0775962,0,0.0213462,0,0.172115,0,0.0531731,0,0.0251923,0.177692,0.0253846,0.151346,0.48625,0.196827,0,0.0628846,0.0267115,0.159144,0,0.156038,0.0102692,0.00118269,1.56345,4.66346,23.9135,0.0673077
0.120345,0.194138,0.287241,0,0.777931,0.127241,0.305517,0.0993103,0.05,0.184138,0.271379,0.524138,0.114483,0,0.381034,0.367241,0.312759,0.324138,2.13172,0.716897,1.2069,0,0.316897,0.24069,0.0689655,0.0410345,0.123103,0,0,0.0510345,0,0,0.0810345,0,0.0837931,0,0.0434483,0,0.0903448,0.0903448,0.00896552,0.0558621,0,0.0665517,0.197586,0.110345,0,0,0,0.139793,0.00272414,0.26569,0.116414,0.00341379,5.97403,65.1724,123.172,0.758621
0.103514,0.212703,0.588919,0.533243,0.442973,0.176757,0.284054,0.187297,0.0813514,0.234324,0.13027,0.532432,0.116486,0,0,0.404865,0.345676,0.429459,2.29514,0.477568,1.53486,0.0232432,0.130541,0.217027,0.0543243,0.0675676,0.00864865,0,0.0389189,0.0389189,0,0,0.0072973,0,0.0345946,0.0197297,0.124324,0,0.0645946,0.00513514,0,0,0.0205405,0.0205405,0.127297,0.0335135,0,0,0.0125135,0.0954324,0.023027,0.453432,0.0722162,0.0325676,7.50795,133.486,301.054,0.891892
0.0818889,0,0.0292222,0,0.136222,0,0,0.0653333,0,0.114,0,0.322778,0.0155556,0.0808889,0,0.210667,0.0316667,0.0155556,0.439111,0.202,0.0194444,0,0,0,0.0774444,0.0292222,0.445556,0,0,0,0,0,0,0,0,0,0,0,0.0326667,0,0.0357778,0.262889,0,0.914778,0.0911111,0.0598889,0,0.166667,0.018,0.0907333,0.0617111,0.0714222,0.0160333,0,1.45419,2.72222,8.21111,0.0444444
0.2045,0.2945,0.18525,0,0.3845,0.041,0.10225,0,0.0485,0.3755,0.01025,0.6225,0.017,0,0.017,0.08925,0.03425,0.1,1.5295,0.032,0.4935,0,0.017,0.03425,1.055,0.7765,0.46725,0.7295,0.16525,0.2105,0.23175,0.3225,0.053,0.3225,0.336,0.39575,0.2355,0,0.231,0.175,0.0305,0.134,0.18625,0.21625,0.377,0.1255,0,0.02225,0.012875,0.2794,0.019375,0.06525,0.011625,0.0261,2.32952,12.7,90.15,0.175
0,0.0277358,0.122453,0,0.366415,0,0.0418868,0.138302,0.0628302,0.164528,0,0.706604,0.0483019,0,0,0.309245,0.0628302,0.191698,1.95623,0,0.322642,0,0.0673585,0.404717,0.496415,0.293962,0.227736,0.216226,0.107358,0.142264,0.140943,0,0,0,0.229811,0.09,0.0349057,0,0.139245,0.0418868,0.0943396,0.271321,0,0.182075,0.389623,0.0964151,0,0,0.104189,0.135981,0.0121698,0.430849,0.0349811,0.0563208,2.78285,11.566,25.1132,0.415094
0.03,0.254872,0.268462,0,0.297949,0.116923,0.294103,0.189231,0,0.338462,0.100769,0.256923,0.0312821,0.0989744,0.0282051,0.661026,0.278974,0.417436,2.11538,0.0897436,0.972308,0.0384615,0.134872,0.135128,0.599744,0.268462,0.358462,0.161282,0.0107692,0.149744,0.0107692,0.0725641,0.0905128,0.0725641,0.0476923,0.0107692,0.145897,0,0.0884615,0.035641,0.0435897,0.0194872,0.107949,0.0287179,0.20641,0.655385,0.0184615,0,0.0113846,0.114641,0.015,0.394436,0.0506154,0.200872,2.48338,18.7436,95.3077,0.538462
0,0.0671429,0.224286,0,0.664286,0.04,1.78143,0.773571,0.773571,0.880714,0.773571,0.434286,0,0.0764286,0,0.947857,2.15357,0.0642857,1.45071,0.773571,3.37857,0,0.250714,0.0764286,0,0,0,0,0,0,0,0,0,0,0,0,0.315,0,0.0764286,0,0,0,0,0,0,0,0,0,0,0.0617857,0,0.656429,0.306714,0.0712857,64.9501,277.786,300.929,1
0.0820408,0.0661224,0.327653,0.00826531,0.436224,0.266837,0.117653,0.148673,0.0362245,0.241122,0.0217347,0.51051,0.122653,0.0141837,0.0055102,0.275408,0.143776,0.168061,1.55316,0.00377551,1.3999,0,0.163163,0.164796,0.530714,0.355816,0.177245,0.138673,0.0619388,0.145306,0.0623469,0.0431633,0.0803061,0.0431633,0.111939,0.0888776,0.13898,0.00234694,0.0584694,0.0528571,0.0593878,0.00816327,0.0816327,0.00989796,0.256735,0.0792857,0.0162245,0.00285714,0.0376327,0.153571,0.0236735,0.141745,0.0703367,0.0097449,2.07391,13.551,142.439,0.489796
0.0425581,0.09,0.358605,0,0.54907,0.104651,0.319535,0.156279,0.0797674,0.225814,0.0727907,0.646279,0.0611628,0,0.0437209,0.342326,0.203953,0.439302,2.07465,0.133488,1.20023,0.274651,0.137209,0.0972093,0.401395,0.167674,0.075814,0.150465,0.0318605,0.176047,0.0318605,0.0318605,0.0209302,0.0318605,0.0434884,0.0527907,0.103256,0,0.142326,0.0802326,0.0246512,0.0286047,0.00837209,0,0.204884,0.0637209,0,0,0.00611628,0.121186,0.00151163,0.312,0.067907,0.0436512,6.59347,58.7209,149.721,0.581395
0,0.6828,0.2284,0,0.11,0.048,0.3868,0,0,0.8904,0,0.7172,0,0,0,0.1688,0,0,3.3512,0,1.0352,0,0,0.3604,0.5,0.0868,0.0448,0.0588,0,0,0,0,0.0848,0,0,0,0.1024,0,0.2676,0,0.0512,0,0.0752,0.0944,0.6968,0.3076,0,0,0,0.0794,0.01012,0.10372,0.0606,0.00812,3.04928,20.52,40.28,0.32
0.125443,0.121899,0.248228,0.156709,0.363291,0.0970886,0.0692405,0.10443,0.243291,0.291392,0.117595,0.732025,0.0950633,0.0464557,0.0664557,0.192658,0.169494,0.176076,1.38392,0.0789873,0.747595,0.941266,0.14557,0.150633,0.552785,0.213924,0.0246835,0.0243038,0.0163291,0.0322785,0.011519,0.0143038,0.129241,0.00417722,0.0273418,0.0751899,0.132532,0.0156962,0.0201266,0.00898734,0.0416456,0.0581013,0.00582278,0.015443,0.0411392,0.329114,0.0289873,0.0239241,0.0447595,0.142025,0.0155823,0.196,0.0676456,0.108203,4.29138,43.2658,493.785,0.56962
0.0628571,0.142286,0.335714,0,0.188143,0.0572857,0.0671429,0.032,0.0182857,0.182429,0.048,0.415857,0.244,0.0862857,0,0.532429,0.033,0.125429,1.50386,0.0381429,0.760714,0,0.0754286,0.00585714,0.975286,0.525143,0.518714,0.421,0.299143,0.365286,0.429857,0.280429,0.0628571,0.280429,0.489143,0.365286,0.221286,0.00585714,0.127143,0.293143,0.0644286,0.304,0.140714,0.391143,0.239857,0.329571,0,0,0.0067,0.187986,0.0445571,0.3319,0.114957,0.0267857,2.21904,11.2429,40.8286,0.314286
0,0,0,0,1.28875,0,0,0,0,0,0,3.475,0,0,0,0,0,0,0,0,0,0,0,0,0.80875,0.80875,0,0,9.02375,0,0,0,0,0,0,0,0,0,0,0,0,8.4,0,0,0,0,0,0,0,0,0,0.213,0,0,1.41112,3.375,13.75,0
0,0.0774359,0.185385,0,0.346923,0.02,0.277949,0.0753846,0.0141026,0.223333,0,0.409744,0.194103,0.08,0,0.697949,0.0315385,0.365897,3.26077,0,1.31231,0.0753846,0,0.0833333,0.394359,0.0220513,0.0666667,0,0,0,0,0,0,0,0,0,0,0,0,0,0,0.131282,0,0.0661538,0.403077,0.443846,0,0,0.00792308,0.0264359,0,0.169385,0.0235897,0.0115385,5.49636,49.3846,75.7179,0.435897
0.096,0.008,0.196,0.008,0.092,0.118,0,0.058,0.058,0.188,0.074,0.082,0.072,0,0.038,0.088,0.078,0.076,0.608,0.008,0.242,1.906,0.138,0.11,0,0,0,0,0,0,0,0,0,0.028,0,0.008,0,0,0.016,0,0,0,0,0,0.038,0,0,0,0.4302,2.0094,0.009,0.3924,0.375,0.4024,57.5034,2297.8,10648.8,1
0.103051,0.0535593,0.198644,0.00186441,0.191695,0.0705085,0.0232203,0.221695,0.131356,0.130847,0.0662712,0.728475,0.0944068,0.0794915,0.00881356,0.107797,0.372542,0.0483051,0.769492,0.161864,0.907627,0.135593,0.0901695,0.0789831,1.56407,0.197627,0.0198305,0.00389831,0.0137288,0.0232203,0.0137288,0,0.136102,0.00186441,0.0137288,0.100508,0.232034,0.0257627,0.0101695,0.0301695,0.140169,0.0615254,0.00915254,0.0235593,0.0247458,0.182034,0,0.0166102,0.168559,0.188678,0.0168475,0.164339,0.0679661,0.0918644,3.27507,36.6441,587.186,0.305085
0,0,0,0,0.0927273,0,0,0,0,0,0,0.125909,0,0,0,0,0,0.324545,0.267727,0,0,0,0,0,8.01455,4.005,3.68045,4.005,3.80682,4.005,4.005,3.68045,0,3.68045,4.005,4.005,0,0,0,3.68045,0,0.185455,0,0,0,0,0,0,0,1.04277,0,0.0217727,0,0,3.09745,10.9091,31.3636,0
0.113056,0.0744444,0.2625,0,0.31875,0.106111,0.0915278,0.0436111,0.00888889,0.176111,0.0569444,0.608056,0.0681944,0.0386111,0.0311111,0.0495833,0.226944,0.0573611,2.08514,0.00625,0.4825,0,0.119028,0.0698611,0.147361,0.0402778,0.228194,0,0.0127778,0.0595833,0,0,0.123194,0,0,0.0808333,0.166944,0,0.0438889,0.00361111,0.0893056,0.196111,0.0109722,0.0847222,0.327778,0.0943056,0,0.0790278,0.0196806,0.125514,0.0105139,0.233861,0.0196667,0.0122222,1.57461,5.59722,42.7639,0.138889
0.253143,0.241143,0.317429,0.00371429,0.246286,0.0777143,0.0451429,0.120286,0.357429,0.436,0.183143,0.553429,0.308571,0.594,0.0765714,0.243143,0.269714,0.100571,2.112,0.0354286,0.958857,0.048,0.299143,0.297429,0.487714,0.113714,0.00171429,0.000571429,0.00114286,0.00942857,0,0,0.142857,0,0.00714286,0.052,0.170286,0.00314286,0.008,0.016,0.0145714,0.00457143,0.00942857,0.0154286,0.054,0.0614286,0.002,0.042,0.0315429,0.110486,0.0115143,0.289429,0.390457,0.0862571,5.70094,191.714,2271.94,0.742857
0.0578667,0,0.0349333,0,0.413733,0.100133,0.0842667,0.0237333,0,0.158933,0,1.09493,0.0606667,0.2076,0,0.0389333,0,0.0256,0.4516,0.0656,0.1204,0,0,0.1212,0.1728,0.0569333,0.2908,0.0578667,0.103467,0,0,0,0.411733,0,0,0,0.0713333,0,0.205067,0,0.0266667,0.331733,0.0476,0.257067,0.363733,0.0742667,0,0.0444,0.0187733,0.0893467,0.0638133,0.227787,0,0,2.02893,6.22667,16.2667,0.0666667
0,0,0,0,0,0.0362963,0,0,0,0,0,0.0411111,0,0,0,0,0,0.0949383,0.111111,0,0.0671605,0,0,0,0,0,0.265309,0,0,0,0.154321,0,0,0,0,0,0,0,0,0,0,0.0474074,0,0.0385185,0.229259,0,0,0,0,0.098358,0.0503827,0.258383,0,0,1.09877,1.20988,3.92593,0.0246914
0.0775806,0.088871,0.285645,0.0208065,0.37871,0.175,0.0743548,0.168226,0.028871,0.248387,0.051129,0.493871,0.0641935,0,0.0240323,0.234516,0.0908065,0.167903,1.49903,0.0291935,0.840968,0.0162903,0.0774194,0.0391935,0.748387,0.608871,0.224194,0.344516,0.138387,0.134355,0.07,0.065,0.0691935,0.0745161,0.208226,0.166452,0.191935,0,0.13629,0.0616129,0.0579032,0.0990323,0.120484,0.0677419,0.284516,0.235161,0.00145161,0.0183871,0.0196774,0.155597,0.0286935,0.261129,0.0491613,0.0211129,2.28039,14.6774,129.935,0.403226
0.0642105,0.199649,0.266316,0,0.277368,0.195614,0.143509,0.0591228,0.0796491,0.256316,0.0350877,0.574561,0.0559649,0,0.0389474,0.190877,0.103333,0.219474,1.68737,0.100175,1.05175,0.0217544,0.157018,0.108947,0.532281,0.262632,0.265263,0.0817544,0.125439,0.100351,0.0647368,0.0642105,0.185263,0.0642105,0.11193,0.0721053,0.250175,0,0.102105,0.0970175,0.0124561,0.0929825,0.0870175,0.0114035,0.195263,0.0464912,0,0.0633333,0.00666667,0.187649,0.0322105,0.349649,0.104456,0.0440702,3.74188,32.4386,159.877,0.561404
0.0661364,0.0959091,0.311136,0.0118182,0.253409,0.107955,0.0495455,0.282727,0.305682,0.424545,0.102273,0.534091,0.0913636,0.106818,0.165227,0.204773,0.207727,0.152273,1.18614,0.154318,0.686591,0.547045,0.102955,0.103409,0.905455,0.240455,0.0195455,0.0302273,0.0129545,0.0388636,0.0313636,0.00431818,0.213864,0.00590909,0.116364,0.0590909,0.216136,0.00295455,0.0422727,0.0225,0.0195455,0.0211364,0.00295455,0.00477273,0.0479545,0.0786364,0.00704545,0.0593182,0.0802273,0.152773,0.0327273,0.155091,0.113068,0.0795455,3.45152,44.2727,921.727,0.5
0.04,0.0425,0.183611,0,0.197778,0.0488889,0.0719444,0.221667,0.01,0.128056,0.0741667,0.461111,0.0805556,0,0.0144444,0.139167,0.0722222,0.394444,1.22694,0,0.356944,0,0,0,0.405833,0.125,0.189722,0,0.109722,0.0286111,0,0,0.736111,0,0.0166667,0.121389,0.158611,0,0.0711111,0,0.0102778,0.111944,0,0.209722,0.125833,0.0375,0,0.0258333,0.0224167,0.136861,0.0360278,0.302972,0.00861111,0.00816667,1.55247,6.19444,66.3889,0.25
0.305217,0.146304,0.278913,0.0936957,0.0663043,0.10913,0.0197826,0.131522,0.212609,0.37,0.14413,0.638261,0.331304,0.666957,0.0204348,0.162391,0.267391,0.115,1.85261,0.0486957,0.843261,0.0341304,0.443478,0.278696,0.0971739,0.0617391,0.00521739,0.00152174,0.00217391,0.00391304,0,0,0.316087,0,0,0.0286957,0.180217,0.00152174,0.005,0.013913,0.0252174,0.00782609,0.00456522,0.0163043,0.0393478,0.0580435,0.01,0.0513043,0.0298913,0.116522,0.00773913,0.24063,0.334978,0.0894565,5.14743,164.043,3362.72,0.73913
0.0433962,0.0464151,0.168302,0.0254717,0.176792,0.0798113,0.119057,0.0622642,0.0215094,0.617547,0.0164151,0.364906,0.105283,0.00981132,0,0.0886792,0.0816981,0.0888679,1.58755,0,0.595849,0,0.0649057,0.143019,0.883208,0.542642,0.471321,0.357736,0.14566,0.229057,0.154151,0.131698,0.0292453,0.131698,0.163774,0.154151,0.332075,0,0.134717,0.131698,0.00962264,0.039434,0.216226,0.0526415,0.306226,0.235849,0,0,0.0444528,0.208283,0.0141321,0.324377,0.0398302,0.0309057,2.60668,13.8113,76.1887,0.358491
0.101951,0.218293,0.527317,1.04415,0.331707,0.130244,0.0790244,0.122439,0.269756,0.342683,0.0690244,0.862683,0.177073,0.131463,0.16122,0.116829,0.126585,0.166829,2.13878,0.221707,1.1161,0,0.141951,0.152683,0.405122,0.133902,0.0226829,0.0360976,0.0160976,0.0258537,0.0304878,0.00390244,0.0582927,0.00390244,0.0378049,0.0226829,0.0797561,0.00341463,0.0287805,0.0231707,0,0.0702439,0.0443902,0.015122,0.0334146,0.00292683,0,0.00951219,0.178537,0.126463,0.0275122,1.33459,0.326537,0.0175366,4.43905,62.9512,781.805,0.682927
0,0,0,0,0,0,0,0,0,0,0,0,0,0,0,0,0,0,2.96143,0,0,0,0,0,0,0,0,0,0,0,0,0,0,0,0,0,0,0,1.58714,0,0,0,0,0,15.8071,0,0,0,0,0.326429,0,1.32257,0,0,1.43271,2.85714,7.71429,0
0.213333,0,0.113333,0,0,0,0,0,0,0,0,0.302222,0,0,0,0,0,0,1.97667,0,0.113333,0,0,0,0,0,0,0,0,0,0,0,0,0,0,0,0,0,0,0,0,0,0,0,1.04944,5.44944,0,0,0.0226667,0.204444,0,0.429,0,0,1.0125,1.11111,7,0
0.263056,0.125833,0.281667,0,0.286944,0.0202778,0.241667,0.0388889,0.0161111,0.431389,0.1075,0.6425,0.0508333,0,0.0727778,0.388056,0.316111,0.233333,2.23611,0.0616667,0.780278,0,0.271111,0,0.171111,0.0925,0.0958333,0.163056,0.0663889,0.0775,0,0,0.0725,0,0.0827778,0,0.0902778,0,0.0613889,0.0177778,0.075,0.193056,0.0488889,0.04,0.240278,0.232778,0,0.0686111,0.00808333,0.123056,0.00688889,0.364583,0.0564722,0.380333,2.11986,10.7222,53.4444,0.527778
0.0930303,0.0206061,0.317576,0,0.356667,0.050303,0.0224242,0.0769697,0.0236364,0.0533333,0.0224242,0.624242,0.138485,0,0.0230303,0.0436364,0.0687879,0.123636,1.23394,0.208182,0.357879,0.0175758,0.0230303,0.0460606,0.308788,0.304242,0.178788,0.158788,0.130606,0.0948485,0.0687879,0.0230303,0.099697,0.0230303,0.0687879,0.188182,0.0839394,0,0.208182,0.0230303,0.0421212,0.119091,0.00909091,0.169697,0.224545,0.101515,0.0466667,0.09,0.0209091,0.226,0.000939394,0.184788,0.0290909,0.0176364,1.84779,7.84848,79.303,0.181818
0,0,0.083125,0,0.083125,0,0,0,0,0,0,0,0,0,0,0,0,0,0,0,0.083125,0,0,0,15.3475,1.46125,0,0,0,0,0,0,0,0,0,0,0.083125,0.25,0.083125,0,0,0.25,0,0,2.52312,0,0,0,0.0540625,0,0.0135,0.0701875,0,0,3.94587,15.8125,25.875,0
0.112537,0.0743284,0.22,0.140597,0.518806,0.146716,0.0422388,0.121194,0.114627,0.15597,0.0735821,0.621045,0.16403,0.0407463,0.018209,0.221791,0.318507,0.125672,1.84507,0.0689552,0.679254,0.636716,0.21209,0.0885075,0.804776,0.214925,0.0377612,0.0316418,0.0408955,0.0304478,0.0141791,0.0141791,0.0614925,0.0141791,0.0452239,0.08,0.147164,0.0331343,0.0267164,0.0162687,0.0371642,0.0447761,0.0352239,0.00626866,0.0773134,0.0695522,0.0131343,0.0226866,0.196687,0.112015,0.0128657,0.142478,0.10891,0.0610746,3.31639,36.1642,433.761,0.522388
0.120336,0.154286,0.422689,0,0.305378,0.0547059,0.0217647,0.0641176,0.0164706,0.186218,0.00806723,0.466723,0.0815126,0.0754622,0,0.200756,0.0131092,0.264118,2.17739,0,0.76563,0,0.0178151,0.0905882,0.152017,0.087479,0.374874,0,0.0452101,0,0,0,0.238151,0,0,0.014958,0,0.0689916,0.0844538,0.00983193,0.0194958,0.328403,0.03,0.0530252,0.427815,0.213025,0.0245378,0,0.0243613,0.102454,0.00277311,0.369092,0,0,1.29701,2.77311,13.1261,0.109244
0.148667,0.087,0.331333,0.00266667,0.292,0.1135,0.107167,0.114167,0.516667,0.452,0.107,0.587,0.148,0.0713333,0.0591667,0.329,0.0666667,0.423333,1.57533,0.231333,1.078,0.742167,0.107667,0.187333,0.358333,0.163833,0.0191667,0.0225,0.0015,0.0213333,0.0208333,0.0015,0.0925,0.0015,0.143,0.0226667,0.160833,0.000833333,0.022,0.043,0.0116667,0.0473333,0.009,0.0228333,0.0346667,0.043,0.0221667,0.044,0.0569167,0.126417,0.059,0.385033,0.195117,0.0774333,4.48815,67.7833,1091.9,0.666667
0.325645,0.0614516,0.345,0,0.700484,0.0279032,0.13,0.159677,0.0120968,0.106935,0.0220968,0.515645,0.0330645,0.0117742,0.00516129,0.406774,0.256613,0.141774,2.24387,0.083871,1.21355,0,0.280484,0.0887097,0.120968,0.0408065,0.12371,0.0404839,0.0133871,0.0330645,0.00822581,0.0183871,0.113871,0.0183871,0.0645161,0.0782258,0.0891935,0,0.0319355,0.00822581,0.0403226,0.0680645,0.00516129,0.0466129,0.215806,0.0543548,0,0.0459677,0.0109677,0.0819677,0.016871,0.473661,0.181968,0.00140323,2.82995,23.2903,116.661,0.725806
0.124167,0.129667,0.3215,0.0193333,0.271667,0.216333,0.168,0.0368333,0.0108333,0.231667,0.0398333,0.491833,0.169667,0,0.0206667,0.517167,0.186667,0.132667,1.94583,0.0353333,0.857667,0.0948333,0.167833,0.1045,0.520167,0.358167,0.2105,0.149,0.0816667,0.143,0.0715,0.0715,0.0746667,0.094,0.105167,0.127667,0.0436667,0,0.173667,0.079,0.0055,0,0,0,0.221833,0.117667,0,0.0425,0.0134667,0.133867,0.00791667,0.432333,0.0392833,0.0475667,3.76913,37.5333,128.7,0.566667
0.0810714,0,0.386071,0,0,0,0,0,0,0.584643,0,0.223214,0,0,0,0.274643,0,0,6.71179,0,0.148571,0,0,0.446429,0.0646429,0,0,0,0,0,0,0,0,0,0,0,0,0,0,0,0,0,0,0,0.513214,0,0,0,0.0369286,0.0746071,0,0.0244286,0,0,1.10414,1.25,3.82143,0.142857
0.0770455,0.0628409,0.333977,0,0.324886,0.188636,0.101136,0.174545,0.0717045,0.161932,0.0654545,0.511932,0.0993182,0.0432955,0.02125,0.277386,0.171136,0.199886,1.49364,0.18125,0.853182,0,0.168068,0.0985227,0.644091,0.412386,0.115568,0.141932,0.0910227,0.110455,0.0420455,0.0234091,0.0603409,0.0234091,0.114432,0.0843182,0.165,0.00784091,0.0728409,0.05,0.18125,0.0102273,0.06625,0.0363636,0.165568,0.338864,0,0.0472727,0.0762273,0.14825,0.0216591,0.137591,0.0809432,0.0195909,2.36086,19.0341,186,0.454545
0.165079,0.0211111,0.255397,0,0.175873,0.13746,0.0803175,0.175397,0.0368254,0.205714,0.0231746,0.592698,0.0690476,0.00365079,0.00968254,0.200159,0.150159,0.214921,1.91524,0.0109524,0.880476,0,0.0114286,0.00365079,0.852857,0.533333,0.276984,0.316667,0.0792063,0.203492,0.138889,0.0609524,0.104762,0.0609524,0.215556,0.153968,0.345397,0.0298413,0.189524,0.143968,0.0438095,0.150317,0.114603,0.23127,0.232063,0.121429,0,0.0139683,0.0224603,0.134333,0.0220159,0.241873,0.0420476,0.0419206,1.95289,10.4921,62.0476,0.285714
0.130556,0.178056,0.422361,0,0.452083,0.125278,0.357639,0.104306,0.04625,0.316806,0.150139,0.494861,0.164583,0.0622222,0.0493056,0.318333,0.18625,0.287917,1.9825,0.110417,1.06125,0.0226389,0.301944,0.0788889,0.236528,0.0998611,0.0168056,0.147917,0.00833333,0.0870833,0.0138889,0.00833333,0.282639,0.00833333,0.132917,0.0926389,0.114583,0,0.00777778,0.0877778,0.00430556,0.0502778,0.00722222,0.0205556,0.125972,0.0784722,0,0.00569444,0.0152222,0.0856944,0.00140278,0.492083,0.118458,0.0161528,4.8765,64.7917,192.833,0.666667
0.107091,0.154182,0.214182,0.01,0.330909,0.0725455,0.106364,0.138,0.0909091,0.465091,0.0701818,0.444909,0.134727,0.084,0.111818,0.142909,0.136182,0.248182,1.228,0.0625455,0.544909,1.24564,0.207818,0.0490909,0.890545,0.341091,0.140909,0.0818182,0.0627273,0.0614545,0.0803636,0.0270909,0.0852727,0.0270909,0.0558182,0.0790909,0.283455,0,0.0343636,0.0603636,0.0589091,0.0409091,0.0527273,0.113455,0.106,0.402,0.0274545,0.0529091,0.5766,0.145364,0.0179818,0.132,0.0672909,0.185273,3.7162,30.2909,341.073,0.381818
0.0296875,0.0271875,0.394375,0,0.138125,0.0996875,0.125,0.171875,0,0.274062,0.04,0.473438,0.0434375,0,0.0890625,0,0.024375,0.04375,2.18219,0,0.480312,0,0.024375,0.0271875,0.39875,0.201562,0,0.11875,0,0.0725,0.0821875,0,0.10125,0,0.13125,0,0.371562,0,0.150625,0.13,0.0740625,0.199063,0.0890625,0.051875,0.27125,1.02469,0,0,0.00615625,0.0839063,0.0128438,0.510719,0.0106875,0.0188125,3.04078,16.25,50.1875,0.1875
0,0,0.4025,0,4.9175,0,0,0,0,0,0,0,0,0,0,0,0,0,0,0,0.4025,0,0,0,0,0,0,0,0.595,0,0,0,0,0,0,0,0,1.8475,0,0,0,5.4775,0,0,0,0,0,0,0,0.0735,0,0,0,0,1.14575,1.375,4.375,0.125
0,0,0,0,0,0,0,0,0,0,0,0,0,0,0,0,0,0,0,0,0,0,0,0,0.427308,0.549231,12.96,0,0,0,0,0,0,0,0,0,0,0,0,0,0,0.854615,0,0,0.256154,0,0,0.320385,0,0.134923,0,0.0935,0,0,1.42677,2.65385,7.80769,0
0.147727,0.133788,0.827273,0.138788,0.704848,0.52803,0.285303,0.142879,0.566818,0.463485,0.206364,0.608333,0.15303,0.0809091,0.981667,0.306364,0.130606,0.771667,1.53439,0.831212,0.940909,0.0875758,0.525455,0.140606,0.0490909,0.00136364,0.0221212,0.00439394,0,0.00878788,0,0,0.00318182,0,0.00439394,0,0.0131818,0,0,0.0407576,0,0,0.0848485,0.0121212,0.0454545,0.0369697,0,0,0.00875758,0.0762273,0.00113636,0.44697,0.140424,0.0202879,78.6464,748.258,1390.15,0.984848
0.131316,0.475789,0.347368,1.86632,0.988158,0.156053,0.659211,0.164737,0.0626316,0.405526,0.0460526,0.686053,0.183947,0.088421,0,0.788158,1.65789,0.257895,2.11921,0.295789,1.64658,0,0.0207895,0.151579,0,0,0,0,0,0.0255263,0,0,0,0,0,0.0563158,0.122632,0.0410526,0,0.00894737,0,0,0,0,0.00894737,0,0,0,0,0.122816,0,0.755947,0.149526,0.0348421,8.12463,131.395,191.053,0.921053
0.085283,0.0475472,0.292075,0,0.15717,0.0490566,0.0211321,0.104151,0.0124528,0.200943,0.0616981,1.03208,0.0213208,0,0.0337736,0.159434,0.0154717,0.0826415,1.40925,0,0.707736,0,0.010566,0,0.51434,0.148302,0.128868,0,0.103019,0.189623,0.0169811,0,0.268302,0,0,0.141321,0.196604,0.0103774,0.325094,0,0.128679,0.211698,0.0254717,0.137925,0.229245,0.194151,0,0.0507547,0.00377358,0.120717,0.00488679,0.0803208,0.00618868,0.00950943,1.65726,5.81132,48.8491,0.113208
0.196531,0.0697959,0.48,0.0118367,0.234898,0.0891837,0.107143,0.255918,0.0926531,0.303265,0.0857143,0.393061,0.0402041,0.00612245,0,0.448367,0.377755,0.208367,1.94184,0.330408,1.23082,0.404082,0.0967347,0.112041,0.146939,0.0622449,0.00346939,0.0302041,0.0112245,0.0318367,0,0,0,0.00612245,0.0691837,0.0236735,0.123265,0,0.0118367,0.0585714,0,0,0.0169388,0.00693878,0.194082,0.490816,0.0283673,0.0636735,0.0284898,0.151265,0.0148776,0.436959,0.328898,0.218367,5.03167,72.0408,315.98,0.632653
0.1425,0.380833,0.261667,0,0.358333,0.215,0.0825,0.17,0.160833,0.590833,0.1525,0.504167,0.256667,0.518333,0.13,0.226667,0.229167,0.303333,2.07833,0.405,1.17917,0.930833,0.445,0.22,0.161667,0,0.0791667,0,0,0,0.0791667,0,0.0125,0,0.09,0.035,0.164167,0,0.0566667,0,0,0,0.0408333,0,0.0616667,0,0,0.0183333,0.00808333,0.0670833,0.0975833,0.332833,0.164917,0.1845,13.9807,327.083,1146.42,0.666667
0.068125,0,0.5625,0,0.074375,0,0,0,0,0,0,0.8075,0,0,0,0,0,0.5825,0.801875,0,0.29375,0,0,0,3.8075,2.37,0.145,1.13938,0.368125,1.16563,0.426875,0.145,0.11125,0.145,1.2025,0.426875,0.25625,0,0,0.145,0,0.3575,0,0,0.1425,0.145,0,0,0,0.180187,0,0.0245625,0,0,2.22969,10.625,54.875,0
0,14.1478,0,0,0,0,0,0,0,0.132222,0,0,0,0,0,0,0,0,0,0,0,0,0,0,0,0,0,0,0,0,0,0,0,0,0,0,0,0,0,0,0,0,0,0,0.132222,0,0,0,0,0,0,0,0,0,1.77778,4.88889,9.02778,0
0.136724,0.0372414,0.283621,0.00724138,0.266379,0.141724,0.0674138,0.0448276,0.0496552,0.0851724,0.0558621,0.49431,0.123448,0.0103448,0.00155172,0.188103,0.141897,0.188966,1.3719,0.0953448,0.583103,0.375862,0.195,0.0932759,0.765345,0.283621,0.0898276,0.0382759,0.0537931,0.0341379,0.0313793,0.00741379,0.0953448,0.00741379,0.0489655,0.0831034,0.205,0.00327586,0.00586207,0.0131034,0.0455172,0.0606897,0.0324138,0.022931,0.113448,0.0739655,0,0.0181034,0.0968965,0.196155,0.0358103,0.191724,0.0930172,0.0563966,3.27741,26.9483,296.897,0.448276
0,0,0,0,0.316667,0,0.351111,0,0,0,0,0,0.351111,0.316667,0,0,0,0.316667,0.351111,0,0.316667,0,0,0,0,0,2.20444,1.93556,0,0,0,0,0.316667,0,0,0.316667,1.49111,0,2.76778,0,0,0,0,0,0.316667,0,0,0,0.284889,0.986111,0,0.124,0.062,0,3.51411,25.1111,37.3333,0.444444
0,0,0,0,0,0,7.27,0,0,0,0,0,0,0,0,0,0,0,0,0,0,0,0,0,0,0,0,0,0,0,0,0,0,0,0,0,0,0,0,0,0,0,0,0,0,0,0,0,0,0,0,0.294,0,0,2.222,8,48,1
0.1,0.0874194,0.277742,0,0.366452,0.0851613,0.117742,0.169032,0.0193548,0.174516,0.0712903,1.05548,0.102258,0.0412903,0.0148387,0.226452,0.107419,0.154516,1.46355,0.01,0.567419,0,0,0.0754839,0.31129,0.262258,0.11129,0,0.0590323,0.100645,0.0190323,0,0.489677,0,0.0109677,0.0641935,0.135806,0,0,0,0.0190323,0.0229032,0,0.208065,0.0483871,0.0180645,0,0.138387,0.00632258,0.0873871,0.00554839,0.129484,0.0241935,0.00309677,1.61277,6.6129,88.0645,0.193548
0.282,0.176,0.39825,0,0.56475,0.2605,0.12,0.19575,0.47275,0.51925,0.10825,0.6485,0.06825,0.30075,0.1785,0.238,0.349,0.07625,1.937,0.22925,1.44375,0.585,0.093,0.3925,0.19975,0.056,0.023,0.011,0.00375,0.00375,0.0165,0.00375,0.08375,0.00375,0.0165,0.03725,0.0635,0.01325,0.01175,0.03925,0,0.29775,0.00775,0.01325,0.078,0,0.00225,0,0.018725,0.143575,0.012175,0.35335,0.205775,0.072175,5.12555,109.675,638.7,0.7
0.0939189,0.0527027,0.247703,0,0.407027,0.108919,0.0495946,0.100541,0.0210811,0.141892,0.0332432,0.646081,0.057973,0.0116216,0.143108,0.251216,0.0654054,0.159324,1.3527,0.00567568,0.695,0.0435135,0.0864865,0.0618919,0.716216,0.398784,0.205676,0.27473,0.138919,0.108919,0.0966216,0.0636486,0.0672973,0.0636486,0.161216,0.205541,0.219595,0.0104054,0.115541,0.0947297,0.0578378,0.0590541,0.141757,0.122162,0.268108,0.288919,0,0.0159459,0.0404324,0.156689,0.0260946,0.137784,0.0754595,0.0103784,2.25593,11.4865,105.459,0.324324
0.0491667,0.0453333,0.202333,0,0.124333,0.0375,0.0571667,0.498333,0.163833,0.0833333,0.0478333,0.346667,0,0.277333,0,0.365,0.119333,0.0585,0.744,0.0508333,0.713667,0.0488333,0.255667,0.0398333,0.319167,0.297,0.108333,0.0901667,0,0.036,0.0133333,0.00983333,0.0528333,0.00983333,0.0555,0.158833,0.0413333,0,0.0151667,0.0101667,0,0.0468333,0,0.0248333,0.453833,0,0,0.0276667,0.00288333,0.150067,0.00895,0.395983,0.1392,0.0101667,3.7197,26.4333,82.4333,0.75
0.1416,0.2428,0.996,0,0.2012,0.0828,0,0,0,0.0588,0,1.0876,0,0,0,0.32,0,0,0.9816,0,3.588,0,0,0.8348,0.1612,0.1568,0.2412,0,0,0.1612,0,0.2012,0,0.2012,0.048,0,0,0,0,0,0,0.096,0,0,0.04,0,0,0,0,0.10176,0,0.24848,0.13236,0,3.94352,24.32,53.96,0.72
0.183077,0.201795,0.0582051,0,0.247436,0.0587179,0.240256,0,0,0.153077,0.0251282,0.217692,0.0310256,0.0305128,0,0.167692,0.101282,0.157179,1.54821,0,0.840769,0,0,0.0692308,0.315897,0.0807692,0.214872,0.3,0,0.0228205,0,0,0.500513,0,0.21359,0,0.263846,0,0,0,0.0482051,0.139487,0.0348718,0.0205128,0.53359,0.889487,0,0,0.0179487,0.194,0.00379487,0.239974,0.114538,0.0501538,2.83687,16.1026,59.9487,0.512821
0.163488,0.155116,0.271628,0,0.167442,0.0902326,0.0123256,0.0825581,0.300465,0.226279,0.0762791,0.660465,0.206977,0.0572093,0.0737209,0.153953,0.132558,0.160233,1.11512,0.055814,0.646512,0,0.0881395,0.198372,1.24721,0.242326,0.0318605,0.0151163,0.0137209,0.0383721,0.0123256,0.00627907,0.108837,0.00627907,0.0306977,0.106279,0.168837,0,0.0146512,0.0427907,0.0444186,0.0662791,0.0327907,0.0027907,0.0325581,0.0946512,0.0106977,0.0369767,0.119698,0.175884,0.0126744,0.469581,0.127395,0.0145581,3.5117,48.6512,697.186,0.395349
0.0504348,0.114783,0.287391,0,0.243913,0.0665217,0.118913,0.046087,0.00717391,0.0782609,0.0780435,0.588043,0.178913,0,0,0.328913,0.0365217,0.20587,1.70391,0.0434783,0.501739,0,0,0.0271739,0.156957,0.149348,0.268261,0,0.188696,0.0417391,0.0241304,0,0.218261,0,0.011087,0.0584783,0.0991304,0.0173913,0.0215217,0,0,0.0963043,0.0495652,0.0456522,0.196957,0.0267391,0,0.0204348,0.0311304,0.138978,0,0.0945217,0.0168696,0.0330652,1.56578,5.23913,55.9565,0.217391
0.132885,0.115192,0.498846,0.00326923,0.350192,0.131731,0.0894231,0.131731,0.197115,0.378846,0.0821154,0.765,0.173462,0.0803846,0.0346154,0.272692,0.142115,0.218269,2.08019,0.131538,1.49481,0.00326923,0.289423,0.139423,0.219038,0.0957692,0,0.0207692,0,0.0103846,0.00307692,0,0.0242308,0.00365385,0.0261538,0.0294231,0.0948077,0.00807692,0.0338462,0.00153846,0,0.0344231,0.0103846,0.00846154,0.113654,0,0.00519231,0.00538462,0.0149038,0.164788,0.0153846,0.404365,0.100269,0.0272885,5.3606,89.1923,543.308,0.865385
0.113158,0.0807018,0.416316,0.0533333,0.28,0.0901754,0.0477193,0.124561,0.186667,0.225088,0.0898246,0.497895,0.0798246,0.00842105,0.0419298,0.335789,0.191404,0.157895,1.61088,0.177544,0.986842,0.23193,0.113158,0.11807,0.325614,0.113333,0.06,0.10614,0.0575439,0.0577193,0.0345614,0.0261404,0.0164912,0.0261404,0.0531579,0.0782456,0.0784211,0.0670175,0.0608772,0.0877193,0,0.0919298,0.0414035,0.00561404,0.0992982,0.054386,0,0.025614,0.0861053,0.157175,0.0107895,0.321386,0.078807,0.0484737,3.57886,51.193,381.965,0.596491
0.0681176,0.138941,0.291647,0.0141176,0.335294,0.123059,0.111765,0.124,0.0601176,0.255765,0.0515294,0.543529,0.231176,0.0441176,0.119882,0.128118,0.119529,0.282588,1.49071,0.0815294,0.749176,0.483176,0.173412,0.0865882,0.702588,0.318118,0.202824,0.131529,0.116588,0.120471,0.0611765,0.074,0.0887059,0.0777647,0.0768235,0.107529,0.153294,0,0.0732941,0.0924706,0.0164706,0.0401176,0.0792941,0.0345882,0.115412,0.0642353,0,0.0134118,0.0955882,0.180929,0.0333059,0.161953,0.127106,0.0605059,3.21101,26.1765,252.506,0.541176
0.116197,0.0901408,0.257887,0,0.351972,0.0591549,0.127465,0.110986,0.0853521,0.156056,0.0401408,0.509296,0.0922535,0,0.0311268,0.122958,0.15338,0.225211,1.48197,0,0.466197,0,0.0584507,0,0.624648,0.464648,0.400563,0.206761,0.123944,0.147465,0.0843662,0.0807042,0.0764789,0.0807042,0.18169,0.17,0.207465,0.0101408,0.148592,0.0978873,0.0292958,0.018169,0.155211,0.100563,0.266056,0.114789,0.00267606,0.0922535,0.0327042,0.165268,0.0258028,0.169887,0.0282676,0.0332254,1.98499,11.8732,117.07,0.253521
0.157647,0.0602941,0.280588,0,0.251471,0.0647059,0.28,0.197941,0.0888235,0.118824,0.0988235,0.435588,0.0197059,0.0682353,0.0411765,0.230882,0.214412,0.0852941,1.55794,0,0.701176,0,0,0.0535294,0.325882,0.234706,0.0870588,0.379706,0.157059,0,0,0.0205882,0,0.0205882,0.189118,0.0791176,0.611765,0,0.111176,0,0,0.157059,0.0411765,0.0341176,0.171471,0.0658824,0,0,0.0421176,0.234853,0.00602941,0.347088,0.0955882,0.00558824,3.62635,25.0588,67.8529,0.617647
