0,14.1478,0,0,0,0,0,0,0,0.132222,0,0,0,0,0,0,0,0,0,0,0,0,0,0,0,0,0,0,0,0,0,0,0,0,0,0,0,0,0,0,0,0,0,0,0.132222,0,0,0,0,0,0,0,0,0,1.77778,4.88889,9.02778,0
0.153478,0.124783,0.265435,0.00804348,0.295435,0.106304,0.0395652,0.230435,0.203696,0.299348,0.0923913,0.540435,0.148261,0.0695652,0.0623913,0.32413,0.210435,0.185652,1.49261,0.128696,0.707826,0.652609,0.261522,0.233478,0.461087,0.0893478,0.00586957,0.00543478,0.00326087,0.023913,0.0104348,0,0.0884783,0.00282609,0.0106522,0.118043,0.160217,0.00934783,0.0213043,0.0245652,0.0193478,0.00326087,0.0073913,0.0245652,0.0297826,0.0973913,0.0023913,0.0397826,0.0394565,0.123587,0.0373696,0.200739,0.163326,0.101739,5.77274,124.522,1677.87,0.543478
0.137085,0.0703207,0.276589,0.00376093,0.454694,0.101924,0.11102,0.101983,0.0438484,0.169971,0.0388921,0.480671,0.083586,0.014898,0.0466472,0.352711,0.153032,0.161778,1.65172,0.0259184,0.819708,0.0289213,0.117026,0.0708455,0.497318,0.341166,0.224052,0.194781,0.091691,0.106443,0.0599417,0.0524781,0.0797085,0.055102,0.133994,0.144723,0.151312,0.00317784,0.110262,0.0651604,0.0346939,0.0467055,0.0897376,0.0724198,0.272741,0.17312,0.000816327,0.0406414,0.0227085,0.136598,0.0197405,0.27177,0.0762857,0.078688,2.82602,22.4344,116.178,0.463557
0.153571,0.319286,0.419714,1.295,0.738429,0.178571,0.558286,0.194143,0.0717143,0.385857,0.101571,0.608857,0.129857,0.0565714,0.0142857,0.627429,1.08386,0.286571,2.285,0.402143,1.73,0,0.144571,0.188429,0.00814286,0.00814286,0,0,0,0.0138571,0,0,0.00857143,0,0.00671429,0.0448571,0.114,0.0222857,0.0341429,0.00485714,0,0,0,0,0.0692857,0.02,0,0,0.00505714,0.125071,0.0121714,0.617643,0.168571,0.0319286,8.38504,133.914,227.8,0.928571
0.121908,0.110329,0.242171,0.688553,0.418618,0.114803,0.0638158,0.112039,0.207105,0.240855,0.0923026,0.686184,0.120461,0.045,0.0431579,0.203947,0.245526,0.168092,1.65855,0.0753947,0.735921,0.769868,0.177566,0.135724,0.655724,0.195987,0.0279605,0.0311842,0.0265132,0.0325,0.0122368,0.0136842,0.0823026,0.01125,0.04125,0.0744079,0.122303,0.0227632,0.0192105,0.0118421,0.0334868,0.0474342,0.0185526,0.0107895,0.0590132,0.0834211,0.0208553,0.02375,0.107092,0.126776,0.0129013,0.187566,0.0932763,0.0852829,4.23003,47,464.829,0.578947
0,0,0,0,0,0,0,0,0,0,0,0,0,0,0,0.325203,0,0,0,0,0,0,0,0,0.0903252,0.116098,20.068,0,0,0,0,0,0,0,0,0,0,0,0,0,0,0.18065,0,0,0.0541463,0,0,0,0,0.0285203,0,0.00934146,0,0,1.20634,1.6748,5.45528,0
0.365,0.6675,0.803125,0,0.395625,0.266875,0.106875,0.357812,0.40375,1.20469,0.12625,1.29063,0.1025,0.2575,0.26125,0.389375,0.195938,0.553437,2.05125,0.338437,2.94375,0.011875,0.436563,0.23,0,0,0,0,0,0,0,0,0.0203125,0,0.0396875,0.013125,0.11375,0.01125,0,0,0,0,0.0115625,0,0.06125,0,0,0,0.009,0.153281,0.0552188,0.925875,0.194281,0.0658125,33.131,548.094,834.406,1
0.157181,0.0943624,0.34302,0.00187919,0.321208,0.140336,0.0628859,0.178389,0.236443,0.277181,0.088255,0.738993,0.0983221,0.0980537,0.0226846,0.188792,0.273356,0.0995973,1.44503,0.169799,1.22128,0.211879,0.137315,0.164094,0.793221,0.154899,0.0146309,0.00563758,0.00644295,0.0131544,0.0112081,0.00100671,0.10349,0.00302013,0.0120134,0.0624832,0.16094,0.0165772,0.0227517,0.0208054,0.0679195,0.0768456,0.00932886,0.0158389,0.0603356,0.213356,0.00241611,0.00711409,0.0814564,0.169054,0.0170134,0.281946,0.0977584,0.0612416,4.25561,64.7315,584.624,0.577181
0.0931276,0.102593,0.353251,0.00358025,0.366667,0.142016,0.155103,0.155226,0.0700823,0.24572,0.0942387,0.487778,0.11284,0.0411111,0.0277366,0.295679,0.176296,0.217901,1.58794,0.12251,0.903128,0.014321,0.159753,0.083786,0.553128,0.298395,0.0997942,0.132551,0.057037,0.108724,0.0516872,0.0275309,0.15749,0.0275309,0.103951,0.101235,0.203045,0.00909465,0.0579012,0.0725926,0.0702058,0.0316872,0.0585597,0.0580658,0.149506,0.178107,0.0044856,0.0328395,0.0402716,0.145416,0.0157243,0.249313,0.0824815,0.0288971,3.22284,34.7613,198.959,0.514403
0.123173,0.152212,0.386827,0.137596,0.296442,0.119135,0.0879808,0.184135,0.423558,0.510385,0.121923,0.540481,0.127885,0.0642308,0.134423,0.267692,0.150288,0.367981,1.41615,0.175096,0.925096,0.902885,0.124135,0.196154,0.495385,0.149135,0.03,0.0244231,0.00548077,0.0263462,0.0195192,0.00182692,0.121635,0.00365385,0.123558,0.0320192,0.137212,0.00173077,0.0323077,0.0310577,0.00923077,0.0268269,0.00519231,0.0120192,0.03625,0.0361538,0.00634615,0.0283654,0.0588654,0.107587,0.0431154,0.358625,0.178442,0.10376,4.69535,77.2019,969.981,0.682692
0.0819204,0.106651,0.220843,0.00316159,0.293653,0.0695785,0.153044,0.158548,0.0507494,0.290984,0.0578689,0.477471,0.0868384,0.0644731,0.0181265,0.316581,0.123536,0.188946,1.81098,0.0651522,0.797611,0.0246838,0.0806089,0.0749649,0.508361,0.350047,0.232248,0.231874,0.0683138,0.124052,0.0635363,0.067377,0.0679391,0.067377,0.111897,0.135363,0.130304,0.00608899,0.0983138,0.0553162,0.0245199,0.0610773,0.0740515,0.0870492,0.294707,0.217822,0.0102342,0.0254801,0.0182272,0.145487,0.0101522,0.250953,0.0539696,0.0354614,2.85939,19.911,85.5012,0.419204
0.151344,0.0736253,0.270061,0.00270876,0.191527,0.061833,0.123218,0.105764,0.0165784,0.179043,0.0852342,0.637373,0.0766802,0.00761711,0.0341752,0.178921,0.0987576,0.181874,1.5577,0.0128717,0.92222,0,0.0397556,0.0731976,0.782424,0.367658,0.195356,0.233218,0.106517,0.190448,0.0817923,0.0537271,0.192566,0.0537271,0.188106,0.116701,0.235051,0.00545825,0.116884,0.0651935,0.0374134,0.136354,0.0712627,0.102261,0.254949,0.264582,0.00254582,0.0343585,0.0137454,0.159151,0.0135275,0.262238,0.040831,0.0744297,2.45302,12.6986,59.7312,0.305499
0.30617,0.144894,0.280426,0.0917021,0.0723404,0.106809,0.0193617,0.139787,0.221064,0.399574,0.144681,0.630213,0.341064,0.652766,0.0255319,0.158936,0.276596,0.12,1.86936,0.0476596,0.868511,0.0334043,0.447021,0.28766,0.0951064,0.0604255,0.00510638,0.00148936,0.00212766,0.00382979,0,0,0.309362,0,0,0.0297872,0.176383,0.00148936,0.00659574,0.017234,0.0246809,0.00765957,0.00446809,0.0159574,0.0421277,0.0568085,0.00978723,0.0502128,0.0292553,0.115766,0.00757447,0.24734,0.329319,0.0877872,5.44715,185.447,3357.47,0.744681
0,0,0,0.04,0,0,0,0,0,0,0,0,0,0,0,0.02,0,0,0.02,0,0,0,0,0,0,0,0,0,0,0,0,0,0,0,0,0,0,0,0,0,0,0,0,0,0,0,0,0,1.024,9.752,0.003,1.542,1.785,1.998,239.571,9989,10062,1
0.0928986,0.0873913,0.265942,0.277681,0.258841,0.0771014,0.065942,0.0634783,0.295217,0.362899,0.0817391,0.461304,0.134783,0.145797,0.093913,0.283913,0.0591304,0.246812,1.34826,0.248696,0.882464,0.87,0.0985507,0.0943478,0.372899,0.174783,0.0310145,0.0185507,0.00855072,0.016087,0.0324638,0.00130435,0.0776812,0.00130435,0.10058,0.0236232,0.166522,0.00057971,0.0166667,0.0389855,0.00971014,0.0353623,0.00869565,0.0111594,0.0413043,0.0491304,0.015942,0.0382609,0.0344928,0.153725,0.0202754,0.224087,0.127522,0.104116,6.15028,101.159,1231.72,0.594203
0.12,0.01,0.245,0,0.115,0.1475,0,0.0725,0.0725,0.235,0.0925,0.1025,0.09,0,0.0475,0.105,0.0975,0.095,0.755,0.01,0.3025,2.3825,0.1725,0.1375,0,0,0,0,0,0,0,0,0,0.035,0,0.01,0,0,0.02,0,0,0,0,0,0.0475,0,0,0,0.28175,0.07375,0.0105,0.105,0.0225,0.0035,11.9865,375,10795.5,1
0.0796399,0.0740098,0.245434,0,0.234517,0.0567921,0.0835025,0.0464975,0.0370376,0.191637,0.0237152,0.574386,0.0868412,0.0463502,0.00942717,0.225908,0.0538789,0.129313,1.79681,0.00972177,0.568003,0,0.0394763,0.0614894,1.03327,0.500524,0.451522,0.270671,0.268478,0.260344,0.220262,0.171669,0.0853846,0.171669,0.248707,0.238363,0.18018,0.0136661,0.158085,0.178822,0.0860556,0.237005,0.0433552,0.128183,0.434337,0.167643,0.00166939,0.0342717,0.0221489,0.16847,0.0143142,0.197149,0.0455941,0.01482,2.05431,8.60065,34.5794,0.193126
0.149118,0.144559,0.814706,0.1375,0.701176,0.5125,0.276912,0.138676,0.561618,0.455441,0.200294,0.596324,0.148529,0.0785294,0.952794,0.300294,0.126765,0.748971,1.495,0.812353,0.924706,0.085,0.51,0.142353,0.0504412,0.00132353,0.0214706,0.00705882,0,0.00852941,0,0,0.00308824,0.00558824,0.00426471,0,0.0127941,0,0,0.0395588,0,0,0.0823529,0.0117647,0.0441176,0.0358824,0,0,0.0085,0.0750147,0.00110294,0.446044,0.15775,0.0201324,107.569,788.691,1411.74,0.985294
0.0544526,0.052,0.202161,0,0.279723,0.0392993,0.0268905,0.0472409,0.00788321,0.132715,0.00585401,0.473591,0.0497664,0.0717372,0,0.148029,0.0197518,0.127898,1.94247,0.0392701,0.498453,0,0.00309489,0.0690365,0.298146,0.135518,0.531854,0.0149197,0.155854,0.0324672,0.0182482,0,0.115606,0,0.0433869,0.0174161,0.0282774,0.0440584,0.0686715,0.00310949,0.0742482,0.376409,0.0246569,0.18981,0.803533,0.362876,0.00743066,0.0600146,0.0211577,0.0990219,0.0226307,0.256927,0.00418832,0.00127591,1.44703,3.17664,11.6759,0.0788321
0.085184,0.142147,0.327209,0.00604294,0.426411,0.187362,0.164448,0.107761,0.0485583,0.24092,0.0519325,0.633221,0.0906135,0.00588957,0.0515031,0.245184,0.162209,0.235429,1.69322,0.111994,1.15819,0.0400307,0.152638,0.113313,0.535153,0.299141,0.190613,0.137025,0.0833129,0.124939,0.0594479,0.0573926,0.0873313,0.0605828,0.100982,0.0908589,0.159141,0.000705521,0.102853,0.0844785,0.0386196,0.0457362,0.0756748,0.0151534,0.215123,0.0780982,0.00815951,0.0130675,0.0224755,0.158715,0.0206902,0.233702,0.0714877,0.0174509,3.24901,27.1135,150.445,0.509202
0.160714,0.196531,0.390714,0.446531,0.299796,0.148673,0.0529592,0.112755,0.334592,0.378163,0.0829592,0.693571,0.211327,0.147653,0.222857,0.122143,0.155,0.196531,1.75041,0.137551,1.00337,0.00173469,0.167449,0.218265,0.739796,0.175,0.0273469,0.02,0.0133673,0.032551,0.0177551,0.00438776,0.0728571,0.00438776,0.0362245,0.0528571,0.0927551,0.00653061,0.0179592,0.0392857,0.00765306,0.127245,0.0345918,0.012551,0.0427551,0.0260204,0.00469388,0.0202041,0.12451,0.152102,0.0158265,0.842735,0.241857,0.0258776,4.62887,89.7143,738.969,0.602041
0.0925581,0.244651,0.412791,0.0325581,0.50093,0.0225581,0.811163,0.318372,0.324419,0.677907,0.297442,0.833488,0.0651163,0.0555814,0.0755814,1.12744,0.972791,0.115349,1.73442,0.25186,1.83023,0,0.152791,0.106977,0.035814,0.0302326,0.153256,0.0134884,0.0116279,0.00581395,0.146512,0,0,0.00674419,0.0460465,0.00534884,0.143488,0,0.0248837,0.44186,0,0.00465116,0,0,0.0897674,0,0,0.0411628,0.0173721,0.139907,0.013814,0.550349,0.173744,0.0450698,40.765,284.744,428.977,0.697674
0.314865,0.276757,0.336486,0.00351351,0.248919,0.0745946,0.0389189,0.149459,0.425676,0.528919,0.214054,0.579189,0.367838,0.723243,0.0859459,0.259189,0.332432,0.11027,2.41297,0.0359459,1.0927,0.0454054,0.393784,0.371622,0.0959459,0.0994595,0.00162162,0.000540541,0.000540541,0,0,0,0.123243,0,0.00189189,0.0321622,0.133784,0.00297297,0.00243243,0.0391892,0.00432432,0.00216216,0.00621622,0.00378378,0.0594595,0.0194595,0.00189189,0.0156757,0.0328378,0.100892,0.0108919,0.335595,0.430541,0.0987568,7.64754,346.757,2344.32,0.864865
0.120894,0.180447,0.388156,0.0169832,0.36838,0.116983,0.231508,0.143631,0.140056,0.333575,0.0707821,0.479497,0.0859777,0.0296089,0.0515084,0.266704,0.195531,0.260894,1.74877,0.165028,0.976257,0.572011,0.129832,0.0842458,0.406648,0.161564,0.0888827,0.0732402,0.0478771,0.0484916,0.0401117,0.0158101,0.0288827,0.0158101,0.0534078,0.0581564,0.13933,0.0213408,0.0430168,0.0627374,0.0181006,0.0439665,0.0365363,0.0412849,0.146034,0.144804,0.0162011,0.0395531,0.212017,0.141017,0.012067,0.315475,0.132553,0.138933,5.36868,65.2402,356.709,0.592179
0.0907373,0.1,0.309954,0.0126728,0.37977,0.125806,0.0968664,0.0976037,0.0635484,0.223641,0.0636866,0.541336,0.142442,0.0251613,0.0473733,0.210922,0.203825,0.250092,1.53641,0.100737,0.782166,0.307005,0.17659,0.0805069,0.579447,0.239447,0.113226,0.0724885,0.0625346,0.0740553,0.0348387,0.0334562,0.0712903,0.0363134,0.0622581,0.0872811,0.160645,0.00119816,0.0375576,0.0572811,0.0186175,0.0338249,0.0479263,0.0336866,0.153733,0.154516,0,0.0220737,0.0664931,0.161862,0.0260046,0.230673,0.114885,0.0582258,3.59096,40.0783,268.461,0.552995
