0.0826008,0.342192,0.216383,0,0.2237,0.0466427,0.0650193,0.0526394,0.0172612,0.154909,0.0302927,0.498415,0.0587521,0.0448371,0.00790171,0.193142,0.0417891,0.127129,1.65351,0.0208448,0.588669,0,0.021016,0.0641358,0.62899,0.299337,1.75806,0.142562,0.170519,0.140525,0.0995086,0.0693043,0.113937,0.0693043,0.139663,0.109288,0.109492,0.0227554,0.101193,0.0756543,0.063672,0.263816,0.0330756,0.134511,0.503451,0.247051,0.00337383,0.0399724,0.0179105,0.124098,0.0153589,0.215356,0.0248156,0.0250845,1.84191,6.76588,27.6549,0.155715
0.2472,0.2384,0.318,0.0024,0.256,0.0884,0.0512,0.1508,0.3408,0.4388,0.1744,0.574,0.31,0.5536,0.0364,0.3004,0.2828,0.0972,2.2524,0.0412,1.0428,0.0672,0.2636,0.3192,0.5796,0.0528,0.0012,0,0.0008,0.0132,0,0,0.042,0,0.01,0.0568,0.0728,0.0024,0.0112,0.0204,0.014,0.004,0.0044,0.016,0.0448,0.0588,0.002,0.0356,0.02236,0.09348,0.00964,0.31796,0.35748,0.08928,5.7268,144.2,2162.6,0.76
0,0,0,0.04,0,0,0,0,0,0,0,0,0,0,0,0.02,0,0,0.02,0,0,0,0,0,0,0,0,0,0,0,0,0,0,0,0,0,0,0,0,0,0,0,0,0,0,0,0,0,1.024,9.752,0.003,1.542,1.785,1.998,239.571,9989,10062,1
0.316364,0.0918182,1.43545,0,0.983636,0,0.0890909,0,0.47,0.713636,0.0609091,0.0609091,0.03,0,0,0.144545,0,0.152727,0.500909,0.757273,0.703636,0,0,0,0.286364,0,0.132727,0.0263636,0,0.0527273,0,0,0,0,0,0,0.0527273,0,0,0,0,0,0,0,0,0,0,0,0,0.0125455,0,0.763182,0.0781818,0,410.545,1239.45,1293.27,0.909091
0.121215,0.120313,0.35691,0.0859722,0.282882,0.1075,0.0912847,0.141042,0.102986,0.243681,0.0814236,0.493611,0.0978472,0.0228819,0.0310069,0.28375,0.19566,0.229931,1.64184,0.200937,0.884688,0.597222,0.147674,0.0959722,0.518299,0.196528,0.0815278,0.0555903,0.0446181,0.0482639,0.0299306,0.0132639,0.04125,0.0143056,0.0520486,0.0651042,0.173125,0.0139236,0.0307639,0.0461458,0.0290625,0.0415972,0.0356597,0.0317361,0.125208,0.202535,0.0100694,0.0323611,0.186792,0.149146,0.0209063,0.278698,0.12334,0.112205,4.29224,54.4444,332.229,0.545139
0.345,0.1655,0.3,0,0.0635,0.11725,0.02075,0.14525,0.241,0.416,0.1625,0.70075,0.37075,0.76575,0.023,0.1845,0.3015,0.10975,2.0635,0.05575,0.9435,0.032,0.50525,0.3145,0.11175,0.071,0.00525,0.00075,0.00175,0.0045,0,0,0.25475,0,0,0.02025,0.135,0.00125,0.0045,0.013,0.0095,0.00725,0.00325,0.016,0.03975,0.02375,0.0095,0.0305,0.02165,0.11085,0.004925,0.26105,0.379275,0.0982,5.21087,173.725,3287.55,0.825
0.0966667,0.0133333,0.2,0,0.153333,0.133333,0,0.0966667,0.0966667,0.313333,0.06,0.0733333,0.12,0,0.0633333,0.0133333,0.13,0.0633333,0.626667,0.0133333,0.276667,3.17667,0.23,0.183333,0,0,0,0,0,0,0,0,0,0.0466667,0,0.0133333,0,0,0.0266667,0,0,0,0,0,0.0633333,0,0,0,0.372333,0.095,0.014,0.14,0.03,0.00366667,15.1877,493,9113.67,1
0.117586,0.191897,0.699655,0.157931,0.64569,0.617931,0.312931,0.176379,0.585517,0.452069,0.239655,0.723448,0.178621,0.092069,1.14224,0.321207,0.182759,0.897241,1.76621,0.878793,1.03603,0.0996552,0.611724,0.178621,0.00155172,0.00155172,0,0,0,0,0,0,0.0062069,0,0.00724138,0,0.005,0,0,0.0463793,0,0,0.105,0.0137931,0.0517241,0.042069,0,0,0.00996552,0.0919828,0.0012931,0.382293,0.154741,0.0245517,12.2922,640.534,1397.19,1
0.005,0.005,0.035,0,0.025,0,0,0.005,0.015,0.065,0.025,0,0,0.025,0,0,0.005,0.035,0.005,0,0.005,0,0,0,0,0,0,0,0,0,0,0,0.035,0,0,0.065,0,0,0,0.005,0.23,0,0,0.015,0,0.4,0.005,0.035,0.036,0.1615,0.075,0.012,0.056,0.012,3.0295,43.5,5648.5,0
0.19,0,0.38,0,0,0.19,0,0,0,0,0.19,0.19,0,0,0,0.38,0,0.19,1.14,0,0.38,0,0,0,0,0,0,0,0,0,0,0,0,0,0,0,0,0,0,0,0,0,0,0,0,0,0,0,0.01,0.01,0,0,0,0.003,2.383,21,15841,1
0.084359,0.10641,0.304103,0.491282,0.248974,0.0910256,0.0748718,0.0351282,0.285641,0.195641,0.0710256,0.447179,0.112308,0.0387179,0.0882051,0.213333,0.0579487,0.177692,1.32436,0.0741026,0.722051,1.06744,0.132564,0.0928205,0.328205,0.183077,0.0205128,0.0120513,0.0128205,0.00794872,0.0171795,0,0.0615385,0,0.125385,0.0279487,0.115128,0.00102564,0.0228205,0.0110256,0.00179487,0.0374359,0,0.015641,0.0241026,0.0264103,0.00307692,0.0107692,0.038,0.165256,0.0264615,0.194949,0.121615,0.128641,5.82638,98.6923,1343.95,0.615385
0.107381,0.162143,0.387262,0.678095,0.297262,0.113571,0.0584524,0.20131,0.319167,0.522143,0.117262,0.549643,0.153214,0.0847619,0.154405,0.238571,0.180595,0.308929,1.32155,0.145833,0.883333,0.588571,0.107024,0.156786,0.572381,0.170833,0.0329762,0.0288095,0.0110714,0.0332143,0.0238095,0.0022619,0.137857,0.00452381,0.0717857,0.0388095,0.136071,0.00154762,0.0355952,0.0336905,0.0102381,0.015,0.00488095,0.00321429,0.0380952,0.0411905,0.00369048,0.0357143,0.0523333,0.114381,0.0250119,0.298476,0.117381,0.0851548,4.59201,81.119,909.619,0.654762
0.190662,0.183162,0.391985,0.00698529,0.340074,0.175441,0.0733824,0.157941,0.328309,0.375956,0.102574,0.71625,0.151912,0.133162,0.161618,0.158382,0.25875,0.154853,1.66044,0.202426,1.08919,0.232132,0.133456,0.250147,0.67375,0.146985,0.0233088,0.0168382,0.00808824,0.0216912,0.0133824,0.00426471,0.0805147,0.00426471,0.0245588,0.0565441,0.0934559,0.00904412,0.0134559,0.0397059,0.0146324,0.134485,0.0295588,0.0129412,0.0477941,0.04875,0.00404412,0.0121324,0.129831,0.154449,0.0113456,0.720265,0.22014,0.0366324,4.61259,85.7206,686.831,0.595588
0.119871,0.0955603,0.279828,0.450431,0.373793,0.113621,0.0547414,0.122974,0.208534,0.231595,0.0821552,0.715129,0.120991,0.0657759,0.0375431,0.19444,0.227672,0.14431,1.55737,0.0888362,0.93306,0.398103,0.188534,0.128707,0.767759,0.167672,0.0178448,0.0177586,0.0190948,0.0221121,0.010431,0.00719828,0.0952586,0.0050431,0.028319,0.0713362,0.139828,0.0230172,0.0239224,0.0111638,0.0494828,0.0528448,0.0123707,0.0140517,0.062931,0.161379,0.0148276,0.0177586,0.0581595,0.145707,0.0143578,0.211763,0.0859784,0.0760431,4.2001,51.4267,507.151,0.590517
0.35,0.08,0.35,0,0.35,0,0,0.52,0.61,1.76,0.17,0.26,0.79,0,0.26,0,0.7,0.35,2.64,0,2.03,0,0.61,0.7,0,0,0,0,0,0,0,0,0,0,0,0.08,0,0,0.08,0.17,0,0,0,0,0.17,0,0,0,0,0.081,0,0.556,0.069,0.011,19.234,1170,3116,1
0.43871,0.582258,0.811613,0,0.421613,0.243548,0.110323,0.343548,0.390968,1.15581,0.124194,1.30677,0.0867742,0.265806,0.222581,0.426774,0.138387,0.486129,2.01645,0.32,2.94323,0.0122581,0.424839,0.232258,0,0,0,0,0,0,0,0,0.0209677,0,0.0367742,0.0135484,0.117419,0.0116129,0,0,0,0,0.00580645,0,0.0632258,0,0,0.0248387,0.00929032,0.157032,0.057,0.948774,0.188806,0.0659032,37.4566,551.581,805.258,1
0.0880074,0.160223,0.346238,0.135922,0.438603,0.146741,0.187505,0.12797,0.0698696,0.275605,0.0739479,0.566704,0.127505,0.0354562,0.0382495,0.273948,0.290149,0.253333,1.65475,0.114413,0.99946,0.0691434,0.157654,0.0888454,0.492309,0.248678,0.129143,0.111341,0.0679143,0.104171,0.0496834,0.0411918,0.114469,0.0417877,0.0898883,0.0937244,0.177467,0.00715084,0.0685661,0.0788827,0.0418063,0.0376536,0.0649162,0.0402048,0.155512,0.112272,0.00329609,0.0263501,0.0381676,0.151626,0.0179311,0.280972,0.0985922,0.0335475,3.73236,42.4488,202.583,0.566108
0.295,0.045,0.275,0,0.145,0.045,0,0.37,0.295,1.045,0.145,0.12,0.145,0,0.195,0.045,0.395,0.425,2.06,0.045,0.845,0,0.925,0.495,0,0,0,0,0,0,0,0,0,0,0,0.12,0,0,0.045,0.465,0,0,0,0,0.095,0,0,0,0.0575,0.0745,0,0.2145,0.078,0.0055,39.1215,1338,2651,1
0.132857,0.092,0.306429,0.00228571,0.303143,0.100429,0.0988571,0.109286,0.459286,0.460857,0.0952857,0.536286,0.135286,0.148571,0.0715714,0.308143,0.0684286,0.362857,1.617,0.269714,1.07771,0.963286,0.103286,0.191714,0.364,0.156,0.03,0.0198571,0.00128571,0.021,0.0334286,0.00128571,0.0798571,0.00128571,0.140286,0.0207143,0.170857,0.000714286,0.0188571,0.043,0.01,0.0405714,0.00771429,0.0195714,0.0412857,0.038,0.019,0.0377143,0.0489857,0.113886,0.0505714,0.348829,0.229443,0.100471,5.59346,81.0143,1099.27,0.642857
0.101501,0.0871067,0.254629,0.00537071,0.362857,0.100624,0.134367,0.13113,0.0454611,0.224846,0.0485081,0.521962,0.0914828,0.0307685,0.0417269,0.300904,0.144376,0.182224,1.70097,0.0572604,0.844919,0.0196203,0.104448,0.0779837,0.530235,0.349494,0.209882,0.205289,0.0806148,0.121347,0.0592857,0.0565009,0.0822785,0.058255,0.119973,0.128996,0.165054,0.0035443,0.104738,0.0599458,0.0338788,0.0560759,0.0833454,0.0724503,0.276076,0.18066,0.00712477,0.0293671,0.0201239,0.151874,0.0165136,0.256663,0.060953,0.0413779,2.84148,21.0787,103.364,0.435805
0.132,0.094,0.223,0.444,0.109,0.07,0.022,0.075,0.157,0.208,0.065,0.373,0.138,0.226,0.012,0.064,0.118,0.12,0.936,0.003,0.399,0.029,0.117,0.128,0.258,0.266,0.006,0.006,0.005,0,0,0,0.823,0,0,0.078,0.703,0.007,0.005,0.013,0.048,0.013,0.018,0.022,0.084,0.154,0.009,0.165,0.0943,0.1721,0.0242,0.1358,0.124,0.043,4.4057,96.7,2744.5,0.4
0.466,0.398,0.343,0,0.252,0.046,0.025,0.169,0.564,0.602,0.302,0.655,0.582,1.108,0.202,0.203,0.393,0.129,2.952,0.032,1.3,0,0.587,0.498,0,0,0,0,0,0,0,0,0,0,0.006,0,0,0,0,0.006,0,0,0.012,0,0.041,0.006,0,0,0.0086,0.0839,0,0.4366,0.6352,0.1195,7.2398,663.1,2384.7,1
0.195,0.5,0.4,0.095,0.58,0,0,0,0.39,0.19,0,0.2,0,0,0,0.1,0,0,0.195,0.19,0.39,0,0,0.2,0.095,0,0,0.095,0,0,0,0,0,0.19,0,0,0,0,0,0,0,0,0,0,0,0,0,0,0,0.035,0,0.4155,0.7295,0.015,1062,2123,2124,1
0.0640299,0.278358,0.388657,0.0208955,0.557612,0.139552,1.0206,0.223881,0.24,0.640299,0.209552,0.685075,0.041791,0.0356716,0.0586567,0.770448,0.720299,0.248358,2.04463,0.181194,1.80403,0,0.115522,0.0977612,0.0440299,0.019403,0.0983582,0.0297015,0.00746269,0.00373134,0.10806,0,0,0.0107463,0.050597,0.0113433,0.0920896,0,0.0440299,0.283582,0,0.00298507,0,0,0.157015,0,0,0.0149254,0.0115672,0.137299,0.00886567,0.505627,0.171224,0.0457313,29.7565,235.657,404.239,0.776119
0.167941,0.132059,0.267353,0.00911765,0.313824,0.114706,0.035,0.275294,0.222059,0.344706,0.100294,0.543824,0.149706,0.0779412,0.0723529,0.4,0.265,0.199118,1.52176,0.167941,0.729118,0.748529,0.301176,0.244706,0.148824,0.0805882,0.00676471,0.00382353,0.00382353,0.0202941,0.0105882,0,0.102647,0.00382353,0.00617647,0.120588,0.181176,0.0126471,0.0205882,0.0311765,0.0158824,0.00205882,0.00705882,0.0164706,0.0338235,0.0897059,0.00323529,0.0252941,0.0472647,0.123912,0.0446765,0.206382,0.144206,0.111382,5.71191,135,1656.65,0.558824
