0.148421,0.113684,0.381842,0.00421053,0.281842,0.14,0.143947,0.202895,0.621579,0.489737,0.117368,0.569737,0.104737,0.0539474,0.0978947,0.316053,0.0852632,0.365263,1.69605,0.221579,1.095,1.17,0.117368,0.238158,0.317632,0.161053,0.0189474,0.00815789,0,0.0181579,0.0171053,0,0.111053,0,0.203421,0.0207895,0.153684,0.00368421,0.0328947,0.0197368,0.0197368,0.0489474,0.00631579,0.0273684,0.03,0.0826316,0.0115789,0.0115789,0.0741316,0.121316,0.0825526,0.427553,0.202237,0.114079,4.383,60.5526,1043.92,0.710526
0.19,0,0.38,0,0,0.19,0,0,0,0,0.19,0.19,0,0,0,0.38,0,0.19,1.14,0,0.38,0,0,0,0,0,0,0,0,0,0,0,0,0,0,0,0,0,0,0,0,0,0,0,0,0,0,0,0.01,0.01,0,0,0,0.003,2.383,21,15841,1
0.0504688,0.0712187,0.253969,0,0.327219,0.0454375,0.0524687,0.0480312,0.0112187,0.158312,0.0125312,0.765313,0.0695625,0.076375,0,0.166875,0.033375,0.178844,1.88988,0.02725,0.4855,0,0.006625,0.0444375,0.142125,0.0996562,0.475562,0.0319375,0.202156,0.0565,0,0,0.1915,0,0.030375,0.01325,0.0605312,0.0366875,0.0771563,0.00665625,0.134,0.41525,0.0527812,0.11025,0.438969,0.345,0.009125,0.0494062,0.0317906,0.107297,0.0159875,0.243456,0.0034,0.00273125,1.65821,4.4125,16.7937,0.103125
0,0,0,0.04,0,0,0,0,0,0,0,0,0,0,0,0.02,0,0,0.02,0,0,0,0,0,0,0,0,0,0,0,0,0,0,0,0,0,0,0,0,0,0,0,0,0,0,0,0,0,1.024,9.752,0.003,1.542,1.785,1.998,239.571,9989,10062,1
0.203333,0.126667,0.24,0.0433333,0.0933333,0.0866667,0.0166667,0.09,0.266667,0.21,0.103333,0.483333,0.133333,0.393333,0.0233333,0.08,0.12,0.0733333,1.09,0,0.453333,0,0.21,0.173333,0.466667,0.48,0.01,0.00666667,0.00666667,0,0,0,0.596667,0,0,0.0833333,0.7,0.0166667,0,0,0.02,0.0133333,0.00666667,0.04,0.0266667,0.0966667,0.00666667,0.05,0.086,0.161333,0.0603333,0.122,0.182333,0.044,3.70867,90.6667,2696.67,0.333333
0.01,0.01,0.07,0,0.05,0,0,0.01,0.03,0.13,0.05,0,0,0.05,0,0,0.01,0.07,0.01,0,0.01,0,0,0,0,0,0,0,0,0,0,0,0.07,0,0,0.13,0,0,0,0.01,0.46,0,0,0.03,0,0.8,0.01,0.07,0.05,0.301,0.131,0.002,0.09,0.002,2.577,82,5395,0
0.122537,0.119851,0.41209,0.0422388,0.290149,0.104179,0.0773134,0.0956716,0.206418,0.333731,0.102985,0.47806,0.134925,0.0343284,0.107612,0.324925,0.189851,0.243582,1.56507,0.117463,0.857015,0.573731,0.220746,0.122836,0.360448,0.160448,0.0889552,0.110896,0.0556716,0.0595522,0.0361194,0.0289552,0.0261194,0.0289552,0.0565672,0.0613433,0.0913433,0.0570149,0.0540299,0.0746269,0.0138806,0.106866,0.0349254,0.00477612,0.0929851,0.0580597,0.0225373,0.0547761,0.261612,0.152522,0.00844776,0.284134,0.0910597,0.143299,3.51287,42.1642,374.104,0.597015
0.157593,0.0811111,0.327778,0.232407,0.362778,0.134074,0.0824074,0.108148,0.224444,0.336296,0.0811111,0.676481,0.116111,0.109444,0.0264815,0.19537,0.142037,0.0759259,1.77389,0.0544444,1.32259,0.493519,0.156296,0.126111,0.310185,0.137778,0.00981481,0.0218519,0.0151852,0.0337037,0.00296296,0,0.114444,0,0.0422222,0.0311111,0.114815,0.0157407,0.0509259,0.01,0.0601852,0.0677778,0.0037037,0.0114815,0.0938889,0.412963,0.0453704,0.0274074,0.0448148,0.162315,0.0243889,0.191907,0.0660556,0.0816852,4.15465,54.3704,528.963,0.685185
0.10425,0.17975,0.88675,0,0.62725,0.81575,0.37825,0.1905,0.71275,0.3415,0.223,0.77275,0.2145,0,1.498,0.24,0.09075,1.13475,1.661,0.1965,0.7225,0,0.7085,0.1415,0.00225,0.00225,0,0,0,0,0,0,0,0,0.005,0,0.00725,0,0,0.04125,0,0,0.136,0.02,0.073,0.059,0,0,0.004475,0.094325,0,0.388925,0.15765,0.015275,8.5946,667.025,1371.35,1
0,0.08,0.25,0,0.84,0.25,0.08,0.33,0,0.16,0.08,0.76,0,0.08,0,1.605,0.76,0.33,1.56,0.33,0.5,0.84,0.42,0.08,0,0,0,0,0,0,0,0,0,0,0,0.25,0.08,0,0,0.08,0,0,0,0,0,0,0,0,0,0.047,0.015,0.51,0.157,0.3295,7.2585,292,2047,1
0,0,0.28,0,0.16,0.18,0,0,0,0,0.02,0.09,0.11,0,0,0,0,0,0.14,0,0.02,0,0,0.04,0,0,0,0,0,0,0,0,0,0.07,0,0,0,0,0.02,0,0,0,0,0,0,0,0,0,0,0.116,0.021,0.032,0,0,16.6155,154,9089,1
0.202857,0.177143,0.397143,0,0.585714,0.184286,0.101429,0.425714,0.185714,0.732857,0.148571,0.518571,0.201429,0.0885714,0.115714,0.754286,0.444286,0.287143,2.15286,0.122857,1.16143,0,0.547143,0.307143,0,0,0,0,0,0,0,0,0,0.0185714,0,0.16,0.171429,0,0.0157143,0.0528571,0,0,0,0,0.0328571,0.0757143,0,0.0185714,0.0145714,0.0991429,0.00942857,0.305143,0.393571,0.133571,8.67243,213.286,1518.43,0.857143
0.084,0.0709091,0.221636,0.140364,0.420364,0.111455,0.0469091,0.149091,0.104545,0.185273,0.0841818,0.602909,0.137091,0.0441818,0.032,0.266182,0.229818,0.120182,1.66891,0.034,0.684364,0.775636,0.165091,0.0549091,0.886,0.240909,0.046,0.0310909,0.0450909,0.0370909,0.0172727,0.0172727,0.0723636,0.0172727,0.0456364,0.0963636,0.163273,0.0385455,0.0183636,0.0467273,0.0452727,0.0378182,0.0376364,0.00763636,0.0787273,0.0712727,0.016,0.0198182,0.231236,0.119382,0.0160182,0.149564,0.0809091,0.0711091,3.36376,35.9636,427.127,0.454545
0.508889,0.105556,0.37,0,0.0422222,0.198889,0.00222222,0.154444,0.186667,0.297778,0.236667,0.924444,0.538889,0.947778,0.0611111,0.321111,0.385556,0.196667,2.45333,0.17,0.997778,0,0.232222,0.504444,0,0,0.00111111,0,0.00333333,0.00111111,0,0,0.172222,0,0,0.0255556,0.0911111,0,0.00111111,0.04,0.00666667,0.01,0,0.0255556,0.0644444,0.0133333,0.0222222,0.0633333,0.0175556,0.192778,0.000222222,0.418778,0.289778,0.112222,4.24444,125.333,3531.56,0.888889
0.195,0.5,0.4,0.095,0.58,0,0,0,0.39,0.19,0,0.2,0,0,0,0.1,0,0,0.195,0.19,0.39,0,0,0.2,0.095,0,0,0.095,0,0,0,0,0,0.19,0,0,0,0,0,0,0,0,0,0,0,0,0,0,0,0.035,0,0.4155,0.7295,0.015,1062,2123,2124,1
0.274615,0.529231,0.641538,0.0376923,0.320769,0.0315385,0.46,0,0.221538,1.05,0.0723077,1.11308,0.0430769,0.101538,0.231538,1.62538,0.382308,0.0292308,2.15769,0,1.66462,0,0.0630769,0.191538,0.0223077,0.0223077,0.0223077,0.0446154,0,0,0,0,0,0.0223077,0.0446154,0.0176923,0.0469231,0,0,0,0,0,0,0,0.138462,0,0,0.0592308,0.012,0.0611538,0,0.807923,0.398692,0.062,49.7945,371.615,524.308,0.923077
0.0764286,0.0754545,0.320779,0.0136364,0.385974,0.230455,0.140779,0.156234,0.0305844,0.266039,0.0388961,0.547922,0.100844,0.00902597,0.0135714,0.25026,0.12026,0.185065,1.68143,0.0111688,1.16097,0,0.118117,0.123312,0.597987,0.422727,0.217403,0.16987,0.106558,0.140844,0.0696753,0.0523377,0.0954545,0.0503247,0.122662,0.121753,0.119221,0.00149351,0.0752597,0.062987,0.0515584,0.0403247,0.075,0.0281169,0.269286,0.111948,0.0134416,0.00779221,0.0306429,0.156617,0.0248636,0.199162,0.0552143,0.00957143,2.25283,14.9156,139.571,0.461039
0.0740909,0.0768182,0.535909,0,0.386818,0.175909,0.153182,0.166364,0.216364,0.423182,0.0827273,0.946364,0.151818,0.0145455,0.0381818,0.462273,0.275455,0.377273,2.07318,0.232273,1.02636,0,0.388182,0.0909091,0.310455,0.155455,0,0,0.0227273,0.0113636,0,0,0,0.00863636,0.00909091,0.0340909,0.178182,0,0.00909091,0,0,0,0.0186364,0,0.0704545,0,0,0.0545455,0.0246364,0.168136,0.00422727,0.699227,0.132727,0.0264545,7.75309,124.455,534.591,0.863636
0.110972,0.115278,0.390139,0,0.681667,0.13125,0.117222,0.163333,0.107639,0.297361,0.100417,0.724167,0.0552778,0.0195833,0.0138889,0.319306,0.400278,0.27,1.99514,0.168611,1.07319,0.0520833,0.217917,0.0770833,0.224306,0.095,0.0384722,0.0172222,0.00541667,0.0275,0.00541667,0.00972222,0.0344444,0.0141667,0.0129167,0.0690278,0.114722,0.000972222,0.0205556,0.0666667,0,0.0233333,0.0204167,0.0384722,0.211528,0.00222222,0,0.0293056,0.00615278,0.0976944,0.00841667,0.366597,0.124833,0.0541944,4.08974,66.4444,250.389,0.736111
0.375,0.47,0.565,2.29,0.3475,0.095,0.1375,0.2525,0.2525,1.105,0.185,1.7725,0,0.185,0,0.185,0.2775,0,1.75,0.0675,3.24,0.095,0.185,0,0,0,0,0,0,0,0,0,0,0,0,0,0.0925,0,0,0,0,0,0,0,0,0,0,0,0.09675,0.12925,0,0.72975,0.09825,0.05875,57.6468,779,1006.75,1
0.034,0.011,0.142,0,0.053,0.037,0.014,0.038,0.277,0.092,0.022,0.313,0.007,0.012,0,0.113,0.048,0.071,0.383,0,0.26,0,0.012,0,0.811,0.443,0.028,0.035,0.03,0.023,0.055,0,0.168,0,0.074,0.012,0.306,0.004,0.021,0.012,0.007,0.004,0,0.018,0.024,0,0,0.012,0.0674,0.3446,0.0626,0.0969,0.0937,0.0042,3.1386,37,1336.8,0.1
0.54,0.434,0.288,0,0.14,0.03,0.012,0.164,0.548,0.638,0.288,0.658,0.626,1.21,0.03,0.214,0.434,0.046,3.17,0,1.42,0,0.54,0.576,0,0,0,0,0,0,0,0,0,0,0.012,0,0,0,0,0,0,0,0,0,0.046,0,0,0,0.0072,0.0772,0,0.5122,0.5202,0.135,6.8926,760.4,2399.6,1
0.707143,0.445714,0.755714,0,0.0957143,0.535714,0.0957143,0.488571,1.03286,1.04,0.0228571,0.445714,0.348571,0,0.985714,0.258571,0.162857,1.83,2.24571,1.03286,1.29714,0,1.15286,0.66,0,0,0,0,0,0,0,0,0.0471429,0,0.162857,0,0,0,0,0,0,0,0,0,0,0,0,0,0.0231429,0.0492857,0,0.397571,0.178571,0.05,13.4287,525,912.143,1
0.363333,0.336667,1.26667,0,1.21,0,0.11,0,0.253333,0.253333,0.223333,0.223333,0.11,0,0,0.336667,0,0.56,1.04,0.506667,1.23667,0,0,0,0.253333,0,0,0,0,0,0,0,0,0,0,0,0,0,0,0,0,0,0,0,0,0,0,0,0,0.04,0,0.691,0.0593333,0,261.167,1122.33,1173.67,1
0,0,0,0,0,0,0,0,0,0,0,0,0,0,0,0.325203,0,0,0,0,0,0,0,0,0.0903252,0.116098,20.068,0,0,0,0,0,0,0,0,0,0,0,0,0,0,0.18065,0,0,0.0541463,0,0,0,0,0.0285203,0,0.00934146,0,0,1.20634,1.6748,5.45528,0
0.134865,0.488649,0.356757,1.91676,1.01486,0.16027,0.638378,0.169189,0.0643243,0.403784,0.0472973,0.678919,0.176216,0.0908108,0,0.809459,1.7027,0.264865,2.09892,0.303784,1.67838,0,0.00864865,0.155676,0,0,0,0,0,0.0262162,0,0,0,0,0,0.0578378,0.125946,0.0421622,0,0.00918919,0,0,0,0,0.00918919,0,0,0,0,0.126135,0,0.757622,0.153568,0.0357838,8.13586,130.514,189.757,0.918919
0,0,0.214,0,1.382,0,2.074,0.738,0.738,0.738,0.738,0.738,0,0.214,0,1.294,2.96,0.18,2.268,0.738,3.33,0,0.214,0.214,0,0,0,0,0,0,0,0,0,0,0,0,0,0,0.214,0,0,0,0,0,0,0,0,0,0,0,0,0.9328,0.1616,0.1996,72.9066,300,319.8,1
0.0836,0.2168,0.544,0.7892,0.4032,0.2216,0.2228,0.2136,0.0076,0.2484,0.1928,0.5892,0.0848,0,0,0.5116,0.2536,0.3876,2.4036,0.6544,1.6192,0,0.1452,0.1888,0.0228,0.0228,0,0,0,0,0,0,0.0108,0,0,0.0292,0.1264,0,0.0956,0.0076,0,0,0.0304,0,0.1492,0.0496,0,0,0.01416,0.09444,0.03408,0.4538,0.08092,0.03644,6.533,127.84,290.28,0.96
0.075625,0.150625,0.316146,0.0125,0.343021,0.122292,0.128438,0.13625,0.0528125,0.320104,0.0715625,0.525937,0.221562,0.0408333,0.107917,0.188021,0.128854,0.321979,1.44521,0.0464583,0.855729,0.207708,0.156771,0.0767708,0.626979,0.327188,0.196563,0.131146,0.110104,0.121563,0.0672917,0.053125,0.0997917,0.053125,0.0811458,0.104063,0.163646,0.0158333,0.0878125,0.0972917,0.0166667,0.0261458,0.0935417,0.0522917,0.114792,0.0696875,0,0.0142708,0.0771458,0.17651,0.0285417,0.163948,0.126906,0.0359792,2.94065,24.5521,244.833,0.53125
0.0815468,0.0703597,0.210755,0.00485612,0.231475,0.0507554,0.0990647,0.201439,0.0599281,0.288129,0.0477698,0.491187,0.0935971,0.0647122,0.0418345,0.145755,0.135647,0.118993,1.4282,0.0426259,0.589281,0.00928058,0.109604,0.0584173,0.619281,0.412914,0.24554,0.236223,0.110072,0.142374,0.0758993,0.0614748,0.0852518,0.0614748,0.147554,0.144496,0.201475,0.00359712,0.114604,0.0676259,0.0233094,0.0688489,0.104281,0.0461151,0.343561,0.180791,0.0118705,0.0348201,0.0175935,0.184496,0.0169856,0.259489,0.067446,0.0115647,2.62965,15.6115,78.2518,0.395683
0.263333,0.0633333,0.676667,0,1.07667,0.303333,0.14,0.22,0.416667,0.326667,0.153333,0.7,0.25,0,0.886667,0.0266667,0.703333,0.993333,2.27333,0.18,0.893333,1.92667,0.63,0.323333,0,0,0,0,0,0,0,0,0.07,0,0.03,0,0,0,0,0.0533333,0,0,0.0533333,0,0.0266667,0.0266667,0,0,0.004,0.045,0.025,0.396,0.127667,0.228333,25.6057,618,1708.67,1
0.0935135,0.192432,0.543243,0,0.282703,0.128649,0.0748649,0.124865,0.248919,0.293243,0.0645946,0.852973,0.202703,0.15,0.09,0.103243,0.131081,0.0808108,2.03378,0.102973,0.965946,0,0.0643243,0.135946,0.485946,0.130541,0.0251351,0.0151351,0.0178378,0.0254054,0.0256757,0.00432432,0.0645946,0.00432432,0.0267568,0.0316216,0.09,0.00378378,0.0254054,0.017027,0.00432432,0.0745946,0.0491892,0.0124324,0.0291892,0.00324324,0,0.00351351,0.202054,0.107324,0.0230541,1.45,0.327865,0.0156216,4.00795,52,775.757,0.648649
0.35,0.08,0.35,0,0.35,0,0,0.52,0.61,1.76,0.17,0.26,0.79,0,0.26,0,0.7,0.35,2.64,0,2.03,0,0.61,0.7,0,0,0,0,0,0,0,0,0,0,0,0.08,0,0,0.08,0.17,0,0,0,0,0.17,0,0,0,0,0.081,0,0.556,0.069,0.011,19.234,1170,3116,1
0.5,0.25,0.42,0,0.08,0.23,0.02,0.35,0.35,0.69,0.21,0.9,0.5,0.92,0.02,0.33,0.42,0.02,3.05,0,1.43,0,0.94,0.46,0,0,0,0,0,0,0,0,0,0,0,0,0,0,0,0.02,0,0,0,0,0.02,0,0.02,0,0,0.069,0,0.325,0.523,0.124,6.723,445,4128,1
0.05,0.1775,0.25,0,0.255,0.4425,0.105,0.18,0.545,0.4775,0.195,0.51,0.1575,0.115,0.025,0.2325,0.0775,0.2025,2.5,0.2,1.43,0.0775,0.845,0.3125,0,0,0,0,0,0,0,0,0,0,0,0.105,0,0.09,0,0,0,0,0.045,0,0.18,0,0,0,0.0315,0.043,0.4045,0.5155,0.1585,0.0195,12.7135,355,932.5,1
0.0871429,0.0385714,0.155714,0,0.0285714,0.0185714,0,0.0357143,0.0557143,0.0657143,0.0357143,0.357143,0.0214286,0.0371429,0.00285714,0.0271429,0.0557143,0.0771429,0.392857,0.0271429,0.23,0.505714,0,0,0.35,0.141429,0.0128571,0.0114286,0.0185714,0.0328571,0.0514286,0,0.362857,0,0.0185714,0.0985714,0.31,0.0228571,0.0457143,0.0242857,0.0771429,0.01,0.0114286,0.0485714,0.0214286,0.331429,0.00714286,0.0514286,0.121571,0.184714,0.0585714,0.0294286,0.00228571,0.031,3.01729,41.7143,1799.71,0
0.178,0.188,0.23,0,0.164,0.056,0.024,0.064,0.288,0.374,0.11,0.386,0.202,0.424,0.012,0.14,0.192,0.046,1.33,0.004,0.61,0,0.166,0.222,0.342,0.354,0.002,0,0,0,0,0,0.532,0,0.002,0.032,0.498,0.008,0,0.004,0.02,0.004,0.018,0.004,0.122,0.066,0.01,0.086,0.0896,0.1686,0.0232,0.1644,0.2202,0.0498,3.9428,72.6,2439.4,0.6
0.29,0.04,0.04,0,0.14,0.04,0,0.29,0.29,0.94,0.14,0.04,0.14,0,0.19,0.04,0.39,0.19,1.6,0.04,0.79,9.53,0.69,0.47,0,0,0,0,0,0,0,0,0,0,0,0.04,0,0,0.04,0,0,0,0,0,0.19,0,0,0,1.117,0.053,0,0.356,0.09,0.011,12.332,1171,9163,1
0.366667,0.255,0.271667,0,0.253333,0.146667,0.0216667,0.806667,0.493333,0.753333,0.125,0.491667,0.448333,0.24,0.246667,0.503333,0.36,0.346667,2.58167,0.16,1.31167,1.695,0.521667,0.67,0,0,0,0,0,0,0,0,0.0316667,0,0,0,0,0.0316667,0.0183333,0.04,0,0,0,0,0.0716667,0,0,0,0.0203333,0.0658333,0.0471667,0.341167,0.147833,0.157333,7.28833,183.5,1622.83,1
0.0693103,0.0521552,0.310776,0.0075,0.303362,0.142414,0.0593103,0.134052,0.0928448,0.201552,0.0422414,0.496293,0.101466,0.0460345,0.0185345,0.246207,0.159914,0.167931,1.37112,0.0893966,0.730776,0,0.062069,0.102241,0.677845,0.37069,0.131293,0.131724,0.0965517,0.121293,0.0790517,0.0347414,0.132069,0.0347414,0.0896552,0.114655,0.224224,0.00594828,0.0562931,0.067069,0.00517241,0.0269828,0.0769828,0.0807759,0.155086,0.0812931,0.00939655,0.0483621,0.0247931,0.199155,0.0283448,0.12956,0.0395776,0.02875,2.47515,19.1724,200.103,0.439655
0,0,0,0,0,0,0,0,0,0,0,0,0,0,0,0.58,0,0,0,0,0,0,0,0,0,0,1.46,0.29,0,0.58,0,0,0,0,0,0,0.58,0,0,0,0,0,0,0,0,0,0,0,0,0.018,0,0,0,0,251,1488,1506,0
0.114667,0.141333,0.238667,0,0.573333,0.152,0.0433333,0.0366667,0.452667,0.440667,0.115333,0.364,0.116667,0.592,0.618,0.0533333,0.280667,0.314,1.84533,0,1.31733,0,0.384,0.230667,0.160667,0,0.0146667,0.0333333,0,0,0.034,0,0,0,0.048,0.00866667,0.08,0,0,0.05,0,0.6,0.004,0,0.0986667,0,0.006,0,0.0154,0.120467,0.0234,0.2008,0.1952,0.0626,4.75413,140.867,673.733,0.533333
0.0544,0.0304,0.1776,0,0.2124,0.038,0.0612,0.0792,0.2576,0.1832,0.064,0.328,0.046,0.0584,0.0652,0.2596,0.0416,0.268,1.1704,0.3096,0.9312,0.636,0.0704,0.0308,0.5808,0.2548,0.0324,0.0372,0.0036,0.0352,0.0296,0.0036,0.118,0.0036,0.21,0.0336,0.2092,0,0.0104,0.0408,0.024,0.0752,0.0092,0.0132,0.0616,0.0992,0.044,0.0764,0.03772,0.14692,0.01648,0.2402,0.17052,0.07012,4.55796,49.12,1166.16,0.52
0.123134,0.0675,0.226162,0.0046831,0.203134,0.065,0.100986,0.0966901,0.0220775,0.171232,0.0443662,0.509683,0.0921127,0.005,0.0151056,0.192007,0.118768,0.25662,1.5688,0.0162676,0.671021,0,0.0326408,0.0197183,0.818099,0.35831,0.209225,0.28412,0.0877465,0.197148,0.0735211,0.0332394,0.251479,0.0332394,0.196514,0.114824,0.266021,0.00943662,0.0983451,0.0539084,0.0407042,0.134507,0.0727817,0.113838,0.238873,0.279401,0,0.0245423,0.0228768,0.165352,0.015088,0.227148,0.0389401,0.0761549,2.10439,10.4754,61.2993,0.309859
0.107451,0.0560784,0.172157,0.00215686,0.190196,0.0601961,0.0139216,0.206667,0.122353,0.112941,0.0554902,0.700196,0.10549,0.0903922,0.0101961,0.120588,0.315882,0.0347059,0.720196,0.0909804,0.79549,0.156863,0.104314,0.0701961,1.70863,0.163137,0.0192157,0.0045098,0.0158824,0.0268627,0.0158824,0,0.110588,0.00215686,0.0158824,0.112549,0.218824,0.0298039,0.0117647,0.0252941,0.110392,0.0711765,0.00803922,0.0272549,0.0286275,0.13,0,0.0192157,0.18602,0.185588,0.0161176,0.111216,0.074098,0.106275,3.1581,34.2157,587.235,0.294118
0.334444,0.354444,0.286667,0,0.283333,0.0511111,0.0655556,0.14,0.557778,0.565556,0.26,0.66,0.432222,0.951111,0.0233333,0.188889,0.342222,0.0388889,2.88556,0.0222222,1.42333,0,0.326667,0.395556,0,0,0,0,0,0,0,0,0,0,0,0.00444444,0.0222222,0,0,0,0,0,0,0,0.0377778,0,0,0,0.0124444,0.0853333,0.00355556,0.363,0.417556,0.108111,5.27922,115,2224.56,1
0.38,0,1.9,0,1.14,0,0,0,0.38,0.38,0,0,0,0,0,0,0,0,0.38,0.76,0,0,0,0,0.38,0,0,0,0,0,0,0,0,0,0,0,0,0,0,0,0,0,0,0,0,0,0,0,0,0,0,1.008,0.059,0,589,1177,1178,1
0.22,0.22,0.22,0,1.77,0.22,0.44,0.44,0.22,2.88,0,0.88,0.22,0,1.105,0.44,0,0.44,3.325,0,3.325,0,0.44,0.44,0,0,0,0,0,0,0,0,0,0,0,0,0,0,0,0.44,0,0,0,0,0,0,0,0,0,0,0,0.5755,0.153,0,86.675,1038,1733.5,1
0.0807692,0.0810256,0.268205,0.0133333,0.269487,0.106923,0.0412821,0.251282,0.270513,0.362308,0.0917949,0.54359,0.0889744,0.112051,0.128462,0.181282,0.212821,0.172051,1.11128,0.149744,0.659231,0.617179,0.111538,0.09,1.0159,0.257692,0.0220513,0.0412821,0.0146154,0.044359,0.0430769,0.0048718,0.196923,0.00666667,0.138462,0.0579487,0.220769,0.00102564,0.0489744,0.0279487,0.00538462,0.0269231,0.00333333,0.00538462,0.0525641,0.0158974,0.00564103,0.0674359,0.0795897,0.142256,0.0345385,0.154179,0.114923,0.0758718,3.54595,42.4615,906.923,0.435897
0.315309,0.199506,0.448025,0,0.174321,0.0320988,0.259259,0.0548148,0,0.479259,0.271605,0.887531,0.0455556,0.0638272,0.0351852,0.154691,0.014321,0.0620988,1.67716,0,2.57457,0,0,0.323457,0.354198,0.117531,0.319383,0.274444,0,0.0783951,0,0.0620988,0.0781481,0.0620988,0.0666667,0.0351852,0.220741,0,0.357531,0.051358,0.0158025,0.0814815,0.0351852,0.0301235,0.197037,0.014321,0,0.03,0.0316543,0.189025,0.00507407,0.370062,0.0658642,0.00977778,4.41928,25.358,50.037,0.37037
0.036,0.038,0.134,0,0.156,0.05,0,0.03,0.052,0.076,0.006,0.318,0.024,0.018,0.006,0.028,0.152,0.118,0.184,0.002,0.108,0.058,0.008,0,0.096,0.098,0.014,0.008,0.008,0,0,0,1.242,0,0,0.1,0.824,0.004,0.01,0.03,0.064,0.02,0.03,0.018,0.016,0.23,0.014,0.248,0.0644,0.1596,0.013,0.011,0.0096,0.0044,2.2954,53.4,3015.2,0
0.0846795,0.167308,0.315641,0,0.387885,0.17641,0.119167,0.0911538,0.0582051,0.217821,0.045,0.585833,0.0691667,0.00339744,0.0223077,0.200833,0.122436,0.175064,1.49673,0.0922436,0.986282,0.00794872,0.161923,0.0676282,0.680064,0.351346,0.238205,0.155897,0.104872,0.131218,0.0715385,0.0774359,0.0994872,0.0774359,0.131923,0.106282,0.255128,0,0.141474,0.0941667,0.136731,0.0758974,0.120513,0.0278205,0.236731,0.258077,0.00435897,0.0287821,0.0542372,0.162295,0.0232179,0.189577,0.0879103,0.0265,2.71333,21.5513,164.859,0.442308
0.0771739,0.149891,0.330543,0.0126087,0.595109,0.152609,0.273913,0.104348,0.0531522,0.220978,0.128696,0.588587,0.0773913,0,0.140543,0.319239,0.26163,0.33663,2.06967,0.308043,1.10576,0.12837,0.212391,0.106304,0.280435,0.13587,0.105217,0.114891,0.0252174,0.116739,0.0252174,0.0252174,0.0173913,0.0398913,0.0675,0.0545652,0.0742391,0,0.12,0.0763043,0.0115217,0.0309783,0.00391304,0.0209783,0.213043,0.123804,0,0.00358696,0.0028587,0.119359,0.00156522,0.33587,0.0674674,0.0329674,5.33776,55.3804,136.609,0.652174
0.0981863,0.130784,0.253382,0,0.385882,0.102696,0.140294,0.115196,0.0306863,0.249608,0.0705882,0.613431,0.0576471,0.0356863,0.0679902,0.328382,0.120539,0.198578,1.71775,0.0270098,0.813725,0.0231373,0.0730882,0.0888235,0.688578,0.423873,0.267647,0.305588,0.0965686,0.139902,0.0872059,0.101814,0.099951,0.101814,0.139559,0.188186,0.157549,0.00965686,0.116275,0.0766667,0.0425,0.0513235,0.105833,0.150931,0.227402,0.263186,0.0113725,0.025,0.0234363,0.155789,0.0154951,0.170534,0.0472255,0.0471029,2.18625,12.1667,97.5931,0.343137
0.463,0.931,0.931,0,0.463,0,0,0.463,0,1.866,0,2.334,0,0.605,0,0.463,0,0,1.866,0,5.231,0,0,0,0,0,0,0,0,0,0,0,0,0,0,0,0,0,0,0,0,0,0,0,0,0,0,0,0,0.2503,0,1.6712,0.1913,0.0832,59.0805,657,751.2,1
0.0693333,0.196667,0.428667,1.27733,0.398667,0.126,0.146,0.044,0.392,0.243333,0.088,0.406,0.0993333,0.0806667,0.188667,0.336,0.0473333,0.283333,1.46267,0.0446667,0.781333,1.52133,0.132667,0.0786667,0,0,0,0,0.0133333,0,0,0,0,0,0,0,0.0373333,0,0,0.0206667,0,0.0346667,0,0.0106667,0.0173333,0.0606667,0,0,0.00686667,0.0836,0.00993333,0.199133,0.0688,0.148533,6.86193,114.867,1289.33,0.933333
0.12875,0.10125,0.23625,0.0075,0.11375,0.1025,0.05125,0.18875,0.12,0.2725,0.065,0.33125,0.22875,0.06375,0.0725,0.185,0.10125,0.1675,1.405,0.02125,0.65125,0,0.1475,0.19,1.745,0.09625,0.0025,0,0.0025,0.04125,0,0,0.06875,0,0.03,0.10875,0.12625,0.0025,0.035,0.04375,0.04375,0.0125,0.0125,0.05,0.0525,0.18375,0,0.11125,0.0295,0.120125,0.014375,0.2005,0.093,0.014125,5.15225,88.375,2021.62,0.375
0.52,0.42,0.35,0,0.14,0.03,0.03,0.1,0.56,0.8,0.28,0.7,0.56,1.19,0.03,0.24,0.45,0,3.185,0,1.45,0,0.38,0.63,0,0,0,0,0,0,0,0,0,0,0,0,0,0,0,0,0,0,0,0,0.07,0,0,0,0,0.076,0,0.4525,0.5355,0.1175,6.2285,273,2195.5,1
0.58,0,0.34,0,0.11,0.11,0,0,0,0.23,0.23,0.93,0.93,0,0,0.58,0.23,0.11,4.19,0,1.51,0,0.58,0.46,0,0,0,0,0,0,0,0,0,0,0,0,0,0,0.34,0,0,0,0,0,0.11,0,0,0.11,0,0.125,0,0.733,0.104,0.335,8.192,326,1360,1
0.127273,0.0881818,0.256364,0.0190909,0.283636,0.0727273,0.0418182,0.0363636,0.263636,0.0845455,0.109091,0.526364,0.0763636,0.0118182,0.0136364,0.106364,0.144545,0.133636,1.36727,0.271818,0.62,0.983636,0.204545,0.177273,0.23,0.159091,0.0127273,0.00454545,0,0.0209091,0,0,0.0690909,0,0.00727273,0.174545,0.200909,0.00727273,0.0145455,0.00727273,0,0,0.00727273,0.02,0.0309091,0.0181818,0.00545455,0.0336364,0.0447273,0.139818,0.0659091,0.159727,0.197273,0.141455,5.39182,85,1607.27,0.545455
0.0966667,0,0.0966667,0,0.396667,0.0966667,0.0966667,0,0.196667,0.23,0.396667,0.493333,0,0.593333,0,0.896667,0.196667,0,1.7,4.20667,1.7,0,0.396667,0.196667,0,0,0,0,0,0,0,0,0,0,0,0,0,0,0,0,0,0,0,0,0,0,0,0,0,0.109444,0,0.323111,0.157,0,6.80344,494,1438.56,1
0.078141,0.0601603,0.249455,0,0.268494,0.0571795,0.0597756,0.0477564,0.0464103,0.110641,0.0134936,0.687885,0.0593269,0.0533654,0.0112821,0.199904,0.0425962,0.109808,1.91321,0.0061859,0.548686,0,0.0248077,0.0861859,0.268622,0.29125,0.296154,0.0308333,0.152372,0.0385577,0.0187821,0,0.0615064,0,0.0249679,0.0347115,0.156635,0.00788462,0.0905128,0.0103205,0.0947436,0.289423,0.0263141,0.131827,0.504583,0.163526,0.00326923,0.0512821,0.0256987,0.11425,0.0109712,0.191311,0.0249551,0.01675,1.84649,6.6891,29.2885,0.185897
0.0241176,0.127647,0.221176,0,0.572941,0.0329412,0.348235,0.144706,0.0141176,0.0735294,0.0552941,0.898235,0.0117647,0,0.0141176,0.762941,0.394706,0.256471,1.81529,0,1.25,0,0.0447059,0.0611765,0,0,0.370588,0,0,0,0.370588,0,0,0,0.0823529,0,0,0,0,1.11765,0,0.0117647,0,0,0.121176,0,0,0,0,0.217529,0.0349412,0.131235,0.00605882,0,14.4674,209.412,396.529,0.411765
0.140545,0.0869091,0.230545,0,0.462909,0.0849091,0.0276364,0.101636,0.206727,0.298182,0.132545,0.768364,0.140182,0.0363636,0,0.153636,0.236364,0.0689091,1.49691,0.0903636,0.697636,0.362182,0.233636,0.165818,0.721636,0.250182,0.0292727,0.0405455,0.0132727,0.0230909,0.0165455,0.0205455,0.142182,0.006,0.0241818,0.112,0.144,0.0103636,0.00945455,0.00709091,0.0472727,0.0661818,0.00818182,0.0152727,0.0416364,0.144727,0.002,0.0167273,0.0412727,0.151127,0.0147636,0.104055,0.0689636,0.0312182,3.09458,32.2,481.891,0.509091
0.122078,0.172208,0.405325,0,0.434805,0.12961,0.334416,0.0975325,0.0432468,0.308312,0.14039,0.499091,0.175714,0.0581818,0.0461039,0.303636,0.18013,0.283636,1.98052,0.103247,1.07766,0.0211688,0.288052,0.0737662,0.221169,0.0933766,0.0157143,0.138312,0.00779221,0.0814286,0.012987,0.00779221,0.267273,0.00779221,0.124286,0.0866234,0.129481,0,0.00727273,0.0820779,0.00402597,0.047013,0.00675325,0.0192208,0.117792,0.0822078,0,0.0141558,0.0152338,0.083987,0.00131169,0.469455,0.114623,0.0155974,4.86623,64.4416,191.455,0.662338
0.178205,0.169487,0.284872,0,0.158205,0.0941026,0.0135897,0.0889744,0.304615,0.249487,0.0730769,0.69,0.206667,0.0264103,0.0812821,0.169744,0.125128,0.173333,1.19436,0.0615385,0.654103,0,0.0894872,0.218718,1.28513,0.267179,0.0310256,0.0112821,0.0151282,0.0423077,0.0135897,0.00692308,0.12,0.00692308,0.0284615,0.111026,0.18,0,0.0161538,0.0430769,0.0448718,0.0187179,0.0346154,0.00307692,0.034359,0.104359,0.0117949,0.0407692,0.126,0.166154,0.0132564,0.501513,0.137513,0.0107949,3.59582,46.4103,694.231,0.410256
0.392,0.362,0.398,0,0.364,0.062,0.038,0.174,0.58,0.566,0.316,0.652,0.538,1.006,0.374,0.192,0.352,0.212,2.734,0.064,1.18,0,0.634,0.42,0,0,0,0,0,0,0,0,0,0,0,0,0,0,0,0.012,0,0,0.024,0,0.036,0.012,0,0,0.01,0.0906,0,0.361,0.7502,0.104,7.587,565.8,2369.8,1
0.34,0,1.7,0,1.02,0,0,0,0.68,1.02,0,0,0,0,0,0,0,0,0.34,1.02,0.68,0,0,0,0.34,0,0,0,0,0,0,0,0,0,0,0,0,0,0,0,0,0,0,0,0,0,0,0,0,0,0,0.898,0.105,0,443.499,1325,1330.5,1
0.274737,0.193947,0.467105,0,0.451316,0.252105,0.131579,0.263684,0.392632,0.441316,0.106842,0.793684,0.0539474,0.116316,0.0244737,0.243421,0.401316,0.131053,1.82079,0.402105,1.55447,0.615789,0.0589474,0.371579,0.164474,0.118158,0.0184211,0.00394737,0.00394737,0.00394737,0.00394737,0.00394737,0.0881579,0.00394737,0.00394737,0.0357895,0.0660526,0.0139474,0.0123684,0.0444737,0.00210526,0.132368,0.015,0.0192105,0.05,0.0155263,0,0,0.0184211,0.138184,0.0115526,0.427132,0.167026,0.0566579,4.92847,90.4737,621.053,0.763158
0.0546667,0.347333,0.497667,0,0.699,0.275333,0.941667,0.0443333,0.096,0.437,0.013,0.570667,0.058,0.00666667,0.049,0.150333,0.110667,0.530667,2.428,0.138333,1.29433,0.091,0.0346667,0.0416667,0.113333,0.0643333,0.0106667,0.047,0.048,0.048,0.0313333,0,0,0,0.0896667,0.0136667,0.0626667,0,0.00633333,0.022,0,0,0.031,0.0253333,0.275667,0.0183333,0,0,0.0052,0.0956333,0.0124,0.460633,0.0318667,0.0532333,9.87107,131.633,369.533,0.766667
0.59,0.09,0.09,0,0.29,0.09,0,0.59,0.59,2.09,0.29,0.09,0.29,0,0.39,0.09,0.79,0.39,3.19,0.09,1.69,0,1.39,0.99,0,0,0,0,0,0,0,0,0,0,0,0.09,0,0,0.09,0,0,0,0,0,0.19,0,0,0,0.044,0.078,0,0.334,0.133,0.011,15.493,1171,2541,1
0,0,0.46,0,0,0,0,0.15,0,0,0,0.15,0,0,0,0,0,0.46,0.93,0,0,0,0.46,0,0,0,0,0,0,0,0,0,0,0,0,0.15,0,0,0,0.93,0,0,0,0,0,0,0,0,0.071,0.071,0,0.095,0.023,0,62.75,1505,2761,1
0.0833333,0.107778,0.294444,0,0.253333,0.118889,0.0266667,0.0233333,0.276667,0.288889,0.0466667,0.654444,0.106667,0.02,0.0544444,0.11,0.0677778,0.147778,1.56667,0.00888889,0.908889,1.66111,0.195556,0.168889,0.421111,0.258889,0.0155556,0.0133333,0,0.00888889,0.0133333,0,0.08,0,0.00444444,0.0611111,0.0966667,0,0,0,0,0,0,0.03,0.00888889,0,0,0.00888889,0.0783333,0.130222,0.0285556,0.212111,0.136111,0.128444,5.779,92.3333,1449,0.555556
0,0,0.032439,0,0.0821951,0,0,0,0,0,0,0,0,0,0,0,0,0.241707,0.0760976,0,0.032439,0,0,0,10.8359,3.05171,1.97488,2.21659,1.90732,2.26951,2.14902,1.90732,0,1.90732,2.14902,2.14902,0.032439,0.097561,0.032439,1.90732,0,0.197073,0,0,0.984634,0,0,0,0.0210976,0.534878,0.00526829,0.0882439,0,0,3.41571,13.0244,29.0976,0
0.0605319,0.0825532,0.175319,0,0.255532,0.0761702,0.205,0.0440426,0.0647872,0.234149,0.0176596,0.408404,0.184787,0.0514894,0,0.777021,0.048617,0.265106,2.55819,0.127553,1.11681,0.0687234,0.0240426,0.154468,0.0511702,0.0998936,0.0276596,0.0442553,0,0,0,0,0.0394681,0,0.0159574,0.0305319,0.0144681,0,0,0.0209574,0.00276596,0.0931915,0.00744681,0.0357447,0.312766,0.331596,0,0,0.0110319,0.0404681,0.00206383,0.266777,0.0477234,0.245309,5.19799,49.1277,88.8404,0.5
0.492222,0.298889,0.441111,0,0.0522222,0.135556,0.0422222,0.234444,0.433333,0.696667,0.242222,0.924444,0.56,1.25222,0,0.224444,0.438889,0.00555556,3.16778,0,1.43,0,0.983333,0.383333,0,0,0,0,0,0,0,0,0,0,0,0,0,0,0,0,0,0,0,0.00333333,0.0255556,0,0.00333333,0,0.00211111,0.0648889,0,0.365111,0.807778,0.155889,5.82844,178.444,3055.78,1
0.160769,0.346154,0.339231,4.34154,0.486154,0.167692,0.0361538,0.06,0.657692,0.994615,0.0630769,0.873846,0.164615,0.0123077,0.273077,0.278462,0.0538462,0.718462,1.95846,0.489231,1.52308,1.28077,0.218462,0.278462,0.135385,0,0.130769,0.0492308,0.00461538,0.0338462,0,0,0.0338462,0,0.0107692,0.00692308,0,0,0.0338462,0.0215385,0,0.01,0.0130769,0.0123077,0.0130769,0,0,0.0107692,0.00361538,0.165,0,0.451538,0.131077,0.168769,8.039,161.538,863.615,0.846154
0.34,0,1.7,0,1.02,0,0,0,0.68,1.02,0,0,0,0,0,0,0,0,0.34,1.02,0.68,0,0,0,0.34,0,0,0,0,0,0,0,0,0,0,0,0,0,0,0,0,0,0,0,0,0,0,0,0,0,0,0.9005,0.1055,0,665.5,1330,1331,1
0.130167,0.036,0.259667,0.007,0.260333,0.150667,0.0583333,0.0606667,0.0493333,0.0833333,0.0626667,0.469,0.1185,0.00783333,0.0015,0.202,0.131667,0.178833,1.44367,0.132167,0.6025,0.709,0.203833,0.092,0.892833,0.280167,0.0963333,0.037,0.062,0.033,0.0303333,0.0428333,0.0756667,0.0428333,0.0473333,0.0961667,0.209,0.00316667,0.00566667,0.0126667,0.044,0.0586667,0.044,0.0221667,0.132667,0.0678333,0,0.0175,0.0602833,0.176383,0.0372,0.2052,0.0940333,0.0813833,3.33458,26.9,292.517,0.466667
0.08,0,0.32,4.31,0.08,0.16,0.08,0.08,0,0,0.08,0.24,0.32,0,0,0.08,0,0.32,1.87,0,0.57,0,0.16,0.24,0,0,0,0,0,0,0,0,0,0,0,0,0.08,0,0,0,0,0,0,0,0.16,0,0,0,0.344,0.068,0,0.55,0.082,0.151,15.547,339,2923,1
0.129615,0.445769,0.288462,3.26038,0.256154,0.131154,0.0788462,0.0519231,0.529615,0.148077,0.055,0.473077,0.0988462,0.0169231,0.192308,0.173462,0.21,0.469615,1.85,0.0711538,1.02192,1.07538,0.105385,0.228846,0.304615,0,0.199231,0,0,0,0,0,0,0.0165385,0.00884615,0.0303846,0.0376923,0.0130769,0.0976923,0,0,0,0.00384615,0,0.0588462,0,0,0,0.0117692,0.123885,0,0.406923,0.183885,0.167615,9.57246,98.4615,451.231,0.807692
0.175665,0.083202,0.296897,0,0.466059,0.0710837,0.109212,0.10665,0.0400985,0.13266,0.0240887,0.467635,0.0681281,0.0124631,0.0225123,0.357783,0.199261,0.178374,1.69099,0.033399,0.873695,0.0330049,0.148768,0.0431034,0.485911,0.353399,0.240591,0.176601,0.0716256,0.111182,0.0502956,0.0527586,0.0776847,0.0571921,0.138325,0.131872,0.14468,0.0035468,0.112709,0.059064,0.0314286,0.0307389,0.0815764,0.0597044,0.262217,0.0980296,0.000935961,0.0583251,0.0204778,0.142601,0.0202857,0.323808,0.0902463,0.0266453,2.59649,20.2562,118.025,0.507389
0,0.02,0.05,0,0.02,0,0,0.05,0,0.35,0,0.02,0,0,0,0.05,0.1,0.38,0.07,0.2,0.17,0,0,0,0.02,0,0,0,0,0,0,0,0,0,0,0,0,0,0,0,0,0,0,0,0,0,0,0,0,0.004,0,0.108667,0.0173333,0.0173333,3.922,489,3271,1
0,0.398889,0.975556,0.101111,0.453333,0.194444,0.308889,0.184444,0.242222,0.641111,0.326667,0.576667,0.0277778,0.121111,0,0.812222,0.35,0.184444,1.63778,0.256667,1.59333,0,0.108889,0.0733333,0.0277778,0.0566667,0,0,0,0,0,0,0.0355556,0,0,0,0.363333,0,0,0,0,0,0,0,0.148889,0,0,0,0.0148889,0.148556,0.0165556,0.859667,0.188333,0.086,12.3247,388.444,686.667,0.888889
0.0923256,0.0944186,0.170698,0.0127907,0.273023,0.05,0.0753488,0.14,0.0327907,0.322326,0.0334884,0.563953,0.0665116,0.0681395,0,0.0565116,0.122791,0.0762791,1.10372,0.0597674,0.442326,1.01535,0.0795349,0.0323256,1.00372,0.357442,0.131628,0.0725581,0.0697674,0.0623256,0.0923256,0.024186,0.113256,0.024186,0.0537209,0.0795349,0.333256,0,0.0360465,0.024186,0.0537209,0.00767442,0.0502326,0.153023,0.103256,0.50186,0,0.0162791,0.525953,0.185558,0.0167442,0.085186,0.0407907,0.0762093,3.48214,29.3488,330.302,0.27907
0,0,0.21,0,0.21,0,1.2325,0,0,0.1175,0,0.2375,0.3275,0,0,0,0,0,2.0175,0,3.205,0,0.1175,0.21,0,0,0,0,0,0,0,0,0,0,0,0,0,0,0,0,0,0,0,0,0,0,0,0,0,0.097,0,0.47125,0.7595,0,19.0835,194.5,238.5,1
0.26625,0.16125,0.24375,0,0.071875,0.085625,0.025625,0.113125,0.2225,0.36375,0.121875,0.620625,0.275625,0.61375,0.02125,0.11625,0.211875,0.083125,1.78562,0.00625,0.8675,0.08,0.52,0.258125,0.245625,0.146875,0.01,0.001875,0.001875,0.010625,0,0,0.419375,0,0,0.02875,0.204375,0.003125,0.010625,0.00625,0.02,0.010625,0.00375,0.023125,0.04625,0.0375,0.008125,0.03,0.02875,0.110688,0.0086875,0.170875,0.294625,0.0830625,5.90962,137.938,3260.12,0.75
0.144444,0.242778,0.646667,0,0.352222,0.0605556,0.0961111,0.0455556,0.153889,0.517778,0.226667,0.321667,0.188333,0,0.103889,0.32,0.212778,0.433333,1.29,0.135,0.885556,0.467222,0.0733333,0.300556,0,0,0,0.0416667,0,0,0,0,0.00888889,0.00666667,0.00777778,0.0105556,0,0,0,0.0672222,0,0,0,0,0.0366667,0,0,0,0.0121111,0.0491667,0,0.493333,0.3165,0.0757778,5.62578,123.944,971.333,1
0.365,0.235,0.415,0,0.5075,0.18,0.875,0.3275,0.3275,0.5625,0,0.18,0,0,0,0.8875,1.245,0.365,1.8475,0.3275,1.7675,0,0.65,0.5475,0,0,0,0,0,0,0,0,0,0,0,0,0,0,0,0,0,0,0,0,0,0,0,0,0,0.09225,0,0.58625,0.06,0,20.9577,203.25,303.5,1
0.183333,1.10333,0.59,0,0.583333,0.33,0.1,0.266667,0.573333,1.16,0.316667,0.826667,0.196667,0,0.486667,0,0.66,0.93,2.22667,1.48,1.91,0,0.266667,0.36,0,0,0,0,0,0,0,0,0.05,0,0.0433333,0,0,0,0,0,0,0,0.163333,0,0,0,0,0,0,0.147333,0,0.356,0.189,0.0283333,12.7603,466.667,1171,1
0.0514975,1.3147,0.142183,0,0.220558,0.0314213,0.00413706,0.0431218,0.00459391,0.114239,0,0.181218,0.0300254,0.0626904,0,0.121827,0.0072335,0.0756091,1.82312,0.0461421,0.469264,0,0,0.0795431,0.309873,0.15467,0.52632,0,0.106777,0.0105584,0.0317259,0,0.0454569,0,0.0507614,0.0195178,0,0.046802,0.0567259,0,0.0202538,0.317157,0,0.238274,1.01437,0.349188,0.00550761,0.0586041,0.00954061,0.0834772,0.0263604,0.247157,0.0045203,0,1.29487,2.25127,7.08883,0.0532995
0.02,0.12,0.2975,0.025,0.5375,0.2,0.025,0.2225,0,0.17,0.095,0.9575,0,0.05,0,0.985,0.44,0.2725,0.9525,0.1775,0.25,0.23,0.2575,0.05,0.02,0,0,0,0,0.0575,0,0,0,0,0,0.1975,0.145,0,0,0.05,0,0,0.02,0,0,0,0,0,0.01,0.10475,0.00875,0.2255,0.086,0.13675,5.5885,238,1791.5,0.5
0.10792,0.0824159,0.281529,0,0.211193,0.0698777,0.122294,0.0734251,0.0249235,0.215443,0.0463914,0.594557,0.104281,0.0269725,0.0144037,0.266483,0.0774618,0.123547,1.82232,0.015107,0.608593,0,0.0578899,0.0407339,0.642202,0.383547,0.321713,0.191284,0.166147,0.233731,0.167523,0.103517,0.120275,0.103517,0.225138,0.182324,0.198838,0.00577982,0.190398,0.107034,0.0836086,0.185505,0.061315,0.158807,0.297431,0.249174,0,0.0363914,0.00869725,0.149492,0.0163486,0.253135,0.0626881,0.0546881,1.96798,9.12844,43.6086,0.2263
0.175208,0.07125,0.482708,0.0120833,0.232708,0.0839583,0.102083,0.26125,0.0875,0.304792,0.0839583,0.359375,0.0410417,0.00625,0,0.446875,0.370833,0.205417,1.85729,0.337292,1.19396,0.4125,0.09875,0.103333,0.1675,0.0614583,0,0.043125,0.0114583,0.0508333,0,0,0,0.00625,0.0829167,0.0241667,0.131042,0,0.0120833,0.0597917,0,0,0.01375,0,0.198125,0.501042,0.0289583,0.0710417,0.019375,0.154333,0.0151875,0.441187,0.335146,0.221625,5.07133,72.0833,314.312,0.625
0.35,0.229091,0.356364,0.0863636,0.350909,0.368182,0.133636,0.214545,0.404545,0.705455,0.241818,0.562727,0.344545,0.03,0.513636,0.0936364,0.214545,0.492727,1.98182,0.195455,1.35364,0.0154545,0.473636,0.351818,0.848182,0.357273,0.0218182,0,0,0.0663636,0,0,0.0936364,0,0.0654545,0.0218182,0,0.0454545,0.0218182,0.0663636,0,0.0663636,0.0145455,0.0445455,0.0363636,0.13,0,0,0.00109091,0.191727,0,0.565364,0.240273,0.0527273,8.42273,263,732.909,0.909091
0.345,0.24,0.94,0,0.255,0.1,0.015,0.035,0.32,0.555,0.245,0.93,0.235,0.595,0.015,0.125,0.195,0,3.19,0,1.345,0,0.195,0.445,0,0,0,0,0,0,0,0,0,0,0,0,0,0,0,0,0,0,0,0,0.075,0,0,0,0.0055,0.0765,0,0.36,1.258,0.069,9.197,277.5,2329,1
0.325,0,1.645,0,0.985,0,0.325,0,0.655,1.315,0,0,0,0,0,0,0,0,0.325,0.985,0.655,0,0,0,0.325,0,0,0,0,0,0,0,0,0,0,0,0,0,0,0,0,0,0,0,0,0,0,0,0,0,0,0.8585,0.101,0,337.25,1146,1349,1
0.160769,0.166154,0.366923,0,0.392308,0.110769,0.0376923,0.0923077,0.248462,1.01769,0.101538,0.753077,0.340769,0.555385,0.142308,0.434615,0.0776923,0.377692,1.81385,0.413077,1.11846,0.840769,0.0830769,0.242308,0.149231,0,0.0730769,0.0115385,0,0,0.0730769,0,0.0115385,0,0.0730769,0.0123077,0.151538,0,0,0.0953846,0,0,0.00538462,0,0.0453846,0,0,0.03,0.00861538,0.0920769,0.00646154,0.261615,0.127923,0.137231,9.96977,176.615,1115.77,0.692308
0,0,0,0,0,0,0,0,0,0,0,0,0,0,0,0,0,0,0,0,0,0,0,0,0,0,0,0,0,0,0,0,0,0,0,0,0,0,0,0,0,0,0,0,0,0,0,0,0.022,0.022,0.019,0.022,0.022,0.022,3.482,5,5902,0
0,0,0,0,0.252,0,2.27,1.428,1.428,1.428,1.428,0.252,0,0,0,0,3.07,0,0.506,1.428,3.698,0,0,0,0,0,0,0,0,0,0,0,0,0,0,0,0.882,0,0,0,0,0,0,0,0,0,0,0,0,0.1154,0,0.3954,0.1154,0,89.6666,280.4,284.2,1
