0.139216,0.113699,0.29884,0.329122,0.377618,0.12163,0.0854545,0.145831,0.221348,0.262226,0.086489,0.700752,0.113229,0.0688715,0.0324765,0.236113,0.251191,0.135987,1.55006,0.116677,0.966301,0.435831,0.158589,0.154734,0.749781,0.159906,0.0190282,0.0176803,0.0177743,0.0225078,0.010627,0.00655172,0.0894357,0.00724138,0.0272727,0.071442,0.136426,0.0185893,0.0265204,0.0149216,0.0417241,0.0610658,0.0148589,0.0124451,0.0660502,0.13558,0.0125078,0.021442,0.0831755,0.152777,0.0134577,0.237878,0.100034,0.0684608,4.53121,62.7586,530.505,0.576803
0.0824067,0.294504,0.213267,0.00121929,0.230323,0.0475569,0.0749045,0.0731392,0.0212238,0.172106,0.0326934,0.507225,0.0675933,0.0465469,0.0124113,0.190714,0.0578617,0.136083,1.65038,0.0223066,0.601474,0.00117379,0.029495,0.0623021,0.614377,0.311265,1.48532,0.160541,0.156278,0.139627,0.0926615,0.0656324,0.10975,0.0656324,0.138335,0.114222,0.129804,0.0192038,0.103681,0.0718198,0.0580619,0.230141,0.0448499,0.124322,0.469973,0.238185,0.00428116,0.0402093,0.0182539,0.13313,0.015323,0.220461,0.0307707,0.0225742,1.99603,8.49272,36.2116,0.192903
0.112887,0.135282,0.349648,0.204225,0.277958,0.115211,0.0895775,0.125704,0.377887,0.427958,0.109155,0.499718,0.132676,0.0893662,0.124225,0.29162,0.119859,0.305634,1.47754,0.212394,0.937817,0.771056,0.105915,0.17162,0.327113,0.155493,0.021338,0.0190845,0.00443662,0.0167606,0.0242958,0.000633803,0.0752817,0.00267606,0.108944,0.0237324,0.139859,0.0015493,0.0194366,0.0323944,0.0105634,0.0314789,0.0103521,0.0147183,0.0390141,0.0471127,0.0108451,0.0277465,0.0441197,0.132282,0.0328521,0.312007,0.173739,0.0925282,5.4882,105.859,1142.16,0.676056
0.193455,0.284545,0.480121,0.353333,0.331939,0.160242,0.0936364,0.170424,0.349455,0.614061,0.10103,0.794121,0.164606,0.16097,0.235636,0.295394,0.173758,0.320545,1.72406,0.180667,1.3763,0.300364,0.215152,0.195212,0.471818,0.118242,0.0252727,0.017697,0.00757576,0.0202424,0.0146061,0.00212121,0.0860606,0.00151515,0.0504848,0.0275758,0.0966667,0.00606061,0.0196364,0.029697,0.00175758,0.0764242,0.0163636,0.00733333,0.0452121,0.0128485,0.00133333,0.0189091,0.0812485,0.127485,0.0269576,0.789048,0.218273,0.0642545,12.9872,185.121,782.255,0.715152
0.188182,0.174215,0.482727,0.00305785,0.429008,0.319835,0.154215,0.179091,0.423058,0.362066,0.195868,0.618182,0.234711,0.271983,0.530744,0.336446,0.22595,0.46686,1.85066,0.434628,0.91405,0.271983,0.464545,0.250165,0.162314,0.0342975,0.00214876,0.00107438,0.00123967,0.00842975,0.00297521,0,0.0571074,0.00107438,0.00669421,0.0510744,0.0715702,0.00404959,0.00884298,0.0261983,0.00818182,0.00157025,0.0470248,0.0147107,0.0485124,0.0607438,0.00132231,0.0180165,0.0208595,0.101471,0.0152231,0.319165,0.24114,0.0734463,7.4187,388.107,1735.45,0.818182
0.292075,0.143019,0.282264,0.0837736,0.0737736,0.101321,0.0198113,0.136226,0.223585,0.386604,0.139057,0.601321,0.318491,0.621509,0.0245283,0.150943,0.26,0.119811,1.79736,0.0422642,0.823585,0.0296226,0.423585,0.274717,0.133019,0.103774,0.00509434,0.00169811,0.00226415,0.00339623,0,0,0.308113,0,0,0.0339623,0.221698,0.00226415,0.00584906,0.0328302,0.0230189,0.00754717,0.0054717,0.0164151,0.0490566,0.0558491,0.0090566,0.0473585,0.0361321,0.120849,0.0109811,0.235094,0.312717,0.0828302,6.38372,201,3276.66,0.735849
0.103129,0.12108,0.303861,0.00377859,0.405096,0.137557,0.160952,0.114263,0.0551784,0.231089,0.0591217,0.524172,0.0924154,0.0222507,0.0387557,0.333715,0.186194,0.19699,1.69797,0.0886459,0.955389,0.0307502,0.130302,0.0907136,0.521619,0.314401,0.184968,0.164629,0.0743275,0.114684,0.0578225,0.0541446,0.0986002,0.0559195,0.111528,0.116267,0.15527,0.00612077,0.0911711,0.0694328,0.0420952,0.0463678,0.0736231,0.0607045,0.222699,0.162955,0.0058097,0.024849,0.0249543,0.144799,0.0172196,0.266959,0.0701473,0.0481281,3.16533,28.5489,140.704,0.492223
0.104846,0.133573,0.353778,0.198932,0.411253,0.121294,0.220986,0.152936,0.110903,0.286879,0.0944969,0.53963,0.111006,0.0314168,0.0429363,0.292998,0.322957,0.267228,1.71296,0.177844,1.04854,0.368316,0.157782,0.0924846,0.439897,0.186817,0.0989938,0.0608419,0.0463039,0.0539836,0.0440452,0.0215606,0.044538,0.0228337,0.0528337,0.0649281,0.152197,0.00837782,0.0375975,0.0907803,0.0204723,0.031232,0.0372895,0.0304928,0.137146,0.130103,0.00595483,0.0256674,0.117641,0.145431,0.0199795,0.298228,0.125355,0.0826858,6.57626,67.6509,302.797,0.601643
0.280556,0.235556,1.08778,0.0105556,0.903333,0.0572222,0.119444,0.147778,0.453889,1.11,0.0861111,0.508889,0.0427778,0.0411111,0.180556,0.205556,0.0411111,0.142222,1.03944,0.508333,1.37889,0,0.172222,0.0711111,0.185556,0,0.0811111,0.0266667,0,0.0322222,0,0,0,0.0211111,0,0,0.0688889,0,0,0.065,0,0,0,0,0,0,0,0,0,0.0380556,0,0.720889,0.179333,0.0100556,385.854,1251.67,1399.06,0.944444
0.096,0.008,0.196,0.008,0.092,0.118,0,0.058,0.058,0.188,0.074,0.082,0.072,0,0.038,0.088,0.078,0.076,0.608,0.008,0.242,1.906,0.138,0.11,0,0,0,0,0,0,0,0,0,0.028,0,0.008,0,0,0.016,0,0,0,0,0,0.038,0,0,0,0.4302,2.0094,0.009,0.3924,0.375,0.4024,57.5034,2297.8,10648.8,1
