0.104176,0.129588,0.262,0,0.408,0.112,0.144118,0.124529,0.0337647,0.265588,0.0743529,0.652294,0.0594706,0.0307647,0.0815882,0.327882,0.102059,0.205765,1.75806,0.0324118,0.816353,0.0277647,0.0877059,0.09,0.709529,0.428118,0.229706,0.325118,0.109706,0.146471,0.0875294,0.105588,0.0721176,0.105588,0.142235,0.197059,0.138353,0.00941176,0.103824,0.0771176,0.0342941,0.0515882,0.0952353,0.17,0.209529,0.257588,0.0136471,0.0230588,0.0201529,0.156229,0.0115647,0.176429,0.0493471,0.0532765,2.16979,11.6235,96.5824,0.347059
0.0860563,0.0352113,0.263662,0,0.0670423,0.0502817,0,0,0.025493,0.385915,0,0.146197,0.078169,0,0,0.10831,0,0.0305634,7.0907,0,1.38239,0,0,0.31338,0.025493,0,0.717183,0,0.0521127,0,0,0,0,0,0,0,0,0,0.0611268,0,0,0,0,0,0.987465,0.668028,0.0305634,0,0.0160704,0.0525493,0,0.183183,0,0,1.17923,1.76056,6.53521,0.084507
0.4672,0.7208,0.7428,0.3664,0.3468,0.2716,0.0656,0.4024,0.4188,1.3644,0.0604,1.4292,0.1212,0.2716,0.3344,0.2872,0.1692,0.6348,2.064,0.3444,3.2556,0.0152,0.5196,0.2464,0,0,0,0,0,0,0,0,0.0132,0,0.0508,0.0168,0.0148,0,0,0,0,0,0.0076,0,0.0248,0,0,0,0.027,0.14768,0.06472,0.95372,0.17836,0.06036,39.2918,602.2,882.64,1
0.0223077,0.088,0.138154,0,0.246769,0.0367692,0.217692,0.0452308,0.02,0.205846,0,0.472,0.177385,0.048,0,0.501538,0.052,0.303077,2.82892,0.179231,1.21338,0.0850769,0,0.05,0.254923,0.124,0.04,0.0230769,0,0,0,0,0,0,0.0230769,0.00984615,0,0,0,0,0,0.134769,0,0.0516923,0.384308,0.410462,0,0,0.0152615,0.0292,0,0.165538,0.0255385,0.0496923,5.01668,48.0769,82.6,0.415385
0.1525,0.13,0.278824,0.0360294,0.216765,0.101176,0.148382,0.0727941,0.0166176,0.219706,0.0414706,0.475588,0.0852941,0,0.0182353,0.460441,0.171029,0.0727941,1.67471,0.00455882,0.853824,0.0836765,0.246029,0.105,0.588824,0.399412,0.291912,0.138529,0.0816176,0.130588,0.0726471,0.0807353,0.0825,0.113824,0.123971,0.132206,0.0639706,0,0.137059,0.0841176,0.00485294,0.0235294,0.0161765,0.0388235,0.18,0.0314706,0,0.0375,0.0179706,0.159912,0.0196912,0.408912,0.0805294,0.0393529,3.58382,32.9559,128.515,0.573529
0.121707,0.440976,0.342439,1.72976,0.936341,0.144634,0.696341,0.152683,0.0580488,0.375854,0.0426829,0.635854,0.190976,0.0819512,0,0.730488,1.53659,0.239024,2.09098,0.274146,1.82732,0,0.0192683,0.160976,0,0,0,0,0,0.0236585,0,0,0,0,0,0.0521951,0.113659,0.0380488,0,0.00829268,0,0,0,0,0.00829268,0,0,0,0,0.123293,0,0.729683,0.212683,0.0322927,9.20393,136.756,194.512,0.926829
0.0692661,0.132661,0.307523,0.0110092,0.349174,0.111651,0.113119,0.12,0.0498165,0.291835,0.0698165,0.523853,0.197431,0.0359633,0.0950459,0.177431,0.121743,0.294312,1.36,0.0533945,0.814679,0.335505,0.138073,0.0753211,0.673303,0.304954,0.173211,0.116055,0.0995413,0.102569,0.0547706,0.0619266,0.0898165,0.0619266,0.0724771,0.0982569,0.16367,0.013945,0.0709174,0.0827523,0.0146789,0.0394495,0.0826606,0.0556881,0.11633,0.0627523,0,0.02,0.0441376,0.178174,0.0264954,0.174798,0.114422,0.0442294,2.98525,24.945,247.661,0.522936
0.424133,0.102533,0.407333,0,0.253867,0.0756,0.1624,0.0742667,0.0248,0.136933,0.3512,0.876533,0.00893333,0.0468,0.0186667,0.296267,0.149867,0.1084,1.4536,0,2.85373,0,0,0.314267,0.1728,0.171333,0.119867,0.112933,0.0416,0.0537333,0,0.0764,0.0158667,0.0764,0.0368,0.0358667,0.2392,0,0.0504,0,0,0.0736,0.0186667,0.0154667,0.1128,0.131733,0,0.0324,0.0162667,0.14268,0.00273333,0.522333,0.07208,0.00253333,4.12711,25.24,59.12,0.546667
0.126382,0.0549342,0.256645,0,0.25,0.0834211,0.0581579,0.00993421,0.0111184,0.0973026,0.00730263,0.678487,0.0644737,0.0306579,0.00434211,0.206645,0.0250658,0.119671,1.85158,0.00440789,0.554211,0,0,0.0275,0.286645,0.307105,0.263289,0,0.141974,0.0276974,0.00763158,0,0.0613816,0,0,0.0580921,0.212105,0.0161842,0.0730263,0.00657895,0.0877632,0.306513,0.0102632,0.156974,0.421316,0.166184,0.00671053,0.0259211,0.0208026,0.125467,0.00929605,0.139171,0.0112105,0.00729605,1.55598,4.94079,31.4013,0.118421
0.0757143,0.0892308,0.206374,0,0.224286,0.0362637,0.12033,0.403956,0.120769,0.136923,0.0608791,0.271099,0.0114286,0.205385,0.00692308,0.466154,0.198681,0.138022,1.19022,0.0335165,0.724615,0.0321978,0.207473,0.0675824,0.292967,0.297363,0.171099,0.0828571,0,0.0437363,0.0172527,0.0259341,0.0502198,0.0259341,0.0583516,0.113187,0.118681,0,0.0320879,0.0242857,0,0.00835165,0.0220879,0.0207692,0.378681,0.03,0,0.0182418,0.00765934,0.14789,0.0105824,0.392143,0.114527,0.0067033,3.55871,25.7143,83.6044,0.725275
0.0558065,0.106774,0.389032,0,0.64,0.132581,0.267581,0.145,0.0754839,0.23629,0.104194,0.750806,0.088871,0,0.0614516,0.274355,0.259194,0.398065,2.20226,0.447258,1.31919,0.190484,0.178065,0.140806,0.343548,0.157419,0.0525806,0.139677,0.0220968,0.134032,0.0220968,0.0220968,0.0258065,0.0220968,0.0370968,0.0541935,0.113387,0,0.133065,0.0845161,0.0170968,0.0375806,0.00580645,0,0.160323,0.0467742,0,0,0.00424194,0.128629,0.00104839,0.30579,0.0689677,0.0364839,5.62711,56.3387,149.581,0.645161
0.0704965,0.0607801,0.328652,0.00574468,0.392057,0.241135,0.109504,0.159504,0.0334043,0.261702,0.0336879,0.53766,0.101277,0.00985816,0.00602837,0.22695,0.119787,0.173617,1.59624,0.0121986,1.17787,0,0.124397,0.128085,0.594184,0.449716,0.206525,0.202766,0.115106,0.146099,0.0711348,0.0521986,0.0916312,0.05,0.145319,0.128014,0.139716,0.00163121,0.081844,0.0638298,0.0539716,0.0492199,0.0870922,0.0292199,0.284043,0.126596,0.0146809,0.0100709,0.0313759,0.153993,0.0254397,0.179844,0.057461,0.0107872,2.09826,13.4043,139.433,0.446809
0.137701,0.115057,0.376322,0.0349425,0.301839,0.103218,0.0729885,0.152184,0.188851,0.34977,0.103333,0.474943,0.118161,0.0314943,0.0981609,0.292069,0.198391,0.257356,1.50414,0.165632,0.924828,0.537586,0.173678,0.0996552,0.475977,0.231494,0.0872414,0.119195,0.0498851,0.0663218,0.0373563,0.0293103,0.0303448,0.0293103,0.0718391,0.0797701,0.12954,0.043908,0.0482759,0.102414,0.0393103,0.0866667,0.0467816,0.0128736,0.0851724,0.0724138,0.0248276,0.0466667,0.24608,0.163529,0.0172874,0.292368,0.0816322,0.117793,3.60985,45.4483,374.655,0.54023
0.0978392,0.0331156,0.211859,0.00668342,0.146332,0.0784925,0.0767337,0.133216,0.0192462,0.189095,0.0234673,0.497588,0.0911055,0.00115578,0.0245226,0.13397,0.11804,0.241206,1.4804,0.0167337,0.581558,0,0.0129146,0.0209548,0.949497,0.393166,0.251759,0.330101,0.109497,0.205729,0.0815075,0.0469347,0.314523,0.0469347,0.20402,0.129548,0.263618,0.00944724,0.139397,0.0732161,0.0548241,0.132864,0.106834,0.145176,0.300955,0.283216,0,0.0340704,0.0175327,0.17793,0.0266985,0.211663,0.0479648,0.101281,2.09052,10.6935,64.7688,0.271357
0.117589,0.0792857,0.293125,0.112054,0.305714,0.1125,0.0666964,0.157946,0.197054,0.297321,0.0640179,0.729375,0.120982,0.0967857,0.0202679,0.193125,0.189732,0.127768,1.40339,0.0888393,1.08813,0.237946,0.207589,0.0946429,0.707232,0.181607,0.0124107,0.0186607,0.0166071,0.03,0.00223214,0,0.093125,0.00169643,0.0241071,0.0617857,0.156607,0.0111607,0.0292857,0.0116964,0.0658929,0.0708929,0.0075,0.0180357,0.0707143,0.265714,0.0228571,0.0190179,0.0429821,0.163179,0.0200625,0.23175,0.0736696,0.0468482,4.40768,58.5536,536.018,0.598214
0.177582,0.0819231,0.286374,0,0.491044,0.0654945,0.116703,0.106209,0.0413736,0.122253,0.0310989,0.495604,0.0615385,0.0139011,0.0251099,0.310549,0.198956,0.193077,1.73066,0.0310989,0.87478,0.00554945,0.102637,0.0354396,0.471209,0.314505,0.227033,0.169505,0.0613736,0.102198,0.0497802,0.0435165,0.0839011,0.0435165,0.124725,0.133297,0.165824,0.00598901,0.100659,0.0520879,0.0506593,0.0266484,0.103132,0.0636264,0.276813,0.137308,0.00104396,0.0581319,0.0235,0.132747,0.0200989,0.298742,0.0808187,0.0219725,2.39641,16.6264,115.302,0.472527
0.0693103,0.0521552,0.310776,0.0075,0.309655,0.1425,0.0593103,0.134052,0.0928448,0.201638,0.0422414,0.490345,0.101466,0.0460345,0.0185345,0.246207,0.157931,0.167931,1.38216,0.0893966,0.730948,0,0.062069,0.102241,0.688448,0.376983,0.143966,0.135948,0.100776,0.125517,0.0832759,0.0389655,0.132069,0.0389655,0.0938793,0.118879,0.218103,0.00594828,0.0605172,0.0712931,0.00517241,0.0269828,0.0832759,0.0807759,0.161379,0.0812931,0.00939655,0.0422414,0.0247931,0.201629,0.0286983,0.129914,0.0389828,0.0291034,2.47149,18.8966,200.181,0.439655
0.0273333,0.0723333,0.247,0,0.585,0.0323333,0.929,0.443,0.369,0.474,0.369333,0.775333,0.00666667,0.0433333,0.008,0.732333,1.26033,0.112,1.77233,0.361,1.997,0,0.151,0.0996667,0.043,0.0263333,0.219667,0.0193333,0.0166667,0.00833333,0.21,0,0,0.00966667,0.066,0.00766667,0.179667,0,0.0356667,0.633333,0,0.00666667,0,0,0.0686667,0,0,0.0333333,0.0152333,0.16,0.0198,0.380167,0.1225,0.0340667,37.5357,250.567,375.733,0.6
0.185824,0.125275,0.328571,0.00120879,0.35033,0.152967,0.0761538,0.167802,0.333187,0.327143,0.0973626,0.646923,0.076044,0.123407,0.090989,0.18044,0.332967,0.0771429,1.45,0.209011,1.05747,0.345055,0.0632967,0.240659,0.866923,0.185495,0.0279121,0.0121978,0.00461538,0.0249451,0.0195604,0.00461538,0.103407,0.00582418,0.0195604,0.0582418,0.160989,0.0206593,0.0167033,0.0325275,0.0508791,0.142418,0.017033,0.0150549,0.0571429,0.0901099,0.00604396,0.0118681,0.125297,0.184692,0.0147582,0.270308,0.13022,0.0888791,4.20715,73.5275,628.11,0.494505
0.0397268,0.0506557,0.360383,0,0.323825,0.0132787,0.0612568,0.0127322,0.0318579,0.11612,0.0286339,0.877705,0.0856284,0.0977049,0.00928962,0.112022,0.0484153,0.13082,1.97262,0.0397814,0.406612,0,0,0.0698907,0.244809,0.218087,0.374973,0.0237158,0.156557,0.0887432,0,0,0.0643169,0,0.0121311,0.00371585,0.132077,0.00491803,0.0728415,0.0052459,0.028306,0.274754,0.0144262,0.119235,0.396175,0.170656,0,0.0581967,0.0222459,0.134929,0.00804372,0.179623,0.00583607,0.000672131,1.61276,4.82514,22.1749,0.114754
0.0742105,0.123008,0.327744,0,0.231128,0.0596241,0.0600752,0.0360902,0.00601504,0.185639,0.00721804,0.460526,0.0705263,0.108195,0,0.121504,0.00676692,0.333459,3.43624,0,0.999098,0,0,0.0127068,0.127444,0.0176692,0.558195,0,0.0404511,0.0133835,0,0,0.148421,0,0,0.0192481,0,0.0258647,0.0917293,0.00879699,0,0.131955,0.0599248,0.0493985,0.609173,0.22391,0.00601504,0.0197744,0.0172256,0.0868797,0.00812782,0.31897,0.00970677,0,1.29323,2.83459,14.4135,0.135338
0.0091623,0,0.0306283,0,0.289791,0.0334031,0,0.0307853,0,0.0327749,0,0.16822,0.00732984,0.0561257,0,0.0806806,0,0.0475916,0.336859,0,0.180419,0,0,0,0.512461,0.311257,0.460681,0,0.0249215,0,0.065445,0,0.0149215,0,0,0.0402618,0,0.0923037,0.0153927,0,0,0.392618,0,0.43267,0.306178,0.307068,0,0.0959686,0.0120157,0.0987749,0.050445,0.162199,0,0,1.21071,1.6911,5.53927,0.0314136
0.124035,0.152982,0.259123,0.809474,0.444561,0.117281,0.0501754,0.0979825,0.233333,0.185789,0.100702,0.697193,0.145263,0.0387719,0.0545614,0.208947,0.259386,0.180526,1.81254,0.0723684,0.792544,0.72114,0.197544,0.152193,0.592018,0.108684,0.0626316,0.0163158,0.0225439,0.00929825,0.0119298,0.0146491,0.0780702,0.0114035,0.0268421,0.0702632,0.0922807,0.0245614,0.015614,0.00719298,0.0114035,0.0376316,0.0166667,0.00535088,0.0594737,0.0473684,0.0077193,0.015,0.0928947,0.109561,0.00657895,0.195377,0.106202,0.0820789,4.559,47.4123,451.43,0.605263
0.130777,0.0686408,0.305437,0.0150485,0.286117,0.113592,0.075534,0.139806,0.0581553,0.213981,0.0483495,0.481845,0.0961165,0.0337864,0.000873786,0.217476,0.195243,0.128544,1.48243,0.152913,0.710777,0.717087,0.157961,0.0714563,0.760874,0.285728,0.100874,0.0402913,0.061165,0.0482524,0.0521359,0.0123301,0.0856311,0.0152427,0.0394175,0.0596117,0.243398,0.00184466,0.0164078,0.0318447,0.0480583,0.0323301,0.0372816,0.0690291,0.123786,0.256893,0.00718447,0.0224272,0.245476,0.174728,0.0296311,0.215417,0.0940583,0.158825,3.7923,34.8738,314.825,0.466019
0.0896491,0.0873684,0.33693,0,0.170263,0.0613158,0.104211,0.0591228,0.100263,0.228246,0.0294737,0.38114,0.116316,0.112105,0.0101754,0.539825,0.0519298,0.177895,1.86018,0.0234211,0.841316,0,0.0449123,0.0352632,0.862018,0.63307,0.516667,0.362018,0.239211,0.333947,0.308158,0.227719,0.0227193,0.227719,0.406228,0.279825,0.207807,0.00359649,0.135877,0.235526,0.0718421,0.217456,0.135263,0.245614,0.342281,0.25,0,0,0.0102719,0.183088,0.0284386,0.27714,0.120526,0.022193,2.38051,12.3333,39.6053,0.315789
0.0964,0.1206,0.3152,0,0.6012,0.1636,0.2214,0.0524,0.09,0.2398,0.098,0.3286,0.1786,0.0344,0.221,0.5688,0.122,0.2724,2,0.1274,1.0278,0,0.1642,0.2156,0.1124,0.0504,0.0714,0.0532,0,0.0296,0,0,0.0742,0,0.04,0.0446,0.0524,0,0.0686,0.0796,0.0052,0.0324,0.014,0.0386,0.2538,0.2494,0,0,0.0009,0.08962,0.00546,0.2679,0.09492,0.39856,5.3329,58.72,114.68,0.6
0.314865,0.276757,0.336486,0.00351351,0.248919,0.0745946,0.0389189,0.149459,0.425676,0.528919,0.214054,0.579189,0.367838,0.723243,0.0859459,0.259189,0.332432,0.11027,2.41297,0.0359459,1.0927,0.0454054,0.393784,0.371622,0.0959459,0.0994595,0.00162162,0.000540541,0.000540541,0,0,0,0.123243,0,0.00189189,0.0321622,0.133784,0.00297297,0.00243243,0.0391892,0.00432432,0.00216216,0.00621622,0.00378378,0.0594595,0.0194595,0.00189189,0.0156757,0.0328378,0.100892,0.0108919,0.335595,0.430541,0.0987568,7.64754,346.757,2344.32,0.864865
0.121563,0.259063,0.480156,0.308281,0.503906,0.216563,0.601719,0.0684375,0.0629687,0.285,0.09875,0.50875,0.0457813,0.003125,0.010625,0.355156,0.21875,0.429375,2.31625,0.340937,1.38594,0.179531,0.102031,0.155781,0.0625,0.048125,0.005,0.0220313,0.0225,0.0225,0.0146875,0,0.00421875,0,0.0420313,0.0378125,0.105938,0,0.0757812,0.00296875,0,0,0.0221875,0.011875,0.214688,0.02625,0,0.0271875,0.00767187,0.103359,0.0160625,0.438406,0.218109,0.04325,8.87014,132.172,331.5,0.859375
0.112011,0.112011,0.277446,0,0.202989,0.0520652,0.134565,0.0844565,0.00315217,0.206902,0.0634239,0.659185,0.0686413,0,0.0431522,0.198098,0.0731522,0.189402,1.71864,0.0120652,0.555543,0,0.0603261,0.0248913,0.752283,0.430217,0.18587,0.232663,0.14087,0.246413,0.138967,0.0515217,0.17712,0.0515217,0.274076,0.148967,0.205,0.00434783,0.207663,0.055,0.0372826,0.203641,0.0505435,0.101087,0.228261,0.336522,0,0.0331522,0.0114402,0.139804,0.00426087,0.223783,0.0193043,0.0843859,2.03956,9.54891,52.25,0.233696
0.153478,0.124783,0.265435,0.00804348,0.295435,0.106304,0.0395652,0.230435,0.203696,0.299348,0.0923913,0.540435,0.148261,0.0695652,0.0623913,0.32413,0.210435,0.185652,1.49261,0.128696,0.707826,0.652609,0.261522,0.233478,0.461087,0.0893478,0.00586957,0.00543478,0.00326087,0.023913,0.0104348,0,0.0884783,0.00282609,0.0106522,0.118043,0.160217,0.00934783,0.0213043,0.0245652,0.0193478,0.00326087,0.0073913,0.0245652,0.0297826,0.0973913,0.0023913,0.0397826,0.0394565,0.123587,0.0373696,0.200739,0.163326,0.101739,5.77274,124.522,1677.87,0.543478
0,14.1478,0,0,0,0,0,0,0,0.132222,0,0,0,0,0,0,0,0,0,0,0,0,0,0,0,0,0,0,0,0,0,0,0,0,0,0,0,0,0,0,0,0,0,0,0.132222,0,0,0,0,0,0,0,0,0,1.77778,4.88889,9.02778,0
0.106618,0.0461765,0.241176,0,0.294779,0.07625,0.129044,0.0497794,0.0145588,0.174485,0.0442647,0.634779,0.136838,0.0269118,0.0164706,0.125588,0.126618,0.0838971,1.8289,0.00985294,0.511544,0,0.0827941,0.0369853,0.268529,0.154632,0.198456,0.00860294,0.0638235,0.1025,0.00948529,0,0.142132,0,0.0241176,0.0570588,0.148676,0.0108824,0.0549265,0.00191176,0.108162,0.233456,0.0157353,0.0611029,0.245662,0.11625,0,0.0525735,0.0129412,0.112765,0.0137132,0.209985,0.0369779,0.00805882,1.58124,5.64706,42.0221,0.154412
0.124369,0.15301,0.389223,0.138932,0.297961,0.119612,0.088835,0.185922,0.42767,0.51534,0.123107,0.532718,0.128447,0.0634951,0.135728,0.270291,0.145631,0.371553,1.42854,0.176796,0.934078,0.91165,0.12466,0.198058,0.470777,0.150583,0.0302913,0.0246602,0.00553398,0.0266019,0.0197087,0.00184466,0.122816,0.00368932,0.124757,0.0316505,0.136505,0.00174757,0.0326214,0.0313592,0.00932039,0.0270874,0.00524272,0.0121359,0.0366019,0.0365049,0.00640777,0.0286408,0.0586214,0.106913,0.043534,0.362107,0.180175,0.104767,4.71909,77.699,971.097,0.68932
0.103614,0.108434,0.36253,0,0.520843,0.129157,0.110723,0.173012,0.0720482,0.307711,0.101807,0.616506,0.073253,0.013012,0,0.335542,0.360723,0.278795,1.98554,0.138434,1.01952,0.126506,0.199518,0.0848193,0.237108,0.0840964,0.0257831,0.0262651,0.0046988,0.0445783,0.0046988,0.00843373,0.0233735,0.0122892,0.0449398,0.0796386,0.109157,0.000843373,0.0203614,0.0440964,0,0.00493976,0.0177108,0.0207229,0.224337,0.277831,0,0.0266265,0.0588313,0.109904,0.00918072,0.341036,0.121036,0.0558795,4.22006,67.4458,262.867,0.662651
0.129583,0.209722,0.431806,0.594583,0.276389,0.120139,0.0483333,0.112917,0.26,0.315694,0.0713889,0.80875,0.209028,0.125278,0.13,0.149583,0.144306,0.187083,1.73278,0.150972,0.950694,0,0.128194,0.174028,0.717361,0.12875,0.0215278,0.0234722,0.0144444,0.0180556,0.0204167,0.00222222,0.0694444,0.00222222,0.0355556,0.0625,0.0911111,0.00194444,0.0173611,0.035,0.00222222,0.0723611,0.0354167,0.0102778,0.0261111,0.00166667,0,0.0213889,0.140569,0.130917,0.017875,1.03196,0.256306,0.0185694,4.10265,61.0833,755.875,0.597222
0.0852,0.174,0.2986,0,0.386267,0.186867,0.1226,0.0855333,0.0522,0.220467,0.0444,0.565533,0.0687333,0.00353333,0.0103333,0.209467,0.116733,0.175,1.44993,0.0652,0.935133,0.00826667,0.142867,0.0528,0.704867,0.363,0.247733,0.162133,0.109067,0.136467,0.0744,0.0805333,0.103467,0.0805333,0.1372,0.110533,0.258,0,0.142867,0.086,0.1422,0.0716,0.125333,0.0289333,0.241533,0.267333,0.00453333,0.0299333,0.0567,0.166193,0.0250267,0.184987,0.0845933,0.02756,2.69024,20.3867,164.76,0.433333
0,0,0,0,0.310435,0,0,0.483043,0,0,0,0,0,0,0,0,0,0,2.06478,0,0.711739,0,0,0,0,0,1.33261,0,0,0,0,0,0.271739,0,0,0,0,0,0.483043,0,0,0,0,0.217391,9.4713,0.334348,0,0.206957,0,0.133043,0,1.81461,0,0,1.29309,2.3913,7,0.0434783
0.151343,0.146716,0.826866,0.00283582,0.707612,0.520149,0.272836,0.136716,0.56597,0.458209,0.203284,0.601194,0.150746,0.0797015,0.967015,0.304776,0.11209,0.760149,1.5091,0.820448,0.926119,0.0862687,0.517612,0.144478,0.051194,0.00134328,0.021791,0.00716418,0,0.00865672,0,0,0.00313433,0.00567164,0.00432836,0,0.0129851,0,0,0.0401493,0,0,0.0835821,0.0119403,0.0447761,0.0364179,0,0,0.00285075,0.0761343,0.0011194,0.448209,0.160104,0.019791,108.883,790.104,1415.94,0.985075
0.107533,0.0444,0.168267,0,0.370067,0.0500667,0.0118667,0.0549333,0.00773333,0.1276,0,0.769067,0.0517333,0.0570667,0,0.3312,0.0294,0.0705333,0.180467,0.1392,0.105133,0,0.0141333,0.0606,0.199867,0.0997333,0.5828,0.0392,0.481733,0.0669333,0,0,0.299133,0,0.172533,0.00666667,0.0356667,0.0547333,0.0508667,0,0.3116,0.851333,0.0476,0.1342,0.501133,0.585467,0.0141333,0.0555333,0.02108,0.0927067,0.0220933,0.17602,0.00962,0,1.81413,4.61333,13.3533,0.06
0.226129,0.419032,0.663871,0.0758065,0.377742,0.187097,0.322581,0.129677,0.324194,0.857742,0.222581,0.780968,0.148387,0.0925806,0.279355,0.953226,0.307419,0.246452,1.83839,0.149677,1.51355,0.00548387,0.199677,0.215484,0.309032,0.143226,0.00774194,0,0,0.0235484,0,0,0.0435484,0,0.0232258,0.00774194,0.117742,0.0277419,0.00774194,0.0235484,0,0.0235484,0.0109677,0.0158065,0.114194,0.046129,0,0.0248387,0.00974194,0.125742,0.00480645,0.771774,0.238613,0.0689032,26.1033,342.484,661.161,0.935484
0.096,0.008,0.196,0.008,0.092,0.118,0,0.058,0.058,0.188,0.074,0.082,0.072,0,0.038,0.088,0.078,0.076,0.608,0.008,0.242,1.906,0.138,0.11,0,0,0,0,0,0,0,0,0,0.028,0,0.008,0,0,0.016,0,0,0,0,0,0.038,0,0,0,0.4302,2.0094,0.009,0.3924,0.375,0.4024,57.5034,2297.8,10648.8,1
0.12061,0.167195,0.416829,0,0.442439,0.126829,0.326951,0.133171,0.0709756,0.324878,0.143415,0.516829,0.144512,0.0586585,0.0554878,0.325854,0.232317,0.285366,1.95549,0.144268,1.02305,0.019878,0.289512,0.074878,0.228293,0.0906098,0.0147561,0.129878,0.00731707,0.0764634,0.0121951,0.00731707,0.255,0.00731707,0.116707,0.0813415,0.148537,0,0.00682927,0.0909756,0.00378049,0.0441463,0.00634146,0.0180488,0.123537,0.0771951,0,0.0219512,0.0143049,0.0854878,0.00123171,0.473878,0.119073,0.013561,4.7365,64.561,196.244,0.658537
0.0917714,0.0674857,0.213029,0.00771429,0.248514,0.0494286,0.0918857,0.0942286,0.0424,0.342114,0.0420571,0.548229,0.133486,0.00771429,0.0365143,0.108514,0.103943,0.122171,1.54377,0.0502857,0.593086,0.00331429,0.0685714,0.0608571,0.739543,0.424629,0.308,0.275257,0.128457,0.195771,0.0972571,0.0776,0.101429,0.0776,0.159886,0.152,0.215829,0.00571429,0.147314,0.0911429,0.0335429,0.0683429,0.123829,0.0624571,0.303714,0.183371,0.0188571,0.0392,0.0254743,0.198149,0.0161029,0.243823,0.04528,0.0148857,2.22969,11.08,78.5771,0.274286
0.0928986,0.0873913,0.265942,0.277681,0.258841,0.0771014,0.065942,0.0634783,0.295217,0.362899,0.0817391,0.461304,0.134783,0.145797,0.093913,0.283913,0.0591304,0.246812,1.34826,0.248696,0.882464,0.87,0.0985507,0.0943478,0.372899,0.174783,0.0310145,0.0185507,0.00855072,0.016087,0.0324638,0.00130435,0.0776812,0.00130435,0.10058,0.0236232,0.166522,0.00057971,0.0166667,0.0389855,0.00971014,0.0353623,0.00869565,0.0111594,0.0413043,0.0491304,0.015942,0.0382609,0.0344928,0.153725,0.0202754,0.224087,0.127522,0.104116,6.15028,101.159,1231.72,0.594203
0,0.484865,0.235946,0,0.18027,0,0.424865,0,0,1.08649,0,0.508108,0.0854054,0.077027,0,0.0743243,0,0.077027,2.41243,0,0.701351,0,0,0.169459,0.464865,0.122162,0.566486,0.470811,0,0,0,0,0.134324,0,0,0.077027,0.431892,0,0.854054,0.112432,0.0345946,0,0.0508108,0.0637838,0.571351,0.207838,0,0,0.0692973,0.281216,0,0.0885946,0.0540811,0.0217568,3.73703,22.4595,40.7027,0.324324
0,0.061831,0.171549,0,0.290423,0.0529577,0.058169,0.188592,0.0469014,0.0759155,0.0128169,0.589859,0.0360563,0.0276056,0,0.230845,0.0750704,0.185352,1.92845,0,0.607887,0,0.109014,0.316197,0.61169,0.433803,0.192958,0.213521,0.211972,0.106197,0.105211,0,0.0502817,0,0.171549,0.0671831,0.11,0.056338,0.187887,0.0312676,0.197183,0.363099,0.0652113,0.135915,0.613662,0.156901,0,0.088169,0.0885775,0.084507,0.0313521,0.321282,0.0603803,0.0685634,2.71575,12,27.4366,0.394366
0,0,0,0,0,0,0,0,0,0,0,0,0,0,0,0,0,0,0,0,0,0,0,0,16.3043,1.09857,0,0,0,0,0,0,0,0,0,0,0,0,0,0,0,0,0,0,2.88357,0,0,0,0,0,0,0.0802143,0,0,4.16179,16.5714,25.5,0
0.30617,0.144894,0.280426,0.0917021,0.0723404,0.106809,0.0193617,0.139787,0.221064,0.399574,0.144681,0.630213,0.341064,0.652766,0.0255319,0.158936,0.276596,0.12,1.86936,0.0476596,0.868511,0.0334043,0.447021,0.28766,0.0951064,0.0604255,0.00510638,0.00148936,0.00212766,0.00382979,0,0,0.309362,0,0,0.0297872,0.176383,0.00148936,0.00659574,0.017234,0.0246809,0.00765957,0.00446809,0.0159574,0.0421277,0.0568085,0.00978723,0.0502128,0.0292553,0.115766,0.00757447,0.24734,0.329319,0.0877872,5.44715,185.447,3357.47,0.744681
0,0,0,0,0,0,0,0,0,0,0,0,0,0,0,0.325203,0,0,0,0,0,0,0,0,0.0903252,0.116098,20.068,0,0,0,0,0,0,0,0,0,0,0,0,0,0,0.18065,0,0,0.0541463,0,0,0,0,0.0285203,0,0.00934146,0,0,1.20634,1.6748,5.45528,0
0,0,0,0,0,0,0,0,0,0,0,0.131905,0,0,0,0,0,0.34,0.280476,0,0,0,0,0,8.2019,4.09857,3.75857,4.09857,3.89095,4.09857,4.09857,3.75857,0,3.75857,4.09857,4.09857,0,0,0,3.75857,0,0,0,0,0,0,0,0,0,1.06048,0,0.0228095,0,0,3.1259,10.9048,31.1905,0
