0.0935323,0.105547,0.2249,0.00335821,0.274975,0.064403,0.131119,0.169254,0.056194,0.267637,0.0633831,0.507861,0.0826866,0.0607214,0.0256219,0.275473,0.141542,0.160323,1.65276,0.0421393,0.768458,0.0124627,0.100174,0.0716915,0.602512,0.395249,0.251592,0.245697,0.0779353,0.142687,0.070796,0.073607,0.0827861,0.073607,0.122935,0.149726,0.155299,0.00547264,0.105025,0.0653731,0.0255224,0.0519154,0.0832836,0.085995,0.298607,0.169129,0.0139801,0.0338308,0.0164602,0.165878,0.0114055,0.255896,0.0603408,0.0298085,2.58539,15.597,84.2214,0.412935
0.0950218,0.0946725,0.35441,0.00379913,0.344105,0.134891,0.151616,0.154192,0.0665939,0.256463,0.0978166,0.471397,0.119738,0.0436245,0.0183406,0.296114,0.156245,0.186332,1.56424,0.115066,0.870306,0.0080786,0.154454,0.0834061,0.574716,0.313974,0.0977729,0.136332,0.0589083,0.113755,0.0532314,0.0275983,0.167118,0.0275983,0.10869,0.105808,0.210131,0.00965065,0.0582096,0.058559,0.0728821,0.0336245,0.0589083,0.059214,0.153843,0.18738,0.00475983,0.0348472,0.0427336,0.149096,0.0164061,0.238568,0.075869,0.0272838,3.1302,32.2096,198.742,0.49345
0,0,0,0,0,0,0,0,0,0,0,0,0,0,0,0.325203,0,0,0,0,0,0,0,0,0.0903252,0.116098,20.068,0,0,0,0,0,0,0,0,0,0,0,0,0,0,0.18065,0,0,0.0541463,0,0,0,0,0.0285203,0,0.00934146,0,0,1.20634,1.6748,5.45528,0
0.096,0.008,0.196,0.008,0.092,0.118,0,0.058,0.058,0.188,0.074,0.082,0.072,0,0.038,0.088,0.078,0.076,0.608,0.008,0.242,1.906,0.138,0.11,0,0,0,0,0,0,0,0,0,0.028,0,0.008,0,0,0.016,0,0,0,0,0,0.038,0,0,0,0.4302,2.0094,0.009,0.3924,0.375,0.4024,57.5034,2297.8,10648.8,1
0.314865,0.276757,0.336486,0.00351351,0.248919,0.0745946,0.0389189,0.149459,0.425676,0.528919,0.214054,0.579189,0.367838,0.723243,0.0859459,0.259189,0.332432,0.11027,2.41297,0.0359459,1.0927,0.0454054,0.393784,0.371622,0.0959459,0.0994595,0.00162162,0.000540541,0.000540541,0,0,0,0.123243,0,0.00189189,0.0321622,0.133784,0.00297297,0.00243243,0.0391892,0.00432432,0.00216216,0.00621622,0.00378378,0.0594595,0.0194595,0.00189189,0.0156757,0.0328378,0.100892,0.0108919,0.335595,0.430541,0.0987568,7.64754,346.757,2344.32,0.864865
0.0611864,0.0949153,0.243983,0,0.521695,0.109576,0.265593,0.0795763,0.0518644,0.28822,0.0738136,0.472627,0.167627,0.0410169,0.109576,0.512034,0.110339,0.286695,2.25034,0.284661,0.923729,0.0468644,0.108644,0.135169,0.0840678,0.0849153,0.0302542,0.0881356,0,0.0220339,0,0,0.0314407,0,0.0333051,0.0411864,0.0222034,0,0.040678,0.0377119,0.00220339,0.0641525,0.0059322,0.0448305,0.277119,0.307034,0,0.00279661,0.00878814,0.0845593,0.00231356,0.213763,0.0518136,0.196254,4.98806,54.1949,104.551,0.525424
0.0803636,0.0747438,0.245306,0,0.235008,0.0573554,0.0810909,0.0460496,0.037405,0.187074,0.0224628,0.579471,0.0877025,0.0468099,0.00952066,0.223273,0.0544132,0.12762,1.80197,0.00981818,0.560248,0,0.0398678,0.061719,1.03051,0.494628,0.462463,0.269008,0.268231,0.255405,0.219471,0.173372,0.0847438,0.173372,0.24443,0.237752,0.181058,0.0138017,0.159653,0.180595,0.0869091,0.234033,0.0437851,0.129802,0.442876,0.169306,0.00168595,0.0382645,0.0229174,0.169762,0.0144562,0.197271,0.0455471,0.0149669,2.05213,8.56364,34.3372,0.191736
0.0551923,0.2075,0.333462,0,0.7075,0.179615,1.12442,0.286154,0.253654,0.5075,0.237115,0.637692,0.0298077,0.0205769,0.0176923,0.486154,0.832885,0.293077,2.16442,0.233462,1.72308,0.0165385,0.109615,0.106154,0.0519231,0.0151923,0.126731,0.0382692,0.00961538,0.00480769,0.139231,0,0,0.00557692,0.0651923,0.0101923,0.0992308,0,0.0567308,0.365385,0,0.00384615,0,0.00538462,0.167692,0,0,0.0192308,0.00932692,0.146481,0.0114231,0.400846,0.0858077,0.0425,27.5354,208.096,368.327,0.730769
0.219062,0.405938,0.650312,0.0734375,0.365938,0.18125,0.319688,0.125625,0.314063,0.860625,0.215625,0.77125,0.14375,0.096875,0.270625,0.930625,0.3275,0.23875,1.85531,0.145,1.52562,0.0053125,0.193438,0.223438,0.299375,0.13875,0.0075,0,0,0.0228125,0,0,0.0421875,0,0.0225,0.0146875,0.12125,0.026875,0.0075,0.0228125,0,0.0228125,0.010625,0.0153125,0.110625,0.0446875,0,0.0240625,0.0094375,0.125656,0.00465625,0.753812,0.231156,0.0675,25.445,340.531,656.719,0.9375
0.111294,0.301176,0.410235,1.06647,0.777176,0.178235,0.461882,0.171059,0.0645882,0.313882,0.0856471,0.657412,0.108941,0.0485882,0.0416471,0.561176,0.952824,0.336824,2.17188,0.356,1.676,0.0191765,0.173882,0.144235,0.0642353,0.00952941,0,0.00729412,0,0.0114118,0,0,0.0298824,0,0.00552941,0.0369412,0.107176,0.0183529,0.0337647,0.0494118,0,0,0,0.00647059,0.0883529,0.0164706,0,0,0.005,0.116271,0.0100235,0.583341,0.178682,0.0346471,7.29128,120.929,222.541,0.905882
0.158278,0.105166,0.345563,0.0018543,0.333046,0.142384,0.0674172,0.178013,0.240265,0.291523,0.0878146,0.73457,0.111854,0.0993377,0.0362252,0.209073,0.272583,0.110464,1.47377,0.16755,1.22874,0.209073,0.156556,0.173974,0.779139,0.153179,0.0139073,0.00556291,0.00635762,0.0129801,0.0110596,0.000993378,0.0983444,0.00298013,0.0118543,0.0625828,0.161325,0.0163576,0.0224503,0.0212583,0.0670199,0.0758278,0.0092053,0.0156291,0.0613907,0.21053,0.00238411,0.00834437,0.0794834,0.171066,0.0164106,0.286536,0.11549,0.060596,4.33286,67.6424,583.517,0.589404
0.153478,0.124783,0.265435,0.00804348,0.295435,0.106304,0.0395652,0.230435,0.203696,0.299348,0.0923913,0.540435,0.148261,0.0695652,0.0623913,0.32413,0.210435,0.185652,1.49261,0.128696,0.707826,0.652609,0.261522,0.233478,0.461087,0.0893478,0.00586957,0.00543478,0.00326087,0.023913,0.0104348,0,0.0884783,0.00282609,0.0106522,0.118043,0.160217,0.00934783,0.0213043,0.0245652,0.0193478,0.00326087,0.0073913,0.0245652,0.0297826,0.0973913,0.0023913,0.0397826,0.0394565,0.123587,0.0373696,0.200739,0.163326,0.101739,5.77274,124.522,1677.87,0.543478
0.0882828,0.140539,0.324916,0.006633,0.389529,0.201886,0.158754,0.0928283,0.0492929,0.234646,0.0396633,0.623872,0.0957239,0.00646465,0.0139394,0.246061,0.151212,0.22936,1.6902,0.0529293,1.15384,0.0439394,0.131852,0.115724,0.576263,0.318283,0.212088,0.13064,0.0926936,0.133771,0.0664983,0.0642424,0.090101,0.0677441,0.107912,0.0934343,0.175185,0.000774411,0.101953,0.083569,0.0436364,0.0439057,0.0844108,0.0160943,0.216397,0.0833333,0.00895623,0.0132323,0.0242727,0.154259,0.0216195,0.240657,0.0673199,0.0193704,3.11409,24.7037,152.222,0.494949
0.131543,0.118704,0.374753,0.0221605,0.302407,0.0826543,0.0896296,0.156975,0.13142,0.295062,0.0704938,0.491481,0.0921605,0.0335185,0.052716,0.274012,0.209012,0.224877,1.58901,0.182346,0.918272,0.640556,0.144691,0.0906173,0.44463,0.182531,0.0737037,0.0731481,0.0538272,0.0545062,0.0394444,0.0183951,0.0408642,0.0183951,0.0512346,0.064321,0.159136,0.0235802,0.0378395,0.0702469,0.02,0.0485802,0.042284,0.0455556,0.118272,0.162284,0.0179012,0.0445062,0.253562,0.149167,0.0138642,0.295642,0.141253,0.144093,4.10972,52.2099,351.333,0.549383
0.120903,0.135613,0.239548,0.675226,0.410516,0.112581,0.0625806,0.109871,0.223097,0.238194,0.0905161,0.672839,0.120129,0.044129,0.0423226,0.204065,0.240774,0.162839,1.67032,0.0739355,0.739355,0.754968,0.174129,0.133097,0.648516,0.188194,0.0608387,0.0305806,0.026,0.031871,0.012,0.0134194,0.0807097,0.0110323,0.0404516,0.0716774,0.118645,0.0223226,0.0188387,0.0116129,0.0328387,0.0465161,0.0181935,0.0105806,0.0619355,0.0818065,0.0204516,0.022,0.105019,0.126677,0.0126516,0.184406,0.0938323,0.0871871,4.54206,47.6387,463.181,0.567742
0.4672,0.7208,0.7428,0.3664,0.3468,0.2716,0.0656,0.4024,0.4188,1.3644,0.0604,1.4292,0.1212,0.2716,0.3344,0.2872,0.1692,0.6348,2.064,0.3444,3.2556,0.0152,0.5196,0.2464,0,0,0,0,0,0,0,0,0.0132,0,0.0508,0.0168,0.0148,0,0,0,0,0,0.0076,0,0.0248,0,0,0,0.027,0.14768,0.06472,0.95372,0.17836,0.06036,39.2918,602.2,882.64,1
0.0953659,0.105854,0.314829,0.0107317,0.370976,0.133902,0.0970732,0.104049,0.0666341,0.235707,0.0690244,0.534683,0.144098,0.0251707,0.0501463,0.220537,0.197512,0.263707,1.56493,0.106634,0.77961,0.314049,0.174341,0.0832195,0.578293,0.250293,0.113951,0.076,0.0654634,0.0776585,0.0361463,0.0346829,0.0589268,0.0377073,0.0651707,0.0897561,0.16278,0.00126829,0.0359024,0.0599024,0.0197073,0.0358049,0.0492195,0.0343415,0.151805,0.161756,0,0.0227317,0.0546537,0.159424,0.0271073,0.235146,0.116595,0.060478,3.56784,39.5854,267.454,0.565854
0.151343,0.146716,0.826866,0.00283582,0.707612,0.520149,0.272836,0.136716,0.56597,0.458209,0.203284,0.601194,0.150746,0.0797015,0.967015,0.304776,0.11209,0.760149,1.5091,0.820448,0.926119,0.0862687,0.517612,0.144478,0.051194,0.00134328,0.021791,0.00716418,0,0.00865672,0,0,0.00313433,0.00567164,0.00432836,0,0.0129851,0,0,0.0401493,0,0,0.0835821,0.0119403,0.0447761,0.0364179,0,0,0.00285075,0.0761343,0.0011194,0.448209,0.160104,0.019791,108.883,790.104,1415.94,0.985075
0.124369,0.15301,0.389223,0.138932,0.297961,0.119612,0.088835,0.185922,0.42767,0.51534,0.123107,0.532718,0.128447,0.0634951,0.135728,0.270291,0.145631,0.371553,1.42854,0.176796,0.934078,0.91165,0.12466,0.198058,0.470777,0.150583,0.0302913,0.0246602,0.00553398,0.0266019,0.0197087,0.00184466,0.122816,0.00368932,0.124757,0.0316505,0.136505,0.00174757,0.0326214,0.0313592,0.00932039,0.0270874,0.00524272,0.0121359,0.0366019,0.0365049,0.00640777,0.0286408,0.0586214,0.106913,0.043534,0.362107,0.180175,0.104767,4.71909,77.699,971.097,0.68932
0.129773,0.186477,0.391477,0.486477,0.268523,0.113636,0.0422727,0.0998864,0.310114,0.31125,0.0609091,0.724318,0.190795,0.157841,0.160227,0.122386,0.148068,0.157273,1.63489,0.12875,0.912159,0,0.115114,0.178409,0.786705,0.156705,0.0286364,0.0222727,0.0148864,0.0279545,0.0197727,0.00488636,0.0759091,0.00488636,0.0321591,0.0576136,0.108182,0.00159091,0.0172727,0.0342045,0.00852273,0.133409,0.0367045,0.00840909,0.0398864,0.0127273,0.00522727,0.0225,0.141011,0.148398,0.0182727,0.860818,0.21575,0.0219432,4.01706,64.3636,741.216,0.534091
0.153611,0.0764103,0.272115,0.00284188,0.190748,0.0648718,0.129423,0.102927,0.0133974,0.19391,0.0888889,0.619893,0.0671581,0.00799145,0.0303846,0.186731,0.0937607,0.190705,1.57342,0.011859,0.940107,0,0.0292094,0.0794658,0.77188,0.366432,0.199338,0.246389,0.109829,0.199081,0.0857479,0.0524573,0.194829,0.0524573,0.196859,0.117073,0.232201,0.0057265,0.121047,0.0616453,0.0379701,0.148355,0.0697222,0.105342,0.240299,0.273846,0,0.030235,0.0147927,0.153177,0.0134658,0.263667,0.0391004,0.0779359,2.46709,12.8205,58.5748,0.303419
0.0928986,0.0873913,0.265942,0.277681,0.258841,0.0771014,0.065942,0.0634783,0.295217,0.362899,0.0817391,0.461304,0.134783,0.145797,0.093913,0.283913,0.0591304,0.246812,1.34826,0.248696,0.882464,0.87,0.0985507,0.0943478,0.372899,0.174783,0.0310145,0.0185507,0.00855072,0.016087,0.0324638,0.00130435,0.0776812,0.00130435,0.10058,0.0236232,0.166522,0.00057971,0.0166667,0.0389855,0.00971014,0.0353623,0.00869565,0.0111594,0.0413043,0.0491304,0.015942,0.0382609,0.0344928,0.153725,0.0202754,0.224087,0.127522,0.104116,6.15028,101.159,1231.72,0.594203
0.0507521,0.758969,0.192869,0,0.266866,0.037493,0.0256546,0.0450696,0.00752089,0.133245,0.00558496,0.446323,0.0474791,0.0684401,0,0.141226,0.018844,0.122019,1.84769,0.0374652,0.475543,0,0.00295265,0.063454,0.284443,0.12929,0.500766,0.014234,0.148691,0.0309749,0.0174095,0,0.110292,0,0.0413928,0.0166156,0.0269777,0.0420334,0.0655153,0.00296657,0.0708357,0.359109,0.0235237,0.179889,0.769666,0.346198,0.00708914,0.0541783,0.0194039,0.0936281,0.0215905,0.245118,0.00399582,0.00121727,1.46318,3.2507,11.4958,0.0752089
0.135962,0.0673718,0.278654,0.00413462,0.44375,0.0864423,0.0888782,0.118974,0.0354487,0.163045,0.0325641,0.50359,0.0642949,0.0108654,0.0503846,0.305321,0.154712,0.155032,1.60958,0.0248077,0.833365,0.0317949,0.121538,0.0475,0.547244,0.373526,0.242981,0.207436,0.102404,0.114679,0.0675,0.0609295,0.0812179,0.0638141,0.147244,0.156859,0.161442,0.00477564,0.120224,0.0688782,0.0399038,0.0521474,0.0991026,0.0765064,0.274359,0.163462,0.000897436,0.0446795,0.0259327,0.146548,0.022359,0.268538,0.0775705,0.0226346,2.45739,17.2372,117.032,0.445513
0.30617,0.144894,0.280426,0.0917021,0.0723404,0.106809,0.0193617,0.139787,0.221064,0.399574,0.144681,0.630213,0.341064,0.652766,0.0255319,0.158936,0.276596,0.12,1.86936,0.0476596,0.868511,0.0334043,0.447021,0.28766,0.0951064,0.0604255,0.00510638,0.00148936,0.00212766,0.00382979,0,0,0.309362,0,0,0.0297872,0.176383,0.00148936,0.00659574,0.017234,0.0246809,0.00765957,0.00446809,0.0159574,0.0421277,0.0568085,0.00978723,0.0502128,0.0292553,0.115766,0.00757447,0.24734,0.329319,0.0877872,5.44715,185.447,3357.47,0.744681
