0.096,0.008,0.196,0.008,0.092,0.118,0,0.058,0.058,0.188,0.074,0.082,0.072,0,0.038,0.088,0.078,0.076,0.608,0.008,0.242,1.906,0.138,0.11,0,0,0,0,0,0,0,0,0,0.028,0,0.008,0,0,0.016,0,0,0,0,0,0.038,0,0,0,0.4302,2.0094,0.009,0.3924,0.375,0.4024,57.5034,2297.8,10648.8,1
0.0223077,0.088,0.138154,0,0.246769,0.0367692,0.217692,0.0452308,0.02,0.205846,0,0.472,0.177385,0.048,0,0.501538,0.052,0.303077,2.82892,0.179231,1.21338,0.0850769,0,0.05,0.254923,0.124,0.04,0.0230769,0,0,0,0,0,0,0.0230769,0.00984615,0,0,0,0,0,0.134769,0,0.0516923,0.384308,0.410462,0,0,0.0152615,0.0292,0,0.165538,0.0255385,0.0496923,5.01668,48.0769,82.6,0.415385
0.0875138,0.0750829,0.305249,0.0116022,0.418122,0.225083,0.12674,0.136022,0.0275691,0.24558,0.0362983,0.542983,0.0895028,0.00767956,0.011547,0.25442,0.109171,0.176851,1.63122,0.0103315,1.12055,0.00685083,0.10989,0.116133,0.591215,0.388066,0.228398,0.158398,0.104862,0.134972,0.0709392,0.0618785,0.0972928,0.0601657,0.121326,0.117956,0.148343,0.00127072,0.0864641,0.0667956,0.061326,0.0421547,0.0860221,0.0294475,0.272928,0.113978,0.0114365,0.00657459,0.027547,0.156934,0.0255691,0.216171,0.0519779,0.0116685,2.36286,16.1602,142.265,0.453039
0.117738,0.163214,0.425357,0,0.457381,0.118333,0.334524,0.169048,0.0766667,0.329405,0.147381,0.502857,0.148452,0.0572619,0.0541667,0.32,0.226548,0.275833,1.98548,0.140833,1.00833,0.0194048,0.282619,0.0810714,0.222857,0.0884524,0.0144048,0.126786,0.00714286,0.0746429,0.0119048,0.00714286,0.24619,0.00714286,0.113929,0.0794048,0.136548,0,0.00666667,0.0888095,0.00369048,0.0430952,0.00619048,0.017619,0.120595,0.0753571,0,0.0129762,0.0130476,0.087369,0.00120238,0.480369,0.115417,0.0127857,4.75745,64.0238,196.369,0.678571
0.314865,0.276757,0.336486,0.00351351,0.248919,0.0745946,0.0389189,0.149459,0.425676,0.528919,0.214054,0.579189,0.367838,0.723243,0.0859459,0.259189,0.332432,0.11027,2.41297,0.0359459,1.0927,0.0454054,0.393784,0.371622,0.0959459,0.0994595,0.00162162,0.000540541,0.000540541,0,0,0,0.123243,0,0.00189189,0.0321622,0.133784,0.00297297,0.00243243,0.0391892,0.00432432,0.00216216,0.00621622,0.00378378,0.0594595,0.0194595,0.00189189,0.0156757,0.0328378,0.100892,0.0108919,0.335595,0.430541,0.0987568,7.64754,346.757,2344.32,0.864865
0.0795455,0.137424,0.382273,0,0.607727,0.131061,0.261667,0.136212,0.0709091,0.235152,0.0978788,0.773939,0.0937879,0,0.0577273,0.315455,0.296364,0.373939,2.16712,0.420152,1.29667,0.178939,0.207727,0.132273,0.322727,0.147879,0.0559091,0.131212,0.0207576,0.125909,0.0207576,0.0207576,0.0242424,0.0207576,0.0348485,0.0509091,0.106515,0,0.125,0.0793939,0.0160606,0.035303,0.00545455,0,0.160909,0.0439394,0,0,0.00398485,0.120833,0.000984848,0.33003,0.0700758,0.0353939,5.69223,55.4848,148.758,0.666667
0.226129,0.419032,0.663871,0.0758065,0.377742,0.187097,0.322581,0.129677,0.324194,0.857742,0.222581,0.780968,0.148387,0.0925806,0.279355,0.953226,0.307419,0.246452,1.83839,0.149677,1.51355,0.00548387,0.199677,0.215484,0.309032,0.143226,0.00774194,0,0,0.0235484,0,0,0.0435484,0,0.0232258,0.00774194,0.117742,0.0277419,0.00774194,0.0235484,0,0.0235484,0.0109677,0.0158065,0.114194,0.046129,0,0.0248387,0.00974194,0.125742,0.00480645,0.771774,0.238613,0.0689032,26.1033,342.484,661.161,0.935484
0.0757143,0.0892308,0.206374,0,0.224286,0.0362637,0.12033,0.403956,0.120769,0.136923,0.0608791,0.271099,0.0114286,0.205385,0.00692308,0.466154,0.198681,0.138022,1.19022,0.0335165,0.724615,0.0321978,0.207473,0.0675824,0.292967,0.297363,0.171099,0.0828571,0,0.0437363,0.0172527,0.0259341,0.0502198,0.0259341,0.0583516,0.113187,0.118681,0,0.0320879,0.0242857,0,0.00835165,0.0220879,0.0207692,0.378681,0.03,0,0.0182418,0.00765934,0.14789,0.0105824,0.392143,0.114527,0.0067033,3.55871,25.7143,83.6044,0.725275
0.109402,0.138547,0.253761,0.795385,0.396667,0.126752,0.0366667,0.127778,0.224359,0.151111,0.0704273,0.580171,0.121966,0.0315385,0.0253846,0.194103,0.250427,0.147265,1.67256,0.0958974,0.775214,0.453162,0.174017,0.126239,0.599402,0.132393,0.0750427,0.0230769,0.0376923,0.0244444,0.00982906,0.0178632,0.0416239,0.0110256,0.0276068,0.074188,0.116581,0.0462393,0.0222222,0.0321368,0.0212821,0.0395726,0.0308547,0.00615385,0.0704274,0.0536752,0.00752137,0.0221368,0.154453,0.121949,0.0107607,0.200128,0.103068,0.0543846,4.23081,44.9402,424.932,0.547009
0.106022,0.125591,0.262312,0,0.390753,0.105968,0.137796,0.119516,0.0336559,0.24672,0.0760753,0.623871,0.0610215,0.0281183,0.0730645,0.313656,0.0990323,0.195753,1.74242,0.0296237,0.83043,0.0253763,0.0801613,0.0869892,0.711022,0.414892,0.226882,0.305538,0.102419,0.143226,0.0880108,0.0986559,0.0803763,0.0986559,0.141237,0.18629,0.158817,0.0105914,0.120215,0.0753763,0.0466129,0.0522043,0.105269,0.163871,0.217849,0.272312,0.0124731,0.0274194,0.024,0.150425,0.0147043,0.172392,0.0498978,0.0516613,2.16828,11.7634,98.3065,0.344086
0.418553,0.101184,0.401974,0,0.250526,0.0746053,0.160263,0.0732895,0.0244737,0.135132,0.346579,0.865,0.00881579,0.0461842,0.0184211,0.292368,0.147895,0.106974,1.46132,0,2.81618,0,0,0.310132,0.170526,0.169079,0.118289,0.111447,0.0410526,0.0530263,0,0.0753947,0.0425,0.0753947,0.0631579,0.0353947,0.236053,0,0.0497368,0,0,0.0726316,0.0184211,0.0152632,0.111316,0.13,0,0.0319737,0.0160526,0.140803,0.00269737,0.519224,0.0711316,0.0025,4.10483,25.1316,59.0789,0.539474
0,0,0,0,0,0,0,0,0,0,0,0,0,0,0,0,0,0,0,0,0,0,0,0,0,0,26.666,0,0,0,0,0,0,0,0,0,0,0,0,0,0,0,0,0,0,0,0,0,0,0,0,0,0,0,1.59575,2.8,5.1,0
0.0429907,0,0.116355,0,0.0503738,0,0,0.0549533,0,0.0585047,0,0.247757,0.0130841,0.0680374,0,0.121121,0.0266355,0.0130841,0.351869,0,0.0464486,0,0,0,0.72785,0.555607,0.785327,0,0,0,0.116822,0,0.0266355,0,0,0.0718692,0,0.0869159,0.0274766,0,0,0.402336,0,0.828785,0.566542,0.26757,0,0.171308,0.0168411,0.0901308,0.0519065,0.0406636,0.013486,0,1.37563,2.34579,7.64486,0.0186916
0.124369,0.15301,0.389223,0.138932,0.297961,0.119612,0.088835,0.185922,0.42767,0.51534,0.123107,0.532718,0.128447,0.0634951,0.135728,0.270291,0.145631,0.371553,1.42854,0.176796,0.934078,0.91165,0.12466,0.198058,0.470777,0.150583,0.0302913,0.0246602,0.00553398,0.0266019,0.0197087,0.00184466,0.122816,0.00368932,0.124757,0.0316505,0.136505,0.00174757,0.0326214,0.0313592,0.00932039,0.0270874,0.00524272,0.0121359,0.0366019,0.0365049,0.00640777,0.0286408,0.0586214,0.106913,0.043534,0.362107,0.180175,0.104767,4.71909,77.699,971.097,0.68932
0.0822346,0.039162,0.262235,0,0.255475,0.0498883,0.024581,0.0047486,0.0234637,0.109218,0.0184358,0.76257,0.0801117,0.0306704,0.00949721,0.152179,0.0107821,0.0778212,1.89134,0.0107821,0.439609,0,0,0.0265363,0.309832,0.373911,0.371732,0,0.131229,0.0472067,0.00648045,0,0.0606704,0,0.0323464,0.017095,0.149441,0.013743,0.0587151,0,0.0705028,0.266872,0.0135196,0.121564,0.45743,0.176872,0,0.0530726,0.0337207,0.117587,0.00956425,0.112838,0.0110447,0.00577654,1.53904,4.79888,27.352,0.100559
0.0845614,0.120526,0.300351,0.0203509,0.527368,0.16193,0.21807,0.0459649,0.0789474,0.239825,0.100702,0.304912,0.156667,0.0301754,0.19386,0.532105,0.107018,0.238947,1.98228,0.111754,1.00386,0,0.177193,0.229825,0.148772,0.0777193,0.105088,0.0801754,0.0166667,0.0426316,0.0166667,0.0166667,0.0650877,0.0166667,0.0685965,0.0557895,0.0459649,0,0.0601754,0.0864912,0.0045614,0.0284211,0.0122807,0.0338596,0.239298,0.230526,0,0.00578947,0.000789474,0.0905965,0.00478947,0.261474,0.099614,0.361667,5.20177,56.6491,116.228,0.596491
0.0273333,0.0723333,0.247,0,0.585,0.0323333,0.929,0.443,0.369,0.474,0.369333,0.775333,0.00666667,0.0433333,0.008,0.732333,1.26033,0.112,1.77233,0.361,1.997,0,0.151,0.0996667,0.043,0.0263333,0.219667,0.0193333,0.0166667,0.00833333,0.21,0,0,0.00966667,0.066,0.00766667,0.179667,0,0.0356667,0.633333,0,0.00666667,0,0,0.0686667,0,0,0.0333333,0.0152333,0.16,0.0198,0.380167,0.1225,0.0340667,37.5357,250.567,375.733,0.6
0.0275641,0.0585256,0.355962,0,0.328333,0.0517949,0.0723718,0.0382051,0.0104487,0.129167,0.0195513,0.79609,0.0997436,0.0482692,0,0.138013,0.0584615,0.228974,2.21712,0.024359,0.624615,0,0,0.0126282,0.192756,0.105769,0.41391,0,0.108269,0.0782051,0,0,0.0767949,0,0,0.0207692,0.105064,0.0278205,0.0807051,0.00615385,0.01,0.321923,0.0625,0.136474,0.463077,0.124679,0,0.021859,0.0165449,0.114494,0.0114551,0.147987,0.00697436,0.000788462,1.41012,3.5641,18.8654,0.128205
0.0973437,0.280312,0.387188,0,0.11875,0.0840625,0.294531,0.105312,0.0764062,0.745781,0.0239063,0.436875,0.0703125,0.0445312,0,0.176875,0,0.0620312,2.51813,0,0.917031,0,0.035,0.160781,0.315156,0.0935938,0.410313,0.295156,0.0204687,0.0204687,0.0709375,0,0.0840625,0,0,0.065,0.346406,0.00640625,0.550781,0.065,0.0521875,0,0.029375,0.107812,0.440469,0.367813,0,0,0.0400625,0.209578,0.00395312,0.179391,0.156766,0.035125,3.32517,19.5781,39.9844,0.40625
0.0875401,0.0661497,0.213155,0.00721925,0.258396,0.0528877,0.0859893,0.112888,0.0396791,0.337701,0.0393583,0.575989,0.12984,0.00721925,0.0356684,0.101551,0.117701,0.114332,1.52273,0.0470588,0.567059,0.0031016,0.0740642,0.0569519,0.725187,0.427219,0.313476,0.280535,0.134599,0.197112,0.0993583,0.0809626,0.0983422,0.0809626,0.157968,0.162995,0.213476,0.00534759,0.145722,0.0936364,0.0313904,0.0639572,0.124225,0.060107,0.30492,0.185508,0.0176471,0.0428877,0.024123,0.201166,0.0150695,0.235096,0.0455294,0.0139305,2.2123,11.0963,78.7273,0.26738
0.4672,0.7208,0.7428,0.3664,0.3468,0.2716,0.0656,0.4024,0.4188,1.3644,0.0604,1.4292,0.1212,0.2716,0.3344,0.2872,0.1692,0.6348,2.064,0.3444,3.2556,0.0152,0.5196,0.2464,0,0,0,0,0,0,0,0,0.0132,0,0.0508,0.0168,0.0148,0,0,0,0,0,0.0076,0,0.0248,0,0,0,0.027,0.14768,0.06472,0.95372,0.17836,0.06036,39.2918,602.2,882.64,1
0.121032,0.0980159,0.27119,0.0996032,0.350794,0.104048,0.0684921,0.110556,0.205794,0.336032,0.0956349,0.771032,0.131111,0.083254,0.0543651,0.19619,0.163492,0.184127,1.5854,0.0738889,0.972222,0.591508,0.200079,0.10746,0.60254,0.182937,0.0169841,0.0238095,0.015873,0.0289683,0.00849206,0.00150794,0.105079,0.00642857,0.0279365,0.066746,0.126905,0.012619,0.0150794,0.00698413,0.0464286,0.0719048,0.00738095,0.0150794,0.0692857,0.235,0.0203175,0.0185714,0.0377937,0.140659,0.0177698,0.223365,0.0743651,0.080754,4.45874,58.9206,515.238,0.603175
0.0791,0.0728,0.3241,0.0087,0.3073,0.1095,0.0576,0.1386,0.0977,0.236,0.0543,0.5099,0.0837,0.0456,0.0152,0.2638,0.1498,0.1625,1.3948,0.0936,0.8146,0.0185,0.0777,0.0917,0.7448,0.3738,0.1689,0.1302,0.0789,0.125,0.0903,0.0447,0.1351,0.0447,0.0946,0.1311,0.2558,0.0152,0.0814,0.0655,0.008,0.035,0.1029,0.0972,0.1718,0.0942,0.0109,0.0293,0.02325,0.19065,0.02413,0.13838,0.04694,0.03403,2.49547,20.95,211.45,0.42
0,0,0,0,0.42,0,0,0,0,0,0,0,0,0,0,0,0,0,2.14588,0,0,0,0,0,0,0,0.534706,0,0,0,0,0,0,0,0,0,0,0,0.653529,0,0,0,0,0,10.91,0.452353,0,0,0,0.18,0,2.45506,0,0,1.32535,2.47059,7,0
0.119364,0.0812273,0.257364,0,0.238636,0.0686818,0.103773,0.0171818,0.0195,0.148,0.0287273,0.528955,0.136,0.0512727,0.0101818,0.278136,0.0962727,0.123364,1.685,0.0182273,0.532045,0,0.0642727,0.0228636,0.538682,0.361727,0.380636,0.164727,0.183,0.180773,0.128727,0.101818,0.0874545,0.101818,0.197273,0.181727,0.174091,0.00422727,0.0902273,0.111591,0.0630909,0.261318,0.0584545,0.18,0.341545,0.117864,0.00463636,0.0504091,0.00915,0.151786,0.0197364,0.230973,0.0488909,0.0106818,1.79103,7.17273,39.7727,0.181818
0.105253,0.0685354,0.250101,0,0.232576,0.0540404,0.14096,0.0881818,0.00333333,0.19202,0.0615152,0.672576,0.0619192,0,0.040101,0.200455,0.0743939,0.176212,1.705,0.0112121,0.567121,0,0.0560606,0.0168182,0.747071,0.412778,0.219848,0.209697,0.156717,0.270051,0.13798,0.0695455,0.177778,0.0695455,0.257273,0.150505,0.190051,0.00681818,0.212879,0.0727778,0.0706061,0.206667,0.0518687,0.0987374,0.204949,0.343081,0,0.0308081,0.0124242,0.139106,0.00639899,0.211045,0.0188586,0.0762121,2.01107,9.15657,50.8889,0.222222
0,0,0,0,1.28875,0,0,0,0,0,0,3.475,0,0,0,0,0,0,0,0,0,0,0,0,0.80875,0.80875,0,0,9.02375,0,0,0,0,0,0,0,0,0,0,0,0,8.4,0,0,0,0,0,0,0,0,0,0.213,0,0,1.41112,3.375,13.75,0
0.19156,0.110092,0.365413,0.00100917,0.32367,0.147523,0.0751376,0.196606,0.303486,0.288807,0.0922936,0.670092,0.0768807,0.104954,0.0742202,0.201651,0.334771,0.0776147,1.35954,0.204679,1.13642,0.288073,0.0855046,0.241927,0.872018,0.170275,0.0234862,0.0101835,0.00477064,0.0217431,0.0163303,0.00385321,0.103303,0.00486239,0.0163303,0.0622936,0.175596,0.0172477,0.0282569,0.0323853,0.0684404,0.103486,0.0142202,0.0144954,0.0498165,0.102752,0.00504587,0.0114679,0.110982,0.195092,0.0145872,0.277349,0.123615,0.0727706,4.15359,69.0917,616.761,0.53211
0.00917647,0.0874118,0.240235,0,0.330471,0.0442353,0.112588,0.118235,0.101059,0.110706,0.0107059,0.606588,0.0563529,0.102353,0.0214118,0.319176,0.0936471,0.219059,2.09871,0,0.826706,0,0.0910588,0.260471,0.324,0.312824,0.126824,0.137176,0.187647,0.0730588,0.0792941,0.024,0.042,0.024,0.0475294,0.0475294,0.187059,0,0.148588,0.0501176,0.124941,0.339765,0.0776471,0.13,0.625294,0.177412,0,0.0301176,0.0233176,0.100765,0.0204706,0.371729,0.0545529,0.0473529,2.41604,11.3765,30.2353,0.376471
0.0950718,0.0625359,0.220239,0.00636364,0.146172,0.0766507,0.0820574,0.109856,0.0211005,0.217608,0.0272249,0.51622,0.0907656,0.00110048,0.0233493,0.142344,0.102632,0.250766,1.53325,0.015933,0.617656,0,0.00344498,0.025933,0.937464,0.401627,0.246699,0.342249,0.0944976,0.202919,0.0854067,0.0403349,0.310861,0.0403349,0.210813,0.130861,0.276172,0.00899522,0.125694,0.0653589,0.052201,0.126507,0.105789,0.142057,0.299761,0.262536,0,0.02689,0.0174545,0.171632,0.0254211,0.210234,0.0444354,0.0985263,2.07089,10.5024,64.1196,0.267943
0.0928986,0.0873913,0.265942,0.277681,0.258841,0.0771014,0.065942,0.0634783,0.295217,0.362899,0.0817391,0.461304,0.134783,0.145797,0.093913,0.283913,0.0591304,0.246812,1.34826,0.248696,0.882464,0.87,0.0985507,0.0943478,0.372899,0.174783,0.0310145,0.0185507,0.00855072,0.016087,0.0324638,0.00130435,0.0776812,0.00130435,0.10058,0.0236232,0.166522,0.00057971,0.0166667,0.0389855,0.00971014,0.0353623,0.00869565,0.0111594,0.0413043,0.0491304,0.015942,0.0382609,0.0344928,0.153725,0.0202754,0.224087,0.127522,0.104116,6.15028,101.159,1231.72,0.594203
0.13027,0.20527,0.424324,0.578514,0.281892,0.116892,0.047027,0.109865,0.267703,0.307162,0.0694595,0.790811,0.207568,0.14,0.129054,0.145541,0.146351,0.182027,1.70027,0.146892,0.948649,0,0.12473,0.169324,0.711757,0.134459,0.0221622,0.0228378,0.0140541,0.0175676,0.0198649,0.00216216,0.0714865,0.00216216,0.0345946,0.0608108,0.0912162,0.00189189,0.0168919,0.0340541,0.00216216,0.100541,0.0344595,0.01,0.0254054,0.00162162,0,0.0208108,0.13827,0.131554,0.0183243,1.00588,0.249932,0.0201757,4.07796,61.6216,754.081,0.581081
0,0,0,0,0,0,0,0,0,0,0,0,0,0,0,0.38835,0,0,0,0,0,0,0,0,0.107864,0.138641,18.7869,0,0,0,0,0,0,0,0,0,0,0,0,0,0,0.215728,0,0,0.0646602,0,0,0,0,0.0340583,0,0.0111553,0,0,1.13073,1.45631,5.52427,0
0.133106,0.114037,0.304907,0,0.332236,0.050559,0.016087,0.0473913,0.0121739,0.13764,0.00596273,0.440311,0.0602484,0.113416,0,0.210497,0.00968944,0.227888,1.85528,0.129689,0.432298,0,0.0131677,0.0669565,0.194658,0.0646584,0.570807,0,0.0334161,0.0258385,0,0,0.356273,0,0.124224,0.00621118,0,0.0509938,0.0549068,0.00726708,0.0639752,0.292298,0.0221739,0.0759627,0.598634,0.352298,0.0181366,0.0517391,0.0252733,0.0950683,0.0157143,0.332497,0.00209938,0,1.40299,3.24224,12.7143,0.0993789
0.179135,0.0773077,0.294038,0,0.444615,0.069375,0.106587,0.104087,0.0416827,0.135337,0.0260577,0.484423,0.0679327,0.0121635,0.0219712,0.345288,0.194471,0.173846,1.70106,0.0287019,0.87476,0.0322115,0.145192,0.0420673,0.507788,0.372019,0.242163,0.183846,0.0732212,0.113702,0.0490865,0.0514904,0.0758173,0.0623077,0.140721,0.135385,0.142452,0.00346154,0.112548,0.0576442,0.0306731,0.0338462,0.0796154,0.0601442,0.264038,0.0971154,0.000913462,0.0594712,0.0199856,0.140894,0.0202019,0.335442,0.0840433,0.0268125,2.57389,20.0673,118.423,0.5
0.121707,0.440976,0.342439,1.72976,0.936341,0.144634,0.696341,0.152683,0.0580488,0.375854,0.0426829,0.635854,0.190976,0.0819512,0,0.730488,1.53659,0.239024,2.09098,0.274146,1.82732,0,0.0192683,0.160976,0,0,0,0,0,0.0236585,0,0,0,0,0,0.0521951,0.113659,0.0380488,0,0.00829268,0,0,0,0,0.00829268,0,0,0,0,0.123293,0,0.729683,0.212683,0.0322927,9.20393,136.756,194.512,0.926829
0.153478,0.124783,0.265435,0.00804348,0.295435,0.106304,0.0395652,0.230435,0.203696,0.299348,0.0923913,0.540435,0.148261,0.0695652,0.0623913,0.32413,0.210435,0.185652,1.49261,0.128696,0.707826,0.652609,0.261522,0.233478,0.461087,0.0893478,0.00586957,0.00543478,0.00326087,0.023913,0.0104348,0,0.0884783,0.00282609,0.0106522,0.118043,0.160217,0.00934783,0.0213043,0.0245652,0.0193478,0.00326087,0.0073913,0.0245652,0.0297826,0.0973913,0.0023913,0.0397826,0.0394565,0.123587,0.0373696,0.200739,0.163326,0.101739,5.77274,124.522,1677.87,0.543478
0.0518812,0.112475,0.278614,0.0118812,0.317228,0.133069,0.104554,0.0774257,0.0609901,0.231683,0.050297,0.491485,0.197228,0.0371287,0.100891,0.113168,0.0922772,0.26099,1.3302,0.0388119,0.71396,0.410594,0.141188,0.0720792,0.776436,0.323762,0.186733,0.114059,0.123366,0.10297,0.0548515,0.0622772,0.0972277,0.0654455,0.0721782,0.0933663,0.174257,0,0.0616832,0.0810891,0.0272277,0.0562376,0.0777228,0.0354455,0.131287,0.0662376,0,0.0178218,0.0921584,0.19405,0.0396139,0.147574,0.111307,0.0582475,3.15497,24.4158,259.198,0.485149
0,0,0.035,0,0.035,0,0,0,0,0,0,0,0,0,0,0,0,0.260789,0.0821053,0,0.035,0,0,0,11.1408,2.95316,2.07711,2.33789,2.00421,2.33789,2.265,2.00421,0,2.00421,2.265,2.265,0.035,0.105263,0.035,2.00421,0,0.105263,0,0,1.06237,0,0,0,0.0227632,0.559447,0.00568421,0.0478947,0,0,3.39663,12.9474,28.5,0
0.30617,0.144894,0.280426,0.0917021,0.0723404,0.106809,0.0193617,0.139787,0.221064,0.399574,0.144681,0.630213,0.341064,0.652766,0.0255319,0.158936,0.276596,0.12,1.86936,0.0476596,0.868511,0.0334043,0.447021,0.28766,0.0951064,0.0604255,0.00510638,0.00148936,0.00212766,0.00382979,0,0,0.309362,0,0,0.0297872,0.176383,0.00148936,0.00659574,0.017234,0.0246809,0.00765957,0.00446809,0.0159574,0.0421277,0.0568085,0.00978723,0.0502128,0.0292553,0.115766,0.00757447,0.24734,0.329319,0.0877872,5.44715,185.447,3357.47,0.744681
0.0712903,0.167742,0.307935,0,0.343419,0.19529,0.128065,0.108194,0.05,0.237677,0.0541935,0.539935,0.0990968,0.00954839,0.0151613,0.242129,0.155419,0.209097,1.41735,0.0824516,0.914065,0,0.145935,0.0678065,0.646065,0.349871,0.194645,0.150323,0.114,0.126774,0.0674194,0.0629677,0.109032,0.0629677,0.119484,0.100323,0.221161,0.00445161,0.113806,0.0852903,0.117226,0.0549677,0.105935,0.0301935,0.197677,0.243871,0.0043871,0.0457419,0.0593806,0.173194,0.0246065,0.160968,0.0894839,0.0244452,2.5528,19.1613,172.316,0.458065
0,0.0272222,0.0277778,0,0.172963,0.0138889,0.0840741,0.107037,0,0.276667,0,0.991667,0,0.233889,0,0.423704,0,0.0272222,1.01574,0.0411111,0.0787037,0,0,0.195556,0,0,0.335185,0.189259,0.0711111,0.108889,0,0,0.0138889,0,0.18,0,0.032963,0,0.133704,0,0.814815,0.0711111,0.0661111,0.0362963,0.109074,1.05889,0,0.0753704,0.0712222,0.146074,0.0287037,0.247852,0,0.0139074,3.07424,9.33333,17.3333,0.12963
0,0,0,0,0.480417,0.030625,0,0,0,0,0,0.0346875,0,0,0,0,0,0.0801042,0.267292,0,0.0566667,0,0,0,0.208333,0,0.23875,0,0.0495833,0,0,0,0,0,0,0,0,0.0867708,0,0,0,0.484063,0,0.0325,0.233854,0.348333,0,0,0.00703125,0.11076,0.0425104,0.270052,0,0,1.08593,1.19792,3.78125,0.0416667
0.108966,0.103448,0.367356,0.00666667,0.51023,0.118391,0.102069,0.165057,0.0651724,0.316207,0.0970115,0.634023,0.0733333,0.0158621,0,0.359655,0.351149,0.277241,2.05115,0.132069,1.03471,0.106897,0.190345,0.0843678,0.229195,0.0922988,0.0136782,0.0250575,0.00448276,0.0425287,0.00448276,0.00448276,0.0222989,0.00793103,0.0458621,0.075977,0.122529,0.000804598,0.0145977,0.042069,0,0.00471264,0.0168966,0.0318391,0.21023,0.275172,0,0.0283908,0.00873563,0.113621,0.00826437,0.354241,0.120448,0.0517126,4.27326,67.2299,263.966,0.678161
0,0,0.144667,0,0.317333,0.229333,0,0.740667,0,0.246667,0,0.238,0,0.229333,0,0.43,0,0.144667,3.082,0,7.46267,0,0,0,0,0,0.756667,0,0.246667,0,0,0,0,0,0,0,0,0,0,0,0,0,0,0,0.868667,0,0.144667,0,0,0.0346667,0,0.282067,0,0,1.21773,2.13333,7.93333,0.2
0.121563,0.259063,0.483125,0.308281,0.506875,0.216563,0.601719,0.0714062,0.0659375,0.287969,0.09875,0.511719,0.04875,0.003125,0.010625,0.367031,0.21875,0.429375,2.33109,0.340937,1.39375,0.049375,0.102031,0.155781,0.0625,0.048125,0.005,0.0220313,0.0225,0.0225,0.0146875,0,0.00421875,0,0.0420313,0.0407812,0.105938,0,0.07875,0.00296875,0,0,0.028125,0.011875,0.217656,0.02625,0,0.0271875,0.00767187,0.104266,0.0160625,0.438891,0.218109,0.0396094,8.78503,132.312,332.406,0.859375
0.142836,0.105597,0.353806,0.0241045,0.308358,0.102537,0.0901493,0.152537,0.105224,0.315597,0.0721642,0.477687,0.116418,0.0406716,0.0544776,0.250373,0.22791,0.191493,1.47836,0.181343,0.801418,0.781493,0.189179,0.0741791,0.649478,0.273731,0.103433,0.0952985,0.0461194,0.0626119,0.0572388,0.0239552,0.0616418,0.0239552,0.0664179,0.066791,0.185299,0.00791045,0.0350746,0.066791,0.033806,0.0530597,0.0344776,0.0551493,0.109925,0.200896,0.0216418,0.0357463,0.281358,0.169,0.0187313,0.258754,0.0937985,0.175619,3.86954,39.1269,334.388,0.522388
0.151343,0.146716,0.826866,0.00283582,0.707612,0.520149,0.272836,0.136716,0.56597,0.458209,0.203284,0.601194,0.150746,0.0797015,0.967015,0.304776,0.11209,0.760149,1.5091,0.820448,0.926119,0.0862687,0.517612,0.144478,0.051194,0.00134328,0.021791,0.00716418,0,0.00865672,0,0,0.00313433,0.00567164,0.00432836,0,0.0129851,0,0,0.0401493,0,0,0.0835821,0.0119403,0.0447761,0.0364179,0,0,0.00285075,0.0761343,0.0011194,0.448209,0.160104,0.019791,108.883,790.104,1415.94,0.985075
0,14.1478,0,0,0,0,0,0,0,0.132222,0,0,0,0,0,0,0,0,0,0,0,0,0,0,0,0,0,0,0,0,0,0,0,0,0,0,0,0,0,0,0,0,0,0,0.132222,0,0,0,0,0,0,0,0,0,1.77778,4.88889,9.02778,0
0.0925758,0.0378788,0.250758,0,0.0581818,0.0540909,0,0,0.0274242,0.359091,0,0.137879,0.0840909,0,0,0.116515,0,0,7.29742,0,0.706212,0,0,0.337121,0.0274242,0,0.872576,0,0,0,0,0,0.094697,0,0,0,0,0,0.0657576,0,0,0,0,0,1.18318,0.679848,0,0.0721212,0.0145303,0.0537727,0,0.132955,0,0,1.15976,1.66667,6.54545,0.0606061
