0,0,0,0,0,0,0,0,0,0,0,0,0,0,0,0.325203,0,0,0,0,0,0,0,0,0.0903252,0.116098,20.068,0,0,0,0,0,0,0,0,0,0,0,0,0,0,0.18065,0,0,0.0541463,0,0,0,0,0.0285203,0,0.00934146,0,0,1.20634,1.6748,5.45528,0
0.12,0.0359859,0.233662,0,0.179437,0.0924648,0.0734507,0.139789,0.0211972,0.170211,0.0321831,0.498803,0.085493,0.00161972,0.0117606,0.157465,0.127113,0.311901,1.56056,0.0189437,0.651056,0,0.00507042,0.00443662,0.90838,0.401972,0.265704,0.284648,0.111127,0.238239,0.0759859,0.0430282,0.290423,0.0430282,0.153944,0.13838,0.234648,0.0132394,0.105704,0.0798592,0.0280282,0.129225,0.0655634,0.152324,0.193873,0.124155,0,0.0127465,0.0206268,0.164134,0.0215282,0.215028,0.0307887,0.135317,1.88869,8.73944,63.6056,0.260563
0.0722414,0.0521552,0.31181,0.0075,0.312586,0.145431,0.0593103,0.134052,0.0928448,0.201638,0.0422414,0.484483,0.0937069,0.0460345,0.0185345,0.24431,0.156034,0.167931,1.40293,0.0893966,0.739828,0,0.062069,0.102241,0.694483,0.385862,0.152845,0.14181,0.100776,0.131379,0.0813793,0.0389655,0.132069,0.0389655,0.0997414,0.118879,0.223103,0.00594828,0.0605172,0.0712931,0.00517241,0.0269828,0.0862069,0.0807759,0.167241,0.0842241,0.00939655,0.0422414,0.0257931,0.203336,0.0291983,0.129914,0.0389828,0.0291034,2.47279,18.6638,200,0.439655
0.101338,0.116051,0.29879,0,0.235541,0.0649682,0.142866,0.0818471,0.00369427,0.224713,0.0564331,0.652484,0.0804459,0,0.039172,0.204713,0.0936943,0.182102,1.75459,0.0141401,0.57121,0,0.0707006,0.00796178,0.776115,0.405541,0.165669,0.24535,0.153885,0.243248,0.140828,0.0603822,0.144076,0.0603822,0.28465,0.129108,0.206369,0.00509554,0.126879,0.0644586,0.0349045,0.218153,0.05,0.0819745,0.221592,0.376433,0,0.0317834,0.0121847,0.138312,0.00499363,0.250478,0.0207006,0.0988981,2.09432,9.97452,52.8217,0.254777
0.118421,0.154912,0.688947,0.160702,0.660702,0.611404,0.324211,0.165439,0.581754,0.412281,0.252281,0.720526,0.177193,0.0936842,1.13667,0.344561,0.151228,0.89614,1.74298,0.878246,1.05386,0.101404,0.608421,0.165439,0.00157895,0.00157895,0,0,0,0,0,0,0.00631579,0,0.00508772,0,0.00508772,0,0,0.047193,0,0,0.103509,0.0140351,0.0526316,0.042807,0,0,0.0101404,0.0927018,0.00131579,0.374491,0.152123,0.0238772,15.4019,652.789,1402.49,1
0.0282759,0.0748276,0.247586,0,0.605172,0.0334483,0.953103,0.458276,0.381724,0.457586,0.382069,0.785862,0.00689655,0.0368966,0.00827586,0.749655,1.27103,0.115862,1.75138,0.373448,2.00034,0,0.156207,0.0868966,0.0444828,0.0272414,0.227241,0.02,0.0172414,0.00862069,0.217241,0,0,0.01,0.0682759,0,0.177931,0,0.0368966,0.655172,0,0.00689655,0,0,0.0710345,0,0,0.0344828,0.0157586,0.161276,0.0204828,0.386483,0.126724,0.0344138,38.6563,249.552,370.793,0.586207
0.125749,0.0886957,0.256618,0,0.273575,0.0314493,0.0125121,0.042657,0.0182126,0.153527,0.00463768,0.389855,0.0804348,0.0761353,0,0.208454,0.0137681,0.194493,2.15937,0.10087,0.61599,0,0.0102415,0.043913,0.161546,0.064058,0.763527,0,0.0438647,0.0200966,0,0,0.288454,0,0.0966184,0,0,0.05343,0.11058,0.00565217,0.0497585,0.264348,0.0172464,0.121981,0.952174,0.376039,0.0245894,0.0632367,0.0262271,0.106715,0.0122222,0.150077,0.00860386,0,1.39611,3.04831,11.2367,0.0676329
0.125588,0.151961,0.39049,0.140294,0.297059,0.120784,0.0884314,0.187745,0.431863,0.517843,0.124314,0.535392,0.127157,0.0641176,0.135784,0.270392,0.147059,0.373922,1.41176,0.17598,0.929118,0.848725,0.124608,0.197451,0.475392,0.152059,0.0305882,0.024902,0.00558824,0.0268627,0.019902,0.00186275,0.12402,0.00372549,0.12598,0.0319608,0.137843,0.00176471,0.0329412,0.0316667,0.00941176,0.0273529,0.00529412,0.0122549,0.0356863,0.0368627,0.00647059,0.0289216,0.0591961,0.107961,0.0439608,0.365441,0.181725,0.0970784,4.64325,77.4118,969.873,0.686275
0.123,0.129714,0.295143,0.0165714,0.259143,0.136,0.171286,0.0528571,0.02,0.220143,0.0402857,0.427857,0.122429,0,0.0252857,0.433857,0.154143,0.101,1.856,0.016,0.743286,0.0812857,0.226714,0.102,0.500143,0.361714,0.240286,0.134571,0.0792857,0.121286,0.0705714,0.0705714,0.0801429,0.0898571,0.120429,0.143429,0.0352857,0,0.136857,0.0817143,0.00471429,0.0228571,0,0.0321429,0.235714,0.139143,0,0.0364286,0.0126143,0.138614,0.0169571,0.356086,0.0556857,0.0373143,3.68197,36.0571,126.171,0.557143
0.0939474,0.0396491,0.145088,0.0116667,0.135351,0.0401754,0.117456,0.151316,0.0364912,0.169298,0.0333333,0.488158,0.0952632,0.0104386,0.0613158,0.125263,0.0925439,0.101667,1.34254,0.00561403,0.589211,0,0.0601754,0.0609649,0.806754,0.37886,0.17807,0.297982,0.10114,0.0971053,0.0636842,0.0505263,0.22614,0.0505263,0.197895,0.102719,0.377544,0,0.131404,0.0560526,0.0607895,0.0983333,0.142544,0.0764035,0.452632,0.47114,0,0.0435965,0.0181053,0.228158,0.0240614,0.233491,0.0863333,0.0102105,2.75027,16.5263,67.7632,0.394737
0.124035,0.152982,0.259123,0.809474,0.444561,0.117281,0.0501754,0.0979825,0.233333,0.185789,0.100702,0.697193,0.145263,0.0387719,0.0545614,0.208947,0.259386,0.180526,1.81254,0.0723684,0.792544,0.72114,0.197544,0.152193,0.592018,0.108684,0.0626316,0.0163158,0.0225439,0.00929825,0.0119298,0.0146491,0.0780702,0.0114035,0.0268421,0.0702632,0.0922807,0.0245614,0.015614,0.00719298,0.0114035,0.0376316,0.0166667,0.00535088,0.0594737,0.0473684,0.0077193,0.015,0.0928947,0.109561,0.00657895,0.195377,0.106202,0.0820789,4.559,47.4123,451.43,0.605263
0.272308,0.0769231,1.31154,0.0146154,0.817692,0,0.05,0.0115385,0.457692,0.633077,0,0.0423077,0,0,0,0.06,0,0.0353846,0.343846,0.67,0.37,0,0.0353846,0.0307692,0.256923,0,0.112308,0.0369231,0,0.0446154,0,0,0,0.0292308,0,0.0115385,0.0446154,0,0,0.0715385,0,0,0,0,0,0,0,0,0.00546154,0.0122308,0,0.712385,0.175538,0.00230769,500.711,1413.23,1544.15,0.923077
0,0.0282692,0,0,0.179615,0,0.0873077,0.111154,0,0.287308,0,0.955962,0,0.242885,0,0.44,0,0.0282692,1.05981,0.0426923,0.0532692,0,0,0.203077,0,0,0.348077,0.196538,0.0738462,0.113077,0,0,0,0,0.186923,0,0.0342308,0,0.138846,0,0.846154,0.0738462,0.0686538,0.0996154,0.113269,1.09962,0,0.0640385,0.0739615,0.116654,0.0298077,0.281346,0,0.0144423,3.05371,9.30769,16.8077,0.115385
0.0566667,0.131159,0.37913,0,0.591594,0.11913,0.258551,0.159275,0.0798551,0.212319,0.12,0.686812,0.0798551,0,0.207681,0.266377,0.272754,0.441304,2.13507,0.410725,1.26942,0.171159,0.274203,0.0978261,0.315217,0.136232,0.0472464,0.125507,0.0198551,0.120435,0.0198551,0.0198551,0.0231884,0.0198551,0.0450725,0.0486957,0.0944928,0,0.157536,0.0949275,0.0153623,0.0413043,0.00521739,0,0.184058,0.042029,0,0,0.00381159,0.141319,0.000942029,0.290029,0.0988696,0.0329275,5.6873,58.1884,145.29,0.652174
0.472963,0.128519,0.603148,0,0.187037,0.0383333,0.248148,0,0,0.457963,0.407407,1.12259,0,0.042963,0,0.21037,0.0214815,0.0403704,1.44315,0,3.56907,0,0,0.476667,0.169074,0.123519,0.111667,0.197222,0,0.0746296,0,0.0931481,0.0392593,0.0931481,0.0222222,0,0.0298148,0,0.042037,0.077037,0,0.0444444,0,0.0214815,0.0872222,0.0214815,0,0.045,0,0.0963704,0,0.511037,0.0638333,0.0146667,4.867,26.6852,52.8148,0.481481
0,0,0,0,0.194583,0,0,0,0,0,0,0.115417,0,0,0,0,0,0.2975,0.355,0,0.109583,0,0,0,7.77917,3.8875,3.59,3.8875,3.70583,3.8875,3.8875,3.59,0,3.59,3.8875,3.8875,0,0,0,3.59,0,0.17,0,0.109583,0,0,0,0,0,1.02562,0,0.0199583,0,0,3.07167,10.9167,32.0833,0
0.30617,0.144894,0.280426,0.0917021,0.0723404,0.106809,0.0193617,0.139787,0.221064,0.399574,0.144681,0.630213,0.341064,0.652766,0.0255319,0.158936,0.276596,0.12,1.86936,0.0476596,0.868511,0.0334043,0.447021,0.28766,0.0951064,0.0604255,0.00510638,0.00148936,0.00212766,0.00382979,0,0,0.309362,0,0,0.0297872,0.176383,0.00148936,0.00659574,0.017234,0.0246809,0.00765957,0.00446809,0.0159574,0.0421277,0.0568085,0.00978723,0.0502128,0.0292553,0.115766,0.00757447,0.24734,0.329319,0.0877872,5.44715,185.447,3357.47,0.744681
0.156512,0.13093,0.286279,0.00860465,0.309302,0.117209,0.0388372,0.243488,0.218837,0.341628,0.0962791,0.576977,0.154884,0.0737209,0.0732558,0.351163,0.222791,0.204884,1.59535,0.137674,0.807442,0.939535,0.285349,0.245349,0.178837,0.0886047,0.00627907,0.00581395,0.00302326,0.017907,0.0111628,0,0.0844186,0.00302326,0.00581395,0.10907,0.147907,0.01,0.0162791,0.0253488,0.0125581,0.00162791,0.0055814,0.0169767,0.0293023,0.0709302,0.00255814,0.0218605,0.042,0.122279,0.0399767,0.217116,0.174535,0.124535,5.93244,130.07,1627.84,0.604651
0.096,0.008,0.196,0.008,0.092,0.118,0,0.058,0.058,0.188,0.074,0.082,0.072,0,0.038,0.088,0.078,0.076,0.608,0.008,0.242,1.906,0.138,0.11,0,0,0,0,0,0,0,0,0,0.028,0,0.008,0,0,0.016,0,0,0,0,0,0.038,0,0,0,0.4302,2.0094,0.009,0.3924,0.375,0.4024,57.5034,2297.8,10648.8,1
0.178564,0.088453,0.287956,0,0.490387,0.0658564,0.111547,0.113702,0.0387293,0.126133,0.0312707,0.485138,0.0618785,0.0139779,0.0252486,0.319171,0.200055,0.197182,1.71724,0.0312707,0.859834,0.00558011,0.103204,0.0356354,0.475138,0.319282,0.240442,0.166961,0.0617127,0.0992818,0.0500552,0.0467956,0.080884,0.0467956,0.123702,0.128232,0.175856,0.0060221,0.104254,0.0523757,0.0509392,0.0267956,0.109779,0.0639779,0.281381,0.138066,0.00104972,0.058453,0.0237127,0.13705,0.0206961,0.304994,0.0865138,0.0216906,2.39141,16.5801,115.558,0.469613
0.117738,0.163214,0.409524,0,0.461429,0.12381,0.319167,0.137381,0.0692857,0.317143,0.14,0.527381,0.151786,0.0572619,0.0541667,0.320714,0.229405,0.278571,1.93845,0.140833,1.04298,0.0194048,0.282619,0.0730952,0.239048,0.0884524,0.0144048,0.126786,0.00714286,0.0746429,0.0145238,0.00714286,0.248929,0.00714286,0.113929,0.0794048,0.150357,0,0.00666667,0.0888095,0.00369048,0.0430952,0.00619048,0.017619,0.120595,0.0753571,0,0.0214286,0.0139643,0.0845714,0.00120238,0.464726,0.116238,0.0142976,4.69377,64.1548,196.06,0.654762
0.121563,0.259063,0.480156,0.308281,0.503906,0.216563,0.601719,0.0684375,0.0629687,0.285,0.09875,0.50875,0.0457813,0.003125,0.010625,0.355156,0.21875,0.429375,2.31625,0.340937,1.38594,0.179531,0.102031,0.155781,0.0625,0.048125,0.005,0.0220313,0.0225,0.0225,0.0146875,0,0.00421875,0,0.0420313,0.0378125,0.105938,0,0.0757812,0.00296875,0,0,0.0221875,0.011875,0.214688,0.02625,0,0.0271875,0.00767187,0.103359,0.0160625,0.438406,0.218109,0.04325,8.87014,132.172,331.5,0.859375
0,14.1478,0,0,0,0,0,0,0,0.132222,0,0,0,0,0,0,0,0,0,0,0,0,0,0,0,0,0,0,0,0,0,0,0,0,0,0,0,0,0,0,0,0,0,0,0.132222,0,0,0,0,0,0,0,0,0,1.77778,4.88889,9.02778,0
0.0881481,0.0918519,0.150185,0,0.345926,0.145926,0.197222,0,0.0701852,0.293519,0.0503704,0.365,0.181481,0.0318519,0,0.621667,0.065,0.196481,1.96167,0.222037,0.905741,0.047963,0,0.187593,0.111111,0.127963,0.0661111,0.077037,0,0.0274074,0,0,0.0687037,0,0.0498148,0.0531481,0.0251852,0,0,0.0251852,0.00481481,0.0153704,0.012963,0.0501852,0.232963,0.237593,0,0,0.0134815,0.0502593,0.00359259,0.278333,0.0519074,0.418685,5.19446,53.8148,101.5,0.518519
0.121707,0.440976,0.342439,1.72976,0.936341,0.144634,0.696341,0.152683,0.0580488,0.375854,0.0426829,0.635854,0.190976,0.0819512,0,0.730488,1.53659,0.239024,2.09098,0.274146,1.82732,0,0.0192683,0.160976,0,0,0,0,0,0.0236585,0,0,0,0,0,0.0521951,0.113659,0.0380488,0,0.00829268,0,0,0,0,0.00829268,0,0,0,0,0.123293,0,0.729683,0.212683,0.0322927,9.20393,136.756,194.512,0.926829
0,0,0,0,1.14556,0,0,0,0,0,0,3.08889,0,0,0,0,0,0,0,0,0,0,0,0,0.718889,0.718889,0,0,8.02111,0,0,0,0,0,0,0,0,0,0,0,0,9.05333,0,0,0,0,0,0,0,0,0,0.189333,0,0,1.36544,3.11111,12.6667,0
0.0269163,0.0110132,0.0823789,0,0.243833,0.0438326,0,0.0489427,0,0.105903,0,0.113656,0,0.0472247,0,0.0785903,0,0.0338767,1.88176,0,0.467093,0,0,0.0980176,0.414009,0.249339,0.483612,0,0.0209692,0,0.0550661,0,0,0,0,0.0338767,0,0.0651101,0.0191189,0,0,0.257225,0,0.332863,1.06524,0.406652,0,0.0807489,0.00719824,0.0822687,0.0424449,0.343216,0,0,1.16377,1.48899,5.12335,0.0484581
0.105094,0.0527673,0.217358,0,0.232767,0.0718868,0.152453,0.0450943,0.0162264,0.210755,0.0562264,0.618994,0.131132,0.0255346,0.0253459,0.306352,0.123459,0.111572,1.79277,0.0196226,0.614214,0,0.0871069,0.0264151,0.462704,0.273899,0.293333,0.16283,0.0866038,0.198805,0.092327,0.0622013,0.168868,0.0622013,0.198553,0.152642,0.180063,0.00345912,0.20434,0.069434,0.110314,0.22327,0.0700629,0.13956,0.247296,0.135975,0,0.0381761,0.0133396,0.13273,0.0197736,0.262736,0.0999182,0.00722013,1.85452,7.94969,44.1635,0.226415
0.0692661,0.132661,0.307523,0.0110092,0.349174,0.111651,0.113119,0.12,0.0498165,0.291835,0.0698165,0.523853,0.197431,0.0359633,0.0950459,0.177431,0.121743,0.294312,1.36,0.0533945,0.814679,0.335505,0.138073,0.0753211,0.673303,0.304954,0.173211,0.116055,0.0995413,0.102569,0.0547706,0.0619266,0.0898165,0.0619266,0.0724771,0.0982569,0.16367,0.013945,0.0709174,0.0827523,0.0146789,0.0394495,0.0826606,0.0556881,0.11633,0.0627523,0,0.02,0.0441376,0.178174,0.0264954,0.174798,0.114422,0.0442294,2.98525,24.945,247.661,0.522936
0.0836601,0.170588,0.31732,0,0.387386,0.18098,0.120196,0.0838562,0.0535294,0.216144,0.0458824,0.584706,0.0673856,0.00346405,0.0101307,0.205359,0.118758,0.171569,1.4819,0.0940523,0.977059,0.00810458,0.140065,0.0689542,0.679935,0.351503,0.241569,0.15451,0.106928,0.129346,0.0729412,0.0789542,0.101438,0.0789542,0.130065,0.108366,0.253399,0,0.140065,0.0928758,0.139412,0.0773856,0.120654,0.028366,0.232353,0.259869,0.00444444,0.0293464,0.0548301,0.167,0.0250915,0.192118,0.0838301,0.0270196,2.70829,20.9608,164.582,0.437908
0.0242938,0.0515819,0.366045,0,0.321412,0.0548588,0.0637853,0.060113,0.00920904,0.113842,0.0172316,0.701243,0.0800565,0.0566667,0,0.115876,0.060339,0.184237,2.20983,0.0214689,0.583503,0,0,0.0185876,0.161017,0.0932203,0.41,0,0.0954237,0.0480226,0,0,0.105819,0,0,0.0239548,0.0716949,0.0245198,0.0653672,0.00542373,0.00881356,0.33565,0.0550847,0.120282,0.502825,0.12,0,0.0192655,0.0170791,0.109667,0.010096,0.277944,0.00538418,0.000694915,1.4105,3.50282,18.2542,0.135593
0.129583,0.209722,0.431806,0.594583,0.276389,0.120139,0.0483333,0.112917,0.26,0.315694,0.0713889,0.80875,0.209028,0.125278,0.13,0.149583,0.144306,0.187083,1.73278,0.150972,0.950694,0,0.128194,0.174028,0.717361,0.12875,0.0215278,0.0234722,0.0144444,0.0180556,0.0204167,0.00222222,0.0694444,0.00222222,0.0355556,0.0625,0.0911111,0.00194444,0.0173611,0.035,0.00222222,0.0723611,0.0354167,0.0102778,0.0261111,0.00166667,0,0.0213889,0.140569,0.130917,0.017875,1.03196,0.256306,0.0185694,4.10265,61.0833,755.875,0.597222
0.486667,0.750833,0.77375,0,0.35,0.282917,0.0454167,0.407917,0.425,1.41,0.0629167,1.4775,0.12625,0.282917,0.348333,0.299167,0.13,0.66125,2.12708,0.3475,3.35667,0.0158333,0.54125,0.256667,0,0,0,0,0,0,0,0,0.01375,0,0.0529167,0.0175,0.0154167,0,0,0,0,0,0.00791667,0,0.0258333,0,0,0,0.012,0.153833,0.0674167,0.980917,0.185792,0.0610833,40.1172,598.375,872.333,1
0.0692222,0.288889,0.232778,0,0.126333,0.0957778,0.131778,0.0748889,0.112778,0.347556,0.0337778,0.471667,0.05,0.159444,0,0.373222,0.0292222,0.116444,2.16267,0,0.901667,0,0.0124444,0.0602222,0.465556,0.365667,0.529222,0.256667,0.195,0.136889,0.148667,0.0982222,0.0495556,0.0982222,0.0982222,0.144444,0.344333,0.00455556,0.448111,0.0982222,0.0953333,0.108667,0.110111,0.114222,0.715444,0.350556,0,0.0284444,0.0344778,0.191056,0.0176444,0.209089,0.0521556,0.0396889,2.73686,16.2333,37.1222,0.344444
0.117589,0.0792857,0.293125,0.112054,0.305714,0.1125,0.0666964,0.157946,0.197054,0.297321,0.0640179,0.729375,0.120982,0.0967857,0.0202679,0.193125,0.189732,0.127768,1.40339,0.0888393,1.08813,0.237946,0.207589,0.0946429,0.707232,0.181607,0.0124107,0.0186607,0.0166071,0.03,0.00223214,0,0.093125,0.00169643,0.0241071,0.0617857,0.156607,0.0111607,0.0292857,0.0116964,0.0658929,0.0708929,0.0075,0.0180357,0.0707143,0.265714,0.0228571,0.0190179,0.0429821,0.163179,0.0200625,0.23175,0.0736696,0.0468482,4.40768,58.5536,536.018,0.598214
0.0795918,0.0582993,0.321088,0.0142857,0.405918,0.233469,0.116122,0.152993,0.0320408,0.253197,0.0323129,0.538844,0.0993197,0.00945578,0.00578231,0.230136,0.12966,0.166531,1.60054,0.0117007,1.2019,0,0.127415,0.122857,0.600408,0.440136,0.198095,0.19449,0.110408,0.142789,0.0682313,0.050068,0.0878912,0.0540816,0.139388,0.122789,0.140136,0.00156463,0.0785034,0.0612245,0.0517687,0.0472109,0.0835374,0.0306803,0.275102,0.121429,0.0140816,0.00965986,0.0318027,0.150483,0.0244014,0.190082,0.0588912,0.0107823,2.14372,13.8231,139.163,0.462585
0.103614,0.108434,0.36253,0,0.520843,0.129157,0.110723,0.173012,0.0720482,0.307711,0.101807,0.616506,0.073253,0.013012,0,0.335542,0.360723,0.278795,1.98554,0.138434,1.01952,0.126506,0.199518,0.0848193,0.237108,0.0840964,0.0257831,0.0262651,0.0046988,0.0445783,0.0046988,0.00843373,0.0233735,0.0122892,0.0449398,0.0796386,0.109157,0.000843373,0.0203614,0.0440964,0,0.00493976,0.0177108,0.0207229,0.224337,0.277831,0,0.0266265,0.0588313,0.109904,0.00918072,0.341036,0.121036,0.0558795,4.22006,67.4458,262.867,0.662651
0.296341,0.260976,0.308293,0.00317073,0.23439,0.0721951,0.04,0.137073,0.386341,0.500976,0.198537,0.554878,0.346829,0.654634,0.0785366,0.235854,0.302439,0.100976,2.26732,0.032439,1.03293,0.0409756,0.355122,0.348293,0.416341,0.0970732,0.00146341,0.000487805,0.00097561,0.00804878,0,0,0.121951,0,0.00756098,0.0465854,0.145366,0.00268293,0.00902439,0.0136585,0.012439,0.00390244,0.00804878,0.0131707,0.0563415,0.052439,0.00170732,0.0358537,0.028878,0.105634,0.00982927,0.317683,0.4,0.0903659,6.0851,284.951,2294.07,0.780488
0.219062,0.405938,0.650312,0.0734375,0.365938,0.18125,0.319688,0.125625,0.314063,0.860625,0.215625,0.77125,0.14375,0.096875,0.270625,0.930625,0.3275,0.23875,1.85531,0.145,1.52562,0.0053125,0.193438,0.223438,0.299375,0.13875,0.0075,0,0,0.0228125,0,0,0.0421875,0,0.0225,0.0146875,0.12125,0.026875,0.0075,0.0228125,0,0.0228125,0.010625,0.0153125,0.110625,0.0446875,0,0.0240625,0.0094375,0.125656,0.00465625,0.753812,0.231156,0.0675,25.445,340.531,656.719,0.9375
0.185824,0.125275,0.328571,0.00120879,0.35033,0.152967,0.0761538,0.167802,0.333187,0.327143,0.0973626,0.646923,0.076044,0.123407,0.090989,0.18044,0.332967,0.0771429,1.45,0.209011,1.05747,0.345055,0.0632967,0.240659,0.866923,0.185495,0.0279121,0.0121978,0.00461538,0.0249451,0.0195604,0.00461538,0.103407,0.00582418,0.0195604,0.0582418,0.160989,0.0206593,0.0167033,0.0325275,0.0508791,0.142418,0.017033,0.0150549,0.0571429,0.0901099,0.00604396,0.0118681,0.125297,0.184692,0.0147582,0.270308,0.13022,0.0888791,4.20715,73.5275,628.11,0.494505
0.0908955,0.0886567,0.259701,0.28597,0.261642,0.0741791,0.0646269,0.0637313,0.288358,0.33806,0.071194,0.44403,0.13597,0.149403,0.0938806,0.292239,0.0608955,0.24209,1.3491,0.207313,0.839552,0.850448,0.0931343,0.0937313,0.38403,0.18,0.0319403,0.0191045,0.00880597,0.0165672,0.0334328,0.00134328,0.0777612,0.00134328,0.103582,0.0223881,0.171493,0.000597015,0.0171642,0.0401493,0.01,0.0364179,0.00447761,0.0114925,0.0444776,0.050597,0.0164179,0.039403,0.0350597,0.150657,0.0208806,0.216388,0.121388,0.109328,6.09328,95.806,1222.91,0.58209
0.137701,0.115057,0.376322,0.0349425,0.301839,0.103218,0.0729885,0.152184,0.188851,0.34977,0.103333,0.474943,0.118161,0.0314943,0.0981609,0.292069,0.198391,0.257356,1.50414,0.165632,0.924828,0.537586,0.173678,0.0996552,0.475977,0.231494,0.0872414,0.119195,0.0498851,0.0663218,0.0373563,0.0293103,0.0303448,0.0293103,0.0718391,0.0797701,0.12954,0.043908,0.0482759,0.102414,0.0393103,0.0866667,0.0467816,0.0128736,0.0851724,0.0724138,0.0248276,0.0466667,0.24608,0.163529,0.0172874,0.292368,0.0816322,0.117793,3.60985,45.4483,374.655,0.54023
0.130777,0.0686408,0.305437,0.0150485,0.286117,0.113592,0.075534,0.139806,0.0581553,0.213981,0.0483495,0.481845,0.0961165,0.0337864,0.000873786,0.217476,0.195243,0.128544,1.48243,0.152913,0.710777,0.717087,0.157961,0.0714563,0.760874,0.285728,0.100874,0.0402913,0.061165,0.0482524,0.0521359,0.0123301,0.0856311,0.0152427,0.0394175,0.0596117,0.243398,0.00184466,0.0164078,0.0318447,0.0480583,0.0323301,0.0372816,0.0690291,0.123786,0.256893,0.00718447,0.0224272,0.245476,0.174728,0.0296311,0.215417,0.0940583,0.158825,3.7923,34.8738,314.825,0.466019
0,0,0,0,0,0,0,0,0,0,0,0,0,0,0,0,0,0,0,0,0,0,0,0,16.3043,1.09857,0,0,0,0,0,0,0,0,0,0,0,0,0,0,0,0,0,0,2.88357,0,0,0,0,0,0,0.0802143,0,0,4.16179,16.5714,25.5,0
0.136294,0.0715385,0.31979,0,0.248601,0.0754545,0.0559441,0.0595804,0.0165734,0.132308,0.00475524,0.503846,0.114825,0.0225175,0.0127273,0.167133,0.0467832,0.206224,1.76762,0.0109091,0.49,0,0.0168531,0.0497902,0.339021,0.254545,0.249371,0.0230769,0.108042,0.0688811,0.0320979,0,0.0625874,0,0.0537762,0.0772727,0.120839,0.0065035,0.0479021,0.00699301,0.0482517,0.205734,0.00811189,0.165804,0.358042,0.135105,0.00713287,0.0428671,0.0151958,0.112189,0.0158881,0.139923,0.0147273,0.00640559,1.56194,5.31469,35.4056,0.13986
0.0958896,0.072454,0.233804,0.00828221,0.297178,0.0571779,0.0941104,0.0733742,0.0364417,0.377853,0.0451534,0.548037,0.118589,0.00828221,0.026319,0.10773,0.11227,0.127546,1.52552,0.0539877,0.558466,0.00355828,0.0428834,0.0609816,0.699816,0.452209,0.32135,0.300613,0.127178,0.199264,0.0971779,0.0760736,0.0929448,0.0760736,0.164417,0.166687,0.203313,0.00613497,0.157607,0.082454,0.0360123,0.0733742,0.125583,0.0600613,0.273129,0.160368,0.0202454,0.0420859,0.028454,0.185644,0.0155583,0.24646,0.0334049,0.0146074,2.14618,10.6135,79.9509,0.251534
0.0506763,0.0297585,0.248116,0,0.286377,0.0241063,0.0319807,0.0201932,0.0363768,0.0869082,0.015942,0.791932,0.0703382,0.0323188,0.00821256,0.162174,0.0191787,0.0971981,1.88744,0.00608696,0.490145,0,0.0325604,0.117391,0.483768,0.425217,0.345217,0.0553623,0.13686,0.0918841,0.0416908,0,0.0696618,0,0.0510145,0.0348309,0.200966,0.0312077,0.111836,0.0107246,0.0770048,0.318986,0.0257488,0.135169,0.445314,0.158261,0,0.0494686,0.0323527,0.128783,0.00841546,0.197686,0.0256329,0.0165169,1.82143,6.6715,26.6087,0.149758
0.0676404,0.0864045,0.184831,0,0.234494,0.0374157,0.159663,0.413034,0.123483,0.123034,0.074382,0.31382,0.0116854,0.21,0.00707865,0.452135,0.257191,0.153258,1.23596,0.0342697,0.817753,0.0329213,0.212135,0.0691011,0.272247,0.288876,0.174944,0.0847191,0,0.0374157,0.0176404,0.0265169,0.0513483,0.0265169,0.0548315,0.11573,0.114045,0,0.0255056,0.0248315,0,0.0401124,0.0152809,0.021236,0.35573,0.0306742,0,0.0186517,0.00440449,0.145169,0.0108202,0.384539,0.118562,0.00685393,3.6023,26.1348,83.1798,0.741573
0.0175,0.0755,0.19825,0,0.33825,0.0195,0.271,0.0735,0.01375,0.21775,0,0.3995,0.18925,0.078,0,0.6805,0.03075,0.35675,3.25,0,1.2795,0.0735,0,0.08125,0.3845,0.0215,0.065,0,0,0,0,0,0,0,0,0,0,0,0,0,0,0.128,0,0.0645,0.42825,0.468,0,0,0.007725,0.025775,0,0.167775,0.023,0.01125,5.4175,49.325,76.05,0.425
0.106098,0.134329,0.255305,0,0.390488,0.108537,0.14939,0.129085,0.0381707,0.262988,0.0770732,0.641402,0.0606098,0.0318902,0.0828659,0.339878,0.0984756,0.213293,1.79268,0.0335976,0.86811,0.0287805,0.0909146,0.0932927,0.710793,0.415305,0.226098,0.320244,0.109756,0.14878,0.0867683,0.105488,0.0746951,0.105488,0.145366,0.186159,0.140488,0.0097561,0.107622,0.0759756,0.0355488,0.0534756,0.0947561,0.174329,0.208415,0.265122,0.0141463,0.0239024,0.0208049,0.152915,0.0119878,0.183738,0.0502378,0.0556707,2.19193,11.8963,97.0976,0.359756
