0.0673394,0.132661,0.307523,0.0110092,0.337798,0.113853,0.113119,0.12,0.0498165,0.287431,0.0698165,0.503761,0.197431,0.0359633,0.0950459,0.191743,0.119817,0.294312,1.39982,0.0533945,0.828257,0.335505,0.138073,0.089633,0.680275,0.302018,0.180917,0.118624,0.104037,0.107064,0.0592661,0.066422,0.0878899,0.066422,0.0776147,0.102752,0.154037,0.013945,0.0734862,0.0872477,0.0146789,0.0277982,0.0893578,0.046055,0.126055,0.0657798,0,0.0156881,0.0464495,0.177183,0.0268716,0.155367,0.119211,0.0446055,2.96474,23.789,247,0.53211
0.15,0.255333,0.632,0,0.269333,0.066,0.106,0.0546667,0.0673333,0.507333,0.228667,0.242,0.188667,0,0.105333,0.384,0.211333,0.52,0.806667,0.132667,0.68,0.560667,0.0673333,0.233333,0,0,0,0.05,0,0,0,0,0.0106667,0.008,0,0.0126667,0,0,0,0.0806667,0,0,0,0,0.044,0,0,0,0.0145333,0.0444667,0,0.565933,0.15,0.0686667,5.54007,126,968.133,1
0.5725,0.11875,0.3975,0,0.03125,0.22,0.0025,0.16375,0.21,0.3275,0.2625,0.96,0.59625,1.065,0.06875,0.355,0.40625,0.22,2.74125,0.1875,1.08125,0,0.26125,0.5675,0,0,0,0,0,0,0,0,0.0275,0,0,0.01625,0.0075,0,0,0.03875,0,0.0075,0,0.0225,0.0725,0.0025,0.025,0.025,0.01675,0.185125,0,0.470875,0.325125,0.12625,4.509,136.5,3539.62,1
0.4325,0.33,0.645,0,0.1975,0.065,0.0225,0.0675,0.44,0.6775,0.2625,0.815,0.3975,0.8925,0.0225,0.1825,0.3225,0,3.1875,0,1.3975,0,0.2875,0.5375,0,0,0,0,0,0,0,0,0,0,0,0,0,0,0,0,0,0,0,0,0.0725,0,0,0,0.00275,0.07625,0,0.40625,0.89675,0.09325,7.71275,275.25,2262.25,1
0.19,0,0.38,0,0,0.19,0,0,0,0,0.19,0.19,0,0,0,0.38,0,0.19,1.14,0,0.38,0,0,0,0,0,0,0,0,0,0,0,0,0,0,0,0,0,0,0,0,0,0,0,0,0,0,0,0.01,0.01,0,0,0,0.003,2.383,21,15841,1
0,0,0,0.04,0,0,0,0,0,0,0,0,0,0,0,0.02,0,0,0.02,0,0,0,0,0,0,0,0,0,0,0,0,0,0,0,0,0,0,0,0,0,0,0,0,0,0,0,0,0,1.024,9.752,0.003,1.542,1.785,1.998,239.571,9989,10062,1
0.0994853,0.12489,0.254559,0,0.333015,0.0840441,0.118088,0.130037,0.0464706,0.225331,0.0690074,0.580882,0.0598162,0.0497426,0.0533088,0.315404,0.134926,0.180478,1.6707,0.0261397,0.833603,0.0247059,0.083125,0.0702206,0.661434,0.424706,0.255404,0.27489,0.0858456,0.14011,0.0779044,0.0831985,0.110956,0.0831985,0.123382,0.170294,0.164706,0.00724265,0.118897,0.0704044,0.0413235,0.0538235,0.10386,0.117721,0.245294,0.221287,0.00852941,0.0265441,0.0192353,0.153636,0.0185,0.223904,0.0508529,0.0372537,2.31121,13.9338,95.7868,0.367647
0.0529167,0.0241667,0.17,0,0.2175,0.0395833,0.06,0.0825,0.245417,0.179583,0.0629167,0.307083,0.0329167,0.0608333,0.0679167,0.270417,0.0433333,0.275417,1.06542,0.299583,0.905,0.6625,0.0733333,0.0170833,0.605,0.265417,0.03375,0.03875,0.00375,0.0366667,0.0308333,0.00375,0.122917,0.00375,0.21875,0.03125,0.217917,0,0.0108333,0.0425,0.025,0.0783333,0.00958333,0.01375,0.0604167,0.103333,0.0458333,0.0795833,0.0392917,0.150708,0.0171667,0.236,0.174083,0.0730417,4.44483,46.875,1165.96,0.5
0.2,0.81,0.61,0,0,0,0,0,0.2,0,0,0.4,0,0,0,0.2,0,0,0.2,0,0.2,0,0,0.4,0,0,0,0,0,0,0,0,0,0,0,0,0,0,0,0,0,0,0,0,0,0,0,0,0,0,0,0.831,0.338,0.03,1102.5,2204,2205,1
0.0527466,0.818376,0.182094,0,0.258923,0.0385281,0.0250531,0.0473293,0.00685888,0.131244,0.00332322,0.385524,0.0467678,0.0733536,0,0.149105,0.0147041,0.116252,1.83552,0.0350531,0.477071,0,0.003217,0.063915,0.232944,0.12129,0.529378,0.0155083,0.142822,0.0281335,0.0189681,0,0.117466,0,0.0392716,0.0170713,0.0176328,0.0457967,0.0634446,0.00177542,0.0709256,0.367785,0.0229287,0.182731,0.796859,0.363536,0.00772382,0.0579059,0.0145478,0.0867011,0.0235235,0.246681,0.00414871,0,1.42683,3.02276,10.5979,0.0713202
0.29,0.04,0.04,0,0.14,0.04,0,0.29,0.29,0.94,0.14,0.04,0.14,0,0.19,0.04,0.39,0.19,1.6,0.04,0.79,9.53,0.69,0.47,0,0,0,0,0,0,0,0,0,0,0,0.04,0,0,0.04,0,0,0,0,0,0.19,0,0,0,1.117,0.053,0,0.356,0.09,0.011,12.332,1171,9163,1
0.34,0,1.7,0,1.02,0,0,0,0.68,1.02,0,0,0,0,0,0,0,0,0.34,1.02,0.68,0,0,0,0.34,0,0,0,0,0,0,0,0,0,0,0,0,0,0,0,0,0,0,0,0,0,0,0,0,0,0,0.898,0.105,0,443.499,1325,1330.5,1
0.106875,0.05,0.210625,0.00229167,0.201458,0.0791667,0.0295833,0.218958,0.130417,0.145625,0.094375,0.757917,0.0983333,0.04125,0.0108333,0.102292,0.419792,0.0445833,0.832917,0.172083,0.975833,0.166667,0.0841667,0.071875,1.54771,0.179792,0.0204167,0.00833333,0.008125,0.0252083,0.0222917,0,0.119583,0.00229167,0.0222917,0.084375,0.219792,0.0295833,0.0102083,0.0352083,0.118958,0.0220833,0.00625,0.0177083,0.0222917,0.148542,0,0.016875,0.189958,0.19775,0.0156042,0.182271,0.0649792,0.107146,3.23435,34.7292,602.875,0.3125
0.104375,0.124375,0.840625,0,0.696875,0.890625,0.30875,0.215,0.639375,0.2425,0.173125,0.645625,0.213125,0,1.84125,0.229375,0.08,1.0925,1.64313,0.201875,0.555625,0,0.770625,0.178125,0.005625,0.005625,0,0,0,0,0,0,0,0,0.0125,0,0,0,0,0.055,0,0,0.140625,0.05,0.071875,0.066875,0,0,0,0.065375,0,0.421062,0.137625,0.01525,8.467,675.25,1434.19,1
0.119524,0.120794,0.398095,0.035873,0.316667,0.110794,0.0822222,0.0973016,0.135873,0.352698,0.11,0.513651,0.14254,0.04,0.114444,0.303651,0.19746,0.236032,1.45587,0.104603,0.806508,0.610159,0.234762,0.0912698,0.474444,0.198413,0.108413,0.139206,0.062381,0.0665079,0.0880952,0.0339683,0.0477778,0.0339683,0.0798413,0.0684127,0.106508,0.0398413,0.0712698,0.0825397,0.0147619,0.113651,0.0333333,0.087619,0.105079,0.0647619,0.0239683,0.0460317,0.278222,0.148286,0.00946032,0.247825,0.0799048,0.151683,3.56275,37.0952,369.238,0.507937
0.468571,0.942857,0.942857,0,0.468571,0,0,0.468571,0,1.89,0,2.36286,0,0.605714,0,0.468571,0,0,1.89,0,5.27143,0,0,0,0,0,0,0,0,0,0,0,0,0,0,0,0,0,0,0,0,0,0,0,0,0,0,0,0,0.253,0,1.68886,0.180286,0.0841429,56.0351,635.429,742.714,1
0.01,0.01,0.07,0,0.05,0,0,0.01,0.03,0.13,0.05,0,0,0.05,0,0,0.01,0.07,0.01,0,0.01,0,0,0,0,0,0,0,0,0,0,0,0.07,0,0,0.13,0,0,0,0.01,0.46,0,0,0.03,0,0.8,0.01,0.07,0.05,0.301,0.131,0.002,0.09,0.002,2.577,82,5395,0
0.35,0.08,0.35,0,0.35,0,0,0.52,0.61,1.76,0.17,0.26,0.79,0,0.26,0,0.7,0.35,2.64,0,2.03,0,0.61,0.7,0,0,0,0,0,0,0,0,0,0,0,0.08,0,0,0.08,0.17,0,0,0,0,0.17,0,0,0,0,0.081,0,0.556,0.069,0.011,19.234,1170,3116,1
0,0.02,0.05,0,0.02,0,0,0.05,0,0.35,0,0.02,0,0,0,0.05,0.1,0.38,0.07,0.2,0.17,0,0,0,0.02,0,0,0,0,0,0,0,0,0,0,0,0,0,0,0,0,0,0,0,0,0,0,0,0,0.004,0,0.108667,0.0173333,0.0173333,3.922,489,3271,1
0.278462,0.213077,0.339231,0,0.432308,0.166923,0.0646154,0.601538,0.327692,0.742308,0.137692,0.506154,0.315385,0.158462,0.176154,0.638462,0.405385,0.314615,2.35077,0.14,1.23077,0.782308,0.535385,0.474615,0,0,0,0,0,0,0,0,0.0146154,0.01,0,0.0861538,0.0923077,0.0146154,0.0169231,0.0469231,0,0,0,0,0.0507692,0.0407692,0,0.01,0.0172308,0.0837692,0.0268462,0.321769,0.280154,0.144538,8.03362,199.538,1566.62,0.923077
0.23,0.183333,0.308333,0,0.513333,0.163333,0.128333,0.311667,0.218333,0.415,0.196667,0.426667,0.203333,0.56,0.04,0.08,0.363333,0.233333,1.825,0.315,1.73333,0,0.14,0.295,0.151667,0,0.0366667,0,0,0,0.0366667,0,0.0133333,0,0.0366667,0,0.113333,0,0,0.0783333,0,0.316667,0,0,0.0383333,0,0,0,0.0195,0.0863333,0,0.3645,0.383833,0.0473333,6.04683,205.167,664.833,0.666667
0.0958228,0.0440253,0.201595,0.00678481,0.221797,0.0681519,0.112759,0.177013,0.0337215,0.237215,0.0358228,0.478532,0.0943038,0.0437468,0.0320759,0.138759,0.138582,0.185494,1.45795,0.0293165,0.613671,0.00146835,0.0636456,0.0507089,0.665722,0.365696,0.232987,0.282177,0.0948608,0.143038,0.0718228,0.0508354,0.144228,0.0508354,0.166177,0.137114,0.256557,0.00729114,0.128076,0.0548608,0.0340506,0.0857215,0.102101,0.10557,0.33281,0.218557,0.00835443,0.0342025,0.0221772,0.189937,0.0167392,0.250147,0.0644076,0.0176962,2.46848,13.7038,71.3772,0.367089
0.0866667,0.186,0.914667,0,0.732,0.826,0.446,0.0413333,0.768667,0.134,0.272667,0.685333,0.278,0,1.504,0.086,0.032,1.05667,1.29733,0.186,0.708,0,0.595333,0.106,0,0,0,0,0,0,0,0,0,0,0,0,0,0,0,0,0,0,0.186,0,0.086,0.086,0,0,0.0119333,0.111933,0,0.440667,0.147733,0.0150667,9.72273,677.2,1345.53,1
0,0,0.46,0,0,0,0,0.15,0,0,0,0.15,0,0,0,0,0,0.46,0.93,0,0,0,0.46,0,0,0,0,0,0,0,0,0,0,0,0,0.15,0,0,0,0.93,0,0,0,0,0,0,0,0,0.071,0.071,0,0.095,0.023,0,62.75,1505,2761,1
0,0,0.28,0,0.16,0.18,0,0,0,0,0.02,0.09,0.11,0,0,0,0,0,0.14,0,0.02,0,0,0.04,0,0,0,0,0,0,0,0,0,0.07,0,0,0,0,0.02,0,0,0,0,0,0,0,0,0,0,0.116,0.021,0.032,0,0,16.6155,154,9089,1
0.165882,0.104118,0.352353,0.00470588,0.292059,0.133529,0.148235,0.135,0.648824,0.409706,0.108235,0.570294,0.102059,0.0505882,0.0485294,0.277353,0.0652941,0.405588,1.72941,0.232647,1.10647,1.30765,0.124118,0.236176,0.352353,0.18,0.0211765,0.00911765,0,0.0202941,0.0191176,0,0.111471,0,0.227353,0.0161765,0.171765,0.00147059,0.0311765,0.0220588,0.0220588,0.0547059,0.00705882,0.0305882,0.0264706,0.0852941,0.0102941,0.0129412,0.0739412,0.110912,0.0922647,0.444471,0.203,0.117794,4.47824,61.6176,1051.12,0.676471
0.045,0.02,0.16,0.065,0.07,0.045,0,0.065,0.17,0.055,0,0.28,0,0.01,0.01,0.065,0.065,0.055,0.185,0,0.13,0,0,0,0.7,0.72,0.015,0.01,0.01,0,0,0,0.895,0,0,0.125,1.05,0.025,0,0,0.03,0.02,0.01,0.06,0,0.145,0.01,0.075,0.129,0.2055,0.0905,0.0015,0.006,0,2.4775,56.5,2659.5,0
0.0561905,0.120476,0.30619,0.912381,0.281429,0.10619,0.0990476,0.0495238,0.392857,0.181905,0.0614286,0.428095,0.062381,0.0633333,0.116667,0.281905,0.0566667,0.169048,1.18476,0.02,0.62381,1.08667,0.100476,0.0561905,0.36381,0.187143,0.00761905,0.0166667,0.0147619,0.0109524,0.0261905,0,0.0395238,0,0.0352381,0.00571429,0.157143,0.00190476,0.01,0.0104762,0,0.0266667,0,0.0161905,0.0238095,0.0433333,0,0.00571429,0.0280476,0.213714,0.019,0.154762,0.0932857,0.103857,5.42367,80.5714,1307.29,0.619048
0.419167,0.253333,0.394167,0,0.0666667,0.1175,0.0325,0.2,0.371667,0.608333,0.203333,0.835,0.4825,1.04583,0.000833333,0.175,0.373333,0.0208333,2.73333,0.0025,1.2375,0,0.835,0.350833,0,0,0.00416667,0.0025,0.000833333,0,0,0,0.275833,0,0,0.0183333,0.150833,0,0,0.00666667,0.0158333,0.00666667,0.0025,0.0158333,0.025,0.0225,0.0025,0.0316667,0.00791667,0.0910833,0.000416667,0.316167,0.69125,0.129583,5.314,176,3118.5,0.833333
0,0.094,0.201,0,0.817,0,1.632,1.083,1.083,1.177,1.083,0.495,0,0.107,0,0.39,3.015,0,1.301,1.083,3.518,0,0.295,0.107,0,0,0,0,0,0,0,0,0,0,0,0,0.441,0,0.107,0,0,0,0,0,0,0,0,0,0,0.0577,0,0.7166,0.1175,0.0998,81.4581,285.2,299.1,1
0,0.155,0.21,0,0.42,0.685,0.21,0.26,0.105,0.47,0.21,0.47,0.315,0.05,0.05,0.105,0.155,0.315,2.32,0.21,1.48,0.155,1.69,0.05,0,0,0,0,0,0,0,0,0,0,0,0.21,0,0,0,0,0,0,0,0,0.26,0,0,0,0.0485,0.0565,0.5855,0.5655,0.211,0.0245,14.9255,340.5,990,1
0.0106897,0.280345,0.282069,0,0.516897,0.26931,0.932759,0,0.0265517,0.384483,0.0431034,0.754828,0,0,0.0317241,0.103793,0.217241,0.357586,2.1131,0,1.27828,0,0.0155172,0.0182759,0.0486207,0,0.217241,0.0486207,0,0,0.249655,0,0,0,0.0968966,0.0182759,0.0151724,0,0.0648276,0.655172,0,0,0,0,0.244828,0.0151724,0,0,0.000965517,0.178621,0.0224828,0.264793,0.0112414,0.038069,14.176,167.379,379.897,0.586207
0.334444,0.354444,0.286667,0,0.283333,0.0511111,0.0655556,0.14,0.557778,0.565556,0.26,0.66,0.432222,0.951111,0.0233333,0.188889,0.342222,0.0388889,2.88556,0.0222222,1.42333,0,0.326667,0.395556,0,0,0,0,0,0,0,0,0,0,0,0.00444444,0.0222222,0,0,0,0,0,0,0,0.0377778,0,0,0,0.0124444,0.0853333,0.00355556,0.363,0.417556,0.108111,5.27922,115,2224.56,1
0.183333,1.10333,0.59,0,0.583333,0.33,0.1,0.266667,0.573333,1.16,0.316667,0.826667,0.196667,0,0.486667,0,0.66,0.93,2.22667,1.48,1.91,0,0.266667,0.36,0,0,0,0,0,0,0,0,0.05,0,0.0433333,0,0,0,0,0,0,0,0.163333,0,0,0,0,0,0,0.147333,0,0.356,0.189,0.0283333,12.7603,466.667,1171,1
0,0,0,0,0,0,0,0,0,0,0,0,0,0,0,0.58,0,0,0,0,0,0,0,0,0,0,1.46,0.29,0,0.58,0,0,0,0,0,0,0.58,0,0,0,0,0,0,0,0,0,0,0,0,0.018,0,0,0,0,251,1488,1506,0
0.392,0.362,0.398,0,0.364,0.062,0.038,0.174,0.58,0.566,0.316,0.652,0.538,1.006,0.374,0.192,0.352,0.212,2.734,0.064,1.18,0,0.634,0.42,0,0,0,0,0,0,0,0,0,0,0,0,0,0,0,0.012,0,0,0.024,0,0.036,0.012,0,0,0.01,0.0906,0,0.361,0.7502,0.104,7.587,565.8,2369.8,1
0.185,0.095,0.805,0,0.76,0.455,0,0.33,0.625,0.385,0.125,0.625,0.27,0,1.33,0.04,0.095,1.28,1.805,0.27,0.595,0,0.84,0.38,0,0,0,0,0,0,0,0,0,0,0.045,0,0,0,0,0.08,0,0,0.08,0,0.04,0.04,0,0,0.006,0.0675,0,0.4625,0.154,0.023,11.692,680,1761.5,1
0.08535,0.14165,0.31145,0.00405,0.3807,0.1891,0.11085,0.07785,0.0484,0.2581,0.03385,0.60475,0.07035,0.0096,0.00485,0.22475,0.11965,0.19195,1.48685,0.04085,1.06345,0.0062,0.1276,0.10875,0.60695,0.33505,0.24975,0.1672,0.1143,0.1292,0.08165,0.07675,0.1222,0.07675,0.1313,0.11255,0.20165,0.00115,0.1058,0.0933,0.046,0.05355,0.11755,0.02065,0.22085,0.0921,0.0133,0.01825,0.031,0.17259,0.03027,0.18317,0.060835,0.015205,2.53996,18.495,155.905,0.43
0.54,0.434,0.288,0,0.14,0.03,0.012,0.164,0.548,0.638,0.288,0.658,0.626,1.21,0.03,0.214,0.434,0.046,3.17,0,1.42,0,0.54,0.576,0,0,0,0,0,0,0,0,0,0,0.012,0,0,0,0,0,0,0,0,0,0.046,0,0,0,0.0072,0.0772,0,0.5122,0.5202,0.135,6.8926,760.4,2399.6,1
0.139091,0.230182,0.434727,0,0.247273,0.120909,0.0438182,0.0952727,0.250727,0.289273,0.0698182,0.796909,0.197636,0.0885455,0.155818,0.153091,0.112545,0.192182,1.58273,0.0623636,0.819091,0,0.155818,0.162727,0.921818,0.143273,0.0274545,0.0178182,0.0136364,0.0283636,0.014,0.00781818,0.0625455,0.00781818,0.0298182,0.0749091,0.104909,0.00145455,0.00909091,0.0432727,0.0136364,0.0985455,0.0567273,0.00945455,0.028,0.0183636,0,0.0289091,0.201218,0.137109,0.0147455,1.27704,0.295382,0.0158909,4.04349,53.4727,727.182,0.581818
0.38,0,1.9,0,1.14,0,0,0,0.38,0.38,0,0,0,0,0,0,0,0,0.38,0.76,0,0,0,0,0.38,0,0,0,0,0,0,0,0,0,0,0,0,0,0,0,0,0,0,0,0,0,0,0,0,0,0,1.008,0.059,0,589,1177,1178,1
0.707143,0.445714,0.755714,0,0.0957143,0.535714,0.0957143,0.488571,1.03286,1.04,0.0228571,0.445714,0.348571,0,0.985714,0.258571,0.162857,1.83,2.24571,1.03286,1.29714,0,1.15286,0.66,0,0,0,0,0,0,0,0,0.0471429,0,0.162857,0,0,0,0,0,0,0,0,0,0,0,0,0,0.0231429,0.0492857,0,0.397571,0.178571,0.05,13.4287,525,912.143,1
0.1,0.2,0.29,0,0.09,0.2,0,0.1,0.985,0.485,0.18,0.55,0,0.18,0,0.36,0,0.09,2.68,0.19,1.38,0,0,0.575,0,0,0,0,0,0,0,0,0,0,0,0,0,0.18,0,0,0,0,0.09,0,0.1,0,0,0,0.0145,0.0295,0.2235,0.4655,0.106,0.0145,10.5015,369.5,875,1
0.59,0.09,0.09,0,0.29,0.09,0,0.59,0.59,2.09,0.29,0.09,0.29,0,0.39,0.09,0.79,0.39,3.19,0.09,1.69,0,1.39,0.99,0,0,0,0,0,0,0,0,0,0,0,0.09,0,0,0.09,0,0,0,0,0,0.19,0,0,0,0.044,0.078,0,0.334,0.133,0.011,15.493,1171,2541,1
0.104643,0.0932143,0.358214,0,0.363929,0.103571,0.0628571,0.249286,0.375357,0.318571,0.0728571,0.774643,0.178214,0.218214,0.0746429,0.0796429,0.186071,0.278571,1.70929,0.226429,1.03429,0.630714,0.0821429,0.138214,0.872143,0.253214,0.0264286,0.0267857,0.0246429,0.04,0.0392857,0.00321429,0.153214,0.00321429,0.0514286,0.0464286,0.135714,0.00214286,0.0492857,0.0342857,0.00464286,0.0171429,0.00714286,0.00214286,0.04,0.00214286,0.00214286,0.0278571,0.0696786,0.104107,0.0603214,0.213179,0.1085,0.0669643,3.98282,48.8214,840.071,0.5
0.127273,0.0881818,0.256364,0.0190909,0.283636,0.0727273,0.0418182,0.0363636,0.263636,0.0845455,0.109091,0.526364,0.0763636,0.0118182,0.0136364,0.106364,0.144545,0.133636,1.36727,0.271818,0.62,0.983636,0.204545,0.177273,0.23,0.159091,0.0127273,0.00454545,0,0.0209091,0,0,0.0690909,0,0.00727273,0.174545,0.200909,0.00727273,0.0145455,0.00727273,0,0,0.00727273,0.02,0.0309091,0.0181818,0.00545455,0.0336364,0.0447273,0.139818,0.0659091,0.159727,0.197273,0.141455,5.39182,85,1607.27,0.545455
0.231,0.159,0.535,0,0.39,0.144,0.041,0.048,0.378,1.159,0.151,0.998,0.489,0.11,0.208,0.44,0.101,0.563,2.263,0.602,1.418,0.007,0.108,0.297,0,0,0,0,0,0,0,0,0,0,0,0.025,0,0,0,0.136,0,0,0.007,0,0.068,0,0,0.039,0.0112,0.1251,0.0084,0.3767,0.0946,0.0391,6.0462,136.5,1154.4,1
0.0760243,0.0560446,0.257972,0,0.247688,0.0443205,0.054503,0.0453753,0.0424544,0.126815,0.0148276,0.642475,0.0711359,0.0450507,0.00713996,0.190548,0.0347465,0.14428,1.79917,0.013428,0.49645,0,0.0185598,0.0718661,1.19913,0.550527,0.451542,0.236795,0.317262,0.262312,0.226166,0.18217,0.051927,0.18217,0.244158,0.237769,0.150162,0.0149899,0.105842,0.190649,0.0796349,0.253103,0.0295132,0.125619,0.49712,0.14432,0.00206897,0.0383976,0.0291886,0.169777,0.0108499,0.182142,0.0241298,0.0149432,1.98123,7.58824,29.8682,0.170385
0.252727,0.151818,0.208182,0,0.0672727,0.0872727,0.0290909,0.1,0.2,0.31,0.111818,0.588182,0.238182,0.569091,0.03,0.12,0.187273,0.102727,1.67455,0.00636364,0.834545,0.116364,0.470909,0.25,0.357273,0.213636,0.01,0,0.00181818,0.0154545,0,0,0.309091,0,0,0.0218182,0.132727,0.00454545,0.0154545,0.00181818,0.0118182,0.00818182,0.00272727,0.0190909,0.0572727,0.03,0.0118182,0.00909091,0.0349091,0.103,0.0121818,0.145182,0.200091,0.08,6.59682,128.455,3290.27,0.818182
0.37,0.75,1.13,0,0.37,0,0,0.37,0.37,1.885,0.37,2.645,0,0.37,0,0.37,0,0,2.265,0,4.53,0,0.37,0,0,0,0,0,0,0,0,0,0,0,0,0,0.185,0,0,0,0,0,0,0,0,0,0,0,0,0.1965,0,1.247,0.1965,0.065,60.6025,843.5,999,1
0.526667,0.725,0.766667,0,0.638333,0,0.45,0.095,0.39,1.52167,0.126667,1.15167,0.0416667,0,0.501667,2.12667,0.748333,0.0416667,1.215,0.385,2.10333,0,0,0.268333,0,0,0,0,0,0,0,0,0,0,0,0,0,0,0,0,0,0,0,0,0.0416667,0,0,0.128333,0,0.049,0,1.2655,0.488167,0.0723333,89.4012,447.5,561.833,1
0.0871429,0.0385714,0.155714,0,0.0285714,0.0185714,0,0.0357143,0.0557143,0.0657143,0.0357143,0.357143,0.0214286,0.0371429,0.00285714,0.0271429,0.0557143,0.0771429,0.392857,0.0271429,0.23,0.505714,0,0,0.35,0.141429,0.0128571,0.0114286,0.0185714,0.0328571,0.0514286,0,0.362857,0,0.0185714,0.0985714,0.31,0.0228571,0.0457143,0.0242857,0.0771429,0.01,0.0114286,0.0485714,0.0214286,0.331429,0.00714286,0.0514286,0.121571,0.184714,0.0585714,0.0294286,0.00228571,0.031,3.01729,41.7143,1799.71,0
0.05125,0.30625,0.58125,0,1.02625,0.02375,0.8,0.3575,0,0.3,0.03125,0.44625,0.28,0.02875,0,1.415,0.17,0.46,2.0175,0,1.0225,0,0.37625,0.18875,0.125,0.0625,0,0,0.0625,0.03125,0,0,0,0.02375,0,0.02875,0.19625,0,0,0,0,0.025,0,0,0.2575,0,0,0.125,0.057125,0.266125,0,0.333,0.151875,0.003,9.66713,219.125,486.875,0.75
0.151429,0.107143,0.217143,0,0.122857,0.0671429,0.0114286,0.0814286,0.151429,0.251429,0.07,0.478571,0.165714,0.338571,0.00428571,0.0857143,0.222857,0.0842857,0.968571,0.00142857,0.465714,0.0414286,0.287143,0.0885714,0.0685714,0.07,0.01,0.00571429,0.00571429,0,0,0,0.887143,0,0,0.0714286,0.588571,0.00285714,0.00714286,0.0214286,0.0457143,0.0142857,0.0214286,0.0128571,0.0171429,0.164286,0.01,0.177143,0.046,0.132429,0.00928571,0.0977143,0.219429,0.0455714,3.16486,79.2857,3017.86,0.285714
0.0485714,0.578571,1.04857,0,0.688571,0.311429,0.268571,0.191429,0.391429,0.995714,0.318571,0.804286,0.202857,0.155714,0.298571,0.401429,0.25,0.201429,1.89,0,1.62429,0.0242857,0.805714,0.211429,0,0,0,0,0,0,0,0,0.0457143,0,0.0685714,0,0.467143,0,0,0,0,0,0,0,0.18,0.0685714,0,0,0,0.166,0.0212857,0.686429,0.313143,0.0587143,14.1273,354.857,725.286,1
0.14725,0.219,0.29825,0.06725,0.272,0.07,0.039,0.11175,0.34325,0.261,0.073,0.56,0.11625,0.0055,0.05625,0.42675,0.05875,0.228,1.72525,0.032,0.90175,0.49375,0.04025,0.18025,0.617,0.235,0.186,0.0265,0.05175,0.041,0.017,0.017,0.00375,0.017,0.06175,0.07275,0.12675,0.0465,0.02125,0.074,0.0095,0.025,0.064,0.00725,0.086,0.0325,0,0.029,0.191625,0.142975,0.016325,0.303775,0.1415,0.071075,5.13663,69.15,414.675,0.55
0.285366,0.166829,0.392683,0,0.515854,0.250488,0.111707,0.196585,0.519024,0.520488,0.0904878,0.63878,0.0780488,0.220244,0.179756,0.220488,0.32439,0.0517073,1.9261,0.234878,1.32195,0.570732,0.0741463,0.405122,0.25878,0.124146,0.0217073,0.0107317,0.00365854,0.00707317,0.0107317,0.00365854,0.103902,0.00365854,0.0107317,0.0390244,0.0829268,0.0129268,0.0185366,0.0382927,0.0282927,0.244146,0.00756098,0.0129268,0.0826829,0.077561,0.0134146,0,0.0238537,0.154878,0.016,0.34322,0.156073,0.0662439,4.93012,97.8537,639.78,0.682927
0.0266667,0.126667,0.296667,0.0333333,0.376667,0.166667,0,0.163333,0,0.16,0.0933333,0.97,0,0.0333333,0,0.666667,0.28,0.23,0.623333,0.103333,0.13,0,0.173333,0.0333333,0.0266667,0,0,0,0,0.0766667,0,0,0,0,0,0.163333,0.16,0,0,0.0333333,0,0,0.0266667,0,0,0,0,0,0.0133333,0.123667,0.00633333,0.128,0.0606667,0.069,4.72433,223,1758.67,0.333333
0.135254,0.0969492,0.214237,0.206949,0.377119,0.0801695,0.0769492,0.104746,0.254407,0.366949,0.142542,0.80339,0.105085,0.0286441,0.00576271,0.223051,0.137288,0.0779661,1.35593,0.0528814,0.714068,1.10203,0.146949,0.179322,0.621356,0.23661,0.0291525,0.0308475,0.0218644,0.0383051,0.0154237,0.0191525,0.135932,0.00559322,0.0320339,0.0855932,0.128475,0.0210169,0.020678,0.0113559,0.0440678,0.0501695,0.00355932,0.0142373,0.050339,0.122373,0.00186441,0.00966102,0.0502881,0.147746,0.0139831,0.174322,0.0672373,0.122729,4.13902,41.7627,490.034,0.576271
0.142724,0.08,0.301978,0.00481343,0.459104,0.123433,0.136306,0.132724,0.0357463,0.159701,0.0355597,0.492948,0.0909328,0.00272388,0.0237687,0.305299,0.168433,0.16556,1.73052,0.0273134,0.922948,0.025,0.129067,0.0583955,0.533358,0.383806,0.234925,0.162836,0.0853358,0.122724,0.0517164,0.0519403,0.0786567,0.0541418,0.132239,0.133097,0.134701,0.00268657,0.108358,0.0562687,0.0391791,0.041903,0.0731716,0.0555224,0.270261,0.115224,0.00104478,0.0474254,0.0212127,0.142343,0.0197127,0.29572,0.0832687,0.021403,2.45843,18.0746,123.578,0.496269
0.0666667,0.2,0.266667,3.05333,0.223333,0.6,0.316667,0.423333,0.623333,0.623333,0.133333,0.623333,0,0,1.03333,0,0.503333,1.1,1.65,0.223333,0.943333,0,0.0666667,0.133333,0,0,0,0,0,0,0,0,0,0,0,0,0,0,0,0,0,0,0.133333,0,0,0,0,0,0.129,0.116333,0,0.314,0.116333,0.0236667,11.105,677.333,1181.33,1
0.0931034,0.141724,0.464138,0.680345,0.415172,0.213793,0.467586,0.252414,0.0451724,0.275517,0.207241,0.532759,0.0775862,0.00931035,0,0.433103,0.393103,0.335172,2.25862,0.673103,1.98138,0,0.153103,0.260345,0.0196552,0.0196552,0,0,0,0,0,0,0.00931035,0,0,0.0344828,0.108966,0,0.0824138,0,0,0,0,0,0.106207,0.0427586,0,0,0.0122069,0.109448,0.0293793,0.422759,0.181069,0.0349655,9.29486,145.724,276.276,0.965517
0.237895,0.219474,0.570526,0,0.435789,0.0436842,0.133158,0.0463158,0.111053,0.154737,0.00894737,0.596842,0.143684,0.0105263,0,0.414211,0.222105,0.405789,2.30632,0.258421,1.19211,0.143684,0.0884211,0.173684,0.106316,0.132105,0.0168421,0,0.0757895,0.0757895,0,0,0,0,0.0673684,0.0610526,0.167368,0,0.0305263,0.01,0,0,0.0705263,0.04,0.0857895,0,0,0.0915789,0.00573684,0.0713158,0.00621053,0.537789,0.590684,0.0273684,6.47547,114.211,337.789,0.789474
0.131786,0.0857143,0.646071,0,0.312857,0.120714,0.0617857,0.126786,0.229643,0.303214,0.0839286,0.757857,0.0582143,0.0114286,0.0371429,0.412143,0.143214,0.289286,2.03821,0.198929,1.135,0,0.0753571,0.176786,0.135714,0.1625,0,0,0,0,0,0,0.0278571,0,0.00714286,0.0475,0.144286,0,0.0628571,0,0,0.0321429,0.0239286,0.00714286,0.0614286,0,0,0,0.0203571,0.217679,0.0146786,0.555036,0.0823571,0.019,4.85468,92.7143,560.429,0.857143
0.19,0.19,0.19,0.19,1.16,0,0,0,0.58,0.38,0,0,0,0,0,0,0,0,0.19,0.38,0.58,0,0,0,0.19,0,0,0.19,0,0,0,0,0,0.38,0,0,0,0,0,0,0,0,0,0,0,0,0,0,0,0.07,0,0,1.121,0,1021.5,2042,2043,1
0.0857386,0.0767045,0.321136,0.00494318,0.328011,0.151591,0.113295,0.159716,0.0801705,0.205568,0.0803977,0.466193,0.103807,0.0502841,0.0228977,0.259943,0.160625,0.182045,1.44244,0.141534,0.831989,0,0.105341,0.0819886,0.668352,0.362955,0.114716,0.132841,0.0715909,0.123295,0.0642045,0.0308523,0.0913068,0.0308523,0.0970455,0.124489,0.252557,0.00392045,0.06625,0.0647159,0.0957955,0.0286364,0.0608523,0.0652273,0.158466,0.209091,0.00619318,0.0428409,0.0492898,0.164,0.0205739,0.159057,0.0685739,0.0323125,2.67735,27.1477,194.852,0.465909
0.0974713,0.106322,0.36977,0,0.595977,0.11931,0.113103,0.143563,0.0890805,0.286437,0.0887356,0.678736,0.0613793,0.0189655,0.0114943,0.312299,0.361724,0.264713,1.97747,0.162529,1.07644,0.12069,0.20977,0.0767816,0.251034,0.0950575,0.0318391,0.0274713,0.00448276,0.0425287,0.00448276,0.00804598,0.0285057,0.0117241,0.023908,0.0728736,0.123103,0.000804598,0.0218391,0.0551724,0,0.0193103,0.0168966,0.0318391,0.212069,0.255287,0,0.0308046,0.0558046,0.103368,0.00814943,0.350333,0.115575,0.0499195,4.0911,65.4828,255.414,0.666667
0.0745455,0.0909091,0.257273,0,0.216364,0.1,0.0218182,0.0190909,0.262727,0.236364,0.0381818,0.544545,0.0872727,0.0163636,0.0445455,0.09,0.0554545,0.123636,1.29455,0.00727273,0.752727,1.35909,0.16,0.138182,0.387273,0.257273,0.0236364,0.0109091,0.0172727,0.00727273,0.0109091,0,0.142727,0,0.00363636,0.05,0.108182,0,0,0.00818182,0.00636364,0,0,0.0245455,0.00727273,0,0,0.00727273,0.0811818,0.124182,0.0575455,0.173545,0.112273,0.107909,5.42336,84.0909,1438.82,0.454545
0.166667,0.253333,1.20167,0,0.426667,0.6,0.468333,0.253333,0.685,0.658333,0.253333,1.27667,0.166667,0,0.626667,0.725,0.121667,1.46,2.44333,0.166667,1.13333,0,0.9,0.136667,0,0,0,0,0,0,0,0,0,0,0,0,0,0,0,0.08,0,0,0,0,0.08,0,0,0,0,0.1025,0,0.244,0.2215,0.0153333,6.3035,582.333,1344.33,1
0.0578947,0.319474,0.401579,4.36105,0.362632,0.115263,0.129474,0.106842,0.428947,0.347895,0.0252632,0.501579,0.05,0.0231579,0.263158,0.138421,0.382632,0.623684,2.00474,0.136316,0.949474,0.482632,0.354737,0.187368,0.232105,0.0326316,0,0,0,0,0,0,0,0.0226316,0,0.0357895,0.0573684,0,0,0,0,0,0,0,0.0384211,0,0,0.0105263,0,0.121368,0,0.424895,0.167842,0.0767368,10.7751,115,471.158,0.894737
0,0.29,0.29,0,0,0.59,0.29,1.04,1.04,2.22,0.14,1.04,0,0,1.04,0.29,0.74,0,1.63,0.44,0.59,0,1.48,0,0,0,0,0,0,0,0,0,0,0,0,0,0.29,0,0,0.29,0,0,0,0,0,0,0,0,0,0.084,0,0.105,0.21,0.021,10.817,887,1244,1
0.121818,0.0545455,0.217662,0.0125974,0.256494,0.128961,0.0603896,0.105584,0.0442857,0.218052,0.0453247,0.487922,0.113636,0.0412987,0.00116883,0.131039,0.153247,0.108961,1.22299,0.105195,0.482078,0.790779,0.174935,0.0657143,0.995974,0.366623,0.124026,0.0475325,0.0746753,0.0579221,0.0345455,0.0164935,0.105844,0.0164935,0.0463636,0.0797403,0.300909,0.00246753,0.0132468,0.0185714,0.0642857,0.0432468,0.0476623,0.0307792,0.0954545,0.328701,0,0.0157143,0.313156,0.18839,0.035026,0.149662,0.0806883,0.0707143,3.34895,25.7532,312.338,0.38961
0.144583,0.364583,0.440139,0.985,0.715972,0.132778,0.539167,0.0933333,0.0576389,0.376667,0.0590278,0.595972,0.190972,0.0530556,0.0352778,0.564167,0.967083,0.291111,2.21875,0.119861,1.26833,0.0226389,0.283472,0.0990278,0.0456944,0.0529167,0,0.100139,0,0.0591667,0,0,0.277083,0,0.0980556,0.0384722,0.0679167,0.0216667,0,0.0551389,0,0.0470833,0.00722222,0.00763889,0.0755556,0.06625,0,0,0.00623611,0.106444,0,0.753583,0.146208,0.0293194,7.21047,103.597,190.167,0.805556
0.169091,0.326364,0.350909,5.13091,0.539091,0.173636,0.0427273,0.0709091,0.688182,1.03909,0.0645455,0.850909,0.173636,0.0145455,0.293636,0.329091,0.0245455,0.82,1.80182,0.0981818,1.45,1.51364,0.258182,0.293636,0.16,0,0.14,0,0.00545455,0.04,0,0,0.04,0,0.0127273,0.00818182,0,0,0.04,0.0254545,0,0.0118182,0.0154545,0,0.00545455,0,0,0.0127273,0.00427273,0.0590909,0,0.519818,0.105364,0.197818,8.62082,160.727,878.182,0.909091
0.348,0.202,1.418,0,1.12,0,0.196,0,0.414,0.678,0.134,0.134,0.066,0,0,0.202,0,0.336,0.754,0.698,1.004,0,0,0,0.282,0,0,0,0,0,0,0,0,0,0,0,0,0,0,0,0,0,0,0,0,0,0,0,0,0.024,0,0.758,0.076,0,291.6,1131.8,1243.8,1
0.0606452,0.107097,0.330968,0.0167742,0.164194,0.113226,0.0390323,0.262258,0.278065,0.479355,0.117742,0.445484,0.0925806,0.0348387,0.188387,0.283548,0.225484,0.0525806,1.08484,0.08,0.644194,0.206774,0.0909677,0.109355,0.744194,0.224516,0.0180645,0.0296774,0.0122581,0.0448387,0.0332258,0.00322581,0.198387,0.00548387,0.145484,0.0574194,0.22,0.00419355,0.0483871,0.0141935,0.00258065,0.0209677,0.00129032,0.00677419,0.0548387,0.0258065,0.00806452,0.063871,0.0725806,0.172355,0.0113226,0.146484,0.116161,0.0664516,3.16832,44.4839,937.29,0.516129
0.08,0,0.32,4.31,0.08,0.16,0.08,0.08,0,0,0.08,0.24,0.32,0,0,0.08,0,0.32,1.87,0,0.57,0,0.16,0.24,0,0,0,0,0,0,0,0,0,0,0,0,0.08,0,0,0,0,0,0,0,0.16,0,0,0,0.344,0.068,0,0.55,0.082,0.151,15.547,339,2923,1
0.131304,0.0713043,0.196087,0.0073913,0.289348,0.125652,0.0269565,0.132826,0.183261,0.191522,0.0569565,0.701739,0.143043,0.185,0.0236957,0.0623913,0.180435,0.0563043,1.38935,0.0982609,1.34696,0.0073913,0.183043,0.083913,0.751957,0.136957,0.00913043,0.0256522,0.00913044,0.023913,0.00347826,0,0.116304,0,0.031087,0.0621739,0.142826,0.0113043,0.0104348,0.00456522,0.0706522,0.113043,0.00673913,0.0252174,0.0928261,0.486739,0.0532609,0.0341304,0.0370217,0.1095,0.0226087,0.124217,0.0573043,0.0290435,3.25046,46.4565,539.087,0.521739
0.58,0,0.34,0,0.11,0.11,0,0,0,0.23,0.23,0.93,0.93,0,0,0.58,0.23,0.11,4.19,0,1.51,0,0.58,0.46,0,0,0,0,0,0,0,0,0,0,0,0,0,0,0.34,0,0,0,0,0,0.11,0,0,0.11,0,0.125,0,0.733,0.104,0.335,8.192,326,1360,1
0.22,0.22,0.22,0,1.77,0.22,0.44,0.44,0.22,2.88,0,0.88,0.22,0,1.105,0.44,0,0.44,3.325,0,3.325,0,0.44,0.44,0,0,0,0,0,0,0,0,0,0,0,0,0,0,0,0.44,0,0,0,0,0,0,0,0,0,0,0,0.5755,0.153,0,86.675,1038,1733.5,1
0.129,0,0.129,0,0.528,0.087,0.129,0,0.177,0.228,0.378,0.529,0.021,0.534,0,0.807,0.369,0.042,1.851,3.786,1.679,0.578,0.378,0.198,0,0,0,0,0,0,0,0,0.021,0,0,0,0,0,0,0,0,0,0,0,0,0,0,0,0,0.0985,0.0075,0.3171,0.1488,0.0639,11.4664,494,1455,1
0.178,0.188,0.23,0,0.164,0.056,0.024,0.064,0.288,0.374,0.11,0.386,0.202,0.424,0.012,0.14,0.192,0.046,1.33,0.004,0.61,0,0.166,0.222,0.342,0.354,0.002,0,0,0,0,0,0.532,0,0.002,0.032,0.498,0.008,0,0.004,0.02,0.004,0.018,0.004,0.122,0.066,0.01,0.086,0.0896,0.1686,0.0232,0.1644,0.2202,0.0498,3.9428,72.6,2439.4,0.6
0.163415,0.109512,0.510732,0.0141463,0.303171,0.102439,0.116341,0.312195,0.117073,0.266585,0.0982927,0.416098,0.0331707,0.00731707,0,0.418049,0.372195,0.256098,1.99415,0.371463,1.37537,0.53,0.0863415,0.0780488,0.0514634,0.0397561,0.00414634,0.022439,0.0134146,0.017561,0,0,0,0.00731707,0.0690244,0,0.0770732,0,0,0.07,0,0,0.00609756,0.00829268,0.20878,0.0487805,0.0339024,0.0268293,0.0307561,0.144902,0.0132683,0.45822,0.129463,0.265537,5.17439,67.6585,319,0.707317
0.0942857,0.0914286,0.227143,0,0.0971429,0.0928571,0.0542857,0.08,0.0842857,0.258571,0.06,0.287143,0.174286,0.0242857,0.0542857,0.138571,0.0671429,0.142857,1.21286,0.00571429,0.55,0,0.13,0.115714,1.99429,0.11,0.00285714,0,0.00285714,0.0471429,0,0,0.0785714,0,0.0342857,0.124286,0.144286,0.00285714,0.04,0.0457143,0.05,0.0142857,0.0142857,0.0571429,0.0557143,0.21,0,0.127143,0.0321429,0.131429,0.00628571,0.175,0.0868571,0.0161429,5.411,75.1429,2031.14,0.285714
0.0580612,0.087449,0.19398,0,0.279184,0.0776531,0.205918,0.0422449,0.0621429,0.242143,0.0169388,0.396327,0.177245,0.0493878,0,0.741429,0.0344898,0.267143,2.5148,0.130612,1.09337,0.0659184,0.0109184,0.148163,0.210612,0.0958163,0.0265306,0.042449,0,0,0,0,0.0378571,0,0.0153061,0.0292857,0.0138776,0,0,0.020102,0.00265306,0.0893878,0.00714286,0.0342857,0.312551,0.318061,0,0,0.0105816,0.0456633,0.00197959,0.452102,0.0404898,0.235296,5.3485,48.9082,88.3061,0.489796
0.34,0,1.7,0,1.02,0,0,0,0.68,1.02,0,0,0,0,0,0,0,0,0.34,1.02,0.68,0,0,0,0.34,0,0,0,0,0,0,0,0,0,0,0,0,0,0,0,0,0,0,0,0,0,0,0,0,0,0,0.9005,0.1055,0,665.5,1330,1331,1
0.52,0.34,0.4,0,0.14,0.17,0.05,0.14,0.46,0.52,0.31,0.89,0.4,1.16,0.05,0.11,0.23,0.11,2.9,0,1.1,0,0.63,0.52,0,0,0,0,0,0,0,0,0,0,0,0,0,0,0,0,0,0,0,0,0.08,0,0,0,0,0.073,0,0.363,0.535,0.132,6.171,159,2771,1
0.1025,0,0.385,0,0.4275,0.2425,1.49,0,0,0.14,0,0.8,0,0,0,2.445,0,0.225,3.14,0,1.0575,0,0.345,0.1025,0.0725,0.0725,0.0725,0.145,0,0,0,0,0,0.0725,0.145,0,0,0,0,0,0,0,0,0,0,0,0,0,0,0.127,0,0.64475,0.59925,0,20.5435,319.25,410,0.75
0,0,0,0,0,0,0,0,0,0,0,0,0,0,0,0,0,0,0,0,0,0,0,0,0,0,0,0,0,0,0,0,0,0,0,0,0,0,0,0,0,0,0,0,0,0,0,0,0.022,0.022,0.019,0.022,0.022,0.022,3.482,5,5902,0
0.03,0.192857,0.22,0,0.435714,0.0142857,0.06,0.102857,0.06,0.454286,0.0514286,0.184286,0.0814286,0.874286,0.0214286,0.214286,0.0742857,0.107143,1.41714,0.0214286,0.72,1.55143,0.0442857,0.287143,0.277143,0,0.135714,0.0214286,0,0,0.135714,0,0.0214286,0,0.135714,0,0.281429,0,0,0,0,0,0,0,0,0,0,0,0,0.00685714,0,0.117429,0.586714,0.207286,14.354,219.143,1088.14,0.428571
0,0.41,0.71875,0.175,0.0675,0,0.56375,0,0.0675,0.71875,0.21375,0.75625,0.07,0.13625,0,1.53875,0.11625,0.0475,1.9925,0,1.13125,0,0,0,0.03125,0.06375,0,0,0,0,0,0,0,0,0,0,0.0475,0,0,0,0,0,0,0,0.225,0,0,0,0.03625,0.05525,0,0.670375,0.03225,0.103,12.9339,349.625,570.75,0.875
0,0,0,0,0,0,0,0,0,0,0,0,0,0,0,0.325203,0,0,0,0,0,0,0,0,0.0903252,0.116098,20.068,0,0,0,0,0,0,0,0,0,0,0,0,0,0,0.18065,0,0,0.0541463,0,0,0,0,0.0285203,0,0.00934146,0,0,1.20634,1.6748,5.45528,0
0.335556,0.184444,0.273333,0.105556,0.216667,0.361111,0.0666667,0.0511111,0.515556,0.445556,0.154444,0.631111,0.188889,0.0366667,0.404444,0.105556,0.153333,0.585556,2.18222,0.615556,1.42333,0,0.0433333,0.336667,1.03667,0.436667,0.0444444,0.0711111,0,0.0811111,0,0,0.105556,0,0.0266667,0.0266667,0,0.0555556,0.0266667,0.0288889,0,0.0811111,0.0177778,0.0722222,0.0122222,0.105556,0,0,0.00133333,0.373,0,0.458111,0.239778,0.0433333,6.626,231.111,763.889,0.777778
0.0749495,0.139293,0.319495,0.0117172,0.57404,0.149192,0.259091,0.126869,0.0583838,0.239798,0.119596,0.604747,0.080404,0,0.150101,0.298283,0.252525,0.331212,2.03455,0.286263,1.11061,0.119293,0.236061,0.0987879,0.292323,0.150101,0.105657,0.114646,0.0313131,0.116364,0.0313131,0.0313131,0.0161616,0.0449495,0.0706061,0.0585859,0.0726263,0,0.125859,0.0836364,0.0107071,0.0287879,0.00363636,0.0194949,0.212929,0.116667,0,0.00333333,0.00265657,0.118586,0.00145455,0.31801,0.0716667,0.0306364,5.26956,54.9798,138.343,0.646465
0.148037,0.118799,0.288822,0,0.218568,0.0633487,0.144134,0.0550115,0.013418,0.267598,0.0987298,0.669053,0.082194,0.0159584,0.0235104,0.234665,0.0862587,0.12963,1.71845,0.0169515,0.997113,0,0.0602079,0.0823788,0.646697,0.317298,0.266374,0.218984,0.11709,0.213187,0.109607,0.0735797,0.161062,0.0735797,0.196443,0.12963,0.199584,0.00406467,0.172679,0.0853118,0.0578753,0.176236,0.053164,0.104226,0.227621,0.252887,0,0.0311547,0.0150577,0.145425,0.0105566,0.224848,0.0543764,0.0806836,2.36702,11.6305,49.0485,0.272517
0,0,0.15,0,0.13,0.03,0,0.08,0,0.06,0.03,0.64,0.08,0.01,0,0.05,0.22,0.01,0.15,0.03,0.33,0,0,0,0,0,0.01,0,0.03,0.01,0,0,1.33,0,0,0.1,0.76,0,0.01,0.05,0.06,0.03,0,0.05,0,0.1,0,0.37,0.024,0.254,0.002,0.002,0.007,0,2.128,36,3467,0
0.0925,0.1075,0.275,0.015,0.7325,0.2425,0.0725,0.5025,0.0925,0.2225,0.09,0.77,0.1525,0.15,0.05,1.415,0.695,0.35,1.9525,0.2975,0.7425,0.65,0.405,0.2425,0,0,0,0,0,0,0,0,0,0,0,0.2,0.065,0,0,0.0725,0,0,0,0,0.0075,0,0,0,0.00275,0.04575,0.02925,0.47925,0.153,0.24975,6.50975,262,1984.75,1
0.5275,0.7725,0.6775,0,0.4325,0.095,0,0.3375,0,1.4525,0,2.0825,0,0.4525,0,0.3375,0,0,1.8375,0,4.62,0.095,0,0,0,0,0,0,0,0,0,0,0,0,0,0,0,0,0,0,0,0,0,0,0,0,0,0,0,0.214,0,1.2535,0.16275,0.07625,72.1147,714.25,803,1
0.0963043,0.0384783,0.193913,0.163261,0.562391,0.15413,0.0408696,0.126087,0.0580435,0.0734783,0.0678261,0.581087,0.168261,0.0582609,0.00652174,0.0626087,0.376957,0.0945652,1.98391,0.0808696,0.617174,0.498043,0.298478,0.0258696,0.759565,0.108696,0.00586957,0.0230435,0.0145652,0.00869565,0.00586957,0.00586957,0.0863043,0.00586957,0.0121739,0.0893478,0.132391,0.0363043,0.0245652,0.00891304,0.0458696,0.0434783,0.0265217,0.00282609,0.0556522,0.0754348,0.0191304,0.028913,0.122761,0.0951957,0.0121957,0.0495217,0.0763261,0.0539348,2.60685,22.5,437.304,0.521739
0.5,0.25,0.42,0,0.08,0.23,0.02,0.35,0.35,0.69,0.21,0.9,0.5,0.92,0.02,0.33,0.42,0.02,3.05,0,1.43,0,0.94,0.46,0,0,0,0,0,0,0,0,0,0,0,0,0,0,0,0.02,0,0,0,0,0.02,0,0.02,0,0,0.069,0,0.325,0.523,0.124,6.723,445,4128,1
