0.131495,0.0932915,0.266847,0.00167085,0.207613,0.0687563,0.127764,0.0786055,0.0268467,0.223455,0.0651884,0.582412,0.0846357,0.0309171,0.0213191,0.223405,0.0851382,0.163807,1.68219,0.0128518,0.818279,0,0.0366834,0.0617462,0.720389,0.383857,0.286646,0.243191,0.147186,0.19647,0.114648,0.0811809,0.159497,0.0811809,0.19652,0.147249,0.223078,0.00574121,0.161219,0.0892839,0.057098,0.180327,0.0639447,0.121608,0.300779,0.232638,0.00128141,0.0349246,0.0160088,0.157009,0.0143392,0.245898,0.0500515,0.052902,2.31713,11.4234,50.1382,0.270101
0,0.02,0.05,0,0.02,0,0,0.05,0,0.35,0,0.02,0,0,0,0.05,0.1,0.38,0.07,0.2,0.17,0,0,0,0.02,0,0,0,0,0,0,0,0,0,0,0,0,0,0,0,0,0,0,0,0,0,0,0,0,0.004,0,0.108667,0.0173333,0.0173333,3.922,489,3271,1
0.101667,0.250556,0.547222,0.0272222,0.618333,0.106667,0.587778,0.158889,0.0161111,0.513333,0.0694444,0.675556,0.158889,0.0127778,0,1.31167,0.211111,0.293333,2.52667,0,1.04444,0,0.508333,0.106667,0.0716667,0.0438889,0.0161111,0.0322222,0.0277778,0.0138889,0,0,0,0.0505556,0.0322222,0.0127778,0.134444,0,0,0,0,0.0111111,0,0,0.183333,0,0,0.0555556,0.0340556,0.187333,0,0.458778,0.262611,0.0269444,12.6607,240.944,494.722,0.833333
0,0,0.28,0,0.16,0.18,0,0,0,0,0.02,0.09,0.11,0,0,0,0,0,0.14,0,0.02,0,0,0.04,0,0,0,0,0,0,0,0,0,0.07,0,0,0,0,0.02,0,0,0,0,0,0,0,0,0,0,0.116,0.021,0.032,0,0,16.6155,154,9089,1
0.110635,0.158095,0.379365,0.224603,0.278413,0.110635,0.052381,0.230476,0.275873,0.532381,0.128254,0.498889,0.122222,0.0757143,0.160794,0.281429,0.201746,0.272381,1.22508,0.135873,0.79127,0.779841,0.0957143,0.158889,0.656825,0.159524,0.0380952,0.0280952,0.01,0.0344444,0.0266667,0.00301587,0.135238,0.00603175,0.0879365,0.0411111,0.136667,0.000634921,0.0373016,0.0365079,0.00333333,0.0187302,0.0047619,0.00333333,0.0455556,0.0136508,0.00349206,0.041746,0.0576349,0.119587,0.021381,0.265619,0.120476,0.104317,4.62479,71.0317,919.619,0.634921
0.0936364,0.0881818,0.217273,0.00545455,0.235455,0.12,0.0518182,0.197273,0.0872727,0.227273,0.0618182,0.379091,0.166364,0.0609091,0.0527273,0.426364,0.211818,0.181818,1.30545,0.0754545,0.564545,0.152727,0.183636,0.152727,1.26909,0.07,0.00818182,0,0.00818182,0.03,0,0,0.0563636,0,0.0218182,0.124545,0.106364,0.00181818,0.0254545,0.0527273,0.0318182,0.00909091,0.00909091,0.0363636,0.0381818,0.133636,0,0.0809091,0.0214545,0.105364,0.0426364,0.238545,0.0961818,0.0711818,5.46782,119.909,2012.09,0.454545
0.108355,0.099464,0.239704,0.00249538,0.330998,0.0691682,0.119815,0.156007,0.0502957,0.238244,0.0563401,0.546303,0.0775416,0.0513863,0.0398152,0.249187,0.156322,0.17342,1.61257,0.032902,0.71536,0.0152126,0.0977079,0.07,0.609704,0.382237,0.257431,0.242606,0.0902588,0.141349,0.0762292,0.0737153,0.0773383,0.0737153,0.128152,0.160647,0.16939,0.00548983,0.114177,0.0712384,0.0268762,0.0460074,0.0953974,0.0943808,0.295952,0.179131,0.0103882,0.0409612,0.0205712,0.168274,0.0138983,0.240421,0.0648632,0.0277542,2.43075,14.4769,90.342,0.401109
0.128676,0.210441,0.432353,0.629559,0.266765,0.121618,0.0511765,0.1125,0.266176,0.296618,0.0695588,0.781618,0.214853,0.130588,0.138971,0.146029,0.137206,0.196618,1.70059,0.085,0.918088,0,0.133824,0.173824,0.695147,0.136618,0.0241176,0.0207353,0.0144118,0.0173529,0.0172059,0.00235294,0.0777941,0.00235294,0.0314706,0.0651471,0.0935294,0.00205882,0.0148529,0.0355882,0.00235294,0.0729412,0.0375,0.0108824,0.0225,0.00176471,0,0.0208824,0.148676,0.128735,0.0199412,1.0809,0.261912,0.0174412,4.054,58.5441,748.824,0.588235
0,0,0,0.04,0,0,0,0,0,0,0,0,0,0,0,0.02,0,0,0.02,0,0,0,0,0,0,0,0,0,0,0,0,0,0,0,0,0,0,0,0,0,0,0,0,0,0,0,0,0,1.024,9.752,0.003,1.542,1.785,1.998,239.571,9989,10062,1
0.0784444,0.0815111,0.334489,0.00386667,0.337689,0.146267,0.120044,0.140444,0.0654222,0.2184,0.0811111,0.5116,0.104489,0.0368,0.0196889,0.266444,0.144267,0.1968,1.44329,0.117911,0.875156,0.00822222,0.109911,0.0825778,0.673067,0.332889,0.117778,0.126711,0.0679556,0.110533,0.0585778,0.0324889,0.0986222,0.0324889,0.0904444,0.1204,0.222222,0.00982222,0.0795111,0.0613778,0.0758222,0.0298667,0.0715556,0.0599111,0.160711,0.175511,0.00484444,0.0375111,0.051,0.158102,0.0177378,0.161951,0.0728711,0.0283289,2.6636,25.8711,196.151,0.471111
0.129,0,0.129,0,0.528,0.087,0.129,0,0.177,0.228,0.378,0.529,0.021,0.534,0,0.807,0.369,0.042,1.851,3.786,1.679,0.578,0.378,0.198,0,0,0,0,0,0,0,0,0.021,0,0,0,0,0,0,0,0,0,0,0,0,0,0,0,0,0.0985,0.0075,0.3171,0.1488,0.0639,11.4664,494,1455,1
0.19,0,0.38,0,0,0.19,0,0,0,0,0.19,0.19,0,0,0,0.38,0,0.19,1.14,0,0.38,0,0,0,0,0,0,0,0,0,0,0,0,0,0,0,0,0,0,0,0,0,0,0,0,0,0,0,0.01,0.01,0,0,0,0.003,2.383,21,15841,1
0,0,0,0,0,0,0,0,0,0,0,0,0,0,0,0,0,0,0,0,0,0,0,0,0,0,0,0,0,0,0,0,0,0,0,0,0,0,0,0,0,0,0,0,0,0,0,0,0.022,0.022,0.019,0.022,0.022,0.022,3.482,5,5902,0
0.291667,0.181111,0.317222,0.239444,0.0916667,0.103333,0.0283333,0.139444,0.261111,0.407222,0.144444,0.653333,0.334444,0.707778,0.005,0.137222,0.287222,0.0683333,1.92667,0.00222222,0.854444,0.0161111,0.541667,0.235556,0.0266667,0.0272222,0.00666667,0.00388889,0.00277778,0,0,0,0.528889,0,0,0.04,0.333889,0.00111111,0.00277778,0.0127778,0.0283333,0.01,0.01,0.0155556,0.0333333,0.0788889,0.00555556,0.09,0.0422778,0.109778,0.00388889,0.237333,0.441111,0.0951667,5.00133,143.333,3033.78,0.611111
0.4,0.158636,0.312727,0,0.0554545,0.140909,0.0195455,0.144091,0.234545,0.373182,0.185455,0.794091,0.414545,0.824091,0.04,0.210455,0.301364,0.133636,2.27136,0.0727273,1.02273,0.0581818,0.47,0.392727,0.178636,0.106818,0.00545455,0,0.00227273,0.00818182,0,0,0.225,0,0,0.0213636,0.103636,0.00227273,0.00818182,0.0172727,0.00863636,0.00818182,0.00136364,0.02,0.0577273,0.0204545,0.015,0.0304545,0.0241818,0.0919545,0.00618182,0.294773,0.259364,0.105636,5.49236,129.455,3357.18,0.863636
0.175,0.04,0.405,0,0.175,0,0,0.335,0.305,0.88,0.085,0.205,0.395,0,0.13,0,0.35,0.405,1.785,0,1.015,0,0.535,0.35,0,0,0,0,0,0,0,0,0,0,0,0.115,0,0,0.04,0.55,0,0,0,0,0.085,0,0,0,0.0355,0.076,0,0.3255,0.046,0.0055,40.992,1337.5,2938.5,1
0.3275,0.7625,0.38,0,0.4925,0.1025,0.075,0,0.23,0.685,0.3525,0.885,0.5125,0,0,0.29,0.545,0.1875,3.165,0.9775,1.9225,0,0.29,0.2675,0,0,0,0,0,0,0,0,0.0375,0,0,0,0,0,0.17,0,0,0,0.1225,0,0.055,0,0,0.055,0,0.173,0,0.48525,0.1395,0.179,10.8005,381.75,1280.25,1
0.306667,0.690476,0.985238,0.0433333,0.364286,0.0519048,0.229048,0.235238,0.240952,1.39333,0.151429,1.38952,0.0385714,0.305714,0.143333,1.08095,0.292381,0.0638095,1.60381,0.11,3.02714,0,0,0.0766667,0.0119048,0.0242857,0,0,0,0,0,0,0,0,0,0,0.155714,0,0,0,0,0,0,0,0.0904762,0,0,0.0366667,0.00638095,0.16719,0,1.29014,0.278762,0.0834762,50.3012,484.429,652.81,0.952381
0.0634483,0.118966,0.3,0,0.268621,0.106552,0.0737931,0.0431034,0.375862,0.218621,0.0589655,0.48931,0.0782759,0.052069,0.101379,0.170345,0.0541379,0.166552,1.28552,0.00896552,0.712759,0.817931,0.119655,0.062069,0.410345,0.233103,0.0144828,0.0162069,0.0172414,0.0106897,0.0231034,0,0.0827586,0,0.0268966,0.0231034,0.152069,0.00137931,0.00724138,0.0106897,0.00241379,0.0193103,0,0.0155172,0.02,0.0313793,0,0.00689655,0.0511034,0.194,0.0355862,0.155862,0.101862,0.0947586,4.71586,78.2069,1354.62,0.517241
0.315,0,1.579,0,0.947,0,0.065,0,0.517,0.785,0,0,0,0,0,0.058,0,0,0.315,0.833,0.403,0,0,0,0.315,0,0.146,0.029,0,0.058,0,0,0,0,0,0,0.058,0,0,0,0,0,0,0,0,0,0,0,0,0.0018,0,0.8335,0.08,0,432.25,1262.1,1306.5,0.9
0.14,0.14,0.21,0.0185714,0.137143,0.0528571,0.0171429,0.0642857,0.254286,0.282857,0.0785714,0.355714,0.144286,0.305714,0.0114286,0.118571,0.155714,0.0485714,1.00286,0.00285714,0.472857,0,0.118571,0.158571,0.444286,0.458571,0.00571429,0.00285714,0.00285714,0,0,0,0.635714,0,0.00142857,0.0585714,0.655714,0.0128571,0,0.00285714,0.0228571,0.00857143,0.0157143,0.02,0.0871429,0.0885714,0.01,0.0828571,0.100857,0.179143,0.0424286,0.117857,0.159,0.0355714,3.52414,68,2502.29,0.428571
0.0470898,0.499048,0.180118,0,0.232339,0.0328558,0.0227017,0.0373527,0.0117226,0.109538,0.00662738,0.442484,0.0451949,0.0513055,0.00213962,0.167752,0.0170354,0.10942,1.62063,0.0255304,0.421043,0,0.00803264,0.0637262,0.560036,0.242702,2.68846,0.082883,0.180743,0.0978876,0.0823844,0.0567543,0.0848776,0.0567543,0.0997461,0.0811423,0.0517044,0.0332185,0.0627108,0.0606981,0.0686854,0.314461,0.0201451,0.143971,0.627924,0.262067,0.00461469,0.0438803,0.0199248,0.105203,0.0170154,0.20186,0.00772076,0.00389211,1.5519,4.01179,14.6383,0.0861287
0.107429,0.11059,0.308325,0.00768868,0.39559,0.169788,0.136274,0.11967,0.0472406,0.222406,0.0367689,0.530613,0.0848585,0.0045283,0.0192925,0.278797,0.147594,0.197358,1.61594,0.0507075,1.04269,0.0465802,0.1325,0.0904953,0.571226,0.378302,0.233538,0.180849,0.104009,0.140236,0.0715094,0.068467,0.0960613,0.0730425,0.139882,0.116604,0.165495,0.00224057,0.101321,0.0805896,0.0464623,0.0489623,0.087217,0.0312736,0.236557,0.111981,0.00693396,0.0216509,0.0202241,0.157186,0.0241156,0.257559,0.0645,0.0215873,2.78666,22.3208,140.943,0.462264
0.119756,0.151707,0.246911,0.751951,0.43,0.114228,0.0490244,0.107561,0.249756,0.205122,0.103415,0.659756,0.138862,0.0377236,0.0549593,0.216911,0.232276,0.180976,1.78659,0.0720325,0.811707,0.736098,0.184797,0.156098,0.604634,0.153902,0.0696748,0.0246341,0.0242276,0.0197561,0.0143902,0.0169106,0.0676423,0.0104065,0.0313008,0.0831707,0.113008,0.0290244,0.0313008,0.0231707,0.030813,0.0379675,0.0203252,0.00495935,0.06,0.0610569,0.00715447,0.0143089,0.116634,0.122317,0.00982114,0.18978,0.10135,0.0828862,4.57553,48.1463,446.22,0.593496
0.237059,0.189412,0.384118,0.0123529,0.442353,0.16,0.0629412,0.471765,0.278824,0.601765,0.117059,0.570588,0.265882,0.128824,0.137647,0.516471,0.314706,0.283529,2.27824,0.111765,1.12353,0.867059,0.480588,0.432941,0,0,0,0,0,0.00588235,0,0,0.0111765,0.00764706,0.00470588,0.102941,0.0705882,0.0111765,0.0129412,0.0358824,0,0,0,0,0.0388235,0.0311765,0,0.00764706,0.0147647,0.0858235,0.0241176,0.309529,0.290471,0.147412,7.73588,179.824,1565.06,0.941176
0.54,0.434,0.288,0,0.14,0.03,0.012,0.164,0.548,0.638,0.288,0.658,0.626,1.21,0.03,0.214,0.434,0.046,3.17,0,1.42,0,0.54,0.576,0,0,0,0,0,0,0,0,0,0,0.012,0,0,0,0,0,0,0,0,0,0.046,0,0,0,0.0072,0.0772,0,0.5122,0.5202,0.135,6.8926,760.4,2399.6,1
0.195,0.5,0.4,0.095,0.58,0,0,0,0.39,0.19,0,0.2,0,0,0,0.1,0,0,0.195,0.19,0.39,0,0,0.2,0.095,0,0,0.095,0,0,0,0,0,0.19,0,0,0,0,0,0,0,0,0,0,0,0,0,0,0,0.035,0,0.4155,0.7295,0.015,1062,2123,2124,1
0.0892683,0.0760976,0.238537,0.467317,0.267073,0.0582927,0.0560976,0.077561,0.235854,0.441707,0.0736585,0.447561,0.138537,0.211707,0.0904878,0.346585,0.0556098,0.298537,1.32683,0.326098,0.940732,0.88561,0.0692683,0.1,0.401463,0.155366,0.0429268,0.0226829,0.00219512,0.0214634,0.0412195,0.00219512,0.0719512,0.00219512,0.15122,0.0243902,0.177561,0,0.00634146,0.0580488,0.0146341,0.0458537,0.00731707,0.0119512,0.0519512,0.0604878,0.0268293,0.0560976,0.0257317,0.124293,0.0120976,0.247951,0.144976,0.0938537,6.79076,95.8293,1160.63,0.609756
0.11629,0.137581,0.494194,0.318226,0.310968,0.122097,0.163871,0.150161,0.0403226,0.246774,0.114839,0.465,0.0841935,0.0151613,0,0.421774,0.247258,0.299677,1.88145,0.299194,1.1429,0.203226,0.112419,0.160968,0.161613,0.0874194,0.00516129,0.028871,0.0320968,0.0553226,0,0,0.00435484,0.00483871,0.07,0.0304839,0.170968,0,0.0479032,0.00306452,0,0,0.0229032,0.0122581,0.195,0.403548,0,0.055,0.0200161,0.116306,0.0185323,0.382097,0.272871,0.0408387,6.00405,106.532,301.919,0.693548
0.3975,0.7,0.62125,1.145,0.51125,0.0475,0.11,0.295,0.12625,1.23125,0.17625,1.82,0.04125,0.31875,0,0.3875,0.13875,0.21,1.84875,0.03375,4.01,0.0475,0.0925,0,0,0,0,0,0,0,0,0,0,0,0,0,0.04625,0,0,0,0,0,0,0,0,0,0,0,0.048375,0.171125,0,0.983625,0.138,0.05975,77.8308,781.375,937.625,1
0.12,0.0621429,0.162143,0,0.112857,0.0442857,0.0164286,0.0321429,0.217857,0.0635714,0.0892857,0.409286,0.0407143,0.0185714,0.00857143,0.0628571,0.135714,0.0971429,0.75,0.227143,0.415,1.02571,0.102857,0.105714,0.355714,0.195714,0.0114286,0.00928571,0.00428571,0.0257143,0.0257143,0,0.230714,0,0.00928571,0.141429,0.312857,0.0171429,0.0342857,0.0128571,0.0385714,0.005,0.0114286,0.04,0.035,0.18,0.00785714,0.0521429,0.094,0.168357,0.0535714,0.0797857,0.078,0.104357,4.12214,59.8571,1689.5,0.214286
0.2025,0.1575,0.5125,0,1.265,0.3375,0.22,0.385,0.4225,1.6325,0.0625,0.7525,0.245,0,1.2175,0.24,0.0475,0.86,2.565,0.135,1.96,0,0.64,0.41,0,0,0,0,0,0,0,0,0,0,0.0225,0,0,0,0,0.26,0,0,0.04,0,0.02,0.02,0,0,0.003,0.03375,0,0.519,0.1535,0.0115,49.1835,859,1747.5,1
0.02,0.12,0.2975,0.025,0.5375,0.2,0.025,0.2225,0,0.17,0.095,0.9575,0,0.05,0,0.985,0.44,0.2725,0.9525,0.1775,0.25,0.23,0.2575,0.05,0.02,0,0,0,0,0.0575,0,0,0,0,0,0.1975,0.145,0,0,0.05,0,0,0.02,0,0,0,0,0,0.01,0.10475,0.00875,0.2255,0.086,0.13675,5.5885,238,1791.5,0.5
0.14625,0.1225,0.39975,0.004,0.31125,0.116,0.14625,0.11475,0.56675,0.3985,0.11175,0.51225,0.108,0.04525,0.052,0.2465,0.07325,0.406,1.6315,0.22325,1.04925,1.1115,0.118,0.24725,0.30175,0.153,0.018,0.02625,0,0.01725,0.01625,0,0.10325,0,0.19325,0.0185,0.146,0.0035,0.03125,0.02575,0.01875,0.0465,0.006,0.026,0.026,0.0725,0.011,0.011,0.063225,0.10075,0.078425,0.4322,0.26995,0.103975,4.71562,71.05,1044.65,0.725
0.10425,0.17975,0.88675,0,0.62725,0.81575,0.37825,0.1905,0.71275,0.3415,0.223,0.77275,0.2145,0,1.498,0.24,0.09075,1.13475,1.661,0.1965,0.7225,0,0.7085,0.1415,0.00225,0.00225,0,0,0,0,0,0,0,0,0.005,0,0.00725,0,0,0.04125,0,0,0.136,0.02,0.073,0.059,0,0,0.004475,0.094325,0,0.388925,0.15765,0.015275,8.5946,667.025,1371.35,1
0.0339535,0.203721,0.246512,0,0.585814,0.18814,1.27023,0.282326,0.293023,0.556279,0.273721,0.633721,0,0.0248837,0.0213953,0.27093,0.963488,0.285814,1.96395,0.282326,2.02302,0,0.095814,0.0809302,0.0327907,0,0.146512,0.0327907,0,0,0.168372,0,0,0,0.0653488,0.00511628,0.102558,0,0.0248837,0.44186,0,0,0,0,0.154884,0,0,0,0.000651163,0.120953,0.013814,0.376512,0.111953,0.0464651,31.2835,203.605,346.651,0.744186
0.250556,0.258333,0.351111,0.0527778,0.560556,0.316667,0.155,0.131111,0.570556,0.782222,0.215556,0.937222,0.272222,0.0383333,0.412222,0.237222,0.173889,0.593333,2.32222,0.428889,1.47222,0.00944444,0.467222,0.343333,0.518333,0.218333,0.0133333,0,0,0.0405556,0,0,0.075,0,0.04,0.0133333,0,0.0477778,0.0133333,0.0405556,0,0.0405556,0.0188889,0.0272222,0.0283333,0.0794444,0,0,0.000666667,0.134167,0.00827778,0.585556,0.201556,0.0467222,7.76517,265.667,768.778,0.944444
0.504545,0.371818,0.64,0,0.137273,0.574545,0.0990909,0.449091,0.879091,0.911818,0.0527273,0.46,0.315455,0.00909091,0.769091,0.183636,0.155455,1.42727,2.31091,0.761818,1.37636,0.0281818,1.11364,0.569091,0,0,0,0,0,0,0,0,0.03,0,0.115455,0.0381818,0,0,0,0,0,0,0,0,0.0654545,0,0,0,0.0261818,0.047,0.147091,0.436818,0.185273,0.0424545,13.3886,477.909,944.182,1
0.136148,0.110222,0.356074,0.025037,0.298148,0.0937778,0.0820741,0.174963,0.120593,0.324741,0.0757778,0.514222,0.0943704,0.0416296,0.0592593,0.259259,0.223185,0.202074,1.49156,0.208667,0.897037,0.681704,0.14963,0.0731111,0.519333,0.207259,0.0860741,0.0863704,0.0498519,0.0556296,0.0487407,0.0220741,0.0534074,0.0220741,0.0548889,0.0600741,0.165704,0.0218519,0.0411111,0.0708889,0.024,0.0568889,0.0416296,0.0511111,0.094963,0.194741,0.0214815,0.0352593,0.300704,0.161711,0.0156889,0.275852,0.0701556,0.164756,3.76968,43.2296,352.644,0.511111
0.392,0.362,0.398,0,0.364,0.062,0.038,0.174,0.58,0.566,0.316,0.652,0.538,1.006,0.374,0.192,0.352,0.212,2.734,0.064,1.18,0,0.634,0.42,0,0,0,0,0,0,0,0,0,0,0,0,0,0,0,0.012,0,0,0.024,0,0.036,0.012,0,0,0.01,0.0906,0,0.361,0.7502,0.104,7.587,565.8,2369.8,1
0.11614,0.067193,0.273684,0.110088,0.287982,0.102193,0.0517544,0.152281,0.19307,0.248333,0.0682456,0.744035,0.100702,0.0950877,0.0199123,0.161842,0.185439,0.112281,1.33096,0.0892982,1.0693,0.233772,0.140351,0.0929825,0.912632,0.198246,0.012193,0.0183333,0.0163158,0.0302632,0.00385965,0,0.102368,0,0.0253509,0.0667544,0.155526,0.0124561,0.0313158,0.0122807,0.0647368,0.0696491,0.00736842,0.0198246,0.0694737,0.261053,0.0224561,0.0215789,0.0622193,0.171807,0.0204737,0.213632,0.0559474,0.0452544,3.91618,52.7807,538.105,0.552632
0.59,0.09,0.09,0,0.29,0.09,0,0.59,0.59,2.09,0.29,0.09,0.29,0,0.39,0.09,0.79,0.39,3.19,0.09,1.69,0,1.39,0.99,0,0,0,0,0,0,0,0,0,0,0,0.09,0,0,0.09,0,0,0,0,0,0.19,0,0,0,0.044,0.078,0,0.334,0.133,0.011,15.493,1171,2541,1
0.364615,0.346923,0.396923,0,0.256923,0.0553846,0.0523077,0.117692,0.521538,0.6,0.260769,0.707692,0.421538,0.933077,0.0230769,0.186923,0.336154,0.0269231,2.97846,0.0153846,1.41538,0,0.314615,0.439231,0,0,0,0,0,0,0,0,0,0,0,0.00307692,0.0153846,0,0,0,0,0,0,0,0.0484615,0,0,0,0.00946154,0.0825385,0.00246154,0.376308,0.565,0.103538,6.028,164.308,2236.15,1
0.0880628,0.113613,0.325131,0.0115183,0.400681,0.13623,0.101309,0.0967539,0.0677487,0.21911,0.0663351,0.550209,0.153979,0.0219895,0.053822,0.203351,0.19911,0.267696,1.6212,0.102984,0.793717,0.337068,0.183508,0.081466,0.596021,0.251571,0.122304,0.0712042,0.0702618,0.0723037,0.037801,0.0372251,0.0703141,0.0389005,0.0518848,0.0942932,0.153927,0.00136126,0.0400524,0.0642932,0.0211518,0.0374346,0.0518325,0.0368586,0.148953,0.0491099,0,0.0193717,0.0565654,0.15599,0.0280105,0.239942,0.116147,0.0614555,3.48657,37.2723,264.707,0.591623
0.29,0.04,0.04,0,0.14,0.04,0,0.29,0.29,0.94,0.14,0.04,0.14,0,0.19,0.04,0.39,0.19,1.6,0.04,0.79,9.53,0.69,0.47,0,0,0,0,0,0,0,0,0,0,0,0.04,0,0,0.04,0,0,0,0,0,0.19,0,0,0,1.117,0.053,0,0.356,0.09,0.011,12.332,1171,9163,1
0.195294,0.131294,0.337529,0.00129412,0.364824,0.163765,0.0761176,0.178824,0.345412,0.349412,0.0909412,0.621412,0.0745882,0.132118,0.0951765,0.188471,0.345176,0.0716471,1.49329,0.221059,1.08788,0.369412,0.064,0.257647,0.672235,0.171882,0.0288235,0.0130588,0.00494118,0.0256471,0.0187059,0.00494118,0.103059,0.00623529,0.0187059,0.0604706,0.157882,0.0212941,0.0144706,0.0337647,0.0544706,0.152471,0.0182353,0.0132941,0.0611765,0.0964706,0.00647059,0.0104706,0.106871,0.167929,0.0139647,0.287141,0.137953,0.0951529,4.23951,74.8118,629.376,0.517647
0.0588591,0.0966443,0.20604,0,0.480268,0.089396,0.223154,0.0730201,0.0439597,0.228658,0.0613423,0.44094,0.142617,0.0324832,0.0925503,0.558859,0.115503,0.237852,2.42409,0.225436,1.11168,0.0371141,0.132953,0.115503,0.0519463,0.0710067,0.0575168,0.0279195,0,0.0130201,0,0,0.0248993,0,0.0263758,0.0385906,0.0175839,0,0.0557047,0.0320805,0.00174497,0.0696644,0.00899329,0.0355034,0.30047,0.262752,0,0,0.00746309,0.0714564,0.00432886,0.263638,0.0698993,0.155785,4.90614,49.8523,102.027,0.597315
0.25,0.125,0.21,0,0.105,0.115,0.01,0.175,0.175,0.41,0.105,0.48,0.25,0.46,0.01,0.165,0.21,0.01,1.625,0,0.745,0,0.47,0.23,0,0,0,0,0,0,0,0,0,0,0,0,0,0,0,0.01,0,0,0,0,0.01,0,0.01,0,0.005,0.5495,0,0.1625,1.067,0.067,7.136,361.5,3940,1
0.136196,0.297065,0.446413,0.77087,0.743152,0.127826,0.465326,0.141087,0.0721739,0.389891,0.0746739,0.63663,0.162065,0.0616304,0.0384783,0.526413,0.860326,0.26663,2.21543,0.169348,1.3725,0.0177174,0.275435,0.100326,0.0541304,0.0440217,0,0.0783696,0,0.0578261,0,0,0.220435,0,0.0767391,0.0330435,0.102391,0.0169565,0,0.0605435,0.0115217,0.0368478,0.00565217,0.01,0.0933696,0.053587,0,0,0.00488043,0.10488,0,0.679446,0.14438,0.027,7.13542,99.7391,196.543,0.804348
0.01,0.01,0.07,0,0.05,0,0,0.01,0.03,0.13,0.05,0,0,0.05,0,0,0.01,0.07,0.01,0,0.01,0,0,0,0,0,0,0,0,0,0,0,0.07,0,0,0.13,0,0,0,0.01,0.46,0,0,0.03,0,0.8,0.01,0.07,0.05,0.301,0.131,0.002,0.09,0.002,2.577,82,5395,0
