0,14.1478,0,0,0,0,0,0,0,0.132222,0,0,0,0,0,0,0,0,0,0,0,0,0,0,0,0,0,0,0,0,0,0,0,0,0,0,0,0,0,0,0,0,0,0,0.132222,0,0,0,0,0,0,0,0,0,1.77778,4.88889,9.02778,0
0.153478,0.124783,0.265435,0.00804348,0.295435,0.106304,0.0395652,0.230435,0.203696,0.299348,0.0923913,0.540435,0.148261,0.0695652,0.0623913,0.32413,0.210435,0.185652,1.49261,0.128696,0.707826,0.652609,0.261522,0.233478,0.461087,0.0893478,0.00586957,0.00543478,0.00326087,0.023913,0.0104348,0,0.0884783,0.00282609,0.0106522,0.118043,0.160217,0.00934783,0.0213043,0.0245652,0.0193478,0.00326087,0.0073913,0.0245652,0.0297826,0.0973913,0.0023913,0.0397826,0.0394565,0.123587,0.0373696,0.200739,0.163326,0.101739,5.77274,124.522,1677.87,0.543478
0.0589394,0.209545,0.37197,0,0.607727,0.131061,0.251364,0.136212,0.0709091,0.253182,0.0978788,0.711818,0.0834848,0,0.0577273,0.294848,0.296364,0.41,2.12576,0.420152,1.26561,0.178939,0.187121,0.132273,0.322727,0.147879,0.0559091,0.131212,0.0207576,0.125909,0.0207576,0.0207576,0.0242424,0.0207576,0.0348485,0.0509091,0.106515,0,0.125,0.0793939,0.0160606,0.035303,0.00545455,0,0.150606,0.0439394,0,0,0.00398485,0.120833,0.000984848,0.304182,0.0670455,0.0353939,5.70653,55.4848,149.136,0.666667
0,0,0,0,0,0,0,0,0,0,0,0,0,0,0,0.37037,0,0,0,0,0,0,0,0,0,0,20.987,0,0,0,0,0,0,0,0,0,0,0,0,0,0,0,0,0,0,0,0,0,0,0,0,0,0,0,1.16356,1.51852,5.13889,0
0.0974317,0.104754,0.221639,0.00737705,0.296885,0.0561749,0.100601,0.066612,0.032459,0.361202,0.0420765,0.612896,0.112022,0.00737705,0.022459,0.101202,0.0979781,0.121202,1.5606,0.0502186,0.547705,0.0031694,0.0381967,0.0651913,0.675902,0.439454,0.296995,0.350656,0.124645,0.177322,0.108907,0.085082,0.0853005,0.085082,0.174863,0.178579,0.198634,0.00546448,0.150765,0.0842077,0.0350273,0.0769399,0.110437,0.101639,0.261038,0.17459,0.0133333,0.0453005,0.0263497,0.186705,0.0141148,0.23194,0.0323934,0.0155902,2.16622,10.9016,81.0328,0.240437
0.100417,0.10875,0.294583,0,0.5475,0.161042,0.230625,0.0545833,0.09375,0.232917,0.102083,0.342292,0.176667,0.0358333,0.230208,0.56625,0.117708,0.2575,1.99521,0.115833,1.02563,0,0.171042,0.224583,0.117083,0.0525,0.074375,0.0554167,0,0.0308333,0,0,0.0772917,0,0.0416667,0.0464583,0.0545833,0,0.0714583,0.0829167,0.00541667,0.03375,0.0145833,0.0402083,0.264375,0.259792,0,0,0.0009375,0.0879583,0.0056875,0.273667,0.098875,0.415167,5.35002,59.3125,114.562,0.583333
0.110732,0.0813415,0.249268,0.029878,0.327317,0.0912195,0.138415,0.0757317,0.0137805,0.168537,0.0343902,0.420488,0.0723171,0.0219512,0.0256098,0.535976,0.156707,0.089878,1.87537,0.0136585,0.913415,0.0693902,0.188049,0.0918293,0.446585,0.284756,0.226829,0.127805,0.0632927,0.12061,0.0585366,0.0585366,0.0515854,0.075,0.125732,0.149756,0.0219512,0,0.119268,0.0680488,0.00402439,0.0195122,0.00780488,0.0268293,0.221098,0.0542683,0,0.0310976,0.0138293,0.15372,0.016122,0.465012,0.0757317,0.0352195,3.60971,32.1098,121.89,0.646341
0.0150575,0.0524713,0.276264,0,0.326322,0.041954,0.090977,0.0377586,0.00936782,0.17408,0.0125862,0.806782,0.0814368,0.13023,0,0.126724,0.0303448,0.17023,2.04149,0.0345977,0.511667,0,0,0.0614368,0.148908,0.0775862,0.407529,0.0587356,0.134885,0.0826437,0,0,0.0873563,0,0.0337931,0.0147126,0.0667816,0.0249425,0.102299,0.00551724,0.0689655,0.321437,0.0765517,0.109598,0.443506,0.199368,0,0.0387356,0.0126667,0.0929943,0.0191782,0.290368,0.00547701,0.000706897,1.60906,4.45402,17.8678,0.137931
0.106752,0.132735,0.249744,0.795385,0.394957,0.130427,0.0318803,0.123932,0.224957,0.148462,0.0691453,0.569573,0.124957,0.0321368,0.0186325,0.192222,0.25188,0.131795,1.68906,0.0982906,0.76906,0.453162,0.181624,0.124957,0.599402,0.132393,0.0750427,0.0230769,0.0376923,0.0244444,0.00982906,0.0178632,0.0416239,0.0110256,0.0276068,0.074188,0.116581,0.0462393,0.0222222,0.0311966,0.0212821,0.0395726,0.031453,0.00615385,0.0704274,0.052735,0.00752137,0.0221368,0.154393,0.122009,0.0107607,0.195222,0.103684,0.0542222,4.21847,44.2222,424.889,0.547009
0,0,0.0369444,0,0.0369444,0,0,0,0,0,0,0,0,0,0,0,0,0.275278,0,0,0.0369444,0,0,0,11.4319,2.95361,2.02889,2.30417,2.02889,2.30417,2.30417,2.02889,0,2.02889,2.30417,2.30417,0.0369444,0.111111,0.0369444,2.02889,0,0.111111,0,0,1.12139,0,0,0,0.0240278,0.565167,0.006,0.0505556,0,0,3.43781,13.0556,28.3056,0
0.161867,0.1224,0.281933,0,0.3828,0.0542667,0.0172667,0.0508667,0.0130667,0.147733,0.0064,0.622867,0.0646667,0.0513333,0,0.337,0.0294,0.209533,1.251,0.1392,0.5358,0,0.0141333,0.0718667,0.102933,0.0869333,0.3504,0,0.465867,0,0,0,0.286333,0,0.133333,0.00666667,0,0.0547333,0.0589333,0.0078,0.259067,0.780667,0.0238,0.0676667,0.450333,0.563467,0.0194667,0,0.01774,0.08288,0.00966,0.18372,0.00962,0,1.575,3.56,12.6667,0.0666667
0.095,0.117549,0.327451,0,0.19402,0.0586275,0.0858824,0.0660784,0.112059,0.213431,0.0418627,0.397451,0.103627,0.125294,0.0113725,0.458333,0.0453922,0.175882,1.87588,0,0.829804,0,0.06,0.0492157,1.00951,0.626667,0.502647,0.372255,0.301471,0.340882,0.363922,0.261373,0.0431373,0.261373,0.41549,0.319608,0.221863,0.00401961,0.159314,0.261373,0.0971569,0.252843,0.14598,0.213725,0.345098,0.34451,0,0,0.00528431,0.189431,0.0389804,0.206745,0.128461,0.0248039,2.4861,12.6569,38.3922,0.313725
0.0830457,0.0300508,0.214721,0.00675127,0.15533,0.0838579,0.077868,0.156497,0.0135025,0.161421,0.0237056,0.53802,0.104721,0.00116751,0.0448731,0.107259,0.118071,0.230152,1.49401,0.00675127,0.60797,0,0.0384772,0.0247716,0.833655,0.410406,0.242386,0.303858,0.0909645,0.171066,0.0801015,0.048731,0.258579,0.048731,0.204416,0.127411,0.284518,0.00954315,0.144569,0.0573604,0.0515228,0.113096,0.130406,0.143909,0.349746,0.268426,0.00436548,0.0398477,0.0174315,0.187497,0.0274619,0.204497,0.0583401,0.029736,2.14636,11.1168,66.4213,0.279188
0,0,0,0,0,0,0,0,0,0,0,0,0,0,0,0,0,0,4.05333,0,0,0,0,0,0,0,1.01,0,0,0,0,0,0,0,0,0,0,0,1.23444,0,0,0,0,0,14.0444,0,0,0,0,0.253889,0,4.63733,0,0,1.41056,2.66667,7.22222,0
0.101508,0.111061,0.270056,0,0.197877,0.0558659,0.132793,0.0712849,0.0180447,0.238883,0.0519553,0.643966,0.0800559,0,0.0343575,0.214134,0.0874302,0.193464,1.70128,0.0235754,0.577318,0,0.0620112,0.00698324,0.916201,0.407654,0.179385,0.243352,0.155363,0.268603,0.121564,0.0510056,0.209553,0.0510056,0.246145,0.118547,0.213128,0.00446927,0.111285,0.0778212,0.0260335,0.209553,0.0460894,0.0749162,0.217989,0.356648,0,0.0190503,0.0113966,0.143397,0.00586034,0.244989,0.0202626,0.167196,2.08443,9.83799,54.1173,0.256983
0.160141,0.0557042,0.227535,0,0.235775,0.0759859,0.0542254,0.06,0.0166901,0.103592,0.00478873,0.589296,0.104155,0.0226761,0.00464789,0.193873,0.0330282,0.160704,1.74556,0.0109859,0.537817,0,0.00992958,0.025493,0.311479,0.375352,0.25838,0,0.17669,0.0421127,0.00816901,0,0.0537324,0,0.00957746,0.060493,0.201549,0.0065493,0.0391549,0.00704225,0.0584507,0.264789,0.0109859,0.110211,0.376056,0.15507,0.0071831,0.0380282,0.0170211,0.113514,0.00744366,0.12738,0.0169859,0.0086338,1.5387,5.02817,34.1408,0.140845
0.4672,0.7208,0.7428,0.3664,0.3468,0.2716,0.0656,0.4024,0.4188,1.3644,0.0604,1.4292,0.1212,0.2716,0.3344,0.2872,0.1692,0.6348,2.064,0.3444,3.2556,0.0152,0.5196,0.2464,0,0,0,0,0,0,0,0,0.0132,0,0.0508,0.0168,0.0148,0,0,0,0,0,0.0076,0,0.0248,0,0,0,0.027,0.14768,0.06472,0.95372,0.17836,0.06036,39.2918,602.2,882.64,1
0.121032,0.0980159,0.27119,0.0996032,0.350794,0.104048,0.0684921,0.110556,0.205794,0.336032,0.0956349,0.771032,0.131111,0.083254,0.0543651,0.19619,0.163492,0.184127,1.5854,0.0738889,0.972222,0.591508,0.200079,0.10746,0.60254,0.182937,0.0169841,0.0238095,0.015873,0.0289683,0.00849206,0.00150794,0.105079,0.00642857,0.0279365,0.066746,0.126905,0.012619,0.0150794,0.00698413,0.0464286,0.0719048,0.00738095,0.0150794,0.0692857,0.235,0.0203175,0.0185714,0.0377937,0.140659,0.0177698,0.223365,0.0743651,0.080754,4.45874,58.9206,515.238,0.603175
0.096,0.008,0.196,0.008,0.092,0.118,0,0.058,0.058,0.188,0.074,0.082,0.072,0,0.038,0.088,0.078,0.076,0.608,0.008,0.242,1.906,0.138,0.11,0,0,0,0,0,0,0,0,0,0.028,0,0.008,0,0,0.016,0,0,0,0,0,0.038,0,0,0,0.4302,2.0094,0.009,0.3924,0.375,0.4024,57.5034,2297.8,10648.8,1
0,0.512571,0.249429,0,0.190571,0,0.449143,0,0,1.14857,0,0.537143,0.0902857,0.0814286,0,0.0785714,0,0.0814286,2.55029,0,0.741429,0,0,0.179143,0.134286,0.129143,0.598857,0.497714,0,0,0,0,0.142,0,0,0.0814286,0.383429,0,0.902857,0.118857,0.0365714,0,0.0537143,0.0674286,0.604,0,0,0,0.0732571,0.286,0,0.0936571,0.0571714,0.023,3.69751,22.7143,40.7429,0.342857
0.0562745,0.211569,0.34,0,0.695686,0.183137,1.12078,0.266078,0.232941,0.491765,0.241765,0.650196,0.0303922,0.0209804,0.0180392,0.495686,0.823529,0.298824,2.18118,0.212353,1.67961,0.0168627,0.111765,0.108235,0.0529412,0.0154902,0.129216,0.0390196,0.00980392,0.00490196,0.141961,0,0,0.00568627,0.0664706,0.0103922,0.101176,0,0.0578431,0.372549,0,0.00392157,0,0.0054902,0.17098,0,0,0.0196078,0.0095098,0.149353,0.0116471,0.406412,0.0851961,0.0433333,27.1243,208.529,369.843,0.72549
0.079404,0.063245,0.333377,0.00576159,0.30596,0.163311,0.0915894,0.131391,0.0836424,0.186026,0.0536424,0.484371,0.100927,0.0355629,0.0172848,0.254238,0.166093,0.154238,1.39219,0.140795,0.767351,0,0.119338,0.0876821,0.703907,0.410927,0.122318,0.122185,0.0778146,0.12106,0.043245,0.0286093,0.101192,0.0286093,0.0915232,0.0975497,0.241457,0.00456954,0.0712583,0.0629801,0.109603,0.017351,0.0709272,0.0394702,0.160662,0.244238,0.00721854,0.0465563,0.0499934,0.168669,0.0221854,0.139748,0.0777616,0.033106,2.53633,21.6887,192.272,0.437086
0.0786538,0.297308,0.451538,1.74327,0.816538,0.106538,0.583269,0.191538,0.0709615,0.228269,0.130192,0.501923,0.160577,0.0398077,0,0.696923,1.0675,0.334808,2.34981,0.421154,1.92154,0,0.0776923,0.160192,0.0109615,0.0109615,0,0,0,0,0,0,0.00519231,0,0,0.0192308,0.153462,0,0.0459615,0,0,0,0,0,0.0623077,0.0269231,0,0,0.00680769,0.120327,0.0163846,0.62125,0.195692,0.0364231,9.34392,140.192,234.538,0.942308
0.0180412,0,0.101237,0,0.129175,0.0354639,0,0.175155,0,0.0645361,0,0.269794,0,0.0802062,0,0.0954639,0,0,0.125052,0,0.401443,0,0,0,0.0447423,0,0.608247,0,0,0.0428866,0.128866,0,0.072268,0,0,0,0,0.0958763,0.0303093,0,0,0.240103,0,0.932474,1.43918,0.287423,0,0.188969,0.00428866,0.0975876,0.0572577,0.0364536,0,0,1.35985,2.34021,7.4433,0.0309278
0.30617,0.144894,0.280426,0.0917021,0.0723404,0.106809,0.0193617,0.139787,0.221064,0.399574,0.144681,0.630213,0.341064,0.652766,0.0255319,0.158936,0.276596,0.12,1.86936,0.0476596,0.868511,0.0334043,0.447021,0.28766,0.0951064,0.0604255,0.00510638,0.00148936,0.00212766,0.00382979,0,0,0.309362,0,0,0.0297872,0.176383,0.00148936,0.00659574,0.017234,0.0246809,0.00765957,0.00446809,0.0159574,0.0421277,0.0568085,0.00978723,0.0502128,0.0292553,0.115766,0.00757447,0.24734,0.329319,0.0877872,5.44715,185.447,3357.47,0.744681
0.151343,0.146716,0.826866,0.00283582,0.707612,0.520149,0.272836,0.136716,0.56597,0.458209,0.203284,0.601194,0.150746,0.0797015,0.967015,0.304776,0.11209,0.760149,1.5091,0.820448,0.926119,0.0862687,0.517612,0.144478,0.051194,0.00134328,0.021791,0.00716418,0,0.00865672,0,0,0.00313433,0.00567164,0.00432836,0,0.0129851,0,0,0.0401493,0,0,0.0835821,0.0119403,0.0447761,0.0364179,0,0,0.00285075,0.0761343,0.0011194,0.448209,0.160104,0.019791,108.883,790.104,1415.94,0.985075
0.124369,0.15301,0.389223,0.138932,0.297961,0.119612,0.088835,0.185922,0.42767,0.51534,0.123107,0.532718,0.128447,0.0634951,0.135728,0.270291,0.145631,0.371553,1.42854,0.176796,0.934078,0.91165,0.12466,0.198058,0.470777,0.150583,0.0302913,0.0246602,0.00553398,0.0266019,0.0197087,0.00184466,0.122816,0.00368932,0.124757,0.0316505,0.136505,0.00174757,0.0326214,0.0313592,0.00932039,0.0270874,0.00524272,0.0121359,0.0366019,0.0365049,0.00640777,0.0286408,0.0586214,0.106913,0.043534,0.362107,0.180175,0.104767,4.71909,77.699,971.097,0.68932
0.0834135,0.116731,0.293317,0.00389423,0.402788,0.215288,0.122067,0.10101,0.0466346,0.244327,0.0312019,0.572981,0.0816346,0.00923077,0.00466346,0.238654,0.131202,0.177837,1.50606,0.0118269,1.15856,0.00596154,0.109567,0.110721,0.63,0.359567,0.256731,0.157356,0.116875,0.135625,0.0807212,0.0760096,0.119712,0.0760096,0.128846,0.111346,0.200481,0.00110577,0.0960096,0.084375,0.0538462,0.0514904,0.11524,0.0198077,0.248077,0.0855769,0.0127885,0.0179327,0.031149,0.177159,0.0294663,0.1695,0.061375,0.0140817,2.43777,17.3846,153.202,0.451923
0.0215942,0.0213043,0.142754,0,0.257246,0.0544928,0.0321739,0.106232,0.0482609,0.126377,0,0.693768,0.0371014,0.0284058,0,0.237536,0.0482609,0.107101,1.99681,0,0.54,0,0.0976812,0.31087,0.273043,0.17942,0.144928,0.179565,0.218116,0.0691304,0.0681159,0,0.0517391,0,0.136377,0.0289855,0.0689855,0,0.14913,0.0321739,0.177971,0.341449,0.0421739,0.161449,0.632319,0.136522,0,0.0371014,0.083,0.109029,0.015942,0.389594,0.0531884,0.0612029,2.73029,11.7971,26.5072,0.391304
0.104628,0.0795868,0.298347,0.00826446,0.332314,0.147107,0.0857025,0.119174,0.0636364,0.192645,0.0861157,0.509256,0.0940496,0.0116529,0.000743802,0.276446,0.227025,0.254545,1.64388,0.129587,0.745124,0.371074,0.180579,0.0922314,0.499256,0.172314,0.0509091,0.0331405,0.0307438,0.0365289,0.0150413,0.0061157,0.0552893,0.0112397,0.0487603,0.0773554,0.149752,0.00157025,0.0102479,0.0266942,0.0218182,0.0319008,0.0307438,0.0109917,0.159256,0.233223,0,0.0246281,0.0879091,0.148645,0.0234545,0.279678,0.108421,0.0598264,3.88374,47.6694,282.116,0.561983
0.0498658,0.0413423,0.332752,0,0.273423,0.0387248,0.0248322,0.013557,0.0281879,0.0944295,0.0279195,0.864497,0.0718792,0.031745,0.0114094,0.122349,0.0300671,0.0887919,2.05309,0.00845638,0.444161,0,0,0.0178523,0.32255,0.314832,0.424631,0,0.107315,0.077047,0,0,0.076443,0,0.0148993,0.015302,0.171611,0.0165101,0.0840268,0,0.0487248,0.223087,0.00577181,0.135839,0.427248,0.166913,0,0.0687248,0.025745,0.16153,0.00671812,0.145081,0.00800671,0.00499329,1.54962,4.65101,25.2685,0.0604027
0.146512,0.224651,0.420698,0,0.533721,0.169535,0.348953,0.122326,0.0652326,0.411512,0.131395,0.687093,0.112442,0.074186,0.052907,0.364884,0.403023,0.284535,1.99791,0.171512,1.17872,0.0189535,0.305349,0.0772093,0.227209,0.0747674,0.0140698,0.123837,0.00697674,0.084186,0.0116279,0.00697674,0.240465,0.00697674,0.111279,0.102442,0.0794186,0.0181395,0.00651163,0.0827907,0,0.042093,0.00604651,0.0172093,0.147209,0.0617442,0,0,0.0133488,0.0960698,0.00117442,0.52464,0.112965,0.0164535,5.14323,75.3372,198.802,0.732558
0.172818,0.0822099,0.326298,0,0.472265,0.0974033,0.116188,0.140829,0.0451381,0.176685,0.0302762,0.509834,0.0816575,0.00403315,0.0235912,0.235304,0.17232,0.192707,1.66779,0.0387293,0.835967,0.00558011,0.121547,0.0368508,0.530387,0.397569,0.243702,0.199006,0.0977901,0.11547,0.0570718,0.0574033,0.089116,0.060663,0.144365,0.130884,0.175193,0.0039779,0.109171,0.0595028,0.0451381,0.0532044,0.105801,0.0718232,0.282099,0.159669,0.00154696,0.0564088,0.0229724,0.135812,0.0214696,0.28437,0.0773094,0.0199116,2.17658,14.6961,122.569,0.425414
0.0223077,0.088,0.138154,0,0.246769,0.0367692,0.217692,0.0452308,0.02,0.205846,0,0.472,0.177385,0.048,0,0.501538,0.052,0.303077,2.82892,0.179231,1.21338,0.0850769,0,0.05,0.254923,0.124,0.04,0.0230769,0,0,0,0,0,0,0.0230769,0.00984615,0,0,0,0,0,0.134769,0,0.0516923,0.384308,0.410462,0,0,0.0152615,0.0292,0,0.165538,0.0255385,0.0496923,5.01668,48.0769,82.6,0.415385
0.0533333,0.0347222,0.311667,0,0.119444,0.0495833,0,0,0.0251389,0.22625,0,0.0831944,0.0965278,0.152778,0,0.0513889,0,0.122639,4.98903,0,1.18056,0,0,0,0.167639,0.0365278,0.6275,0,0.0513889,0,0,0,0.170139,0,0,0,0,0,0.0602778,0,0,0,0,0.0288889,0.850833,0.847778,0.0301389,0.0661111,0.00566667,0.0871389,0.0150139,0.226361,0.00469444,0,1.24364,2.13889,8.63889,0.0833333
0.44338,0.10831,0.430282,0,0.25831,0.055493,0.171549,0.0784507,0.0261972,0.12493,0.370986,0.901831,0,0.0494366,0,0.27338,0.148873,0.114507,1.44296,0,2.98592,0,0,0.331972,0.162817,0.161268,0.106901,0.119296,0.0439437,0.0567606,0,0.0708451,0.0167606,0.0708451,0.0388732,0.0378873,0.232958,0,0.0532394,0,0,0.0777465,0,0.016338,0.0994366,0.139155,0,0.0342254,0.0171831,0.143042,0,0.536789,0.0761408,0.00267606,4.19487,25.5211,58.7465,0.549296
0.134724,0.137559,0.389213,0.022126,0.314882,0.0727559,0.109291,0.158583,0.112598,0.330709,0.0687402,0.494488,0.0972441,0.0402362,0.0629921,0.302362,0.220315,0.24748,1.64945,0.186142,0.962205,0.717874,0.151102,0.0804724,0.515354,0.223622,0.0833858,0.085748,0.0555118,0.0630709,0.0487402,0.0218898,0.0455906,0.0218898,0.0637795,0.0603937,0.177402,0.00685039,0.0403937,0.0694488,0.0255118,0.0461417,0.043937,0.0565354,0.135906,0.192205,0.0228346,0.0483465,0.264197,0.142921,0.0142913,0.313276,0.159945,0.171315,4.37238,54.6693,342.094,0.566929
0.101104,0.0496753,0.252662,0,0.266104,0.0708442,0.157403,0.0572727,0.00844156,0.174675,0.0500649,0.609805,0.0944156,0.0180519,0.0261688,0.228247,0.132792,0.0992857,1.70922,0.0202597,0.54013,0,0.063961,0.0542857,0.427078,0.243571,0.279675,0.112143,0.0759091,0.192013,0.0731818,0.0507143,0.167987,0.0507143,0.141883,0.135455,0.162468,0.00357143,0.170519,0.0581818,0.107208,0.177532,0.0353247,0.128442,0.248182,0.131558,0,0.0544156,0.0153831,0.128727,0.00987662,0.260584,0.0383831,0.00649351,1.75682,7.18831,44.526,0.207792
0.0928986,0.0873913,0.265942,0.277681,0.258841,0.0771014,0.065942,0.0634783,0.295217,0.362899,0.0817391,0.461304,0.134783,0.145797,0.093913,0.283913,0.0591304,0.246812,1.34826,0.248696,0.882464,0.87,0.0985507,0.0943478,0.372899,0.174783,0.0310145,0.0185507,0.00855072,0.016087,0.0324638,0.00130435,0.0776812,0.00130435,0.10058,0.0236232,0.166522,0.00057971,0.0166667,0.0389855,0.00971014,0.0353623,0.00869565,0.0111594,0.0413043,0.0491304,0.015942,0.0382609,0.0344928,0.153725,0.0202754,0.224087,0.127522,0.104116,6.15028,101.159,1231.72,0.594203
0.219062,0.405938,0.650312,0.0734375,0.365938,0.18125,0.319688,0.125625,0.314063,0.860625,0.215625,0.77125,0.14375,0.096875,0.270625,0.930625,0.3275,0.23875,1.85531,0.145,1.52562,0.0053125,0.193438,0.223438,0.299375,0.13875,0.0075,0,0,0.0228125,0,0,0.0421875,0,0.0225,0.0146875,0.12125,0.026875,0.0075,0.0228125,0,0.0228125,0.010625,0.0153125,0.110625,0.0446875,0,0.0240625,0.0094375,0.125656,0.00465625,0.753812,0.231156,0.0675,25.445,340.531,656.719,0.9375
0.314865,0.276757,0.336486,0.00351351,0.248919,0.0745946,0.0389189,0.149459,0.425676,0.528919,0.214054,0.579189,0.367838,0.723243,0.0859459,0.259189,0.332432,0.11027,2.41297,0.0359459,1.0927,0.0454054,0.393784,0.371622,0.0959459,0.0994595,0.00162162,0.000540541,0.000540541,0,0,0,0.123243,0,0.00189189,0.0321622,0.133784,0.00297297,0.00243243,0.0391892,0.00432432,0.00216216,0.00621622,0.00378378,0.0594595,0.0194595,0.00189189,0.0156757,0.0328378,0.100892,0.0108919,0.335595,0.430541,0.0987568,7.64754,346.757,2344.32,0.864865
0,0,0,0,0.401333,0.0326667,0,0,0,0,0,0.037,0,0,0,0.0716667,0,0.0854444,0.253556,0,0.0994444,0,0,0,0,0,0.0898889,0,0.0528889,0,0,0,0,0,0,0,0,0.0925556,0,0,0,0.457889,0,0,0.156333,0.371556,0,0,0.0075,0.118144,0.0453444,0.2708,0,0,1.08518,1.18889,3.74444,0.0555556
0,0,0,0,0.833333,0,0,0,0,0,0,0,0,0,0,0,0,0,0,0,0,0,0,0,8.33333,4.735,0,0,0,0,0,0,0,0,0,0.640833,0,0,0,0,0,1.2075,0,0.1125,0,0,0,0,0,0,0,0,0,0,1.41175,2.41667,6.16667,0
0.0796748,0.125447,0.325935,0.0097561,0.40122,0.105691,0.103902,0.139268,0.0515447,0.310569,0.0634146,0.514146,0.188211,0.0329268,0.087561,0.18252,0.137724,0.249512,1.43309,0.0592683,0.848211,0.191626,0.15,0.0782114,0.60626,0.306098,0.179268,0.128862,0.093252,0.115935,0.0863415,0.0661789,0.0848781,0.0661789,0.0843902,0.104472,0.188374,0.0129268,0.0879675,0.0866667,0.0155285,0.0401626,0.0761789,0.103008,0.126016,0.0570732,0,0.0230081,0.0389024,0.17348,0.0253902,0.177236,0.110707,0.0528293,3.04126,27.6016,242.041,0.528455
0.19156,0.110092,0.365413,0.00100917,0.32367,0.147523,0.0751376,0.196606,0.303486,0.288807,0.0922936,0.670092,0.0768807,0.104954,0.0742202,0.201651,0.334771,0.0776147,1.35954,0.204679,1.13642,0.288073,0.0855046,0.241927,0.872018,0.170275,0.0234862,0.0101835,0.00477064,0.0217431,0.0163303,0.00385321,0.103303,0.00486239,0.0163303,0.0622936,0.175596,0.0172477,0.0282569,0.0323853,0.0684404,0.103486,0.0142202,0.0144954,0.0498165,0.102752,0.00504587,0.0114679,0.110982,0.195092,0.0145872,0.277349,0.123615,0.0727706,4.15359,69.0917,616.761,0.53211
0.0908,0,0.0908,0,0,0,0,0,0,0.4444,0,0.364,0,0,0,0.3076,0,0,9.5864,0,1.0172,0,0,0.89,0.0724,0,0,0,0,0,0,0,0,0,0,0,0,0,0,0,0,0,0,0,1.6424,0.0848,0,0,0.02932,0.0304,0,0,0,0,1.05852,1.28,4.4,0.08
0.112273,0.102784,0.256193,0,0.38767,0.115568,0.136761,0.120114,0.0355682,0.244489,0.0857955,0.571875,0.06625,0.0297159,0.0772159,0.343466,0.115398,0.224716,1.76909,0.0290909,0.872045,0.0268182,0.0897159,0.0830114,0.713295,0.397216,0.24017,0.258864,0.0964205,0.146023,0.0697727,0.08625,0.0843182,0.08625,0.117216,0.173807,0.159091,0.0111932,0.118239,0.0710795,0.0461932,0.0469318,0.1175,0.131364,0.244602,0.274205,0.0131818,0.0166477,0.0253239,0.14246,0.0152727,0.182443,0.0560909,0.0519148,2.18389,12.1989,100.068,0.380682
0.0774157,0.091236,0.198427,0,0.222022,0.0370787,0.123034,0.413034,0.123483,0.14,0.0622472,0.269888,0.0116854,0.21,0.00707865,0.476629,0.195843,0.141124,1.20101,0.0342697,0.730337,0.0329213,0.212135,0.0691011,0.286966,0.262135,0.174944,0.0847191,0,0.0374157,0.0176404,0.0265169,0.0513483,0.0265169,0.0596629,0.11573,0.114045,0,0.0255056,0.0248315,0,0.00853933,0.0152809,0.021236,0.369326,0.0306742,0,0.0186517,0.00678652,0.150326,0.0108202,0.39991,0.117101,0.00685393,3.59352,25.9101,83.5169,0.741573
0.13027,0.20527,0.424324,0.578514,0.281892,0.116892,0.047027,0.109865,0.267703,0.307162,0.0694595,0.790811,0.207568,0.14,0.129054,0.145541,0.146351,0.182027,1.70027,0.146892,0.948649,0,0.12473,0.169324,0.711757,0.134459,0.0221622,0.0228378,0.0140541,0.0175676,0.0198649,0.00216216,0.0714865,0.00216216,0.0345946,0.0608108,0.0912162,0.00189189,0.0168919,0.0340541,0.00216216,0.100541,0.0344595,0.01,0.0254054,0.00162162,0,0.0208108,0.13827,0.131554,0.0183243,1.00588,0.249932,0.0201757,4.07796,61.6216,754.081,0.581081
0,0,0,0,0,0,0,0,0,0,0,0,0,0,0,0,0,0,1.14857,0,0,0,0,0,0.396786,0.51,10.9754,0,0,0,0,0,0,0,0,0,0,0,0,0,0,0.793571,0,0,0.237857,0,0,0.2975,0.0932857,0.125286,0,0.125607,0,0,1.47036,2.78571,8.25,0
