0.1062,0.137129,0.337238,0.228697,0.420386,0.127937,0.201568,0.142461,0.114258,0.272943,0.0932811,0.551267,0.119361,0.0360796,0.0396019,0.298806,0.311472,0.23661,1.70423,0.149578,0.971315,0.317286,0.156876,0.102147,0.480314,0.201496,0.087877,0.0752955,0.0432449,0.0619542,0.0422195,0.022304,0.0818215,0.0229554,0.063848,0.0763932,0.157551,0.0127262,0.0388299,0.0741858,0.0162967,0.032111,0.0393969,0.0340651,0.127153,0.106743,0.00587455,0.02462,0.0875296,0.144938,0.0169831,0.289754,0.111136,0.0680012,5.59082,59.8709,293.723,0.593486
0.12634,0.104902,0.292745,0.128693,0.288824,0.103268,0.075817,0.134314,0.338562,0.35366,0.0884314,0.507451,0.135752,0.0995425,0.075098,0.314902,0.120196,0.268627,1.50941,0.185033,0.879739,0.890131,0.161176,0.176732,0.37451,0.14098,0.0205882,0.0130065,0.0048366,0.0183007,0.0220261,0.000588235,0.0786275,0.00143791,0.099085,0.0523529,0.155425,0.00352941,0.0208497,0.0327451,0.0108497,0.0292157,0.00575163,0.0192157,0.0352941,0.0536601,0.0101961,0.0314379,0.0441438,0.12866,0.0407582,0.272301,0.174935,0.108556,5.67785,100.66,1346.12,0.607843
0.19,0,0.38,0,0,0.19,0,0,0,0,0.19,0.19,0,0,0,0.38,0,0.19,1.14,0,0.38,0,0,0,0,0,0,0,0,0,0,0,0,0,0,0,0,0,0,0,0,0,0,0,0,0,0,0,0.01,0.01,0,0,0,0.003,2.383,21,15841,1
0.195,0.5,0.4,0.095,0.58,0,0,0,0.39,0.19,0,0.2,0,0,0,0.1,0,0,0.195,0.19,0.39,0,0,0.2,0.095,0,0,0.095,0,0,0,0,0,0.19,0,0,0,0,0,0,0,0,0,0,0,0,0,0,0,0.035,0,0.4155,0.7295,0.015,1062,2123,2124,1
0,0,0,0.04,0,0,0,0,0,0,0,0,0,0,0,0.02,0,0,0.02,0,0,0,0,0,0,0,0,0,0,0,0,0,0,0,0,0,0,0,0,0,0,0,0,0,0,0,0,0,1.024,9.752,0.003,1.542,1.785,1.998,239.571,9989,10062,1
0.331667,0.214103,0.309231,0.0569231,0.135897,0.0875641,0.0257692,0.142436,0.328333,0.475128,0.183462,0.628077,0.372179,0.732564,0.0517949,0.166154,0.3,0.109103,2.18115,0.0367949,1.00397,0.0201282,0.439487,0.343974,0.0971795,0.0775641,0.00358974,0.00115385,0.00153846,0.00230769,0,0,0.242564,0,0.000897436,0.0251282,0.167692,0.00205128,0.00512821,0.0232051,0.0110256,0.00538462,0.00564103,0.0110256,0.05,0.0326923,0.00666667,0.0367949,0.0299103,0.109051,0.00685897,0.288154,0.395731,0.0901923,6.53592,265.474,2884.74,0.820513
0.0886871,0.243488,0.236564,0.00193991,0.280134,0.0723939,0.0953821,0.0834455,0.0293174,0.184647,0.0381156,0.512717,0.071953,0.0379719,0.0208818,0.232133,0.0844775,0.153717,1.67034,0.0381385,0.707505,0.0109438,0.0579295,0.0700588,0.587596,0.314696,1.12492,0.164095,0.135209,0.133325,0.0831744,0.0643762,0.101479,0.0650098,0.131417,0.115634,0.133416,0.0147387,0.103632,0.0709602,0.0559732,0.179428,0.0543599,0.106688,0.406653,0.222701,0.00479099,0.035663,0.0202195,0.135546,0.0159706,0.230593,0.0415673,0.0310428,2.27693,12.953,61.5251,0.273024
0.06,0.01,0.134,0,0.102,0.08,0,0.06,0.064,0.214,0.046,0.044,0.072,0.01,0.038,0.008,0.08,0.052,0.378,0.008,0.168,1.906,0.138,0.11,0,0,0,0,0,0,0,0,0.014,0.028,0,0.034,0,0,0.016,0.002,0.092,0,0,0.006,0.038,0.16,0.002,0.014,0.2378,0.1216,0.0384,0.0888,0.0404,0.007,10.3244,313.2,7727.6,0.6
0.219383,0.234691,0.814321,0.113086,0.62642,0.489383,0.236173,0.194321,0.577407,0.628765,0.189012,0.722593,0.160123,0.0974074,0.903086,0.289506,0.144938,0.815185,1.63605,0.817284,1.26259,0.0760494,0.54679,0.184938,0.04,0.00111111,0.0180247,0.00358025,0,0.00716049,0,0,0.00444444,0,0.0192593,0,0.0153086,0,0,0.0332099,0,0,0.0751852,0.00987654,0.037037,0.0301235,0,0,0.0091358,0.0849877,0.000925926,0.502506,0.148457,0.0269506,70.6927,721.963,1308.64,0.987654
0.148072,0.174884,0.387275,0.185013,0.316375,0.130206,0.0862982,0.162339,0.268972,0.427584,0.0967609,0.718406,0.127943,0.111183,0.104756,0.260206,0.2191,0.172468,1.49848,0.141799,1.12321,0.276761,0.144781,0.166401,0.674961,0.161131,0.020874,0.0179177,0.0112853,0.0258612,0.012545,0.00197943,0.0961697,0.00323907,0.0331105,0.053856,0.135964,0.0112082,0.0220823,0.0257069,0.0334961,0.0719023,0.0143445,0.0124165,0.0587661,0.110463,0.00879177,0.0238303,0.0795835,0.151591,0.0207815,0.473149,0.144707,0.0622648,7.08795,103.71,683.221,0.619537
