0.0708333,0.0341667,0.207143,0,0.415357,0.0911905,0.0532143,0.103095,0.0329762,0.169524,0.0405952,0.638452,0.0461905,0.0102381,0.126071,0.223571,0.0836905,0.100833,1.26643,0.005,0.691667,0.0383333,0.0885714,0.0646429,0.656548,0.397619,0.162619,0.307857,0.135,0.132024,0.0791667,0.050119,0.0586905,0.050119,0.133214,0.204762,0.184762,0.0190476,0.12381,0.0720238,0.065119,0.0739286,0.106548,0.144524,0.219643,0.269881,0,0.0170238,0.0349048,0.159369,0.0224048,0.126738,0.0684643,0.00960714,2.19295,10.6786,103.06,0.27381
0.12125,0.098125,0.47,0,0.4625,0.059375,0.205625,0.104375,0.1175,0.365625,0.054375,0.579375,0.21375,0.02,0.0525,0.52,0.305,0.519375,1.8625,0.06125,0.839375,0,0.503125,0.095625,0.546875,0.21375,0,0,0.03125,0.015625,0,0,0,0.03875,0.0125,0.0325,0.164375,0,0.0125,0,0,0.0125,0.025625,0,0.1175,0,0,0.075,0.033875,0.181,0.0035,0.480062,0.169688,0.038875,8.75337,152.938,516.25,0.6875
0.096875,0.148125,0.37,0.0120833,0.2475,0.107083,0.102917,0.154792,0.0472917,0.227708,0.09875,0.586875,0.0908333,0.0195833,0,0.403125,0.16625,0.398125,1.95813,0.143542,0.913125,0,0.145208,0.128125,0.146875,0.0885417,0,0.0372917,0,0.0458333,0,0,0,0.00625,0.06375,0.0477083,0.101458,0,0,0.0254167,0,0.00708333,0.0175,0,0.163125,0.495417,0,0.021875,0.0105,0.120333,0.00979167,0.354208,0.118729,0.0209583,4.20565,64.6875,277.083,0.604167
0.144179,0.211791,0.254925,0,0.389403,0.09,0.108209,0.089403,0.0292537,0.317015,0.0928358,1.00343,0.109403,0.0353731,0.0170149,0.286716,0.0892537,0.189403,1.96403,0.0104478,0.727463,0,0.0174627,0.0774627,0.549104,0.455821,0.167761,0.328657,0.0802985,0.132836,0.0946269,0.0698507,0.245373,0.0698507,0.0956716,0.189403,0.113134,0,0.079403,0.0574627,0.0168657,0.0361194,0.0456716,0.239552,0.0946269,0.0319403,0,0.0640299,0.00646269,0.151866,0.00631343,0.107896,0.0274179,0.0100896,1.86157,8.68657,89.4179,0.238806
0.083871,0.108387,0.488387,0,0.445161,0.158065,0.259355,0.129355,0.0506452,0.189355,0.0622581,0.704194,0.100323,0,0.0622581,0.102258,0.125806,0.473226,2.26839,0.266452,1.56968,0.380968,0.194194,0.178065,0.026129,0.0283871,0,0,0,0.0341935,0,0,0.148387,0,0.016129,0,0.0909677,0,0.0206452,0.101613,0.0341935,0.0354839,0.0283871,0,0.0887097,0.0448387,0,0.0219355,0.002,0.0527419,0.00209677,0.397935,0.103065,0.0574516,5.89487,59,163.484,0.645161
0.0860684,0.197436,0.273761,0,0.392393,0.183248,0.12453,0.0558974,0.0525641,0.258889,0.0403419,0.585812,0.0747863,0.00452991,0.00384615,0.201453,0.117949,0.191966,1.49675,0.027265,0.964274,0.0105983,0.0933333,0.0636752,0.638376,0.285812,0.292051,0.158034,0.132564,0.125641,0.0857265,0.0964103,0.133932,0.0964103,0.132479,0.112564,0.245641,0,0.131538,0.100171,0.0459829,0.0801709,0.143504,0.0245299,0.250171,0.112051,0.00581197,0.0294872,0.0263846,0.182026,0.0311538,0.200282,0.0661026,0.0184615,2.7905,20.1795,160.932,0.444444
0.034,0.096,0.24775,0,0.081,0.05275,0.1325,0.12275,0.19875,0.17525,0.0415,0.30375,0,0.105,0,0.86825,0.154,0.22075,1.54875,0.04,1.3055,0.09675,0.149,0.077,0.3565,0.36075,0.15325,0.05675,0,0.01925,0.03925,0,0.09575,0,0.07625,0.08975,0.02,0,0,0.0395,0,0.07025,0,0,0.21275,0,0,0,0.01175,0.100075,0.0123,0.58875,0.070375,0.0583,4.61677,32.8,89.55,0.775
0.115072,0.185797,0.393768,0,0.390435,0.0978261,0.333478,0.118116,0.0572464,0.348841,0.158261,0.464638,0.193768,0.0575362,0.0514493,0.344203,0.183188,0.296377,2.00739,0.115217,0.97,0.0236232,0.274058,0.0823188,0.266522,0.0966667,0.0175362,0.154348,0.00869565,0.0908696,0.0176812,0.00869565,0.244638,0.00869565,0.131884,0.0966667,0.126087,0,0.00811594,0.0915942,0.00449275,0.0524638,0,0.0214493,0.117826,0.0818841,0,0.00594203,0.017,0.090913,0.00146377,0.449681,0.114913,0.0161159,4.77959,61.942,192.899,0.666667
0.139846,0.103692,0.325077,0.00246154,0.309846,0.104462,0.102462,0.123846,0.477077,0.464308,0.1,0.540308,0.154923,0.161538,0.0583077,0.312462,0.0730769,0.382,1.60908,0.222154,1.068,0.856923,0.103538,0.205385,0.323846,0.138,0.0323077,0.01,0.00138462,0.0141538,0.0283077,0.00138462,0.0853846,0.00138462,0.140308,0.0203077,0.164615,0.000769231,0.0163077,0.0412308,0.0101538,0.0409231,0.00830769,0.0190769,0.0336923,0.0390769,0.0204615,0.0386154,0.0519231,0.109862,0.0544615,0.376708,0.230738,0.0943231,5.59937,89.3538,1084.65,0.661538
0.0761798,0.0647191,0.327079,0,0.310674,0.186854,0.100112,0.163596,0.057191,0.145955,0.0577528,0.497416,0.091236,0.042809,0.0235955,0.258764,0.164045,0.19764,1.35213,0.179213,0.852584,0,0.16618,0.0906742,0.730899,0.463933,0.123933,0.145169,0.101011,0.116629,0.0464045,0.0279775,0.0596629,0.0279775,0.117978,0.094382,0.188764,0.00775281,0.0768539,0.0542697,0.179213,0.0188764,0.0729213,0.0359551,0.168539,0.33764,0,0.0467416,0.0752135,0.146933,0.021618,0.133371,0.0853258,0.0306629,2.30792,18.0337,185.157,0.41573
0.0792857,0.08,0.205,0.00428571,0.259286,0.117143,0.0478571,0.185,0.0728571,0.204286,0.0578571,0.401429,0.132143,0.0692857,0.0428571,0.473571,0.257857,0.188571,1.18857,0.0878571,0.495714,0.185714,0.180714,0.127143,1.03,0.0742857,0.00642857,0.00142857,0.00857143,0.0278571,0,0,0.199286,0,0.0171429,0.135714,0.143571,0.00142857,0.02,0.0557143,0.0507143,0.0121429,0.0107143,0.0485714,0.0385714,0.200714,0.00357143,0.0671429,0.0193571,0.109214,0.0348571,0.233571,0.0871429,0.0802143,5.28636,121.857,1976.79,0.428571
0.305217,0.146304,0.278913,0.0936957,0.0663043,0.10913,0.0197826,0.131522,0.212609,0.37,0.14413,0.638261,0.331304,0.666957,0.0204348,0.162391,0.267391,0.115,1.85261,0.0486957,0.843261,0.0341304,0.443478,0.278696,0.0971739,0.0617391,0.00521739,0.00152174,0.00217391,0.00391304,0,0,0.316087,0,0,0.0286957,0.180217,0.00152174,0.005,0.013913,0.0252174,0.00782609,0.00456522,0.0163043,0.0393478,0.0580435,0.01,0.0513043,0.0298913,0.116522,0.00773913,0.24063,0.334978,0.0894565,5.14743,164.043,3362.72,0.73913
0,0,0,0,0,0,0,0,0,0,0,0,0,0,0,0,0,0,0,0,0,0,0,0,0.462917,0.595,14.7937,0,0,0,0,0,0,0,0,0,0,0,0,0,0,0.925833,0,0,0.2775,0,0,0,0,0.146167,0,0.047875,0,0,1.45688,2.54167,7.08333,0
0,0,0.040303,0,0.040303,0,0,0,0,0,0,0,0,0,0,0,0,0.300303,0,0,0.040303,0,0,0,11.8382,2.90576,1.89697,2.19727,1.89697,2.19727,2.19727,1.89697,0,1.89697,2.19727,2.19727,0.040303,0.121212,0.040303,1.89697,0,0.121212,0,0,1.22333,0,0,0,0.0262121,0.527212,0.00654545,0.0551515,0,0,3.46976,13.2424,27.8182,0
0.116,0.0545714,0.222857,0,0.315429,0.138,0.0411429,0.143429,0.056,0.164571,0.0834286,0.476857,0.140286,0.0611429,0.0128571,0.084,0.198,0.165429,1.01143,0.132,0.545143,0.296,0.186571,0.0705714,0.646571,0.337143,0.160857,0.211429,0.101714,0.109143,0.0505714,0.0505714,0.0585714,0.0505714,0.0931429,0.126571,0.168571,0.0468571,0.094,0.0911429,0.0868571,0.157143,0.0494286,0.00571429,0.115429,0.171429,0.0431429,0.0637143,0.151086,0.185886,0.0227429,0.125286,0.0581143,0.0742,2.81343,26.6286,381.4,0.371429
0,0,0,0,0,0,0,0,0,0,0,0,0,0,0,0,0,0,0,0,0,0,0,0,0,0,0,0,0,0,0,0,0,0,0,0,0,0,0,0,0,0,0,15.83,0,0,0,0,0,0,0,0,0,0,1.475,2.5,5.25,0
0.251915,0.0291489,0.265319,0,0.147447,0.170426,0,0,0.02,0.150213,0,0.403617,0.0959574,0.0497872,0,0.0993617,0.0487234,0.0797872,1.0166,0.0142553,0.418936,0,0,0.0170213,0.14617,0.0838298,0.23766,0,0.0682979,0.033617,0,0,0.117447,0,0,0.0814894,0.077234,0,0,0.0212766,0.104255,0.0489362,0,0.229787,0.521702,0.254043,0.0217021,0,0.0282553,0.117,0.0151915,0.131936,0.0126383,0.00646808,1.38132,3.65957,33.2553,0.148936
0.12475,0.452,0.33,1.773,0.93875,0.14825,0.69275,0.1565,0.0595,0.38525,0.04375,0.65175,0.17475,0.084,0,0.74875,1.575,0.245,2.07975,0.281,1.83075,0,0.01975,0.144,0,0,0,0,0,0.02425,0,0,0,0,0,0.0535,0.1165,0.039,0,0.0085,0,0,0,0,0.0085,0,0,0,0,0.116675,0,0.728525,0.214775,0.0331,9.17465,135.975,193.15,0.925
0.0313636,0.0545455,0.256364,0,0.238409,0.0190909,0.0290909,0.0132955,0.0394318,0.113182,0.0248864,0.853523,0.0677273,0.0273864,0,0.0889773,0.0509091,0.118068,1.4983,0.0143182,0.305455,0,0,0.0238636,0.302614,0.208409,0.43,0,0.0702273,0.0569318,0,0,0.0831818,0,0,0,0.178182,0,0.0645455,0,0.0297727,0.1075,0.03,0.156591,0.537841,0.222386,0,0.0420455,0.0321818,0.163659,0,0.168557,0.0121364,0.00139773,1.53834,4.375,23.6364,0.0681818
0.0905455,0.0545455,0.199091,0.136545,0.566364,0.155091,0.0523636,0.132182,0.115091,0.133273,0.0658182,0.611273,0.171455,0.0527273,0.00872727,0.124,0.342364,0.108727,1.97691,0.0641818,0.661455,0.775636,0.259273,0.0478182,0.874545,0.220727,0.046,0.0316364,0.0498182,0.0370909,0.0172727,0.0172727,0.0667273,0.0172727,0.0509091,0.088,0.13,0.0385455,0.0170909,0.0198182,0.00690909,0.0390909,0.0394545,0.00236364,0.0714545,0.0247273,0.016,0.0276364,0.227364,0.0976182,0.0110182,0.101,0.0923091,0.0668364,2.9216,28.1091,436.073,0.527273
0.0416129,0.109839,0.577258,0,0.230968,0.0229032,0.153387,0.0585484,0.0120968,0.253226,0.0491935,0.914032,0.0824194,0.0458065,0,0.299194,0.0851613,0.305,4.32048,0.0612903,0.907419,0,0,0.0258065,0.0575806,0.051129,0.374355,0,0.0575806,0.111129,0,0,0,0,0,0.0396774,0.101129,0.0145161,0.0159677,0.0154839,0,0.0920968,0.0730645,0.0290323,0.459839,0.161935,0,0.0146774,0.0232581,0.0683065,0,0.147952,0.015371,0,1.34811,3.37097,18.871,0.209677
0,0,0,0,0,0,0,0,0,0,0,0,0,0,0,0.40404,0,0,0,0,0,0,0,0,0,0,21.3467,0,0,0,0,0,0,0,0,0,0,0,0,0,0,0,0,0,0,0,0,0,0,0,0,0,0,0,1.14561,1.46465,5.06061,0
0.546667,0.69381,0.847143,0,0.305714,0.234762,0.0319048,0.456667,0.417619,1.49,0.0428571,1.62286,0.135238,0.323333,0.398095,0.341905,0.0666667,0.717619,2.05857,0.369524,3.55143,0.0180952,0.457619,0.264286,0,0,0,0,0,0,0,0,0.0157143,0,0.0604762,0,0.017619,0,0,0,0,0,0,0,0,0,0,0,0.00771429,0.160238,0,1.08124,0.179667,0.0672857,43.2083,628.19,852.667,1
0,0,0,0,0,0,0,0,0,0.853333,0,0.143333,0.161667,0,0.426667,0,0,0,0.288333,0,0.143333,0,0,0,7.89667,3.865,0.305,0.305,0.305,0.305,0.305,0.305,0.853333,0.305,0.305,0.305,0.898333,0,0,0.305,0,0.166667,0.731667,0,0.466667,0,0,0.166667,0.0571667,0.159,0.140167,0.0221667,0,0,2.96917,15.1667,69.3333,0
0.205055,0.201758,0.345165,0,0.304945,0.0316484,0.0284615,0.0838462,0.0215385,0.20022,0.0105495,0.464615,0.106593,0.0195604,0,0.192637,0.0171429,0.270549,1.84297,0.0296703,0.882527,0,0.0232967,0.118462,0.124396,0.098022,0.388242,0,0.0591209,0,0,0,0.113077,0,0,0.0195604,0,0.0813187,0.0918681,0.0128571,0.0254945,0.269121,0.0392308,0.0761538,0.41989,0.222308,0.0320879,0,0.0318571,0.103824,0,0.442044,0,0,1.31171,2.93407,13.7143,0.0989011
0.0815385,0.110192,0.320769,0,0.242115,0.09,0.253654,0.0559615,0,0.146731,0.0798077,0.656346,0.147115,0,0.0348077,0.290577,0.0753846,0.171731,1.95423,0,0.733077,0,0.132115,0,0.155192,0.0690385,0.201154,0,0.130769,0.0263462,0.0107692,0,0.129423,0,0.00980769,0.0417308,0.0626923,0.0153846,0.0417308,0,0,0.136346,0.0438462,0.0948077,0.258462,0.0784615,0,0.0353846,0.0248077,0.145019,0,0.186538,0.0354231,0.0234808,1.61315,5.30769,53.9038,0.269231
0.055625,0.0478125,0.227188,0,0.31375,0.0834375,0.0865625,0.0503125,0.01125,0.078125,0.0834375,0.527188,0.194688,0,0.03875,0.03625,0.163438,0.223438,1.93625,0,0.575937,0,0,0.0125,0.36875,0.111562,0.110625,0,0.0603125,0.08625,0,0,0.355,0,0.01875,0.076875,0.0940625,0,0,0,0.010625,0.0846875,0.0209375,0.279375,0.124375,0.0390625,0,0,0.0190938,0.176156,0.0103437,0.329438,0,0,1.49481,5.53125,68.9375,0.25
0,0.0783333,0.261667,0,0.775,0.0466667,1.85667,0.9025,0.9025,1.0275,0.9025,0.506667,0,0.0891667,0,1.10583,2.5125,0.075,1.47083,0.9025,3.05333,0,0.2925,0.0891667,0,0,0,0,0,0,0,0,0,0,0,0,0.3675,0,0.0891667,0,0,0,0,0,0,0,0,0,0,0.0720833,0,0.73125,0.115417,0.0831667,70.9209,286.917,312.25,1
0.0545833,0.118542,0.319167,0,0.699167,0.119583,0.234792,0.163333,0.0895833,0.206042,0.112917,0.718125,0.05,0,0.258333,0.3375,0.402292,0.32875,1.92021,0.514375,1.15375,0,0.296042,0.0804167,0.44375,0.195833,0.076875,0.180417,0.0285417,0.151042,0.0285417,0.0285417,0.0145833,0.0285417,0.054375,0.07,0.128333,0,0.213125,0.098125,0,0.059375,0,0,0.175417,0.0595833,0,0.006875,0.0041875,0.175479,0,0.216771,0.0815208,0.013625,4.95804,56.8125,138.25,0.625
0.157826,0.0352174,0.0776087,0,0.209348,0.035,0.246522,0.121087,0.0404348,0.175435,0.0826087,0.286957,0.0263043,0.0258696,0.0304348,0.206087,0.0732609,0.10587,1.22696,0,0.73413,0,0,0.0586957,0.402826,0.224348,0.0963043,0.49413,0.116087,0,0,0.0152174,0.14413,0.0152174,0.260435,0.0584783,0.395652,0,0.0706522,0,0.0408696,0.116087,0.041087,0.0202174,0.441304,0.458913,0,0,0.0265217,0.264196,0.00641304,0.314478,0.102391,0,3.22735,19.8261,64.8043,0.565217
0.0145833,0.0629167,0.187083,0,0.281875,0.0402083,0.246667,0,0.0114583,0.215,0,0.418333,0.221458,0.065,0,0.498333,0.025625,0.27625,3.08208,0.242708,1.12812,0.0539583,0,0.0677083,0,0.0845833,0.0541667,0,0,0,0,0,0,0,0,0.0133333,0,0,0,0,0,0.123958,0,0.07,0.415417,0.531875,0,0,0.010875,0.0324792,0,0.142708,0.0191667,0.0187083,4.37519,49.7292,80.6875,0.354167
0.096,0.008,0.196,0.008,0.092,0.118,0,0.058,0.058,0.188,0.074,0.082,0.072,0,0.038,0.088,0.078,0.076,0.608,0.008,0.242,1.906,0.138,0.11,0,0,0,0,0,0,0,0,0,0.028,0,0.008,0,0,0.016,0,0,0,0,0,0.038,0,0,0,0.4302,2.0094,0.009,0.3924,0.375,0.4024,57.5034,2297.8,10648.8,1
0.112632,0.190702,0.695614,0.160702,0.657018,0.614737,0.318421,0.165439,0.581754,0.438947,0.24386,0.722105,0.174737,0.0936842,1.13667,0.326842,0.181404,0.873333,1.75509,0.884912,1.03561,0.101404,0.608421,0.165439,0.00157895,0.00157895,0,0,0,0,0,0,0.00631579,0,0.00508772,0,0.00508772,0,0,0.047193,0,0,0.106842,0.0140351,0.0526316,0.042807,0,0,0.0101404,0.0935965,0.00131579,0.378596,0.153649,0.0242982,12.3067,642.561,1402.19,1
0.135,0.128889,0.265,0.171944,0.357222,0.0908333,0.0730556,0.107639,0.236667,0.324306,0.128333,0.773611,0.0986111,0.0486111,0.0683333,0.190278,0.1625,0.188611,1.40833,0.0808333,0.733889,1.03278,0.13875,0.164583,0.554306,0.205139,0.0238889,0.0416667,0.0179167,0.0402778,0.0126389,0.0156944,0.116528,0.00458333,0.045,0.0808333,0.11625,0.0172222,0.0183333,0.00986111,0.0361111,0.06375,0.00569444,0.0169444,0.0425,0.111389,0.0318056,0.02625,0.042375,0.146042,0.0152639,0.186708,0.0646944,0.118722,3.97431,44.3194,492.486,0.583333
0.156667,0,0.329487,0,0.0984615,0.166923,0,0,0,0.505128,0,0,0,0.0753846,0,0.457436,0,0,5.03179,0,0.773846,0,0,0,0.0464103,0,0.181026,0,0,0,0,0,0,0,0,0,0,0,0.111282,0,0,0,0,0.08,0.491795,0.932308,0,0,0.0323077,0.0790769,0,0.0930513,0,0,1.07626,1.20513,5.23077,0.0769231
0,0,0,0,0.859167,0,0,0,0,0,0,2.31667,0,0,0,0,0,0,0,0,0,0,0,0,1.29667,1.29667,0,0,6.01583,0,0,0,0,0,0,0,0,0,0,0,0,9.02167,0,0,0,0,0,0,0,0,0,0.142,0,0,1.38375,3.08333,11.5,0
0,0,0.0536735,0,0,0,0,0,0,0,0,0.0536735,0,0,0,0,0,0,0.119388,0,0,0,0,0,1.58939,1.02776,0.0536735,0,0,0,0.255102,0,0,0,0,0.156939,0,0,0,0,0,0.110204,0,0.027551,0,0,0,0.306122,0,0.0381429,0.113347,0,0,0,1.70294,3.36735,7.06122,0
0.150556,0.237222,0.576944,0.0627778,0.369722,0.117222,0.169444,0.191667,0.237778,0.561944,0.146944,0.545278,0.118333,0.0105556,0.187778,0.576667,0.315,0.399444,2.1175,0.291111,1.40306,0.78,0.229444,0.117222,0.236944,0.0738889,0.0147222,0.0402778,0.0102778,0.0102778,0.0297222,0.0102778,0.0163889,0.0102778,0.0491667,0.0102778,0.0708333,0.0241667,0.02,0.0861111,0,0.0566667,0.0102778,0.0255556,0.0938889,0.00527778,0,0.0186111,0.351778,0.137278,0.00155556,0.484694,0.0963333,0.39625,4.66381,52.2778,353.75,0.75
0.0724194,0,0.231935,0,0.232903,0.0216129,0.0183871,0.0137097,0,0.0343548,0.0179032,1.08177,0.0545161,0.0374194,0,0.0316129,0,0.03,1.10968,0,0.498226,0,0,0.0267742,0.525806,0.913548,0.204839,0,0.274839,0.0524194,0.0187097,0,0.105,0,0,0.0272581,0.304032,0.0396774,0.0182258,0,0.0325806,0.59629,0.0251613,0.143387,0.266935,0.0712903,0,0.0596774,0.0209839,0.160855,0.0161452,0.0896774,0.00916129,0.0212097,1.74763,6.03226,28.3065,0.0483871
0,0,0,0,0.134872,0,0.11641,0.045641,0,0.26,0,1.02897,0,0.25641,0,0.427179,0,0,0.541282,0,0.0710256,0,0,0.233077,0,0,0.407179,0.150769,0,0.150769,0,0,0.528462,0,0.66359,0,0.045641,0,0.102564,0,0.934359,0.0623077,0.0915385,0.0825641,0,1.65692,0,0.0853846,0,0.104795,0.0673077,0.279795,0,0,2.8761,8.23077,14.5897,0.0512821
0.179474,0.124737,0.338421,0,0.42,0.144211,0.0542105,0.167895,0.212105,0.435263,0.101053,0.667368,0.222632,0.0463158,0.0684211,0.416316,0.224211,0.191579,2.16053,0.0494737,1.05579,0.786842,0.359474,0.25,0.199474,0.122632,0.00736842,0.00631579,0,0.00421053,0.00631579,0,0.0378947,0.00684211,0.00631579,0.0878947,0.108947,0,0.0415789,0.0194737,0,0,0,0.0142105,0.0278947,0.0278947,0,0.0226316,0.0424737,0.115842,0.0202105,0.310579,0.225526,0.145947,7.08926,162.895,1471.11,0.736842
0.0788,0.0657,0.3236,0.0081,0.3865,0.2577,0.1133,0.1487,0.0307,0.2421,0.0165,0.5409,0.1151,0.0139,0.0054,0.2555,0.1234,0.156,1.4877,0.0037,1.2984,0,0.1202,0.1615,0.6364,0.4604,0.1757,0.1404,0.0738,0.1513,0.0611,0.0419,0.0832,0.0388,0.1142,0.0967,0.1352,0.0023,0.0502,0.0448,0.0582,0.008,0.0681,0.0113,0.246,0.0793,0.0198,0.0028,0.0385,0.15161,0.02259,0.12588,0.06301,0.00955,2.01285,12.93,142.28,0.46
0,0,0,0,0.42,0,0,0.653529,0,0,0,0,0,0,0,0,0,0,1.61118,0,0.653529,0,0,0,0,0,0,0,0,0,0,0,0,0,0,0,0,0,0.653529,0,0,0,0,0,10.7018,0.452353,0,0,0,0.18,0,2.45506,0,0,1.32535,2.47059,6.88235,0.0588235
0,0,0.46,0,7.04857,0,0,0,0,0,0,0,0,0,0,0,0,0,0,0,0.46,0,0,0,1.42857,0,0,0,0.68,0,0,0,0,0,0,0,0,2.11143,0,0,0,2.79143,0,0,0,0,0,0,0,0.084,0,0,0,0,1.119,1.28571,4.28571,0.142857
0.06625,0.07475,0.19825,0.01375,0.23375,0.05375,0.06575,0.179,0.02875,0.3325,0.02475,0.5285,0.066,0.06775,0,0.06075,0.132,0.037,1.12125,0.06425,0.445,1.0915,0.0855,0.02825,0.9585,0.34425,0.1365,0.052,0.07,0.062,0.08875,0.021,0.107,0.021,0.02675,0.0805,0.323,0,0.03375,0.04425,0.05775,0.00825,0.049,0.1445,0.08125,0.53475,0,0.0125,0.5654,0.18295,0.01725,0.090925,0.04205,0.081025,3.49973,28.55,328.375,0.3
0.118033,0.162951,0.296557,0,0.34377,0.113279,0.254754,0.140492,0.0318033,0.257869,0.0839344,0.259672,0.0311475,0.0704918,0.035082,0.432295,0.129344,0.331803,2.04279,0.0719672,0.941148,0.0245902,0.103279,0.0911475,0.857705,0.441803,0.414262,0.269508,0.07,0.158852,0.07,0.186557,0.0637705,0.186557,0.156721,0.123115,0.163279,0,0.156557,0.07,0.0390164,0.0570492,0.148852,0.0483607,0.33459,0.478525,0.0380328,0.0145902,0.0215902,0.146328,0.0133443,0.280295,0.0332951,0.136033,2.33531,16.2951,94.7377,0.459016
0.121648,0.0752747,0.316923,0.00307692,0.244066,0.102637,0.0365934,0.158352,0.183626,0.214396,0.0710989,0.762198,0.110549,0.0932967,0.0176923,0.160879,0.207033,0.0693407,1.41923,0.118242,1.25484,0.00186813,0.135165,0.108791,0.980659,0.155714,0.0145055,0.00186813,0.0089011,0.0171429,0.0106593,0,0.11033,0.00120879,0.00978022,0.067033,0.188571,0.0206593,0.0267033,0.0150549,0.0975824,0.0582418,0.00263736,0.0194505,0.0662637,0.304505,0.00296703,0.010989,0.0653736,0.17922,0.0200659,0.231626,0.0626484,0.062956,3.6977,53.4396,562.176,0.56044
0.28058,0.0775362,0.3,0,0.7,0.0250725,0.144493,0.0810145,0.0137681,0.0884058,0.0243478,0.490435,0.0342029,0.0366667,0.0124638,0.498986,0.28971,0.187391,2.37667,0.00637681,1.35319,0,0.217246,0.0857971,0.0897101,0.0273913,0.0828985,0.0537681,0.0073913,0.0297101,0.0073913,0.0165217,0.00637681,0.0165217,0.0482609,0.0978261,0.0291304,0,0.024058,0.0121739,0,0.046087,0.00927536,0.0318841,0.26971,0.0386957,0,0.0413043,0.010971,0.105058,0.0053913,0.459565,0.168913,0.00598551,3.04341,24.8116,113.609,0.84058
0.188235,0.132941,0.152353,0,0.769412,0.231176,0.431765,0,0.126471,0.5,0.25,0.331176,0.276471,0,0,1.20588,0.08,0.227647,1.85353,0,0.789412,0,0,0.518824,0.07,0.07,0.21,0,0,0.0364706,0,0,0.218235,0,0.07,0.0529412,0.08,0,0,0.08,0.0152941,0,0.0411765,0.113529,0.131176,0.0717647,0,0,0,0.0264706,0,0.616588,0.0709412,1.16641,7.98318,70.1176,109.529,0.764706
0.286364,0.265,0.351818,0.00590909,0.257727,0.0659091,0.0472727,0.101818,0.439091,0.479545,0.210455,0.592273,0.318636,0.701364,0.0990909,0.155909,0.261364,0.0831818,2.27273,0.0245455,1.06,0,0.305,0.336364,0.141364,0.145909,0.00181818,0.000909091,0.000909091,0,0,0,0.202273,0,0.000454545,0.0204545,0.217727,0.00409091,0,0.00363636,0.00727273,0.00272727,0.0104545,0.00636364,0.0627273,0.0309091,0.00318182,0.0263636,0.0381364,0.115591,0.0149545,0.288909,0.417136,0.0789545,5.41023,148,2346.18,0.818182
0,0.0386842,0.140263,0,0.278947,0.0197368,0.0584211,0.105263,0.0423684,0.229474,0,0.732105,0,0,0,0.105263,0,0.141842,2.58658,0,0.0960526,0,0,0.564474,0.256053,0.182895,0.220263,0.290263,0.149737,0.157632,0,0,0.0197368,0,0.253421,0,0.0486842,0,0.0847368,0.0584211,0.131579,0.283158,0,0,0.289474,0.0571053,0,0.0194737,0.109184,0.151237,0,0.450079,0.0115526,0.0295263,2.77574,10.8421,22.8947,0.394737
0.062439,0.142073,0.285854,0.0146341,0.335244,0.127561,0.115854,0.103049,0.0623171,0.263171,0.0387805,0.517317,0.220854,0.0457317,0.124268,0.103293,0.123902,0.290976,1.38512,0.0590244,0.734634,0.500854,0.141341,0.0668293,0.728293,0.329756,0.210244,0.136341,0.120854,0.124878,0.0634146,0.0767073,0.0919512,0.0806098,0.0796341,0.111463,0.158902,0,0.0759756,0.0958537,0.0170732,0.0415854,0.0821951,0.0358537,0.119634,0.0665854,0,0.0139024,0.0990854,0.186805,0.0345244,0.151244,0.121878,0.0623537,3.13278,25.4268,251.915,0.52439
0.177143,0.149143,0.261714,0,0.241,0.0327143,0.121143,0.057,0.0414286,0.217714,0.0327143,0.596714,0.054,0,0.0115714,0.210143,0.0984286,0.271143,1.73471,0.0184286,0.756143,0,0.032,0.0178571,0.806857,0.418143,0.164857,0.368286,0.0161429,0.233143,0.0722857,0,0.283429,0,0.316571,0.0644286,0.208,0,0.0315714,0.0685714,0.0288571,0.222143,0.0342857,0.0191429,0.214429,0.426286,0,0.00585714,0.0154,0.141214,0.00748571,0.186771,0.0356857,0.0337143,2.27171,12.1429,56.5429,0.328571
0.622927,0.148049,0.682195,0,0.181707,0.0504878,0.0434146,0,0,0.0792683,0.536585,1.35951,0,0.0565854,0,0.238537,0.0282927,0.0531707,1.4222,0,4.4561,0,0,0.509024,0.108049,0.105366,0.147073,0.0565854,0,0.0982927,0,0.122683,0,0.122683,0.0292683,0,0.0392683,0,0.0553659,0,0,0.0585366,0,0.0282927,0.0636585,0.0282927,0,0,0,0.0778293,0,0.178317,0.0807073,0.00463415,4.51507,26.5366,54.6585,0.463415
0.11375,0.0957143,0.336607,0,0.315893,0.105714,0.275714,0.0353571,0,0.175893,0.0680357,0.56375,0.0444643,0.02875,0.04,0.129643,0.243571,0.0391071,1.87393,0.00803571,0.494821,0,0.153036,0.0898214,0.119821,0.0667857,0.254107,0,0,0.0444643,0.0230357,0,0.0601786,0,0,0.0717857,0.132679,0,0.0794643,0.00464286,0.114821,0.268214,0,0.0648214,0.31375,0.0460714,0,0.0658929,0.013375,0.125839,0.0286786,0.392339,0.0252857,0.0157143,1.6473,6.17857,42.0536,0.232143
0.0467647,0.102353,0.281471,0.563529,0.24,0.0764706,0.0844118,0.0376471,0.294118,0.223529,0.0629412,0.365294,0.0508824,0.0391176,0.129706,0.228824,0.0452941,0.19,1.19,0.229706,0.719412,1.13882,0.0808824,0.0397059,0.395294,0.198824,0.0194118,0.0320588,0.0147059,0.0229412,0.0308824,0,0.0505882,0,0.163235,0.00735294,0.143529,0.00117647,0.0138235,0.0264706,0.00323529,0.0482353,0,0.0138235,0.0464706,0.0338235,0.00352941,0.00735294,0.0244412,0.168941,0.0227941,0.172971,0.0929118,0.111059,5.35232,73.4118,1282.94,0.588235
0.105714,0.164429,0.389286,0.202143,0.297571,0.112143,0.0545714,0.207429,0.314714,0.551571,0.123571,0.541571,0.124571,0.0694286,0.172,0.267857,0.184286,0.327143,1.21743,0.138857,0.833,0.701857,0.120571,0.161143,0.621857,0.160571,0.0342857,0.0337143,0.009,0.0324286,0.024,0.00271429,0.143,0.00542857,0.0791429,0.0411429,0.138429,0.00185714,0.0362857,0.0348571,0.0122857,0.0168571,0.00428571,0.003,0.041,0.0494286,0.00442857,0.039,0.0540857,0.1188,0.0205714,0.294429,0.125614,0.0969,4.70454,77.8571,922.929,0.657143
0,0,0,0,0,0,0,0,0,0,0,0.606667,0,0,0,0,0,0,11.0547,0,1.418,0,0,1.48333,0,0,0.606,0,0,0,0,0,0,0,0,0,0,0,0,0,0,0,0,0,3.34333,0.141333,0,0,0.0249333,0,0,0,0,0,1.02613,1.13333,5.06667,0.133333
0.0810127,0.0772152,0.338481,0.0110127,0.334304,0.109873,0.054557,0.131772,0.0897468,0.276582,0.0612658,0.493924,0.0877215,0.021519,0.0167089,0.270886,0.121772,0.166076,1.3619,0.0251899,0.778101,0.0234177,0.0807595,0.0778481,0.701519,0.350127,0.152025,0.124177,0.0643038,0.137848,0.0912658,0.0455696,0.162911,0.0455696,0.0789873,0.131266,0.286329,0.0192405,0.103038,0.0710127,0.0101266,0.0402532,0.0943038,0.123038,0.166709,0.0981013,0.0137975,0.0370886,0.0250886,0.206177,0.0227342,0.13757,0.0530127,0.0398481,2.57743,21.2658,215.241,0.43038
0,0,0,0,0,0,0,0,0,0.0549367,0,0.0696203,0,0,0,0,0,0.0973418,0,0,0.0982279,0,0,0,0,0,0.126709,0,0,0,0,0,0,0,0,0,0,0,0,0,0,0.181772,0,0,0.388987,0.537215,0,0,0,0.106987,0.0516582,0.22038,0,0,1.0538,1.13924,4.44304,0.0253165
0.461667,0.345833,0.301667,0,0.160833,0.03,0.005,0.235833,0.516667,0.801667,0.258333,0.55,0.565,0.923333,0.0766667,0.171667,0.446667,0.121667,2.91,0.0075,1.35083,0,0.5975,0.550833,0,0,0,0,0,0,0,0,0,0,0.005,0.0266667,0,0,0.0141667,0.0916667,0,0,0,0,0.0591667,0,0,0,0.0159167,0.0771667,0,0.422917,0.53275,0.100583,13.3378,832.667,2500.5,1
0.027931,0.0572414,0.313103,0,0.451379,0.198621,0.135517,0,0.0510345,0.184828,0,0.302069,0.176897,0.0593103,0.0182759,0.278621,0.12,0.137241,1.95966,0.0396552,0.715517,0,0.0475862,0.0451724,0.124828,0.0458621,0,0.0917241,0,0.0296552,0,0,0,0,0,0.0458621,0.0231034,0,0.027931,0,0,0,0,0,0.357931,0.427586,0,0,0.00155172,0.0956552,0.00941379,0.0794138,0.0295517,0,3.55079,47.6897,110.069,0.448276
0.01,0.301935,0.303548,0,0.682903,0.237742,1.03226,0.0793548,0.0248387,0.359677,0.0403226,0.706129,0,0,0.0296774,0.321935,0.203226,0.399677,2.20161,0,1.26097,0,0.0145161,0.0170968,0.0454839,0,0.203226,0.0454839,0,0,0.233548,0,0,0,0.0906452,0.0170968,0,0,0.0606452,0.612903,0,0,0,0,0.254516,0,0,0,0.000903226,0.187097,0.0191613,0.266968,0.0105161,0.0337419,14.5259,174.516,385.871,0.645161
0.137895,0.269737,0.265789,2.25132,0.277368,0.0736842,0.0257895,0.104474,0.456316,0.221316,0.0586842,0.51,0.0781579,0.0168421,0.0655263,0.368947,0.122895,0.257368,1.67447,0.0905263,1.04921,0,0.0805263,0.22,0.245526,0.00394737,0.136316,0,0,0,0,0,0.00394737,0,0.00605263,0.0444737,0.0784211,0.0371053,0.0223684,0.06,0,0.0123684,0.0423684,0.00763158,0.0660526,0.0457895,0,0.0255263,0.0100789,0.133526,0.0107895,0.343211,0.148579,0.0512895,7.16176,84.8947,415.921,0.657895
0.106029,0.102353,0.262941,0,0.378088,0.0864706,0.131176,0.0994118,0.0938235,0.169706,0.0444118,0.58,0.0876471,0,0.0272059,0.133529,0.165441,0.238971,1.40721,0,0.486324,0,0.0739706,0,0.642941,0.401912,0.384118,0.178824,0.102794,0.153971,0.0660294,0.0622059,0.129853,0.0622059,0.141176,0.192794,0.217206,0.0160294,0.152794,0.0869118,0.0117647,0.0314706,0.15,0.108235,0.266618,0.0889706,0,0.0972059,0.0296912,0.140838,0.0185,0.165338,0.0332206,0.0338235,2.01191,11.8529,115,0.279412
0.154043,0.0257447,0.270213,0.00893617,0.281915,0.172766,0.052766,0.0504255,0.0612766,0.0908511,0.0689362,0.466383,0.133617,0.01,0.00191489,0.188298,0.153404,0.170213,1.25021,0.11766,0.527447,0.41617,0.21383,0.101489,0.895532,0.345532,0.104894,0.047234,0.066383,0.0421277,0.0387234,0.00914894,0.0965957,0.00914894,0.0604255,0.0621277,0.232128,0.00404255,0.00723404,0.0161702,0.0561702,0.0748936,0.04,0.0282979,0.108723,0.0834043,0,0.0223404,0.0508511,0.192213,0.0427021,0.186106,0.101553,0.0645532,3.26643,23.7234,296.915,0.468085
0.0993151,0.0543836,0.316164,0,0.359452,0.119178,0.0427397,0.213425,0.0245205,0.196027,0.0473973,0.431781,0.0539726,0,0.029726,0.249041,0.10589,0.139178,1.5237,0.09,0.810411,0.0138356,0.0986301,0.0332877,0.701644,0.569178,0.25137,0.343699,0.153562,0.136027,0.0868493,0.0783562,0.0891781,0.0906849,0.238356,0.170137,0.220959,0,0.133973,0.0708219,0.104795,0.0867123,0.143562,0.0738356,0.325616,0.264384,0.00383562,0.0186301,0.018274,0.157781,0.0361644,0.264096,0.0524521,0.017863,2.16293,13.9726,127.123,0.342466
0.196571,0.103714,0.51,0,0.267714,0.0422857,0.108286,0.0971429,0.0914286,0.123429,0.0331429,0.416286,0.064,0,0,0.366857,0.271714,0.238571,1.97486,0.273143,1.18543,0.619143,0.140286,0.118857,0.108286,0.0985714,0.00914286,0.0262857,0.0568571,0.0617143,0,0,0,0,0.0628571,0.0331429,0.122857,0,0.0165714,0.0297143,0,0,0.0405714,0.0137143,0.215429,0.00771429,0.0397143,0.0811429,0.0242286,0.0990571,0.0157143,0.450829,0.405886,0.0714571,5.50026,88.2571,328.857,0.685714
0.0974545,0.0552727,0.222545,0,0.216545,0.0712727,0.151818,0.100545,0,0.254364,0.052,0.443636,0.0469091,0,0.0641818,0.096,0.0985455,0.114909,1.69364,0.0169091,0.363636,0,0.0361818,0.0605455,1.25818,0.744,0.220182,0.361818,0.272545,0.417273,0.299818,0.172364,0.0776364,0.172364,0.437818,0.219636,0.264,0,0.0874545,0.172364,0.048,0.162364,0.0649091,0.129818,0.273818,0.544,0,0.0210909,0.00576364,0.147455,0.0118182,0.388945,0.0119455,0.246364,2.58031,13.5273,50.0727,0.254545
0.21,0.448824,0.646471,0.0823529,0.291176,0.0241176,0.437647,0.0335294,0.169412,0.931176,0.145294,0.911765,0.0476471,0.0776471,0.177059,1.51235,0.374706,0.0370588,1.97235,0.135882,1.54941,0,0.0482353,0.146471,0.0317647,0.0470588,0.0170588,0.0341176,0,0,0,0,0,0.0170588,0.0341176,0.0135294,0.0358824,0,0,0,0,0,0,0,0.120588,0,0,0.0452941,0.0170588,0.0634706,0,0.830765,0.316118,0.0754118,40.6247,379.294,549.412,0.882353
0.083125,0.025,0.2075,0,0.129625,0.10825,0.071625,0.212625,0.004125,0.226,0.01825,0.561375,0.052375,0,0.007625,0.225125,0.101125,0.296625,1.27462,0.033625,0.5705,0,0.009,0,1.22387,0.55125,0.34775,0.296125,0.173125,0.297125,0.13775,0.076375,0.32175,0.076375,0.2165,0.197375,0.319125,0.0235,0.18125,0.08975,0.029625,0.1475,0.09025,0.175375,0.17625,0.08725,0,0.022625,0.0202875,0.1568,0.0282,0.173088,0.0332,0.2182,1.93867,9.2,62.3375,0.25
0,0,0,0,0,0,0,0,0,0,0,0,0,0,0,0,0,0,0.757273,0,0,0,0,0,0.909091,0,0,0,0,0,0,0,0,0,0,0,0,0,0,0,0,0,0,0,0,0,0,0,0,0.144818,0,0.911909,0,0,1,1,1.36364,0.181818
0,0,0.102,0,0,0.0982857,0,0,0,0,0,0.380857,0.158571,0.182286,0,0.114286,0,0,1.808,0,0.835143,0,0,0,0.118857,0,5.57086,0,0,0,0,0,0.178571,0,0,0,0,0,0,0,0,0.114286,0,0.421714,1.37143,0,0,0.469143,0.0746286,0.0841714,0.0214571,0.181171,0,0,1.20166,2,8.62857,0
0.0778125,0.0425,0.38625,0,0.377187,0.08,0.021875,0,0,0.109063,0,0.398437,0.083125,0,0.053125,0.491875,0,0.115312,4.12469,0,0.7575,0,0,0.0175,0.133125,0,0.657188,0,0.0928125,0.0209375,0,0,0.0271875,0,0,0.0234375,0.149688,0,0.185312,0,0.174375,0.195937,0,0.056875,0.511875,0.132812,0,0.065625,0.026,0.132719,0.00328125,0.109906,0,0.00309375,1.286,3.59375,28.7188,0.09375
0,0.560625,0.205625,0,0.175,0,0.36625,0,0,0.688125,0,0.5875,0.09875,0.0890625,0,0.0859375,0,0.0890625,2.71938,0,0.7775,0,0,0.195938,0.390625,0.0678125,0.655,0.544375,0,0,0,0,0.155312,0,0,0.0890625,0.419375,0,0.9875,0.13,0.04,0,0.05875,0.07375,0.660625,0,0,0,0.080125,0.312812,0,0.0964375,0.0625312,0.0251562,3.18403,22.3438,40,0.3125
0.1148,0.0402,0.1384,0,0.2102,0.0454,0.1764,0.5972,0.0758,0.0418,0.0458,0.3188,0,0.2488,0,0.2086,0.2676,0.1064,1.0244,0.029,0.5798,0.04,0.2114,0.0614,0.2098,0.1776,0.0974,0.1082,0,0.0432,0,0.0118,0.0148,0.0118,0.0752,0.1342,0.1338,0,0.0182,0,0,0,0,0.0298,0.5176,0,0,0.0332,0.0077,0.15178,0.0053,0.21532,0.17378,0.0122,3.78642,25.06,78.6,0.76
0.195,0.5,0.4,0.095,0.58,0,0,0,0.39,0.19,0,0.2,0,0,0,0.1,0,0,0.195,0.19,0.39,0,0,0.2,0.095,0,0,0.095,0,0,0,0,0,0.19,0,0,0,0,0,0,0,0,0,0,0,0,0,0,0,0.035,0,0.4155,0.7295,0.015,1062,2123,2124,1
0,0.0555556,0.148222,0,0.105778,0.0266667,0,0,0.0402222,0.198889,0,0.187778,0,0.0555556,0,0.0751111,0,0.223556,5.84489,0,1.24978,0,0,0,0.117333,0,0.068,0,0.0822222,0,0,0,0.133333,0,0,0,0,0,0,0,0,0,0,0.0462222,0.78,0.517333,0.0482222,0,0.00404444,0.0590444,0.00733333,0.235756,0.00751111,0,1.41218,3.04444,10.4889,0.133333
0.179565,0.127826,0.257826,0.0134783,0.198696,0.0926087,0.0221739,0.25913,0.258696,0.267391,0.106522,0.535652,0.15913,0.0717391,0.0708696,0.256522,0.197391,0.193913,1.3613,0.193478,0.688696,1.06652,0.253043,0.256957,0.2,0.107391,0.00695652,0.00478261,0.00130435,0.0273913,0.0156522,0,0.0543478,0,0.00565217,0.124783,0.17913,0.0186957,0.0256522,0.0182609,0.00782609,0,0.00826087,0.0121739,0.0347826,0.0513043,0.0026087,0.0295652,0.063913,0.134174,0.0456087,0.168522,0.137304,0.12613,5.33248,119.391,1661.39,0.521739
0.080303,0.139091,0.352424,0,0.236364,0.0669697,0.0957576,0.0193939,0.0193939,0.252576,0.0384848,0.433939,0.287273,0.0193939,0,0.512879,0.0498485,0.156818,1.66424,0.0404545,0.788485,0,0.08,0.00621212,0.709242,0.49697,0.539848,0.392273,0.182727,0.302273,0.277576,0.149848,0.158485,0.149848,0.478333,0.228636,0.222576,0.00621212,0.380152,0.163333,0.0889394,0.315,0.162879,0.270303,0.250909,0.191667,0,0,0.00957576,0.149167,0.0361364,0.260152,0.219258,0.0224091,2.28194,11.5758,43.3636,0.30303
0.0562069,0.11046,0.211724,0.0155172,0.245172,0.024023,0.0997701,0.128851,0.0310345,0.638046,0.0636782,0.405057,0.121494,0,0.0425287,0.108621,0.121149,0.171724,1.68839,0,0.52908,0.00666667,0.0435632,0.0744828,0.870575,0.522069,0.441954,0.41046,0.161609,0.245287,0.154368,0.126782,0.00712644,0.126782,0.251839,0.187931,0.292644,0.0062069,0.233908,0.145977,0.0378161,0.0582759,0.202644,0.0365517,0.356437,0.221379,0.00931034,0.0162069,0.044092,0.183023,0.0248161,0.269655,0.0331609,0.0181264,2.5224,13.8851,80.4138,0.298851
0.124915,0,0.384746,0,0.334068,0.0411864,0,0.099661,0,0.0781356,0,0.544237,0.0237288,0.260678,0,0.309153,0.0483051,0.0945763,0.643051,0.308136,0.188136,0,0,0,0.0252542,0.0252542,0.216949,0,0,0.0705085,0,0,0.323051,0,0,0,0,0.0620339,0.0784746,0,0.135254,0.428814,0,0.15678,0.800169,0.495424,0,0,0.00705085,0.151017,0,0.0987458,0.0244576,0,1.26186,2.32203,10.2881,0.0508475
0.0242254,0.0326761,0.119014,0,0.493099,0.105775,0.0250704,0.016338,0,0.0414084,0,0.562254,0.127606,0.103099,0,0.0588732,0,0.162958,0.528873,0.0312676,0.346479,0,0,0,0.238873,0.0601408,0.511972,0,0.171972,0.0226761,0,0,0.214085,0,0,0,0.0502817,0.0484507,0.11493,0,0.0360563,0.609859,0.0484507,0.233099,0.655634,0.0988732,0,0.0352113,0.00480282,0.0799296,0.0304366,0.0972254,0,0,1.56137,4.26761,17.6197,0.084507
0.213158,0.303158,0.559474,0.05,0.430526,0.393158,0.168947,0.192105,0.452632,0.670526,0.255263,0.624737,0.199474,0.0936842,0.297368,0.235789,0.216316,0.391053,2.02789,0.133158,1.50316,0.00894737,0.503684,0.298947,0.491053,0.206842,0.0126316,0,0,0.0384211,0,0,0.0710526,0,0.0378947,0.0347368,0.172105,0.0452632,0.0126316,0.0384211,0,0.0384211,0.0178947,0.0257895,0.111053,0.0752632,0,0,0.00726316,0.174632,0.093,0.605842,0.249947,0.0477368,10.9309,309.158,760.263,0.947368
0.127755,0.0567347,0.417551,0,0.845102,0.119388,0.140612,0.163265,0.120204,0.351429,0.105306,0.721224,0.0261224,0.0261224,0.0204082,0.304082,0.545918,0.145102,2.09143,0.173061,1.22918,0.0765306,0.294286,0.0336735,0.297551,0.0820408,0.0242857,0.00795918,0.00795918,0.0306122,0.00795918,0.00795918,0.0463265,0.00795918,0.0285714,0.0881633,0.147551,0.00142857,0.0259184,0.0730612,0,0.00142857,0.0128571,0.0565306,0.254286,0.00326531,0,0.0289796,0.00522449,0.0972857,0.00508163,0.412163,0.131918,0.0662245,4.32649,70.3878,240.224,0.77551
0.11037,0.194444,0.606296,0.730741,0.484444,0.228148,0.349259,0.24963,0.0588889,0.321111,0.178519,0.484444,0.115926,0,0,0.458889,0.466667,0.382222,2.41148,0.626296,1.69481,0.0318519,0.147037,0.265926,0.0211111,0.0211111,0,0,0,0,0,0,0.01,0,0,0.027037,0.117037,0,0.0885185,0,0,0,0,0.0103704,0.125926,0.0459259,0,0,0.0131111,0.109926,0.0315556,0.456926,0.0918519,0.0398889,8.01904,139.926,289.37,0.962963
0.138571,0,0.28119,0,0.0921429,0.0916667,0.153333,0.160476,0.241667,0.151667,0.0409524,0.246905,0.0221429,0.27381,0,0.771905,0.0626191,0.181667,2.21571,0,0.993333,0,0.0266667,0.0859524,0.144286,0.227857,0.209524,0.035,0,0,0,0,0,0,0,0,0.294762,0,0.107857,0,0.132857,0.0566667,0.108571,0.0147619,0.453095,0.638095,0,0,0.0128333,0.147476,0.0153095,0.314024,0.0674048,0.0155952,2.5806,14.1429,36.6905,0.5
0.0935714,0.0437143,0.231143,0.019,0.0971429,0.082,0.0518571,0.184286,0.038,0.0971429,0,0.632571,0.133714,0.00328571,0.0432857,0.0718571,0.163571,0.212286,1.625,0.00914286,0.700143,0,0.131714,0.0917143,0.495429,0.251857,0.196571,0.271143,0.0725714,0.200143,0.0845714,0.0564286,0.0872857,0.0564286,0.156,0.126,0.301286,0,0.185143,0.0754286,0.0794286,0.0887143,0.167286,0.0687143,0.390286,0.509714,0.0122857,0.0567143,0.00474286,0.202014,0.0241,0.255971,0.0746143,0.0171286,2.30514,13,70.0571,0.314286
0.1348,0.0706,0.2412,0,0.397,0.0598,0.0984,0.0694,0.039,0.081,0.0586,0.6148,0.1432,0.022,0.0152,0.1336,0.1278,0.1018,1.298,0.176,0.5014,0,0.0638,0.0304,0.4034,0.2186,0.1616,0.1332,0.0702,0.1384,0.006,0,0.0844,0,0.0556,0.1072,0.112,0.0092,0.0514,0,0.0398,0.0782,0.0294,0.1432,0.2104,0.1196,0.0326,0.0732,0.01164,0.20464,0.00222,0.25636,0.03204,0.01118,1.7567,7.62,76.74,0.28
0.138644,0.132542,0.318644,0.0415254,0.25,0.142712,0.199661,0.049322,0.0145763,0.24322,0.0486441,0.508983,0.112542,0,0.0210169,0.50678,0.135932,0.144407,1.85559,0.00525424,0.947797,0.0964407,0.192373,0.106271,0.579831,0.429153,0.291864,0.159661,0.0940678,0.143898,0.0837288,0.0837288,0.0950847,0.10661,0.129322,0.122373,0.0305085,0,0.137627,0.114237,0.00559322,0,0.00813559,0.0110169,0.20339,0.0249153,0,0.0376271,0.0179492,0.175373,0.0212034,0.514542,0.0526441,0.0431864,3.72478,32.4915,131.322,0.559322
0.210976,0.0414634,0.257805,0,0.293659,0.0541463,0,0.0107317,0.0165854,0.125366,0.0165854,0.416585,0.167317,0.0214634,0,0.142927,0.0214634,0.226829,2.56634,0.0217073,0.610488,0,0.0343902,0,0.302439,0.250976,0.188049,0,0.115854,0.104878,0,0,0.0395122,0,0,0.0331707,0.045122,0.0226829,0.0417073,0,0.0487805,0.21122,0,0.0456098,0.26,0.10878,0,0.0534146,0.00665854,0.118927,0,0.064561,0.00860976,0.00526829,1.39834,4.34146,38.1707,0.097561
0.0896552,0.0241379,0.206724,0,0.177414,0.0465517,0.0212069,0.0958621,0.0224138,0.174655,0.0517241,0.941724,0.0141379,0.0201724,0.0308621,0.131034,0.0606897,0.0767241,1.40948,0,0.47431,0,0,0,0.496552,0.135517,0.09,0,0.0734483,0.194483,0.0155172,0,0.328966,0,0,0.146034,0.264655,0.00948276,0.300862,0,0.117586,0.169655,0.0368966,0.125517,0.202414,0.185345,0,0.0682759,0.0127241,0.111776,0.00446552,0.0871897,0.00274138,0.00206897,1.60452,5.84483,47.2759,0.0862069
0,0,0,0,0,0,0,0,0,4.122,0,0.486,0,0,0,0.202,0,0.202,1.502,0,0.688,0,0,0,3.076,0,0,0,0,0,0,0,0,0,0,0,0,0,0,0,0,0,0,0,0.246,0,0,0.486,0,0,0,3.8262,0,0,12.51,47,52.4,0
0.316364,0.0918182,1.43545,0,0.983636,0,0.0890909,0,0.47,0.713636,0.0609091,0.0609091,0.03,0,0,0.144545,0,0.152727,0.500909,0.757273,0.703636,0,0,0,0.286364,0,0.132727,0.0263636,0,0.0527273,0,0,0,0,0,0,0.0527273,0,0,0,0,0,0,0,0,0,0,0,0,0.0125455,0,0.763182,0.0781818,0,410.545,1239.45,1293.27,0.909091
0,14.1478,0,0,0,0,0,0,0,0.132222,0,0,0,0,0,0,0,0,0,0,0,0,0,0,0,0,0,0,0,0,0,0,0,0,0,0,0,0,0,0,0,0,0,0,0.132222,0,0,0,0,0,0,0,0,0,1.77778,4.88889,9.02778,0
0.213088,0.132206,0.337794,0,0.407353,0.188971,0.0786765,0.186324,0.390441,0.385882,0.0939706,0.618971,0.0786765,0.186029,0.114118,0.164853,0.3475,0.0508824,1.52015,0.220588,1.13044,0.461765,0.0645588,0.287353,0.600588,0.155294,0.0289706,0.0138235,0.00617647,0.0229412,0.0175,0.00617647,0.0954412,0.00617647,0.0175,0.05,0.128382,0.00867647,0.0151471,0.0342647,0.0269118,0.186471,0.0208824,0.00867647,0.0669118,0.0747059,0.00808824,0.00735294,0.121412,0.165162,0.0134853,0.287279,0.151676,0.0510735,4.38078,80.25,641.397,0.514706
0.132687,0.217761,0.440896,0.638955,0.266567,0.125075,0.0519403,0.110896,0.269403,0.31194,0.0722388,0.815522,0.220149,0.108806,0.138209,0.148209,0.137612,0.199552,1.77209,0.160299,0.955373,0,0.135821,0.179851,0.686716,0.128507,0.0198507,0.0210448,0.0146269,0.0176119,0.0141791,0.00238806,0.0746269,0.00238806,0.0286567,0.0661194,0.0853731,0.00208955,0.0150746,0.0361194,0.00238806,0.0740298,0.0380597,0.0110448,0.0244776,0.00179104,0,0.021194,0.149239,0.130358,0.019209,1.09897,0.267716,0.0179701,4.07716,59.1493,751.104,0.61194
0,0.06,0.238437,0,0.335625,0.1175,0,0.104062,0.104062,0,0,0.602813,0.08,0.06125,0,0.387188,0.104062,0.0625,1.31219,0,1.11437,0,0.210625,0,0.298438,0.136875,0,0.178125,0.2925,0.0625,0.146875,0,0,0,0.0625,0.0625,0.144687,0,0.375312,0,0.28125,0.344375,0.144687,0.301563,0.966875,0.280313,0,0.08,0.0493125,0.0805,0.0426562,0.302188,0.100969,0.0850313,2.74494,12.9688,29.25,0.375
0,0,0.1275,0,0.389375,0,0,0,0,0.09,0,0.388125,0,0,0,0,0,0.1275,0.8925,0,0.254375,0,0,0,4.57875,2.83125,2.20625,2.1525,2.19875,2.28812,2.1525,2.025,0.075,2.025,2.1525,2.1525,0,0,0,2.025,0,0.255,0,0.336875,0.165,0,0,0,0,0.660062,0,0.112375,0,0,2.66112,11.0625,37.0625,0
0,0.143913,0.246304,0,0.311957,0,0.193696,0.175652,0.0163043,0.146087,0.0197826,0.717391,0.0878261,0,0.0395652,0.196087,0.0765217,0.277609,2.09565,0,0.482826,0,0.0217391,0.0469565,0.466522,0.397826,0.306304,0.0273913,0.150652,0.0273913,0.0273913,0,0,0,0.122826,0.0830435,0.20413,0,0.0836957,0,0,0.322391,0.0252174,0.168696,0.233261,0.0828261,0,0.0856522,0,0.0638261,0.00982609,0.242761,0.0251957,0.0176522,1.91687,8.08696,34.7609,0.195652
