0.188507,0,0.114478,0,0.225522,0.137463,0.199403,0.143284,0.0222388,0.148507,0.0337313,0.336269,0.0616418,0.0177612,0,0.17597,0.122239,0.183582,1.81507,0.0102985,1.00239,0,0,0.0402985,0.855522,0.345821,0.321194,0.456269,0.0619403,0.0831343,0.0743284,0.0573134,0.345224,0.0573134,0.225373,0.0573134,0.221642,0,0.0938806,0.0573134,0.0579104,0.104328,0.107761,0.155075,0.468955,0.432687,0,0,0.0221791,0.182299,0.018806,0.27803,0.0902836,0.0583134,2.5374,14.5672,61.8358,0.447761
0.0334146,0.36561,0.23122,2.02098,0.406585,0.20122,0.67,0.01,0.293659,0.305122,0.0304878,0.71439,0.00487805,0.0156098,0.0326829,0.121707,0.196341,0.316098,1.97756,0.0309756,1.21,0,0.0421951,0.0692683,0.119512,0,0.28,0.0343902,0,0,0.176585,0,0,0.0104878,0.0758537,0.0129268,0.0209756,0,0.0458537,0.476829,0,0,0.0134146,0,0.173171,0.0107317,0,0,0.00334146,0.165195,0.023561,0.275317,0.0566098,0.0450976,13.2129,153.073,393.268,0.585366
0.129615,0.0736538,0.288846,0.00307692,0.267692,0.103269,0.117692,0.1225,0.523462,0.304423,0.0963462,0.489808,0.0786538,0.0611538,0.0326923,0.296923,0.0575,0.392308,1.39404,0.153077,0.981154,0.855,0.103462,0.159038,0.453077,0.211923,0.0221154,0.0230769,0.00173077,0.0265385,0.0240385,0.00173077,0.128846,0.00173077,0.165,0.0232692,0.206346,0.000961538,0.0253846,0.0257692,0.0259615,0.0546154,0.00903846,0.0263462,0.0269231,0.0996154,0.0255769,0.0451923,0.0662115,0.131385,0.06825,0.378635,0.206558,0.0821538,4.2254,55.9808,1084.33,0.596154
0.117091,0.0558182,0.208727,0.002,0.218909,0.0723636,0.0249091,0.226182,0.137455,0.148545,0.0701818,0.751636,0.101455,0.0821818,0.00945455,0.124,0.389455,0.0467273,0.903273,0.146545,1.01982,0.149455,0.0958182,0.0945455,1.48455,0.171455,0.0178182,0.00418182,0.0147273,0.0249091,0.0147273,0,0.0976364,0.002,0.0147273,0.109273,0.206,0.0276364,0.0109091,0.0307273,0.103818,0.066,0.00818182,0.0201818,0.0256364,0.129636,0,0.0178182,0.171745,0.185491,0.0149455,0.184,0.0729455,0.0977818,3.42213,39.4727,590.782,0.363636
0,14.1478,0,0,0,0,0,0,0,0.132222,0,0,0,0,0,0,0,0,0,0,0,0,0,0,0,0,0,0,0,0,0,0,0,0,0,0,0,0,0,0,0,0,0,0,0.132222,0,0,0,0,0,0,0,0,0,1.77778,4.88889,9.02778,0
0.305217,0.146304,0.278913,0.0936957,0.0663043,0.10913,0.0197826,0.131522,0.212609,0.37,0.14413,0.638261,0.331304,0.666957,0.0204348,0.162391,0.267391,0.115,1.85261,0.0486957,0.843261,0.0341304,0.443478,0.278696,0.0971739,0.0617391,0.00521739,0.00152174,0.00217391,0.00391304,0,0,0.316087,0,0,0.0286957,0.180217,0.00152174,0.005,0.013913,0.0252174,0.00782609,0.00456522,0.0163043,0.0393478,0.0580435,0.01,0.0513043,0.0298913,0.116522,0.00773913,0.24063,0.334978,0.0894565,5.14743,164.043,3362.72,0.73913
0.0334694,0.0455102,0.202245,0,0.11898,0.0216327,0.0404082,0.432449,0.200612,0.0967347,0.0338776,0.290612,0,0.211429,0,0.547755,0.0685714,0.0693878,0.994286,0.0326531,0.815102,0.0597959,0.167347,0.0336735,0.34449,0.351224,0.151224,0.0157143,0,0.0477551,0.0320408,0,0.0932653,0,0.0316327,0.168163,0.0385714,0,0.0185714,0.012449,0,0.0573469,0,0,0.332449,0,0,0,0.00353061,0.130531,0.0100408,0.514,0.123653,0,4.08994,28.3265,84.9184,0.795918
0.192698,0.127063,0.383254,0,0.396587,0.0457937,0.0205556,0.0512698,0.0155556,0.128651,0.00761905,0.494841,0.0769841,0.101746,0,0.259683,0.035,0.228571,1.16992,0.165714,0.428651,0,0.0168254,0.0855556,0.101667,0.082619,0.668175,0,0.0426984,0,0,0,0.196587,0,0.15873,0.00793651,0,0.0651587,0.0701587,0.00928571,0.0439683,0.457063,0.0283333,0.055,0.541349,0.203333,0.0231746,0.0661111,0.0322937,0.104357,0,0.170833,0.0114524,0,1.3806,3.09524,12.5635,0.0714286
0.0605405,0.104595,0.418649,0,0.311622,0.100811,0.250541,0.122703,0.0418919,0.165946,0.0716216,0.651892,0.0840541,0,0.0521622,0.195676,0.12973,0.479189,2.12973,0.155135,1.10892,0.319189,0.224865,0.0781081,0.267568,0.113243,0.047027,0.0448649,0.0164865,0.112432,0.0164865,0.0164865,0.124324,0.0164865,0.03,0.0164865,0.102703,0,0.0902703,0.072973,0.0286486,0.0140541,0.0237838,0,0.111351,0.0259459,0,0,0.00332432,0.0964324,0.00175676,0.330622,0.0898378,0.0507297,6.08214,59.5135,155.676,0.567568
0.0525581,0.0627907,0.201395,0,0.158372,0.0718605,0.0893023,0.0683721,0.0504651,0.22,0,0.373488,0.156047,0.04,0,0.320233,0.05,0.173023,2.09605,0.278837,0.998837,0.128605,0,0.0730233,0.11186,0.133023,0,0.0967442,0,0,0,0,0,0,0.0348837,0.045814,0,0,0,0,0,0.0193023,0.0162791,0.0181395,0.346512,0.340233,0,0,0.0169302,0.0510698,0.00451163,0.172535,0.0371395,0.0751163,4.21549,47.5116,97.3721,0.418605
0,0,0.034026,0,0.396623,0.0763636,0.0820779,0.0231169,0,0.198052,0,1.01403,0.0590909,0.202208,0,0.0379221,0,0.0249351,0.641948,0.0288312,0.117273,0,0,0.118052,0.168312,0.0554545,0.253896,0.0563636,0.100779,0,0,0,0.369481,0,0,0,0.0694805,0,0.19974,0,0.0592208,0.291558,0.0463636,0.215325,0.352597,0.105584,0,0.0432468,0,0.0915714,0.0621558,0.239065,0,0,2.07962,6.49351,16.9091,0.103896
0.229062,0.2125,0.316563,0.0059375,0.258125,0.0865625,0.0503125,0.137813,0.331875,0.407813,0.165938,0.5375,0.27625,0.503125,0.08625,0.25375,0.2525,0.119687,2.01125,0.0428125,0.922813,0.0525,0.272812,0.28375,0.533438,0.124375,0.001875,0.000625,0.00125,0.0103125,0,0,0.15625,0,0.0078125,0.056875,0.18625,0.0034375,0.00875,0.0184375,0.0159375,0.005,0.0103125,0.016875,0.05625,0.0671875,0.0021875,0.0459375,0.0335938,0.112438,0.0148125,0.280625,0.319844,0.0784063,5.46125,142.094,2246.34,0.71875
0.101053,0.0539474,0.144868,0,0.187105,0.0452632,0.143158,0.0775,0.0171053,0.243816,0.0801316,0.828947,0.0302632,0.0365789,0.0294737,0.122237,0.215,0.0813158,1.86842,0.00592105,0.550132,0,0.0477632,0.00513158,0.326447,0.128553,0.182368,0,0.0397368,0.16,0.0118421,0,0.188553,0,0,0.117237,0.195921,0.00723684,0.0907895,0.00342105,0.135395,0.141447,0.0281579,0.116974,0.277895,0.120789,0,0.0798684,0.01625,0.114974,0.00998684,0.224013,0.0140658,0.0115789,1.59884,5.68421,44.8553,0.118421
0.126111,0.174167,0.231389,0.0358333,0.518611,0.193056,0.221111,0.138333,0.0133333,0.293056,0.0558333,0.662222,0.0661111,0,0.0425,0.4025,0.176667,0.364722,2.01778,0,1.0225,0.0863889,0.125278,0.0380556,0.581944,0.3825,0.1575,0.191111,0.0277778,0.0325,0.0216667,0.0302778,0.0405556,0.0466667,0.113889,0.0847222,0.0819444,0,0.0216667,0.0591667,0.00916667,0,0.0133333,0.0325,0.190833,0,0,0,0.01475,0.199806,0.0131944,0.446361,0.0570833,0.0304167,3.14608,25.1667,134.806,0.583333
0.142424,0.0463636,0.300404,0,0.290303,0.0927273,0.105758,0.0181818,0.0144444,0.0953535,0.0141414,0.439192,0.105657,0.0248485,0,0.21202,0.0343434,0.1,1.71404,0.0089899,0.443333,0,0.0641414,0.0468687,0.305556,0.282323,0.295758,0,0.0874747,0.0675758,0.0130303,0,0.0418182,0,0.0443434,0.0879798,0.124444,0.00939394,0.0851515,0.010101,0.020202,0.198384,0,0.059798,0.274646,0.0724242,0.010303,0.0619192,0.00530303,0.129283,0.0144242,0.183636,0.00826263,0.00525253,1.59458,5.44444,37.596,0.161616
0.0634043,0.242128,0.220213,0,0.308723,0.21383,0.159574,0.0314894,0.07,0.284468,0.0323404,0.518936,0.0455319,0,0.00617021,0.23,0.100426,0.209787,1.71255,0.0980851,1.07404,0.026383,0.0776596,0.12,0.509574,0.23766,0.303404,0.09,0.142979,0.112553,0.0693617,0.0687234,0.224681,0.0687234,0.126596,0.067234,0.227234,0,0.101064,0.092766,0.0151064,0.0893617,0.096383,0.0138298,0.212766,0.0385106,0,0.0568085,0.0072766,0.213362,0.0376809,0.382383,0.0895319,0.0272979,3.72091,30.5532,157.17,0.553191
0.106364,0.145455,0.400455,1.94591,0.313182,0.0909091,0.0486364,0.203636,0.360455,0.336818,0.0590909,0.770455,0.207727,0.119545,0.0581818,0.106818,0.187273,0.138636,1.90864,0.338182,1.18818,0,0.03,0.176364,0.579091,0.211818,0.0272727,0.0445455,0.0254545,0.0409091,0.0340909,0,0.105909,0,0.0440909,0.0295455,0.109091,0.00272727,0.0463636,0.0186364,0,0.015,0.005,0.01,0.0468182,0,0,0.0177273,0.0428182,0.188318,0.0315,0.244636,0.107364,0.0210455,4.06873,73.5455,813.273,0.545455
0,0.0446429,0.161429,0,0.0685714,0.0851786,0,0,0.0323214,0.09375,0,0.150893,0.124107,0.0525,0,0.0660714,0,0.165893,5.50821,0,0.492679,0,0,0,0.168571,0,1.07089,0,0,0,0,0,0.21875,0,0,0,0,0,0.0775,0,0,0,0,0.0371429,0.829464,0.590357,0,0.085,0.00325,0.0777857,0.0193036,0.15275,0.00603571,0,1.27893,2.41071,9.76786,0.0714286
0.116286,0.0682857,0.212857,0,0.336857,0.078,0.104286,0.11,0.0265714,0.237143,0.0542857,1.104,0.0648571,0.00714286,0.008,0.129143,0.0702857,0.147714,1.32571,0,0.49,0,0,0.0491429,0.465714,0.399429,0.0985714,0.170857,0.0608571,0.0957143,0.0465714,0,0.297429,0,0.0394286,0.125429,0.132,0,0.0188571,0,0.0168571,0.0202857,0.00857143,0.110857,0.0428571,0.0257143,0.0231429,0.122571,0.0114,0.114029,0.0107429,0.104,0.0182571,0.007,1.73354,7.34286,86.8857,0.114286
0.133976,0.155422,0.226386,0,0.230964,0.0472289,0.153012,0.0987952,0,0.217711,0.0550602,0.629398,0.0387952,0,0.0522892,0.124819,0.0980723,0.226867,1.6259,0.026747,0.536627,0,0.0509639,0,1.11843,0.637952,0.173614,0.336024,0.162651,0.361446,0.182289,0.0826506,0.116506,0.0826506,0.391084,0.129157,0.258554,0,0.0556626,0.0903614,0.0325301,0.207229,0.0719277,0.0860241,0.22012,0.608313,0,0.0189157,0.00495181,0.122422,0.00793976,0.144398,0.0137349,0.168446,2.44794,12.8675,52.1928,0.289157
0.133261,0.086087,0.512609,0,0.328043,0.128043,0.0806522,0.132609,0.198043,0.356739,0.0797826,0.749565,0.118043,0.0873913,0.0354348,0.224783,0.138696,0.199783,2.06326,0.143696,1.54674,0,0.238043,0.145652,0.245217,0.10587,0,0.0234783,0,0.0117391,0.00347826,0,0.0263043,0,0.0295652,0.0332609,0.0921739,0.00913043,0.0382609,0.00173913,0,0.038913,0.0117391,0.00956522,0.124783,0,0.00586957,0.00608696,0.0151522,0.161022,0.0173913,0.4275,0.0774783,0.028587,5.4967,87.8913,545.022,0.847826
0.0908511,0.0204255,0.353617,0,0.350213,0.18766,0.0804255,0.0944681,0.0461702,0.260851,0.0229787,0.553191,0.0691489,0.0212766,0,0.341915,0.0806383,0.108511,1.40298,0.00787234,1.26617,0,0.0589362,0.176383,0.42617,0.274043,0.19383,0.138085,0.0589362,0.101064,0.0814894,0.0389362,0.127021,0.0389362,0.105957,0.107021,0.135319,0.00489362,0.0659574,0.0517021,0.0812766,0.00340426,0.0940426,0.00680851,0.209574,0.0948936,0.0338298,0,0.0404894,0.155787,0.0199574,0.119277,0.0347234,0.0175532,1.9966,13.4894,145.191,0.404255
0.316364,0.0918182,1.43545,0,0.983636,0,0.0890909,0,0.47,0.713636,0.0609091,0.0609091,0.03,0,0,0.144545,0,0.152727,0.500909,0.757273,0.703636,0,0,0,0.286364,0,0.132727,0.0263636,0,0.0527273,0,0,0,0,0,0,0.0527273,0,0,0,0,0,0,0,0,0,0,0,0,0.0125455,0,0.763182,0.0781818,0,410.545,1239.45,1293.27,0.909091
0.1375,0.0951786,0.384286,0,0.746429,0.126071,0.125357,0.165893,0.117679,0.368393,0.0898214,0.760536,0.0353571,0.0251786,0.0178571,0.29,0.492679,0.226607,1.99536,0.151429,1.11732,0.0669643,0.232143,0.055,0.27625,0.129107,0.02125,0.0183929,0.0160714,0.0267857,0.00696429,0.00696429,0.0405357,0.00696429,0.025,0.0771429,0.133571,0.00125,0.0226786,0.0639286,0,0.00125,0.01125,0.0494643,0.214107,0.00285714,0,0.0253571,0.00569643,0.0999464,0.009,0.393554,0.112786,0.0579464,4.22841,69.3036,243.982,0.75
0.13942,0.0468116,0.247246,0.014058,0.243768,0.144928,0.0446377,0.0868116,0.0528986,0.149275,0.0443478,0.52058,0.116812,0.0431884,0.00130435,0.132319,0.146957,0.117826,1.31652,0.0847826,0.533333,0.549855,0.184638,0.0608696,0.954348,0.320145,0.113188,0.0463768,0.0698551,0.057971,0.0318841,0.0117391,0.118116,0.0117391,0.0450725,0.0823188,0.270145,0.00275362,0.0147826,0.0275362,0.0717391,0.0482609,0.0489855,0.0392754,0.0930435,0.36058,0,0.0175362,0.169319,0.183435,0.0332609,0.142203,0.0765362,0.0554348,3.11362,24.5507,310.217,0.391304
0.362453,0.0635849,0.380943,0,0.764717,0.025283,0.168491,0.151132,0.0503774,0.117925,0.00792453,0.490943,0.0260377,0.0137736,0.00603774,0.549623,0.254528,0.111321,1.85774,0.0981132,1.19528,0,0.240566,0.0683019,0.160566,0.0684906,0.140943,0.0722642,0.0156604,0.0511321,0.00962264,0.0318868,0.133208,0.0318868,0.0879245,0.0732075,0.136792,0,0.0632075,0.00962264,0.0811321,0.0669811,0.0267925,0.0669811,0.258679,0.148491,0,0.089434,0.0139811,0.079717,0.016,0.463377,0.174321,0,2.68328,22.1321,119.038,0.679245
0,0.0233333,0.155238,0,0.212222,0.0596825,0.0352381,0.116349,0.0528571,0.0855556,0,0.604762,0.0406349,0.0311111,0,0.260159,0.0528571,0.16127,1.77714,0,0.560635,0,0.106984,0.340476,0.692222,0.491746,0.191587,0.240635,0.238889,0.119683,0.118571,0,0,0,0.193333,0.0757143,0.0966667,0.0634921,0.184444,0.0352381,0.150317,0.409206,0.0461905,0.153175,0.50619,0.127302,0,0.0993651,0.104635,0.111619,0.031127,0.361968,0.058254,0.0712381,2.77276,11.9206,26.381,0.396825
0.100909,0.114848,0.181818,0,0.462424,0.0118182,0.108485,0.0672727,0.0384848,0.134242,0.0287879,0.545152,0.020303,0.0545455,0.0260606,0.481515,0.280909,0.21,2.51424,0.0245455,1.27939,0,0.211818,0.0569697,0.0460606,0.0257576,0.0727273,0.0363636,0,0,0,0,0,0,0,0.0872727,0.020303,0,0.019697,0.01,0,0.020303,0.0193939,0.0181818,0.229697,0.0545455,0,0.01,0.00742424,0.134727,0.0112727,0.399455,0.096303,0.0125152,3.52685,29.2121,110.273,0.848485
0.125902,0.0585246,0.291148,0,0.182131,0.035082,0.0395082,0.0467213,0.0285246,0.354754,0.0377049,0.518525,0.0736066,0,0.01,0.267541,0.110984,0.192459,1.31721,0.0327869,0.449344,0,0.0118033,0.0204918,1.3459,0.554426,0.240164,0.274098,0.16459,0.382787,0.130164,0.0372131,0.172787,0.0372131,0.220164,0.17623,0.251311,0.0140984,0.103115,0.122951,0.012459,0.102623,0.00655738,0.107377,0.120492,0.064918,0,0.0296721,0.0224262,0.163213,0.00598361,0.110574,0.0184426,0.254508,1.90744,8.2623,59.9344,0.196721
0.0333333,0.0922222,0.427374,0,0.194545,0.0143434,0.0960606,0.0483838,0.00757576,0.170303,0.0308081,0.642222,0.0971717,0.0716162,0,0.200101,0.0533333,0.288485,3.37838,0.0383838,0.879899,0,0,0.0161616,0.0764646,0.0320202,0.496263,0,0.0810101,0.0858586,0,0,0.049798,0,0,0.0327273,0.0633333,0.0438384,0.0244444,0.00969697,0,0.240707,0.0805051,0.0306061,0.483333,0.101313,0,0.0344444,0.0222626,0.0795253,0,0.38497,0.00962626,0,1.31814,3.17172,18.2525,0.171717
0.0474167,0.04,0.31775,0,0.311417,0.0378333,0.0308333,0.00975,0.0423333,0.107833,0.0275,0.88975,0.0796667,0.0200833,0.0141667,0.0755,0.0373333,0.103083,1.73658,0.0105,0.366333,0,0,0.0175,0.2835,0.279417,0.426833,0,0.11825,0.0793333,0,0,0.0876667,0,0.0185,0,0.149167,0.0116667,0.06375,0,0.027,0.23275,0.022,0.147167,0.434583,0.189833,0,0.0545,0.02705,0.169425,0.000416667,0.150608,0.0089,0.001025,1.56284,4.66667,24.2083,0.0666667
0.282105,0.185263,0.398947,0,0.558947,0.266316,0.126316,0.206053,0.475789,0.534737,0.106053,0.64,0.0571053,0.316579,0.187895,0.238421,0.337632,0.0802632,1.88237,0.241316,1.43737,0.61,0.0921053,0.398947,0.210263,0.0589474,0.0242105,0.0115789,0.00394737,0.00394737,0.0173684,0.00394737,0.0881579,0.00394737,0.0173684,0.0273684,0.0668421,0.0139474,0.0123684,0.0413158,0,0.313421,0.00815789,0.0139474,0.0736842,0,0.00236842,0,0.0180263,0.141158,0.0128158,0.359684,0.210105,0.0759737,5.11216,111.5,640.132,0.684211
0.0926667,0.0464,0.2512,0,0.3952,0.101867,0.0489333,0.0992,0.0208,0.1444,0.0328,0.6284,0.0572,0.0114667,0.1412,0.242267,0.0645333,0.144,1.362,0.0056,0.717333,0.0429333,0.0797333,0.0678667,0.6928,0.4084,0.2164,0.267867,0.137067,0.1088,0.0953333,0.0628,0.0664,0.0628,0.155867,0.1952,0.221067,0.0102667,0.114,0.0934667,0.0705333,0.0582667,0.144267,0.120533,0.2768,0.302933,0,0.0157333,0.0398933,0.154747,0.0257467,0.142053,0.0746667,0.01024,2.25344,11.5067,105.093,0.32
0.0946809,0.043617,0.176809,0,0.151915,0.0468085,0.233404,0.344894,0.0642553,0.138723,0.097234,0.286596,0.0142553,0.133617,0.0297872,0.279362,0.214468,0.0970213,1.15574,0.0308511,0.59,0,0.177234,0.0544681,0.315319,0.300213,0.114043,0.340426,0.113617,0,0,0.0148936,0,0.0148936,0.20766,0.101064,0.419787,0,0.0321277,0,0,0.113617,0.0297872,0.0317021,0.361702,0.0229787,0,0.0353191,0.0304681,0.226915,0.01,0.277511,0.134681,0.0112766,3.52598,24.383,71.766,0.638298
0,0.543636,0.199394,0,0.169697,0,0.355152,0,0,1.21818,0,0.569697,0.0957576,0.0863636,0,0.0833333,0,0.0863636,2.63697,0,0.753939,0,0,0.19,0.378788,0.0657576,0.635152,0.527879,0,0,0,0,0.150606,0,0,0.0863636,0.406667,0,0.957576,0.126061,0.0387879,0,0.0569697,0.0715152,0.640606,0,0,0,0.077697,0.303333,0,0.0935152,0.0606364,0.0243939,3.69361,22.8485,40,0.30303
0,0,0,0,0,0,0,0,0,0,0,0,0,0,0,0,0,0,0,0,0,0,0,0,16.3043,1.09857,0,0,0,0,0,0,0,0,0,0,0,0,0,0,0,0,0,0,2.88357,0,0,0,0,0,0,0.0802143,0,0,4.16179,16.5714,25.5,0
0.10274,0.0815069,0.283288,0.113562,0.246164,0.0927397,0.0235616,0.147945,0.149726,0.176986,0.0861644,0.580411,0.1,0.019863,0.0216438,0.275068,0.173973,0.142877,1.37521,0.0808219,0.686301,0.504932,0.0968493,0.0942466,0.765479,0.194658,0.0493151,0.0371233,0.0568493,0.0391781,0.0157534,0.0157534,0.0515068,0.0157534,0.0371233,0.0884932,0.160959,0.0682192,0.0338356,0.0405479,0.0341096,0.0387671,0.0324658,0.00849315,0.0883562,0.0946575,0,0.0278082,0.194205,0.143918,0.0126849,0.207082,0.0720685,0.0526986,3.34805,42.3151,408.932,0.452055
0.0472093,0.132093,0.297326,0.0139535,0.33593,0.123605,0.118488,0.0812791,0.0626744,0.25093,0.0455814,0.498488,0.220581,0.0436047,0.118488,0.103605,0.102442,0.286744,1.30767,0.0427907,0.692674,0.482209,0.134767,0.0815116,0.720349,0.295465,0.200465,0.133953,0.111279,0.11907,0.0604651,0.0731395,0.0876744,0.0768605,0.0798837,0.106279,0.150581,0,0.0724419,0.0933721,0.0162791,0.0456977,0.0783721,0.034186,0.125814,0.0634884,0,0.0172093,0.0994419,0.194907,0.0329186,0.151093,0.119837,0.0589186,3.1793,24.6628,254.093,0.523256
0.152029,0.105652,0.277246,0.0276812,0.628696,0.167681,0.0704348,0.0946377,0.188551,0.208116,0.112754,0.713768,0.173333,0.0444928,0.0689855,0.137536,0.308261,0.184493,2.05377,0.116087,0.871304,1.18884,0.266957,0.186087,0.304203,0.0823188,0.0124638,0.0191304,0.00724638,0.00565217,0.0118841,0.0163768,0.0750725,0.00478261,0.0194203,0.0737681,0.0636232,0.00971014,0.00753623,0.00405797,0.0188406,0.0502899,0.0123188,0.00275362,0.0410145,0.052029,0.0127536,0.0115942,0.0662174,0.0976667,0.00473913,0.197797,0.112536,0.12758,4.19174,42.0725,466.71,0.724638
0.0571053,0.100526,0.271053,0.504211,0.250526,0.0907895,0.0705263,0.0381579,0.312368,0.232368,0.0497368,0.428158,0.0642105,0.0397368,0.118947,0.194474,0.0544737,0.129211,1.34211,0.201053,0.781579,1.41237,0.117632,0.0755263,0.390526,0.216579,0.0210526,0.0134211,0.0131579,0.0131579,0.0213158,0,0.0642105,0,0.136316,0.02,0.127105,0.00105263,0.00552632,0.0194737,0.00184211,0.0384211,0,0.0160526,0.0402632,0.0292105,0.00315789,0.00526316,0.0393684,0.168684,0.0271579,0.164368,0.0929737,0.127737,5.59918,77,1332,0.578947
0.0566667,0.094,0.242,0,0.368333,0.129667,0.042,0.147333,0.0746667,0.243667,0.113333,0.743667,0.113,0.0706667,0.006,0.393333,0.176333,0.0566667,1.40433,0.0103333,0.795333,0,0.0803333,0.046,0.592,0.411,0.0283333,0.296,0.052,0.213333,0,0,0.199,0,0.019,0.181,0.027,0.04,0.100333,0,0.0153333,0.0613333,0,0.291,0.071,0.014,0,0.0176667,0.00656667,0.1381,0.0013,0.0726,0.0331667,0.00313333,1.78563,7.26667,96.7667,0.2
0.0585714,0.228571,0.559286,0.035,0.750714,0.103571,0.606429,0.204286,0.0207143,0.435,0.0178571,0.670714,0.16,0.0164286,0,1.465,0.165714,0.283571,2.51143,0,0.992857,0,0.313571,0.137143,0.0921429,0.0564286,0.0207143,0.0414286,0.0357143,0.0178571,0,0,0,0.0342857,0.0414286,0.0164286,0.112143,0,0,0,0,0.0142857,0,0,0.208571,0,0,0.0714286,0.0437857,0.198143,0,0.3965,0.246214,0.0120714,12.047,250.143,482.5,0.785714
0.475,0,0.6,0,0,0,0,0,0,0,0,0.6,0,0,0,0,0,0,3.96,0,0.475,0,0,0,0,0,0,0,0,0,0,0,0,0,0,0,0,0,1.2,0,0.6,0,0,0,1.075,1.075,0,0,0.0985,0.072,0,6.7435,0,0,2.765,15,50,0
0.0188571,0.269429,0.299143,0,0.282857,0.0837143,0.254857,0.126571,0,0.322571,0.112286,0.269429,0.018,0.110286,0,0.361143,0.257714,0.330857,2.21343,0.0805714,1.02457,0.0428571,0.150286,0.133714,0.668286,0.299143,0.359429,0.179714,0.012,0.166857,0.012,0.0808571,0.0608571,0.0808571,0.0531429,0.012,0.162571,0,0.0985714,0.0397143,0.0485714,0.0217143,0.120286,0.032,0.261143,0.730286,0.0205714,0,0.0126857,0.1282,0.0104286,0.272286,0.0564,0.223829,2.46631,19.1714,95.6,0.514286
0.114231,0.101154,0.312115,0.0223077,0.305192,0.238462,0.117692,0.0123077,0.0657692,0.183846,0.0221154,0.416538,0.177885,0,0.0101923,0.378462,0.300577,0.132885,1.77019,0.0407692,0.876346,0.0496154,0.193654,0.1275,0.611346,0.39,0.190192,0.185769,0.0896154,0.215577,0.0821154,0.0821154,0.0580769,0.108077,0.106538,0.124231,0.0613462,0,0.196538,0.0907692,0,0.0136538,0,0,0.270962,0.224615,0,0.00634615,0.0158269,0.116808,0.00151923,0.416135,0.0376923,0.0372115,4.06867,41.9615,128.827,0.557692
0,0,0,0,0,0.0381818,0,0,0,0,0,0.0432468,0,0,0,0,0,0.0998701,0.0763636,0,0.0706494,0,0,0,0,0,0.297662,0,0,0,0,0,0,0,0,0,0,0,0,0,0,0.0498701,0,0,0.136364,0,0,0,0,0.103468,0.053,0.26574,0,0,1.08442,1.18182,3.81818,0.025974
0.195,0.5,0.4,0.095,0.58,0,0,0,0.39,0.19,0,0.2,0,0,0,0.1,0,0,0.195,0.19,0.39,0,0,0.2,0.095,0,0,0.095,0,0,0,0,0,0.19,0,0,0,0,0,0,0,0,0,0,0,0,0,0,0,0.035,0,0.4155,0.7295,0.015,1062,2123,2124,1
0.426923,0.549231,0.584615,0,0.217692,0.500769,0.0838462,0.38,0.785385,0.916154,0.0869231,0.516923,0.281538,0.0353846,0.650769,0.210769,0.263846,1.25077,2.39769,0.687692,1.42538,0.0238462,0.942308,0.523077,0,0,0,0,0,0,0,0,0.0253846,0,0.0976923,0.0323077,0,0.0276923,0,0,0,0,0.0284615,0,0.0553846,0,0,0,0.0221538,0.0529231,0.124462,0.440923,0.172923,0.0377692,13.3378,465.385,951.615,1
0.119474,0,0.33,0,0,0,0,0,0,0.861579,0,0,0,0,0,0.404737,0,0,5.75421,0,0.218947,0,0,0,0.0952632,0,0,0,0,0,0,0,0,0,0,0,0,0,0,0,0,0,0,0,0.187895,0,0,0,0.0544211,0.076,0,0.036,0,0,1.14032,1.31579,3.36842,0.105263
0.593953,0.141163,0.650465,0,0.173256,0.0481395,0.0413953,0,0,0.132093,0.511628,1.35279,0,0.0539535,0,0.227442,0.0269767,0.0506977,1.41326,0,4.30535,0,0,0.485349,0.103023,0.100465,0.140233,0.0539535,0,0.0937209,0,0.116977,0,0.116977,0.027907,0,0.0374419,0,0.0527907,0,0,0.055814,0,0.0269767,0.0893023,0.0269767,0,0.0565116,0,0.0742093,0,0.61493,0.0769535,0.0044186,4.73647,27.3488,54.5814,0.44186
0.102273,0.122727,0.408182,0.0131818,0.229773,0.0777273,0.0877273,0.139545,0.0356818,0.188182,0.105227,0.51,0.0970455,0.00681818,0,0.429318,0.14,0.318636,1.94545,0.156591,0.958864,0.0677273,0.158409,0.107273,0.170682,0.0881818,0,0.0261364,0.0125,0.0561364,0,0,0,0.00681818,0.0695455,0.0520455,0.129545,0,0,0.0277273,0,0.00772727,0.0190909,0,0.185909,0.540455,0,0.0488636,0.0233636,0.127409,0.00488636,0.348568,0.124273,0.034,4.30273,64.3182,283.295,0.568182
0,0,0,0,0,0,0,0,0,0,0,0.535294,0,0,0,0,0,0,11.1124,0,1.25118,0,0,1.30882,0,0,1.06941,0,0,0,0,0,0,0,0,0,0,0,0,0,0,0,0,0,2.95,0.124706,0,0,0.022,0,0,0,0,0,1.05665,1.35294,5.41176,0.117647
0.24,0,0.1275,0,0,0,0,0,0,0,0,0.26,0,0,0,0,0,0,1.81063,0,0.1275,0,0,0,0,0,0,0,0,0,0,0,0,0,0,0,0,0,0,0,0,0,0,0,1.18062,5.7975,0,0,0.014125,0.218625,0,0.482625,0,0,1.01406,1.125,6.6875,0
0.10463,0.148148,0.325185,0.015,0.531667,0.141481,0.108889,0.0831481,0.047963,0.231481,0.0527778,0.671852,0.0598148,0.00981481,0.00296296,0.186481,0.122222,0.21,1.60556,0.0387037,0.991667,0,0.0927778,0.121481,0.63463,0.417963,0.227593,0.160926,0.119074,0.121481,0.07,0.103519,0.0453704,0.103519,0.109444,0.114259,0.185741,0,0.120556,0.0916667,0.0864815,0.075,0.101481,0.0316667,0.184444,0.195,0.0198148,0.00962963,0.0142593,0.141259,0.0243889,0.0970556,0.0396296,0.00966667,2.0783,14.6481,158.352,0.407407
0,0,0,0,0.194583,0,0,0,0,0,0,0.115417,0,0,0,0,0,0.2975,0.355,0,0.109583,0,0,0,7.77917,3.8875,3.59,3.8875,3.70583,3.8875,3.8875,3.59,0,3.59,3.8875,3.8875,0,0,0,3.59,0,0.17,0,0.109583,0,0,0,0,0,1.02562,0,0.0199583,0,0,3.07167,10.9167,32.0833,0
0.0859649,0.0317544,0.323158,0,0.292632,0.189825,0.0529825,0.12807,0.0375439,0.162982,0.0429825,0.467895,0.0921053,0.0421053,0.0140351,0.197018,0.200351,0.202456,1.25456,0.111053,0.724737,0,0.0901754,0.104035,0.708421,0.348772,0.137018,0.135439,0.135263,0.0978947,0.0636842,0.0407018,0.172281,0.0407018,0.10614,0.123684,0.140877,0.00245614,0.0140351,0.0854386,0,0.0219298,0.0980702,0.0424561,0.18386,0.07,0.00666667,0.0517544,0.0237368,0.161088,0.0221579,0.114737,0.0381053,0.00992982,2.05744,13.0702,192.281,0.403509
0.0887013,0.0419481,0.221688,0,0.304286,0.0622078,0.0867532,0.0311688,0.03,0.381558,0.0493506,0.539351,0.112987,0.0142857,0.00987013,0.106883,0.111299,0.0992208,1.36208,0.114286,0.501688,0.00753247,0.0567532,0.107922,0.588442,0.36974,0.335714,0.263636,0.151948,0.196753,0.097013,0.0893507,0.0548052,0.0893507,0.129221,0.18039,0.192727,0.00597403,0.181948,0.0893507,0.0258442,0.0703896,0.118052,0.103766,0.271299,0.115974,0.0211688,0.0588312,0.0348831,0.212519,0.00481818,0.262766,0.0268831,0.0258831,2.08469,9.33766,76.8701,0.298701
0,0,0,0,0,0,0,0,0,0,0,0,0,0,0,1.51455,0,0,0.605455,0,0,0,0,0,0,0,0.534545,0.534545,0,0.534545,0,0,0,0,0.534545,0,0,0,0,0,3.56364,0,0,0,0.605455,6.12545,0,0,0,0.0693636,0,2.95255,0,0,3.55818,7.63636,12.1818,0.0909091
0.107477,0.0605405,0.259189,0,0.247207,0.0634234,0.0272072,0.0681982,0.00846847,0.0882883,0,0.742883,0.0756757,0.0277477,0.00594595,0.172973,0.0116216,0.137928,2.04748,0.00603604,0.594054,0,0,0.0376577,0.305405,0.318919,0.228378,0,0.164234,0.0236937,0.0104505,0,0.0941441,0,0,0.0275676,0.235676,0.00954955,0.0438739,0,0.132342,0.321892,0.0140541,0.171802,0.455856,0.185135,0,0,0.0258018,0.107766,0.0113063,0.136595,0.0186126,0.0106757,1.52504,5.11712,30.6486,0.117117
0.0958065,0.162903,0.221452,0.0217742,0.289032,0.0425806,0.16129,0.180806,0.0435484,0.465323,0.0753226,0.375323,0.138387,0,0.0596774,0.127419,0.181935,0.219516,1.96613,0,0.718871,0,0.061129,0.0135484,0.807742,0.418548,0.33371,0.355968,0.108871,0.232581,0.107742,0.0880645,0.01,0.0880645,0.244516,0.132903,0.262097,0.00870968,0.177742,0.105484,0.0530645,0.0724194,0.154194,0.0203226,0.326774,0.263065,0,0.00870968,0.0241935,0.174,0.0283548,0.32979,0.0438387,0.00359677,2.49266,14.9032,81.7903,0.322581
0.250357,0.437143,0.680357,0.0664286,0.411786,0.207143,0.312857,0.143571,0.339643,0.888571,0.233571,0.770714,0.164286,0.0896429,0.309286,0.857857,0.327143,0.266429,1.7925,0.159286,1.59643,0.00607143,0.221071,0.219286,0.342143,0.158571,0.00857143,0,0,0.0260714,0,0,0.0482143,0,0.0257143,0.00857143,0.130357,0.0178571,0.00857143,0.0260714,0,0.0260714,0.00571429,0.0175,0.0957143,0.0510714,0,0.0275,0.00521429,0.139214,0.00532143,0.792429,0.261929,0.0711071,27.8009,344.643,663.429,0.928571
0.0192308,0,0.101429,0,0.102308,0,0,0.0646154,0,0.0687912,0,0.231538,0,0.08,0,0.101758,0,0,0.194505,0,0.0192308,0,0,0,0.106264,0.0882418,0.857802,0,0,0.0457143,0.137363,0,0.077033,0,0,0,0,0.0313187,0.0323077,0,0,0.244396,0,0.993956,1.28505,0.0332967,0,0.201429,0.0178022,0.0799341,0.061033,0.0529451,0,0,1.37509,2.40659,7.46154,0.021978
0.104615,0.206154,0.556923,0.505897,0.435897,0.169744,0.263846,0.177692,0.0558974,0.224359,0.125641,0.519487,0.0889744,0,0,0.397179,0.350256,0.429744,2.3459,0.453077,1.48513,0.0330769,0.134872,0.18641,0.0664103,0.0789744,0.00820513,0,0.0369231,0.0369231,0,0,0.00692308,0,0.0251282,0.0484615,0.162564,0,0.0761538,0.00487179,0,0,0.0364103,0.0194872,0.170256,0.0317949,0,0.0446154,0.00907692,0.0775641,0.0248718,0.433821,0.0723846,0.0308974,7.25072,128.692,302.769,0.871795
0.157073,0.247073,0.516098,0,0.287073,0.150488,0.0587805,0.06,0.241463,0.318537,0.0917073,0.840488,0.230976,0.107317,0.197073,0.202439,0.126829,0.252439,1.97854,0.0836585,1.01732,0,0.205366,0.210976,0.340976,0.0592683,0.0160976,0.0173171,0.00390244,0.00390244,0.0121951,0.00390244,0.0168293,0.00390244,0.0192683,0.0197561,0.0521951,0.00195122,0.00560976,0.0514634,0.00390244,0.117073,0.044878,0.0097561,0.0178049,0.00292683,0,0,0.213146,0.0997317,0.0137073,1.68095,0.388756,0.0213171,4.39644,58.3902,737.512,0.756098
0.119464,0.206071,0.455893,0,0.456786,0.129643,0.39875,0.103571,0.0382143,0.35125,0.175714,0.509286,0.169643,0.0771429,0.0633929,0.358393,0.171071,0.370179,2.17464,0.0825,1.11643,0.0291071,0.355714,0.0626786,0.196786,0.0796429,0,0.179464,0,0.0796429,0.00714286,0,0.297321,0,0.151786,0.108393,0.0857143,0,0.01,0.0832143,0,0.0646429,0,0.0264286,0.121964,0.0948214,0,0,0.0192321,0.0933393,0.00180357,0.558964,0.109857,0.0191786,5.23755,68.0714,194.75,0.714286
0.0801351,0.0413514,0.211757,0.017973,0.0956757,0.0589189,0.0383784,0.169459,0.0310811,0.167973,0,0.640135,0.151892,0,0.0755405,0.0648649,0.136486,0.188514,1.37,0.00864865,0.538784,0,0.108649,0.0681081,0.853108,0.502027,0.226622,0.285811,0.0836486,0.192027,0.0827027,0.0683784,0.151757,0.0683784,0.15027,0.121892,0.359865,0,0.188919,0.0863514,0.0751351,0.0974324,0.226216,0.0797297,0.406081,0.482162,0.0116216,0.0671622,0.00854054,0.202257,0.0360676,0.186919,0.0665135,0.0162027,2.36735,13.5,70.0946,0.256757
0,0.0854545,0.182727,0,0.742727,0,1.97455,0.984545,0.984545,1.07,0.984545,0.45,0,0.0972727,0,0.845455,2.74091,0.0818182,1.34636,0.984545,3.28,0,0.268182,0.0972727,0,0,0,0,0,0,0,0,0,0,0,0,0.400909,0,0.0972727,0,0,0,0,0,0,0,0,0,0,0.0524545,0,0.727909,0.125909,0.0907273,76.306,286.091,303.455,1
0.137778,0.166667,0.244444,0,0.936944,0.140278,0.356111,0.179167,0.0780556,0.310556,0.218611,0.584722,0.133056,0,0.344444,0.760278,0.265,0.309722,1.99167,0.5775,1.14972,0,0.294444,0.316389,0.0805556,0.0580556,0.0991667,0.0502778,0,0.0411111,0,0,0.103056,0,0.0675,0.05,0.0541667,0,0.110833,0.123611,0.00722222,0.045,0,0.0536111,0.174722,0.0144444,0,0,0,0.150111,0,0.359333,0.125472,0.553556,6.58214,65.9444,123.306,0.805556
0.471538,0.860769,0.89,0,0.442308,0.0292308,0,0.413077,0.0569231,1.75462,0.0569231,2.32,0,0.522308,0,0.413077,0,0,1.93154,0,4.95692,0.0292308,0.0569231,0,0,0,0,0,0,0,0,0,0,0,0,0,0.0284615,0,0,0,0,0,0,0,0,0,0,0,0,0.232308,0,1.48692,0.177385,0.0787692,61.6854,691.692,800.692,1
0,2.35,0,0,3.52,1.17,0,1.17,0,4.7,0,0,0,0,0,1.17,0,0,1.17,0,1.17,0,0,0,0,0,1.17,0,0,0,0,0,0,0,0,0,0,0,0,0,0,0,0,0,1.17,0,0,0,0,0.192,0,0,0,0,1,1,14,0
0,0.0862857,0.180571,0,0.386571,0.0222857,0.309714,0,0.0157143,0.248857,0,0.430571,0.190286,0.0891429,0,0.682857,0.0351429,0.407714,3.286,0,1.34143,0,0,0.0405714,0.439429,0.0245714,0.0742857,0,0,0,0,0,0,0,0,0,0,0,0,0,0,0.146286,0,0.0737143,0.423143,0.468571,0,0,0.00882857,0.0294571,0,0.1382,0.0262857,0,5.18289,50.3143,74.8571,0.4
0,0,0,0,0.833333,0,0,0,0,0,0,0,0,0,0,0,0,0,0,0,0,0,0,0,9.03417,4.285,0.925833,0,0,0,0,0,0,0,0,0.640833,0,0,0,0,0,0.7575,0,0.1125,0,0,0,0,0,0,0,0,0,0,1.37842,2.25,6,0
0.1704,0.2984,0.5356,0.5452,0.382,0.12,0.0712,0.064,0.3332,0.78,0.174,0.516,0.2012,0.0064,0.1924,0.3616,0.1584,0.6728,1.3444,0.1176,1.0436,1.0024,0.1664,0.3088,0.0704,0,0.0616,0.03,0,0.0176,0,0,0.024,0.0048,0,0.0112,0,0,0.0176,0.0596,0,0,0.0068,0,0.0264,0,0,0,0.00872,0.0464,0,0.56488,0.26516,0.12784,7.1546,142.8,941.08,0.96
0.144375,0.1775,0.398125,0,0.355625,0.09,0.051875,0.075,0.23625,0.890625,0.10375,0.671875,0.315,0.45125,0.139375,0.36875,0.063125,0.39875,1.75125,0.385625,1.07625,0.683125,0.0675,0.219375,0.12125,0,0.059375,0.009375,0,0,0.059375,0,0.009375,0,0.059375,0.015625,0.123125,0,0,0.085,0,0,0.004375,0,0.0425,0,0,0.024375,0.007,0.0794375,0.00525,0.278,0.10925,0.115125,9.35325,169.125,1134.06,0.75
0.0757143,0.131143,0.242143,0,0.256,0.0487143,0.114,0.0182857,0.0182857,0.223714,0.0362857,0.424571,0.270857,0.0182857,0,0.443143,0.047,0.128857,1.72629,0.0381429,0.757571,0,0.0754286,0.0534286,0.790714,0.551,0.546429,0.388286,0.209714,0.303429,0.215286,0.178714,0.149429,0.178714,0.494429,0.234,0.229857,0.00585714,0.343,0.191429,0.0838571,0.322857,0.153571,0.19,0.222143,0.137429,0,0,0.0107429,0.156857,0.0358571,0.234643,0.206729,0.00791429,2.21211,11.3143,43.9143,0.3
0.17303,0.129394,0.26697,0.00939394,0.264545,0.089697,0.0284848,0.262424,0.228788,0.348485,0.10303,0.509091,0.154242,0.0736364,0.0745455,0.282727,0.215455,0.203939,1.46545,0.151818,0.749394,0.771212,0.274545,0.245455,0.153333,0.0830303,0.0069697,0.00393939,0.00393939,0.0209091,0.0109091,0,0.105758,0.00393939,0.00636364,0.115758,0.186667,0.0130303,0.0212121,0.0254545,0.0163636,0.00212121,0.00727273,0.0169697,0.0348485,0.0924242,0.00333333,0.0260606,0.048697,0.12797,0.0460303,0.187697,0.175273,0.114303,5.79303,127.485,1660.36,0.545455
0,0,0.135625,0,0.2975,0.215,0,0.694375,0,0.439375,0,0.223125,0,0.215,0,0.403125,0,0.135625,3.0975,0,7.20437,0,0,0,0,0,0.709375,0,0.23125,0,0,0,0,0,0,0,0,0,0,0,0,0,0,0,1.0225,0,0.135625,0,0,0.067375,0,0.264438,0,0,1.20412,2.0625,7.8125,0.1875
0.0854545,0.0877273,0.311667,0.0131818,0.370152,0.0890909,0.0633333,0.167576,0.0872727,0.310455,0.0733333,0.439545,0.0963636,0.0257576,0.02,0.315,0.152727,0.203182,1.45606,0.0477273,0.884394,0.0280303,0.0836364,0.075,0.657273,0.384394,0.145303,0.139091,0.0622727,0.140909,0.099697,0.045,0.0993939,0.045,0.085,0.110909,0.313485,0.0230303,0.113939,0.0548485,0.0121212,0.0340909,0.0904545,0.136818,0.153182,0.103333,0.0107576,0.0386364,0.0254848,0.218818,0.0222424,0.150955,0.0593636,0.0478182,2.65394,22.4848,218.121,0.454545
0.096,0.008,0.196,0.008,0.092,0.118,0,0.058,0.058,0.188,0.074,0.082,0.072,0,0.038,0.088,0.078,0.076,0.608,0.008,0.242,1.906,0.138,0.11,0,0,0,0,0,0,0,0,0,0.028,0,0.008,0,0,0.016,0,0,0,0,0,0.038,0,0,0,0.4302,2.0094,0.009,0.3924,0.375,0.4024,57.5034,2297.8,10648.8,1
0.10375,0.100833,0.179167,0,0.111667,0.0504167,0.0120833,0.0716667,0.284167,0.140417,0.0475,0.599583,0.100417,0.04,0.0175,0.04,0.102917,0.01375,0.575417,0.03125,0.288333,0,0.02875,0.0966667,2.07292,0.3675,0.0433333,0.0183333,0.0245833,0.06875,0.0220833,0.01125,0.18,0.01125,0.04625,0.17125,0.258333,0,0.0233333,0.01125,0.0729167,0.0304167,0.0570833,0.005,0.0445833,0.169583,0.0191667,0.06625,0.124625,0.207333,0.0174167,0.029375,0.0322917,0.00075,2.96654,35.5,676.833,0.125
0.0895385,0.0449231,0.380615,0,0.143846,0.0747692,0.128462,0.103692,0.156154,0.171385,0.0404615,0.329538,0.0143077,0.176923,0.0178462,0.575692,0.0712308,0.234769,1.75708,0,0.807231,0,0.0326154,0.0709231,0.657846,0.579846,0.316,0.229846,0.136,0.240615,0.277077,0.136,0.0184615,0.136,0.207231,0.207231,0.216923,0,0.134308,0.136,0.112308,0.0935385,0.114462,0.218,0.521385,0.485385,0,0,0.00829231,0.157908,0.0139692,0.274738,0.0456615,0.0304,2.57234,13.3385,36.7846,0.384615
0.1555,0.1345,0.41325,0.02825,0.3425,0.078625,0.13875,0.199,0.14175,0.434,0.09775,0.432875,0.0965,0.03,0.1,0.3935,0.286125,0.2655,1.69925,0.269125,1.0615,0.89025,0.190125,0.104125,0.45375,0.238,0.095875,0.114375,0.039875,0.0535,0.072625,0.03,0.029875,0.03,0.077625,0.041625,0.12725,0.010875,0.04575,0.0915,0.011625,0.069125,0.03325,0.0665,0.132375,0.02375,0.03625,0.035,0.327438,0.157275,0.0173125,0.3635,0.236725,0.256588,4.48083,51.7125,349.375,0.625
0,0,0,0,0.859167,0,0,0,0,0,0,2.31667,0,0,0,0,0,0,0,0,0,0,0,0,0.539167,0.539167,1.85167,0,6.01583,0,0,0,0,0,0,0,0,0,0,0,0,9.475,0,0,0,0,0,0,0,0,0,0.142,0,0,1.32958,2.75,11,0
0.0692857,0.0988095,0.322619,0.012381,0.259762,0.111429,0.0519048,0.29619,0.320238,0.444762,0.107143,0.525238,0.0940476,0.108571,0.173095,0.214524,0.202619,0.159524,1.23929,0.161667,0.719286,0.573095,0.10619,0.108333,0.827381,0.223571,0.0204762,0.0316667,0.0135714,0.0383333,0.0328571,0.00452381,0.193095,0.00619048,0.121905,0.0578571,0.195714,0.00309524,0.0442857,0.0235714,0.005,0.0221429,0.00309524,0.005,0.0502381,0.0204762,0.00738095,0.0597619,0.0787143,0.143929,0.0320714,0.162476,0.118452,0.0833333,3.46564,44.5476,921.381,0.52381
0.0748889,0.0802222,0.307111,0,0.438,0.374667,0.175111,0.169778,0.02,0.226222,0.02,0.426222,0.177111,0.00866667,0.0124444,0.185111,0.132667,0.101333,1.84333,0,1.60178,0,0.205556,0.114889,0.640444,0.452444,0.156667,0.116889,0.0733333,0.214444,0.0506667,0.0455556,0.0522222,0.0455556,0.112889,0.0817778,0.124889,0,0.0426667,0.0455556,0.0444444,0.0142222,0.0531111,0.018,0.349556,0.252222,0,0.00622222,0.0367111,0.1448,0.0293556,0.146822,0.0964444,0.00288889,2.03304,11.0667,138.178,0.555556
0.105435,0.0943478,0.16,0.272826,0.306304,0.0971739,0.0495652,0.113696,0.251304,0.312609,0.0763043,0.672609,0.0858696,0.055,0.0182609,0.167826,0.197174,0.103261,1.165,0.0952174,0.608043,0.188261,0.12913,0.0678261,0.783043,0.319783,0.0278261,0.0219565,0.0228261,0.0469565,0.00195652,0,0.183696,0,0.0291304,0.0673913,0.206957,0.0165217,0.0306522,0.0143478,0.098913,0.0634783,0.00695652,0.0284783,0.0482609,0.581739,0.0497826,0.0358696,0.0632391,0.164217,0.0238043,0.103587,0.0600435,0.035087,3.39515,36.913,517.826,0.413043
0.0855072,0.0988406,0.247391,0,0.378261,0.0637681,0.115652,0.114203,0.0537681,0.150725,0.0413043,0.519275,0.0884058,0,0.0221739,0.124928,0.157826,0.258986,1.48087,0,0.482464,0,0.0321739,0,0.628116,0.446957,0.382609,0.191449,0.114493,0.150145,0.0769565,0.0731884,0.0786957,0.0731884,0.165652,0.173333,0.197971,0.0104348,0.143043,0.0908696,0.0146377,0.0186957,0.149855,0.0871015,0.261159,0.109275,0.00275362,0.0949275,0.0336522,0.15571,0.0175507,0.182348,0.0290145,0.0333333,1.95539,12.029,116.435,0.275362
0.0564286,0.0483333,0.34,0,0.316667,0.145476,0.035,0.226429,0.042619,0.202619,0.0607143,0.455714,0.0816667,0,0.0442857,0.212143,0.08,0.169524,1.36857,0.0430952,0.715238,0.0240476,0.101429,0.047381,0.794048,0.694048,0.305476,0.448333,0.225714,0.18,0.119524,0.0916667,0.0914286,0.0916667,0.295,0.235952,0.221429,0,0.204286,0.0916667,0.0680952,0.14619,0.167857,0.0795238,0.330714,0.0630952,0.00214286,0.0271429,0.0110714,0.16169,0.053,0.168214,0.0550238,0.028381,2.01869,11.9286,128.19,0.309524
0.106452,0.0990323,0.389032,0,0.229194,0.0848387,0.201935,0.0656452,0,0.146452,0.0508065,0.696935,0.105323,0,0.0580645,0.233387,0.0764516,0.111129,1.85613,0,0.642258,0,0.110806,0,0.223387,0.0417742,0.121935,0,0.0974194,0.0195161,0,0,0.166613,0,0.0359677,0.0593548,0.112903,0.0129032,0.197742,0,0.0477419,0.264677,0.0303226,0.0691935,0.257581,0.136774,0,0.0551613,0.0117097,0.123548,0,0.178452,0.0322742,0.016129,1.62861,5.64516,52.3871,0.225806
0,0,0,0,0,0,0,0,0,0,0,0,0,0,0,0.333333,0,0,0,0,0,0,0,0,0,0.119,20.292,0,0,0,0,0,0,0,0,0,0,0,0,0,0,0,0,0,0.0555,0,0,0,0,0.0292333,0,0.009575,0,0,1.2115,1.69167,5.44167,0
0.0402,0.0306,0.2566,0,0.2054,0.0534,0.0554,0.1596,0.0072,0.0922,0.0534,0.5774,0.132,0.0046,0.0248,0.0862,0.1092,0.4302,1.6084,0,0.5182,0,0,0.0126,0.4734,0.1388,0.1352,0.0674,0.0718,0.1226,0.0674,0,0.53,0,0.0794,0.1662,0.2004,0.0204,0.0512,0,0.0142,0.1148,0.0134,0.1788,0.1322,0.0486,0,0,0.01308,0.17608,0.02884,0.26856,0.00904,0.00588,1.58304,6.36,67.5,0.28
0.0851163,0.077907,0.402791,0,0.256977,0.195116,0.164651,0.251628,0.127674,0.173721,0.0972093,0.6,0.14186,0.0365116,0.00465116,0.340465,0.146279,0.095814,1.6614,0.326744,1.04,0,0.2,0.130465,0.53907,0.303721,0.092093,0.0772093,0.0388372,0.0804651,0.0290698,0.0239535,0.035814,0.0239535,0.0772093,0.0609302,0.216047,0.0127907,0.072093,0.064186,0.0072093,0.0255814,0.0186047,0,0.0993023,0.0237209,0,0.0576744,0.0074186,0.0961163,0.0191163,0.231953,0.149,0.051,3.46421,38.4884,185.512,0.581395
0.461667,0.345833,0.301667,0,0.160833,0.03,0.005,0.235833,0.516667,0.801667,0.258333,0.55,0.565,0.923333,0.0766667,0.171667,0.446667,0.121667,2.91,0.0075,1.35083,0,0.5975,0.550833,0,0,0,0,0,0,0,0,0,0,0.005,0.0266667,0,0,0.0141667,0.0916667,0,0,0,0,0.0591667,0,0,0,0.0159167,0.0771667,0,0.422917,0.53275,0.100583,13.3378,832.667,2500.5,1
0.111364,0.177727,0.831591,0.208182,0.656818,0.764773,0.376364,0.2125,0.677273,0.465,0.202727,0.761818,0.213636,0,1.43409,0.238182,0.112045,1.08477,1.71341,0.193409,0.844318,0,0.677273,0.164091,0.00204545,0.00204545,0,0,0,0,0,0,0,0,0.00659091,0,0.00659091,0,0,0.0575,0,0,0.123636,0.0181818,0.0663636,0.0536364,0,0,0.0128636,0.0865227,0,0.3995,0.154977,0.0156364,12.47,685.045,1389.55,1
0.1675,0.01375,0.25375,0,0.624375,0.1475,0.128125,0.04875,0.21,0.2325,0.341875,0.665,0.139375,0.3475,0.105625,0.84875,0.378125,0.146875,2.11125,2.64063,1.43313,0.36125,0.45125,0.209375,0,0,0,0,0,0,0,0,0.0225,0,0,0.04375,0,0,0.0425,0.02375,0,0,0.02875,0,0.01875,0.005,0,0.01375,0.00075,0.107688,0.0046875,0.37675,0.14925,0.110625,10.5103,454.5,1461.19,1
0.121707,0.440976,0.342439,1.72976,0.936341,0.144634,0.696341,0.152683,0.0580488,0.375854,0.0426829,0.635854,0.190976,0.0819512,0,0.730488,1.53659,0.239024,2.09098,0.274146,1.82732,0,0.0192683,0.160976,0,0,0,0,0,0.0236585,0,0,0,0,0,0.0521951,0.113659,0.0380488,0,0.00829268,0,0,0,0,0.00829268,0,0,0,0,0.123293,0,0.729683,0.212683,0.0322927,9.20393,136.756,194.512,0.926829
0.212549,0.197255,0.255686,0,0.445882,0.125098,0.238431,0.0884314,0.0380392,0.284314,0.075098,0.53451,0.0539216,0.00862745,0.0552941,0.442549,0.0966667,0.274902,2.14686,0.0384314,0.857843,0,0.0337255,0.111176,0.856275,0.560392,0.394118,0.513529,0.136078,0.144314,0.173725,0.259412,0.0415686,0.259412,0.25549,0.307647,0.149804,0,0.177647,0.15098,0.0239216,0.0686275,0.15549,0.169608,0.348627,0.0917647,0.0313725,0.017451,0.0217647,0.194706,0.00972549,0.215608,0.0242353,0.0164706,2.28343,12.6667,92.2353,0.392157
0,0,0,0,0,0,0,0,0,0,0,0,0,0,0,0,0,0,2.96143,0,0,0,0,0,0,0,0,0,0,0,0,0,0,0,0,0,0,0,1.58714,0,0,0,0,0,15.8071,0,0,0,0,0.326429,0,1.32257,0,0,1.43271,2.85714,7.71429,0
0.0606,0.1396,0.2878,0,0.336,0.112,0.115,0.0284,0.0246,0.2096,0.0306,0.5362,0.0918,0,0.022,0.1524,0.129,0.0888,1.0458,0,0.6644,0,0.0916,0.0094,0.9878,0.4628,0.2716,0.1964,0.11,0.1794,0.0868,0.0696,0.0816,0.0696,0.1378,0.1504,0.3192,0,0.1538,0.1044,0.319,0.0498,0.1672,0.0526,0.304,0.5552,0,0.0092,0.15284,0.17402,0.0205,0.07614,0.06168,0.0098,2.16804,15.54,173.16,0.28
0,0,0.536667,0,6.55667,0,0,0,0,0,0,0,0,0,0,0,0,0,0,0,0.536667,0,0,0,0,0,0,0,0.793333,0,0,0,0,0,0,0,0,2.46333,0,0,0,3.25667,0,0,0,0,0,0,0,0.098,0,0,0,0,1.08333,1.16667,4.33333,0.166667
