0.0949254,0.0504478,0.255597,0,0.279403,0.0738806,0.157985,0.0658209,0.00970149,0.16903,0.0575373,0.630522,0.0884328,0.0207463,0.0300746,0.169851,0.135373,0.0888806,1.71709,0.00335821,0.503358,0,0.0735075,0.0623881,0.319104,0.182388,0.202164,0.0464925,0.0347015,0.138284,0.0315672,0.00574627,0.19306,0.00574627,0.0759701,0.103134,0.156642,0.00410448,0.179179,0.00768657,0.123209,0.170896,0.023806,0.101343,0.239328,0.130522,0,0.0625373,0.0141791,0.11994,0.00851493,0.222694,0.0405075,0.00746269,1.67836,6.58209,44.5597,0.186567
0.0752066,0.0557851,0.305785,0.00719008,0.3,0.146198,0.0532231,0.0976033,0.0918182,0.199504,0.0353719,0.494628,0.0734711,0.0441322,0.0249587,0.208099,0.161901,0.163636,1.32058,0.0857025,0.705455,0,0.0855372,0.0834711,0.743719,0.410083,0.145207,0.139752,0.0977686,0.146198,0.0797521,0.0363636,0.124215,0.0363636,0.0966942,0.124628,0.255785,0.00115702,0.0712397,0.0649587,0.136777,0.0300826,0.0819008,0.0798347,0.182893,0.296364,0.00900826,0.0376033,0.0641405,0.199686,0.0270661,0.112917,0.0449339,0.0297521,2.35538,17.1901,196.719,0.396694
0.153478,0.124783,0.265435,0.00804348,0.295435,0.106304,0.0395652,0.230435,0.203696,0.299348,0.0923913,0.540435,0.148261,0.0695652,0.0623913,0.32413,0.210435,0.185652,1.49261,0.128696,0.707826,0.652609,0.261522,0.233478,0.461087,0.0893478,0.00586957,0.00543478,0.00326087,0.023913,0.0104348,0,0.0884783,0.00282609,0.0106522,0.118043,0.160217,0.00934783,0.0213043,0.0245652,0.0193478,0.00326087,0.0073913,0.0245652,0.0297826,0.0973913,0.0023913,0.0397826,0.0394565,0.123587,0.0373696,0.200739,0.163326,0.101739,5.77274,124.522,1677.87,0.543478
0.0846341,0.10839,0.293756,0.00395122,0.399268,0.221512,0.116683,0.0992683,0.0473171,0.242,0.0316585,0.581317,0.0828293,0.00936585,0.00331707,0.232683,0.12878,0.170537,1.47171,0.012,1.14917,0.00604878,0.101854,0.107512,0.63922,0.364829,0.260488,0.159659,0.118585,0.13761,0.0819024,0.077122,0.113951,0.077122,0.130732,0.110439,0.202146,0.00112195,0.104585,0.0843415,0.0546341,0.0522439,0.112585,0.0200976,0.249756,0.0868293,0.0129756,0.0169268,0.0304488,0.178902,0.0298976,0.168068,0.0636976,0.014561,2.38372,17.0293,153.015,0.439024
0.121707,0.440976,0.342439,1.72976,0.936341,0.144634,0.696341,0.152683,0.0580488,0.375854,0.0426829,0.635854,0.190976,0.0819512,0,0.730488,1.53659,0.239024,2.09098,0.274146,1.82732,0,0.0192683,0.160976,0,0,0,0,0,0.0236585,0,0,0,0,0,0.0521951,0.113659,0.0380488,0,0.00829268,0,0,0,0,0.00829268,0,0,0,0,0.123293,0,0.729683,0.212683,0.0322927,9.20393,136.756,194.512,0.926829
0.0946296,0.0922222,0.314259,0,0.1525,0.0647222,0.062963,0.0624074,0.105833,0.240926,0.0311111,0.407778,0.122778,0.107315,0.0107407,0.491481,0.0457407,0.158611,1.91546,0.0247222,0.856759,0,0.0474074,0.0372222,1.13222,0.695741,0.605556,0.436667,0.332778,0.407037,0.391759,0.294907,0.0407407,0.294907,0.483333,0.349907,0.207222,0.0037963,0.14963,0.303148,0.0758333,0.25787,0.142778,0.253519,0.332315,0.263889,0,0,0.00559259,0.190833,0.0378796,0.258824,0.116546,0.0234259,2.37866,12.3148,39.7963,0.277778
0.121563,0.259063,0.480156,0.308281,0.503906,0.216563,0.601719,0.0684375,0.0629687,0.285,0.09875,0.50875,0.0457813,0.003125,0.010625,0.355156,0.21875,0.429375,2.31625,0.340937,1.38594,0.179531,0.102031,0.155781,0.0625,0.048125,0.005,0.0220313,0.0225,0.0225,0.0146875,0,0.00421875,0,0.0420313,0.0378125,0.105938,0,0.0757812,0.00296875,0,0,0.0221875,0.011875,0.214688,0.02625,0,0.0271875,0.00767187,0.103359,0.0160625,0.438406,0.218109,0.04325,8.87014,132.172,331.5,0.859375
0.0668421,0.0652632,0.195789,0,0.411184,0.113947,0.270132,0.0386842,0.0571053,0.323158,0.0357895,0.4425,0.178289,0.0636842,0,0.619605,0.0461842,0.290263,2.3525,0.157763,0.837763,0.0727632,0,0.176053,0.0789474,0.0909211,0.0469737,0.0547368,0,0.0194737,0,0,0.0488158,0,0.0353947,0.0377632,0.0178947,0,0,0.0178947,0.00342105,0.0782895,0.00921053,0.0569737,0.268947,0.331974,0,0,0.0136447,0.0434737,0.00255263,0.231526,0.0368816,0.303408,5.21476,53.4605,93.9211,0.460526
0.161471,0.0581618,0.237574,0,0.246176,0.0793382,0.0566176,0.0180882,0.0174265,0.0958088,0.005,0.587206,0.10875,0.0236765,0.00485294,0.202426,0.0344853,0.167794,1.65213,0.0114706,0.515588,0,0.0103676,0.0266176,0.300515,0.386176,0.241397,0,0.184485,0.0439706,0.00852941,0,0.0561029,0,0.01,0.0631618,0.210441,0.00683824,0.0408824,0.00735294,0.0610294,0.276471,0.0114706,0.109338,0.392647,0.161912,0.0075,0.0397059,0.0177721,0.118522,0.00602206,0.123346,0.0142059,0.00595588,1.52782,4.86765,34.2721,0.139706
0.425667,0.128167,0.500333,0,0.144333,0.0476667,0.103667,0.084,0.031,0.113667,0.386833,1.0225,0,0.0585,0,0.261333,0.0193333,0.073,1.26567,0,3.22667,0,0,0.347833,0.432667,0.1745,0.1265,0.141167,0.052,0.0671667,0,0.0838333,0.0198333,0.0838333,0.046,0,0.248833,0,0.063,0,0,0.092,0,0.0193333,0.064,0.0373333,0,0.0405,0.0203333,0.151717,0,0.568683,0.0773167,0.00316667,4.72032,27.3333,57.5333,0.466667
0,0,0,0,0.396667,0,0,0.617222,0,0,0,0,0,0,0,0,0,0,2.02667,0,0.617222,0,0,0,0,0,0.505,0,0,0,0,0,0,0,0,0,0,0,0.617222,0,0,0,0,0,10.6122,0.427222,0,0,0,0.17,0,2.31867,0,0,1.30728,2.38889,6.83333,0.0555556
0.117589,0.0792857,0.293125,0.112054,0.305714,0.1125,0.0666964,0.157946,0.197054,0.297321,0.0640179,0.729375,0.120982,0.0967857,0.0202679,0.193125,0.189732,0.127768,1.40339,0.0888393,1.08813,0.237946,0.207589,0.0946429,0.707232,0.181607,0.0124107,0.0186607,0.0166071,0.03,0.00223214,0,0.093125,0.00169643,0.0241071,0.0617857,0.156607,0.0111607,0.0292857,0.0116964,0.0658929,0.0708929,0.0075,0.0180357,0.0707143,0.265714,0.0228571,0.0190179,0.0429821,0.163179,0.0200625,0.23175,0.0736696,0.0468482,4.40768,58.5536,536.018,0.598214
0,0,0,0,0,0,0,0,0,0,0,0,0,0,0,0.325203,0,0,0,0,0,0,0,0,0.0903252,0.116098,20.068,0,0,0,0,0,0,0,0,0,0,0,0,0,0,0.18065,0,0,0.0541463,0,0,0,0,0.0285203,0,0.00934146,0,0,1.20634,1.6748,5.45528,0
0.314865,0.276757,0.336486,0.00351351,0.248919,0.0745946,0.0389189,0.149459,0.425676,0.528919,0.214054,0.579189,0.367838,0.723243,0.0859459,0.259189,0.332432,0.11027,2.41297,0.0359459,1.0927,0.0454054,0.393784,0.371622,0.0959459,0.0994595,0.00162162,0.000540541,0.000540541,0,0,0,0.123243,0,0.00189189,0.0321622,0.133784,0.00297297,0.00243243,0.0391892,0.00432432,0.00216216,0.00621622,0.00378378,0.0594595,0.0194595,0.00189189,0.0156757,0.0328378,0.100892,0.0108919,0.335595,0.430541,0.0987568,7.64754,346.757,2344.32,0.864865
0.0214865,0.104459,0.314054,0,0.242568,0.0404054,0.0568919,0,0,0.147838,0.012973,0.617027,0.0358108,0.0337838,0,0.0960811,0,0.383243,4.6223,0,0.901757,0,0,0,0.0652703,0.0317568,0.406351,0,0,0.0635135,0,0,0.137297,0,0,0.0240541,0.0328378,0,0.0163514,0.0158108,0,0.102568,0.0612162,0.0767568,0.686892,0.318649,0,0.0122973,0.0140405,0.0717973,0.00445946,0.50027,0.0128784,0,1.39043,3.47297,15.2162,0.148649
0.0964198,0.111111,0.355926,0,0.510617,0.129259,0.11037,0.171111,0.0738272,0.315309,0.0981481,0.594815,0.0733333,0.0133333,0,0.33679,0.347284,0.282593,1.9658,0.141852,1.01901,0.12963,0.204444,0.0869136,0.231235,0.0861728,0.0264198,0.0269136,0.00481481,0.0448148,0.00481481,0.00864198,0.0239506,0.0125926,0.0460494,0.0798765,0.110988,0,0.0208642,0.0451852,0,0.00419753,0.0181481,0.0212346,0.229012,0.284691,0,0.027284,0.060284,0.111802,0.00940741,0.344827,0.123481,0.0572593,4.2528,67.7407,263.506,0.666667
0.0966842,0.113526,0.213474,0.00710526,0.32,0.0541053,0.111158,0.0901053,0.0312632,0.367842,0.0545789,0.598684,0.111211,0.00710526,0.0249474,0.110105,0.116,0.141105,1.60237,0.0483684,0.574789,0.00305263,0.0491579,0.0627895,0.651,0.423263,0.286053,0.337737,0.120053,0.170789,0.104895,0.0819474,0.0821579,0.0819474,0.168421,0.172,0.194158,0.00526316,0.145211,0.0844211,0.0337368,0.0741053,0.106368,0.0978947,0.251421,0.168158,0.0128421,0.0436316,0.0253789,0.1827,0.0135947,0.239542,0.0312,0.0150158,2.17769,11.1842,81.1053,0.268421
0.171838,0.0804324,0.322,0.00697297,0.483568,0.0980541,0.118973,0.137784,0.0441622,0.176486,0.0296216,0.510486,0.0798919,0.00394595,0.0230811,0.237189,0.173892,0.188541,1.68195,0.0378919,0.828486,0.00545946,0.118919,0.0360541,0.554649,0.410865,0.249514,0.208378,0.0984324,0.124054,0.0585946,0.0589189,0.0871892,0.0621081,0.147622,0.133568,0.175027,0.00389189,0.106811,0.060973,0.0441622,0.0520541,0.103514,0.0702703,0.281514,0.158973,0.00151351,0.0551892,0.0238324,0.139043,0.0210054,0.286768,0.0759838,0.019827,2.20031,14.9027,122.714,0.427027
0.0928986,0.0873913,0.265942,0.277681,0.258841,0.0771014,0.065942,0.0634783,0.295217,0.362899,0.0817391,0.461304,0.134783,0.145797,0.093913,0.283913,0.0591304,0.246812,1.34826,0.248696,0.882464,0.87,0.0985507,0.0943478,0.372899,0.174783,0.0310145,0.0185507,0.00855072,0.016087,0.0324638,0.00130435,0.0776812,0.00130435,0.10058,0.0236232,0.166522,0.00057971,0.0166667,0.0389855,0.00971014,0.0353623,0.00869565,0.0111594,0.0413043,0.0491304,0.015942,0.0382609,0.0344928,0.153725,0.0202754,0.224087,0.127522,0.104116,6.15028,101.159,1231.72,0.594203
0.0216529,0.0539669,0.300826,0,0.391736,0.0620661,0.0506612,0.0782645,0.0134711,0.082562,0.0101653,0.673223,0.0952066,0.0556198,0,0.116116,0.0565289,0.14595,0.973636,0,0.362479,0,0,0.0139669,0.254876,0.133306,0.365785,0,0.469917,0.031405,0,0,0.146281,0,0,0.0147107,0.0612397,0.0358678,0.077438,0,0.0128926,0.908264,0.0431405,0.166612,0.437934,0.237934,0,0.0206612,0.0146281,0.0753719,0.0147686,0.119802,0,0.00101653,1.47363,3.58678,17.7438,0.0991736
0.0453049,0.037561,0.317256,0,0.256707,0.0351829,0.0342073,0.0123171,0.0256098,0.103293,0.0312195,0.912561,0.0653049,0.0337195,0.0103659,0.119939,0.0273171,0.0865244,2.12268,0.0308537,0.481524,0,0,0.0259756,0.305,0.297988,0.410244,0,0.0975,0.07,0,0,0.0694512,0,0.0353049,0.0139024,0.155915,0.015,0.0763415,0.00585366,0.0442683,0.202683,0.0052439,0.116768,0.412622,0.148354,0,0.062439,0.0259817,0.15886,0.00610366,0.160232,0.00727439,0.00453659,1.58652,4.93902,25.0915,0.0914634
0.0541538,0.139231,0.382615,0,0.608462,0.121846,0.282308,0.147692,0.0710769,0.224769,0.119692,0.656308,0.0718462,0,0.190769,0.295077,0.328923,0.440462,2.12231,0.436,1.298,0.181692,0.252308,0.103846,0.334615,0.144615,0.0567692,0.133231,0.0210769,0.127846,0.0210769,0.0210769,0.0246154,0.0210769,0.0401538,0.0516923,0.0947692,0,0.157385,0.0933846,0.0163077,0.0438462,0.00553846,0.0147692,0.169077,0.0421538,0,0,0.00404615,0.142692,0.001,0.3148,0.0908462,0.0360923,5.83712,59,142.908,0.661538
0.185824,0.125275,0.328571,0.00120879,0.35033,0.152967,0.0761538,0.167802,0.333187,0.327143,0.0973626,0.646923,0.076044,0.123407,0.090989,0.18044,0.332967,0.0771429,1.45,0.209011,1.05747,0.345055,0.0632967,0.240659,0.866923,0.185495,0.0279121,0.0121978,0.00461538,0.0249451,0.0195604,0.00461538,0.103407,0.00582418,0.0195604,0.0582418,0.160989,0.0206593,0.0167033,0.0325275,0.0508791,0.142418,0.017033,0.0150549,0.0571429,0.0901099,0.00604396,0.0118681,0.125297,0.184692,0.0147582,0.270308,0.13022,0.0888791,4.20715,73.5275,628.11,0.494505
0,0.498333,0.2425,0,0.185278,0,0.436667,0,0,1.11667,0,0.522222,0.0877778,0.0791667,0,0.0763889,0,0.0791667,2.47944,0,0.720833,0,0,0.174167,0.130556,0.125556,0.582222,0.483889,0,0,0,0,0.138056,0,0,0.0791667,0.443889,0,0.877778,0.115556,0.0355556,0,0.0522222,0.0655556,0.587222,0.213611,0,0,0.0712222,0.289028,0,0.0910556,0.0555833,0.0223611,3.67814,22.5833,40.6944,0.333333
0.0814667,0.0333333,0.2496,0,0.114667,0.0476,0,0,0.0241333,0.365333,0,0.121333,0.074,0,0,0.151867,0,0.0289333,6.9532,0,1.30867,0,0,0.296667,0.0241333,0,0.825733,0,0.0493333,0,0,0,0.0833333,0,0,0,0,0,0.0578667,0,0,0,0,0,1.03573,0.676667,0.0289333,0.0634667,0.0127867,0.04732,0,0.173413,0,0,1.17835,1.77333,6.57333,0.08
0.156667,0.0848077,0.261923,0,0.272372,0.0316667,0.0104487,0.0566026,0.0125641,0.130962,0,0.504167,0.0711538,0.101026,0,0.258846,0.0182692,0.132885,0.924423,0.133846,0.348333,0,0.0135897,0.0582692,0.208654,0.0867949,0.833333,0,0.23391,0.0266667,0,0,0.277564,0,0.128205,0,0,0.0708974,0.0755128,0,0.0660256,0.396538,0.0228846,0.178141,0.602115,0.333205,0.0187179,0.0533974,0.0329744,0.119295,0.0141026,0.119583,0.0114167,0,1.38853,2.92308,10.9936,0.0576923
0.102874,0.11092,0.253218,0.0133333,0.305402,0.108966,0.147701,0.0713793,0.016092,0.163563,0.0324138,0.396437,0.0985057,0,0.0302299,0.537471,0.139655,0.10092,1.92943,0.0128736,0.863218,0.0654023,0.181034,0.0865517,0.337241,0.221839,0.19023,0.0775862,0.0537931,0.0901149,0.0493103,0.0493103,0.0486207,0.0648276,0.104943,0.129425,0.0206897,0,0.121724,0.0582759,0.0037931,0.0183908,0.00735632,0.0183908,0.265287,0.116322,0,0.0293103,0.0101494,0.134287,0.0161034,0.436943,0.0696437,0.0291724,3.75376,34.4943,121.77,0.632184
0.4672,0.7208,0.7428,0.3664,0.3468,0.2716,0.0656,0.4024,0.4188,1.3644,0.0604,1.4292,0.1212,0.2716,0.3344,0.2872,0.1692,0.6348,2.064,0.3444,3.2556,0.0152,0.5196,0.2464,0,0,0,0,0,0,0,0,0.0132,0,0.0508,0.0168,0.0148,0,0,0,0,0,0.0076,0,0.0248,0,0,0,0.027,0.14768,0.06472,0.95372,0.17836,0.06036,39.2918,602.2,882.64,1
0.124035,0.152982,0.259123,0.809474,0.444561,0.117281,0.0501754,0.0979825,0.233333,0.185789,0.100702,0.697193,0.145263,0.0387719,0.0545614,0.208947,0.259386,0.180526,1.81254,0.0723684,0.792544,0.72114,0.197544,0.152193,0.592018,0.108684,0.0626316,0.0163158,0.0225439,0.00929825,0.0119298,0.0146491,0.0780702,0.0114035,0.0268421,0.0702632,0.0922807,0.0245614,0.015614,0.00719298,0.0114035,0.0376316,0.0166667,0.00535088,0.0594737,0.0473684,0.0077193,0.015,0.0928947,0.109561,0.00657895,0.195377,0.106202,0.0820789,4.559,47.4123,451.43,0.605263
0.129583,0.209722,0.431806,0.594583,0.276389,0.120139,0.0483333,0.112917,0.26,0.315694,0.0713889,0.80875,0.209028,0.125278,0.13,0.149583,0.144306,0.187083,1.73278,0.150972,0.950694,0,0.128194,0.174028,0.717361,0.12875,0.0215278,0.0234722,0.0144444,0.0180556,0.0204167,0.00222222,0.0694444,0.00222222,0.0355556,0.0625,0.0911111,0.00194444,0.0173611,0.035,0.00222222,0.0723611,0.0354167,0.0102778,0.0261111,0.00166667,0,0.0213889,0.140569,0.130917,0.017875,1.03196,0.256306,0.0185694,4.10265,61.0833,755.875,0.597222
0.096,0.008,0.196,0.008,0.092,0.118,0,0.058,0.058,0.188,0.074,0.082,0.072,0,0.038,0.088,0.078,0.076,0.608,0.008,0.242,1.906,0.138,0.11,0,0,0,0,0,0,0,0,0,0.028,0,0.008,0,0,0.016,0,0,0,0,0,0.038,0,0,0,0.4302,2.0094,0.009,0.3924,0.375,0.4024,57.5034,2297.8,10648.8,1
0.111359,0.108043,0.26413,0,0.211413,0.0543478,0.129185,0.0693478,0.0175543,0.237717,0.0558696,0.636576,0.0807609,0,0.0334239,0.213641,0.0947283,0.193533,1.70092,0.0229348,0.575652,0,0.0603261,0.00679348,0.921087,0.411957,0.184565,0.246793,0.161196,0.271359,0.128315,0.0596739,0.203859,0.0596739,0.249511,0.128261,0.207337,0.00434783,0.108261,0.0857609,0.0253261,0.203859,0.044837,0.0728804,0.212065,0.352283,0,0.0185326,0.011087,0.142995,0.00570109,0.241783,0.0199457,0.162652,2.09449,9.91848,54.1304,0.266304
0.124369,0.15301,0.389223,0.138932,0.297961,0.119612,0.088835,0.185922,0.42767,0.51534,0.123107,0.532718,0.128447,0.0634951,0.135728,0.270291,0.145631,0.371553,1.42854,0.176796,0.934078,0.91165,0.12466,0.198058,0.470777,0.150583,0.0302913,0.0246602,0.00553398,0.0266019,0.0197087,0.00184466,0.122816,0.00368932,0.124757,0.0316505,0.136505,0.00174757,0.0326214,0.0313592,0.00932039,0.0270874,0.00524272,0.0121359,0.0366019,0.0365049,0.00640777,0.0286408,0.0586214,0.106913,0.043534,0.362107,0.180175,0.104767,4.71909,77.699,971.097,0.68932
0.0668421,0.0809474,0.185895,0,0.145263,0.0350526,0.11,0.335053,0.115684,0.0798947,0.0415789,0.289579,0.0445263,0.175158,0,0.480526,0.210632,0.102842,1.50474,0.0321053,1.02684,0.0308421,0.174,0.0647368,0.268842,0.284211,0.172316,0.0650526,0,0.0350526,0.0165263,0.0185263,0.0481053,0.0185263,0.0558947,0.108421,0.0948421,0,0.0175789,0.0166316,0,0.0375789,0.008,0.0198947,0.422842,0.0625263,0,0.0174737,0.00532632,0.132032,0.00924211,0.354232,0.122989,0.00642105,3.91313,29.1263,81.3263,0.705263
0.151343,0.146716,0.826866,0.00283582,0.707612,0.520149,0.272836,0.136716,0.56597,0.458209,0.203284,0.601194,0.150746,0.0797015,0.967015,0.304776,0.11209,0.760149,1.5091,0.820448,0.926119,0.0862687,0.517612,0.144478,0.051194,0.00134328,0.021791,0.00716418,0,0.00865672,0,0,0.00313433,0.00567164,0.00432836,0,0.0129851,0,0,0.0401493,0,0,0.0835821,0.0119403,0.0447761,0.0364179,0,0,0.00285075,0.0761343,0.0011194,0.448209,0.160104,0.019791,108.883,790.104,1415.94,0.985075
0.0333824,0.0429412,0.205441,0,0.326912,0.0552941,0.106618,0.196912,0.0489706,0.0823529,0.0133824,0.610441,0.0376471,0.0463235,0,0.330147,0.0783824,0.148676,2.15059,0,0.755147,0,0.113824,0.308529,0.297647,0.164706,0.144853,0.182206,0.164853,0.0701471,0.0691176,0,0.0525,0,0.0294118,0.0294118,0.0952941,0,0.185735,0.0326471,0.132353,0.325,0.0680882,0.184412,0.662941,0.163824,0,0.0376471,0.0291471,0.0981324,0.0235735,0.391147,0.0757206,0.0571765,2.65518,11.9412,29.0588,0.441176
0.130777,0.0686408,0.305437,0.0150485,0.286117,0.113592,0.075534,0.139806,0.0581553,0.213981,0.0483495,0.481845,0.0961165,0.0337864,0.000873786,0.217476,0.195243,0.128544,1.48243,0.152913,0.710777,0.717087,0.157961,0.0714563,0.760874,0.285728,0.100874,0.0402913,0.061165,0.0482524,0.0521359,0.0123301,0.0856311,0.0152427,0.0394175,0.0596117,0.243398,0.00184466,0.0164078,0.0318447,0.0480583,0.0323301,0.0372816,0.0690291,0.123786,0.256893,0.00718447,0.0224272,0.245476,0.174728,0.0296311,0.215417,0.0940583,0.158825,3.7923,34.8738,314.825,0.466019
0.10878,0.028878,0.207659,0.00648781,0.179512,0.0805854,0.088,0.152976,0.0129756,0.160341,0.028,0.515756,0.0980488,0.00112195,0.043122,0.116146,0.124049,0.234341,1.50961,0.0064878,0.645073,0,0.0369756,0.0369756,0.79722,0.39439,0.232927,0.292,0.0874146,0.16439,0.0769756,0.0468293,0.248488,0.0468293,0.196439,0.132976,0.281268,0.00917073,0.138927,0.055122,0.0495122,0.108683,0.125317,0.138293,0.351805,0.290439,0.00419512,0.0382927,0.0167512,0.185107,0.0263902,0.214239,0.0579268,0.0285756,2.19375,11.5415,66.3561,0.302439
0.219062,0.405938,0.650312,0.0734375,0.365938,0.18125,0.319688,0.125625,0.314063,0.860625,0.215625,0.77125,0.14375,0.096875,0.270625,0.930625,0.3275,0.23875,1.85531,0.145,1.52562,0.0053125,0.193438,0.223438,0.299375,0.13875,0.0075,0,0,0.0228125,0,0,0.0421875,0,0.0225,0.0146875,0.12125,0.026875,0.0075,0.0228125,0,0.0228125,0.010625,0.0153125,0.110625,0.0446875,0,0.0240625,0.0094375,0.125656,0.00465625,0.753812,0.231156,0.0675,25.445,340.531,656.719,0.9375
0.125,0.1975,0.491833,0,0.481333,0.145167,0.352667,0.154,0.0771667,0.37,0.125167,0.5835,0.1265,0.034,0.0713333,0.3745,0.2625,0.331,2.1545,0.133833,1.145,0.0271667,0.360833,0.0661667,0.1285,0.072,0,0.129333,0,0.0593333,0.00666667,0,0.344667,0,0.117667,0.0105,0.0925,0,0,0.0966667,0,0.0565,0.00866667,0.0153333,0.1235,0.084,0,0.0118333,0.00996667,0.0832167,0.00101667,0.5786,0.118033,0.0166167,5.18285,70.15,200.483,0.716667
0.0282759,0.0748276,0.247586,0,0.605172,0.0334483,0.953103,0.458276,0.381724,0.457586,0.382069,0.785862,0.00689655,0.0368966,0.00827586,0.749655,1.27103,0.115862,1.75138,0.373448,2.00034,0,0.156207,0.0868966,0.0444828,0.0272414,0.227241,0.02,0.0172414,0.00862069,0.217241,0,0,0.01,0.0682759,0,0.177931,0,0.0368966,0.655172,0,0.00689655,0,0,0.0710345,0,0,0.0344828,0.0157586,0.161276,0.0204828,0.386483,0.126724,0.0344138,38.6563,249.552,370.793,0.586207
0,0,0.0369444,0,0.0369444,0,0,0,0,0,0,0,0,0,0,0,0,0.275278,0,0,0.0369444,0,0,0,11.4319,2.95361,2.02889,2.30417,2.02889,2.30417,2.30417,2.02889,0,2.02889,2.30417,2.30417,0.0369444,0.111111,0.0369444,2.02889,0,0.111111,0,0,1.12139,0,0,0,0.0240278,0.565167,0.006,0.0505556,0,0,3.43781,13.0556,28.3056,0
0.137701,0.115057,0.376322,0.0349425,0.301839,0.103218,0.0729885,0.152184,0.188851,0.34977,0.103333,0.474943,0.118161,0.0314943,0.0981609,0.292069,0.198391,0.257356,1.50414,0.165632,0.924828,0.537586,0.173678,0.0996552,0.475977,0.231494,0.0872414,0.119195,0.0498851,0.0663218,0.0373563,0.0293103,0.0303448,0.0293103,0.0718391,0.0797701,0.12954,0.043908,0.0482759,0.102414,0.0393103,0.0866667,0.0467816,0.0128736,0.0851724,0.0724138,0.0248276,0.0466667,0.24608,0.163529,0.0172874,0.292368,0.0816322,0.117793,3.60985,45.4483,374.655,0.54023
0,0,0.020641,0,0.330192,0.0408974,0,0,0,0.0278205,0,0.058141,0,0.068718,0,0.0413462,0,0.0492949,0.205128,0,0.243397,0,0,0,0.573974,0.345962,0.364872,0,0.0305128,0,0.0801282,0,0,0,0,0.0492949,0,0.0947436,0,0,0,0.465833,0,0.452308,0.35109,0.272051,0,0.1175,0.00432692,0.0853397,0.0617628,0.185859,0,0,1.18821,1.55128,4.83333,0.0384615
0.092623,0.17623,0.386885,0,0.384262,0.130328,0.213279,0.228852,0.0619672,0.172787,0.138689,0.518525,0.158197,0.0454098,0.0408197,0.276721,0.15,0.226721,1.85197,0.263934,1.14508,0,0.273115,0.115246,0.469836,0.277705,0.0429508,0.11623,0.0168852,0.0759016,0.0204918,0.0168852,0.04,0.0168852,0.105902,0.130492,0.192295,0.00901639,0.0603279,0.0788525,0.00508197,0.0218033,0.0277049,0.0285246,0.11,0.0237705,0,0.044918,0.0164262,0.0812459,0.00467213,0.232443,0.131869,0.0355082,3.51159,41.9836,179.607,0.639344
0.0687826,0.125739,0.310783,0.0104348,0.385043,0.109217,0.107217,0.117739,0.0472174,0.281565,0.0667826,0.523739,0.192348,0.034087,0.090087,0.182348,0.123043,0.278957,1.37217,0.0506087,0.814435,0.318,0.13087,0.0849565,0.66313,0.295391,0.176957,0.114261,0.0986087,0.102087,0.0561739,0.0629565,0.0851304,0.0629565,0.0758261,0.0986087,0.157043,0.0138261,0.0714783,0.0826957,0.013913,0.0386087,0.0846957,0.0527826,0.125391,0.0623478,0,0.0189565,0.0442696,0.174278,0.0254696,0.167009,0.113365,0.0422783,2.97095,25.0174,246.504,0.521739
0.30617,0.144894,0.280426,0.0917021,0.0723404,0.106809,0.0193617,0.139787,0.221064,0.399574,0.144681,0.630213,0.341064,0.652766,0.0255319,0.158936,0.276596,0.12,1.86936,0.0476596,0.868511,0.0334043,0.447021,0.28766,0.0951064,0.0604255,0.00510638,0.00148936,0.00212766,0.00382979,0,0,0.309362,0,0,0.0297872,0.176383,0.00148936,0.00659574,0.017234,0.0246809,0.00765957,0.00446809,0.0159574,0.0421277,0.0568085,0.00978723,0.0502128,0.0292553,0.115766,0.00757447,0.24734,0.329319,0.0877872,5.44715,185.447,3357.47,0.744681
0,14.1478,0,0,0,0,0,0,0,0.132222,0,0,0,0,0,0,0,0,0,0,0,0,0,0,0,0,0,0,0,0,0,0,0,0,0,0,0,0,0,0,0,0,0,0,0.132222,0,0,0,0,0,0,0,0,0,1.77778,4.88889,9.02778,0
0.109171,0.105746,0.249116,0,0.380276,0.112376,0.138785,0.116796,0.0345856,0.237735,0.0834254,0.559392,0.0644199,0.0501657,0.0750829,0.351381,0.115525,0.224309,1.74718,0.0282873,0.861215,0.0260773,0.0872376,0.0807182,0.697293,0.386243,0.243481,0.265856,0.0937569,0.141989,0.0678453,0.0871823,0.0819889,0.0871823,0.113978,0.169006,0.158011,0.010884,0.118287,0.069116,0.0449171,0.0456354,0.117569,0.13105,0.244475,0.291657,0.0128177,0.0161878,0.0251657,0.144381,0.0153204,0.181961,0.0550221,0.0520608,2.20876,12.5249,100.033,0.38674
0,0.0326667,0,0,0.164,0,0.100889,0.0395556,0,0.332,0,1.10467,0,0.280667,0,0.419556,0,0.0326667,0.878889,0.0493333,0.0615556,0,0,0.234667,0,0,0.402222,0.227111,0.0853333,0.130667,0,0,0,0,0.216,0,0.0395556,0,0.160444,0,0.977778,0.0853333,0.0793333,0,0.130889,0.866667,0,0.074,0.0854667,0.12,0.0344444,0.279289,0,0.0166889,3.05951,9.64444,16.7778,0.111111
