0.0823913,0.305836,0.217116,0.00129469,0.228396,0.047657,0.0733575,0.0612174,0.0189614,0.164449,0.0319662,0.50356,0.0665121,0.0422609,0.0121836,0.193473,0.0549275,0.136643,1.65274,0.0234976,0.599604,0.000280193,0.0275217,0.0639903,0.622106,0.306135,1.56583,0.154164,0.161763,0.13985,0.0950628,0.0671643,0.110676,0.0671643,0.139058,0.110812,0.129667,0.0201304,0.104304,0.073256,0.0597633,0.240502,0.0434058,0.12943,0.479401,0.242072,0.00415459,0.0403623,0.0183633,0.132581,0.0153633,0.219969,0.0285739,0.023813,1.94265,7.9087,33.2802,0.180193
0.165254,0.142712,0.377571,0.000621469,0.299887,0.132994,0.0602825,0.162147,0.269153,0.276045,0.0801695,0.70678,0.119379,0.126554,0.0963277,0.177571,0.259774,0.112486,1.39689,0.148079,1.02627,0.177401,0.10678,0.201864,0.88661,0.14096,0.0216384,0.0138983,0.010791,0.0202825,0.0148588,0.00327684,0.0862712,0.00389831,0.0193785,0.0753672,0.14322,0.0123729,0.019322,0.0322034,0.0430508,0.11904,0.0231638,0.0142373,0.0396045,0.0639548,0.00310734,0.0145198,0.125282,0.169661,0.013322,0.574689,0.171147,0.0522316,4.04742,64.2203,651.073,0.531073
0.19,0,0.38,0,0,0.19,0,0,0,0,0.19,0.19,0,0,0,0.38,0,0.19,1.14,0,0.38,0,0,0,0,0,0,0,0,0,0,0,0,0,0,0,0,0,0,0,0,0,0,0,0,0,0,0,0.01,0.01,0,0,0,0.003,2.383,21,15841,1
0.25,0.125,0.21,0,0.105,0.115,0.01,0.175,0.175,0.41,0.105,0.48,0.25,0.46,0.01,0.165,0.21,0.01,1.625,0,0.745,0,0.47,0.23,0,0,0,0,0,0,0,0,0,0,0,0,0,0,0,0.01,0,0,0,0,0.01,0,0.01,0,0.005,0.5495,0,0.1625,1.067,0.067,7.136,361.5,3940,1
0.0895588,0.0873529,0.259118,0.281765,0.260588,0.0738235,0.0660294,0.0627941,0.291324,0.333088,0.0725,0.437647,0.133971,0.147206,0.0925,0.295294,0.06,0.260588,1.33926,0.204265,0.827353,0.837941,0.0917647,0.0923529,0.3825,0.176618,0.0314706,0.0188235,0.00867647,0.0163235,0.0329412,0.00132353,0.0819118,0.00132353,0.102059,0.0220588,0.172941,0.000588235,0.0169118,0.0395588,0.00985294,0.0358824,0.00441176,0.0105882,0.0438235,0.0498529,0.0161765,0.0388235,0.0325441,0.150515,0.0204265,0.226206,0.130691,0.108044,6.06766,94.5294,1216.01,0.588235
0.466,0.398,0.343,0,0.252,0.046,0.025,0.169,0.564,0.602,0.302,0.655,0.582,1.108,0.202,0.203,0.393,0.129,2.952,0.032,1.3,0,0.587,0.498,0,0,0,0,0,0,0,0,0,0,0.006,0,0,0,0,0.006,0,0,0.012,0,0.041,0.006,0,0,0.0086,0.0839,0,0.4366,0.6352,0.1195,7.2398,663.1,2384.7,1
0,0,0,0.04,0,0,0,0,0,0,0,0,0,0,0,0.02,0,0,0.02,0,0,0,0,0,0,0,0,0,0,0,0,0,0,0,0,0,0,0,0,0,0,0,0,0,0,0,0,0,1.024,9.752,0.003,1.542,1.785,1.998,239.571,9989,10062,1
0.0966667,0.0133333,0.2,0,0.153333,0.133333,0,0.0966667,0.0966667,0.313333,0.06,0.0733333,0.12,0,0.0633333,0.0133333,0.13,0.0633333,0.626667,0.0133333,0.276667,3.17667,0.23,0.183333,0,0,0,0,0,0,0,0,0,0.0466667,0,0.0133333,0,0,0.0266667,0,0,0,0,0,0.0633333,0,0,0,0.372333,0.095,0.014,0.14,0.03,0.00366667,15.1877,493,9113.67,1
0.288333,0.180417,0.294167,0.185,0.0866667,0.0958333,0.025,0.135417,0.2625,0.4075,0.138333,0.652083,0.319583,0.67,0.00375,0.134583,0.26375,0.0541667,1.92083,0.00416667,0.940417,0.0120833,0.5425,0.247083,0.0783333,0.0804167,0.00625,0.00291667,0.00208333,0,0,0,0.400417,0,0,0.03125,0.303333,0.00208333,0.00208333,0.00958333,0.02125,0.01,0.0075,0.0141667,0.0275,0.0591667,0.00666667,0.0675,0.041125,0.10575,0.0104583,0.225417,0.441125,0.089875,4.77542,137.125,3056.79,0.666667
0.108727,0.189636,0.712909,0.166545,0.616545,0.629091,0.314,0.155455,0.594909,0.350182,0.252727,0.716364,0.173091,0.0970909,1.13782,0.322727,0.188,0.889091,1.698,0.917091,0.952364,0.105091,0.614545,0.155455,0.00163636,0.00163636,0,0,0,0,0,0,0.00654545,0,0.00527273,0,0.00527273,0,0,0.0329091,0,0,0.110727,0.0145455,0.0545455,0.0443636,0,0,0.0105091,0.097,0.00136364,0.371436,0.153673,0.0251818,9.6024,628.182,1390.15,1
0.0982353,0.189647,0.373529,0.232118,0.543529,0.169059,0.822235,0.205647,0.174471,0.351059,0.200824,0.604471,0.0522353,0.0149412,0.0108235,0.494941,0.585882,0.308471,2.14082,0.384118,1.70012,0.0321176,0.126118,0.155882,0.0369412,0.0261176,0.0812941,0.0234118,0.0169412,0.0169412,0.0851765,0,0.00317647,0.00341176,0.0549412,0.0148235,0.0965882,0,0.0409412,0.223529,0,0.00235294,0.00894118,0.00894118,0.141529,0.00517647,0,0,0.00492941,0.125035,0.0176941,0.436059,0.236506,0.0387412,20.015,177.847,341.976,0.8
0.507826,0.65087,0.79087,0,0.315652,0.286957,0.0473913,0.425652,0.443478,1.40522,0.0573913,1.5087,0.123478,0.295217,0.363478,0.312174,0.0608696,0.673478,2.08696,0.346087,3.38652,0.0165217,0.564783,0.267826,0,0,0,0,0,0,0,0,0.0143478,0,0.0552174,0.0182609,0.016087,0,0,0,0,0,0,0,0.0269565,0,0,0,0.0125217,0.153087,0.0703478,1.01078,0.187478,0.0626957,41.1191,605.696,860.522,1
0.005,0.005,0.035,0,0.025,0,0,0.005,0.015,0.065,0.025,0,0,0.025,0,0,0.005,0.035,0.005,0,0.005,0,0,0,0,0,0,0,0,0,0,0,0.035,0,0,0.065,0,0,0,0.005,0.23,0,0,0.015,0,0.4,0.005,0.035,0.036,0.1615,0.075,0.012,0.056,0.012,3.0295,43.5,5648.5,0
0.272222,0.0488889,1.17,0,1.06556,0.0488889,0.17,0.0977778,0.496667,1.38556,0,0.195556,0.0488889,0,0.245556,0.162222,0,0.0977778,0.962222,0.672222,1.18667,0,0.0977778,0.0977778,0.223333,0,0.162222,0.0322222,0,0.0644444,0,0,0,0,0,0,0.0644444,0,0,0.0977778,0,0,0,0,0,0,0,0,0,0.002,0,0.718333,0.103222,0,368.539,1240.67,1443.78,0.888889
0.231724,0.222759,0.31,0.00206897,0.235517,0.082069,0.0472414,0.143103,0.317241,0.423448,0.15931,0.543793,0.286897,0.515172,0.0331034,0.274138,0.268621,0.0917241,2.06793,0.0362069,0.959655,0.057931,0.23931,0.293103,0.540345,0.0875862,0.00103448,0.000689655,0.00137931,0.0113793,0,0,0.16931,0,0.00862069,0.0617241,0.161724,0.00275862,0.00965517,0.0182759,0.0175862,0.00551724,0.00724138,0.0165517,0.0572414,0.072069,0.00241379,0.0506897,0.028931,0.108517,0.0101034,0.287621,0.327828,0.0816207,5.37979,133.414,2212.59,0.724138
0.126581,0.150085,0.393675,0.488205,0.304103,0.11812,0.0842735,0.182051,0.421624,0.501368,0.11641,0.573675,0.143932,0.0755556,0.123419,0.250427,0.157778,0.331709,1.50761,0.213761,0.983077,0.739915,0.114274,0.200769,0.487607,0.15906,0.0294017,0.0246154,0.00794872,0.0288889,0.0226496,0.00162393,0.116752,0.00324786,0.117607,0.0317094,0.132137,0.00153846,0.0374359,0.0305983,0.00820513,0.0266667,0.00555556,0.0107692,0.0386325,0.0321368,0.00564103,0.028547,0.0571368,0.11041,0.0436325,0.344154,0.166641,0.0883162,4.59294,77,946.35,0.675214
0.219062,0.405938,0.650312,0.0734375,0.365938,0.18125,0.319688,0.125625,0.314063,0.860625,0.215625,0.77125,0.14375,0.096875,0.270625,0.930625,0.3275,0.23875,1.85531,0.145,1.52562,0.0053125,0.193438,0.223438,0.299375,0.13875,0.0075,0,0,0.0228125,0,0,0.0421875,0,0.0225,0.0146875,0.12125,0.026875,0.0075,0.0228125,0,0.0228125,0.010625,0.0153125,0.110625,0.0446875,0,0.0240625,0.0094375,0.125656,0.00465625,0.753812,0.231156,0.0675,25.445,340.531,656.719,0.9375
0.114346,0.119538,0.281385,0.410038,0.372846,0.113731,0.0578077,0.114577,0.212923,0.259654,0.0922692,0.651385,0.131308,0.0442692,0.0435769,0.216808,0.193769,0.178423,1.66985,0.0846538,0.872654,0.525654,0.187115,0.117269,0.557346,0.182923,0.0543462,0.0476154,0.0311154,0.0353846,0.0164231,0.0148077,0.0728846,0.0141154,0.0391154,0.0673462,0.122,0.0296154,0.0274615,0.0286154,0.0356538,0.0562308,0.0243462,0.00953846,0.0772692,0.147192,0.0132308,0.0308077,0.105277,0.139885,0.0150769,0.219677,0.0896346,0.0731154,4.30531,52.0038,457.319,0.588462
0.14907,0.126977,0.280465,0.0072093,0.31093,0.113256,0.0381395,0.221395,0.222093,0.333023,0.0939535,0.565581,0.140698,0.065814,0.0686047,0.339302,0.214884,0.19814,1.53605,0.134651,0.779302,0.939535,0.27907,0.228837,0.194419,0.105349,0.00744186,0.00581395,0.00302326,0.017907,0.0111628,0,0.0890698,0.00302326,0.00581395,0.10907,0.158605,0.01,0.0162791,0.0246512,0.0125581,0.00162791,0.0055814,0.0193023,0.0286047,0.0709302,0.00255814,0.0218605,0.0466047,0.125,0.0394884,0.208302,0.171698,0.124535,5.94228,127.837,1615.47,0.581395
0.313333,0.0566667,0.3,0,0.213333,0.03,0,0.42,0.4,1.28333,0.153333,0.166667,0.36,0,0.216667,0.03,0.496667,0.4,2.25333,0.03,1.24,0,0.82,0.563333,0,0,0,0,0,0,0,0,0,0,0,0.106667,0,0,0.0566667,0.366667,0,0,0,0,0.12,0,0,0,0.0383333,0.0766667,0,0.328333,0.075,0.00733333,32.4923,1282,2806,1
0.3675,0.2525,1.425,0,1.1925,0,0.0825,0,0.285,0.285,0.1675,0.1675,0.0825,0,0,0.2525,0,0.42,0.875,0.57,0.9275,0,0,0,0.285,0,0,0,0,0,0,0,0,0,0,0,0,0,0,0,0,0,0,0,0,0,0,0,0,0.03,0,0.77025,0.05925,0,343.125,1136,1174.75,1
0.096167,0.124283,0.347966,0.162313,0.423298,0.11546,0.130064,0.139807,0.0725482,0.287687,0.0706852,0.529657,0.127687,0.0340257,0.0462098,0.277495,0.282634,0.250878,1.65604,0.113233,0.929979,0.321799,0.153469,0.0803426,0.511842,0.220086,0.0964668,0.0837473,0.0489507,0.0761028,0.0414989,0.0255246,0.105739,0.0268522,0.0674304,0.0855032,0.178544,0.00381156,0.0444968,0.0641756,0.0153105,0.0346039,0.0451606,0.0531478,0.139293,0.145953,0.0085439,0.0245824,0.0990578,0.156146,0.0192976,0.288824,0.102655,0.0774218,3.90807,47.6959,259.255,0.563169
0.104735,0.117898,0.282532,0.00297989,0.384909,0.129159,0.153812,0.132148,0.0534735,0.229616,0.054872,0.530558,0.086106,0.0332907,0.0365539,0.315868,0.168245,0.189104,1.69564,0.0833364,0.925402,0.0301005,0.126417,0.0845247,0.521508,0.332102,0.193126,0.177669,0.0769378,0.115978,0.0569104,0.055585,0.0820292,0.0573583,0.113208,0.121371,0.145923,0.00521938,0.0948903,0.0653291,0.0450823,0.0476417,0.0747806,0.0552925,0.245878,0.172943,0.00554845,0.0269653,0.0241152,0.140534,0.0170027,0.25778,0.0690594,0.044468,3.04999,25.1874,126.453,0.477148
0.195,0.5,0.4,0.095,0.58,0,0,0,0.39,0.19,0,0.2,0,0,0,0.1,0,0,0.195,0.19,0.39,0,0,0.2,0.095,0,0,0.095,0,0,0,0,0,0.19,0,0,0,0,0,0,0,0,0,0,0,0,0,0,0,0.035,0,0.4155,0.7295,0.015,1062,2123,2124,1
0.358,0.124,0.2855,0,0.0455,0.1345,0.017,0.129,0.194,0.3405,0.168,0.6865,0.3735,0.7395,0.044,0.201,0.2885,0.202,1.9445,0.107,0.7955,0.064,0.3535,0.3475,0.1995,0.1175,0.006,0,0.0025,0.009,0,0,0.2475,0,0,0.0235,0.114,0.0025,0.009,0.019,0.0095,0.006,0.0015,0.022,0.0605,0.0225,0.0135,0.0335,0.0266,0.0854,0.0068,0.28365,0.156,0.0966,5.5383,181.9,3380.2,0.85
