0.0807143,0.123849,0.314008,0.00321429,0.393294,0.208095,0.116627,0.0978968,0.0486905,0.22746,0.032619,0.58627,0.0832937,0.00964286,0.0149603,0.220278,0.133532,0.182024,1.50246,0.0411508,1.14075,0.00492063,0.13377,0.111825,0.638294,0.371627,0.223373,0.145516,0.111944,0.141508,0.0717063,0.0642063,0.100357,0.0642063,0.120278,0.102738,0.197579,0.000912698,0.0959127,0.079246,0.107738,0.0491667,0.100476,0.0221825,0.236944,0.17746,0.0105556,0.0238889,0.0477857,0.165595,0.025373,0.16375,0.072,0.0151071,2.44862,18.0952,156.889,0.452381
0.0825231,0.126831,0.206646,0,0.300431,0.0665846,0.161046,0.176923,0.0638462,0.269938,0.0610769,0.504338,0.0762769,0.0805538,0.0155692,0.394123,0.125785,0.2004,1.91462,0.0608923,0.884308,0.0306462,0.0869846,0.0704923,0.483046,0.337292,0.201138,0.216,0.0438462,0.110492,0.0468308,0.0621538,0.0701846,0.0621538,0.1084,0.124277,0.110523,0.00492308,0.0835385,0.0428615,0.0256,0.0587077,0.0632,0.0883385,0.298462,0.231446,0.00713846,0.0197231,0.0134369,0.122815,0.0110369,0.258194,0.05544,0.0395262,3.08592,22.9846,88.2031,0.455385
0.160521,0.188021,0.38625,0.455833,0.290208,0.147292,0.0482292,0.1125,0.335729,0.350833,0.0761458,0.692708,0.200937,0.150729,0.205729,0.123854,0.158229,0.200625,1.74552,0.140417,1.00625,0,0.122396,0.214271,0.755208,0.178646,0.0279167,0.0204167,0.0136458,0.0332292,0.018125,0.00447917,0.074375,0.00447917,0.0319792,0.0539583,0.0946875,0.00666667,0.0183333,0.0401042,0.0078125,0.129896,0.0353125,0.0128125,0.041875,0.0215625,0.00479167,0.020625,0.127104,0.154135,0.0161562,0.853125,0.239729,0.0252396,4.39967,85.2812,739.562,0.59375
0.0605263,0.244211,0.36807,0.00859649,0.639825,0.164035,1.06333,0.240175,0.208596,0.519123,0.222982,0.648947,0.0478947,0.022807,0.0161404,0.638246,0.785439,0.300526,2.20333,0.19,1.61053,0,0.135789,0.100175,0.0473684,0.0138596,0.115614,0.0349123,0.00877193,0.00438596,0.127018,0,0,0.0126316,0.0594737,0.0133333,0.108246,0,0.0517544,0.333333,0,0.00350877,0,0,0.174737,0,0,0.0175439,0.0112456,0.153632,0.0104211,0.423193,0.095614,0.0428246,25.2799,214.281,388.439,0.754386
0.123173,0.152212,0.386827,0.137596,0.296442,0.119135,0.0879808,0.184135,0.423558,0.510385,0.121923,0.540481,0.127885,0.0642308,0.134423,0.267692,0.150288,0.367981,1.41615,0.175096,0.925096,0.902885,0.124135,0.196154,0.495385,0.149135,0.03,0.0244231,0.00548077,0.0263462,0.0195192,0.00182692,0.121635,0.00365385,0.123558,0.0320192,0.137212,0.00173077,0.0323077,0.0310577,0.00923077,0.0268269,0.00519231,0.0120192,0.03625,0.0361538,0.00634615,0.0283654,0.0588654,0.107587,0.0431154,0.358625,0.178442,0.10376,4.69535,77.2019,969.981,0.682692
0.0910096,0.102933,0.315288,0.0105769,0.38649,0.130769,0.0990865,0.0948077,0.0656731,0.232308,0.0664423,0.537212,0.142837,0.025625,0.0494231,0.216779,0.196538,0.257308,1.54808,0.0995192,0.786587,0.309519,0.17875,0.0820192,0.585337,0.246683,0.112308,0.0749038,0.0645192,0.0765385,0.035625,0.0341827,0.0674038,0.0371635,0.0642308,0.0884615,0.163558,0.00125,0.0376923,0.0590385,0.0194231,0.0352885,0.0485096,0.0338462,0.156538,0.159423,0,0.0224038,0.0542067,0.159106,0.0267163,0.234639,0.118082,0.0593846,3.60435,40.4808,267.154,0.5625
0.314865,0.276757,0.336486,0.00351351,0.248919,0.0745946,0.0389189,0.149459,0.425676,0.528919,0.214054,0.579189,0.367838,0.723243,0.0859459,0.259189,0.332432,0.11027,2.41297,0.0359459,1.0927,0.0454054,0.393784,0.371622,0.0959459,0.0994595,0.00162162,0.000540541,0.000540541,0,0,0,0.123243,0,0.00189189,0.0321622,0.133784,0.00297297,0.00243243,0.0391892,0.00432432,0.00216216,0.00621622,0.00378378,0.0594595,0.0194595,0.00189189,0.0156757,0.0328378,0.100892,0.0108919,0.335595,0.430541,0.0987568,7.64754,346.757,2344.32,0.864865
0.153478,0.124783,0.265435,0.00804348,0.295435,0.106304,0.0395652,0.230435,0.203696,0.299348,0.0923913,0.540435,0.148261,0.0695652,0.0623913,0.32413,0.210435,0.185652,1.49261,0.128696,0.707826,0.652609,0.261522,0.233478,0.461087,0.0893478,0.00586957,0.00543478,0.00326087,0.023913,0.0104348,0,0.0884783,0.00282609,0.0106522,0.118043,0.160217,0.00934783,0.0213043,0.0245652,0.0193478,0.00326087,0.0073913,0.0245652,0.0297826,0.0973913,0.0023913,0.0397826,0.0394565,0.123587,0.0373696,0.200739,0.163326,0.101739,5.77274,124.522,1677.87,0.543478
0.141397,0.076381,0.287365,0.00409524,0.438476,0.0993333,0.110095,0.115429,0.0332063,0.145175,0.0349841,0.506444,0.0787619,0.0107619,0.0538413,0.296952,0.156349,0.169778,1.67111,0.0245714,0.816984,0.0314921,0.128794,0.0479365,0.544,0.369968,0.229333,0.197048,0.0969841,0.109143,0.0636508,0.0544762,0.0792063,0.0563492,0.135524,0.149429,0.15727,0.00346032,0.116857,0.0670794,0.038,0.0525079,0.0925079,0.0744127,0.272063,0.15527,0.000888889,0.044254,0.0261302,0.143406,0.0219841,0.275305,0.0783937,0.0209905,2.44764,17.0762,118.146,0.450794
0.144515,0.124648,0.303965,0,0.215176,0.0640308,0.145639,0.0576652,0.0179515,0.249978,0.0925771,0.657885,0.0979075,0.0257048,0.0224229,0.23185,0.0743612,0.12804,1.78945,0.0117621,0.976454,0,0.0574229,0.0870485,0.626476,0.326718,0.313612,0.22033,0.139758,0.202401,0.129515,0.094978,0.131013,0.094978,0.207467,0.144119,0.195749,0.00387665,0.20196,0.0970044,0.0622467,0.177379,0.0580837,0.123767,0.261256,0.241366,0,0.0313216,0.0153282,0.15343,0.0122026,0.263476,0.0579449,0.043207,2.39813,11.8744,46.7247,0.264317
0.361,0.581,0.80175,0.02275,0.39725,0.2195,0.1945,0.274,0.3905,1.216,0.1315,1.16,0.12675,0.21475,0.3365,0.7075,0.205,0.43325,1.90525,0.26125,2.49825,0.01375,0.44725,0.24475,0.00625,0.01275,0,0,0,0,0,0,0.01625,0,0.04375,0.0105,0.08175,0.009,0,0,0,0,0.0045,0,0.06725,0.012,0,0.01925,0.01055,0.12565,0.044175,0.94615,0.234025,0.0672,38.5337,490.925,750.35,0.975
0.09552,0.12752,0.32384,0.00928,0.53072,0.15896,0.24576,0.09248,0.05632,0.2628,0.09472,0.5232,0.11712,0.01376,0.10344,0.43032,0.19256,0.29184,1.9372,0.23592,1.02216,0.09448,0.15984,0.15928,0.2636,0.13368,0.09144,0.11208,0.02792,0.09528,0.0248,0.0248,0.0752,0.0356,0.05592,0.06736,0.07152,0,0.09456,0.07328,0.01056,0.0228,0.01264,0.01544,0.19472,0.1388,0,0.00264,0.002464,0.112584,0.004008,0.347368,0.074224,0.182896,5.43682,56.104,132.608,0.608
0.0994778,0.04047,0.226658,0.00699739,0.199713,0.0673107,0.103812,0.12389,0.029295,0.240809,0.0390601,0.514778,0.0981462,0.0132898,0.0300783,0.138303,0.125117,0.203316,1.49292,0.031671,0.625379,0.00151436,0.0380418,0.0468146,0.773394,0.390601,0.244778,0.282742,0.112428,0.176397,0.0848564,0.0550392,0.193864,0.0550392,0.163211,0.139008,0.270131,0.00751958,0.124621,0.0715927,0.0356658,0.0966841,0.100392,0.104621,0.293969,0.223969,0.00861619,0.0334465,0.0220287,0.194718,0.0171462,0.23224,0.0482402,0.0599243,2.27294,12.0131,68.9191,0.310705
0,0,0,0,0,0,0,0,0,0,0,0,0,0,0,0.325203,0,0,0,0,0,0,0,0,0.0903252,0.116098,20.068,0,0,0,0,0,0,0,0,0,0,0,0,0,0,0.18065,0,0,0.0541463,0,0,0,0,0.0285203,0,0.00934146,0,0,1.20634,1.6748,5.45528,0
0.30617,0.144894,0.280426,0.0917021,0.0723404,0.106809,0.0193617,0.139787,0.221064,0.399574,0.144681,0.630213,0.341064,0.652766,0.0255319,0.158936,0.276596,0.12,1.86936,0.0476596,0.868511,0.0334043,0.447021,0.28766,0.0951064,0.0604255,0.00510638,0.00148936,0.00212766,0.00382979,0,0,0.309362,0,0,0.0297872,0.176383,0.00148936,0.00659574,0.017234,0.0246809,0.00765957,0.00446809,0.0159574,0.0421277,0.0568085,0.00978723,0.0502128,0.0292553,0.115766,0.00757447,0.24734,0.329319,0.0877872,5.44715,185.447,3357.47,0.744681
0.096,0.008,0.196,0.008,0.092,0.118,0,0.058,0.058,0.188,0.074,0.082,0.072,0,0.038,0.088,0.078,0.076,0.608,0.008,0.242,1.906,0.138,0.11,0,0,0,0,0,0,0,0,0,0.028,0,0.008,0,0,0.016,0,0,0,0,0,0.038,0,0,0,0.4302,2.0094,0.009,0.3924,0.375,0.4024,57.5034,2297.8,10648.8,1
0.130845,0.332535,0.410563,1.27676,0.78338,0.174648,0.519577,0.191408,0.0794366,0.380423,0.100141,0.62169,0.128028,0.0557746,0.0498592,0.626197,1.03944,0.351549,2.27746,0.396479,1.7631,0,0.148028,0.172676,0.00802817,0.00802817,0,0.00873239,0,0.013662,0,0,0.0084507,0,0.00661972,0.0442254,0.112394,0.0219718,0.033662,0.0495775,0,0,0,0,0.0752113,0.0197183,0,0,0.00498592,0.127085,0.012,0.607887,0.182085,0.0314789,8.31465,130.338,224.606,0.929577
0.132454,0.117975,0.374172,0.0220245,0.300552,0.083865,0.0907975,0.15773,0.132331,0.300307,0.0700613,0.493742,0.0968712,0.0333129,0.0523926,0.272331,0.20773,0.223497,1.59699,0.181227,0.921472,0.641902,0.143804,0.0917791,0.441902,0.181411,0.0732515,0.0726994,0.0534969,0.0541718,0.0392025,0.0182822,0.0406135,0.0182822,0.0509202,0.0639264,0.15816,0.0234356,0.0376074,0.069816,0.0198773,0.0482822,0.0420245,0.0469939,0.117546,0.161288,0.0177914,0.0442331,0.252006,0.148252,0.0137791,0.297227,0.141742,0.144227,4.1172,52.7485,351.27,0.552147
0.0949302,0.103256,0.357302,0.00404651,0.35986,0.122465,0.160884,0.171674,0.0713953,0.267721,0.102744,0.502326,0.118419,0.044093,0.0154884,0.31,0.190558,0.201349,1.62595,0.133628,0.901256,0.016186,0.157395,0.0797674,0.537581,0.278047,0.0993488,0.134047,0.0475349,0.100977,0.0524651,0.0293953,0.160186,0.0293953,0.105349,0.104558,0.202651,0.0102791,0.0557209,0.0655349,0.00516279,0.0331163,0.0574884,0.0601395,0.137767,0.0797209,0.00506977,0.0273953,0.0196419,0.146865,0.0165395,0.264795,0.0765488,0.0299163,3.33919,35.7163,201.688,0.530233
0.0915714,0.129714,0.267571,0.273714,0.271429,0.0787143,0.065,0.0625714,0.291,0.379429,0.0832857,0.465571,0.135571,0.143714,0.0925714,0.279857,0.0828571,0.248714,1.37257,0.250571,0.908,0.857571,0.0971429,0.093,0.367571,0.172286,0.0305714,0.0182857,0.00842857,0.0158571,0.032,0.00128571,0.0765714,0.00128571,0.0991429,0.0232857,0.164143,0.000571429,0.0164286,0.0384286,0.00957143,0.0348571,0.0112857,0.011,0.0407143,0.0484286,0.0157143,0.0377143,0.034,0.153971,0.0199857,0.225086,0.1278,0.102971,6.30633,105.857,1230.47,0.6
0.0671965,0.0518322,0.249713,0,0.265408,0.0437307,0.0502428,0.0420088,0.0355629,0.108675,0.0133113,0.651722,0.0528918,0.0650993,0.00777042,0.192804,0.042936,0.139117,1.7536,0.0195143,0.471413,0,0.0201987,0.0669536,1.20876,0.540177,0.417373,0.224901,0.314724,0.259801,0.210486,0.168389,0.0544592,0.168389,0.232914,0.22596,0.136689,0.0163135,0.0805077,0.177616,0.0779249,0.270287,0.0238411,0.11543,0.497307,0.149272,0.00225166,0.0401766,0.0301523,0.159241,0.00963355,0.176468,0.0182649,0.0137682,1.95676,6.99779,28.3466,0.15894
0.116104,0.137792,0.234935,0.67961,0.409351,0.111429,0.0611039,0.110584,0.222662,0.228182,0.0911039,0.675325,0.120909,0.0444156,0.0425974,0.199805,0.232922,0.166039,1.63429,0.0744156,0.727143,0.75987,0.17526,0.133961,0.668896,0.193442,0.0612338,0.0307792,0.0261688,0.0320779,0.0120779,0.0135065,0.0812338,0.00831169,0.0407143,0.0734416,0.120714,0.0224675,0.018961,0.0116883,0.0330519,0.0468182,0.0183117,0.0106494,0.0623377,0.0823377,0.0205844,0.0234416,0.105701,0.125617,0.0127338,0.173851,0.091026,0.0872338,4.46466,46.6818,463.273,0.558442
0.0543975,0.83892,0.173208,0,0.254335,0.039734,0.0223944,0.0469953,0.00589984,0.133537,0.00342723,0.384038,0.0482316,0.0568075,0,0.14302,0.0115336,0.11338,1.83252,0.0326761,0.48133,0,0.00331768,0.0659155,0.235243,0.120125,0.542473,0.0159937,0.139186,0.0230673,0.0195618,0,0.115352,0,0.0405008,0.0176056,0.0181847,0.04723,0.0635368,0.00183099,0.0731455,0.369844,0.0236463,0.185383,0.8118,0.368889,0.00796557,0.0597183,0.0144507,0.0869656,0.0236745,0.253379,0.00427856,0,1.42166,2.99531,10.3036,0.0704225
0.155429,0.161857,0.823714,0.133571,0.691714,0.497857,0.269,0.145286,0.556143,0.496286,0.205143,0.654857,0.144286,0.0868571,0.925571,0.302286,0.123143,0.727571,1.517,0.789143,1.02771,0.0825714,0.506,0.138286,0.049,0.00128571,0.0208571,0.00685714,0,0.00828571,0,0,0.003,0.00542857,0.00414286,0,0.0177143,0,0,0.0384286,0,0,0.08,0.0114286,0.0428571,0.0348571,0,0,0.00825714,0.0784857,0.00107143,0.468929,0.158857,0.0214143,106.227,790.257,1399.94,0.985714
0.157181,0.0943624,0.34302,0.00187919,0.321208,0.140336,0.0628859,0.178389,0.236443,0.277181,0.088255,0.738993,0.0983221,0.0980537,0.0226846,0.188792,0.273356,0.0995973,1.44503,0.169799,1.22128,0.211879,0.137315,0.164094,0.793221,0.154899,0.0146309,0.00563758,0.00644295,0.0131544,0.0112081,0.00100671,0.10349,0.00302013,0.0120134,0.0624832,0.16094,0.0165772,0.0227517,0.0208054,0.0679195,0.0768456,0.00932886,0.0158389,0.0603356,0.213356,0.00241611,0.00711409,0.0814564,0.169054,0.0170134,0.281946,0.0977584,0.0612416,4.25561,64.7315,584.624,0.577181
