0.461667,0.345833,0.301667,0,0.160833,0.03,0.005,0.235833,0.516667,0.801667,0.258333,0.55,0.565,0.923333,0.0766667,0.171667,0.446667,0.121667,2.91,0.0075,1.35083,0,0.5975,0.550833,0,0,0,0,0,0,0,0,0,0,0.005,0.0266667,0,0,0.0141667,0.0916667,0,0,0,0,0.0591667,0,0,0,0.0159167,0.0771667,0,0.422917,0.53275,0.100583,13.3378,832.667,2500.5,1
0.0983117,0.112208,0.353117,0.00753247,0.520649,0.125325,0.106104,0.169351,0.0723377,0.28961,0.0724675,0.601429,0.0724675,0.014026,0,0.317013,0.343896,0.292078,2.03532,0.133247,1.01571,0.0487013,0.215065,0.0807792,0.23961,0.0758442,0.0277922,0.0283117,0.00506493,0.0471429,0.00506493,0.00909091,0.0251948,0.0132468,0.0448052,0.084026,0.0914286,0,0.0164935,0.0475325,0,0.00441558,0.0190909,0.00753247,0.235714,0.294286,0,0.0250649,0.00987013,0.109104,0.00920779,0.357468,0.128182,0.0194156,4.16681,68.1039,263.662,0.688312
0.0800893,0.071875,0.343929,0.00723214,0.408125,0.270804,0.128661,0.141786,0.0316964,0.258839,0.0245536,0.54875,0.110268,0.0124107,0.00758929,0.266607,0.125625,0.182857,1.64562,0.00330357,1.31241,0,0.136964,0.144196,0.568214,0.411071,0.163661,0.125357,0.0726786,0.135089,0.0545536,0.0374107,0.0810714,0.0346429,0.101964,0.0863393,0.120714,0.00205357,0.0448214,0.0520536,0.0519643,0.00714286,0.0650893,0.0100893,0.251518,0.141161,0.0176786,0.0025,0.0357411,0.14667,0.0224464,0.183938,0.0631696,0.009625,2.13224,13.6964,142.009,0.491071
0.0743011,0.0412903,0.33,0.00935484,0.265054,0.167204,0.0547312,0.103656,0.102043,0.182258,0.036129,0.509785,0.0732258,0.0424731,0.0187097,0.221935,0.166344,0.197634,1.35699,0.110108,0.758065,0,0.0605376,0.0967742,0.847312,0.457419,0.157634,0.135484,0.10914,0.111505,0.0554839,0.0378495,0.14914,0.0378495,0.0968817,0.132796,0.201828,0.00150538,0.0512903,0.0722581,0.0174194,0.028172,0.0956989,0.0330108,0.204409,0.17129,0.0117204,0.0430108,0.0322366,0.164204,0.0246237,0.107925,0.0358387,0.0278817,2.20946,15.7097,196.065,0.365591
0.11283,0.139245,0.732642,0,0.613208,0.649245,0.315472,0.156226,0.612264,0.329623,0.258679,0.723962,0.176038,0.100755,1.18075,0.334906,0.141698,0.915472,1.69415,0.939434,0.922264,0.109057,0.637736,0.161321,0.00169811,0.00169811,0,0,0,0,0,0,0.00679245,0,0.0054717,0,0.0054717,0,0,0.0341509,0,0,0.111321,0.0150943,0.0566038,0.0460377,0,0,0.00360377,0.097434,0.00141509,0.374226,0.156698,0.0248679,9.27502,630.679,1399.7,1
0.14907,0.126977,0.280465,0.0072093,0.31093,0.113256,0.0381395,0.221395,0.222093,0.333023,0.0939535,0.565581,0.140698,0.065814,0.0686047,0.339302,0.214884,0.19814,1.53605,0.134651,0.779302,0.939535,0.27907,0.228837,0.194419,0.105349,0.00744186,0.00581395,0.00302326,0.017907,0.0111628,0,0.0890698,0.00302326,0.00581395,0.10907,0.158605,0.01,0.0162791,0.0246512,0.0125581,0.00162791,0.0055814,0.0193023,0.0286047,0.0709302,0.00255814,0.0218605,0.0466047,0.125,0.0394884,0.208302,0.171698,0.124535,5.94228,127.837,1615.47,0.581395
0.136154,0.233462,0.957692,0,0.193462,0.0796154,0,0,0,0.0565385,0,1.04577,0,0,0,0.307692,0,0,0.988846,0,3.45,0,0,0.802692,0.335769,0.241154,0.231923,0,0,0.155,0,0.193462,0,0.193462,0.0461538,0,0,0,0,0,0,0.0923077,0,0,0.0384615,0,0,0,0,0.0978462,0,0.238923,0.127269,0,3.90269,24.1923,53.7692,0.692308
0.0711111,0.106111,0.293889,0,0.274259,0.0792593,0.231852,0.0844444,0,0.156481,0.0768519,0.702593,0.141667,0,0.0335185,0.279815,0.0877778,0.16537,1.9,0,0.731852,0,0.127222,0,0.164259,0.0664815,0.129259,0,0.0888889,0.0327778,0.0103704,0,0.0875926,0,0.0412963,0.0401852,0.0603704,0.0148148,0.0401852,0,0,0.211667,0.0348148,0.0912963,0.216481,0.0755556,0,0.0340741,0.0238889,0.13937,0,0.190778,0.0370556,0.0162963,1.6005,5.35185,53.4074,0.277778
0.122021,0.0778723,0.316383,0.00297872,0.240532,0.106809,0.0360638,0.155426,0.177766,0.224894,0.0717021,0.761596,0.117128,0.0903192,0.0192553,0.157979,0.200426,0.0679787,1.43553,0.114468,1.23638,0.00180851,0.132234,0.109043,0.950745,0.162553,0.0140426,0.00180851,0.00861702,0.0165957,0.0103191,0,0.106809,0.00117021,0.00946809,0.0648936,0.189255,0.02,0.0258511,0.0145745,0.0953191,0.056383,0.00393617,0.0188298,0.0641489,0.301064,0.00287234,0.0106383,0.0642234,0.175117,0.0194255,0.22967,0.0628723,0.0616383,3.69712,53.9149,563.5,0.553191
0.106304,0.127174,0.510543,0,0.341413,0.0443478,0.0281522,0.0127174,0.0213043,0.192609,0.0104348,0.518696,0.105435,0.105435,0,0.1125,0,0.22663,2.67413,0,0.669891,0,0,0.0183696,0.101304,0.0452174,0.410326,0,0.0584783,0,0,0,0.177065,0,0,0.00847826,0,0.00880435,0.109239,0.0127174,0,0.281957,0,0.0459783,0.447935,0.281087,0.0317391,0,0.0267065,0.0865978,0.00358696,0.428304,0,0,1.25711,2.6087,13.2935,0.119565
0.159884,0.214186,0.230116,0,0.376279,0.0853488,0.130116,0.103953,0.0376744,0.311163,0.0723256,0.824767,0.106977,0.0275581,0.0301163,0.342558,0.111395,0.20593,1.76756,0.0184884,0.675,0,0.0490698,0.0712791,0.673721,0.528256,0.265698,0.353023,0.103488,0.151977,0.114651,0.0953488,0.207558,0.0953488,0.160233,0.207209,0.172558,0,0.127674,0.0856977,0.0210465,0.0813953,0.100698,0.207907,0.18814,0.067093,0,0.0602326,0.00611628,0.164988,0.0121744,0.123535,0.0220698,0.0132558,1.96401,10.0814,89.8256,0.255814
0,0,0,0,0,0,0,0,0,0,0,0,0,0,0,0.37037,0,0,0,0,0,0,0,0,0,0,20.987,0,0,0,0,0,0,0,0,0,0,0,0,0,0,0,0,0,0,0,0,0,0,0,0,0,0,0,1.16356,1.51852,5.13889,0
0.110513,0.0276923,0.413846,0,0.206154,0.0153846,0,0.0482051,0,0.22359,0.0469231,0.68,0,0,0.0174359,0.0197436,0.0717949,0.224103,0.863846,0.0238462,0.101026,0,0,0,2.60667,1.49026,0.383846,0.659744,0.489487,1.01333,0.504615,0.294359,0.124872,0.294359,0.822564,0.538718,0.131026,0,0.390256,0.294359,0,0.265385,0,0.126667,0.168205,0.0594872,0,0.0582051,0.00307692,0.205744,0.00320513,0.0727179,0.00394872,0.0109487,2.10305,10.3333,49.8974,0.102564
0.0733333,0.153,0.239833,0,0.229167,0.0568333,0.133,0.0213333,0.0213333,0.227667,0.0273333,0.4585,0.316,0.0213333,0,0.480833,0.0548333,0.107667,1.867,0.0445,0.8695,0,0.088,0.0623333,0.538333,0.332833,0.546167,0.242833,0.153333,0.186667,0.1315,0.1315,0.174333,0.1315,0.352,0.153333,0.244833,0.00683333,0.321333,0.146333,0.0978333,0.376667,0.179167,0.221667,0.259167,0.160333,0,0,0.0105333,0.137467,0.0125167,0.267217,0.241183,0.00923333,2.23455,11.4333,43.5167,0.35
0.0462366,0.098172,0.463011,0,0.207634,0.0152688,0.102258,0.0515054,0.00806452,0.18129,0.0327957,0.741935,0.120753,0.0493548,0,0.213011,0.0567742,0.327742,3.18484,0.0408602,0.891183,0,0,0.0172043,0.0813979,0.034086,0.501075,0,0.0862366,0.0913978,0,0,0.0530108,0,0,0.0264516,0.0674194,0.0466667,0.0106452,0.0103226,0,0.264516,0.0856989,0.0575269,0.477634,0.0967742,0,0.0366667,0.019172,0.0861075,0.0118065,0.126871,0.0102473,0,1.33911,3.3871,18.6129,0.182796
0.208133,0.138533,0.341333,0,0.401467,0.180533,0.0737333,0.18,0.3708,0.3692,0.0925333,0.6364,0.100533,0.172,0.103867,0.1744,0.333467,0.0692,1.46053,0.201333,1.088,0.418667,0.0738667,0.293067,0.754267,0.1452,0.0262667,0.0125333,0.00986667,0.024,0.0158667,0.0056,0.0902667,0.0056,0.0236,0.0774667,0.119067,0.00786667,0.0137333,0.0330667,0.0233333,0.170133,0.024,0.00946667,0.0644,0.0598667,0.00733333,0.0189333,0.11116,0.16184,0.0122267,0.293,0.147573,0.04784,4.21869,77.52,650.44,0.52
0.135349,0.396977,0.345116,0,0.0488372,0.0990698,0.158605,0.156744,0.113721,0.645116,0.0260465,0.552326,0.0951163,0,0,0.226512,0,0,3.15558,0,0.950233,0,0.0260465,0.105814,0.329302,0.0846512,0.0881395,0.034186,0,0,0.105581,0,0,0,0,0,0.163488,0,0.227674,0,0.0504651,0,0.0437209,0.174884,0.708837,0.520233,0,0,0,0.101349,0.00588372,0.241419,0.0905116,0.0382791,2.86553,17.814,37.9767,0.395349
0.0453125,0.084375,0.108438,0,0.169063,0.083125,0.0721875,0.091875,0.05125,0.188125,0,0.349375,0.160625,0,0,0.310937,0.0671875,0.169687,2.16531,0.364063,0.998125,0.172813,0,0.0571875,0.10875,0.137188,0,0.046875,0,0,0,0,0,0,0.046875,0.02,0,0,0,0,0,0.0259375,0,0.024375,0.358437,0.329687,0,0,0.02275,0.0438437,0,0.215344,0.023125,0.100937,4.51166,45.375,94.8125,0.4375
0,0,0.191,0,0,0,0,0.086,0,0.613,0,0.495,0.097,0,0.256,0,0.101,0.217,0.304,0,0.086,0,0,0,4.322,3.32,0.648,0.849,0.415,0.632,0.415,0.415,0.617,0.415,0.415,0.415,0.771,0,0.337,0.415,0,0.31,0.776,0.404,0.644,0,0.086,0.1,0.0512,0.2829,0.1723,0.0295,0,0,2.6432,12.9,69.6,0
0,0,0,0,0,0,0,0,0,0,0,0,0,0,0,0,0,0,0,0,0,0,0,0,16.3043,1.09857,0,0,0,0,0,0,0,0,0,0,0,0,0,0,0,0,0,0,2.88357,0,0,0,0,0,0,0.0802143,0,0,4.16179,16.5714,25.5,0
0.195,0.5,0.4,0.095,0.58,0,0,0,0.39,0.19,0,0.2,0,0,0,0.1,0,0,0.195,0.19,0.39,0,0,0.2,0.095,0,0,0.095,0,0,0,0,0,0.19,0,0,0,0,0,0,0,0,0,0,0,0,0,0,0,0.035,0,0.4155,0.7295,0.015,1062,2123,2124,1
0.121707,0.440976,0.342439,1.72976,0.936341,0.144634,0.696341,0.152683,0.0580488,0.375854,0.0426829,0.635854,0.190976,0.0819512,0,0.730488,1.53659,0.239024,2.09098,0.274146,1.82732,0,0.0192683,0.160976,0,0,0,0,0,0.0236585,0,0,0,0,0,0.0521951,0.113659,0.0380488,0,0.00829268,0,0,0,0,0.00829268,0,0,0,0,0.123293,0,0.729683,0.212683,0.0322927,9.20393,136.756,194.512,0.926829
0.301538,0.111538,1.24846,0,1.10462,0.0338462,0.143077,0.0676923,0.431538,1.04692,0.0515385,0.186923,0.0592308,0,0.17,0.19,0,0.196923,0.935385,0.640769,1.10692,0,0.0676923,0.0676923,0.242308,0,0.112308,0.0223077,0,0.0446154,0,0,0,0,0,0,0.0446154,0,0,0.0676923,0,0,0,0,0,0,0,0,0,0.0106154,0,0.734308,0.0896923,0,360.719,1208.46,1361,0.923077
0.0802,0.0796,0.0608,0,0.277,0.0238,0.1396,0.6578,0.0526,0.136,0.0776,0.2056,0.0524,0.2488,0.0126,0.196,0.233,0.1466,1.1448,0.029,0.6548,0.04,0.2584,0.0306,0.1244,0.1226,0.0974,0.1082,0,0.0118,0,0.0118,0,0.0118,0.0666,0.1028,0.0714,0,0,0.0126,0,0,0,0.0298,0.5098,0.0056,0,0.0332,0.00346,0.17352,0.0053,0.34158,0.14884,0.0122,3.51384,22.76,79.94,0.76
0,0,0,0,0.111562,0,0,0,0,0.0678125,0,0.0989062,0,0,0,0,0,0,0.04875,0,0.0390625,0,0,0,0.0678125,0,0.355313,0,0,0,0.195312,0,0,0,0,0,0,0,0,0,0,0.224375,0,0.04875,1.60469,0.848281,0,0.286406,0,0.0617344,0.0867812,0.1325,0,0,1.31567,1.98438,6.25,0.03125
0.0894545,0.0832727,0.4,0,0.388364,0.164364,0.209455,0.233818,0.0621818,0.146182,0.162364,0.522909,0.162545,0.0503636,0.04,0.279455,0.146182,0.204909,1.79509,0.261273,1.24364,0,0.223273,0.111455,0.466,0.253273,0.0476364,0.112,0.0187273,0.0729091,0.0227273,0.0187273,0.0163636,0.0187273,0.104182,0.135273,0.208545,0.01,0.0669091,0.0827273,0.00563636,0.0241818,0.0145455,0.0101818,0.115636,0.0312727,0,0.0450909,0.0154,0.0873455,0.00518182,0.245964,0.137836,0.0413273,3.32035,45.9818,183,0.618182
0.0508571,0.0437143,0.304,0,0.286857,0.0762857,0.0791429,0.046,0.0102857,0.0714286,0.0762857,0.674857,0.178,0,0.0354286,0.0331429,0.149429,0.370857,1.89286,0,0.596857,0,0,0.0114286,0.53,0.198286,0.101143,0.0962857,0.0551429,0.175143,0.0962857,0,0.324571,0,0.113429,0.166571,0.226571,0,0,0,0.00971429,0.0774286,0.0191429,0.255429,0.113714,0.0357143,0,0,0.0174571,0.175629,0.00945714,0.320429,0,0,1.51214,5.91429,68.7429,0.228571
0.143385,0.0626154,0.274462,0,0.273231,0.0675385,0.0107692,0.0101538,0,0.0843077,0,0.575846,0.0953846,0.0116923,0.0101538,0.174,0.0198462,0.207077,1.61292,0.0103077,0.501231,0,0,0.0464615,0.391538,0.478,0.232923,0,0.174,0.0404615,0.0178462,0,0.0326154,0,0,0.0292308,0.251385,0.0163077,0,0,0.0892308,0.304769,0.024,0.0853846,0.407385,0.170462,0,0,0.0440615,0.1196,0.0156462,0.0927077,0.0141385,0.0123846,1.42975,4.44615,30.9077,0.138462
0.12125,0.098125,0.47,0,0.4625,0.059375,0.205625,0.104375,0.1175,0.365625,0.054375,0.579375,0.21375,0.02,0.0525,0.52,0.305,0.519375,1.8625,0.06125,0.839375,0,0.503125,0.095625,0.546875,0.21375,0,0,0.03125,0.015625,0,0,0,0.03875,0.0125,0.0325,0.164375,0,0.0125,0,0,0.0125,0.025625,0,0.1175,0,0,0.075,0.033875,0.181,0.0035,0.480062,0.169688,0.038875,8.75337,152.938,516.25,0.6875
0,0.0862857,0.180571,0,0.386571,0.0222857,0.338286,0,0.0157143,0.248857,0,0.459143,0.190286,0.0891429,0,0.682857,0.0351429,0.407714,3.42886,0,1.39857,0,0,0.0405714,0,0.0245714,0.0742857,0,0,0,0,0,0,0,0,0,0,0,0,0,0,0.146286,0,0.0737143,0.423143,0.468571,0,0,0.00882857,0.0294571,0,0.141343,0.0262857,0,4.87369,50.5714,75.8,0.428571
0.199143,0.0585714,0.272571,0,0.336286,0.0628571,0.272,0.192286,0.0862857,0.115429,0.096,0.423143,0.0191429,0.0662857,0.04,0.247143,0.208286,0.0828571,1.60543,0,0.727143,0,0,0.052,0.316571,0.228,0.0845714,0.368857,0.152571,0,0,0.02,0,0.02,0.183714,0.0768571,0.617143,0,0.108,0,0,0.152571,0.04,0.0331429,0.166571,0.064,0,0,0.0409143,0.228143,0.00585714,0.351771,0.0928571,0.00542857,3.60586,24.9143,67.7429,0.628571
0,0.0584,0.1992,0,0.348,0.0752,0.0382,0.1878,0.0666,0.112,0.0182,0.5386,0.0512,0.0392,0,0.2478,0.1066,0.2338,1.6902,0,0.9292,0,0.1548,0.02,0.8618,0.394,0.0826,0.3032,0.2242,0.1508,0.1494,0,0.0714,0,0.0954,0.0954,0.1562,0.08,0.2668,0,0.18,0.3744,0.0926,0.193,0.4522,0.1794,0,0.0512,0.04886,0.08334,0.03638,0.23508,0.07696,0.06202,2.4245,11.9,29.26,0.36
0,0,0,0,0,0,0,0,0,0,0,0.568182,0,0,0,0,0,0,12.6227,0,1.93364,0,0,2.02273,0,0,0.826364,0,0,0,0,0,0,0,0,0,0,0,0,0,0,0,0,0,3.31818,0.192727,0,0,0.034,0,0,0,0,0,1.08755,1.54545,5.45455,0.181818
0.156914,0.0490123,0.323827,0,0.435926,0.101975,0.0748148,0.192099,0.0550617,0.191728,0.038642,0.458889,0.048642,0,0.0269136,0.294321,0.13,0.13642,1.48778,0.0811111,0.85716,0.0124691,0.156296,0.03,0.710494,0.586914,0.234815,0.338765,0.14642,0.126667,0.0823457,0.0746914,0.0844444,0.0858025,0.22716,0.161358,0.219383,0,0.128765,0.0679012,0.0944444,0.0781481,0.137407,0.0824691,0.287901,0.140988,0.00345679,0.0167901,0.0162222,0.153333,0.0339012,0.274988,0.0746667,0.0160988,2.16768,14.8765,125.914,0.37037
0.108649,0.166892,0.231081,1.25162,0.339189,0.100135,0.0439189,0.12473,0.327297,0.189459,0.0768919,0.551216,0.111216,0.0348649,0.0254054,0.268649,0.193378,0.159459,1.70838,0.0487838,0.831351,0.559865,0.136892,0.146622,0.698378,0.150541,0.104189,0.017973,0.0335135,0.0275676,0.0128378,0.0128378,0.0383784,0.0128378,0.037027,0.0628378,0.0952703,0.0497297,0.0454054,0.0421622,0.00513514,0.022973,0.0410811,0.00567568,0.0791892,0.0244595,0.0118919,0.0106757,0.153338,0.129284,0.0126892,0.25073,0.125284,0.0761622,5.37014,57.1757,425.77,0.567568
0.426923,0.549231,0.570769,0.704615,0.224615,0.500769,0.126154,0.400769,0.764615,0.909231,0.0592308,0.468462,0.281538,0.00769231,0.650769,0.155385,0.349231,1.23692,2.23231,0.694615,1.43385,0.0238462,0.942308,0.481538,0,0,0,0,0,0,0,0,0.0253846,0,0.0976923,0.0323077,0,0,0,0,0,0,0.0146154,0,0.0553846,0,0,0,0.0519231,0.0529231,0.124462,0.415385,0.168077,0.0410769,14.1408,490.846,973.846,1
0.229062,0.2125,0.316563,0.0059375,0.258125,0.0865625,0.0503125,0.137813,0.331875,0.407813,0.165938,0.5375,0.27625,0.503125,0.08625,0.25375,0.2525,0.119687,2.01125,0.0428125,0.922813,0.0525,0.272812,0.28375,0.533438,0.124375,0.001875,0.000625,0.00125,0.0103125,0,0,0.15625,0,0.0078125,0.056875,0.18625,0.0034375,0.00875,0.0184375,0.0159375,0.005,0.0103125,0.016875,0.05625,0.0671875,0.0021875,0.0459375,0.0335938,0.112438,0.0148125,0.280625,0.319844,0.0784063,5.46125,142.094,2246.34,0.71875
0.0515,0.126833,0.407333,0,0.588833,0.1,0.2775,0.16,0.077,0.217333,0.129667,0.667333,0.0778333,0,0.206667,0.280167,0.274667,0.44,2.13433,0.472333,1.25067,0.196833,0.2515,0.1125,0.325333,0.144333,0.0543333,0.144333,0.0228333,0.126167,0.0228333,0.0228333,0.015,0.0228333,0.0435,0.056,0.0778333,0,0.145667,0.101167,0.0176667,0.0475,0.006,0,0.183167,0.0456667,0,0,0.00438333,0.149467,0.00108333,0.322333,0.0959333,0.0357667,6.03112,59.7833,143.617,0.65
0,0,0,0,0,0,0,0,0,1.085,0,0,0,0,0,0,0,0,0,0,0,0,0,0,14,1.6075,0.5675,0.5675,0.5675,2.7375,0.5675,0.5675,0,0.5675,0.5675,0.5675,0,0,0,0.5675,0,0,0,0,0,0,0,0,0,0.166,0,0,0,3.448,2.749,11.25,61,0
0.103529,0.0379412,0.277059,0,0.143235,0.0314706,0.0354412,0.128382,0.0255882,0.285441,0.0191176,0.511029,0.055,0,0.00897059,0.273529,0.0995588,0.2625,1.17162,0.0294118,0.407941,0,0.0105882,0.0183824,0.7425,0.449265,0.229412,0.2125,0.138676,0.174118,0.0751471,0,0.377647,0,0.164118,0.153971,0.247941,0.0276471,0.120735,0.0769118,0.0166176,0.127206,0.00588235,0.0869118,0.136324,0.0755882,0,0.0266176,0.0118235,0.159529,0.0217059,0.123691,0.0231912,0.0298088,1.88,8.20588,61.0147,0.235294
0.257097,0.0914516,0.27629,0,0.61129,0.0279032,0.130161,0.0901613,0.0204839,0.0893548,0.0220968,0.499516,0.0330645,0.0408065,0.013871,0.455968,0.267258,0.187903,2.3929,0.00709677,1.26258,0,0.191613,0.0954839,0.0998387,0.0304839,0.0922581,0.0598387,0.00822581,0.0330645,0.00822581,0.0183871,0.00709677,0.0183871,0.0537097,0.103871,0.0324194,0,0.0267742,0.0135484,0,0.0512903,0.0103226,0.0354839,0.292742,0.0430645,0,0.0459677,0.010371,0.116194,0.006,0.448081,0.157032,0.00666129,3.11931,25.5161,112.903,0.822581
0.0462162,0.0194595,0.337432,0,0.261216,0.0391892,0.05,0.0114865,0.035,0.144865,0.0445946,0.878514,0.0704054,0.0431081,0.022973,0.159459,0.00864865,0.062973,2.63108,0,0.492297,0,0,0,0.178514,0.35973,0.57527,0,0.0633784,0.0313514,0,0,0.0474324,0,0,0.0156757,0.176622,0.0189189,0.142027,0,0.0921622,0.243784,0,0.123514,0.486216,0.157568,0,0.0985135,0.017527,0.123459,0.00939189,0.132419,0.0142973,0.00871622,1.63818,5.28378,26.7432,0.0945946
0.0698182,0.0454545,0.322,0,0.0698182,0.0649091,0,0,0.0329091,0.133273,0,0.160727,0.126364,0.106909,0,0.0672727,0,0.121091,5.05055,0,0.521091,0,0,0,0.219455,0.0478182,0.696,0,0,0,0,0,0.113636,0,0,0,0,0,0.0789091,0,0,0,0,0.0881818,1.06182,0.940727,0,0.0865455,0.00741818,0.105255,0.0136545,0.179091,0.00614545,0,1.21015,2,8.52727,0.0363636
0.1302,0.2168,0.5114,0,0.4952,0.1202,0.372,0.1518,0.0926,0.4228,0.121,0.5162,0.1386,0.0408,0.0856,0.3868,0.2574,0.3092,2.1782,0.1512,1.0838,0.0326,0.433,0.0662,0.1432,0.081,0,0.1442,0,0.0658,0.008,0,0.4136,0,0.1412,0.0126,0.0968,0,0,0.116,0,0.0678,0.0104,0.0184,0.135,0.0954,0,0,0.01032,0.08628,0.00122,0.63954,0.12952,0.0178,5.59462,73.26,199.18,0.72
0,0,0,0,1.28875,0,0,0,0,0,0,3.475,0,0,0,0,0,0,0,0,0,0,0,0,0.80875,0.80875,0,0,9.02375,0,0,0,0,0,0,0,0,0,0,0,0,8.4,0,0,0,0,0,0,0,0,0,0.213,0,0,1.41112,3.375,13.75,0
0,0,0,0,0.769231,0,0,0,0,0,0,0,0,0,0,0,0,0,0,0,0,0,0,0,8.54692,4.37077,0.854615,0,0,0,0,0,0,0,0,0.591538,0,0,0,0,0,1.11462,0,0.103846,0,0,0,0,0,0,0,0,0,0,1.38008,2.30769,6.07692,0
0,14.1478,0,0,0,0,0,0,0,0.132222,0,0,0,0,0,0,0,0,0,0,0,0,0,0,0,0,0,0,0,0,0,0,0,0,0,0,0,0,0,0,0,0,0,0,0.132222,0,0,0,0,0,0,0,0,0,1.77778,4.88889,9.02778,0
0.157347,0.0246939,0.254082,0.0197959,0.250204,0.164286,0.0589796,0.0483673,0.0557143,0.0914286,0.0510204,0.497143,0.149184,0.0122449,0.00183673,0.161837,0.139796,0.150408,1.30776,0.112857,0.530204,0.436735,0.218367,0.0885714,0.889796,0.32551,0.125306,0.0414286,0.0632653,0.0434694,0.0402041,0.0118367,0.122245,0.0118367,0.0540816,0.0706122,0.236327,0.00387755,0.0132653,0.015102,0.0538776,0.0612245,0.0446939,0.0326531,0.09,0.087551,0,0.0171429,0.104429,0.199367,0.0427143,0.17451,0.0938776,0.0667551,3.29865,24.4286,301.837,0.428571
0.0368,0.0554667,0.202,0,0.337067,0.0224,0,0.0156,0.0117333,0.0648,0,0.8972,0.0674667,0.0205333,0,0.0686667,0.0512,0.1028,1.04307,0.0168,0.272267,0,0,0.028,0.341333,0.244533,0.273067,0,0.150667,0.0530667,0,0,0.1328,0,0,0,0.143733,0,0.0297333,0,0.0208,0.234267,0.0352,0.196133,0.459467,0.196933,0,0.0294667,0.0284267,0.181133,0,0.169307,0.0018,0.00164,1.49925,4.14667,23.0667,0.0266667
0,0.0868,0.2144,0,0.6288,0.0224,1.0892,0.5316,0.4428,0.5128,0.4332,0.7672,0,0.0428,0.0096,0.8368,1.458,0.1344,1.5164,0.4332,2.088,0,0.1404,0.0428,0,0,0.252,0,0,0,0.252,0,0,0,0.056,0,0.1764,0,0.0428,0.76,0,0,0,0,0.0492,0,0,0,0,0.16376,0.02376,0.37488,0.0554,0.03992,42.636,245.16,355.04,0.64
0.104651,0.0746512,0.339767,0.02,0.317442,0.126512,0.0590698,0.118837,0.0474419,0.212326,0.113953,0.504419,0.145814,0.0151163,0.0393023,0.278372,0.172558,0.183023,1.26581,0.107442,0.687442,0.275814,0.165814,0.0618605,0.526279,0.274419,0.0995349,0.172093,0.0827907,0.0888372,0.0411628,0.0411628,0.0476744,0.0411628,0.075814,0.103023,0.192791,0.0381395,0.0827907,0.074186,0.0706977,0.0997674,0.0402326,0.00465116,0.119767,0.139535,0,0.0813954,0.151256,0.172349,0.0185116,0.18486,0.0602326,0.0613721,3.03867,29.8372,381.535,0.465116
0.1295,0.129667,0.272333,0.0408333,0.25,0.161,0.185167,0.0368333,0.011,0.223167,0.0398333,0.455167,0.104167,0,0.0206667,0.521333,0.199167,0.127333,1.7525,0.00516667,0.908167,0.0948333,0.173167,0.1045,0.539833,0.366833,0.294167,0.123333,0.0925,0.153833,0.0823333,0.0823333,0.105167,0.104833,0.116,0.120333,0.0436667,0,0.160167,0.0945,0.0055,0,0,0.0108333,0.193,0.0356667,0,0.0425,0.01765,0.159,0.02085,0.425583,0.04135,0.0458,3.74835,34.85,130.95,0.566667
0.0453521,0.0491549,0.23169,0.0190141,0.192958,0.0328169,0.0766197,0.0884507,0.0380282,0.674366,0.0404225,0.459296,0.0940845,0,0.0432394,0.10338,0.0739437,0.141268,1.55127,0,0.448873,0.00816901,0.0202817,0.098169,0.943944,0.505915,0.420282,0.46662,0.171831,0.313944,0.162958,0.129155,0.00873239,0.129155,0.282394,0.204085,0.294366,0.00760563,0.234225,0.143803,0.046338,0.0452113,0.185352,0.0243662,0.384085,0.281549,0.0114085,0.0198592,0.0527183,0.191155,0.0230423,0.204324,0.0371408,0.0222113,2.60583,12.8592,80.0986,0.239437
0.0842029,0.0443478,0.207246,0.0192754,0.115217,0.0986957,0.0526087,0.174493,0.0385507,0.0965217,0,0.638986,0.148841,0,0.043913,0.0695652,0.147971,0.178116,1.56188,0.00927536,0.680725,0,0.133623,0.0897101,0.37058,0.113333,0.170145,0.193913,0.04,0.124783,0.0389855,0.0236232,0.103478,0.0236232,0.111449,0.0810145,0.266522,0,0.172029,0.0428986,0.0369565,0.0718841,0.122899,0.0395652,0.334493,0.488406,0,0.0575362,0.00418841,0.191304,0.0193623,0.311333,0.0756957,0.0173768,2.29968,13.4783,70.5942,0.333333
0,0,0.4025,0,4.9175,0,0,0,0,0,0,0,0,0,0,0,0,0,0,0,0.4025,0,0,0,0,0,0,0,0.595,0,0,0,0,0,0,0,0,1.8475,0,0,0,5.4775,0,0,0,0,0,0,0,0.0735,0,0,0,0,1.14575,1.375,4.375,0.125
0,0,0,0,0,0,0,0,0,0,0,0,0,0,0,0,0,0,3.42375,0,0,0,0,0,0,0,0,0,0,0,0,0,0,0,0,0,0,0,1.38875,0,0,0,0,0,14.6637,0,0,0,0,0.285625,0,5.217,0,0,1.46187,2.875,7.375,0
0,0,0,0,0,0.0498305,0,0,0,0,0,0.0564407,0,0,0,0,0,0.130339,0.0498305,0,0,0,0,0,0,0,0.258136,0,0,0,0,0,0,0,0,0,0,0,0,0,0,0,0,0,0,0,0,0,0,0.111746,0.0691695,0.336102,0,0,1.05932,1.13559,3.77966,0.0338983
0,0,0,0,0,0,0,0,0,0,0,0.131905,0,0,0,0,0,0.34,0.280476,0,0,0,0,0,8.2019,4.09857,3.75857,4.09857,3.89095,4.09857,4.09857,3.75857,0,3.75857,4.09857,4.09857,0,0,0,3.75857,0,0,0,0,0,0,0,0,0,1.06048,0,0.0228095,0,0,3.1259,10.9048,31.1905,0
0.103182,0,0.103182,0,0,0,0,0,0,0.744091,0,0,0,0,0,0.349545,0,0,6.33818,0,0.189091,0,0,0,0.0822727,0,0,0,0,0,0,0,0,0,0,0,0,0,0,0,0,0,0,0,0.653182,0.252273,0,0,0.047,0.0656364,0,0.0310909,0,0,1.12118,1.27273,3.5,0.0909091
0.204898,0.102653,0.52898,0.037551,0.284286,0.0836735,0.135306,0.242653,0.146122,0.294082,0.0987755,0.413061,0.04,0.00612245,0.0185714,0.508367,0.439796,0.220204,2.10673,0.400816,1.41551,0.456939,0.115306,0.152449,0.0802041,0.0310204,0,0.0236735,0.0112245,0.0146939,0.00979592,0,0,0.00612245,0.0261224,0.027551,0.0863265,0.0177551,0.0208163,0.0755102,0,0.0271429,0.0212245,0.00244898,0.150612,0.0338776,0.0283673,0.0604082,0.0197755,0.137898,0.0135102,0.503408,0.331531,0.305633,4.97443,71.898,335.531,0.77551
0.471538,0.860769,0.89,0,0.442308,0.0292308,0,0.413077,0.0569231,1.75462,0.0569231,2.32,0,0.522308,0,0.413077,0,0,1.93154,0,4.95692,0.0292308,0.0569231,0,0,0,0,0,0,0,0,0,0,0,0,0,0.0284615,0,0,0,0,0,0,0,0,0,0,0,0,0.232308,0,1.48692,0.177385,0.0787692,61.6854,691.692,800.692,1
0.0983333,0.128333,0.282821,0.0135897,0.380385,0.104231,0.0671795,0.153974,0.0326923,0.326154,0.0878205,0.639103,0.104359,0.0219231,0.0174359,0.254487,0.186538,0.168077,1.40397,0.0332051,0.873974,0.0525641,0.0934615,0.070641,0.353333,0.218718,0.126282,0.108462,0.0792308,0.138077,0.0689744,0.0226923,0.0832051,0.0226923,0.0775641,0.0721795,0.230385,0.0203846,0.0753846,0.0321795,0.00858974,0.0196154,0.0412821,0.149872,0.0803846,0.025,0,0.0348718,0.0197179,0.210128,0.0242949,0.175244,0.0612051,0.0593718,3.01023,30.1282,229.269,0.525641
0.117941,0.105882,0.259118,0,0.603529,0.227353,0.288824,0,0.0711765,0.344706,0.08,0.277941,0.241471,0.0505882,0.0155882,0.744412,0.0658824,0.217647,1.96,0.0338235,0.692059,0,0.00970588,0.297941,0.0741177,0.0741177,0.105,0.0782353,0,0.0435294,0,0,0.109118,0,0.035,0.0655882,0.0597059,0,0.0238235,0.04,0.00764706,0,0.0205882,0.0567647,0.253824,0.358824,0,0,0,0.0599118,0.00802941,0.288647,0.0606765,0.583206,5.611,58.5882,110.824,0.558824
0,0,0,0,0,0,0,0,0,0,0,0,0,0,0,0,0,0,0,0,0,0,0,0,0,0,0,0,0,0,0,0,0,0,0,0,0,0,0,0,0,0,0,0,0,0,0,0,0,0.1515,0,0,0,0,1,1,1.33333,0
0.28375,0.28375,0.135625,0,0.2975,0.215,0,0.694375,0,0.23125,0,0.223125,0,0.215,0,0.686875,0,0.70375,2.88938,0,7.28,0,0,0.568125,0,0,0.709375,0,0.23125,0,0,0,0,0,0,0,0,0,0,0,0,0,0,0,0.814375,0,0.135625,0,0,0.0325,0,0.456688,0,0,1.23087,2.25,8.0625,0.25
0.106304,0.149783,0.225652,0,0.317609,0.0665217,0.0928261,0.146739,0.102609,0.498913,0.0606522,0.506957,0.0967391,0.100435,0.123913,0.135217,0.140435,0.190435,1.21522,0.0747826,0.568261,1.48935,0.194348,0.0419565,0.897826,0.343043,0.133261,0.0682609,0.0656522,0.0586957,0.0867391,0.0230435,0.0743478,0.0230435,0.0506522,0.0663043,0.304783,0,0.0269565,0.0430435,0.0502174,0.048913,0.043913,0.137174,0.107609,0.461087,0.0328261,0.02,0.693043,0.142261,0.0143478,0.140457,0.0642391,0.11313,3.8502,32.3261,337.543,0.347826
0.166066,0,0.12459,0,0.117541,0.136393,0.19918,0.157377,0.0244262,0.143279,0.0370492,0.350984,0.0478689,0.0232787,0,0.104754,0.117541,0.201639,1.88836,0.0113115,1.04639,0,0,0.0480328,0.490164,0.26,0.352787,0.423115,0.0680328,0.0913115,0.0816393,0.0629508,0.322951,0.0629508,0.208525,0.0629508,0.232787,0,0.0942623,0.0629508,0.112951,0.100656,0.138361,0.157213,0.534098,0.511475,0,0,0.0222951,0.184918,0.0142623,0.273721,0.0991639,0.0640492,2.5043,14.1311,62.2623,0.42623
0,0,0,0,0,0,0,0,0,0,0,0,0,0,0,0,0,0,0,0,0,0,0,0,0,0,0,0,0,0,0,0,0,0,0,0,0,0,0,0,0,0,0,0,0,0,0,0,0,0,0,0,0,0,0,0,0,0
0,0,0,0,0,0,0,0,0,0,0,0,0,0,0,0,0,0,0,0,0,0,0,0,0,0,0,0,0,0,0,0,0,0,0,0,0,0,0,0,0,0,0,0,0,0,0,0,0,0,0,0,0,0,0,0,0,0
0.107397,0.0753425,0.146027,0,0.153973,0.0523288,0.149041,0.0806849,0.0178082,0.208356,0.0834247,0.737397,0.0315068,0.0380822,0.0552055,0.146438,0.212603,0.079589,1.90027,0,0.547945,0,0.049726,0,0.309452,0.0960274,0.184384,0,0.0413699,0.109726,0.0123288,0,0.220411,0,0,0.106849,0.228356,0.00753425,0.113699,0.00356164,0.122877,0.14726,0.0293151,0.116438,0.279315,0.182603,0,0.0621918,0.0152603,0.117027,0.00773973,0.228123,0.0146438,0.0100411,1.61351,5.75342,45.5205,0.109589
0.0746296,0.298148,0.512222,0.36537,0.567222,0.252037,0.674259,0.0811111,0.0674074,0.308889,0.106667,0.556296,0.0542593,0.0037037,0.0125926,0.315,0.203333,0.486296,2.37056,0.346296,1.42259,0.0159259,0.0977778,0.137222,0.0633333,0.0462963,0.00592593,0.0261111,0.0266667,0.0266667,0.0174074,0,0.005,0,0.0498148,0.0175926,0.0933333,0,0.0442593,0.00351852,0,0,0.0140741,0.0140741,0.218704,0.0311111,0,0,0.00909259,0.0970185,0.0168519,0.420185,0.0542407,0.0419074,9.28972,138.667,329.389,0.87037
0.133231,0.181846,0.199231,0,0.245385,0.0818462,0.214,0.0972308,0,0.210308,0.056,0.586154,0.0681538,0,0.0563077,0.221231,0.101385,0.194615,2.04738,0.0198462,0.698615,0,0.0650769,0,0.289385,0.130615,0.0756923,0.243538,0.0173846,0.0592308,0.0404615,0,0.169538,0,0.193077,0,0.324154,0,0.0901538,0.00984615,0.06,0.191846,0.0918462,0.0461538,0.234769,0.786462,0,0.00630769,0.00935385,0.0983538,0.0101385,0.387031,0.0151692,0.210369,2.55174,13.7538,53.0308,0.353846
0.0498851,0.0243678,0.00804598,0,0.396207,0.0863218,0.0204598,0.0947126,0,0.10023,0,0.740805,0.0337931,0.0844828,0,0.268736,0.017931,0,0.32977,0.0310345,0.0817241,0,0.0243678,0,0.171954,0.103793,0.286782,0.0675862,0.0891954,0.0675862,0,0,0.312414,0,0.297471,0.0114943,0.0614943,0.0850575,0.13977,0,0.50023,0.437011,0.082069,0.194943,0.491609,0.903333,0,0,0.00508046,0.0996207,0.038092,0.171483,0,0,2.09302,5.73563,14.8046,0.0344828
1.375,0,0.05,0,0.15125,0,0.11125,0,0,0.263125,1.375,1.55188,0,0,0,0.11125,0,0.13625,2.19188,0,5.86375,0,0,0,0.98625,0.025,0,0,0,0,0,0,0,0,0,0,0,0,0,0,0,0,0,0,0.1775,0,0,0.151875,0,0,0,1.21256,0,0,6.66738,33.125,54.1875,0
0.21,0.448824,0.646471,0.0823529,0.291176,0.0241176,0.437647,0.0335294,0.169412,0.931176,0.145294,0.911765,0.0476471,0.0776471,0.177059,1.51235,0.374706,0.0370588,1.97235,0.135882,1.54941,0,0.0482353,0.146471,0.0317647,0.0470588,0.0170588,0.0341176,0,0,0,0,0,0.0170588,0.0341176,0.0135294,0.0358824,0,0,0,0,0,0,0,0.120588,0,0,0.0452941,0.0170588,0.0634706,0,0.830765,0.316118,0.0754118,40.6247,379.294,549.412,0.882353
0.0697619,0.0986905,0.249167,0,0.357024,0.0820238,0.0864286,0.0954762,0.0441667,0.138333,0.0427381,0.527976,0.0810714,0,0.0182143,0.0991667,0.146905,0.217143,1.2469,0,0.475119,0,0.0319048,0.0104762,0.625833,0.379405,0.357857,0.19369,0.105,0.144643,0.062619,0.0529762,0.127381,0.0529762,0.13381,0.197143,0.241548,0.0129762,0.166071,0.0790476,0.0475,0.0391667,0.155833,0.0914286,0.272024,0.158214,0,0.0894048,0.0350952,0.13556,0.0222857,0.131929,0.0341548,0.027381,1.96431,11.2857,112.917,0.25
0.226471,0.315294,0.601765,0.0558824,0.431765,0.341176,0.164118,0.202941,0.421765,0.688824,0.260588,0.661765,0.222941,0.104706,0.332353,0.263529,0.241765,0.412353,1.98588,0.137059,1.48529,0.01,0.364118,0.298235,0.548824,0.231176,0.0141176,0,0,0.0429412,0,0,0.0794118,0,0.0423529,0.0141176,0.192353,0.0505882,0.0141176,0.0429412,0,0.0429412,0.02,0.0288235,0.0876471,0.0841176,0,0,0.000705882,0.186,0.00876471,0.645235,0.247647,0.0516471,9.96018,302.059,738.765,0.941176
0.096,0.008,0.196,0.008,0.092,0.118,0,0.058,0.058,0.188,0.074,0.082,0.072,0,0.038,0.088,0.078,0.076,0.608,0.008,0.242,1.906,0.138,0.11,0,0,0,0,0,0,0,0,0,0.028,0,0.008,0,0,0.016,0,0,0,0,0,0.038,0,0,0,0.4302,2.0094,0.009,0.3924,0.375,0.4024,57.5034,2297.8,10648.8,1
0,0,0,0,0,0,0,0,0,0,0,0,0,0,0,0,0,0,1.23692,0,0,0,0,0,0,0.549231,11.1177,0,0,0,0,0,0,0,0,0,0,0,0,0,0,0.854615,0,0,0.256154,0,0,0.320385,0.100462,0.134923,0,0.0935,0,0,1.50654,2.92308,8.57692,0
0.126832,0.150396,0.390198,0.141683,0.3,0.12099,0.0893069,0.184455,0.434059,0.517822,0.125545,0.535545,0.122178,0.0637624,0.136139,0.27099,0.145446,0.375545,1.40069,0.173564,0.921584,0.854059,0.125842,0.198416,0.480099,0.153564,0.0308911,0.0251485,0.00564356,0.0271287,0.020099,0.00188119,0.125248,0.00376238,0.127228,0.0322772,0.139208,0.00178218,0.0332673,0.0319802,0.00950495,0.0276238,0.00534653,0.0123762,0.0350495,0.0372277,0.00653465,0.0292079,0.0597822,0.108871,0.044396,0.360277,0.183208,0.0975545,4.65511,75.0297,969.545,0.683168
0.128033,0.213279,0.451803,0.701803,0.276557,0.119016,0.0531148,0.112787,0.28623,0.314754,0.0708197,0.821967,0.195246,0.117705,0.149672,0.142459,0.144098,0.191148,1.82689,0.176557,1.01131,0,0.130328,0.159672,0.575574,0.128361,0.0218033,0.0277049,0.0118033,0.017377,0.0204918,0.00262295,0.077377,0.00262295,0.0288525,0.0342623,0.0865574,0.00229508,0.0204918,0.0388525,0.00262295,0.0840984,0.0334426,0.0101639,0.0262295,0.00196721,0,0.0101639,0.163148,0.136295,0.0210984,1.16967,0.286738,0.0189672,4.27672,60.3934,766.213,0.622951
0,0,0,0,0,0,0,0,0,0,0,0,0,0,0,0,0,0,0,0,0,0,0,0,0,0,0,0,0,0,0,0,0,0,0,0,0,0,0,0,0,0,0,0,0,0,0,0,0,0,0,0,0,0,0,0,0,0
0,0.054375,0.181875,0,0.276875,0,0.47625,0,0,1.19063,0,0.301875,0,0.178125,0,0.09875,0,0.178125,1.28375,0,0.70625,0,0,0.333125,0,0,1.24,1.08875,0,0,0,0,0.310625,0,0,0.178125,0.83875,0,1.55687,0.26,0,0,0,0,0.26125,0,0,0,0.16025,0.560562,0,0.0896875,0.008625,0.037625,4.5845,25.1875,41.375,0.375
0,0,0,0,0,0,0,0,0,0,0,0,0,0,0,0,0,0,0,0,0,0,0,0,0,0,0,0,0,0,0,0,0,0,0,0,0,0,0,0,0,0,0,0,0,0,0,0,0,0,0,0,0,0,0,0,0,0
0,0,0,0,0,0,0,0,0,0,0,0,0,0,0,0,0,0,0,0,0,0,0,0,0,0,0,0,0,0,0,0,0,0,0,0,0,0,0,0,0,0,0,0,0,0,0,0,0,0,0,0,0,0,0,0,0,0
0.0438333,0.0985,0.31,0.00233333,0.368167,0.108333,0.140667,0.0781667,0.059,0.229833,0.0473333,0.412667,0.2665,0.06,0.156833,0.0651667,0.0618333,0.3335,1.39533,0.056,0.663667,0.653667,0.1555,0.0815,0.915667,0.363833,0.1925,0.134,0.1035,0.0946667,0.0866667,0.0996667,0.07,0.0996667,0.083,0.124333,0.178833,0,0.0878333,0.125167,0.0206667,0.0655,0.108667,0.0351667,0.151167,0.087,0,0.0133333,0.136683,0.19405,0.0318333,0.155017,0.149,0.0676667,3.18995,22.35,259.083,0.533333
0.0846269,0.190299,0.275448,0,0.408209,0.163806,0.119776,0.0604478,0.0536567,0.240224,0.0371642,0.598582,0.0744776,0.00395522,0.0115672,0.200373,0.126194,0.17709,1.41716,0.0320149,0.904925,0.00925373,0.112463,0.0591045,0.635821,0.305522,0.263209,0.156119,0.118881,0.137537,0.0776119,0.0869403,0.114925,0.0869403,0.126045,0.107313,0.245597,0,0.135821,0.0900746,0.149254,0.0758209,0.134552,0.0302239,0.237313,0.248284,0.00507463,0.0272388,0.054806,0.173881,0.0261119,0.184761,0.0715672,0.0152463,2.67349,19.5373,163.485,0.425373
0.11,0,0.167015,0,0.14791,0.0362687,0,0.0877612,0,0.0286567,0,0.36194,0,0.12209,0,0.33194,0.0425373,0.0222388,0.209254,0.271343,0.0916418,0,0,0,0.0222388,0.0222388,0.653582,0,0,0.0620895,0,0,0.284478,0,0,0,0,0.0425373,0.0438806,0,0.0480597,0.334328,0,1.26209,0.751343,0.185373,0,0,0.00620896,0.13097,0,0.0632239,0.0215373,0,1.41636,2.83582,9.46269,0.0447761
0.0771154,0.0807692,0.265962,0,0.418365,0.112115,0.144423,0.122404,0.0329808,0.226923,0.0767308,0.538846,0.0342308,0.0299038,0.108462,0.298365,0.107596,0.202308,1.79346,0.0376923,0.929327,0.0453846,0.102788,0.0881731,0.764038,0.403269,0.235962,0.288654,0.110288,0.160673,0.0784615,0.111635,0.0467308,0.111635,0.127596,0.169712,0.128173,0.0153846,0.119615,0.0730769,0.0382692,0.0486538,0.108173,0.108173,0.227788,0.367885,0.0223077,0.00509615,0.0300577,0.151317,0.0149038,0.210606,0.0654904,0.0830865,2.30017,12.8942,99.7308,0.394231
0.015641,0.0951282,0.275385,0,0.110256,0.0271795,0.127436,0.0694872,0.184615,0.141026,0.0425641,0.40641,0.0105128,0.160256,0,0.845128,0.181282,0.114103,1.31872,0.0410256,1.00795,0.0238462,0.152821,0.0789744,0.48359,0.544359,0.274359,0.0546154,0,0.0702564,0.0402564,0.0453846,0.117179,0.0453846,0.0397436,0.132308,0.0748718,0,0.0582051,0.0405128,0,0.0915385,0.0348718,0.0102564,0.179231,0.07,0,0,0.00561538,0.136077,0.0178974,0.556333,0.0532051,0,3.63579,28.9231,88.0769,0.641026
0,0,0,0,0,0,0,0,0,0,0,0,0,0,0,0,0,0,0,0,0,0,0,0,0,0,0,0,0,0,0,0,0,0,0,0,0,0,0,0,0,0,0,0,0,0,0,0,0,0,0,0,0,0,0,0,0,0
0.305217,0.146304,0.278913,0.0936957,0.0663043,0.10913,0.0197826,0.131522,0.212609,0.37,0.14413,0.638261,0.331304,0.666957,0.0204348,0.162391,0.267391,0.115,1.85261,0.0486957,0.843261,0.0341304,0.443478,0.278696,0.0971739,0.0617391,0.00521739,0.00152174,0.00217391,0.00391304,0,0,0.316087,0,0,0.0286957,0.180217,0.00152174,0.005,0.013913,0.0252174,0.00782609,0.00456522,0.0163043,0.0393478,0.0580435,0.01,0.0513043,0.0298913,0.116522,0.00773913,0.24063,0.334978,0.0894565,5.14743,164.043,3362.72,0.73913
0.152632,0.0519298,0.402982,0,0.348947,0.0826316,0.101579,0,0.0119298,0.109123,0.0245614,0.622281,0.161404,0,0,0.119649,0.014386,0.12386,1.65211,0.00789474,0.47386,0,0.103684,0.0882456,0.224035,0.14193,0.205789,0,0.0638596,0.104035,0.0226316,0,0.0726316,0,0,0.0515789,0.0710526,0.0163158,0.0584211,0,0.0750877,0.214035,0,0.0603509,0.251228,0.0326316,0,0.0735088,0.00996491,0.143737,0.022807,0.190263,0.0122807,0.00636842,1.50537,5.4386,39.8246,0.175439
0,0,0.285682,0,0.250455,0.0136364,0.0845455,0,0.119545,0.136136,0.0136364,0.236364,0,0.261364,0.0263636,0.687045,0.0597727,0.278636,1.19455,0,0.454091,0,0,0,1.37068,1.13136,0.648864,0.554545,0.365227,0.519773,0.470455,0.365227,0.0272727,0.365227,0.623409,0.470455,0.182727,0,0.0888636,0.365227,0.106591,0.230909,0.13,0.264545,0.470682,0.169545,0,0.0313636,0.01225,0.238727,0.0508636,0.212023,0.0182273,0.0121136,2.32532,11.0455,36.9318,0.181818
0.0915152,0.09,0.262879,0.290303,0.261061,0.075303,0.0656061,0.064697,0.285,0.343182,0.0722727,0.448485,0.13803,0.151667,0.095303,0.296667,0.0618182,0.245,1.36652,0.210455,0.85,0.863333,0.0945455,0.0951515,0.379697,0.171818,0.0316667,0.0193939,0.00893939,0.0168182,0.0339394,0.00136364,0.0759091,0.00136364,0.105152,0.0227273,0.167121,0.000606061,0.0174242,0.0407576,0.0101515,0.0369697,0.00454545,0.0101515,0.0451515,0.0513636,0.0166667,0.04,0.0324242,0.150545,0.0204394,0.219667,0.123015,0.110985,6.12858,95.9697,1219.88,0.590909
0,0,0,0,0,0,0,0,0,0,0,0,0,0,0,0,0,0,0,0,0,0,0,0,0,0,0,0,0,0,0,0,0,0,0,0,0,0,0,0,0,0,0,0,0,0,0,0,0,0,0,0,0,0,0,0,0,0
0.15413,0.0767391,0.261957,0,0.401087,0.036087,0.106957,0.0754348,0.0423913,0.0828261,0.0636957,0.601957,0.150435,0.023913,0.0165217,0.132826,0.138913,0.0995652,1.32609,0.191304,0.503478,0,0.0693478,0.0163043,0.388261,0.237609,0.166522,0.144783,0.0763044,0.0752174,0.00652174,0,0.0769565,0,0.0604348,0.116522,0.0982609,0.01,0.0558696,0,0.0432609,0.085,0.0293478,0.144565,0.192391,0.0856522,0.0354348,0.0795652,0.0126522,0.198022,0.00193478,0.199891,0.0348261,0.0121522,1.70163,7.13043,76.9783,0.282609
0.168276,0.06,0.203448,0,0.253276,0.109138,0.12069,0.0310345,0.0291379,0.0796552,0,0.50569,0.0474138,0.0424138,0,0.220517,0.0586207,0.0937931,1.63879,0.0153448,0.574483,0,0.00758621,0.02,0.251379,0.325517,0.313448,0,0.174828,0.0272414,0,0,0.082069,0,0.0234483,0.0994828,0.162931,0,0.087931,0.0172414,0.0506897,0.257069,0,0.175862,0.420172,0.172069,0.0175862,0.0441379,0.00134483,0.0965,0.00186207,0.185897,0.0113793,0.00524138,1.63288,5.12069,35.3276,0.137931
0.134,0.110588,0.256471,0.145647,0.454,0.117882,0.0661176,0.102471,0.190588,0.280235,0.111647,0.745765,0.121882,0.0481176,0.0578824,0.16,0.233529,0.170471,1.61176,0.0958824,0.727882,0.874824,0.200824,0.142118,0.537176,0.187294,0.0202353,0.0401176,0.0182353,0.0341176,0.0107059,0.0132941,0.110235,0.00388235,0.0415294,0.092,0.107176,0.0128235,0.0169412,0.01,0.0305882,0.0648235,0.00905882,0.0143529,0.0354118,0.103059,0.0269412,0.0272941,0.0399059,0.133294,0.0131529,0.147553,0.0690824,0.0992824,3.57905,39.3176,487.106,0.588235
0,0.035,0.126905,0,0.252381,0.0178571,0.160952,0.0952381,0.0383333,0.29619,0,0.951667,0,0.238095,0,0.148095,0,0.035,2.20881,0.0528571,0.0869048,0,0,0.727143,0.0995238,0.0995238,0.129524,0.103333,0.0914286,0.0766667,0,0,0.0178571,0,0.229286,0,0,0,0.0766667,0.0528571,0.18,0.168095,0,0,0.26619,0.112619,0,0.0969048,0.0987857,0.133976,0.00890476,0.467452,0.0104524,0.0267143,2.89183,10.4524,21.3571,0.357143
