0.126364,0.109818,0.362,0.0156364,0.326727,0.117273,0.0723636,0.106182,0.0996364,0.336364,0.121818,0.496545,0.168727,0.0489091,0.128909,0.282909,0.162364,0.24,1.33327,0.0998182,0.740727,0.708182,0.241818,0.0656364,0.529091,0.236545,0.120545,0.158364,0.0678182,0.0725455,0.0885455,0.0352727,0.0601818,0.0352727,0.0776364,0.0836364,0.139091,0.0298182,0.0769091,0.0778182,0.0552727,0.112909,0.0345455,0.0836364,0.115636,0.112545,0.0274545,0.0469091,0.335455,0.150582,0.0149455,0.199509,0.0706909,0.0973273,3.4118,30.9091,373.4,0.436364
0,0.64,0.179565,0,0.123913,0,0.355652,0,0,1.51217,0,0.529565,0.137391,0.123913,0,0,0,0.123913,3.07957,0,0.510435,0,0,0.149565,0,0,0.862609,0.757391,0,0,0,0,0.216087,0,0,0.123913,0.583478,0,1.29217,0,0.0556522,0,0,0.0556522,0.783913,0,0,0,0.111478,0.399565,0,0.0946957,0.081,0,3.764,24,38.5217,0.304348
0.353684,0.0854386,0.418596,0,0.681579,0.0461403,0.188421,0.154035,0.0578947,0.124912,0.027193,0.449474,0.0298246,0,0.0263158,0.557719,0.236667,0.149649,1.97632,0.0835088,1.17825,0.00964912,0.233333,0.0635088,0.140526,0.0596491,0.131053,0.0622807,0.0145614,0.0475439,0.00894737,0.0296491,0.11614,0.0296491,0.0501754,0.0375439,0.119825,0,0.0466667,0.00894737,0.0754386,0.0622807,0.0249123,0.0661404,0.282982,0.136842,0,0.0480702,0.0134386,0.0752632,0.0148772,0.479053,0.164175,0.00907018,2.63454,21.0702,119.702,0.666667
0.0928986,0.0873913,0.265942,0.277681,0.258841,0.0771014,0.065942,0.0634783,0.295217,0.362899,0.0817391,0.461304,0.134783,0.145797,0.093913,0.283913,0.0591304,0.246812,1.34826,0.248696,0.882464,0.87,0.0985507,0.0943478,0.372899,0.174783,0.0310145,0.0185507,0.00855072,0.016087,0.0324638,0.00130435,0.0776812,0.00130435,0.10058,0.0236232,0.166522,0.00057971,0.0166667,0.0389855,0.00971014,0.0353623,0.00869565,0.0111594,0.0413043,0.0491304,0.015942,0.0382609,0.0344928,0.153725,0.0202754,0.224087,0.127522,0.104116,6.15028,101.159,1231.72,0.594203
0.0808955,0.0620896,0.347313,0.0129851,0.330597,0.102687,0.0395522,0.102388,0.105821,0.294627,0.0589552,0.435075,0.0614925,0.0228358,0.0171642,0.226567,0.0992537,0.10791,1.35552,0.0150746,0.723433,0.0156716,0.0661194,0.0826866,0.704179,0.38403,0.179254,0.146418,0.0758209,0.150746,0.107612,0.0537313,0.19209,0.0537313,0.0931343,0.137612,0.301493,0.0226866,0.0991045,0.0837313,0.00895522,0.0474627,0.10194,0.145075,0.165672,0.109701,0.0162687,0.0265672,0.0286418,0.230254,0.0258955,0.142373,0.0417761,0.0434627,2.5551,19.4925,213.493,0.432836
0.0908974,0.149487,0.316795,0,0.430385,0.140513,0.115769,0.0715385,0.0407692,0.224615,0.0425641,0.649487,0.0729487,0.00679487,0.005,0.210256,0.145897,0.168462,1.43103,0.0267949,0.962692,0,0.074359,0.0496154,0.711538,0.311282,0.285513,0.177436,0.144872,0.138205,0.0951282,0.107051,0.0803846,0.107051,0.130769,0.134487,0.231154,0,0.132436,0.116154,0.0598718,0.0764103,0.151026,0.0367949,0.252949,0.147821,0.00871795,0.00666667,0.0355128,0.169333,0.0277308,0.102513,0.0438205,0.00957692,2.09455,14.5,162.821,0.371795
0.0179412,0.0755882,0.282353,0,0.126471,0.0311765,0.146176,0.0797059,0.178235,0.161765,0.0488235,0.308529,0.0120588,0.183824,0,0.871765,0.207941,0.130882,1.27794,0.0470588,0.916176,0.0273529,0.175294,0.0570588,0.496471,0.425,0.314706,0.0626471,0,0.0611765,0.0461765,0.0520588,0.134412,0.0520588,0.0455882,0.132353,0.0858824,0,0.0667647,0.0464706,0,0.0223529,0.04,0.0117647,0.205588,0.0802941,0,0,0.00644118,0.156088,0.0205294,0.586941,0.0552353,0,3.42444,27.9118,89.1471,0.647059
0.0718182,0.0904545,0.0690909,0,0.271364,0.0270455,0.151591,0.620227,0.0597727,0.1475,0,0.146818,0.00636364,0.282727,0,0.0843182,0.250455,0.115909,0.833409,0.0329545,0.595227,0.0454545,0.240227,0.0179545,0.167045,0.212727,0.0938636,0.122955,0,0.0284091,0,0.0134091,0,0.0134091,0.0756818,0.131818,0.0811364,0,0,0,0,0,0,0,0.579318,0.00636364,0,0.0377273,0.00393182,0.178091,0.00602273,0.327045,0.1635,0.0138636,3.68595,23.0682,79.8636,0.772727
0.0928571,0.025,0.214107,0,0.18375,0.0482143,0.0219643,0.0992857,0.0232143,0.180893,0.0535714,0.950357,0.0146429,0.0208929,0.0319643,0.110714,0.0628571,0.0794643,1.45982,0,0.49125,0,0,0,0.442857,0.140357,0.0932143,0,0.0760714,0.201429,0.0160714,0,0.340714,0,0,0.115536,0.213393,0.00982143,0.215179,0,0.121786,0.175714,0.0382143,0.13,0.209643,0.191964,0,0.0707143,0.0131786,0.115768,0.004625,0.0871607,0.00283929,0.00214286,1.60555,5.76786,47.2321,0.0892857
0.049434,0.0275472,0.312075,0,0.313962,0.139434,0.0360377,0.200566,0.0218868,0.245094,0.049434,0.453774,0.0713208,0,0.0186792,0.184717,0.0692453,0.136038,1.51774,0.0341509,0.683208,0.00867925,0.07,0.0375472,0.750566,0.676981,0.267358,0.369245,0.19283,0.156415,0.100943,0.0788679,0.131321,0.0788679,0.26566,0.200943,0.225283,0,0.168113,0.0788679,0.0730189,0.119434,0.158302,0.0660377,0.336038,0.220755,0.00528302,0.0215094,0.0175849,0.166887,0.0465283,0.179698,0.0419811,0.0127358,2.00951,11.6415,128.415,0.283019
0.129583,0.209722,0.431806,0.594583,0.276389,0.120139,0.0483333,0.112917,0.26,0.315694,0.0713889,0.80875,0.209028,0.125278,0.13,0.149583,0.144306,0.187083,1.73278,0.150972,0.950694,0,0.128194,0.174028,0.717361,0.12875,0.0215278,0.0234722,0.0144444,0.0180556,0.0204167,0.00222222,0.0694444,0.00222222,0.0355556,0.0625,0.0911111,0.00194444,0.0173611,0.035,0.00222222,0.0723611,0.0354167,0.0102778,0.0261111,0.00166667,0,0.0213889,0.140569,0.130917,0.017875,1.03196,0.256306,0.0185694,4.10265,61.0833,755.875,0.597222
0,0,0,0,0.51,0,0,0,0,0,0,0,0,0,0,0,0,0,1.48071,0,0,0,0,0,0,0,0,0,0,0,0,0,0,0,0,0,0,0,0.793571,0,0,0,0,0,11.6764,0.549286,0,0,0,0.218571,0,0.661286,0,0,1.3475,2.64286,7.21429,0
0.13,0.0548684,0.233289,0.0930263,0.533947,0.131579,0.0535526,0.1,0.159342,0.188684,0.115526,0.725921,0.156842,0.0501316,0.00631579,0.143553,0.283947,0.0734211,1.81329,0.0842105,0.733026,0.743947,0.248553,0.133816,0.648289,0.103026,0.0148684,0.0209211,0.0119737,0.00868421,0.0143421,0.0184211,0.0875,0.00789474,0.0181579,0.0903947,0.102105,0.0106579,0.0144737,0.00723684,0.0171053,0.0456579,0.0172368,0.00421053,0.0509211,0.0675,0.0115789,0.0207895,0.0736711,0.103303,0.00677632,0.122684,0.0813684,0.0773947,3.21845,31.1053,458.711,0.565789
0.0388571,0.0437143,0.226286,0,0.255143,0.0428571,0.0791429,0.228,0.0102857,0.119714,0.0762857,0.456,0.150286,0,0.0302857,0.116571,0.106,0.437429,1.72143,0,0.52,0,0,0.0114286,0.294286,0.0285714,0.101143,0,0.0142857,0.0174286,0,0,0.0788571,0,0,0.0882857,0.133714,0.0291429,0.0731429,0,0.0202857,0.164,0,0.226,0.133143,0.0694286,0,0,0.0174571,0.173771,0.0412,0.342714,0.0129143,0,1.55357,5.91429,67.5429,0.342857
0.0960784,0.14451,0.303333,0,0.349804,0.150392,0.285294,0.182941,0.0458824,0.286471,0.115294,0.216275,0.0292157,0.0441176,0.035098,0.456471,0.154706,0.377255,2.29275,0.0860784,1.11922,0.0294118,0.116667,0.117059,0.72,0.339608,0.348627,0.146078,0.0511765,0.162745,0.0511765,0.155882,0.0417647,0.155882,0.0858824,0.0827451,0.107647,0.00784314,0.136078,0.0511765,0.0823529,0.0270588,0.125294,0.05,0.289412,0.59098,0.0454902,0,0.0242549,0.109882,0.00835294,0.307255,0.0386275,0.155569,2.28935,15.7451,96.1569,0.529412
0.0951429,0.0851429,0.125143,0,0.480286,0.0237143,0.102286,0.076,0.0362857,0.128571,0.0271429,0.542857,0.0191429,0.0722857,0.0245714,0.456,0.264857,0.174857,2.32629,0.0125714,1.24971,0,0.199714,0.0537143,0.0722857,0.0242857,0.0685714,0.0551429,0,0,0,0,0.0125714,0,0.0577143,0.132,0.0191429,0,0.0474286,0.00942857,0,0.0191429,0.0182857,0.0171429,0.216571,0.0617143,0,0.00942857,0.013,0.136914,0.0106286,0.375,0.0974571,0.0118,3.41543,28.3143,110.457,0.828571
0.124369,0.15301,0.389223,0.138932,0.297961,0.119612,0.088835,0.185922,0.42767,0.51534,0.123107,0.532718,0.128447,0.0634951,0.135728,0.270291,0.145631,0.371553,1.42854,0.176796,0.934078,0.91165,0.12466,0.198058,0.470777,0.150583,0.0302913,0.0246602,0.00553398,0.0266019,0.0197087,0.00184466,0.122816,0.00368932,0.124757,0.0316505,0.136505,0.00174757,0.0326214,0.0313592,0.00932039,0.0270874,0.00524272,0.0121359,0.0366019,0.0365049,0.00640777,0.0286408,0.0586214,0.106913,0.043534,0.362107,0.180175,0.104767,4.71909,77.699,971.097,0.68932
0,0.0757143,0.225714,0,0.483214,0.0278571,0.422857,0,0.0196429,0.311071,0,0.541786,0.237857,0.111429,0,0.580714,0,0.445,3.04036,0,0.896429,0,0,0.0507143,0.549286,0,0,0,0,0,0,0,0,0,0,0,0,0,0,0,0,0.182857,0,0.0921429,0.225357,0.585714,0,0,0.0110357,0.0210714,0,0.116607,0,0,5.17179,53.4643,75.75,0.285714
0,0.02625,0.150893,0,0.2575,0,0.0396429,0.130893,0.0594643,0.155714,0,0.762679,0.0457143,0.035,0,0.292679,0.0594643,0.131964,2.00911,0,0.396964,0,0.120357,0.383036,0.370714,0.360893,0.215536,0.155179,0.136607,0.0851786,0.0839286,0,0,0,0.168036,0.0357143,0.0608929,0,0.159643,0.0396429,0.145,0.256786,0.0278571,0.172321,0.396607,0.119107,0,0.0660714,0.0986071,0.134339,0.0153571,0.415821,0.0437679,0.0533036,2.75591,11.5357,25.5179,0.410714
0.123548,0.21129,0.576129,0.636452,0.480323,0.210968,0.301613,0.223548,0.0574194,0.279677,0.155484,0.546774,0.111935,0,0,0.461935,0.412581,0.417097,2.46613,0.57,1.60742,0.0277419,0.140323,0.231935,0.0183871,0.0183871,0,0,0,0,0,0,0.00870968,0,0,0.0235484,0.101935,0,0.0770968,0.00612903,0,0,0.0245161,0.00903226,0.130645,0.04,0,0,0.0114194,0.0897742,0.0274839,0.446226,0.080129,0.0347419,7.83913,134.742,295.419,0.967742
0.086092,0.0428736,0.328161,0.00931034,0.374943,0.273678,0.121724,0.127356,0.0326437,0.231609,0.0129885,0.495747,0.127126,0.015977,0.00287356,0.255172,0.111379,0.113793,1.51437,0.00425287,1.41092,0,0.135517,0.182989,0.636437,0.467816,0.185747,0.14069,0.0697701,0.163678,0.0702299,0.0445977,0.0904598,0.0445977,0.118391,0.100115,0.137701,0.00264368,0.0577011,0.0514943,0.0668966,0.0091954,0.0782759,0.0111494,0.254598,0.0893103,0.0227586,0.00321839,0.0414713,0.152126,0.0259655,0.110908,0.0662874,0.0105057,1.98556,12.1609,142.667,0.471264
0.0710909,0.0556364,0.242727,0.0241818,0.117091,0.0721818,0.0372727,0.212364,0.0418182,0.146545,0,0.648727,0.148545,0.00418182,0.101636,0.0809091,0.135455,0.194909,1.73091,0.0116364,0.608909,0,0.124727,0.0814545,0.236545,0.177818,0.0414545,0.0892727,0.0205455,0.0267273,0,0,0.154727,0,0.0732727,0.0527273,0.332,0,0.195455,0.0241818,0.101091,0.0885455,0.196545,0.00745455,0.409818,0.648727,0,0.0721818,0.00603636,0.173691,0.0340364,0.227255,0.0840909,0.0198909,2.34565,13.8182,69.6182,0.327273
0.145588,0.227353,0.512647,0,0.403235,0.116176,0.428824,0.0229412,0.0520588,0.358235,0.0926471,0.521765,0.173824,0.0135294,0.0747059,0.342647,0.181176,0.321471,2.25,0,0.837059,0.0479412,0.536471,0.0594118,0.0967647,0.112059,0,0.212059,0,0.0967647,0,0,0.586765,0,0.193824,0.0185294,0.00676471,0,0,0.106765,0,0.0997059,0.0152941,0.0161765,0.136176,0.140294,0,0,0.0132059,0.0853235,0,0.717824,0.127265,0.0261765,6.30568,76.2941,191.794,0.676471
0.088,0.136571,0.294571,0,0.447143,0.119143,0.276286,0.179429,0.0454286,0.312571,0.222,0.570857,0.213143,0.100286,0.0288571,0.297429,0.125429,0.265429,1.62857,0.159714,1.06143,0,0.0597143,0.0702857,0.452,0.068,0.0345714,0.0982857,0.0171429,0.102857,0.0348571,0.0171429,0.0114286,0.0171429,0.0717143,0.190286,0.248,0,0.0337143,0.0768571,0,0.00657143,0,0.0265714,0.122286,0.0251429,0,0.032,0.0184857,0.0968,0.00288571,0.254686,0.0704286,0.00525714,3.27031,52.3429,195.457,0.6
0.136977,0.107674,0.366512,0.0269767,0.249302,0.206047,0.105116,0.0148837,0.0151163,0.165814,0.0267442,0.364651,0.177674,0,0.0123256,0.41186,0.227674,0.0693023,1.76721,0.0260465,0.755116,0.116512,0.234186,0.107674,0.503488,0.376512,0.194651,0.103953,0.0906977,0.164186,0.0816279,0.0816279,0.0539535,0.113023,0.111163,0.0906977,0.0418605,0,0.155349,0.092093,0,0,0,0,0.320465,0.235349,0,0.0593023,0.0158837,0.113256,0.00183721,0.445674,0.0429535,0.0489302,3.77607,39.8837,124.884,0.55814
0.0989362,0.151277,0.361489,0.0123404,0.244681,0.101277,0.0970213,0.158085,0.0482979,0.21617,0.092766,0.591277,0.092766,0.02,0,0.395319,0.153404,0.390213,1.95064,0.146596,0.908085,0,0.148298,0.122766,0.15,0.0904255,0,0.0380851,0,0.0468085,0,0,0,0.00638298,0.0651064,0.0487234,0.103617,0,0,0.0259574,0,0.00723404,0.0178723,0,0.166596,0.505957,0,0.0223404,0.00938298,0.120191,0.00457447,0.350894,0.121255,0.0214043,4.21672,64.7447,277.489,0.595745
0.125882,0.679412,0.132941,0,0.413529,0.292353,0.761176,0.16,0.14,0.737059,0.0647059,0.877059,0,0.0917647,0,0.867647,1.45882,0.0447059,0.822941,0.507647,1.27235,0,0,0.125882,0,0,0,0,0,0.0570588,0,0,0,0,0,0.125882,0.274118,0.0917647,0,0.02,0,0,0,0,0.02,0,0,0,0,0.118529,0,0.614647,0.0685882,0.0671176,9.30671,123.176,174.706,0.882353
0,0,0.0391176,0,0.0391176,0,0,0,0,0,0,0,0,0,0,0,0,0.291471,0,0,0.0391176,0,0,0,11.7162,2.93324,1.95412,2.24559,1.95412,2.24559,2.24559,1.95412,0,1.95412,2.24559,2.24559,0.0391176,0.117647,0.0391176,1.95412,0,0.117647,0,0,1.18735,0,0,0,0.0254412,0.543824,0.00635294,0.0535294,0,0,3.45326,13.1765,27.9412,0
0,0,0,0,0,0,0,0,0,0,0,0,0,0,0,0.37037,0,0,0,0,0,0,0,0,0,0,20.987,0,0,0,0,0,0,0,0,0,0,0,0,0,0,0,0,0,0,0,0,0,0,0,0,0,0,0,1.16356,1.51852,5.13889,0
0.162989,0.10069,0.423678,0,0.226092,0.027931,0.0187356,0.0675862,0.0133333,0.143793,0,0.597471,0.106782,0.16069,0,0.307816,0.0327586,0.168621,1.28494,0.208966,0.503448,0,0,0.104483,0.183218,0.0473563,0.796322,0,0.0287356,0.0478161,0,0,0.134023,0,0,0,0,0.042069,0.100575,0,0.0370115,0.358391,0,0.268046,0.721494,0.419425,0,0,0.0148736,0.145908,0.00863218,0.126713,0.0165862,0,1.25195,2.26437,10.4943,0.0574713
0,0,0,0,0,0,0,0,0,0,0,0,0,0,0,1.38833,0,0,0,0,0,0,0,0,0,0,0.49,0.49,0,0.49,0,0,0,0,2.15667,0,0,0,0,0,3.26667,0,0,0,0,5.615,0,0,0,0.0635833,0,0,0,0,3.7895,8.08333,12.5,0.0833333
0.0766667,0,0.301905,0,0,0.0285714,0,0.0409524,0,0.168095,0,0.806667,0.107143,0,0,0.027619,0.118571,0.431429,0.611905,0,0.342381,0,0,0,2.92667,1.69476,0.564762,0.899524,0.240952,0.787143,0.451905,0.240952,0.199524,0.240952,0.526667,0.471905,0.611429,0,0.20381,0.240952,0,0.147619,0.290952,0.220952,0.35,0,0.0409524,0.047619,0.024381,0.256762,0.0635714,0.0532857,0.005,0.005,2.23414,11.0952,69.2381,0
0.129592,0.204898,0.252653,1.74592,0.317755,0.0738776,0.0426531,0.132245,0.299796,0.310612,0.0802041,0.552041,0.0989796,0.00857143,0.0646939,0.385102,0.131633,0.273265,1.64163,0.0702041,0.980204,0.481633,0.082449,0.16,0.514286,0.197143,0.151837,0.0216327,0.0422449,0.0361224,0.0138776,0.0138776,0.0459184,0.0138776,0.0504082,0.0702041,0.12102,0.0673469,0.0583673,0.0604082,0.0077551,0.0167347,0.0522449,0.00591837,0.0844898,0.0355102,0,0.0263265,0.158163,0.15502,0.0165102,0.315612,0.128714,0.071449,5.64918,74.7551,414.653,0.591837
0.121143,0.07,0.275333,0.119524,0.272095,0.112476,0.0480952,0.154,0.192857,0.25981,0.0706667,0.776762,0.102762,0.100952,0.013619,0.147238,0.183238,0.0649524,1.34352,0.0899048,1.11238,0.25381,0.146476,0.0962857,0.934095,0.181048,0.0132381,0.0199048,0.0177143,0.0328571,0.00419048,0,0.105143,0,0.025619,0.0614286,0.157619,0.0125714,0.0310476,0.0133333,0.0702857,0.075619,0.00409524,0.0230476,0.0654286,0.274667,0.024381,0.0201905,0.0665524,0.17441,0.0216952,0.200762,0.0585333,0.0446476,3.76298,48.6571,540.743,0.552381
0,0.0609756,0.14,0,0,0.0870732,0,0,0.0441463,0,0,0.0695122,0.135366,0,0,0.187561,0,0,7.75805,0,0.557073,0,0,0.237805,0,0,1.62634,0,0,0,0,0,0.152439,0,0,0,0,0,0.105854,0,0,0,0,0,1.64805,0.694634,0,0.116098,0.0146341,0.0229512,0,0.171976,0,0,1.19215,1.92683,7.87805,0.0243902
0.288909,0.0463636,0.247091,0,0.265455,0.115091,0.0403636,0.0327273,0.0123636,0.0883636,0.0123636,0.365455,0.0963636,0.0447273,0,0.193091,0.0463636,0.148727,2.03036,0.0161818,0.562364,0,0.0256364,0,0.381455,0.391818,0.221455,0,0.124545,0.0965455,0,0,0.01,0,0.0247273,0.0830909,0.0725455,0.0169091,0.0623636,0.0181818,0.0363636,0.132,0,0.0330909,0.304,0.0914545,0.0185455,0.0265455,0.00490909,0.125927,0.00196364,0.100436,0.00856364,0.00552727,1.43522,4,36.5091,0.145455
0.122203,0.155593,0.24,0,0.211356,0.0577966,0.251525,0.0216949,0,0.202373,0.0361017,0.415932,0.314407,0,0,0.591356,0.0557627,0.152881,1.61254,0.0452542,0.69339,0,0.0894915,0.0564407,0.543559,0.373729,0.445763,0.24,0.0686441,0.145932,0.0974576,0.0540678,0.170339,0.0540678,0.336271,0.0974576,0.243559,0,0.387119,0.0691525,0.079661,0.352373,0.182203,0.225424,0.221525,0.160508,0,0,0.0127458,0.126949,0.0127288,0.301085,0.248186,0.00484746,2.23102,11.1695,43.9322,0.372881
0,0,0,0,0,0,0,0,0,0,0,0,0,0,0,0,0,0,0,0,0,0,0,0,6,3.788,0,0,0,0,0,0,0,0,0,0.512667,0,0,0,0,0,0.966,0,4.31133,0,0,0,0,0,0,0,0,0,0,1.43387,2.46667,6.06667,0
0,0,0.201304,0,0.406957,0,0,0,0.0556522,0.0626087,0,0.27,0,0.0556522,0,0.06,0,0.201304,0.816957,0,0.325652,0,0,0,3.78696,2.58,1.57217,1.80826,1.56696,1.74174,1.64739,1.44609,0.0521739,1.44609,1.80826,1.64739,0,0,0,1.44609,0,0.177391,0,0.234348,0.114783,0,0,0,0,0.51513,0.0710435,0.10813,0,0.0288696,2.49443,11,38.2174,0
0.095942,0.0889855,0.352029,0,0.288986,0.0931884,0.118406,0.0286957,0,0.175652,0.0552174,0.616667,0.117826,0.0233333,0.0324638,0.112609,0.197681,0.0652174,1.90841,0.00652174,0.507971,0,0.124203,0.0728985,0.0972464,0.0607246,0.24942,0,0.0262319,0.0443478,0.0186957,0,0.0643478,0,0,0.0582609,0.12058,0,0.0644928,0.00376812,0.0931884,0.286522,0,0.151449,0.308261,0.0504348,0,0.064058,0.0127391,0.126942,0.0232754,0.324391,0.0205217,0.0158841,1.61851,6.13043,41.4928,0.173913
0,0,0,0,1.28875,0,0,0,0,0,0,3.475,0,0,0,0,0,0,0,0,0,0,0,0,0.80875,0.80875,0,0,9.02375,0,0,0,0,0,0,0,0,0,0,0,0,8.4,0,0,0,0,0,0,0,0,0,0.213,0,0,1.41112,3.375,13.75,0
0.118571,0.0460714,0.29125,0,0.173929,0.0310714,0.0616071,0.0421429,0.0310714,0.308929,0.0332143,0.522321,0.103929,0,0.0108929,0.317143,0.168393,0.261607,1.40232,0.0357143,0.516964,0,0.0128571,0.0223214,0.830179,0.555536,0.206607,0.258036,0.13875,0.214286,0.10125,0,0.188214,0,0.199286,0.142679,0.27375,0.0153571,0.100893,0.0933929,0.0135714,0.100357,0,0.105536,0.124107,0.0707143,0,0.0323214,0.017625,0.152321,0.00651786,0.145929,0.0292679,0.0309464,1.94587,8.64286,60.125,0.232143
0.0742857,0.0494286,0.278143,0,0.319286,0.165571,0.0752857,0.0927143,0.0624286,0.175286,0.0501429,0.502,0.0808571,0.0544286,0.0267143,0.217,0.181286,0.201714,1.34686,0.133714,0.777,0,0.106143,0.105714,0.703,0.409857,0.137429,0.137286,0.114429,0.117571,0.0528571,0.0294286,0.063,0.0294286,0.107,0.0967143,0.187,0.002,0.0412857,0.0532857,0.227857,0.0128571,0.078,0.0415714,0.187429,0.426,0,0.0395714,0.0920143,0.1598,0.0239857,0.100729,0.0587,0.0128143,2.16796,15.2143,186.814,0.385714
0.0583333,0.16125,0.47375,0,0.369583,0.13375,0.342917,0.11125,0.0504167,0.255833,0.110417,0.679167,0.109583,0,0,0.245833,0.136667,0.681667,2.3675,0.152083,1.3575,0.492083,0.11,0.120417,0.24875,0.0508333,0.0508333,0.0254167,0.0254167,0.120833,0.0254167,0.0254167,0.0375,0.0254167,0.04625,0.0254167,0.015,0,0.0508333,0.0925,0.0441667,0,0.015,0,0.12,0.0229167,0,0,0.00258333,0.0904167,0.00270833,0.421083,0.0957083,0.0756667,7.46667,60.5417,157.833,0.666667
0.0705882,0.12,0.0670588,0,0.142353,0,0.0705882,0.244118,0.0670588,0,0.0711765,0.57,0,0,0,1.00294,0.0723529,0.177059,2.98765,0,2.09647,0.172941,0,0.181176,0,0.259412,0.196471,0,0,0,0,0,0,0,0,0,0.142353,0,0,0,0,0.165294,0,0.0876471,0.5,0,0,0,0,0.0259412,0,0.238706,0.102118,0.0264706,5.25435,37.6471,76.4118,0.823529
0.16551,0.138367,0.258776,0,0.33898,0.108163,0.160612,0.0969388,0.0457143,0.335306,0.114694,0.881429,0.100816,0.0432653,0.0246939,0.346939,0.122449,0.171224,1.80204,0.00632653,0.795918,0,0.0702041,0.107551,0.745714,0.493265,0.189184,0.331633,0.0832653,0.190612,0.0634694,0.0514286,0.167143,0.0514286,0.114286,0.225306,0.127959,0.0244898,0.0838776,0.0589796,0.00938776,0.0320408,0.077551,0.296939,0.149592,0.00857143,0,0.0289796,0.00473469,0.155286,0.00595918,0.131204,0.0429388,0.00659184,1.91506,8.73469,93.6939,0.265306
0.314865,0.276757,0.336486,0.00351351,0.248919,0.0745946,0.0389189,0.149459,0.425676,0.528919,0.214054,0.579189,0.367838,0.723243,0.0859459,0.259189,0.332432,0.11027,2.41297,0.0359459,1.0927,0.0454054,0.393784,0.371622,0.0959459,0.0994595,0.00162162,0.000540541,0.000540541,0,0,0,0.123243,0,0.00189189,0.0321622,0.133784,0.00297297,0.00243243,0.0391892,0.00432432,0.00216216,0.00621622,0.00378378,0.0594595,0.0194595,0.00189189,0.0156757,0.0328378,0.100892,0.0108919,0.335595,0.430541,0.0987568,7.64754,346.757,2344.32,0.864865
0,0,0,0,0,0,0,0,0,1.085,0,0,0,0,0,0,0,0,0,0,0,0,0,0,14,1.6075,0.5675,0.5675,0.5675,2.7375,0.5675,0.5675,0,0.5675,0.5675,0.5675,0,0,0,0.5675,0,0,0,0,0,0,0,0,0,0.166,0,0,0,3.448,2.749,11.25,61,0
0.0281633,0.0489796,0.279184,0,0.275816,0.0247959,0.0261224,0.0119388,0.0518367,0.101633,0.0223469,0.871327,0.0912245,0.0245918,0,0.079898,0.0457143,0.10602,1.49612,0.0128571,0.312755,0,0,0.0214286,0.320714,0.315714,0.476735,0,0.125816,0.0971429,0,0,0.0823469,0,0.0226531,0,0.182653,0,0.0456122,0,0.0267347,0.166939,0.0269388,0.160612,0.51602,0.199694,0,0.0453061,0.0252959,0.162133,0,0.162949,0.010898,0.0012551,1.58256,4.71429,23.8265,0.0612245
0,0,0.144667,0,0.317333,0.229333,0,0.740667,0,0.468667,0,0.238,0,0.229333,0,0.43,0,0.144667,4.764,0,7.30467,0,0,0,0,0,0.756667,0,0.246667,0,0,0,0,0,0,0,0,0,0,0,0,0,0,0,2.04267,0,0.144667,0,0,0.0718667,0,0.282067,0,0,1.17773,1.86667,6.2,0.2
0.195814,0.132558,0.337326,0.00127907,0.365698,0.16,0.0805814,0.175814,0.350581,0.345349,0.0961628,0.61407,0.0755814,0.129651,0.0962791,0.189884,0.341047,0.0816279,1.51105,0.218488,1.10081,0.365116,0.0632558,0.254651,0.630116,0.177791,0.0295349,0.012907,0.00488372,0.0253488,0.0184884,0.00488372,0.102326,0.00616279,0.0184884,0.0597674,0.157326,0.0210465,0.0143023,0.0333721,0.0538372,0.150698,0.0180233,0.0112791,0.0604651,0.0953488,0.00639535,0.0103488,0.106116,0.167628,0.0146047,0.285233,0.136698,0.0940465,4.27307,76.4884,630.151,0.523256
0.119808,0.241154,0.189231,0,0.339808,0.0448077,0.07,0.148846,0.0534615,0.444615,0.0728846,0.599615,0.124808,0,0.0342308,0.0698077,0.0861538,0.0865385,1.9125,0.0075,0.513269,0,0.0451923,0.0159615,0.921731,0.550577,0.331154,0.6125,0.119615,0.252692,0.142885,0.122308,0.0182692,0.122308,0.317692,0.179423,0.246154,0,0.221923,0.122115,0.0638462,0.127115,0.150962,0.0869231,0.296923,0.279615,0,0.00942308,0.0236346,0.185692,0.0349231,0.154212,0.0254231,0.013,2.42496,13.4615,85.5577,0.211538
0.118163,0.0567347,0.413878,0,0.833469,0.127143,0.12898,0.163265,0.120204,0.367143,0.113061,0.719388,0.0261224,0.0261224,0.0204082,0.310204,0.552041,0.160816,2.05122,0.173061,1.23327,0.0765306,0.265306,0.0414286,0.297551,0.0820408,0.0242857,0.00795918,0.00795918,0.0306122,0.00795918,0.00795918,0.0463265,0.00795918,0.0285714,0.0881633,0.147551,0.00142857,0.0259184,0.0730612,0,0.00142857,0.0128571,0.0565306,0.244694,0.00326531,0,0.0289796,0.0065102,0.0983265,0.0102857,0.395918,0.127224,0.0662245,4.27869,69.7959,241.061,0.77551
0,0,0.0369231,0,0.308654,0.113077,0.121538,0.0342308,0,0.229231,0,1.31135,0.0875,0.299423,0,0.0426923,0,0.0369231,0.520962,0.0426923,0.120385,0,0,0.174808,0.167115,0,0.183654,0.0834615,0.0873077,0,0,0,0.0711538,0,0,0,0.0342308,0,0.295769,0,0.0876923,0.257115,0.0686538,0.0823077,0.282885,0.0876923,0,0.0640385,0,0.112673,0.0641731,0.268673,0,0,2.14894,6.94231,17.2115,0.0576923
0,0,0,0,0,0,0,0,0,0,0,1.58,0,0,0,0,0,0,0,0,0,0,0,0,0,0,0,0,0,0,0,0,4.76,0,0,0,0,0,0,0,0,0,0,6.34,0,0,0,0,0,0,0,0,0,0,1.259,3,34,0
0.101618,0.0483824,0.239559,0,0.425588,0.0791176,0.0472059,0.1125,0.0170588,0.164118,0.0248529,0.666618,0.0570588,0.0126471,0.155735,0.253676,0.0613235,0.131029,1.31926,0.00617647,0.706176,0.0473529,0.0811765,0.0748529,0.737794,0.416618,0.193824,0.313676,0.151176,0.0964706,0.105147,0.0692647,0.0680882,0.0692647,0.158676,0.211029,0.218824,0,0.138382,0.0963235,0.0469118,0.0682353,0.134118,0.128824,0.239559,0.256176,0,0.0132353,0.0397647,0.172735,0.0289706,0.142279,0.0803088,0.0118676,2.27353,11.2353,104.426,0.323529
0.0736842,0.09,0.340702,0,0.311228,0.0275439,0.0168421,0,0,0.121754,0.0168421,0.440175,0,0.0438596,0,0.224737,0,0.472982,4.4107,0,1.02895,0,0,0,0.0617544,0.0412281,0.341754,0,0.0364912,0,0,0,0.178246,0,0,0,0,0,0.0531579,0.0205263,0.0407018,0.0729825,0.0584211,0.116667,0.62807,0.361404,0,0,0.00429825,0.0674211,0.00578947,0.603123,0.00592982,0,1.45796,3.84211,13.807,0.210526
0.0402469,0.112716,0.477407,0,0.233827,0.0175309,0.117407,0.0591358,0.00925926,0.208148,0.0376543,0.697407,0.118765,0.0566667,0,0.190988,0.0651852,0.299012,3.22444,0.0469136,0.799753,0,0,0.0197531,0.0934568,0.0391358,0.468272,0,0.0990123,0.104938,0,0,0.0608642,0,0,0.0303704,0.0774074,0.0535802,0.0271605,0.0118519,0,0.305802,0.057284,0.0374074,0.408765,0.122222,0,0.0420988,0.0263704,0.0811481,0,0.148025,0.0117654,0,1.31631,3.23457,19.1111,0.160494
0,0,0.0866667,0,0,0,0,0,0,0,0,0.556667,0,0,0,0,0,0,0,0,0,0,0,0,0,0,0.536667,0,0.42,0,0,0,3.88667,0,0,0.143333,0,0,0,0,0,0,0,0.0716667,0,0,0,0,0,0.187667,0,0,0,0.049,1.79633,6.16667,65,0
0,0,0,0,0,0,0,0,0,0,0,0,0,0,0,0,0,0,0,0,0,0,0,0,0.483043,0.62087,11.6526,0,0,0,0,0,0,0,0,0,0,0,0,0,0,0.966087,0,0,0.289565,0,0,0.362174,0.113565,0.152522,0,0.105696,0,0,1.53543,3.04348,8.52174,0
0.169706,0.0602941,0.280588,0,0.275,0.0647059,0.297059,0.197941,0.0888235,0.171176,0.0988235,0.400294,0.0197059,0.0682353,0.0411765,0.306765,0.214412,0.102353,1.59529,0,0.729706,0,0,0.0182353,0.325882,0.234706,0.0870588,0.379706,0.157059,0,0,0.0205882,0,0.0205882,0.189118,0.0791176,0.564118,0,0.111176,0,0,0.157059,0.0411765,0.0341176,0.171471,0.0658824,0,0,0.0421176,0.234853,0.00602941,0.356059,0.0773824,0.00558824,3.72856,24.9118,67.2353,0.588235
0.0745833,0.30375,0.49125,0,0.34,0.0758333,0.135833,0.0895833,0.3825,0.281667,0.0304167,0.552083,0.15625,0.0316667,0.225833,0.352083,0.217083,0.665833,1.82417,0.0608333,0.931667,0.382083,0.364583,0.18,0.364583,0.1425,0,0,0.0208333,0.0104167,0,0,0,0.0258333,0.00833333,0.0416667,0.109583,0,0.00833333,0,0,0.00833333,0.0170833,0,0.0783333,0,0,0.05,0.0225833,0.1635,0.00233333,0.489333,0.166375,0.0796667,9.13487,130.083,493,0.791667
0.151343,0.146716,0.826866,0.00283582,0.707612,0.520149,0.272836,0.136716,0.56597,0.458209,0.203284,0.601194,0.150746,0.0797015,0.967015,0.304776,0.11209,0.760149,1.5091,0.820448,0.926119,0.0862687,0.517612,0.144478,0.051194,0.00134328,0.021791,0.00716418,0,0.00865672,0,0,0.00313433,0.00567164,0.00432836,0,0.0129851,0,0,0.0401493,0,0,0.0835821,0.0119403,0.0447761,0.0364179,0,0,0.00285075,0.0761343,0.0011194,0.448209,0.160104,0.019791,108.883,790.104,1415.94,0.985075
0.0977647,0.026,0.283059,0,0.295294,0.0458824,0.0216471,0.01,0,0.130588,0.0130588,0.761412,0.0623529,0.0272941,0.02,0.240353,0.00729412,0.0703529,2.18118,0,0.581412,0,0,0.016,0.270235,0.287647,0.222706,0,0.144353,0.0309412,0,0,0.0448235,0,0,0.036,0.126471,0.0289412,0.0830588,0,0.0995294,0.404588,0.0183529,0.128824,0.349059,0.144353,0,0.0247059,0.0304824,0.135447,0.00790588,0.106212,0.0122824,0.00116471,1.44809,4.27059,28.9765,0.117647
0.0795385,0.107077,0.248462,0,0.396308,0.0813846,0.111692,0.0995385,0.0570769,0.148769,0.0467692,0.549692,0.0964615,0,0.0235385,0.109077,0.177846,0.256,1.36569,0,0.502308,0,0.0412308,0,0.657385,0.420923,0.416923,0.225077,0.110154,0.168615,0.0766154,0.0726154,0.0478462,0.0726154,0.155231,0.209077,0.185692,0.0167692,0.147231,0.0984615,0.00430769,0.0169231,0.159538,0.0933846,0.277077,0.100308,0,0.101692,0.0314462,0.147,0.0149385,0.159338,0.0301385,0.0353846,2.00038,11.6769,114.738,0.292308
0.0221429,0.097381,0.258571,0.00333333,0.244762,0.144762,0.0885714,0.0204762,0.0569048,0.145714,0.0733333,0.340952,0.123333,0.0728571,0.0602381,0.0838095,0.0630952,0.154286,1.21167,0.0857143,0.575952,0.93381,0.149524,0.077381,0.744524,0.268571,0.124048,0.0514286,0.072619,0.0595238,0.0535714,0.0721429,0.0935714,0.0721429,0.0540476,0.107381,0.158333,0,0.0461905,0.0319048,0,0.0166667,0.065,0.0340476,0.129286,0.100476,0,0.0140476,0.171143,0.202357,0.0507381,0.12931,0.142333,0.0952143,3.28614,21.5714,267.857,0.5
0.11875,0.272083,0.490833,2.955,1.30667,0.04,0.650417,0.1475,0,0.12,0.0270833,0.465,0.32625,0.075,0,0.633333,1.59167,0.376667,2.98917,0.10875,2.22042,0,0.0329167,0.185833,0,0,0,0,0,0,0,0,0,0,0,0,0,0,0,0,0,0,0,0,0,0,0,0,0,0.126667,0,0.811167,0.31475,0.007625,9.13113,146.375,208.542,0.958333
0,0,0,0,0,0.0408333,0,0,0,0,0,0.04625,0,0,0,0,0,0.106806,0.0841667,0,0.0347222,0,0,0,0,0,0.211528,0,0,0,0,0,0,0,0,0,0,0,0,0,0,0.0533333,0,0.0433333,0.189167,0.464444,0,0,0,0.117944,0.0566806,0.326417,0,0,1.04861,1.11111,3.63889,0.0277778
0.0157692,0.123846,0.400385,0,0.105769,0.128077,0.194615,0.0861538,0,0.340385,0.0588462,0.492308,0.0157692,0,0,0.185385,0,0,1.68231,0,1.08769,0,0.0430769,0.263462,0.775769,0.230385,0.144231,0.0565385,0.0503846,0.0503846,0.174615,0,0.0157692,0,0,0.0503846,0.302308,0.0157692,0.212692,0.16,0.045,0,0.0723077,0.216154,0.253846,0.871154,0,0,0,0.101038,0.00973077,0.142462,0.0133846,0.0665385,3.0665,17.6154,42.0385,0.269231
0.186452,0.0125806,0.279677,0,0.521613,0.036129,0.128387,0.03,0.0125806,0.0509677,0.0945161,0.741935,0.235484,0.0187097,0.0174194,0.127419,0.224516,0.107742,1.77645,0.158387,0.68871,0,0.0783871,0.0119355,0.429032,0.0980645,0.00935484,0,0.0451613,0.154516,0,0,0.00935484,0,0.08,0.164194,0.0809677,0.0148387,0.0370968,0,0.0641935,0.126129,0.0387097,0.188387,0.249355,0.063871,0.0290323,0.0722581,0.0144839,0.152065,0.00187097,0.222323,0.034129,0.00222581,1.5079,6.25806,75.3226,0.322581
0,14.1478,0,0,0,0,0,0,0,0.132222,0,0,0,0,0,0,0,0,0,0,0,0,0,0,0,0,0,0,0,0,0,0,0,0,0,0,0,0,0,0,0,0,0,0,0.132222,0,0,0,0,0,0,0,0,0,1.77778,4.88889,9.02778,0
0.120694,0.0620833,0.143889,0,0.409722,0.0575,0,0.105972,0.0111111,0.119861,0,0.464167,0.0251389,0.0247222,0,0.119444,0.0216667,0.0111111,0.416389,0.0375,0.212917,0,0.0294444,0.0234722,0.134583,0.150556,0.361667,0,0.0558333,0,0,0,0.565417,0,0,0.0247222,0.0495833,0.102778,0.0168056,0,0,0.537361,0.0495833,0.174722,0.655278,0.154167,0.0405556,0,0.0271944,0.103972,0.020125,0.123403,0,0,1.39162,3.16667,14.5833,0.0416667
0.153478,0.124783,0.265435,0.00804348,0.295435,0.106304,0.0395652,0.230435,0.203696,0.299348,0.0923913,0.540435,0.148261,0.0695652,0.0623913,0.32413,0.210435,0.185652,1.49261,0.128696,0.707826,0.652609,0.261522,0.233478,0.461087,0.0893478,0.00586957,0.00543478,0.00326087,0.023913,0.0104348,0,0.0884783,0.00282609,0.0106522,0.118043,0.160217,0.00934783,0.0213043,0.0245652,0.0193478,0.00326087,0.0073913,0.0245652,0.0297826,0.0973913,0.0023913,0.0397826,0.0394565,0.123587,0.0373696,0.200739,0.163326,0.101739,5.77274,124.522,1677.87,0.543478
0.128919,0.175676,0.225135,0.0348649,0.510811,0.161351,0.215135,0.147297,0.0191892,0.291351,0.0605405,0.688919,0.0643243,0,0.0413514,0.436216,0.171892,0.354865,2.06595,0,1.03297,0.0183784,0.128108,0.0624324,0.566216,0.372162,0.153243,0.185946,0.027027,0.0316216,0.0210811,0.0294595,0.0394595,0.0454054,0.110811,0.101622,0.0797297,0,0.0210811,0.0575676,0.00891892,0,0.012973,0.0316216,0.159189,0,0,0,0.0143514,0.197081,0.0128378,0.424622,0.0610811,0.0181351,3.13554,25.2703,135.405,0.567568
0,0,0,0,0,0,0,0,0,0,0,0,0,0,0,0,0,0,6.66,0,0,0,0,0,0,0,0,0,0,0,0,0,0,0,0,0,0,0,0,0,0,0,0,0,6.66,0,0,0,0,0,0,32.478,0,0,1.666,3,5,0
0.0348485,0.0525758,0.185455,0.0204545,0.173939,0.0721212,0.0701515,0.0683333,0.0260606,0.559848,0.0265152,0.456667,0.0963636,0.00787879,0.0290909,0.08,0.0792424,0.158636,1.39682,0,0.530152,0.00878788,0.0575758,0.126515,0.83803,0.530758,0.479242,0.440152,0.185455,0.238182,0.166515,0.139545,0.0234848,0.139545,0.187576,0.218939,0.252424,0.00818182,0.204242,0.146818,0.00772727,0.0431818,0.182727,0.0510606,0.334697,0.163182,0.0110606,0.0213636,0.0393939,0.223742,0.00933333,0.284106,0.0354697,0.0247727,2.43795,12.6515,77.5,0.287879
0.129333,0.0648889,0.322889,0,0.173111,0.117556,0.160889,0.1,0.225556,0.168444,0.0335556,0.366222,0.0206667,0.255556,0.0257778,0.651778,0.102889,0.236222,2.22267,0,1.18844,0,0.0222222,0.0222222,0.0595556,0.111111,0.195556,0.0822222,0.164444,0,0,0,0,0,0,0,0.206889,0,0.168889,0,0.192222,0.217333,0.195333,0.0137778,0.887111,0.231111,0,0.0568889,0.0165333,0.0958667,0.0342222,0.267356,0.0845556,0.0479556,2.62747,13.8222,34.7333,0.533333
0,0,0.357778,0,5.48222,0,0,0,0,0,0,0,0,0,0,0,0,0,0,0,0.357778,0,0,0,1.11111,0,0,0,0.528889,0,0,0,0,0,0,0,0,1.64222,0,0,0,4.86889,0,0,0,0,0,0,0,0.0653333,0,0,0,0,1.16656,1.44444,4.33333,0.111111
0,0,0,0,0.0823288,0,0,0,0,0.0594521,0,0.029726,0,0.099726,0,0.0506849,0,0,0.34274,0,0.040274,0,0,0,0.0594521,0,0.311507,0,0,0,0.171233,0,0,0,0,0,0,0,0,0,0,0.14411,0,0.0379452,0.622603,0.123288,0,0.251096,0,0.0490548,0.0760822,0.065863,0,0,1.43462,2.49315,6.93151,0.0273973
0.0534146,0.126341,0.307805,0,0.744146,0.122195,0.210976,0.19122,0.104878,0.195854,0.0882927,0.68,0.0585366,0,0.302439,0.265366,0.367317,0.331951,1.93244,0.602195,1.25171,0,0.314634,0.0941463,0.384878,0.199512,0.0497561,0.196341,0.0185366,0.131951,0.0185366,0.0185366,0.0170732,0.0185366,0.0487805,0.0670732,0.150244,0,0.219756,0.0939024,0,0.0695122,0,0,0.190488,0.0534146,0,0,0.00490244,0.17922,0,0.198951,0.09,0.011122,4.79407,57.3171,137.268,0.634146
0.0848,0.1146,0.3336,0,0.2518,0.0936,0.2504,0.0582,0,0.1526,0.0718,0.6714,0.1306,0,0.0362,0.3022,0.0784,0.1786,1.943,0,0.749,0,0.1374,0,0.139,0.0606,0.1558,0,0.096,0.0162,0,0,0.0946,0,0.0446,0.0434,0.054,0.016,0.0434,0,0,0.2106,0.0456,0.0986,0.2418,0.0816,0,0.0368,0.02214,0.13666,0,0.199,0.03684,0.0176,1.59768,5.28,53.72,0.28
0.0436,0,0.198,0,0.2,0,0,0,0,0.1924,0,0.64,0,0,0.0272,0.0308,0,0.29,0.7396,0,0.086,0,0,0,3.624,2.138,0.5644,0.9436,0.6796,1.3108,0.6848,0.4592,0.0412,0.4592,1.2324,0.6936,0.1276,0,0.2064,0.4592,0,0.2288,0,0.1976,0.2012,0.0928,0,0,0,0.23812,0.005,0.03932,0,0.01228,2.14188,10.76,50.76,0.04
0.633421,0.121053,0.676316,0,0.196053,0.0544737,0,0,0,0.0639474,0.578947,1.36895,0,0,0,0.210526,0,0.0105263,1.38921,0,4.78263,0,0,0.549211,0.116579,0.113684,0.158684,0,0,0.106053,0,0.132368,0,0.132368,0.0315789,0,0,0,0,0,0,0.0631579,0,0,0.101053,0,0,0.0639474,0,0.0669474,0,0.674026,0.0870789,0,4.78618,27.0789,53.7368,0.473684
0.146812,0.208261,0.217971,0,0.275217,0.0771014,0.201594,0.118841,0,0.26,0.0662319,0.56913,0.0642029,0,0.0530435,0.208406,0.136087,0.167826,1.98652,0.0321739,0.671594,0,0.0613043,0,0.241449,0.0763768,0.0713043,0.198261,0.0163768,0.0557971,0.0381159,0,0.15971,0,0.150725,0,0.305362,0,0.0849275,0.00927536,0.0565217,0.166377,0.0865217,0.0434783,0.234638,0.74087,0,0.0227536,0.00881159,0.103594,0.00955072,0.373986,0.0165217,0.198174,2.53686,13.7246,52.8551,0.362319
0.4672,0.7208,0.7428,0.3664,0.3468,0.2716,0.0656,0.4024,0.4188,1.3644,0.0604,1.4292,0.1212,0.2716,0.3344,0.2872,0.1692,0.6348,2.064,0.3444,3.2556,0.0152,0.5196,0.2464,0,0,0,0,0,0,0,0,0.0132,0,0.0508,0.0168,0.0148,0,0,0,0,0,0.0076,0,0.0248,0,0,0,0.027,0.14768,0.06472,0.95372,0.17836,0.06036,39.2918,602.2,882.64,1
0.0877778,0.123333,0.508889,0,0.343056,0.170278,0.200556,0.297222,0.0463889,0.108889,0.0719444,0.562222,0.0975,0,0.0616667,0.373611,0.210833,0.181944,2.11472,0.407222,1.42333,0,0.392222,0.168333,0.468889,0.362222,0.0391667,0.0919444,0.0119444,0.0533333,0.0119444,0.0119444,0.0677778,0.0119444,0.0836111,0.0533333,0.170833,0.0152778,0.0866667,0.0875,0.00861111,0.0305556,0.0469444,0.00805556,0.0852778,0.0233333,0,0.0647222,0.014,0.0680833,0.00680556,0.272028,0.179417,0.0580278,3.67278,37.3056,176.472,0.694444
0.0494737,0.0710526,0.197368,0,0.165263,0.0813158,0.0607895,0,0.0431579,0.193421,0,0.337632,0.158158,0.0452632,0,0.323684,0.0565789,0.177368,2.10789,0.315526,0.992895,0.0681579,0,0.0826316,0.126579,0.150526,0,0.109474,0,0,0,0,0,0,0.0394737,0.0518421,0,0,0,0,0,0.0218421,0,0.0205263,0.353421,0.356579,0,0,0.0191579,0.0577895,0.00510526,0.181342,0.0420263,0.0731579,4.05861,46.1579,97.2368,0.394737
0.167679,0,0.118214,0,0.123929,0.139464,0.198393,0.171429,0.0266071,0.156071,0.0403571,0.350893,0.0283929,0.02125,0,0.0728571,0.0764286,0.124464,1.81411,0.0123214,1.00321,0,0,0.0482143,0.533929,0.283214,0.384286,0.460893,0.0741071,0.0994643,0.0889286,0.0685714,0.351786,0.0685714,0.227143,0.0685714,0.222143,0,0.0935714,0.0685714,0.0692857,0.0873214,0.110179,0.17125,0.546786,0.503393,0,0,0.0235179,0.197786,0.010375,0.261482,0.0988393,0.0697679,2.51157,14.3571,62.0893,0.410714
0.254583,0,0.450417,0,0,0,0,0,0,0.682083,0,0.260417,0,0,0,0,0,0,6.06542,0,0.173333,0,0,0.520833,0.0754167,0,0,0,0,0,0,0,0,0,0,0,0,0,0,0,0,0,0,0,0.14875,0.599583,0,0,0.0430833,0.113917,0,0.100333,0,0,1.11108,1.25,3.58333,0.166667
0.128533,0.056,0.229733,0.0129333,0.270133,0.1176,0.0589333,0.127067,0.0397333,0.219467,0.0433333,0.5156,0.104267,0.0424,0.0012,0.1368,0.154133,0.105067,1.28187,0.1048,0.481333,0.8376,0.145867,0.0582667,1.02027,0.3788,0.117333,0.0488,0.0704,0.0594667,0.0354667,0.0169333,0.1024,0.0169333,0.0444,0.0818667,0.310133,0.00253333,0.0136,0.0314667,0.066,0.0444,0.0512,0.0361333,0.098,0.334267,0,0.0161333,0.32772,0.182707,0.02812,0.146013,0.0751867,0.0749333,3.32137,26.7867,314.4,0.4
0.30617,0.144894,0.280426,0.0917021,0.0723404,0.106809,0.0193617,0.139787,0.221064,0.399574,0.144681,0.630213,0.341064,0.652766,0.0255319,0.158936,0.276596,0.12,1.86936,0.0476596,0.868511,0.0334043,0.447021,0.28766,0.0951064,0.0604255,0.00510638,0.00148936,0.00212766,0.00382979,0,0,0.309362,0,0,0.0297872,0.176383,0.00148936,0.00659574,0.017234,0.0246809,0.00765957,0.00446809,0.0159574,0.0421277,0.0568085,0.00978723,0.0502128,0.0292553,0.115766,0.00757447,0.24734,0.329319,0.0877872,5.44715,185.447,3357.47,0.744681
0.096,0.008,0.196,0.008,0.092,0.118,0,0.058,0.058,0.188,0.074,0.082,0.072,0,0.038,0.088,0.078,0.076,0.608,0.008,0.242,1.906,0.138,0.11,0,0,0,0,0,0,0,0,0,0.028,0,0.008,0,0,0.016,0,0,0,0,0,0.038,0,0,0,0.4302,2.0094,0.009,0.3924,0.375,0.4024,57.5034,2297.8,10648.8,1
0.0529825,0.0791228,0.204912,0,0.224737,0.0594737,0.0838596,0.117895,0.0296491,0.077193,0,0.638772,0.0391228,0.0133333,0.0115789,0.0998246,0.0266667,0.186667,1.88509,0.0117544,0.499825,0,0,0.0494737,0.340877,0.309825,0.351404,0,0.137193,0,0.0203509,0,0.0759649,0,0.0531579,0.0449123,0.362456,0,0.0373684,0,0.120175,0.289123,0,0.0914035,0.445088,0.21193,0,0.0691228,0.0130351,0.0953684,0.0148596,0.205842,0.0179298,0.0190526,1.81179,7.33333,33.2807,0.105263
0.219062,0.405938,0.650312,0.0734375,0.365938,0.18125,0.319688,0.125625,0.314063,0.860625,0.215625,0.77125,0.14375,0.096875,0.270625,0.930625,0.3275,0.23875,1.85531,0.145,1.52562,0.0053125,0.193438,0.223438,0.299375,0.13875,0.0075,0,0,0.0228125,0,0,0.0421875,0,0.0225,0.0146875,0.12125,0.026875,0.0075,0.0228125,0,0.0228125,0.010625,0.0153125,0.110625,0.0446875,0,0.0240625,0.0094375,0.125656,0.00465625,0.753812,0.231156,0.0675,25.445,340.531,656.719,0.9375
0.07,0.0583333,0.267667,0,0.287667,0.065,0.0193333,0.0936667,0.035,0.0693333,0.052,0.685,0.0313333,0.00833333,0.0226667,0.156333,0.0706667,0.135333,1.09667,0.129667,0.433667,0,0.0253333,0.0126667,0.2,0.259333,0.173667,0.0206667,0.117333,0.088,0.0306667,0,0.412,0,0.0306667,0.0806667,0.135667,0,0.0473333,0,0.0196667,0.0236667,0.01,0.0616667,0.0926667,0.032,0.027,0.174,0.0143333,0.155667,0.0031,0.1387,0.0271667,0.0157667,1.71353,6.5,84.6,0.133333
0.0709524,0.247381,0.18381,0,0.300952,0.247619,0.134762,0.0180952,0.0707143,0.295238,0.0361905,0.535238,0.0592857,0,0,0.150238,0.0440476,0.184048,1.33071,0,0.79881,0.0295238,0.0414286,0.0480952,0.59119,0.286905,0.356429,0.12619,0.16,0.125952,0.077619,0.0852381,0.214762,0.0852381,0.141667,0.0878571,0.27119,0,0.155476,0.072619,0.0169048,0.1,0.103571,0.0154762,0.236905,0.0430952,0,0.0635714,0.00340476,0.240952,0.0424524,0.365548,0.0892857,0.0305476,3.62805,29.5,155.286,0.452381
0.00953488,0.227209,0.28907,0,0.722093,0.193953,1.25512,0.30907,0.257442,0.474884,0.273721,0.675581,0,0.0248837,0.0055814,0.517907,0.847674,0.277209,2.12674,0.25186,1.6714,0,0.100698,0.0344186,0.0395349,0.00674419,0.153256,0.0462791,0,0,0.168372,0,0,0.00674419,0.0788372,0,0.102558,0,0.0248837,0.44186,0,0,0,0,0.183488,0,0,0,0,0.140023,0.013814,0.377023,0.0842558,0.045814,30.9356,215.419,366.791,0.72093
0.0903333,0.158333,0.3115,0.0176667,0.394333,0.123333,0.1355,0.185667,0.0628333,0.305,0.0328333,0.590667,0.280667,0.0143333,0.1305,0.203167,0.176,0.4145,1.396,0.041,0.899833,0.0508333,0.163167,0.0728333,0.609667,0.319,0.215833,0.156,0.125,0.131833,0.0491667,0.0543333,0.068,0.0596667,0.0806667,0.086,0.141833,0,0.0861667,0.1115,0.0266667,0.0538333,0.0771667,0.0251667,0.114,0.0313333,0,0.0221667,0.0237833,0.164983,0.0224833,0.156667,0.102533,0.0237333,3.05568,28.0167,241.783,0.516667
0.177778,0.125556,0.143889,0,0.750556,0.266111,0.407778,0,0.119444,0.472222,0.236111,0.312778,0.261111,0,0,1.13889,0.0755556,0.215,1.87111,0,0.745556,0,0,0.49,0.0661111,0.0661111,0.198333,0,0,0.0822222,0,0,0.206111,0,0.0661111,0.05,0.0755556,0,0,0.0755556,0.0144444,0,0.0388889,0.107222,0.123889,0.0677778,0,0,0,0.0287778,0,0.582333,0.067,1.10161,7.70206,69.2778,109.778,0.777778
0.178163,0.137551,0.512449,0.037551,0.273878,0.0755102,0.13449,0.189592,0.164286,0.244082,0.0544898,0.437959,0.03,0,0.00244898,0.390408,0.391429,0.259388,2.03204,0.375714,1.38122,0.456939,0.122857,0.130408,0.138163,0.103061,0.0106122,0.0277551,0.0446939,0.0481633,0.0138776,0.00408163,0,0.00408163,0.0604082,0.0277551,0.110612,0.0177551,0.0210204,0.0583673,0,0.0271429,0.017551,0.0285714,0.162245,0.0055102,0.0283673,0.0644898,0.0216122,0.138755,0.0118367,0.497306,0.320143,0.297776,4.94455,75.4286,338.204,0.734694
