0.0426596,0.0376064,0.250319,0,0.297819,0.0242021,0.0314894,0.0435106,0.0400532,0.121223,0.0175532,0.784415,0.0682447,0.0355851,0.00904255,0.180532,0.021117,0.0969149,1.99691,0.00670213,0.459362,0,0.0358511,0.125266,0.336117,0.283138,0.351436,0.0462234,0.11984,0.0864362,0.025,0,0.0694681,0,0.0618617,0.0168085,0.138989,0.0130851,0.108883,0.0118085,0.0794681,0.252234,0.0128723,0.145851,0.433989,0.144947,0,0.0544681,0.0473511,0.125676,0.00646808,0.21133,0.019383,0.0178989,1.9631,7.03191,25.7872,0.164894
0,0,0,0,0,0,0,0,0,0,0,0,0,0,0,0,0,0,0,0,0,0,0,0,0,0,0.653333,0.653333,0,0.653333,0,0,0,0,0.653333,0,0,0,0,0,4.35556,0,0,0,0,7.48667,0,0,0,0.0847778,0,0,0,0,3.68233,7.77778,12.8889,0
0.0948404,0.101968,0.215745,0.00718085,0.300957,0.0546809,0.0995745,0.09,0.0315957,0.362287,0.0551596,0.619149,0.110585,0.00718085,0.0252128,0.0985106,0.100532,0.12984,1.56489,0.048883,0.552447,0.00308511,0.0496809,0.0634574,0.668936,0.434149,0.312979,0.345904,0.125904,0.177181,0.110585,0.0873936,0.0830319,0.0873936,0.176596,0.178404,0.204149,0.00531915,0.155957,0.0898936,0.0340957,0.0748936,0.116702,0.111596,0.259681,0.151755,0.0129787,0.0440957,0.0256489,0.184059,0.0143245,0.237213,0.0303723,0.0151755,2.16332,10.9681,81.2979,0.25
0.133836,0.117534,0.310959,0.0335616,0.28,0.152466,0.147123,0.060274,0.0176712,0.235753,0.0452055,0.494384,0.0971233,0,0.0169863,0.466027,0.177534,0.153014,1.83411,0.00424658,0.850822,0.0779452,0.26726,0.0978082,0.541507,0.401233,0.249726,0.14589,0.0760274,0.116301,0.0676712,0.0676712,0.0768493,0.0861644,0.132329,0.133836,0.0435616,0,0.120137,0.0968493,0.00452055,0.0219178,0.00657534,0.0415068,0.188082,0.0293151,0,0.0349315,0.0176575,0.158068,0.0151781,0.444151,0.0710137,0.0381918,3.59179,32.2055,129.863,0.589041
0,0.472105,0.285526,0,0.175526,0,0.413684,0,0,1.05789,0,0.550526,0.0831579,0.075,0,0.0723684,0,0.075,2.34895,0,0.738684,0,0,0.165,0.452632,0.118947,0.551579,0.458421,0,0,0,0,0.130789,0,0,0.075,0.420526,0,0.831579,0.109474,0.0336842,0,0.0494737,0.0621053,0.556316,0.202368,0,0,0.0674737,0.273816,0,0.0862632,0.0526579,0.0211842,3.70834,22.2895,40.8158,0.315789
0.0577027,0.122297,0.412162,0,0.614324,0.111081,0.241081,0.160135,0.0793243,0.201216,0.12,0.726351,0.0744595,0,0.193649,0.261757,0.266486,0.411486,2.21514,0.44527,1.38243,0.159595,0.255676,0.126757,0.298784,0.131892,0.0440541,0.117027,0.0185135,0.112297,0.0185135,0.0185135,0.0216216,0.0185135,0.042027,0.0454054,0.102973,0,0.146892,0.106216,0.0143243,0.0533784,0.00486487,0,0.171622,0.0391892,0,0,0.00355405,0.132459,0.000878378,0.301554,0.0940405,0.0319054,5.50912,57.3378,146.959,0.662162
0.13027,0.20527,0.424324,0.578514,0.281892,0.116892,0.047027,0.109865,0.267703,0.307162,0.0694595,0.790811,0.207568,0.14,0.129054,0.145541,0.146351,0.182027,1.70027,0.146892,0.948649,0,0.12473,0.169324,0.711757,0.134459,0.0221622,0.0228378,0.0140541,0.0175676,0.0198649,0.00216216,0.0714865,0.00216216,0.0345946,0.0608108,0.0912162,0.00189189,0.0168919,0.0340541,0.00216216,0.100541,0.0344595,0.01,0.0254054,0.00162162,0,0.0208108,0.13827,0.131554,0.0183243,1.00588,0.249932,0.0201757,4.07796,61.6216,754.081,0.581081
0.0807018,0.0616374,0.318655,0.00596491,0.314327,0.145205,0.0853801,0.149181,0.0746784,0.218947,0.0664912,0.458246,0.104795,0.0340351,0.018655,0.251754,0.159474,0.148713,1.38386,0.11152,0.777661,0.0108187,0.108129,0.095848,0.69655,0.386023,0.12386,0.123918,0.0771345,0.121053,0.0654386,0.0334503,0.104795,0.0334503,0.0923392,0.104444,0.24614,0.012924,0.0746784,0.0635673,0.0964327,0.0238596,0.075848,0.0738597,0.16386,0.217544,0.00637427,0.0466667,0.0509298,0.171269,0.0213801,0.141111,0.0749591,0.0338889,2.55309,21.7368,199.819,0.444444
0,14.1478,0,0,0,0,0,0,0,0.132222,0,0,0,0,0,0,0,0,0,0,0,0,0,0,0,0,0,0,0,0,0,0,0,0,0,0,0,0,0,0,0,0,0,0,0.132222,0,0,0,0,0,0,0,0,0,1.77778,4.88889,9.02778,0
0,0,0,0,0,0,0,0,0,0,0,0,0,0,0,0,0,0,6.66,0,0,0,0,0,0,0,0,0,0,0,0,0,0,0,0,0,0,0,0,0,0,0,0,0,6.66,0,0,0,0,0,0,32.478,0,0,1.666,3,5,0
0.096,0.008,0.196,0.008,0.092,0.118,0,0.058,0.058,0.188,0.074,0.082,0.072,0,0.038,0.088,0.078,0.076,0.608,0.008,0.242,1.906,0.138,0.11,0,0,0,0,0,0,0,0,0,0.028,0,0.008,0,0,0.016,0,0,0,0,0,0.038,0,0,0,0.4302,2.0094,0.009,0.3924,0.375,0.4024,57.5034,2297.8,10648.8,1
0.166702,0.0833511,0.307447,0,0.481915,0.0809043,0.108404,0.148936,0.0434574,0.167128,0.0291489,0.494415,0.0741489,0.00388298,0.0227128,0.264149,0.172181,0.189096,1.67005,0.0372872,0.833936,0.00537234,0.123351,0.0375532,0.505585,0.361649,0.250798,0.187766,0.0968617,0.122074,0.0576596,0.0579787,0.0857979,0.061117,0.145904,0.13266,0.166277,0.00382979,0.110479,0.0565426,0.0434574,0.0512234,0.101862,0.065,0.281649,0.156436,0.00148936,0.0543085,0.0212926,0.135654,0.0226489,0.299441,0.0794947,0.0185745,2.27497,15.3457,121.644,0.43617
0.152222,0.107368,0.300877,0,0.275497,0.0476023,0.0151462,0.0790058,0.011462,0.140819,0.00561403,0.454561,0.0649123,0.0921637,0,0.349766,0.0257895,0.191988,1.43556,0.122105,0.531404,0,0.0123977,0.0630409,0.216667,0.0775439,0.425439,0,0.031462,0.0243275,0,0,0.327251,0,0.116959,0.00584795,0,0.0646784,0.0688889,0.00684211,0.0323977,0.373743,0.0208772,0.104737,0.598889,0.291345,0.017076,0,0.0179942,0.114801,0.0128655,0.158456,0.0084386,0,1.41502,3.10526,12.1345,0.0643275
0.0928986,0.0873913,0.265942,0.277681,0.258841,0.0771014,0.065942,0.0634783,0.295217,0.362899,0.0817391,0.461304,0.134783,0.145797,0.093913,0.283913,0.0591304,0.246812,1.34826,0.248696,0.882464,0.87,0.0985507,0.0943478,0.372899,0.174783,0.0310145,0.0185507,0.00855072,0.016087,0.0324638,0.00130435,0.0776812,0.00130435,0.10058,0.0236232,0.166522,0.00057971,0.0166667,0.0389855,0.00971014,0.0353623,0.00869565,0.0111594,0.0413043,0.0491304,0.015942,0.0382609,0.0344928,0.153725,0.0202754,0.224087,0.127522,0.104116,6.15028,101.159,1231.72,0.594203
0,0.0555556,0.193556,0,0.105778,0.0793333,0,0,0.0402222,0.171111,0,0.109556,0,0,0,0,0,0.165111,7.10844,0,2.08644,0,0,0.216667,0,0,0.232,0,0.0822222,0,0,0,0,0,0,0,0,0,0.0964444,0,0,0,0,0.0177778,1.52933,0.808222,0.0482222,0,0.0173778,0.0368889,0.00733333,0.2746,0.00751111,0,1.25664,2.31111,8.66667,0.0888889
0.10481,0.0281905,0.204333,0.00633333,0.171048,0.0786667,0.0859048,0.149333,0.0126667,0.155143,0.0273333,0.488476,0.0961429,0.00109524,0.0420952,0.112,0.121095,0.228762,1.47062,0.00633333,0.628333,0,0.0360952,0.0360952,0.799143,0.405905,0.230619,0.314333,0.10019,0.160476,0.0751429,0.0457143,0.242571,0.0457143,0.19919,0.125619,0.337048,0.00895238,0.126,0.0538095,0.0483333,0.116762,0.122333,0.126619,0.346667,0.298429,0.00409524,0.0331905,0.0215,0.19499,0.0257619,0.238781,0.0575857,0.0278952,2.26988,11.919,66.4429,0.314286
0.153478,0.124783,0.265435,0.00804348,0.295435,0.106304,0.0395652,0.230435,0.203696,0.299348,0.0923913,0.540435,0.148261,0.0695652,0.0623913,0.32413,0.210435,0.185652,1.49261,0.128696,0.707826,0.652609,0.261522,0.233478,0.461087,0.0893478,0.00586957,0.00543478,0.00326087,0.023913,0.0104348,0,0.0884783,0.00282609,0.0106522,0.118043,0.160217,0.00934783,0.0213043,0.0245652,0.0193478,0.00326087,0.0073913,0.0245652,0.0297826,0.0973913,0.0023913,0.0397826,0.0394565,0.123587,0.0373696,0.200739,0.163326,0.101739,5.77274,124.522,1677.87,0.543478
0.107705,0.13623,0.25,0.762787,0.40959,0.128689,0.0351639,0.127459,0.220656,0.152705,0.0681148,0.584754,0.123033,0.032459,0.0243443,0.199344,0.24582,0.144836,1.67279,0.102705,0.781967,0.43459,0.175082,0.121639,0.574836,0.126967,0.0719672,0.0255738,0.0361475,0.0234426,0.00942623,0.0171311,0.039918,0.0105738,0.0264754,0.0761475,0.11541,0.0443443,0.0245902,0.0308197,0.0204098,0.0379508,0.0332787,0.00590164,0.0727049,0.0672131,0.00721311,0.0212295,0.148221,0.121893,0.0107951,0.202254,0.101402,0.0526311,4.26139,46.2131,423.205,0.557377
0.481887,0.145094,0.537925,0,0.181887,0.0539623,0.117358,0.0950943,0.0350943,0.14717,0.456415,1.1466,0,0.0662264,0,0.295283,0.0218868,0.0820755,1.39302,0,3.67075,0,0,0.393774,0.102075,0.1,0.113774,0.0437736,0,0.0760377,0,0.0949057,0.0224528,0.0949057,0.0226415,0,0.0303774,0,0.0428302,0,0,0.045283,0,0.0218868,0.0724528,0.0607547,0,0.0458491,0,0.107849,0,0.533642,0.0875283,0.00358491,4.42572,26.717,56.5472,0.471698
0.0707955,0.121705,0.303523,0,0.180341,0.0979545,0.0995455,0.0765909,0.115341,0.209432,0.0345455,0.388523,0.0152273,0.130682,0.0131818,0.425227,0.0526136,0.191136,1.77409,0,0.875114,0,0.0240909,0.0570455,0.853182,0.619432,0.459886,0.420114,0.380114,0.341705,0.35375,0.249545,0.0294318,0.249545,0.395795,0.317045,0.185909,0.00465909,0.114545,0.249545,0.114659,0.199545,0.136136,0.213182,0.570455,0.313977,0,0.0290909,0.00845455,0.17758,0.0439545,0.225466,0.0475795,0.0427841,2.5244,12.9886,36.7273,0.329545
0.111287,0.0522222,0.254269,0,0.259474,0.0703509,0.141754,0.0515789,0.0150877,0.176842,0.0522807,0.579181,0.135906,0.0237427,0.0235673,0.260117,0.119591,0.0959649,1.77497,0.0182456,0.581228,0,0.0809942,0.0488889,0.469942,0.274386,0.312807,0.12848,0.095848,0.195731,0.100936,0.0731579,0.161871,0.0731579,0.17193,0.149474,0.175906,0.00321637,0.197544,0.079883,0.103392,0.246023,0.0567251,0.13345,0.241988,0.125322,0,0.0490058,0.0138538,0.133854,0.0147018,0.248784,0.0929064,0.0074152,1.83602,7.72515,44.193,0.222222
0.0782955,0.0922727,0.200682,0,0.215455,0.0378409,0.157955,0.367841,0.124886,0.125795,0.0448864,0.309205,0.00465909,0.212386,0,0.457273,0.252955,0.129659,1.1608,0.0346591,0.800682,0.0332955,0.187841,0.0698864,0.290227,0.297045,0.176932,0.0856818,0,0.0378409,0.0178409,0.0268182,0.0519318,0.0268182,0.0603409,0.117045,0.115341,0,0.0257955,0.0179545,0,0.0405682,0.0154545,0.0214773,0.373523,0.0310227,0,0.0188636,0.00686364,0.150341,0.0109432,0.363227,0.122318,0.00693182,3.63016,26.375,82.8636,0.727273
0,0,0,0,0,0,0,0,0,0,0,0,0,0,0,0,0,0,0,0,0,0,0,0,0,0,26.666,0,0,0,0,0,0,0,0,0,0,0,0,0,0,0,0,0,0,0,0,0,0,0,0,0,0,0,1.59575,2.8,5.1,0
0,0,0.0369444,0,0.0369444,0,0,0,0,0,0,0,0,0,0,0,0,0.275278,0,0,0.0369444,0,0,0,11.4319,2.95361,2.02889,2.30417,2.02889,2.30417,2.30417,2.02889,0,2.02889,2.30417,2.30417,0.0369444,0.111111,0.0369444,2.02889,0,0.111111,0,0,1.12139,0,0,0,0.0240278,0.565167,0.006,0.0505556,0,0,3.43781,13.0556,28.3056,0
0,0,0,0,0.476,0,0,0,0,0,0,0,0,0,0,0,0,0,1.382,0,0,0,0,0,0,0,0,0,0,0,0,0,0,0,0,0,0,0,0.740667,0,0,0,0,0,11.3147,0.512667,0,0,0,0.204,0,0.6172,0,0,1.32433,2.53333,7.2,0
0.30617,0.144894,0.280426,0.0917021,0.0723404,0.106809,0.0193617,0.139787,0.221064,0.399574,0.144681,0.630213,0.341064,0.652766,0.0255319,0.158936,0.276596,0.12,1.86936,0.0476596,0.868511,0.0334043,0.447021,0.28766,0.0951064,0.0604255,0.00510638,0.00148936,0.00212766,0.00382979,0,0,0.309362,0,0,0.0297872,0.176383,0.00148936,0.00659574,0.017234,0.0246809,0.00765957,0.00446809,0.0159574,0.0421277,0.0568085,0.00978723,0.0502128,0.0292553,0.115766,0.00757447,0.24734,0.329319,0.0877872,5.44715,185.447,3357.47,0.744681
0,0,0,0,0,0,0,0,0,0,0,0.325333,0.185,0,0,0,0,0,1.927,0,0,0,0,0,0.370333,0.476,8.45167,0,0,0,0,0,0.208333,0,0,0,0,0,0,0,0,0.740667,0,0.492,1.24367,0,0,0.436333,0.0870667,0.0443,0,0.117233,0,0,1.3499,2.46667,8.33333,0
0.161039,0.114221,0.377727,0.0247403,0.288247,0.0922727,0.0997403,0.138896,0.101429,0.295779,0.0766234,0.481364,0.106948,0.0368831,0.0474026,0.301883,0.231169,0.22461,1.59844,0.189156,0.857987,0.694935,0.171429,0.0914935,0.571494,0.254481,0.0893506,0.0801948,0.0494805,0.0638312,0.0498052,0.0208442,0.0536364,0.0227922,0.0661039,0.0625325,0.19,0.00688312,0.0329221,0.0593506,0.0294156,0.0461688,0.0387662,0.0511039,0.120779,0.173506,0.0188312,0.0424026,0.245448,0.156468,0.016026,0.296201,0.155792,0.158318,4.1829,48.6883,332.994,0.551948
0.0635754,0.123408,0.311676,0.00586592,0.389162,0.121006,0.0988268,0.109665,0.0634637,0.235642,0.0616201,0.52838,0.140782,0.0246369,0.0569274,0.21514,0.176816,0.29324,1.57145,0.0856983,0.834358,0.283631,0.158771,0.0724581,0.543296,0.225866,0.114358,0.0765363,0.0701117,0.0736313,0.0331285,0.0373184,0.0656983,0.0391061,0.0630168,0.0867598,0.149162,0.000391061,0.0418994,0.0640782,0.0164804,0.0340223,0.052067,0.0354749,0.164246,0.165307,0,0.0238547,0.0562458,0.155291,0.0272626,0.232397,0.111704,0.0554972,3.56107,41.3855,260.989,0.553073
0.314865,0.276757,0.336486,0.00351351,0.248919,0.0745946,0.0389189,0.149459,0.425676,0.528919,0.214054,0.579189,0.367838,0.723243,0.0859459,0.259189,0.332432,0.11027,2.41297,0.0359459,1.0927,0.0454054,0.393784,0.371622,0.0959459,0.0994595,0.00162162,0.000540541,0.000540541,0,0,0,0.123243,0,0.00189189,0.0321622,0.133784,0.00297297,0.00243243,0.0391892,0.00432432,0.00216216,0.00621622,0.00378378,0.0594595,0.0194595,0.00189189,0.0156757,0.0328378,0.100892,0.0108919,0.335595,0.430541,0.0987568,7.64754,346.757,2344.32,0.864865
0.0142857,0.0616327,0.172041,0,0.276122,0.0393878,0.241633,0.06,0.0112245,0.210612,0,0.398571,0.205714,0.0636735,0,0.576531,0.025102,0.291224,3.12408,0.108776,1.16449,0.0871429,0,0.0663265,0.313878,0.017551,0.0530612,0,0,0,0,0,0,0,0,0,0,0,0,0,0,0.121429,0,0.0526531,0.39102,0.493878,0,0,0.00630612,0.0300408,0,0.157837,0.0187755,0.0186939,5.1129,49.4286,78.7551,0.387755
0.0771698,0.291698,0.45,1.71038,0.822075,0.118491,0.572264,0.243774,0.0696226,0.279811,0.127736,0.492453,0.171509,0.0390566,0,0.683774,1.08925,0.328491,2.40321,0.413208,1.92717,0,0.0762264,0.15717,0.0107547,0.0107547,0,0,0,0,0,0,0.00509434,0,0,0.0188679,0.150566,0,0.0450943,0,0,0,0,0,0.0611321,0.0264151,0,0,0.00667925,0.120868,0.0160755,0.630208,0.192,0.0357358,9.26498,139.566,235.566,0.943396
0,0,0.0356707,0,0.314085,0.0389024,0,0.0677439,0,0.0264634,0,0.0713415,0,0.0653659,0,0,0,0.0468902,0.155915,0,0.259939,0,0,0,0.562012,0.345122,0.231951,0,0.0290244,0,0.0762195,0,0,0,0,0.0468902,0,0.0901219,0,0,0,0.44311,0,0.430244,0.333171,0.294634,0,0.111768,0,0.0800671,0.05875,0.166,0,0,1.23268,1.73171,5.20122,0.0365854
0.1525,0.0588194,0.237153,0,0.239167,0.0779861,0.0534722,0.0591667,0.0164583,0.102153,0.00472222,0.581806,0.109444,0.0223611,0.00458333,0.191181,0.0325694,0.158472,1.75368,0.0108333,0.500486,0,0.00979167,0.0290278,0.313333,0.364722,0.250972,0,0.174236,0.0415278,0.00805556,0,0.0590278,0,0.00944444,0.0627083,0.19875,0.00645833,0.0386111,0.00694444,0.0802083,0.261111,0.0108333,0.107153,0.376736,0.162639,0.00708333,0.0375,0.0173333,0.113896,0.00734028,0.130097,0.01675,0.00920139,1.51835,4.91667,34.0972,0.138889
0,0,0,0,0,0,0,0,0,0,0,0,0,0,0,0.421053,0,0,0,0,0,0,0,0,0,0,19.3474,0,0,0,0,0,0,0,0,0,0,0,0,0,0,0,0,0,0,0,0,0,0,0.0369263,0,0,0,0,1.10402,1.35789,5.35789,0
0.124369,0.15301,0.389223,0.138932,0.297961,0.119612,0.088835,0.185922,0.42767,0.51534,0.123107,0.532718,0.128447,0.0634951,0.135728,0.270291,0.145631,0.371553,1.42854,0.176796,0.934078,0.91165,0.12466,0.198058,0.470777,0.150583,0.0302913,0.0246602,0.00553398,0.0266019,0.0197087,0.00184466,0.122816,0.00368932,0.124757,0.0316505,0.136505,0.00174757,0.0326214,0.0313592,0.00932039,0.0270874,0.00524272,0.0121359,0.0366019,0.0365049,0.00640777,0.0286408,0.0586214,0.106913,0.043534,0.362107,0.180175,0.104767,4.71909,77.699,971.097,0.68932
0.0997838,0.107459,0.269027,0,0.20973,0.0540541,0.128486,0.068973,0.0174595,0.232703,0.0502703,0.663081,0.0835135,0,0.0332432,0.208757,0.0942162,0.187189,1.70557,0.0228108,0.563514,0,0.06,0.00675676,0.904649,0.403946,0.178324,0.235459,0.150324,0.264216,0.117622,0.0493514,0.202757,0.0493514,0.238162,0.122324,0.210973,0.00432432,0.126757,0.0752973,0.0251892,0.212378,0.0445946,0.082,0.210919,0.346649,0,0.0231892,0.0117784,0.1426,0.00567027,0.237476,0.0206973,0.161773,2.06595,9.75676,54.2,0.254054
0.4672,0.7208,0.7428,0.3664,0.3468,0.2716,0.0656,0.4024,0.4188,1.3644,0.0604,1.4292,0.1212,0.2716,0.3344,0.2872,0.1692,0.6348,2.064,0.3444,3.2556,0.0152,0.5196,0.2464,0,0,0,0,0,0,0,0,0.0132,0,0.0508,0.0168,0.0148,0,0,0,0,0,0.0076,0,0.0248,0,0,0,0.027,0.14768,0.06472,0.95372,0.17836,0.06036,39.2918,602.2,882.64,1
0.0855189,0.134104,0.302406,0.00382075,0.379198,0.220755,0.129198,0.100991,0.0464151,0.235472,0.0309906,0.584057,0.0859906,0.0090566,0.00457547,0.231557,0.125802,0.159528,1.49925,0.0271698,1.14208,0.00584906,0.110283,0.111321,0.631887,0.359151,0.250094,0.158585,0.113538,0.135943,0.0778774,0.0732547,0.11217,0.0732547,0.12783,0.110802,0.201557,0.00108491,0.104623,0.0793868,0.0545755,0.0505189,0.114292,0.0177358,0.238915,0.0886321,0.0125472,0.0185377,0.0305613,0.170255,0.028467,0.161561,0.0663113,0.0152594,2.43658,17.2453,154.958,0.45283
0.19156,0.110092,0.365413,0.00100917,0.32367,0.147523,0.0751376,0.196606,0.303486,0.288807,0.0922936,0.670092,0.0768807,0.104954,0.0742202,0.201651,0.334771,0.0776147,1.35954,0.204679,1.13642,0.288073,0.0855046,0.241927,0.872018,0.170275,0.0234862,0.0101835,0.00477064,0.0217431,0.0163303,0.00385321,0.103303,0.00486239,0.0163303,0.0622936,0.175596,0.0172477,0.0282569,0.0323853,0.0684404,0.103486,0.0142202,0.0144954,0.0498165,0.102752,0.00504587,0.0114679,0.110982,0.195092,0.0145872,0.277349,0.123615,0.0727706,4.15359,69.0917,616.761,0.53211
0.146235,0.227294,0.422,0,0.518941,0.171529,0.353059,0.119647,0.066,0.416353,0.130941,0.667059,0.111765,0.0730588,0.0535294,0.363647,0.390353,0.287882,2.01424,0.173529,1.17012,0.0191765,0.303412,0.0781176,0.192235,0.0756471,0.0142353,0.125294,0.00705882,0.0851765,0.0117647,0.00705882,0.243294,0.00705882,0.112588,0.103647,0.0783529,0.0183529,0.00658824,0.0837647,0,0.0425882,0.00611765,0.0174118,0.132118,0.0624706,0,0,0.0126706,0.0953765,0.00118824,0.525259,0.110694,0.0166471,5.16221,75.0118,198.082,0.729412
0.169722,0,0.300278,0,0.106667,0,0,0,0,0.547222,0,0.173611,0,0,0,0.495556,0,0,6.16556,0,0.387222,0,0,0.347222,0.0502778,0,0.0769444,0,0,0,0,0,0,0,0,0,0,0,0,0,0,0,0,0,0.491667,0.399722,0,0,0.0287222,0.0914444,0,0.0668889,0,0,1.08561,1.22222,4.25,0.138889
0.0225131,0.047801,0.306806,0,0.308115,0.0423037,0.0828796,0.0405236,0.00853403,0.158586,0.0159686,0.872408,0.0741885,0.118639,0,0.119005,0.0477487,0.167644,2.11079,0.0315183,0.50822,0,0,0.0559686,0.130314,0.0863874,0.377592,0.0227225,0.0884293,0.0445026,0,0,0.0849738,0,0,0.0169634,0.0757592,0.0227225,0.098377,0.00502618,0.0320419,0.262932,0.0697382,0.121728,0.435602,0.125707,0,0.035288,0.0135131,0.119361,0.0174712,0.306058,0.00498953,0.000643979,1.56498,4.32984,18.3089,0.136126
0.085,0.118214,0.181607,0,0.480714,0.165,0.235357,0,0.0782143,0.288036,0.0485714,0.329643,0.177321,0.0307143,0.00946429,0.61125,0.0783929,0.229107,1.91607,0.133393,0.845536,0.0225,0.00589286,0.180893,0.107143,0.123393,0.06375,0.0742857,0,0.0264286,0,0,0.06625,0,0.0480357,0.07,0.03625,0,0.0144643,0.0242857,0.00464286,0,0.0125,0.0483929,0.28125,0.266964,0,0,0.013,0.0542143,0.004875,0.263804,0.0500536,0.395411,5.11425,52.7143,106.054,0.571429
0.107391,0.0983152,0.248533,0,0.39587,0.110543,0.135489,0.113043,0.0340217,0.23163,0.0820652,0.549728,0.0615217,0.0382065,0.0785326,0.368424,0.131739,0.224293,1.80342,0.0278261,0.935978,0.0256522,0.0858152,0.0794022,0.674674,0.373424,0.205326,0.249457,0.0875543,0.135,0.0620652,0.0778261,0.0806522,0.0778261,0.105598,0.16625,0.137446,0.0107065,0.103696,0.0633152,0.0441848,0.0448913,0.106467,0.115978,0.249185,0.272065,0.0126087,0.0159239,0.0242228,0.14481,0.0140109,0.202413,0.0589946,0.051212,2.27912,13.25,100.647,0.418478
0.121032,0.0980159,0.27119,0.0996032,0.350794,0.104048,0.0684921,0.110556,0.205794,0.336032,0.0956349,0.771032,0.131111,0.083254,0.0543651,0.19619,0.163492,0.184127,1.5854,0.0738889,0.972222,0.591508,0.200079,0.10746,0.60254,0.182937,0.0169841,0.0238095,0.015873,0.0289683,0.00849206,0.00150794,0.105079,0.00642857,0.0279365,0.066746,0.126905,0.012619,0.0150794,0.00698413,0.0464286,0.0719048,0.00738095,0.0150794,0.0692857,0.235,0.0203175,0.0185714,0.0377937,0.140659,0.0177698,0.223365,0.0743651,0.080754,4.45874,58.9206,515.238,0.603175
0.0562745,0.211569,0.34,0,0.695686,0.183137,1.12078,0.266078,0.232941,0.491765,0.241765,0.650196,0.0303922,0.0209804,0.0180392,0.495686,0.823529,0.298824,2.18118,0.212353,1.67961,0.0168627,0.111765,0.108235,0.0529412,0.0154902,0.129216,0.0390196,0.00980392,0.00490196,0.141961,0,0,0.00568627,0.0664706,0.0103922,0.101176,0,0.0578431,0.372549,0,0.00392157,0,0.0054902,0.17098,0,0,0.0196078,0.0095098,0.149353,0.0116471,0.406412,0.0851961,0.0433333,27.1243,208.529,369.843,0.72549
0.151343,0.146716,0.826866,0.00283582,0.707612,0.520149,0.272836,0.136716,0.56597,0.458209,0.203284,0.601194,0.150746,0.0797015,0.967015,0.304776,0.11209,0.760149,1.5091,0.820448,0.926119,0.0862687,0.517612,0.144478,0.051194,0.00134328,0.021791,0.00716418,0,0.00865672,0,0,0.00313433,0.00567164,0.00432836,0,0.0129851,0,0,0.0401493,0,0,0.0835821,0.0119403,0.0447761,0.0364179,0,0,0.00285075,0.0761343,0.0011194,0.448209,0.160104,0.019791,108.883,790.104,1415.94,0.985075
0,0,0,0,1.28875,0,0,0,0,0,0,3.475,0,0,0,0,0,0,0,0,0,0,0,0,0.80875,0.80875,0,0,9.02375,0,0,0,0,0,0,0,0,0,0,0,0,8.4,0,0,0,0,0,0,0,0,0,0.213,0,0,1.41112,3.375,13.75,0
0.219062,0.405938,0.650312,0.0734375,0.365938,0.18125,0.319688,0.125625,0.314063,0.860625,0.215625,0.77125,0.14375,0.096875,0.270625,0.930625,0.3275,0.23875,1.85531,0.145,1.52562,0.0053125,0.193438,0.223438,0.299375,0.13875,0.0075,0,0,0.0228125,0,0,0.0421875,0,0.0225,0.0146875,0.12125,0.026875,0.0075,0.0228125,0,0.0228125,0.010625,0.0153125,0.110625,0.0446875,0,0.0240625,0.0094375,0.125656,0.00465625,0.753812,0.231156,0.0675,25.445,340.531,656.719,0.9375
