0,0,0.0886667,0,0.0886667,0,0,0,0,0,0,0,0,0,0,0,0,0,0,0,0.0886667,0,0,0,15.7507,1.55867,0,0,0,0,0,0,0,0,0,0,0.0886667,0.266667,0.0886667,0,0,0.266667,0,0,2.69133,0,0,0,0.0576667,0,0.0144,0.0748667,0,0,3.99413,16.2667,25.6667,0
0.0920588,0.0886765,0.263088,0.281765,0.253676,0.0782353,0.0625,0.0644118,0.286029,0.357059,0.0717647,0.454559,0.136765,0.147941,0.0952941,0.288088,0.06,0.248235,1.35,0.200441,0.866029,0.882794,0.1,0.0935294,0.378382,0.177353,0.0314706,0.0188235,0.00867647,0.0163235,0.0329412,0.00132353,0.0766176,0.00132353,0.102059,0.0239706,0.168971,0.000588235,0.0169118,0.0395588,0.00985294,0.0358824,0.00441176,0.0113235,0.0419118,0.0498529,0.0161765,0.0388235,0.035,0.152,0.0205735,0.224721,0.126412,0.105324,6.09743,96.1029,1231.35,0.588235
0.0964,0.1206,0.3152,0,0.6012,0.1636,0.2214,0.0524,0.09,0.2398,0.098,0.3286,0.1786,0.0344,0.221,0.5688,0.122,0.2724,2,0.1274,1.0278,0,0.1642,0.2156,0.1124,0.0504,0.0714,0.0532,0,0.0296,0,0,0.0742,0,0.04,0.0446,0.0524,0,0.0686,0.0796,0.0052,0.0324,0.014,0.0386,0.2538,0.2494,0,0,0.0009,0.08962,0.00546,0.2679,0.09492,0.39856,5.3329,58.72,114.68,0.6
0.12519,0.173544,0.432658,0,0.459241,0.128734,0.339367,0.138228,0.0736709,0.337215,0.148861,0.530633,0.15,0.0608861,0.0575949,0.317215,0.235316,0.293291,1.99177,0.149747,1.05316,0.0206329,0.300506,0.0625316,0.236962,0.0940506,0.0153165,0.13481,0.00759494,0.0793671,0.0126582,0.00759494,0.261772,0.00759494,0.121139,0.0844304,0.154177,0,0.00708861,0.0944304,0.00392405,0.0458228,0.00658228,0.0187342,0.128228,0.0801266,0,0.0227848,0.0138734,0.0856709,0.00127848,0.489291,0.105418,0.0135949,4.76923,65.3924,196.709,0.64557
0.0413402,0.0393299,0.258608,0,0.27366,0.0257216,0.0305155,0.0421649,0.0388144,0.117474,0.0170103,0.769124,0.0684021,0.0344845,0.00876289,0.174948,0.0402577,0.108196,1.9668,0.00649485,0.459639,0,0.0347423,0.124278,0.406856,0.28866,0.342784,0.0590722,0.116134,0.0980412,0.0385052,0,0.0718041,0,0.0742268,0.0328351,0.134691,0.0126804,0.105515,0.0114433,0.0792783,0.244433,0.0124742,0.144227,0.425722,0.140464,0,0.0527835,0.0462938,0.125969,0.00626804,0.207845,0.0187835,0.0178557,1.9509,6.92268,25.8041,0.159794
0.121707,0.440976,0.342439,1.72976,0.936341,0.144634,0.696341,0.152683,0.0580488,0.375854,0.0426829,0.635854,0.190976,0.0819512,0,0.730488,1.53659,0.239024,2.09098,0.274146,1.82732,0,0.0192683,0.160976,0,0,0,0,0,0.0236585,0,0,0,0,0,0.0521951,0.113659,0.0380488,0,0.00829268,0,0,0,0,0.00829268,0,0,0,0,0.123293,0,0.729683,0.212683,0.0322927,9.20393,136.756,194.512,0.926829
0,14.1478,0,0,0,0,0,0,0,0.132222,0,0,0,0,0,0,0,0,0,0,0,0,0,0,0,0,0,0,0,0,0,0,0,0,0,0,0,0,0,0,0,0,0,0,0.132222,0,0,0,0,0,0,0,0,0,1.77778,4.88889,9.02778,0
0.095,0,0.19,0.02,0,0.095,0,0,0,0,0.095,0.095,0,0,0,0.2,0,0.095,0.58,0,0.19,0,0,0,0,0,0,0,0,0,0,0,0,0,0,0,0,0,0,0,0,0,0,0,0,0,0,0,0.517,4.881,0.0015,0.771,0.8925,1.0005,120.977,5005,12951.5,1
0.106145,0.108434,0.362771,0,0.551446,0.124337,0.110723,0.173012,0.0720482,0.307711,0.101807,0.629157,0.073253,0.013012,0,0.330723,0.363253,0.273976,1.98072,0.138434,1.0147,0.126506,0.199518,0.0848193,0.239639,0.0840964,0.0333735,0.0287952,0.0046988,0.0445783,0.0046988,0.00843373,0.0259036,0.0122892,0.0449398,0.0796386,0.0993976,0.000843373,0.0228916,0.0440964,0,0.020241,0.0177108,0.0207229,0.219518,0.273012,0,0.0291566,0.0591687,0.107398,0.00854217,0.341036,0.121036,0.055241,4.18625,67.1446,262.361,0.662651
0.4672,0.7208,0.7428,0.3664,0.3468,0.2716,0.0656,0.4024,0.4188,1.3644,0.0604,1.4292,0.1212,0.2716,0.3344,0.2872,0.1692,0.6348,2.064,0.3444,3.2556,0.0152,0.5196,0.2464,0,0,0,0,0,0,0,0,0.0132,0,0.0508,0.0168,0.0148,0,0,0,0,0,0.0076,0,0.0248,0,0,0,0.027,0.14768,0.06472,0.95372,0.17836,0.06036,39.2918,602.2,882.64,1
0.314865,0.276757,0.336486,0.00351351,0.248919,0.0745946,0.0389189,0.149459,0.425676,0.528919,0.214054,0.579189,0.367838,0.723243,0.0859459,0.259189,0.332432,0.11027,2.41297,0.0359459,1.0927,0.0454054,0.393784,0.371622,0.0959459,0.0994595,0.00162162,0.000540541,0.000540541,0,0,0,0.123243,0,0.00189189,0.0321622,0.133784,0.00297297,0.00243243,0.0391892,0.00432432,0.00216216,0.00621622,0.00378378,0.0594595,0.0194595,0.00189189,0.0156757,0.0328378,0.100892,0.0108919,0.335595,0.430541,0.0987568,7.64754,346.757,2344.32,0.864865
0,0,0,0,0,0,0,0,0,0,0,0,0,0,0,0,0,0,3.42375,0,0,0,0,0,0,0,0,0,0,0,0,0,0,0,0,0,0,0,1.38875,0,0,0,0,0,14.6637,0,0,0,0,0.285625,0,5.217,0,0,1.46187,2.875,7.375,0
0.128411,0.0685981,0.31,0.014486,0.279346,0.115607,0.0727103,0.14757,0.0585047,0.21514,0.0490654,0.478972,0.0925234,0.0325234,0.000841122,0.213084,0.200935,0.132617,1.46495,0.165421,0.726916,0.768131,0.152056,0.068785,0.741028,0.276449,0.0971028,0.0415888,0.0588785,0.0464486,0.0501869,0.0118692,0.0824299,0.0146729,0.0379439,0.0573832,0.243271,0.0017757,0.0157944,0.0331776,0.0462617,0.0311215,0.0358879,0.0664486,0.122897,0.251028,0.00691589,0.0215888,0.236299,0.17629,0.0290187,0.228243,0.0914112,0.155804,3.85016,35.8598,315.308,0.46729
0.137,0.0966316,0.275,0,0.264632,0.0428421,0.0136316,0.0711053,0.0103158,0.126737,0.00505263,0.486895,0.0584211,0.0829474,0,0.314789,0.0232105,0.200474,1.37558,0.109895,0.468842,0,0.0111579,0.0567368,0.130947,0.0686316,0.570947,0,0.342737,0.0218947,0,0,0.294526,0,0.105263,0.00526316,0,0.0582105,0.062,0.00615789,0.204526,0.612,0.0187895,0.0984737,0.609316,0.538053,0.0153684,0.0438421,0.0299421,0.101989,0.0133158,0.142026,0.00937368,0,1.51662,3.30526,12.0105,0.0684211
0.219062,0.405938,0.650312,0.0734375,0.365938,0.18125,0.319688,0.125625,0.314063,0.860625,0.215625,0.77125,0.14375,0.096875,0.270625,0.930625,0.3275,0.23875,1.85531,0.145,1.52562,0.0053125,0.193438,0.223438,0.299375,0.13875,0.0075,0,0,0.0228125,0,0,0.0421875,0,0.0225,0.0146875,0.12125,0.026875,0.0075,0.0228125,0,0.0228125,0.010625,0.0153125,0.110625,0.0446875,0,0.0240625,0.0094375,0.125656,0.00465625,0.753812,0.231156,0.0675,25.445,340.531,656.719,0.9375
0,0,0,0,0.194583,0,0,0,0,0,0,0.115417,0,0,0,0,0,0.2975,0.355,0,0.109583,0,0,0,7.77917,3.8875,3.59,3.8875,3.70583,3.8875,3.8875,3.59,0,3.59,3.8875,3.8875,0,0,0,3.59,0,0.17,0,0.109583,0,0,0,0,0,1.02562,0,0.0199583,0,0,3.07167,10.9167,32.0833,0
0.111011,0.0992697,0.253989,0,0.374831,0.11191,0.129326,0.116854,0.0351685,0.229944,0.0765169,0.533876,0.0635955,0.0394944,0.0763483,0.365843,0.131854,0.214831,1.79146,0.028764,0.940393,0.0265169,0.0863483,0.0820787,0.690843,0.384719,0.231742,0.259494,0.0953371,0.14118,0.0689888,0.0852809,0.0833708,0.0852809,0.110787,0.168652,0.151798,0.0110674,0.11691,0.0702809,0.0456742,0.0464045,0.119775,0.119888,0.255787,0.281236,0.0130337,0.0164607,0.0250393,0.145202,0.0144831,0.200921,0.0562584,0.0524494,2.25175,12.9944,100.213,0.404494
0,0,0.0344118,0,0.286176,0.0375294,0,0.0653529,0,0.0255294,0,0.126235,0,0.0630588,0,0.0379412,0,0.0452353,0.203706,0,0.288706,0,0,0,0.041,0.0154706,0.510824,0,0.028,0,0.0735294,0,0,0,0,0,0,0.0869412,0,0,0,0.342235,0,0.493941,0.709941,0.294882,0,0.107824,0.00397059,0.0906882,0.0566765,0.178094,0,0,1.20099,1.65294,5.17647,0.0411765
0,0,0,0,0.769231,0,0,0,0,0,0,0,0,0,0,0,0,0,0,0,0,0,0,0,8.54692,4.37077,0.854615,0,0,0,0,0,0,0,0,0.591538,0,0,0,0,0,1.11462,0,0.103846,0,0,0,0,0,0,0,0,0,0,1.38008,2.30769,6.07692,0
0.160725,0.0833679,0.302176,0,0.497202,0.0809845,0.115492,0.145078,0.0423316,0.168238,0.0360622,0.49658,0.072228,0.00378238,0.0265803,0.27114,0.167772,0.199896,1.69223,0.0363212,0.837358,0.00523316,0.122332,0.0365803,0.475492,0.340622,0.244301,0.185855,0.0943523,0.11228,0.0561658,0.0564767,0.0835751,0.0595337,0.14342,0.136632,0.161969,0.00373057,0.107617,0.0550777,0.0423316,0.0498964,0.0992228,0.0633161,0.284974,0.152383,0.00145078,0.0529016,0.0207409,0.135228,0.0220622,0.299352,0.0817927,0.018544,2.30067,15.5648,121.062,0.450777
0.0725,0.01,0.15,0,0.115,0.1,0,0.0725,0.0725,0.235,0.045,0.055,0.09,0,0.0475,0.01,0.0975,0.0475,0.47,0.01,0.2075,2.3825,0.1725,0.1375,0,0,0,0,0,0,0,0,0,0.035,0,0.01,0,0,0.02,0,0,0,0,0,0.0475,0,0,0,0.28475,0.07675,0.01525,0.1105,0.028,0.00825,12.2612,371,8310.75,0.75
0.13814,0.113256,0.367442,0.0404651,0.302442,0.101279,0.0738372,0.137791,0.187907,0.342442,0.101395,0.465698,0.125581,0.0338372,0.0993023,0.296395,0.190581,0.253953,1.52605,0.144884,0.925233,0.55814,0.175698,0.100814,0.470814,0.232442,0.0882558,0.117093,0.0504651,0.067093,0.0377907,0.0296512,0.0306977,0.0296512,0.0726744,0.0806977,0.131279,0.0444186,0.0488372,0.100465,0.0397674,0.0876744,0.0473256,0.0130233,0.0861628,0.0732558,0.0251163,0.0472093,0.257186,0.160337,0.0174884,0.2725,0.0815,0.11886,3.59883,45.1279,375.826,0.546512
0.120536,0.157679,0.70125,0,0.667679,0.622321,0.320179,0.163571,0.587321,0.414821,0.256786,0.728571,0.180357,0.0953571,1.15696,0.350714,0.134107,0.912143,1.76429,0.889107,1.05786,0.103214,0.619286,0.168393,0.00160714,0.00160714,0,0,0,0,0,0,0.00642857,0,0.00517857,0,0.00517857,0,0,0.0480357,0,0,0.105357,0.0142857,0.0535714,0.0435714,0,0,0.00341071,0.0943571,0.00133929,0.375804,0.154839,0.0235357,15.329,652.054,1407.36,1
0.117589,0.0792857,0.293125,0.112054,0.305714,0.1125,0.0666964,0.157946,0.197054,0.297321,0.0640179,0.729375,0.120982,0.0967857,0.0202679,0.193125,0.189732,0.127768,1.40339,0.0888393,1.08813,0.237946,0.207589,0.0946429,0.707232,0.181607,0.0124107,0.0186607,0.0166071,0.03,0.00223214,0,0.093125,0.00169643,0.0241071,0.0617857,0.156607,0.0111607,0.0292857,0.0116964,0.0658929,0.0708929,0.0075,0.0180357,0.0707143,0.265714,0.0228571,0.0190179,0.0429821,0.163179,0.0200625,0.23175,0.0736696,0.0468482,4.40768,58.5536,536.018,0.598214
0.0226562,0.089375,0.140313,0,0.250625,0.0373437,0.221094,0.0459375,0.0203125,0.209063,0,0.479375,0.180156,0.04875,0,0.509375,0.0528125,0.307812,2.87312,0.182031,1.23234,0.0864063,0,0.0507812,0.0185938,0.125938,0.040625,0.0234375,0,0,0,0,0,0,0.0234375,0.01,0,0,0,0,0,0.136875,0,0.0525,0.390312,0.416875,0,0,0.0155,0.0296562,0,0.168125,0.0259375,0.0504687,4.87631,48,83.0156,0.421875
0.0655752,0.127965,0.308053,0.0106195,0.355044,0.11115,0.109115,0.119823,0.0480531,0.286549,0.0679646,0.517257,0.194513,0.0346903,0.0916814,0.184956,0.116195,0.283894,1.38283,0.0515044,0.82823,0.323628,0.133186,0.0864602,0.664602,0.300619,0.174513,0.114425,0.100354,0.103274,0.0571681,0.0640708,0.0847788,0.0640708,0.0771681,0.099115,0.159204,0.0134513,0.070885,0.0841593,0.0141593,0.0274336,0.0861947,0.0537168,0.126991,0.0634513,0,0.0174336,0.0448053,0.176062,0.0259204,0.169965,0.115283,0.0430265,2.98773,24.6106,246.434,0.530973
0.133091,0.0656364,0.263333,0,0.264667,0.0690303,0.0807879,0.0516364,0.0462424,0.111939,0.0132727,0.539697,0.0896364,0.0267273,0.0110303,0.223758,0.0564848,0.19103,1.72848,0.00945455,0.527636,0,0.0146061,0.028,0.37297,0.359636,0.221394,0.0272727,0.159333,0.0635152,0.034303,0.00727273,0.0462424,0.00727273,0.0538788,0.0793333,0.192061,0.00563636,0.052303,0.0133333,0.0859394,0.264727,0.0350909,0.128,0.375455,0.160545,0.00618182,0.0327273,0.0183394,0.113885,0.0105515,0.146333,0.0228364,0.0098303,1.64396,5.86667,34.2909,0.181818
0,0,0,0,0,0,0,0,0,0,0,0,0,0,0,0.327869,0,0,0,0,0,0,0,0,0,0.117049,20.1415,0,0,0,0,0,0,0,0,0,0,0,0,0,0,0.182131,0,0,0.0545902,0,0,0,0,0.0287541,0,0.00941803,0,0,1.20803,1.68033,5.45902,0
0.124369,0.15301,0.389223,0.138932,0.297961,0.119612,0.088835,0.185922,0.42767,0.51534,0.123107,0.532718,0.128447,0.0634951,0.135728,0.270291,0.145631,0.371553,1.42854,0.176796,0.934078,0.91165,0.12466,0.198058,0.470777,0.150583,0.0302913,0.0246602,0.00553398,0.0266019,0.0197087,0.00184466,0.122816,0.00368932,0.124757,0.0316505,0.136505,0.00174757,0.0326214,0.0313592,0.00932039,0.0270874,0.00524272,0.0121359,0.0366019,0.0365049,0.00640777,0.0286408,0.0586214,0.106913,0.043534,0.362107,0.180175,0.104767,4.71909,77.699,971.097,0.68932
0.0732979,0.103617,0.199255,0,0.232021,0.0465957,0.18117,0.391064,0.116915,0.143936,0.0704255,0.284255,0.0110638,0.19883,0.00670213,0.462766,0.257234,0.153191,1.32915,0.0324468,0.79617,0.0311702,0.200851,0.0654255,0.271702,0.248191,0.165638,0.0802128,0,0.0354255,0.0167021,0.0251064,0.048617,0.0251064,0.0564894,0.109574,0.107979,0,0.0241489,0.0235106,0,0.00808511,0.0144681,0.0201064,0.349681,0.0405319,0,0.0176596,0.00642553,0.148436,0.0102447,0.382479,0.114511,0.00648936,3.54322,25.9043,82.9468,0.744681
0.0282759,0.0748276,0.247586,0,0.605172,0.0334483,0.953103,0.458276,0.381724,0.457586,0.382069,0.785862,0.00689655,0.0368966,0.00827586,0.749655,1.27103,0.115862,1.75138,0.373448,2.00034,0,0.156207,0.0868966,0.0444828,0.0272414,0.227241,0.02,0.0172414,0.00862069,0.217241,0,0,0.01,0.0682759,0,0.177931,0,0.0368966,0.655172,0,0.00689655,0,0,0.0710345,0,0,0.0344828,0.0157586,0.161276,0.0204828,0.386483,0.126724,0.0344138,38.6563,249.552,370.793,0.586207
0.44807,0.106491,0.490702,0,0.15193,0.0501754,0.250877,0.0884211,0.0326316,0.429123,0.407193,1.02053,0,0.0615789,0,0.203509,0.0203509,0.0591228,1.34614,0,3.41596,0,0,0.40193,0.43,0.117018,0.105789,0.0407018,0,0.0707018,0,0.0882456,0.0580702,0.0882456,0.0210526,0,0.0282456,0,0.0398246,0.0729825,0,0.0421053,0,0.0203509,0.0673684,0.0203509,0,0.0426316,0,0.0917895,0,0.491035,0.081386,0.0138947,4.95654,27.2456,54.9474,0.45614
0.295,0.0833333,1.3825,0.0158333,0.885833,0,0.0541667,0,0.495833,0.685833,0,0.0333333,0,0,0,0.065,0,0,0.295,0.725833,0.400833,0,0,0.0333333,0.278333,0,0.121667,0.04,0,0.0483333,0,0,0,0.0316667,0,0,0.0483333,0,0,0,0,0,0,0,0,0,0,0,0,0.00733333,0,0.763833,0.18825,0.0025,537.208,1405.58,1442.75,0.916667
0.0987166,0.10631,0.296952,0,0.217594,0.0566845,0.127112,0.0770588,0.0172727,0.234599,0.0497326,0.655989,0.0826203,0,0.0328877,0.206524,0.0975936,0.185187,1.72118,0.0225668,0.576417,0,0.0593583,0.00668449,0.894973,0.399626,0.176417,0.232941,0.148717,0.26139,0.116364,0.0488235,0.156043,0.0488235,0.235615,0.121016,0.208717,0.00427807,0.125401,0.074492,0.0249198,0.210107,0.0441176,0.081123,0.211872,0.342941,0,0.0229412,0.0116524,0.138005,0.00560963,0.237209,0.0204759,0.160684,2.06332,9.73262,54.0963,0.262032
0.0736552,0.0608276,0.33331,0.006,0.295586,0.16,0.071931,0.142621,0.0858621,0.180138,0.0475172,0.480207,0.0887586,0.0368276,0.0208276,0.247448,0.152966,0.160483,1.35993,0.124552,0.74931,0,0.132276,0.0825517,0.739862,0.435103,0.130897,0.145586,0.0845517,0.135241,0.0710345,0.0333103,0.109862,0.0333103,0.104483,0.113655,0.236759,0.00475862,0.0866897,0.0617931,0.114138,0.0251034,0.0738621,0.0747586,0.165586,0.24731,0.00751724,0.0409655,0.0553655,0.183503,0.0242759,0.132648,0.0736345,0.0390069,2.48263,19.9586,194.303,0.434483
0.085049,0.112255,0.291814,0.00397059,0.379608,0.218676,0.127157,0.0995588,0.0451961,0.238431,0.0294608,0.574853,0.0844608,0.00941176,0.0047549,0.229412,0.127353,0.153088,1.50078,0.0120588,1.14485,0.00607843,0.0922549,0.115686,0.659755,0.373333,0.250784,0.157255,0.114902,0.144167,0.0791176,0.0743137,0.115294,0.0743137,0.129755,0.110343,0.199853,0.00112745,0.0978922,0.0794118,0.054902,0.0525,0.115147,0.0170098,0.246324,0.0872549,0.0130392,0.0182843,0.0317598,0.173588,0.0292696,0.163343,0.0624167,0.0143578,2.43203,16.9363,153.696,0.45098
0.123492,0.263175,0.487778,0.313175,0.511905,0.22,0.61127,0.0695238,0.0639683,0.289524,0.100317,0.516825,0.0465079,0.0031746,0.0107937,0.360794,0.222222,0.43619,2.35302,0.346349,1.39778,0.0501587,0.103651,0.158254,0.0634921,0.0488889,0.00507936,0.022381,0.0228571,0.0228571,0.0149206,0,0.00428571,0,0.0426984,0.0384127,0.107619,0,0.0769841,0.00301587,0,0,0.0225397,0.0120635,0.218095,0.0266667,0,0.027619,0.00779365,0.105,0.0163175,0.441667,0.221571,0.0402381,8.86014,132.937,331.635,0.857143
0.097967,0.10533,0.219945,0.00741758,0.289121,0.0564835,0.0856593,0.0688462,0.0326374,0.369615,0.0423077,0.630824,0.110769,0.00741758,0.0225824,0.101758,0.0932967,0.117692,1.5178,0.0504945,0.520604,0.00318681,0.0384066,0.0655495,0.681484,0.443736,0.304231,0.352582,0.12533,0.178297,0.109505,0.0855495,0.0857692,0.0855495,0.177692,0.17956,0.201374,0.00549451,0.151593,0.0846703,0.0352198,0.0773626,0.111044,0.115275,0.258736,0.156758,0.0134066,0.0455495,0.0264945,0.187538,0.0147967,0.230632,0.0313736,0.0156758,2.15347,10.7582,81.2198,0.230769
0.0549206,0.168889,0.386667,0,0.637619,0.106825,0.251587,0.146508,0.0742857,0.255238,0.106349,0.746667,0.0874603,0,0.0604762,0.285714,0.258889,0.394127,2.18286,0.440159,1.31,0.18746,0.175238,0.138571,0.338095,0.154921,0.051746,0.13746,0.021746,0.131905,0.021746,0.021746,0.0253968,0.021746,0.0365079,0.0533333,0.111587,0,0.130952,0.0831746,0.0168254,0.0369841,0.00571429,0,0.157778,0.0460317,0,0,0.0041746,0.121714,0.00103175,0.308524,0.067873,0.0359048,5.61244,56.0317,150.349,0.650794
0.103989,0.0913661,0.234481,0,0.259508,0.062459,0.132459,0.0391803,0.0140984,0.193443,0.0488525,0.591967,0.129891,0.0221858,0.0220219,0.275956,0.107268,0.105464,1.67399,0.0170492,0.57847,0,0.0756831,0.0456831,0.547322,0.325628,0.374809,0.197541,0.131311,0.231913,0.143333,0.110109,0.163169,0.110109,0.238142,0.188689,0.173934,0.00300546,0.178197,0.116393,0.0980874,0.229891,0.0704372,0.150492,0.252568,0.129508,0,0.0457924,0.0129454,0.148814,0.0239071,0.240333,0.0877541,0.00783607,1.85477,7.93989,43.7596,0.20765
0.132027,0.13027,0.288514,0.0331081,0.277297,0.164459,0.169324,0.0594595,0.0217568,0.223514,0.0445946,0.505135,0.0897297,0,0.0167568,0.453649,0.169054,0.165946,1.79608,0.00418919,0.821081,0.0768919,0.263649,0.0964865,0.534189,0.395811,0.246351,0.143919,0.075,0.11473,0.0667568,0.0667568,0.0758108,0.085,0.130541,0.146216,0.042973,0,0.118514,0.0955405,0.00445946,0.0216216,0.00648649,0.0409459,0.176486,0.0289189,0,0.0344595,0.0174189,0.158716,0.014973,0.425446,0.0685135,0.0376757,3.56954,32.4324,129.405,0.594595
0.185824,0.125275,0.328571,0.00120879,0.35033,0.152967,0.0761538,0.167802,0.333187,0.327143,0.0973626,0.646923,0.076044,0.123407,0.090989,0.18044,0.332967,0.0771429,1.45,0.209011,1.05747,0.345055,0.0632967,0.240659,0.866923,0.185495,0.0279121,0.0121978,0.00461538,0.0249451,0.0195604,0.00461538,0.103407,0.00582418,0.0195604,0.0582418,0.160989,0.0206593,0.0167033,0.0325275,0.0508791,0.142418,0.017033,0.0150549,0.0571429,0.0901099,0.00604396,0.0118681,0.125297,0.184692,0.0147582,0.270308,0.13022,0.0888791,4.20715,73.5275,628.11,0.494505
0.129583,0.209722,0.431806,0.594583,0.276389,0.120139,0.0483333,0.112917,0.26,0.315694,0.0713889,0.80875,0.209028,0.125278,0.13,0.149583,0.144306,0.187083,1.73278,0.150972,0.950694,0,0.128194,0.174028,0.717361,0.12875,0.0215278,0.0234722,0.0144444,0.0180556,0.0204167,0.00222222,0.0694444,0.00222222,0.0355556,0.0625,0.0911111,0.00194444,0.0173611,0.035,0.00222222,0.0723611,0.0354167,0.0102778,0.0261111,0.00166667,0,0.0213889,0.140569,0.130917,0.017875,1.03196,0.256306,0.0185694,4.10265,61.0833,755.875,0.597222
0.0745122,0.0304878,0.228293,0,0.104878,0.0435366,0,0,0.0220732,0.334146,0,0.126585,0.0676829,0,0,0.138902,0,0.0264634,6.8639,0,1.19695,0,0,0.271341,0.0220732,0,0.904146,0,0.045122,0,0,0,0.0762195,0,0,0,0,0,0.0529268,0,0,0,0,0,1.1728,0.690732,0.0264634,0.0580488,0.0139146,0.0581707,0,0.17172,0,0,1.18159,1.80488,6.82927,0.0731707
0.153478,0.124783,0.265435,0.00804348,0.295435,0.106304,0.0395652,0.230435,0.203696,0.299348,0.0923913,0.540435,0.148261,0.0695652,0.0623913,0.32413,0.210435,0.185652,1.49261,0.128696,0.707826,0.652609,0.261522,0.233478,0.461087,0.0893478,0.00586957,0.00543478,0.00326087,0.023913,0.0104348,0,0.0884783,0.00282609,0.0106522,0.118043,0.160217,0.00934783,0.0213043,0.0245652,0.0193478,0.00326087,0.0073913,0.0245652,0.0297826,0.0973913,0.0023913,0.0397826,0.0394565,0.123587,0.0373696,0.200739,0.163326,0.101739,5.77274,124.522,1677.87,0.543478
0.0217172,0.0461111,0.282475,0,0.333283,0.0408081,0.0799495,0.0390909,0.00823232,0.15298,0.015404,0.907576,0.0715657,0.114444,0,0.114798,0.0266667,0.161717,2.06747,0.030404,0.505909,0,0,0.0539899,0.145101,0.102727,0.449697,0.0516162,0.148182,0.0726263,0,0,0.0819697,0,0.029697,0.0163636,0.0730808,0.0219192,0.094899,0.00484848,0.0606061,0.328535,0.0672727,0.117424,0.423535,0.196869,0,0.0340404,0.0130354,0.118949,0.0168535,0.297657,0.00481313,0.000621212,1.58104,4.37374,18.1616,0.126263
0.103333,0.0277934,0.201455,0.00624413,0.173239,0.0775587,0.0846948,0.14723,0.0124883,0.157559,0.0315493,0.486197,0.0947887,0.00107981,0.0415023,0.129437,0.11939,0.230141,1.46371,0.00624413,0.628685,0,0.0355869,0.0355869,0.792488,0.404789,0.227371,0.309906,0.0987793,0.158216,0.0740845,0.0450704,0.278263,0.0450704,0.196385,0.12385,0.3323,0.00882629,0.124225,0.0530516,0.0476526,0.115117,0.12061,0.124836,0.341784,0.298826,0.00403756,0.032723,0.0211972,0.195469,0.0253991,0.238005,0.0567746,0.0275023,2.28769,12.0329,66.385,0.319249
0.312826,0.148043,0.286522,0.0936957,0.073913,0.10913,0.0197826,0.142826,0.22587,0.408261,0.147826,0.643913,0.348478,0.666957,0.026087,0.162391,0.282609,0.122609,1.91,0.0486957,0.887391,0.0341304,0.456739,0.293913,0.0971739,0.0617391,0.00521739,0.00152174,0.00217391,0.00391304,0,0,0.316087,0,0,0.0304348,0.180217,0.00152174,0.00673913,0.0176087,0.0252174,0.00782609,0.00456522,0.0163043,0.0430435,0.0580435,0.01,0.0513043,0.029413,0.117804,0.00732609,0.252239,0.336,0.0892174,5.48987,189.37,3302.15,0.76087
0.0809091,0.232987,0.293896,0,0.0848052,0.104156,0.13987,0.0875325,0.0635065,0.398831,0.0198701,0.477792,0.0584416,0.170909,0,0.321558,0,0.104935,2.43,0,0.966753,0,0.0145455,0.107143,0.314416,0.312597,0.420649,0.293377,0.113117,0.0451948,0.058961,0,0.0423377,0,0,0.054026,0.357403,0.00532468,0.516623,0,0.104286,0.0961039,0.0836364,0.0976623,0.742857,0.389351,0,0.0332468,0.0350519,0.186584,0.0171818,0.214922,0.0605195,0.0426753,2.83612,17.6753,37.8182,0.350649
0.123628,0.154336,0.259912,0.812743,0.446991,0.118319,0.0506195,0.0988496,0.235398,0.187434,0.101593,0.700265,0.141947,0.0376106,0.0550442,0.210088,0.25708,0.182124,1.79283,0.0730088,0.776195,0.716637,0.199292,0.15354,0.597257,0.109646,0.0631858,0.0164602,0.0227434,0.00938053,0.0120354,0.0147788,0.0787611,0.0115044,0.0270796,0.070885,0.0915929,0.0247788,0.0157522,0.00725664,0.0115044,0.0379646,0.0168142,0.00539823,0.06,0.0477876,0.00778761,0.0151327,0.0874425,0.109602,0.00663717,0.197106,0.107142,0.0828053,4.5813,47.6726,451.761,0.60177
