0.106753,0.0755172,0.239923,0.00256705,0.31523,0.079751,0.125211,0.133764,0.0429598,0.227979,0.0456992,0.496408,0.0881034,0.0348467,0.0312069,0.287059,0.131897,0.187117,1.67432,0.03909,0.776456,0.0189464,0.0794828,0.066092,0.606743,0.351379,0.222318,0.236351,0.0845307,0.130738,0.064387,0.056705,0.121437,0.057567,0.136753,0.135527,0.180498,0.00533525,0.107337,0.0600958,0.0324521,0.0693487,0.0843774,0.0896935,0.288448,0.20431,0.00565134,0.03409,0.0185421,0.153452,0.016249,0.270082,0.060614,0.0592069,2.72608,18.7778,89.6849,0.407088
0.273103,0.171034,0.281379,0.153103,0.0768966,0.0927586,0.0237931,0.136552,0.246207,0.428621,0.131034,0.607586,0.312414,0.639655,0.0037931,0.131034,0.254138,0.0855172,1.83103,0.0241379,0.90069,0.01,0.524138,0.228966,0.0668966,0.0665517,0.00517241,0.00241379,0.00172414,0,0,0,0.331379,0,0,0.0258621,0.251034,0.00172414,0.00172414,0.00793103,0.0175862,0.00827586,0.00689655,0.0117241,0.0268966,0.0489655,0.00551724,0.0558621,0.0340345,0.0921379,0.00865517,0.219517,0.411621,0.0862759,4.78383,177.379,3092.69,0.724138
0.0966667,0.0133333,0.2,0,0.153333,0.133333,0,0.0966667,0.0966667,0.313333,0.06,0.0733333,0.12,0,0.0633333,0.0133333,0.13,0.0633333,0.626667,0.0133333,0.276667,3.17667,0.23,0.183333,0,0,0,0,0,0,0,0,0,0.0466667,0,0.0133333,0,0,0.0266667,0,0,0,0,0,0.0633333,0,0,0,0.372333,0.095,0.014,0.14,0.03,0.00366667,15.1877,493,9113.67,1
0.14907,0.126977,0.280465,0.0072093,0.31093,0.113256,0.0381395,0.221395,0.222093,0.333023,0.0939535,0.565581,0.140698,0.065814,0.0686047,0.339302,0.214884,0.19814,1.53605,0.134651,0.779302,0.939535,0.27907,0.228837,0.194419,0.105349,0.00744186,0.00581395,0.00302326,0.017907,0.0111628,0,0.0890698,0.00302326,0.00581395,0.10907,0.158605,0.01,0.0162791,0.0246512,0.0125581,0.00162791,0.0055814,0.0193023,0.0286047,0.0709302,0.00255814,0.0218605,0.0466047,0.125,0.0394884,0.208302,0.171698,0.124535,5.94228,127.837,1615.47,0.581395
0.115469,0.126771,0.254635,0.548281,0.383698,0.106875,0.05,0.119115,0.228333,0.229271,0.0893229,0.624583,0.115781,0.0278646,0.0410937,0.196979,0.206198,0.16375,1.61464,0.0810417,0.746875,0.663958,0.155,0.135573,0.605469,0.187344,0.0705729,0.0522396,0.0395312,0.0422917,0.0189062,0.0200521,0.0694792,0.018125,0.0409896,0.0820313,0.115833,0.0379167,0.0297396,0.0329167,0.0265104,0.0514063,0.0281771,0.00760417,0.0710937,0.0794792,0.00515625,0.0178646,0.109354,0.135557,0.0122292,0.191135,0.0874219,0.0763021,4.25422,47.6927,441.292,0.5625
0.0782562,0.371094,0.215081,0,0.227444,0.0434155,0.0617258,0.0455382,0.0168551,0.146969,0.0304811,0.503373,0.0592724,0.0465785,0.00823812,0.192405,0.0356765,0.117871,1.66783,0.0210824,0.56923,0,0.0224534,0.065009,0.587511,0.29386,1.89229,0.124696,0.177366,0.134817,0.100541,0.0711545,0.0934937,0.0711545,0.134215,0.107956,0.0985989,0.02365,0.101479,0.0755683,0.0663259,0.277523,0.0316777,0.135983,0.522556,0.247817,0.00367408,0.0409802,0.0180463,0.119968,0.0150523,0.205898,0.0220716,0.015546,1.79226,6.25075,24.647,0.139507
0.226,0.215333,0.323333,0.002,0.268667,0.0856667,0.052,0.142333,0.328,0.417667,0.166667,0.540667,0.281333,0.498,0.0903333,0.267,0.261667,0.123,2.04433,0.0456667,0.944667,0.056,0.27,0.285333,0.522333,0.0846667,0.001,0.000666667,0.00133333,0.011,0,0,0.163667,0,0.00833333,0.0596667,0.156333,0.00266667,0.00933333,0.0196667,0.017,0.00533333,0.011,0.016,0.0573333,0.0716667,0.00233333,0.049,0.0283,0.109667,0.00976667,0.287233,0.323033,0.0792333,5.52783,145.133,2214.13,0.733333
0,0,0,0.04,0,0,0,0,0,0,0,0,0,0,0,0.02,0,0,0.02,0,0,0,0,0,0,0,0,0,0,0,0,0,0,0,0,0,0,0,0,0,0,0,0,0,0,0,0,0,1.024,9.752,0.003,1.542,1.785,1.998,239.571,9989,10062,1
0.195,0.5,0.4,0.095,0.58,0,0,0,0.39,0.19,0,0.2,0,0,0,0.1,0,0,0.195,0.19,0.39,0,0,0.2,0.095,0,0,0.095,0,0,0,0,0,0.19,0,0,0,0,0,0,0,0,0,0,0,0,0,0,0,0.035,0,0.4155,0.7295,0.015,1062,2123,2124,1
0.391765,0.123529,0.295882,0,0.0570588,0.148824,0.0158824,0.130588,0.199412,0.292941,0.181765,0.748235,0.387059,0.778824,0.0517647,0.222353,0.302941,0.169412,2.06706,0.0905882,0.814706,0.0752941,0.342941,0.394118,0.231176,0.138235,0.00705882,0,0.00294118,0.0105882,0,0,0.291176,0,0,0.0276471,0.134118,0.00294118,0.0105882,0.0235294,0.0111765,0.00705882,0.000588235,0.0258824,0.0652941,0.0264706,0.0170588,0.0394118,0.0318824,0.157235,0.008,0.296588,0.229647,0.101235,5.93629,147.529,3479.94,0.823529
0.19,0,0.38,0,0,0.19,0,0,0,0,0.19,0.19,0,0,0,0.38,0,0.19,1.14,0,0.38,0,0,0,0,0,0,0,0,0,0,0,0,0,0,0,0,0,0,0,0,0,0,0,0,0,0,0,0.01,0.01,0,0,0,0.003,2.383,21,15841,1
0.0915152,0.09,0.262879,0.290303,0.261061,0.075303,0.0656061,0.064697,0.285,0.343182,0.0722727,0.448485,0.13803,0.151667,0.095303,0.296667,0.0618182,0.245,1.36652,0.210455,0.85,0.863333,0.0945455,0.0951515,0.379697,0.171818,0.0316667,0.0193939,0.00893939,0.0168182,0.0339394,0.00136364,0.0759091,0.00136364,0.105152,0.0227273,0.167121,0.000606061,0.0174242,0.0407576,0.0101515,0.0369697,0.00454545,0.0101515,0.0451515,0.0513636,0.0166667,0.04,0.0324242,0.150545,0.0204394,0.219667,0.123015,0.110985,6.12858,95.9697,1219.88,0.590909
0.316364,0.0918182,1.43545,0,0.983636,0,0.0890909,0,0.47,0.713636,0.0609091,0.0609091,0.03,0,0,0.144545,0,0.152727,0.500909,0.757273,0.703636,0,0,0,0.286364,0,0.132727,0.0263636,0,0.0527273,0,0,0,0,0,0,0.0527273,0,0,0,0,0,0,0,0,0,0,0,0,0.0125455,0,0.763182,0.0781818,0,410.545,1239.45,1293.27,0.909091
0.113495,0.111277,0.345775,0.015228,0.370821,0.116322,0.106991,0.138693,0.0750152,0.294195,0.0709726,0.525532,0.126839,0.0329483,0.0562006,0.260304,0.240274,0.252188,1.63021,0.142736,0.866748,0.4731,0.177538,0.0812462,0.538936,0.219088,0.0937994,0.0637082,0.0520973,0.0597568,0.0365653,0.0252888,0.0600912,0.0271733,0.0529787,0.0750456,0.166748,0.000790274,0.0373252,0.0601216,0.0221277,0.0331915,0.0435562,0.0417629,0.148359,0.173343,0.00881459,0.0320061,0.144416,0.153939,0.0215319,0.265328,0.1389,0.103018,3.89226,45.307,288.231,0.568389
0.111296,0.194444,0.713519,0.16963,0.599815,0.638704,0.319815,0.160926,0.597593,0.36463,0.252778,0.721296,0.173704,0.0988889,1.13667,0.327222,0.192778,0.9,1.70704,0.933889,0.967593,0.107037,0.60963,0.161481,0.00166667,0.00166667,0,0,0,0,0,0,0.00666667,0,0.00611111,0,0.00537037,0,0,0.0305556,0,0,0.109815,0.0148148,0.0540741,0.0437037,0,0,0.0104815,0.0962963,0.00138889,0.372167,0.154833,0.0255185,9.55946,624.352,1371.24,1
0.053875,0.2015,0.372,0.246625,0.56475,0.1775,0.8495,0.2185,0.185375,0.358375,0.21125,0.61475,0.04075,0.015875,0.0115,0.46425,0.603375,0.323375,2.09737,0.398625,1.76087,0.034125,0.12375,0.127875,0.03925,0.02775,0.086375,0.024875,0.018,0.018,0.0905,0,0.003375,0.003625,0.058375,0.01575,0.102625,0,0.0435,0.2375,0,0.0025,0,0.0095,0.150375,0.0055,0,0,0.0052375,0.126837,0.0188,0.427675,0.116763,0.0411625,20.7522,182.7,342.488,0.7875
0.461667,0.345833,0.301667,0,0.160833,0.03,0.005,0.235833,0.516667,0.801667,0.258333,0.55,0.565,0.923333,0.0766667,0.171667,0.446667,0.121667,2.91,0.0075,1.35083,0,0.5975,0.550833,0,0,0,0,0,0,0,0,0,0,0.005,0.0266667,0,0,0.0141667,0.0916667,0,0,0,0,0.0591667,0,0,0,0.0159167,0.0771667,0,0.422917,0.53275,0.100583,13.3378,832.667,2500.5,1
0.512727,0.668636,0.784545,0,0.33,0.263636,0.0495455,0.408636,0.427273,1.41455,0.06,1.54091,0.110909,0.308636,0.313636,0.326364,0.0518182,0.601364,2.07273,0.337727,3.49227,0.0172727,0.554091,0.237727,0,0,0,0,0,0,0,0,0.015,0,0.0518182,0.0190909,0.0168182,0,0,0,0,0,0,0,0.0281818,0,0,0,0.0130909,0.160045,0.0735455,1.02977,0.186136,0.0637727,42.4671,609.364,849.091,1
0.005,0.005,0.035,0,0.025,0,0,0.005,0.015,0.065,0.025,0,0,0.025,0,0,0.005,0.035,0.005,0,0.005,0,0,0,0,0,0,0,0,0,0,0,0.035,0,0,0.065,0,0,0,0.005,0.23,0,0,0.015,0,0.4,0.005,0.035,0.036,0.1615,0.075,0.012,0.056,0.012,3.0295,43.5,5648.5,0
0.125096,0.150673,0.391058,0.137596,0.303269,0.121058,0.0867308,0.187019,0.423558,0.519423,0.124808,0.548558,0.126346,0.0642308,0.134135,0.269038,0.152212,0.367692,1.41106,0.172596,0.935385,0.832404,0.122885,0.193654,0.495385,0.149135,0.03,0.0253846,0.00548077,0.0263462,0.0195192,0.00182692,0.121635,0.00365385,0.123558,0.0320192,0.137212,0.00173077,0.0323077,0.0320192,0.00923077,0.0268269,0.00519231,0.0120192,0.035,0.0361538,0.00634615,0.0283654,0.0590288,0.109115,0.0431154,0.36351,0.182135,0.0963942,4.66964,76.9808,967.625,0.682692
0.160063,0.100127,0.343671,0.0028481,0.32019,0.140823,0.0694937,0.171709,0.231962,0.283165,0.0812658,0.733861,0.108228,0.103797,0.0346203,0.202215,0.270759,0.107975,1.47241,0.161709,1.18456,0.200886,0.155,0.160253,0.759937,0.154684,0.0132911,0.0127848,0.00924051,0.018038,0.0105696,0.000949367,0.0963291,0.0028481,0.0198734,0.0602532,0.163481,0.0156329,0.0262658,0.019557,0.0640506,0.0827848,0.0100633,0.0173418,0.0606962,0.206266,0.0160759,0.0226582,0.0785253,0.171392,0.0174177,0.277766,0.102278,0.0618228,4.24003,66.5506,577.013,0.575949
0.219062,0.405938,0.650312,0.0734375,0.365938,0.18125,0.319688,0.125625,0.314063,0.860625,0.215625,0.77125,0.14375,0.096875,0.270625,0.930625,0.3275,0.23875,1.85531,0.145,1.52562,0.0053125,0.193438,0.223438,0.299375,0.13875,0.0075,0,0,0.0228125,0,0,0.0421875,0,0.0225,0.0146875,0.12125,0.026875,0.0075,0.0228125,0,0.0228125,0.010625,0.0153125,0.110625,0.0446875,0,0.0240625,0.0094375,0.125656,0.00465625,0.753812,0.231156,0.0675,25.445,340.531,656.719,0.9375
0.133444,0.182333,0.390556,0.475667,0.273889,0.116333,0.0455556,0.103667,0.314444,0.298444,0.0687778,0.726444,0.188222,0.157333,0.155556,0.125556,0.163222,0.157556,1.64144,0.147778,0.942222,0,0.124333,0.193778,0.755889,0.153222,0.028,0.0206667,0.0145556,0.0273333,0.0193333,0.00477778,0.0742222,0.00477778,0.0314444,0.058,0.104222,0.00155556,0.0168889,0.0341111,0.00833333,0.130444,0.0358889,0.00822222,0.039,0.0124444,0.00511111,0.022,0.138267,0.146844,0.0178667,0.8545,0.231967,0.0203667,4.01902,65.2222,735.078,0.544444
0.0923366,0.145719,0.340523,0.122631,0.43933,0.165784,0.189935,0.125131,0.0564706,0.250507,0.0660621,0.567859,0.103121,0.024951,0.0384477,0.300359,0.256748,0.226536,1.67873,0.116814,1.07873,0.0281209,0.149886,0.101977,0.512271,0.284755,0.143676,0.128578,0.0678595,0.116928,0.0530229,0.0423366,0.109052,0.0440359,0.0987908,0.0933333,0.172712,0.00653595,0.0777778,0.0748366,0.0484477,0.0369444,0.063268,0.032402,0.177565,0.125196,0.00612745,0.02,0.0295605,0.15225,0.0172647,0.274676,0.0797647,0.0243023,3.53629,36.3382,171.374,0.534314
0.2025,0.1575,0.5125,0,1.265,0.3375,0.22,0.385,0.4225,1.6325,0.0625,0.7525,0.245,0,1.2175,0.24,0.0475,0.86,2.565,0.135,1.96,0,0.64,0.41,0,0,0,0,0,0,0,0,0,0,0.0225,0,0,0,0,0.26,0,0,0.04,0,0.02,0.02,0,0,0.003,0.03375,0,0.519,0.1535,0.0115,49.1835,859,1747.5,1
