0.0857191,0.0573579,0.214314,0.00896321,0.226254,0.0572575,0.0941137,0.17107,0.0383278,0.257993,0.043612,0.497157,0.112809,0.0460535,0.0403344,0.122007,0.149565,0.167391,1.47709,0.0364214,0.546823,0.0019398,0.0816722,0.0579599,0.615017,0.35689,0.220635,0.26087,0.0999666,0.160736,0.0738462,0.0543144,0.0814047,0.0543144,0.161873,0.146856,0.275017,0.00334448,0.11214,0.0560535,0.0348829,0.0748495,0.110736,0.0855518,0.339766,0.207793,0.0110368,0.0391304,0.0241338,0.195023,0.0151672,0.267806,0.0629565,0.0129264,2.5246,13.9599,74.689,0.377926
0,0.02,0.05,0,0.02,0,0,0.05,0,0.35,0,0.02,0,0,0,0.05,0.1,0.38,0.07,0.2,0.17,0,0,0,0.02,0,0,0,0,0,0,0,0,0,0,0,0,0,0,0,0,0,0,0,0,0,0,0,0,0.004,0,0.108667,0.0173333,0.0173333,3.922,489,3271,1
0,0,0,0.04,0,0,0,0,0,0,0,0,0,0,0,0.02,0,0,0.02,0,0,0,0,0,0,0,0,0,0,0,0,0,0,0,0,0,0,0,0,0,0,0,0,0,0,0,0,0,1.024,9.752,0.003,1.542,1.785,1.998,239.571,9989,10062,1
0,0,0.28,0,0.16,0.18,0,0,0,0,0.02,0.09,0.11,0,0,0,0,0,0.14,0,0.02,0,0,0.04,0,0,0,0,0,0,0,0,0,0.07,0,0,0,0,0.02,0,0,0,0,0,0,0,0,0,0,0.116,0.021,0.032,0,0,16.6155,154,9089,1
0.124,0.148667,0.412,1.27733,0.402667,0.128,0.142,0.022,0.344,0.243333,0.0706667,0.462,0.210667,0.0106667,0.184667,0.368667,0.05,0.276,1.76133,0.03,0.866,1.52133,0.206,0.136,0,0,0,0,0.0133333,0,0,0,0,0,0,0,0.032,0,0.0453333,0.0166667,0,0.0346667,0,0,0.028,0.0606667,0,0.0146667,0.00686667,0.0763333,0.00993333,0.263067,0.0734,0.179733,7.4736,148.6,1301.73,0.933333
0,0.0854545,0.182727,0,0.742727,0,1.97455,0.984545,0.984545,1.07,0.984545,0.45,0,0.0972727,0,0.845455,2.74091,0.0818182,1.34636,0.984545,3.28,0,0.268182,0.0972727,0,0,0,0,0,0,0,0,0,0,0,0,0.400909,0,0.0972727,0,0,0,0,0,0,0,0,0,0,0.0524545,0,0.727909,0.125909,0.0907273,76.306,286.091,303.455,1
0.19,0,0.38,0,0,0.19,0,0,0,0,0.19,0.19,0,0,0,0.38,0,0.19,1.14,0,0.38,0,0,0,0,0,0,0,0,0,0,0,0,0,0,0,0,0,0,0,0,0,0,0,0,0,0,0,0.01,0.01,0,0,0,0.003,2.383,21,15841,1
0.19,0.19,0.19,0.19,1.16,0,0,0,0.58,0.38,0,0,0,0,0,0,0,0,0.19,0.38,0.58,0,0,0,0.19,0,0,0.19,0,0,0,0,0,0.38,0,0,0,0,0,0,0,0,0,0,0,0,0,0,0,0.07,0,0,1.121,0,1021.5,2042,2043,1
0.64375,0.44,0.71125,0,0.08375,0.51875,0.08375,0.4525,1.0825,0.98625,0.02,0.415,0.305,0,0.8625,0.22625,0.1425,1.60125,2.2975,0.92875,1.39,0,1.00875,0.65375,0,0,0,0,0,0,0,0,0.04125,0,0.1425,0,0,0,0,0,0,0,0,0,0.025,0,0,0,0.023875,0.0505,0.055875,0.385125,0.174875,0.047375,13.2451,506.375,911.75,1
0.169091,0.326364,0.350909,5.13091,0.539091,0.173636,0.0427273,0.0709091,0.688182,1.03909,0.0645455,0.850909,0.173636,0.0145455,0.293636,0.329091,0.0245455,0.82,1.80182,0.0981818,1.45,1.51364,0.258182,0.293636,0.16,0,0.14,0,0.00545455,0.04,0,0,0.04,0,0.0127273,0.00818182,0,0,0.04,0.0254545,0,0.0118182,0.0154545,0,0.00545455,0,0,0.0127273,0.00427273,0.0590909,0,0.519818,0.105364,0.197818,8.62082,160.727,878.182,0.909091
0.114754,0.102131,0.252787,0.867705,0.266393,0.0847541,0.0442623,0.135738,0.272951,0.209836,0.0754098,0.518525,0.11459,0.0185246,0.0357377,0.305574,0.179016,0.181148,1.54508,0.0395082,0.826557,0.582623,0.0945902,0.142295,0.790984,0.182623,0.0414754,0.0218033,0.0406557,0.0334426,0.0155738,0.0155738,0.0391803,0.0155738,0.044918,0.0711475,0.14459,0.0563934,0.0206557,0.0421311,0.00622951,0.0163934,0.0359016,0.00688525,0.0854098,0.0296721,0,0.0316393,0.153328,0.133246,0.0102459,0.253869,0.123967,0.0768033,4.6968,56.0656,422.426,0.57377
0.246,0.231,0.363,0.01,0.546,0.224,0.059,0.638,0.315,0.596,0.133,0.642,0.335,0.176,0.154,0.955,0.503,0.301,2.476,0.197,1.22,1.017,0.522,0.46,0,0,0,0,0,0,0,0,0.019,0,0,0.101,0,0.019,0.011,0.056,0,0,0,0,0.043,0,0,0,0.0133,0.0588,0.0283,0.3734,0.1722,0.1606,8.1868,223.8,1605.6,1
0.124667,0.101333,0.538667,0,0.408667,0.298,0.245333,0.101333,0.392,0.401333,0.339333,0.806667,0.0666667,0.356,0.250667,0.828,0.166667,0.584,1.99733,2.59067,1.47333,0,0.598,0.172667,0,0,0,0,0,0,0,0,0,0,0,0,0,0,0,0.032,0,0,0,0,0.032,0,0,0,0,0.106667,0,0.291467,0.1828,0.00613333,6.60347,529.333,1400.87,1
0.54,0.434,0.288,0,0.14,0.03,0.012,0.164,0.548,0.638,0.288,0.658,0.626,1.21,0.03,0.214,0.434,0.046,3.17,0,1.42,0,0.54,0.576,0,0,0,0,0,0,0,0,0,0,0.012,0,0,0,0,0,0,0,0,0,0.046,0,0,0,0.0072,0.0772,0,0.5122,0.5202,0.135,6.8926,760.4,2399.6,1
0.22,0.22,0.22,0,1.77,0.22,0.44,0.44,0.22,2.88,0,0.88,0.22,0,1.105,0.44,0,0.44,3.325,0,3.325,0,0.44,0.44,0,0,0,0,0,0,0,0,0,0,0,0,0,0,0,0.44,0,0,0,0,0,0,0,0,0,0,0,0.5755,0.153,0,86.675,1038,1733.5,1
0.0576831,0.911141,0.159114,0,0.261499,0.0432538,0.0145145,0.0511584,0.00642249,0.122845,0.00163543,0.343339,0.0382794,0.0543782,0,0.140869,0.009046,0.106899,1.82284,0.0355707,0.49368,0,0.00361158,0.0562692,0.234974,0.130767,0.539693,0,0.146678,0.0101193,0.0212947,0,0.125571,0,0,0.0191652,0.00911414,0.0440204,0.0651107,0.00199319,0.066201,0.372266,0.0257411,0.194787,0.851584,0.380733,0.00867121,0.0550767,0.0145894,0.0838024,0.0239012,0.259741,0.00354855,0,1.39777,2.80409,9.60477,0.0664395
0.59,0.09,0.09,0,0.29,0.09,0,0.59,0.59,2.09,0.29,0.09,0.29,0,0.39,0.09,0.79,0.39,3.19,0.09,1.69,0,1.39,0.99,0,0,0,0,0,0,0,0,0,0,0,0.09,0,0,0.09,0,0,0,0,0,0.19,0,0,0,0.044,0.078,0,0.334,0.133,0.011,15.493,1171,2541,1
0.09,0.202121,0.56303,0,0.287879,0.142424,0.0839394,0.0851515,0.235758,0.302121,0.0724242,0.915152,0.216364,0.127273,0.0918182,0.115758,0.140303,0.0887879,2.13303,0.115455,0.99697,0,0.0721212,0.143333,0.423939,0.0939394,0.0263636,0.0151515,0.0160606,0.0127273,0.0190909,0.00484848,0.0624242,0.00484848,0.0221212,0.0315152,0.0633333,0.00424242,0.0206061,0.0190909,0.00484848,0.0224242,0.0551515,0.0139394,0.019697,0.00363636,0,0,0.22103,0.101333,0.0243939,1.58248,0.364121,0.0104848,4.09618,48.9091,773.242,0.69697
0.0227083,0.0852083,0.251042,0.00291667,0.263958,0.145208,0.0852083,0.0352083,0.0497917,0.140625,0.0833333,0.3925,0.117292,0.06375,0.0527083,0.125833,0.0608333,0.156042,1.25396,0.075,0.606667,0.817083,0.13375,0.0733333,0.654792,0.238333,0.118333,0.045,0.103333,0.0554167,0.046875,0.063125,0.100833,0.063125,0.0510417,0.1,0.15625,0,0.0404167,0.03125,0,0.0322917,0.056875,0.043125,0.11875,0.0879167,0,0.0189583,0.154063,0.192042,0.0505833,0.138646,0.1345,0.0987708,3.20467,21.9792,270.917,0.5
0.05,0.2225,0.2725,2.29,0.1675,0.5975,0.31,0.5775,0.7275,1.0225,0.135,0.7275,0,0,1.035,0.0725,0.5625,0.825,1.645,0.2775,0.855,0,0.42,0.1,0,0,0,0,0,0,0,0,0,0,0,0,0.0725,0,0,0.0725,0,0,0.1,0,0,0,0,0,0.09675,0.10825,0,0.26175,0.13975,0.023,11.033,729.75,1197,1
0.114,0.1,0.214,0.026,0.098,0.04,0.018,0.076,0.2,0.262,0.052,0.302,0.114,0.22,0.01,0.088,0.144,0.052,0.758,0.004,0.37,0,0.07,0.104,0.516,0.532,0.006,0.004,0.004,0,0,0,0.79,0,0,0.08,0.828,0.01,0,0.004,0.032,0.012,0.02,0.028,0.108,0.124,0.004,0.116,0.1012,0.209,0.0466,0.0784,0.1158,0.027,3.1196,59.6,2557.6,0.4
0.163,0.0828182,0.299091,0,0.457136,0.0742727,0.105909,0.103227,0.0393636,0.133227,0.0290909,0.479591,0.0685,0.0115,0.0207727,0.333318,0.191727,0.170091,1.693,0.0308182,0.855273,0.0273636,0.134818,0.0437727,0.505955,0.352182,0.238591,0.173409,0.0641818,0.112318,0.0528182,0.0501364,0.0868182,0.0501364,0.129091,0.137091,0.155636,0.00495455,0.122091,0.0582727,0.0419091,0.0293182,0.0903182,0.0626818,0.267455,0.116364,0.000863636,0.0581818,0.0232864,0.137959,0.0191864,0.301436,0.0868955,0.0254545,2.52976,19.2864,116.682,0.481818
0.170909,0.108485,0.377879,0.00484848,0.295152,0.137576,0.153333,0.139091,0.668485,0.427879,0.116061,0.576667,0.101818,0.0521212,0.0506061,0.282424,0.0672727,0.436667,1.69121,0.236364,1.11455,1.12515,0.123939,0.235455,0.300606,0.149394,0.0218182,0.0139394,0,0.0178788,0.019697,0,0.08,0,0.234242,0.0136364,0.144242,0.00151515,0.0321212,0.0227273,0.0030303,0.0563636,0.00727273,0.0315152,0.0233333,0.00909091,0.0106061,0.010303,0.0719394,0.0997273,0.0922424,0.467939,0.209091,0.0956667,4.29345,63.2121,1051.39,0.69697
0.79,0.9625,0.945,0,0.7625,0,0.4225,0,0.585,2.0925,0,1.5325,0,0,0.7525,2.7325,0.7725,0,1.165,0,2.335,0,0,0.4025,0,0,0,0,0,0,0,0,0,0,0,0,0,0,0,0,0,0,0,0,0,0,0,0.1925,0,0.0335,0,1.56425,0.6845,0.023,128.925,437.25,525.75,1
0.005,0.005,0.035,0,0.025,0,0,0.005,0.015,0.065,0.025,0,0,0.025,0,0,0.005,0.035,0.005,0,0.005,0,0,0,0,0,0,0,0,0,0,0,0.035,0,0,0.065,0,0,0,0.005,0.23,0,0,0.015,0,0.4,0.005,0.035,0.036,0.1615,0.075,0.012,0.056,0.012,3.0295,43.5,5648.5,0
0.5725,0.11875,0.3975,0,0.03125,0.22,0.0025,0.16375,0.21,0.3275,0.2625,0.96,0.59625,1.065,0.06875,0.355,0.40625,0.22,2.74125,0.1875,1.08125,0,0.26125,0.5675,0,0,0,0,0,0,0,0,0.0275,0,0,0.01625,0.0075,0,0,0.03875,0,0.0075,0,0.0225,0.0725,0.0025,0.025,0.025,0.01675,0.185125,0,0.470875,0.325125,0.12625,4.509,136.5,3539.62,1
0.176577,0.0845345,0.287237,0,0.201321,0.0656757,0.154024,0.110511,0.0152853,0.200511,0.102943,0.641652,0.0562763,0.0105405,0.0203003,0.197117,0.0870871,0.18045,1.5527,0.0147447,1.12123,0,0.0354955,0.0832733,0.776817,0.36,0.200631,0.241832,0.106276,0.192673,0.0842342,0.0540541,0.211682,0.0540541,0.193453,0.0945045,0.186066,0.00804805,0.114715,0.0690691,0.0267568,0.157027,0.0464565,0.0886787,0.229069,0.276306,0,0.022973,0.0125766,0.142267,0.0101952,0.215595,0.0466787,0.106243,2.48158,12.9129,56.6937,0.318318
0.123214,0.0646429,0.273571,0,0.293214,0.0839286,0.0517857,0.0835714,0.343929,0.550357,0.0925,0.590357,0.203214,0.0914286,0.119286,0.384286,0.0664286,0.3925,1.48107,0.2325,1.05179,0.264286,0.0907143,0.13,0.413571,0.175,0.0153571,0.0317857,0.00321429,0.0246429,0.0214286,0.00321429,0.103929,0.00321429,0.0303571,0.0325,0.174643,0,0.00928571,0.0807143,0.0214286,0.035,0.0107143,0.0117857,0.0589286,0.0842857,0.035,0.0821429,0.0371786,0.157179,0.0177143,0.284571,0.174071,0.0541071,4.70786,73.6786,1144,0.642857
0.0787255,0.0427451,0.31402,0.00852941,0.272941,0.155882,0.0520588,0.102647,0.0995098,0.190294,0.0329412,0.509608,0.0801961,0.0523529,0.0210784,0.21098,0.164608,0.182843,1.35863,0.101667,0.739118,0,0.0564706,0.0944118,0.80098,0.434118,0.14902,0.136471,0.104804,0.104706,0.0859804,0.0345098,0.144804,0.0345098,0.0982353,0.133235,0.186078,0.00137255,0.0622549,0.0658824,0.0189216,0.0256863,0.0872549,0.0917647,0.182059,0.118529,0.0106863,0.0426471,0.0296569,0.204029,0.0293725,0.115039,0.0349608,0.0339608,2.27072,16.4804,198.049,0.382353
0.280263,0.194211,0.422632,0,0.525789,0.267895,0.126316,0.202895,0.468684,0.537368,0.113947,0.697368,0.0721053,0.192895,0.190526,0.249474,0.329211,0.106579,2.00816,0.257105,1.40579,0.615789,0.0878947,0.387895,0.170526,0.0907895,0.0184211,0.0115789,0.00394737,0.00394737,0.0115789,0.00394737,0.0881579,0.00394737,0.0115789,0.0357895,0.0634211,0.0139474,0.0123684,0.0413158,0,0.204737,0.0115789,0.0165789,0.0847368,0,0.00236842,0,0.0181579,0.140132,0.0123684,0.357737,0.169816,0.0655,4.96337,103.632,628.842,0.763158
0.37,0.75,1.13,0,0.37,0,0,0.37,0.37,1.885,0.37,2.645,0,0.37,0,0.37,0,0,2.265,0,4.53,0,0.37,0,0,0,0,0,0,0,0,0,0,0,0,0,0.185,0,0,0,0,0,0,0,0,0,0,0,0,0.1965,0,1.247,0.1965,0.065,60.6025,843.5,999,1
0.0942857,0.0914286,0.227143,0,0.0971429,0.0928571,0.0542857,0.08,0.0842857,0.258571,0.06,0.287143,0.174286,0.0242857,0.0542857,0.138571,0.0671429,0.142857,1.21286,0.00571429,0.55,0,0.13,0.115714,1.99429,0.11,0.00285714,0,0.00285714,0.0471429,0,0,0.0785714,0,0.0342857,0.124286,0.144286,0.00285714,0.04,0.0457143,0.05,0.0142857,0.0142857,0.0571429,0.0557143,0.21,0,0.127143,0.0321429,0.131429,0.00628571,0.175,0.0868571,0.0161429,5.411,75.1429,2031.14,0.285714
0.087013,0.0754545,0.314805,0.00837662,0.390195,0.226104,0.139156,0.153701,0.0305844,0.255065,0.0388961,0.543312,0.100844,0.00902597,0.0135714,0.260974,0.12013,0.18,1.67539,0.0111688,1.19539,0.00441558,0.121623,0.105844,0.560909,0.390649,0.226948,0.183831,0.107597,0.140844,0.0744156,0.0570779,0.0954545,0.0609091,0.136818,0.122273,0.128766,0.00149351,0.08,0.0677273,0.0515584,0.0450649,0.0797403,0.0295455,0.272987,0.111948,0.0109091,0.00922078,0.0295519,0.16426,0.0283312,0.207201,0.0572792,0.0119156,2.26992,15.2208,138.799,0.461039
0.448889,0.264444,0.424444,0.478889,0.0555556,0.138889,0.0455556,0.214444,0.386667,0.612222,0.222222,0.843333,0.532222,1.11556,0,0.222222,0.386667,0.0411111,3.01667,0,1.32778,0,0.891111,0.372222,0,0,0,0,0,0,0,0,0,0,0,0,0.00888889,0,0,0,0,0,0,0.00333333,0.0411111,0,0.00333333,0,0.0403333,0.065,0,0.389778,0.721556,0.155222,6.89722,194,3029.44,1
0.15375,0.245625,0.625,0,0.33125,0.068125,0.099375,0.05125,0.089375,0.508125,0.2275,0.259375,0.203125,0,0.09875,0.36,0.230625,0.4875,1.03938,0.124375,0.7625,0.525625,0.0825,0.310625,0,0,0,0.046875,0,0,0,0,0.01,0.0075,0,0.011875,0,0,0,0.075625,0,0,0,0,0.04125,0,0,0,0.013625,0.0434375,0,0.539375,0.347188,0.064375,5.89931,130.188,971.125,1
0.100357,0.0742857,0.255357,0,0.300714,0.0957143,0.0428571,0.222143,0.2825,0.331429,0.0857143,0.612143,0.0864286,0.140714,0.0978571,0.0835714,0.209286,0.213214,1.21286,0.166786,0.703214,0.859643,0.120357,0.0878571,1.10536,0.3025,0.0225,0.0446429,0.0185714,0.0467857,0.0557143,0.00678571,0.254643,0.00321429,0.0632143,0.0596429,0.194286,0,0.0435714,0.0296429,0.00464286,0.0142857,0.00321429,0.00357143,0.0303571,0.00214286,0.00214286,0.0707143,0.0885357,0.121286,0.0453929,0.145571,0.10575,0.0894286,3.77361,43.5,880.75,0.392857
0,0.473333,1.05167,0,0.58,0.291667,0.22,0.181667,0.453333,0.658333,0.295,0.843333,0,0.241667,0,0.575,0.291667,0.265,1.99333,0.03,1.72667,0,0.163333,0.2,0,0,0,0,0,0,0,0,0.0533333,0,0,0,0.545,0.06,0,0,0,0,0.03,0,0.181667,0,0,0,0,0.1755,0.0248333,0.791667,0.261167,0.0496667,12.7788,373.667,749.5,1
0.20102,0.121837,0.532041,0.037551,0.294286,0.094898,0.145714,0.240408,0.187143,0.331429,0.0942857,0.437347,0.0530612,0.00612245,0.0193878,0.481224,0.424898,0.255714,2.14469,0.337143,1.4,0.458163,0.124286,0.16449,0.0969388,0.0518367,0.00408163,0.0277551,0.0153061,0.0187755,0.0138776,0.00408163,0,0.0102041,0.0342857,0.00408163,0.0712245,0.0177551,0.00918367,0.0773469,0,0.0271429,0.00571429,0.0187755,0.163061,0.0316327,0.0283673,0.0289796,0.0193878,0.144653,0.0117143,0.475122,0.334694,0.305367,5.03663,68.0816,333.918,0.77551
0.0867857,0.603571,0.304643,0,1.03607,0.147143,0.751786,0.0971429,0.085,0.445,0.0392857,0.686071,0.178571,0.0557143,0,0.811786,1.82607,0.0582143,2.12536,0.308214,1.35321,0,0,0.0614286,0,0,0,0,0,0.0346429,0,0,0,0,0,0.0614286,0.166429,0.0557143,0,0.0121429,0,0,0,0,0.0121429,0,0,0,0,0.15625,0,0.792607,0.156857,0.04075,8.68646,132.321,182.25,0.892857
0.3325,0,1.6725,0,1.0025,0,0.1625,0,0.6675,1.1675,0,0,0,0,0,0,0,0,0.3325,1.0025,0.6675,0,0,0,0.3325,0,0,0,0,0,0,0,0,0,0,0,0,0,0,0,0,0,0,0,0,0,0,0,0,0,0,0.87825,0.103,0,390.375,1235.5,1339.75,1
0.485,0.291667,0.446667,0,0.0616667,0.145,0.0383333,0.25,0.423333,0.768333,0.243333,0.936667,0.601667,1.17333,0.00333333,0.156667,0.385,0.0133333,3.28167,0,1.48833,0,1.04,0.4,0,0,0,0,0,0,0,0,0,0,0,0,0,0,0,0,0,0,0.00333333,0,0.0333333,0,0,0,0,0.0623333,0,0.346167,0.777333,0.149,5.98317,195,3217.5,1
0.052,0.064,0.102,0,0.118,0.038,0,0.018,0.044,0.072,0,0.366,0.028,0.048,0.004,0.096,0.058,0.034,0.43,0.018,0.608,0,0.054,0.074,0.096,0.098,0.018,0.006,0.002,0,0,0,0.734,0,0,0.046,0.452,0,0,0.018,0.038,0.028,0.014,0.032,0.012,0.054,0.012,0.08,0.0594,0.1494,0.0122,0.0074,0.0278,0.001,2.2438,67.8,3171.2,0.4
0.5,0.25,0.42,0,0.08,0.23,0.02,0.35,0.35,0.69,0.21,0.9,0.5,0.92,0.02,0.33,0.42,0.02,3.05,0,1.43,0,0.94,0.46,0,0,0,0,0,0,0,0,0,0,0,0,0,0,0,0.02,0,0,0,0,0.02,0,0.02,0,0,0.069,0,0.325,0.523,0.124,6.723,445,4128,1
0.29,0.04,0.04,0,0.14,0.04,0,0.29,0.29,0.94,0.14,0.04,0.14,0,0.19,0.04,0.39,0.19,1.6,0.04,0.79,9.53,0.69,0.47,0,0,0,0,0,0,0,0,0,0,0,0.04,0,0,0.04,0,0,0,0,0,0.19,0,0,0,1.117,0.053,0,0.356,0.09,0.011,12.332,1171,9163,1
0.103929,0.0817857,0.408929,0,0.3975,0.161429,0.221786,0.229643,0.0610714,0.143571,0.159464,0.513571,0.159643,0.0494643,0.0392857,0.274464,0.143571,0.20125,1.86036,0.256607,1.22143,0.0485714,0.219286,0.109464,0.457679,0.24875,0.0467857,0.11,0.0183929,0.0716071,0.0223214,0.0183929,0.0160714,0.0183929,0.102321,0.132857,0.204821,0.00982143,0.0657143,0.08125,0.00553571,0.02375,0.0142857,0.01,0.113571,0.0307143,0,0.0442857,0.015125,0.0885179,0.00508929,0.279839,0.146304,0.0487857,3.44186,46.125,182.625,0.625
0.137045,0.0570455,0.530227,0,0.3375,0.135909,0.0747727,0.136364,0.173636,0.357955,0.0834091,0.786818,0.104773,0.0913636,0.0347727,0.235,0.145,0.186136,2.04182,0.136591,1.54341,0,0.259545,0.133636,0.254091,0.108409,0,0.0245455,0,0.0122727,0.00363636,0,0.0275,0.00431818,0.0309091,0.0347727,0.100682,0,0.04,0.00181818,0,0.0406818,0.0122727,0.00772727,0.128182,0,0.00613636,0.00636364,0.0158409,0.166,0.0181818,0.448727,0.0777045,0.0258636,5.61073,90.6591,542.841,0.840909
0.186944,0.183611,0.293333,0,0.162778,0.095,0.0133333,0.0941667,0.327778,0.268056,0.0563889,0.710833,0.221667,0.0286111,0.0880556,0.160556,0.125278,0.184722,1.20278,0.0586111,0.640833,0,0.0905556,0.235556,1.33861,0.275,0.0336111,0.0075,0.0163889,0.0427778,0.0075,0.0075,0.119167,0.0075,0.0236111,0.108889,0.17,0,0.0175,0.0466667,0.0486111,0.0172222,0.0375,0.00333333,0.035,0.113056,0.0127778,0.0441667,0.134778,0.170222,0.0143611,0.539417,0.141778,0.0116944,3.74214,48.8333,697.722,0.416667
0.353333,0,1.76667,0,1.06,0,0,0,0.58,0.806667,0,0,0,0,0,0,0,0,0.353333,0.933333,0.453333,0,0,0,0.353333,0,0,0,0,0,0,0,0,0,0,0,0,0,0,0,0,0,0,0,0,0,0,0,0,0,0,0.936333,0.09,0,640,1279,1280,1
0.107696,0.111409,0.261355,0,0.225908,0.0643089,0.122818,0.0425745,0.0409214,0.256721,0.0343089,0.530705,0.101084,0.0565583,0.014065,0.274986,0.0749594,0.123144,1.81084,0.0108672,0.617398,0,0.0471003,0.0485095,0.639268,0.409892,0.39645,0.214797,0.170244,0.204472,0.149024,0.111301,0.112791,0.111301,0.195637,0.18981,0.203442,0.00512195,0.215908,0.117127,0.0830352,0.191382,0.0601897,0.147967,0.377073,0.179783,0.00276423,0.0373442,0.0152168,0.16474,0.0151897,0.20478,0.0579431,0.0115257,2.11702,9.61518,40.3848,0.219512
0.35,0.229091,0.356364,0.0863636,0.350909,0.368182,0.133636,0.214545,0.404545,0.705455,0.241818,0.562727,0.344545,0.03,0.513636,0.0936364,0.214545,0.492727,1.98182,0.195455,1.35364,0.0154545,0.473636,0.351818,0.848182,0.357273,0.0218182,0,0,0.0663636,0,0,0.0936364,0,0.0654545,0.0218182,0,0.0454545,0.0218182,0.0663636,0,0.0663636,0.0145455,0.0445455,0.0363636,0.13,0,0,0.00109091,0.191727,0,0.565364,0.240273,0.0527273,8.42273,263,732.909,0.909091
0.310909,0.333636,0.270909,0,0.274545,0.0572727,0.0563636,0.120909,0.527273,0.523636,0.239091,0.629091,0.393636,0.872727,0.0218182,0.19,0.313636,0.0390909,2.65455,0.0181818,1.29727,0,0.310909,0.377273,0.0481818,0.05,0.000909091,0,0,0,0,0,0.0454545,0,0.000909091,0.00454545,0.0590909,0.00363636,0,0,0,0,0.000909091,0,0.0372727,0,0.00454545,0,0.0283636,0.0888182,0.00872727,0.336364,0.390182,0.0988182,5.144,110.273,2249.91,0.909091
0.183333,1.10333,0.59,0,0.583333,0.33,0.1,0.266667,0.573333,1.16,0.316667,0.826667,0.196667,0,0.486667,0,0.66,0.93,2.22667,1.48,1.91,0,0.266667,0.36,0,0,0,0,0,0,0,0,0.05,0,0.0433333,0,0,0,0,0,0,0,0.163333,0,0,0,0,0,0,0.147333,0,0.356,0.189,0.0283333,12.7603,466.667,1171,1
0.468571,0.942857,0.942857,0,0.468571,0,0,0.468571,0,1.89,0,2.36286,0,0.605714,0,0.468571,0,0,1.89,0,5.27143,0,0,0,0,0,0,0,0,0,0,0,0,0,0,0,0,0,0,0,0,0,0,0,0,0,0,0,0,0.253,0,1.68886,0.180286,0.0841429,56.0351,635.429,742.714,1
0.03875,0.5,0.338438,1.25406,0.5925,0.266563,0.871563,0.0415625,0.227812,0.418438,0.0459375,0.5875,0.0390625,0.02,0.0459375,0.177187,0.035625,0.504062,2.2425,0.129687,1.24625,0.0853125,0.0175,0.0734375,0.093125,0,0.161875,0.0440625,0,0,0.029375,0,0,0,0.0534375,0.0225,0.01375,0,0.0646875,0.020625,0,0,0.0290625,0.00875,0.248438,0.0171875,0,0,0.004875,0.12625,0.011625,0.445281,0.0434063,0.0625937,11.2945,134.469,382.125,0.78125
0.0931461,0.123034,0.320449,0.0119101,0.396067,0.106517,0.113146,0.168652,0.042809,0.338989,0.0688764,0.621124,0.203933,0.00966292,0.0879775,0.217528,0.160899,0.302022,1.44753,0.0276404,0.918539,0.0460674,0.143146,0.0810112,0.546404,0.296404,0.179101,0.143933,0.104157,0.153258,0.0530337,0.0530337,0.068764,0.0530337,0.0897753,0.0824719,0.238652,0.0178652,0.0786517,0.0975281,0.0179775,0.0392135,0.078764,0.0683146,0.106742,0.0358427,0,0.0266292,0.0280449,0.169135,0.0174831,0.190169,0.0907528,0.0154831,3.08601,28.8764,235.607,0.539326
0.0920264,0.13163,0.249427,0,0.348899,0.0871366,0.126652,0.135198,0.0533921,0.245066,0.0743172,0.610881,0.0593392,0.051674,0.0638767,0.332379,0.123744,0.194141,1.6896,0.0313216,0.825947,0.0296035,0.0975771,0.0784141,0.68163,0.45207,0.262996,0.275374,0.0982379,0.140352,0.0839207,0.0950661,0.115198,0.0950661,0.124802,0.183392,0.143216,0.00704846,0.114802,0.0754626,0.0315859,0.0574009,0.0977974,0.130088,0.21511,0.212467,0.0102203,0.0251542,0.0170529,0.153855,0.0175947,0.22367,0.0451101,0.0413304,2.26047,13.4053,94.2643,0.356828
0.0766667,0.0611111,0.185556,0,0.0311111,0.0233333,0,0.0477778,0.0433333,0.0933333,0.0477778,0.507778,0.0166667,0.0288889,0.00222222,0.0211111,0.0433333,0.113333,0.325556,0.0211111,0.187778,0.393333,0,0,0.281111,0.11,0.01,0.00888889,0.0144444,0.0511111,0.04,0,0.282222,0,0.0144444,0.0966667,0.294444,0.0177778,0.0355556,0.0188889,0.06,0.00777778,0.0177778,0.0377778,0.0166667,0.257778,0.00555556,0.04,0.099,0.178889,0.0476667,0.0228889,0.00177778,0.0247778,2.93811,73.5556,1794.22,0
0,0.08,0.25,0,0.84,0.25,0.08,0.33,0,0.16,0.08,0.76,0,0.08,0,1.605,0.76,0.33,1.56,0.33,0.5,0.84,0.42,0.08,0,0,0,0,0,0,0,0,0,0,0,0.25,0.08,0,0,0.08,0,0,0,0,0,0,0,0,0,0.047,0.015,0.51,0.157,0.3295,7.2585,292,2047,1
0.102368,0.116316,0.361447,0.00763158,0.550921,0.115132,0.112237,0.125526,0.0732895,0.266974,0.0757895,0.604342,0.0642105,0.0106579,0,0.321184,0.318421,0.288816,1.98618,0.135,1.01711,0.0493421,0.217895,0.0818421,0.245526,0.0768421,0.0364474,0.0314474,0.00513158,0.0477632,0.00513158,0.00921053,0.0282895,0.0134211,0.0453947,0.0815789,0.0905263,0,0.0194737,0.0481579,0,0.0211842,0.0193421,0.00763158,0.236711,0.296053,0,0.0281579,0.0103684,0.105789,0.00932895,0.343605,0.128776,0.0527895,4.19904,66.0658,263.395,0.684211
0.132143,0.0828571,0.28,0,0.256429,0.103571,0.035,0.14,0.285714,0.418571,0.07,0.499286,0.122143,0.0414286,0.0885714,0.124286,0.111429,0.189286,1.495,0.0171429,0.847143,1.06786,0.287143,0.227857,0.304286,0.202143,0.0185714,0.00857143,0.0135714,0.00571429,0.00857143,0,0.112143,0,0.00285714,0.0692857,0.085,0,0.00785714,0.0171429,0.005,0,0,0.0192857,0.0221429,0,0,0.00571429,0.0702857,0.119357,0.0499286,0.194857,0.207857,0.1155,6.11457,102.643,1451.79,0.571429
0.141493,0.0626866,0.214478,0.0144776,0.247612,0.118358,0.0535821,0.108955,0.0444776,0.229403,0.0347761,0.509701,0.11,0.0474627,0.00134328,0.115522,0.168507,0.102537,1.24209,0.117313,0.421045,0.908806,0.161194,0.061194,1.1397,0.421642,0.124328,0.0546269,0.0502985,0.0641791,0.0397015,0.0189552,0.101045,0.0189552,0.0470149,0.0873134,0.334478,0.00283582,0.0152239,0.0189552,0.0738806,0.0370149,0.0573134,0.0308955,0.105672,0.374179,0,0.0132836,0.363761,0.191955,0.0270448,0.137567,0.0770299,0.0700149,3.29055,26.2239,316.194,0.373134
0.0647826,0.149891,0.315326,0.0126087,0.568913,0.155435,0.26413,0.104348,0.0559783,0.220978,0.123261,0.586087,0.0773913,0,0.140543,0.319239,0.26163,0.33663,1.96652,0.308043,1.07283,0.0988043,0.212391,0.106304,0.280435,0.13587,0.105217,0.114891,0.0252174,0.116739,0.0252174,0.0252174,0.0429348,0.0398913,0.0620652,0.0545652,0.0742391,0,0.12,0.0763043,0.0143478,0.0309783,0.00391304,0.0209783,0.202065,0.145435,0,0.00358696,0.0028587,0.121043,0.00156522,0.311609,0.0588804,0.0279783,5.25743,55.2935,135.641,0.641304
0.108125,0.0703125,0.259063,0.0034375,0.20375,0.0828125,0.029375,0.207812,0.137187,0.18375,0.136875,0.695937,0.0675,0.0071875,0.01625,0.148125,0.465,0.0496875,0.996562,0.255937,0.860312,0.25,0.038125,0.090625,1.58594,0.195937,0.0271875,0.0125,0,0.025625,0.0334375,0,0.136875,0.0034375,0.0334375,0.09125,0.201562,0.0421875,0.0153125,0.035,0.09,0.0159375,0.009375,0.02,0.024375,0.129062,0,0.02,0.253625,0.222938,0.0135313,0.253469,0.0847188,0.160719,3.27878,35.6875,611.906,0.28125
0.126667,0.214167,0.303333,0,0.465833,0.0883333,0.0158333,0.169167,0.4175,0.270833,0.0475,0.47,0.0991667,0.61,0.29,0.03,0.209167,0.323333,1.58333,0.44,1.43417,0,0.363333,0.170833,0.218333,0,0.0316667,0.0708333,0,0,0.0183333,0,0,0,0.0358333,0.0108333,0.0941667,0,0,0.0316667,0,0.689167,0.005,0.0133333,0.045,0,0,0,0.014,0.224083,0.0266667,0.25425,0.251833,0.0710833,5.09183,138.583,723.667,0.416667
0.1275,0.114167,0.235,0.0175,0.26,0.0666667,0.0383333,0.0333333,0.241667,0.121667,0.1,0.4825,0.07,0.0108333,0.0125,0.0975,0.143333,0.1225,1.32,0.249167,0.6125,0.901667,0.1875,0.1625,0.210833,0.145833,0.0116667,0.00416667,0,0.0191667,0,0,0.0633333,0.0108333,0.00666667,0.16,0.284167,0.00666667,0.0133333,0.00666667,0,0,0.00666667,0.0183333,0.0283333,0.0608333,0.005,0.0416667,0.041,0.149,0.0604167,0.147583,0.216417,0.133333,5.39858,89.8333,1601.5,0.5
0.185,0.095,0.805,0,0.76,0.455,0,0.33,0.625,0.385,0.125,0.625,0.27,0,1.33,0.04,0.095,1.28,1.805,0.27,0.595,0,0.84,0.38,0,0,0,0,0,0,0,0,0,0,0.045,0,0,0,0,0.08,0,0,0.08,0,0.04,0.04,0,0,0.006,0.0675,0,0.4625,0.154,0.023,11.692,680,1761.5,1
0.0916129,0.0587097,0.124194,0,0.169355,0.0525806,0.0290323,0.21,0.151935,0.0806452,0.0112903,0.679677,0.126129,0.143871,0,0.0751613,0.240968,0.0567742,0.592903,0.0593548,0.986774,0,0.139677,0.0719355,1.40387,0.154839,0.00967742,0,0.026129,0.0274194,0,0,0.130323,0,0,0.110323,0.257419,0.0190323,0.00354839,0.0212903,0.173871,0.104194,0.00354839,0.0241935,0.0306452,0.708387,0,0.0109677,0.0613548,0.146645,0.0180968,0.0614516,0.0573871,0.0146452,3.23506,34.1613,564.903,0.354839
0.3375,0,0.195,0,0.35875,0.09,1.05375,0.16375,0.16375,0.3,0,0.36375,0.16375,0,0,0.1675,0.6225,0.1825,2.0475,0.16375,2.75625,0,0.14875,0.37875,0,0,0,0,0,0,0,0,0,0,0,0,0,0,0,0,0,0,0,0,0.155,0,0,0,0,0.107125,0,0.496125,0.434875,0,18.3211,187.625,265.125,1
0.52,0.34,0.4,0,0.14,0.17,0.05,0.14,0.46,0.52,0.31,0.89,0.4,1.16,0.05,0.11,0.23,0.11,2.9,0,1.1,0,0.63,0.52,0,0,0,0,0,0,0,0,0,0,0,0,0,0,0,0,0,0,0,0,0.08,0,0,0,0,0.073,0,0.363,0.535,0.132,6.171,159,2771,1
0.125192,0.216923,0.500192,0,0.494038,0.115577,0.357692,0.145962,0.0890385,0.424423,0.116346,0.513269,0.158654,0.0392308,0.0823077,0.371923,0.2475,0.314231,2.22442,0.145385,1.15519,0.0313462,0.424808,0.0636538,0.137692,0.0778846,0,0.138654,0,0.0632692,0.00769231,0,0.397692,0,0.135769,0.0121154,0.0930769,0,0,0.111538,0,0.0651923,0.01,0.0176923,0.129808,0.0917308,0,0,0.00992308,0.0843846,0.00117308,0.627808,0.13025,0.0171154,5.66275,73.4231,197.885,0.730769
0.10587,0.0882609,0.157826,0.272826,0.324783,0.111522,0.0680435,0.119348,0.277391,0.312609,0.0706522,0.664565,0.0758696,0.0513043,0.0182609,0.170435,0.182174,0.1,1.22043,0.0630435,0.608696,0.676957,0.138478,0.0678261,0.642609,0.301304,0.0284783,0.0271739,0.0254348,0.0454348,0.00195652,0,0.167826,0,0.0291304,0.0728261,0.149348,0.0191304,0.0306522,0.0123913,0.0432609,0.0715217,0.00695652,0.0223913,0.0430435,0.177609,0.0497826,0.0358696,0.0553478,0.157848,0.0214783,0.123022,0.0636957,0.0907174,3.72137,40.6304,510.891,0.5
0.04,0.0275,0.1425,0,0.1275,0.045,0,0.0375,0.03,0.095,0.0075,0.385,0.03,0.0175,0.005,0.03,0.19,0.145,0.2175,0.0025,0.125,0.0725,0.01,0,0,0,0.0075,0.01,0.01,0,0,0,1.4625,0,0,0.1225,0.9175,0.005,0.0125,0.035,0.08,0.025,0.0275,0.0225,0.0175,0.2875,0.0175,0.305,0.02525,0.1615,0.00225,0.01375,0.011,0.0055,2.21175,57.25,2997.5,0
0,0,0,0,0,0,0,0,0,0,0,0,0,0,0,0.58,0,0,0,0,0,0,0,0,0,0,1.46,0.29,0,0.58,0,0,0,0,0,0,0.58,0,0,0,0,0,0,0,0,0,0,0,0,0.018,0,0,0,0,251,1488,1506,0
0.185,0.135,0.3,0.03,0.625,0.235,0.065,0.675,0.185,0.285,0.1,0.78,0.305,0.22,0.1,1.225,0.63,0.37,2.345,0.265,0.985,0.46,0.39,0.405,0,0,0,0,0,0,0,0,0,0,0,0.15,0.05,0,0,0.065,0,0,0,0,0.015,0,0,0,0.0055,0.0445,0.0435,0.4485,0.149,0.17,5.761,232,1922.5,1
0.35,0.08,0.35,0,0.35,0,0,0.52,0.61,1.76,0.17,0.26,0.79,0,0.26,0,0.7,0.35,2.64,0,2.03,0,0.61,0.7,0,0,0,0,0,0,0,0,0,0,0,0.08,0,0,0.08,0.17,0,0,0,0,0.17,0,0,0,0,0.081,0,0.556,0.069,0.011,19.234,1170,3116,1
0.0842308,0.145385,0.857692,0,0.779231,0.898846,0.372308,0.0892308,0.700385,0.115385,0.233846,0.648462,0.236923,0,1.77885,0.149231,0.0492308,1.00962,1.41808,0.18,0.596154,0,0.693077,0.0953846,0.00346154,0.00346154,0,0,0,0,0,0,0,0,0,0,0,0,0,0.0307692,0,0,0.18,0.0307692,0.0838462,0.0838462,0,0,0.00688462,0.0931923,0,0.428769,0.1355,0.0140769,8.81904,673.731,1372.23,1
0.0372727,0.298182,0.580909,0.127273,0.101818,0.0372727,0.430909,0,0.0490909,0.609091,0.155455,0.780909,0.0509091,0.12,0,1.17727,0.170909,0.0345455,2.38545,0,1.24727,0,0.0745455,0.08,0.0490909,0.0727273,0.0263636,0.0527273,0,0,0,0,0,0.0263636,0.0527273,0.0209091,0.0554545,0,0,0,0,0,0,0,0.163636,0,0,0,0.0263636,0.0713636,0,0.593636,0.222273,0.0770909,14.0194,342.091,542.636,0.818182
0.225714,0.128571,0.182857,0,0.0728571,0.0728571,0.0328571,0.0685714,0.194286,0.23,0.107143,0.5,0.175714,0.541429,0.0442857,0.08,0.18,0.155714,1.43,0.00142857,0.491429,0.182857,0.4,0.242857,0.561429,0.335714,0.0157143,0,0.00285714,0.0242857,0,0,0.485714,0,0,0.0342857,0.208571,0.00714286,0.0242857,0.00285714,0.0185714,0.00428571,0.00142857,0.03,0.0728571,0.0471429,0.01,0.0142857,0.0548571,0.124143,0.0191429,0.135429,0.110429,0.0838571,7.99914,133.571,3321,0.714286
0,0.25,0.41,0,0.39,0,0.505,0.285,0,0.38,0.38,0.39,0.125,0,0,0.915,0.7,0.125,1.315,1.155,1.64,0,0,0,0,0,0,0,0,0,0,0,0,0,0,0,0,0,0,0,0,0,0,0,0.125,0,0,0,0,0.08,0,0.668,0.0955,0.171,10.3535,468,634,1
0.0565625,0.0808333,0.181146,0,0.259688,0.0765625,0.210208,0.043125,0.0607292,0.23875,0.0172917,0.396458,0.180938,0.0504167,0,0.748437,0.0352083,0.264271,2.54188,0.124896,1.10771,0.0672917,0.0111458,0.15125,0.215,0.0978125,0.0270833,0.0433333,0,0,0,0,0.0141667,0,0.015625,0.0298958,0.0141667,0,0,0.0205208,0,0.09125,0.00729167,0.035,0.319062,0.319271,0,0,0.0108021,0.0450104,0.00202083,0.46026,0.0413333,0.240198,5.38747,48.8438,87.8125,0.489583
0,0,0,0,0,0,0,0,0,0,0,0,0,0,0,0,0,0,0,0,0,0,0,0,0,0,0,0,0,0,0,0,0,0,20,0,0,0,0,0,0,0,0,0,0,0,0,0,0,0,0,0,0,0,2.5,7,10,0
0.0839007,0.180851,0.274113,0.00574468,0.400851,0.166383,0.117589,0.0602128,0.0529787,0.247447,0.0353191,0.59234,0.0707801,0.00375887,0.0109929,0.19617,0.123901,0.179362,1.41624,0.0304255,0.866738,0.00879433,0.106879,0.0752482,0.668298,0.348936,0.250142,0.151844,0.12227,0.135887,0.0737589,0.0826241,0.10922,0.0826241,0.121489,0.106596,0.240567,0,0.132057,0.0875887,0.141844,0.0720567,0.127872,0.0287234,0.234681,0.263191,0.00758865,0.0258865,0.0541631,0.166135,0.0257518,0.179333,0.0680142,0.0144894,2.65723,19.3121,163.128,0.425532
0.363333,0.336667,1.26667,0,1.21,0,0.11,0,0.253333,0.253333,0.223333,0.223333,0.11,0,0,0.336667,0,0.56,1.04,0.506667,1.23667,0,0,0,0.253333,0,0,0,0,0,0,0,0,0,0,0,0,0,0,0,0,0,0,0,0,0,0,0,0,0.04,0,0.691,0.0593333,0,261.167,1122.33,1173.67,1
0.0635,0.1225,0.348,0,0.5015,0.0425,0.351,0.143,0.0265,0.2045,0.0125,0.9105,0.112,0,0.012,0.832,0.432,0.1985,1.897,0.012,1.133,0,0.14,0.052,0.146,0.025,0.315,0,0.025,0.0125,0.315,0,0,0.0215,0.07,0,0.0575,0,0,0.95,0,0.01,0,0,0.103,0,0,0.05,0.02285,0.24485,0.0297,0.23405,0.07145,0.004,13.4848,202.5,423.05,0.4
0.146786,0.118929,0.305,0,0.65125,0.147143,0.0539286,0.0866071,0.158571,0.218571,0.136071,0.780714,0.181786,0.0548214,0.0817857,0.144464,0.298571,0.195714,2.20179,0.119286,0.881071,0.901964,0.291964,0.179464,0.354107,0.0767857,0.0114286,0.0192857,0.00678571,0.00482143,0.0146429,0.0201786,0.0708929,0.00589286,0.0198214,0.0798214,0.0725,0.00803571,0.00928571,0.005,0.0232143,0.0521429,0.0133929,0.00339286,0.0330357,0.0575,0.0157143,0.0142857,0.0782679,0.0971786,0.00467857,0.153554,0.085875,0.0866786,3.23363,35.7143,466,0.678571
0,0,0,0,0,0,0,0,0,0,0,0,0,0,0,0.325203,0,0,0,0,0,0,0,0,0.0903252,0.116098,20.068,0,0,0,0,0,0,0,0,0,0,0,0,0,0,0.18065,0,0,0.0541463,0,0,0,0,0.0285203,0,0.00934146,0,0,1.20634,1.6748,5.45528,0
0.0406667,0.0613333,0.197333,0,0.0926667,0.038,0.032,0.0553333,0.208667,0.092,0.0746667,0.333333,0.0173333,0.078,0.012,0.129333,0.0726667,0.0673333,1.114,0.462,0.734667,1.06,0.0406667,0.004,0.705333,0.36,0.036,0.026,0.00733333,0.028,0.046,0,0.058,0,0.342667,0.014,0.210667,0.00266667,0.014,0.006,0,0.0626667,0,0.0226667,0.0606667,0.008,0.008,0.008,0.0333333,0.270667,0.0166667,0.150333,0.0892,0.111533,4.3966,43.2667,1282.53,0.4
0.0453133,0.0391228,0.266015,0,0.259248,0.0337845,0.047218,0.043183,0.0229574,0.12208,0.0159148,0.731729,0.0686216,0.0618296,0.00591479,0.156241,0.0337845,0.147393,1.83073,0.0199248,0.452657,0,0.0168922,0.0933835,1.19391,0.452381,0.465113,0.24802,0.31203,0.265338,0.20604,0.166516,0.0498997,0.166516,0.235238,0.205739,0.131704,0.0270677,0.0775689,0.174486,0.0924812,0.284486,0.0178195,0.113108,0.470175,0.164336,0,0.0466917,0.0347043,0.162569,0.0118747,0.177195,0.018203,0.0145263,1.89528,6.6015,25.193,0.145363
0.232727,0.121818,0.469091,6.44727,0.875455,0.179091,0.233636,0.370909,0,0.27,0.108182,0.7,0.167273,0.188182,0,0.656364,1.10364,0.791818,1.96636,0.237273,2.27909,0,0.0290909,0.367273,0,0,0,0,0,0,0,0,0,0,0,0.0627273,0.0145455,0,0,0,0,0,0,0,0.0145455,0.0145455,0,0,0,0.0562727,0,0.559455,0.124818,0.0166364,5.77318,122.273,218.636,0.909091
0,0,0.46,0,0,0,0,0.15,0,0,0,0.15,0,0,0,0,0,0.46,0.93,0,0,0,0.46,0,0,0,0,0,0,0,0,0,0,0,0,0.15,0,0,0,0.93,0,0,0,0,0,0,0,0,0.071,0.071,0,0.095,0.023,0,62.75,1505,2761,1
0.4325,0.33,0.645,0,0.1975,0.065,0.0225,0.0675,0.44,0.6775,0.2625,0.815,0.3975,0.8925,0.0225,0.1825,0.3225,0,3.1875,0,1.3975,0,0.2875,0.5375,0,0,0,0,0,0,0,0,0,0,0,0,0,0,0,0,0,0,0,0,0.0725,0,0,0,0.00275,0.07625,0,0.40625,0.89675,0.09325,7.71275,275.25,2262.25,1
0.2,0.81,0.61,0,0,0,0,0,0.2,0,0,0.4,0,0,0,0.2,0,0,0.2,0,0.2,0,0,0.4,0,0,0,0,0,0,0,0,0,0,0,0,0,0,0,0,0,0,0,0,0,0,0,0,0,0,0,0.831,0.338,0.03,1102.5,2204,2205,1
0,0,0.15,0,0.13,0.03,0,0.08,0,0.06,0.03,0.64,0.08,0.01,0,0.05,0.22,0.01,0.15,0.03,0.33,0,0,0,0,0,0.01,0,0.03,0.01,0,0,1.33,0,0,0.1,0.76,0,0.01,0.05,0.06,0.03,0,0.05,0,0.1,0,0.37,0.024,0.254,0.002,0.002,0.007,0,2.128,36,3467,0
0.5275,0.7725,0.6775,0,0.4325,0.095,0,0.3375,0,1.4525,0,2.0825,0,0.4525,0,0.3375,0,0,1.8375,0,4.62,0.095,0,0,0,0,0,0,0,0,0,0,0,0,0,0,0,0,0,0,0,0,0,0,0,0,0,0,0,0.214,0,1.2535,0.16275,0.07625,72.1147,714.25,803,1
0.2,0.166667,0.881667,0,0.596667,0.545,0.395,0.29,0.591667,0.516667,0.165,0.766667,0.271667,0,0.961667,0.18,0.4,1.25,2.015,0.223333,0.916667,0.963333,0.575,0.361667,0,0,0,0,0,0,0,0,0.035,0,0.0333333,0,0,0,0,0.0133333,0,0,0.06,0,0.0433333,0.03,0,0,0,0.0503333,0.0125,0.410333,0.161667,0.123833,17.5752,656.5,1509.17,1
0.127925,0.103585,0.362075,0.00792453,0.325472,0.111321,0.0750943,0.105094,0.0667925,0.317547,0.126415,0.482453,0.149623,0.0475472,0.118113,0.286981,0.158679,0.212453,1.26019,0.103585,0.676981,0.711698,0.240566,0.0577358,0.549057,0.245472,0.125094,0.16434,0.0703774,0.075283,0.0918868,0.0366038,0.0624528,0.0366038,0.080566,0.0867925,0.141132,0.0309434,0.0798113,0.0807547,0.0573585,0.11717,0.0358491,0.0867925,0.12,0.116792,0.0284906,0.0486792,0.334736,0.154283,0.0155094,0.201887,0.0664906,0.100151,3.37677,30.8302,373.038,0.415094
0.03,0.115,0.3865,0.026,0.2035,0.1165,0.049,0.335,0.3075,0.5425,0.12,0.426,0.088,0.038,0.2315,0.3655,0.18,0.0445,1.1205,0.106,0.7205,0,0.061,0.1255,0.707,0.225,0.0145,0.021,0.009,0.052,0.022,0,0.1305,0.0085,0.2015,0.053,0.252,0.0065,0.057,0.013,0.0365,0.0325,0.002,0.0055,0.075,0.17,0.0125,0.044,0.0625,0.2008,0.01085,0.16845,0.12465,0.05595,3.1273,45.1,962.6,0.6
0.0293103,0.225862,0.608966,0.680345,0.463448,0.191034,0.203103,0.184138,0.0175862,0.192759,0.166207,0.526207,0.09,0,0,0.447586,0.26931,0.406552,2.30379,0.564138,1.44103,0,0.141724,0.162759,0.0893103,0.106207,0.0110345,0,0.0496552,0.0496552,0,0,0.00931035,0,0.0337931,0.0651724,0.218621,0,0.102414,0.00655172,0,0,0.0462069,0.0165517,0.0968966,0.0427586,0,0.06,0.0122069,0.0797931,0.0334483,0.390138,0.0648621,0.0358276,6.40193,125.69,297.966,0.862069
0.392,0.362,0.398,0,0.364,0.062,0.038,0.174,0.58,0.566,0.316,0.652,0.538,1.006,0.374,0.192,0.352,0.212,2.734,0.064,1.18,0,0.634,0.42,0,0,0,0,0,0,0,0,0,0,0,0,0,0,0,0.012,0,0,0.024,0,0.036,0.012,0,0,0.01,0.0906,0,0.361,0.7502,0.104,7.587,565.8,2369.8,1
0,0.18,0.0985714,0,0.332857,0.195714,0.0985714,0.177143,0.03,0.45,0.06,0.244286,0.09,0.888571,0.0142857,0.222857,0.0442857,0.09,1.41143,0.06,0.771429,1.59571,0.482857,0.0914286,0.277143,0,0.135714,0,0,0,0.135714,0,0,0,0.135714,0.06,0.281429,0,0,0,0,0,0,0,0.0742857,0,0,0,0.0138571,0.0161429,0.167286,0.208571,0.172,0.208429,16.1576,267.571,1074.86,0.428571
