0,0,0,0,0.049,0,0.1135,0.0445,0,0.2535,0,1.1595,0,0.31575,0,0.472,0,0,0.54725,0.0555,0.06925,0,0,0.22725,0,0,0.2025,0.2555,0,0.147,0,0,0,0,0.147,0,0.13375,0,0.1805,0,0.975,0,0.08925,0.1295,0.2365,1.76875,0,0.08325,0,0.1513,0.03875,0.279875,0,0,2.79645,8.325,15.75,0.05
0.0538776,0.0408163,0.21,0,0.161429,0.0697959,0.0355102,0.23449,0.00673469,0.208163,0.0146939,0.587143,0.0481633,0,0.012449,0.295918,0.0785714,0.257959,0.81449,0.0408163,0.286735,0,0.0146939,0,0.540204,0.298571,0.244082,0.0689796,0.151633,0.135306,0.0379592,0,0.553469,0,0.0818367,0.122653,0.291837,0.017551,0.167551,0.0218367,0.0230612,0.125714,0.00816327,0.109592,0.0914286,0.0526531,0,0.0369388,0.0126939,0.158245,0.0266531,0.0844694,0.017102,0.0268163,1.74292,7.28571,62.0408,0.22449
0.106389,0.218611,0.581944,0.548056,0.431944,0.181667,0.268611,0.1925,0.0836111,0.240833,0.133889,0.547222,0.0963889,0,0,0.416111,0.355278,0.441389,2.28833,0.490833,1.53056,0.0238889,0.134167,0.199722,0.0558333,0.0694444,0.00888889,0,0.04,0.04,0,0,0.0075,0,0.0355556,0.0202778,0.127778,0,0.0663889,0.00527778,0,0,0.0211111,0.0211111,0.130833,0.0344444,0,0,0.0128611,0.0873056,0.0236667,0.444472,0.0706389,0.0334722,7.42831,132.528,302.5,0.888889
0.11569,0.0765517,0.254828,0,0.414828,0.0981034,0.0882759,0.0653448,0.0244828,0.132241,0.05,0.627241,0.072931,0,0,0.129655,0.178103,0.187759,1.39517,0,0.520517,0,0.0386207,0.0224138,0.79569,0.433793,0.350517,0.23569,0.110862,0.166207,0.0868966,0.0636207,0.0993103,0.0636207,0.151724,0.231552,0.202414,0.00637931,0.186552,0.0965517,0.0562069,0.0251724,0.152931,0.114138,0.30069,0.126034,0,0.0363793,0.0268448,0.144879,0.0212586,0.172828,0.0547759,0.0145517,2.01955,11.6897,110.5,0.293103
0.03375,0.0558333,0.378333,0,0.487083,0.220833,0.125,0,0.0483333,0.145417,0,0.170417,0.17625,0.0716667,0.0220833,0.3175,0.0554167,0.165833,2.05333,0.0479167,0.758333,0,0.0575,0.0545833,0.150833,0.0554167,0,0.110833,0,0.0358333,0,0,0,0,0,0.0554167,0.0279167,0,0.03375,0,0,0,0,0,0.384583,0.46875,0,0,0.001875,0.0999167,0.011375,0.0733333,0.0357083,0,3.55804,48.1667,112.208,0.458333
0,0,0.220909,0,1.13636,0,0.745455,0,0,0.309091,0,0.745455,0,0.283636,0,1.14455,0,1.08273,3.77182,0,1.03909,0,0,0,1.39818,0,0,0,0,0,0,0,0,0,0,0,0,0,0,0,0,0,0,0,0.111818,0.262727,0,0,0,0,0,1.929,0,0,8.23991,56.5455,66.1818,0.363636
0.096,0.008,0.196,0.008,0.092,0.118,0,0.058,0.058,0.188,0.074,0.082,0.072,0,0.038,0.088,0.078,0.076,0.608,0.008,0.242,1.906,0.138,0.11,0,0,0,0,0,0,0,0,0,0.028,0,0.008,0,0,0.016,0,0,0,0,0,0.038,0,0,0,0.4302,2.0094,0.009,0.3924,0.375,0.4024,57.5034,2297.8,10648.8,1
0.0545313,0.0240625,0.206719,0,0.45625,0.098125,0.0521875,0.11875,0.0432812,0.192031,0.0446875,0.697344,0.0470313,0.0134375,0.165469,0.267812,0.08,0.110625,1.27813,0.0065625,0.751406,0.0503125,0.11625,0.0710937,0.629062,0.392344,0.140469,0.326094,0.129844,0.133281,0.0696875,0.0485938,0.025,0.0485938,0.13125,0.220937,0.140156,0.025,0.0967188,0.069375,0.0389062,0.0823437,0.0759375,0.164531,0.181875,0.244375,0,0.00828125,0.0316875,0.162984,0.0173438,0.132984,0.0744219,0.005125,2.25013,10.3906,101.688,0.296875
0.0821649,0.0668041,0.325464,0.00835052,0.427423,0.271546,0.114742,0.154227,0.0365979,0.24268,0.0219588,0.521649,0.120619,0.0143299,0.00556701,0.275052,0.138557,0.177629,1.53753,0.00381443,1.38454,0,0.158144,0.166495,0.595258,0.437113,0.173918,0.140103,0.0625773,0.146804,0.0629897,0.0436082,0.081134,0.0436082,0.113093,0.0897938,0.140412,0.00237113,0.0590722,0.0534021,0.06,0.00824742,0.0824742,0.01,0.248454,0.0801031,0.0204124,0.0028866,0.0376495,0.148835,0.0252784,0.137546,0.0676186,0.00984536,2.06656,13.2371,142.784,0.484536
0.145,0.0993478,0.48913,0.00369565,0.347174,0.134565,0.0547826,0.118696,0.222826,0.349565,0.0928261,0.777174,0.141522,0.0908696,0.0391304,0.218696,0.128913,0.190652,2.1563,0.132609,1.6513,0.00369565,0.162609,0.146957,0.193478,0.0947826,0,0.0234783,0,0.0117391,0.00347826,0,0.0273913,0,0.0295652,0.028913,0.0797826,0.00913043,0.0382609,0.00173913,0,0.038913,0.0117391,0.00956522,0.112609,0,0.00586957,0.00173913,0.0168478,0.156283,0.0173913,0.402217,0.0689783,0.0289348,4.40285,81.3478,547.478,0.869565
0,0,0,0,0.438286,0,0,0,0,0,0,0,0,0,0,0,0,0,0.238,0,0,0,0,0,0,0,0,0,0,0,0,0,0,0,0,0,0,0,0,0,0,0,0,0,0,0,0,0,0,0.0701429,0.1166,0.5054,0,0,1.01429,1.02857,2.54286,0.0571429
0.273692,0.0807692,0.292,0,0.716308,0.0266154,0.133692,0.0795385,0.0195385,0.0873846,0.0146154,0.529231,0.0315385,0.0389231,0.0132308,0.506308,0.302769,0.166308,2.32015,0.00676923,1.32385,0,0.230615,0.0781538,0.0952308,0.0290769,0.088,0.0570769,0.00784615,0.0315385,0.00784615,0.0175385,0.00676923,0.0175385,0.0512308,0.0990769,0.0309231,0,0.0255385,0.0129231,0,0.0489231,0.00984615,0.0338462,0.259846,0.0410769,0,0.0438462,0.00989231,0.107815,0.00572308,0.466215,0.166446,0.00635385,3.08709,25.4308,113.554,0.830769
0.141235,0.127407,0.391481,0.0375309,0.326296,0.0982716,0.0883951,0.144074,0.189753,0.342963,0.107407,0.491852,0.119259,0.0311111,0.105432,0.30321,0.208642,0.279259,1.60012,0.19,0.974815,0.497654,0.186543,0.114074,0.375802,0.154321,0.0760494,0.108272,0.0485185,0.0517284,0.0350617,0.0264198,0.0288889,0.0264198,0.0620988,0.0722222,0.0974074,0.0471605,0.0495062,0.0990123,0.0114815,0.0883951,0.0428395,0.0138272,0.0939506,0.0517284,0.018642,0.0477778,0.21663,0.15084,0.0117037,0.304679,0.0828519,0.122321,3.66112,46.5556,372.494,0.592593
0.069697,0,0.0398485,0,0.127576,0,0,0.0890909,0,0.0290909,0,0.358485,0.0212121,0.0657576,0,0.231212,0.0431818,0.0212121,0.299242,0,0.0265152,0,0,0,0.105606,0.0398485,0.26,0,0,0,0.189394,0,0,0,0.30303,0,0,0,0.0445455,0,0,0.194697,0,1.24742,0.124242,0.0606061,0,0.227273,0.00630303,0.102015,0.0841515,0.0116515,0.0218636,0,1.56267,3.07576,8.12121,0.0151515
0.0930303,0.0419697,0.296818,0.0201515,0.192727,0.0616667,0.0618182,0.0565152,0.0178788,0.0712121,0.0404545,0.610303,0.132273,0.00348485,0.0259091,0.0721212,0.158182,0.355606,1.55909,0.00969697,0.569697,0,0,0.0280303,0.735152,0.402273,0.137424,0.237727,0.0359091,0.212121,0.0824242,0.015303,0.183333,0.015303,0.146061,0.155,0.27303,0.0154545,0.117424,0.015303,0.0801515,0.149394,0.133485,0.202879,0.157121,0.156667,0.0130303,0.0151515,0.0220455,0.179076,0.0313788,0.290758,0.0174091,0.0147727,1.83908,9.06061,68.3636,0.242424
0.103143,0.167714,0.396143,0.202143,0.299143,0.112143,0.0565714,0.204857,0.314714,0.556,0.127714,0.533,0.126571,0.0694286,0.174,0.266429,0.182571,0.337429,1.21457,0.140857,0.828857,0.701857,0.119714,0.155143,0.594286,0.151143,0.0342857,0.0311429,0.009,0.0307143,0.0197143,0.00271429,0.143,0.00542857,0.0731429,0.0411429,0.135857,0.00185714,0.0328571,0.0368571,0.0122857,0.0151429,0.00428571,0.003,0.0404286,0.0494286,0.00442857,0.0372857,0.0540857,0.116,0.0205714,0.306157,0.125571,0.0975571,4.75111,79.3286,925.186,0.671429
0.328286,0.287429,0.328857,0.00371429,0.255143,0.066,0.036,0.148857,0.435714,0.535143,0.220571,0.596857,0.371429,0.762,0.0811429,0.248571,0.340857,0.102857,2.44,0.0368571,1.1,0.048,0.403143,0.384857,0.0888571,0.0917143,0.00114286,0.000571429,0.000571429,0,0,0,0.127143,0,0.002,0.034,0.141429,0.00257143,0.00257143,0.0334286,0.00457143,0.00171429,0.00657143,0.004,0.0548571,0.0194286,0.002,0.0165714,0.0294286,0.0994857,0.0102571,0.339857,0.451857,0.102629,7.83891,361.771,2360,0.885714
0.0475,0.0284375,0.188125,0.0210938,0.104844,0.0834375,0.03625,0.177656,0.02875,0.206406,0,0.612344,0.172031,0.008125,0.0771875,0.0684375,0.0903125,0.05625,1.65688,0,0.611719,0,0.144063,0.0776563,0.765781,0.461875,0.271406,0.213906,0.127656,0.169219,0.0984375,0.0984375,0.150781,0.0984375,0.128281,0.0984375,0.386406,0,0.141562,0.119219,0.0175,0.0496875,0.231875,0.03625,0.456094,0.489219,0,0.0620312,0.00190625,0.200297,0.030375,0.279,0.0731719,0.0035,2.45141,14.5469,72.8594,0.265625
0,0,0,0,0.769231,0,0,0,0,0,0,0,0,0,0,0,0,0,0,0,0,0,0,0,8.54692,4.37077,0.854615,0,0,0,0,0,0,0,0,0.591538,0,0,0,0,0,1.11462,0,0.103846,0,0,0,0,0,0,0,0,0,0,1.38008,2.30769,6.07692,0
0.0834146,0.147195,0.31122,0,0.451463,0.131829,0.111463,0.0641463,0.034878,0.225,0.0429268,0.669756,0.0815854,0.00646341,0.0047561,0.175854,0.131463,0.152927,1.34537,0.0254878,0.911098,0,0.0860976,0.0471951,0.734268,0.332073,0.271585,0.196098,0.137805,0.142317,0.0904878,0.101829,0.0764634,0.101829,0.131463,0.141829,0.234756,0,0.139024,0.110488,0.0569512,0.0726829,0.143659,0.0385366,0.249146,0.148171,0.00829268,0.00878049,0.0332439,0.165854,0.0241707,0.093,0.0438049,0.00910976,2.09726,14.6463,163.5,0.353659
0.131953,0.107969,0.356641,0,0.300625,0.0635938,0.0202344,0.0596094,0.0153125,0.173125,0.0075,0.514062,0.0757813,0.0701562,0,0.151172,0.0121875,0.215625,1.92758,0.163125,0.446094,0,0.0165625,0.0132031,0.173828,0.0813281,0.377422,0,0.0420312,0,0,0,0.382422,0,0,0.0078125,0,0.0641406,0.0690625,0.00914062,0.0804688,0.367656,0.0278906,0.0703906,0.438828,0.365,0.0228125,0,0.0207891,0.10325,0.0197656,0.16025,0.00264062,0,1.33146,2.90625,12.7422,0.078125
0,0.0358537,0.109512,0,0.401951,0,0.0541463,0.17878,0.0812195,0.212683,0,0.657561,0.062439,0,0,0.240976,0.0812195,0.131463,2.24634,0,0.215366,0,0,0.523171,0.183171,0.115366,0.204146,0.163171,0.13878,0.067561,0.0658537,0,0,0,0.180732,0,0.045122,0,0.141463,0.0541463,0.121951,0.262439,0,0.197561,0.465122,0.0860976,0,0,0.118024,0.139561,0,0.442976,0.0107073,0.048561,2.84571,11.7073,24.1951,0.439024
0.0928571,0.025,0.214107,0,0.18375,0.0482143,0.0219643,0.0992857,0.0232143,0.180893,0.0535714,0.950357,0.0146429,0.0208929,0.0319643,0.110714,0.0628571,0.0794643,1.45982,0,0.49125,0,0,0,0.442857,0.140357,0.0932143,0,0.0760714,0.201429,0.0160714,0,0.340714,0,0,0.115536,0.213393,0.00982143,0.215179,0,0.121786,0.175714,0.0382143,0.13,0.209643,0.191964,0,0.0707143,0.0131786,0.115768,0.004625,0.0871607,0.00283929,0.00214286,1.60555,5.76786,47.2321,0.0892857
0,0,0,0,0,0,0,0,0,0,0,0,0.23125,0,0,0,0,0,2.21042,0,0,0,0,0,0,0.595,9.45375,0,0,0,0,0,0.260417,0,0,0,0,0,0,0,0,0.925833,0,0,0.916667,0,0,0.347083,0.108833,0,0,0.101292,0,0,1.53771,3.04167,8.95833,0
0.116552,0.426897,0.394483,2.85724,0.307586,0.097931,0.137586,0.0889655,0.398621,0.320345,0.0358621,0.503103,0.157586,0.0151724,0.172414,0.271724,0.264828,0.495517,1.85207,0.0893103,0.916552,0.316207,0.362414,0.211724,0.393448,0.0386207,0.178621,0,0.0172414,0.00862069,0,0,0,0.0213793,0,0.0341379,0.0951724,0,0.0875862,0,0,0.00689655,0,0,0.0755172,0,0,0.0413793,0.0263103,0.168828,0,0.403586,0.173138,0.072931,10.7354,124.379,466.586,0.724138
0.0908333,0.0829167,0.0633333,0,0.299167,0.0247917,0.163958,0.583958,0.0547917,0.118125,0,0.284375,0.00583333,0.259167,0,0.12375,0.248542,0.13125,0.928125,0.0302083,0.597917,0.0416667,0.220208,0.056875,0.19125,0.176042,0.101458,0.112708,0,0.045,0,0.0122917,0.0154167,0.0122917,0.069375,0.139792,0.124792,0,0.0189583,0,0,0,0,0.0310417,0.513958,0.00583333,0,0.0345833,0.00360417,0.163208,0.00552083,0.313958,0.162771,0.0127083,3.63838,23.6875,79.875,0.770833
0.0731818,0,0.156364,0,0.34,0.0229545,0.172045,0.0718182,0,0.179545,0.0204545,0.427273,0.209773,0,0.0154545,0.220909,0.0627273,0.26,1.17227,0,0.280455,0,0,0.0756818,1.45818,0.9625,0.632727,0.588636,0.315682,0.606364,0.397955,0.280682,0.206136,0.280682,0.733864,0.397955,0.19,0,0.448636,0.280682,0.0740909,0.199773,0.075,0.219773,0.145909,0.0740909,0,0,0.0170909,0.185068,0.01475,0.105386,0.0875682,0,2.12675,10.9545,46.25,0.181818
0.0628736,0.141839,0.314368,0.00517241,0.340115,0.122184,0.126207,0.0986207,0.061954,0.234138,0.0617241,0.54977,0.231724,0.0413793,0.117126,0.108046,0.0735632,0.28977,1.49989,0.0663218,0.76092,0.450805,0.183908,0.105057,0.683333,0.286667,0.192414,0.132414,0.100805,0.105172,0.0597701,0.0722989,0.0809195,0.075977,0.0789655,0.103218,0.147126,0,0.0716092,0.0922989,0.016092,0.0451724,0.0774713,0.0337931,0.116552,0.0627586,0,0.0170115,0.0988276,0.182299,0.0283448,0.171218,0.142805,0.051908,3.31755,26.6207,256.345,0.563218
0,0,0.20625,0,0.223125,0,0,0,0,0,0,0.13,0,0.211875,0,0.125,0,0,0.496875,0,0.25625,0,0,0,0,0,1.30469,0,0,0.13,0,0,0.219062,0,0,0,0,0.0890625,0.347187,0,0,0.289375,0,0.15625,5.22,0.465,0,0.252813,0,0.150875,0,0.0497188,0,0,1.25916,2.46875,8.5625,0
0,0.189091,0.0518182,0,0,0.0490909,0.229091,0.055,0.0518182,0.127273,0.104091,0.38,0.217727,0,0,0.905,0.304091,0.212273,3.52955,0,2.07636,0,0,0.0518182,0,0.166818,0.118182,0,0,0,0,0,0,0,0,0,0,0,0,0,0,0.127727,0,0.0927273,0.386364,0.314091,0,0,0.0140455,0.0270455,0,0.176455,0.0663182,0,4.59186,40.4091,74.2273,0.590909
0.123385,0.222,0.433385,0.658615,0.261077,0.116154,0.0524615,0.111077,0.262615,0.315846,0.0644615,0.809385,0.206615,0.112154,0.138923,0.135077,0.138308,0.185692,1.74985,0.165231,0.946154,0,0.132462,0.169692,0.737538,0.142615,0.0204615,0.0244615,0.0150769,0.02,0.0192308,0.00246154,0.0769231,0.00246154,0.036,0.0681538,0.0907692,0.00215385,0.0192308,0.0349231,0.00246154,0.0781538,0.0383077,0.0113846,0.0270769,0.00184615,0,0.0236923,0.152938,0.132215,0.0198,1.11488,0.268185,0.0166923,4.08651,57.2308,754.815,0.584615
0.00625,0.295625,0.290625,0,0.706563,0.244063,0.990313,0.0896875,0.0271875,0.358125,0.029375,0.7325,0.00625,0.00625,0.02875,0.3025,0.209687,0.400938,2.22094,0.0321875,1.23437,0,0.0140625,0.006875,0.0440625,0,0.196875,0.0440625,0,0,0.22625,0,0,0,0.0878125,0.006875,0.01375,0,0,0.59375,0,0,0,0,0.260313,0.01375,0,0,0.000875,0.171062,0.020375,0.261937,0.0120625,0.0330625,14.1948,172.188,384.844,0.625
0,5.555,0,0,0.68,0,0,0,0,0,0,0,0,0,0,0,0,0.68,4.295,0,1.555,0,0,0,0,0,3.115,0,0,0,0,0,0,0,0,0,0.875,0,0,0,0,0,0.875,0,1.555,0,0,0,0,0.105,0,0.21,0,0.143,1.6065,10,42.5,0
0.0977778,0.0482222,0.345111,0,0.0426667,0.0855556,0.0471111,0.0497778,0,0.306,0.0746667,0.429333,0.216222,0.105778,0,0.699778,0.0117778,0.0824444,1.84422,0.0593333,0.959778,0,0.113778,0.00911111,0.179778,0.121111,0.180444,0.0662222,0.0291111,0.0291111,0.100889,0,0.0308889,0,0.0968889,0.0291111,0.303333,0.00911111,0.217556,0.0197778,0.126222,0.266667,0.202444,0.374889,0.253556,0.709556,0,0,0,0.143111,0.0162889,0.331978,0.239778,0.0205556,2.45122,12.9778,41.3333,0.4
0,0.0783333,0.261667,0,0.775,0.0466667,1.85667,0.9025,0.9025,1.0275,0.9025,0.506667,0,0.0891667,0,1.10583,2.5125,0.075,1.47083,0.9025,3.05333,0,0.2925,0.0891667,0,0,0,0,0,0,0,0,0,0,0,0,0.3675,0,0.0891667,0,0,0,0,0,0,0,0,0,0,0.0720833,0,0.73125,0.115417,0.0831667,70.9209,286.917,312.25,1
0.672105,0.159737,0.676316,0,0.196053,0.0544737,0,0,0,0.102632,0.578947,1.36895,0,0,0,0.210526,0,0.0105263,1.36316,0,4.78263,0,0,0.549211,0.116579,0.113684,0.158684,0,0,0.106053,0,0.132368,0,0.132368,0.0315789,0,0,0,0,0,0,0.0631579,0,0,0.0686842,0,0,0.0639474,0,0.0669474,0,0.170579,0.0870789,0,4.50042,26.3684,53.7895,0.473684
0.12519,0.0531646,0.206835,0.0122785,0.253797,0.127848,0.0501266,0.102911,0.0474684,0.214684,0.0441772,0.505949,0.102025,0.0402532,0.00113924,0.129873,0.149367,0.106203,1.21329,0.102532,0.470506,0.79519,0.170506,0.0553165,0.975063,0.366076,0.131519,0.0463291,0.0727848,0.0564557,0.0679747,0.0160759,0.111646,0.0160759,0.0451899,0.0777215,0.297595,0.00240506,0.0213924,0.0181013,0.0626582,0.0421519,0.0486076,0.09,0.093038,0.32038,0,0.0153165,0.311127,0.182329,0.0341392,0.138772,0.0771772,0.0791013,3.31275,26.0759,313.468,0.379747
0.111692,0.0486154,0.209385,0.00169231,0.201538,0.0743077,0.0218462,0.204462,0.133231,0.126923,0.0784615,0.743538,0.0996923,0.0729231,0.008,0.117846,0.360462,0.0455385,0.849692,0.151385,0.913692,0.126462,0.0921538,0.0807692,1.60123,0.177692,0.0250769,0.0103077,0.0166154,0.0269231,0.0206154,0.00415385,0.098,0.00584615,0.0206154,0.111692,0.208923,0.0233846,0.0133846,0.0315385,0.0878462,0.0658462,0.0166154,0.0213846,0.0378462,0.111077,0,0.0150769,0.174615,0.196831,0.0145077,0.158492,0.0694923,0.0833846,3.26722,36.7077,596.046,0.323077
0,0,0,0,0,0,0,0,0,0,0,0,0,0,0,0,0,0,0,0,0,0,0,0,0,0,26.666,0,0,0,0,0,0,0,0,0,0,0,0,0,0,0,0,0,0,0,0,0,0,0,0,0,0,0,1.59575,2.8,5.1,0
0.324286,0.324286,0,0,0.34,0.245714,0,0.793571,0,0.264286,0,0.255,0,0.245714,0,0.785,0,0.649286,2.68143,0,7.47857,0,0,0.649286,0,0,0.810714,0,0.264286,0,0,0,0,0,0,0,0,0,0,0,0,0,0,0,0.555,0,0,0,0,0.0371429,0,0.521929,0,0,1.24007,2.28571,8.21429,0.285714
0.21,0.448824,0.646471,0.0823529,0.291176,0.0241176,0.437647,0.0335294,0.169412,0.931176,0.145294,0.911765,0.0476471,0.0776471,0.177059,1.51235,0.374706,0.0370588,1.97235,0.135882,1.54941,0,0.0482353,0.146471,0.0317647,0.0470588,0.0170588,0.0341176,0,0,0,0,0,0.0170588,0.0341176,0.0135294,0.0358824,0,0,0,0,0,0,0,0.120588,0,0,0.0452941,0.0170588,0.0634706,0,0.830765,0.316118,0.0754118,40.6247,379.294,549.412,0.882353
0.295,0.0833333,1.3825,0.0158333,0.885833,0,0.0541667,0,0.495833,0.685833,0,0.0333333,0,0,0,0.065,0,0,0.295,0.725833,0.400833,0,0,0.0333333,0.278333,0,0.121667,0.04,0,0.0483333,0,0,0,0.0316667,0,0,0.0483333,0,0,0,0,0,0,0,0,0,0,0,0,0.00733333,0,0.763833,0.18825,0.0025,537.208,1405.58,1442.75,0.916667
0.101111,0.02,0.327619,0,0.31127,0.122381,0.245079,0.0314286,0,0.185873,0.0604762,0.563492,0.09,0.0255556,0.0355556,0.143651,0.216508,0.0131746,1.71667,0.00714286,0.464444,0,0.156349,0.0798413,0.106508,0.0665079,0.229841,0,0,0.0485714,0.0204762,0,0.0704762,0,0,0.0638095,0.117937,0,0.0706349,0.00412698,0.102063,0.285079,0,0.0666667,0.276825,0.0409524,0,0.0701587,0.0131905,0.128714,0.0254921,0.358381,0.0224762,0.0173968,1.65783,6.06349,41.7778,0.222222
0.226471,0.315294,0.601765,0.0558824,0.431765,0.341176,0.164118,0.202941,0.421765,0.688824,0.260588,0.661765,0.222941,0.104706,0.332353,0.263529,0.241765,0.412353,1.98588,0.137059,1.48529,0.01,0.364118,0.298235,0.548824,0.231176,0.0141176,0,0,0.0429412,0,0,0.0794118,0,0.0423529,0.0141176,0.192353,0.0505882,0.0141176,0.0429412,0,0.0429412,0.02,0.0288235,0.0876471,0.0841176,0,0,0.000705882,0.186,0.00876471,0.645235,0.247647,0.0516471,9.96018,302.059,738.765,0.941176
0,14.1478,0,0,0,0,0,0,0,0.132222,0,0,0,0,0,0,0,0,0,0,0,0,0,0,0,0,0,0,0,0,0,0,0,0,0,0,0,0,0,0,0,0,0,0,0.132222,0,0,0,0,0,0,0,0,0,1.77778,4.88889,9.02778,0
0.0861728,0.0495062,0.338642,0,0.294444,0.184198,0.0732099,0.10358,0.0748148,0.159877,0.0408642,0.482346,0.0744444,0.047037,0.0230864,0.212963,0.170494,0.186296,1.33975,0.142593,0.739506,0,0.117284,0.106173,0.664074,0.349753,0.142593,0.116296,0.107901,0.110617,0.0504938,0.0302469,0.129383,0.0302469,0.0937037,0.103086,0.167407,0.0017284,0.035679,0.0676543,0.196914,0.0225926,0.082716,0.0444444,0.188025,0.365926,0.00469136,0.0364198,0.0832222,0.156728,0.0238519,0.109185,0.06,0.0115432,2.17475,15.642,189.444,0.407407
0.101273,0.0834545,0.255636,0,0.24,0.0547273,0.123636,0.185636,0.0901818,0.166182,0.0307273,0.392182,0.0703636,0,0.046,0.155636,0.0570909,0.201636,1.504,0,0.553273,0,0.0507273,0.00763636,0.552909,0.503818,0.287636,0.202364,0.113091,0.098,0.0661818,0.0661818,0.164909,0.0661818,0.176182,0.112364,0.284545,0.0130909,0.106,0.0712727,0.0832727,0.0329091,0.166364,0.0672727,0.298182,0.193636,0.00345455,0.102182,0.0364909,0.165582,0.0336182,0.125327,0.0188727,0.0362545,2.05649,12.8909,119.491,0.236364
0.3,0,0.605,0,0.125,0,0,0,0,0.175,0,0.605,0,0,0,0,0,0.375,6.875,0,0.905,0,0,0,0,0,0,0,0,0,0,0,0,0,0,0,0,0,0,0,0,0,0,0,0.425,0.125,0,0,0.024,0.0335,0,0,0,0,1,1,41,0
0.0573874,0.0432432,0.313063,0,0.266847,0.0218919,0.0402703,0.0105405,0.0457658,0.123243,0.0361261,0.897207,0.0805405,0.0289189,0.0153153,0.100721,0.0403604,0.121802,2.05306,0.0455856,0.505586,0,0,0.0333333,0.300631,0.21982,0.459279,0,0.121171,0.0741441,0,0,0.0727027,0,0.02,0.00612613,0.161261,0,0.0696396,0.00864865,0.0236036,0.209099,0.0237838,0.132523,0.460901,0.184414,0,0.0589189,0.0274775,0.140937,0,0.156739,0.00962162,0.00110811,1.51838,4.46847,23.4595,0.0900901
0.129167,0.0911111,0.301528,0.00222222,0.298611,0.0976389,0.0980556,0.107917,0.446528,0.448056,0.0945833,0.525,0.131528,0.144444,0.07125,0.299583,0.0665278,0.352778,1.61347,0.291944,1.07556,0.990139,0.102361,0.186389,0.366389,0.156944,0.0344444,0.0193056,0.00125,0.0204167,0.0325,0.00125,0.0776389,0.00125,0.193472,0.0201389,0.166111,0.000694444,0.0183333,0.0418056,0.00972222,0.0519444,0.0075,0.0190278,0.0420833,0.0386111,0.0201389,0.0366667,0.047625,0.113458,0.0491667,0.342486,0.224069,0.10475,5.59783,80.0139,1102.92,0.638889
0.132826,0.0543478,0.279348,0,0.0834783,0.141522,0,0,0.0393478,0.515217,0,0.0278261,0,0.063913,0,0.247609,0,0,5.01935,0,0.614783,0,0,0,0.0393478,0,0.260652,0,0,0,0,0,0,0,0,0,0,0,0.0943478,0,0,0,0,0.0678261,0.514783,1.00935,0,0,0.0313478,0.0887826,0,0.0922174,0,0,1.08622,1.28261,6.13043,0.0434783
0,0,0,0,0,0,0,0,0,0,0,0,0,0,0,0,0,0,3.455,0,0,0,0,0,0,0,0,0,0,0,0,0,0,0,0,0,0,0,0,0,0,0,0,0,16.59,0,0,0,0,0.132167,0,1.543,0,0,1.40967,2.66667,7.16667,0
0.152778,0.121111,0.258056,0.0102778,0.195833,0.0908333,0.0283333,0.233889,0.198889,0.2725,0.0933333,0.476389,0.171389,0.0683333,0.0636111,0.266111,0.187778,0.186111,1.35028,0.139444,0.697222,0.706944,0.219444,0.216389,0.528333,0.0975,0.00694444,0.00361111,0.00416667,0.0283333,0.01,0,0.112222,0,0.0102778,0.118611,0.165833,0.0125,0.0241667,0.0288889,0.0247222,0.00472222,0.00944444,0.0266667,0.0372222,0.110833,0.00305556,0.045,0.0486667,0.126222,0.0418611,0.182639,0.12025,0.0944167,5.42706,115,1760.22,0.472222
0.0783333,0.0827778,0.293472,0.0225,0.356389,0.0816667,0.0580556,0.160556,0.08,0.307083,0.0672222,0.427917,0.0966667,0.0256944,0.0183333,0.322361,0.173472,0.194583,1.36056,0.04375,0.826806,0.0569444,0.085,0.06875,0.664583,0.382778,0.146944,0.130833,0.0715278,0.147639,0.0947222,0.0445833,0.101389,0.0445833,0.08125,0.114028,0.292778,0.0211111,0.104444,0.0536111,0.0111111,0.03125,0.08625,0.125417,0.153194,0.101528,0.00986111,0.0354167,0.0233611,0.221264,0.0265,0.150083,0.0572778,0.0519028,2.65367,22.0278,219.264,0.444444
0.158571,0.129388,0.317143,0.0236735,0.167347,0.11898,0.175306,0.045102,0.0077551,0.234286,0.0487755,0.473673,0.118367,0,0.0253061,0.541224,0.185918,0.0897959,1.72612,0.00632653,0.896327,0.116122,0.190612,0.127959,0.561837,0.393878,0.297551,0.137755,0.1,0.16,0.087551,0.087551,0.0955102,0.115102,0.128776,0.134082,0.0230612,0,0.165714,0.0967347,0.00673469,0,0,0,0.217347,0.0436735,0,0.0520408,0.0164898,0.137714,0.0193878,0.479082,0.0493265,0.0522041,3.71539,34.3878,129.327,0.55102
0.0801639,0.192459,0.329016,0,0.291639,0.242787,0.173607,0.11918,0.0803279,0.249344,0.0567213,0.612623,0.0581967,0,0.0363934,0.22541,0.0985246,0.210984,1.76885,0.165738,1.17459,0.0203279,0.224918,0.101803,0.418361,0.218852,0.23377,0.0791803,0.110164,0.0965574,0.0534426,0.0529508,0.173115,0.0529508,0.115574,0.0701639,0.223115,0,0.108197,0.0836066,0.0116393,0.0868852,0.0742623,0.0106557,0.191967,0.0322951,0,0.0480328,0.00622951,0.181459,0.0290328,0.345869,0.136967,0.0300164,3.66479,32.7705,160.148,0.590164
0.188235,0.132941,0.152353,0,0.769412,0.231176,0.431765,0,0.126471,0.5,0.25,0.331176,0.276471,0,0,1.20588,0.08,0.227647,1.85353,0,0.789412,0,0,0.518824,0.07,0.07,0.21,0,0,0.0364706,0,0,0.218235,0,0.07,0.0529412,0.08,0,0,0.08,0.0152941,0,0.0411765,0.113529,0.131176,0.0717647,0,0,0,0.0264706,0,0.616588,0.0709412,1.16641,7.98318,70.1176,109.529,0.764706
0.0858209,0.110896,0.266119,0,0.205224,0.0585075,0.150299,0.0943284,0,0.227761,0.068209,0.619851,0.0480597,0,0.0546269,0.115373,0.121493,0.10209,1.81299,0.0331343,0.54194,0,0.0631343,0,0.788209,0.478806,0.0861194,0.260896,0.123582,0.174179,0.119254,0.0346269,0.0941791,0.0346269,0.250746,0.0534328,0.273433,0,0.0874627,0.0441791,0.058209,0.256716,0.068806,0.0861194,0.262239,0.785672,0,0.0234328,0.00907463,0.102015,0.00983582,0.341851,0.0170149,0.205209,2.51912,13.5075,52.194,0.283582
0.0203101,0.0707752,0.334729,0,0.359535,0.0565891,0.0727132,0.0371318,0.00581395,0.122248,0.00953488,0.625969,0.109845,0.0715504,0,0.142558,0.0409302,0.222171,2.39884,0,0.605271,0,0,0,0.153876,0.0576744,0.467132,0,0.122326,0.0658915,0,0,0.117829,0,0,0.019845,0.0486047,0.0336434,0.0726357,0,0,0.34938,0.0617829,0.11186,0.492481,0.0777519,0,0.0264341,0.0134031,0.0673333,0.0138527,0.318651,0.0073876,0,1.45313,3.67442,17.6202,0.155039
0.128525,0.0939344,0.317705,0,0.250164,0.0701639,0.259344,0.0477049,0,0.125082,0.0680328,0.656557,0.12541,0,0.0296721,0.321639,0.0642623,0.282951,1.95754,0,0.705082,0,0.112623,0.0204918,0.268525,0.0795082,0.158197,0.0498361,0.111475,0.0365574,0.0298361,0,0.16541,0,0.0863934,0.0890164,0.11541,0.0131148,0.101148,0,0,0.172623,0.0308197,0.0808197,0.21377,0.0668852,0,0.0301639,0.0211475,0.146738,0,0.196148,0.0319836,0.0218033,1.71751,6.03279,53.9836,0.278689
0.139143,0.0595714,0.180714,0.176857,0.365,0.0995714,0.0712857,0.108571,0.233714,0.315143,0.119429,0.777429,0.0957143,0.0511429,0.00957143,0.214,0.176143,0.0814286,1.274,0.0655714,0.653429,0.931286,0.142714,0.145571,0.659857,0.262,0.029,0.0274286,0.0184286,0.0364286,0.013,0.00271429,0.175143,0.00471429,0.0308571,0.0774286,0.171857,0.0142857,0.0227143,0.0101429,0.0835714,0.0655714,0.00585714,0.0174286,0.043,0.421714,0.0327143,0.027,0.0510714,0.153,0.0189,0.148486,0.0613429,0.1056,3.86003,39.2714,498.886,0.5
0.426923,0.549231,0.570769,0.704615,0.224615,0.500769,0.126154,0.400769,0.764615,0.909231,0.0592308,0.468462,0.281538,0.00769231,0.650769,0.155385,0.349231,1.23692,2.23231,0.694615,1.43385,0.0238462,0.942308,0.481538,0,0,0,0,0,0,0,0,0.0253846,0,0.0976923,0.0323077,0,0,0,0,0,0,0.0146154,0,0.0553846,0,0,0,0.0519231,0.0529231,0.124462,0.415385,0.168077,0.0410769,14.1408,490.846,973.846,1
0,0,0.244583,0,0,0,0,0,0,0,0,0.379167,0,0,0,0,0,0.0904167,10.1908,0,1.15792,0,0,0.927083,0,0,0,0,0,0,0,0,0,0,0,0,0,0,0,0,0,0,0,0,2.08708,0.286667,0.0904167,0,0.0155833,0.0260417,0,0.208333,0,0,1.21404,2.04167,6.625,0.125
0.156774,0.0906452,0.319355,0,0.239677,0.0551613,0.146452,0.0141935,0.0219355,0.0974194,0.0219355,0.324194,0.0809677,0.0793548,0,0.264839,0.0496774,0.275806,3.68774,0.0287097,0.987097,0,0.0141935,0.0374194,0.513226,0.189677,0.254839,0,0.204194,0.17129,0,0,0.0177419,0,0.0977419,0.0509677,0,0.03,0.110645,0,0.0645161,0.0474194,0,0.0632258,0.237419,0.153871,0,0,0.0046129,0.0810645,0.00690323,0.118419,0.016871,0,1.49919,5.09677,37.0323,0.16129
0.0934043,0.0289362,0.285532,0,0.249787,0.0544681,0.0148936,0,0,0.154681,0,0.497021,0.0844681,0,0,0.332553,0.0274468,0.12617,2.62745,0,0.545957,0,0,0.0289362,0.144894,0.0421277,0.149149,0,0.0738298,0.0142553,0,0,0.0185106,0,0,0.0470213,0.0204255,0,0,0,0.16766,0.164255,0.0331915,0.087234,0.44383,0.19766,0,0,0.032766,0.0993404,0.0067234,0.125553,0.0195532,0.00210638,1.27321,3.25532,30.3617,0.170213
0.169672,0.0388525,0.20459,0,0.181148,0.131311,0.0403279,0.0222951,0.0277049,0.0690164,0,0.644098,0.0860656,0.012459,0,0.132787,0.0304918,0.0531148,0.711967,0.0109836,0.296721,0,0.0159016,0,0.18,0.324426,0.308033,0,0.122131,0,0,0,0.0904918,0,0.0222951,0.0909836,0.24377,0,0.034918,0.0163934,0.042623,0.350492,0,0.153607,0.46377,0.166393,0.0167213,0.0885246,0.00929508,0.141574,0.0082459,0.159934,0.00803279,0.00498361,1.66228,5.57377,35.2787,0.0819672
0,0,0,0,0,0,0,0,0,0,0,0,0,0,0,0.425532,0,0,0,0,0,0,0,0,0,0,19.376,0,0,0,0,0,0,0,0,0,0,0,0,0,0,0,0,0,0,0,0,0,0,0.0373191,0,0,0,0,1.06967,1.25532,5.2766,0
0,0,0,0,0.120156,0,0,0,0,0.0678125,0,0.0859375,0,0,0,0,0,0.120156,0,0,0.0390625,0,0,0,0,0,0.400781,0,0,0,0,0,0,0,0,0,0,0,0,0,0,0.142188,0,0,0.241406,0.663125,0,0,0,0.137359,0,0.169344,0,0,1.14844,1.375,5.07812,0.046875
0.0225806,0,0.21129,0,0.0783871,0.0770968,0.147419,0.0948387,0.0177419,0.250645,0,0.430323,0.217419,0,0,0.166452,0.0693548,0.0177419,2.15806,0.375806,0.519677,0.178387,0,0.104839,0,0.103226,0,0,0,0,0,0,0,0,0,0.0206452,0,0,0,0,0,0.191935,0,0.0425806,0.406129,0.544516,0,0,0.00687097,0.0420323,0,0.111903,0,0.0434839,3.99226,49.8387,89,0.258065
0.161081,0.077027,0.249189,0,0.464324,0.0413514,0.107568,0.0475676,0.0105405,0.0427027,0.0791892,0.691351,0.211892,0.0156757,0.0145946,0.106757,0.188108,0.123514,1.59135,0.132703,0.61027,0,0.0656757,0.01,0.374054,0.107838,0.186757,0.0810811,0.102162,0.129459,0,0,0.0721622,0,0.067027,0.152162,0.0837838,0.0124324,0.0310811,0,0.0537838,0.105676,0.0324324,0.157838,0.247027,0.0535135,0.0243243,0.0605405,0.0157297,0.210081,0.00240541,0.18627,0.0285946,0.0135405,1.63092,6.43243,75.9189,0.27027
0.0523729,0.145932,0.380847,0,0.614746,0.126949,0.278475,0.162712,0.0783051,0.208983,0.0977966,0.684576,0.0567797,0,0.210169,0.284407,0.30322,0.470339,2.09237,0.480339,1.25203,0.200169,0.248305,0.114407,0.368644,0.159322,0.0552542,0.14678,0.0232203,0.140847,0.0232203,0.0232203,0.0271186,0.0232203,0.0442373,0.0569492,0.104407,0,0.17339,0.102881,0.0179661,0.0483051,0.0061017,0,0.160339,0.0464407,0,0,0.00445763,0.153424,0.00110169,0.289627,0.0912712,0.0385085,5.91627,58.4237,142.881,0.627119
0.174189,0.0817568,0.144595,0,0.154189,0.110541,0.168378,0.109595,0.0391892,0.258919,0.0383784,0.382838,0.0744595,0,0,0.167568,0.137973,0.164865,1.93527,0.00932432,1.02608,0,0,0.0243243,0.548243,0.260541,0.340811,0.44,0.0560811,0.102162,0.0941892,0.0518919,0.282297,0.0518919,0.230946,0.0787838,0.231892,0,0.0708108,0.108108,0.0524324,0.0859459,0.101757,0.147703,0.489459,0.426351,0,0,0.0177973,0.178649,0.0101486,0.291811,0.0853784,0.0594865,2.43538,13.5946,61.027,0.432432
0.107593,0.178519,0.314259,0,0.36963,0.11463,0.255,0.165556,0.0359259,0.271296,0.108704,0.290556,0.0351852,0.0796296,0.0396296,0.443889,0.152963,0.376296,2.2587,0.0812963,1.07037,0.0277778,0.116667,0.102963,0.760926,0.371852,0.427778,0.211667,0.0590741,0.152037,0.0590741,0.190741,0.072037,0.190741,0.102222,0.105741,0.145556,0,0.164444,0.0659259,0.0440741,0.0396296,0.148148,0.0472222,0.323333,0.515741,0.042963,0.0164815,0.0243889,0.136,0.0117037,0.30687,0.0401667,0.151889,2.25102,16.0926,95.3333,0.5
0.0874359,0.137949,0.298974,0,0.342051,0.118462,0.151026,0.131538,0.0333333,0.204615,0.129744,1.02051,0.150769,0.0607692,0.0117949,0.387436,0.125385,0.23359,1.74641,0.00794872,0.818718,0,0.0125641,0.0979487,0.29641,0.287692,0.0982051,0,0.0215385,0.0938462,0.0151282,0,0.397179,0,0.00871795,0.0384615,0.0953846,0,0.00794872,0,0.0151282,0.0182051,0,0.236667,0.0484615,0.0192308,0,0.0974359,0.00502564,0.0836154,0.00441026,0.124718,0.031641,0.00246154,1.59249,6.5641,89.4872,0.25641
0.105349,0.115581,0.30907,0.445581,0.324651,0.116279,0.0781395,0.0860465,0.290465,0.272558,0.0744186,0.492326,0.119302,0.0513953,0.0946512,0.321395,0.123721,0.193953,1.46605,0.0374419,0.722326,0.878372,0.198837,0.13186,0.276744,0.157209,0.00976744,0.0109302,0.0116279,0.0072093,0.0155814,0,0.055814,0.00302326,0.02,0.0416279,0.132326,0.000930233,0.0232558,0.0186047,0.00162791,0.0130233,0,0.014186,0.0239535,0.0334884,0,0.0127907,0.0365814,0.159953,0.0269535,0.218791,0.139279,0.116488,5.94828,114.326,1374.05,0.651163
0.0527907,0.0618605,0.251628,0,0.244186,0,0,0.156279,0,0.0390698,0,0.812326,0.0518605,0.0455814,0.0153488,0.188837,0,0.265814,2.26047,0,0.869767,0,0.156744,0.0386047,0.991628,0.698605,0.241163,0.11093,0.108372,0.11093,0.11093,0,0.0830233,0,0.11093,0.11093,0.435814,0.0930233,0.248605,0,0.169302,0.281395,0.0676744,0.0888372,0.301163,0.136977,0,0.0860465,0.0407674,0.0735581,0.0203256,0.258767,0.0863023,0.0333721,2.19395,9.51163,29.6279,0.209302
0,0,0.217778,0,0,0,0,0,0,0.482222,0,0,0,0,0,0,0,0.217778,0.652222,0,0,0,0,0,9.22,2.72778,0.252222,1.12111,0.252222,2.19889,0.252222,0.252222,0,0.252222,1.06778,0.386667,0,0,0,0.252222,0,0,0,0,0,0,0,0,0.0202222,0.167111,0,0,0,1.53244,2.56456,10.8889,59.2222,0
0,0,0,0,0,0,0,0,0,0,0,0,0,0,0,0,0,0,0,0,0,0,0,0,16.3043,1.09857,0,0,0,0,0,0,0,0,0,0,0,0,0,0,0,0,0,0,2.88357,0,0,0,0,0,0,0.0802143,0,0,4.16179,16.5714,25.5,0
0.1574,0.0668,0.4858,0.0116,0.2356,0.0698,0.1026,0.2006,0.0732,0.269,0.0698,0.3512,0.044,0.006,0,0.4584,0.315,0.2184,1.9348,0.2358,1.1356,0.396,0.0948,0.1038,0.1608,0.059,0,0.0414,0.011,0.0488,0,0,0,0.006,0.0796,0.0462,0.1402,0,0.0116,0.0466,0,0,0.0132,0,0.2196,0.481,0.0278,0.0682,0.02076,0.14652,0.0153,0.40814,0.31874,0.21276,4.9161,71.02,310.6,0.58
0,0,0.210455,0,0.425455,0,0,0,0.0581818,0.0654545,0,0.282273,0,0.0581818,0,0.0627273,0,0.210455,0.854091,0,0.340455,0,0,0,3.92727,2.39727,1.34364,1.59045,1.33818,1.52091,1.42227,1.21182,0.0545455,1.21182,1.59045,1.42227,0,0,0,1.21182,0,0.185455,0,0.245,0.12,0,0,0,0,0.454182,0.0742727,0.113045,0,0.0301818,2.58541,11.3182,38.6818,0
0,0,0.268333,0,2.21833,0,0,0,0,0,0,1.67583,0,0,0,0,0,0,0,0,0.268333,0,0,0,0.219167,0.219167,0,0,5.77167,0,0,0,0,0,0,0,0,1.23167,0,0,0,8.61083,0,0,0,0,0,0,0,0,0,0.0935833,0,0,1.27833,2.5,9.5,0
0.082,0.1288,0.285,0,0.4062,0.103,0.2304,0.2122,0.0436,0.2426,0.1784,0.4814,0.1824,0.0702,0.0202,0.3456,0.1696,0.2182,1.6674,0.159,1.024,0,0.0442,0.0866,0.5868,0.235,0.0524,0.1112,0.0206,0.0806,0.033,0.0206,0.026,0.0206,0.0926,0.1492,0.231,0.011,0.049,0.0758,0.0062,0.0046,0.016,0.0186,0.1172,0.0312,0,0.0496,0.01828,0.09334,0.00692,0.24804,0.07892,0.0345,3.43508,48.96,190.86,0.6
0.2075,0.245417,0.189583,0,0.34,0.044375,0.0945833,0.156458,0.01375,0.37,0.0827083,0.681667,0.074375,0,0.0272917,0.0697917,0.0572917,0.0975,1.95417,0.008125,0.503125,0,0.063125,0.0402083,0.904583,0.698125,0.377708,0.608958,0.155833,0.217917,0.181042,0.15875,0.0197917,0.15875,0.256458,0.309375,0.276458,0,0.228958,0.158542,0.0525,0.102292,0.183125,0.150417,0.29875,0.1425,0,0.0102083,0.006875,0.218708,0.0367917,0.133187,0.0096875,0.0140833,2.28992,13.3125,88.125,0.208333
0.120536,0.157679,0.70125,0,0.667679,0.622321,0.320179,0.163571,0.587321,0.414821,0.256786,0.728571,0.180357,0.0953571,1.15696,0.350714,0.134107,0.912143,1.76429,0.889107,1.05786,0.103214,0.619286,0.168393,0.00160714,0.00160714,0,0,0,0,0,0,0.00642857,0,0.00517857,0,0.00517857,0,0,0.0480357,0,0,0.105357,0.0142857,0.0535714,0.0435714,0,0,0.00341071,0.0943571,0.00133929,0.375804,0.154839,0.0235357,15.329,652.054,1407.36,1
0.202121,0.0621212,0.289091,0,0.283333,0.0339394,0.180606,0.203939,0.0915152,0.122424,0.0690909,0.379697,0.020303,0.106364,0.0424242,0.229394,0.0827273,0.0821212,1.23879,0,0.648182,0,0,0.0460606,0.335758,0.241818,0.089697,0.391212,0.161818,0,0,0.0212121,0.0360606,0.0212121,0.194848,0.0815152,0.581212,0,0.114545,0,0,0.161818,0.0424242,0.0351515,0.176667,0.0678788,0,0,0.0433939,0.24197,0.00621212,0.383121,0.0693636,0.00575758,3.62264,23.8788,66.9091,0.575758
0,0,0,0,0,0,0,0,0,0,0,0,0,0,0,0,0,0,6.66,0,0,0,0,0,0,0,0,0,0,0,0,0,0,0,0,0,0,0,0,0,0,0,0,0,6.66,0,0,0,0,0,0,32.478,0,0,1.666,3,5,0
0.141951,0.0712195,0.35439,0,0.19,0.143659,0.161951,0.109756,0.247561,0.184878,0.0221951,0.401951,0.0226829,0.16439,0.0282927,0.599268,0.112927,0.229756,2.30829,0,1.24073,0,0.0243902,0.112439,0.0653659,0.121951,0.214634,0.0902439,0.180488,0,0,0,0,0,0,0,0.156829,0,0.152439,0,0.103171,0.238537,0.144146,0.015122,0.903415,0.145854,0,0.062439,0.0131463,0.0967317,0.0263902,0.303707,0.0681951,0.0526341,2.68049,14.1951,34.7561,0.536585
0.471538,0.860769,0.89,0,0.442308,0.0292308,0,0.413077,0.0569231,1.75462,0.0569231,2.32,0,0.522308,0,0.413077,0,0,1.93154,0,4.95692,0.0292308,0.0569231,0,0,0,0,0,0,0,0,0,0,0,0,0,0.0284615,0,0,0,0,0,0,0,0,0,0,0,0,0.232308,0,1.48692,0.177385,0.0787692,61.6854,691.692,800.692,1
0,0,0,0,0,0,0,0,0,0,0,0,0,0,0,0,0,0.375789,0,0,0,0,0,0,8.44421,4.22,3.84421,4.22,3.84421,4.22,4.22,3.84421,0,3.84421,4.22,4.22,0,0,0,3.84421,0,0,0,0,0,0,0,0,0,1.05937,0,0.0252105,0,0,3.10211,10.8947,30.4211,0
0.112206,0.112353,0.379706,0,0.668676,0.138971,0.119559,0.1575,0.109412,0.308824,0.0880882,0.710588,0.0398529,0.0207353,0.0147059,0.317794,0.420735,0.271618,1.95,0.163088,1.08529,0.0551471,0.189118,0.0579412,0.238088,0.138382,0.0175,0.0151471,0.0132353,0.0291176,0.00573529,0.00573529,0.0333824,0.00573529,0.0136765,0.0730882,0.120588,0.00102941,0.0186765,0.0705882,0,0.00602941,0.0216176,0.0407353,0.214706,0.00235294,0,0.0279412,0.00610294,0.0961618,0.00741176,0.370618,0.109559,0.0531912,4.09993,67.5882,249.176,0.735294
0.0908571,0.0935714,0.25,0.134571,0.475857,0.130857,0.0411429,0.108286,0.128286,0.133286,0.078,0.618714,0.147571,0.0414286,0.0174286,0.215714,0.275714,0.106857,1.844,0.0665714,0.737286,0.609429,0.203714,0.0807143,0.758143,0.205714,0.0361429,0.0302857,0.0391429,0.0291429,0.0135714,0.027,0.0588571,0.0135714,0.0432857,0.0782857,0.137857,0.0351429,0.0161429,0.0155714,0.0355714,0.0428571,0.0344286,0.006,0.0774286,0.0665714,0.0125714,0.0217143,0.187429,0.111229,0.0123143,0.142057,0.1072,0.0591571,3.157,34.2429,435.229,0.528571
0,0.598,0.219333,0,0.186667,0,0.390667,0,0,1.304,0,0.590667,0.105333,0.095,0,0.0916667,0,0.095,2.82833,0,0.757,0,0,0.209,0,0,0.698667,0.580667,0,0,0,0,0.165667,0,0,0.095,0.447333,0,0.990667,0.138667,0.0426667,0,0,0.0426667,0.704667,0,0,0,0.0854667,0.306333,0,0.102867,0.0667,0.0268333,3.7044,23.3333,39.8333,0.333333
0.164348,0.265435,0.46913,0,0.462174,0.205,0.337391,0.0243478,0.0384783,0.439348,0.0869565,0.711522,0.157174,0.021087,0.0552174,0.290652,0.343478,0.267826,2.12761,0,1.01848,0.0354348,0.436739,0.0904348,0.0715217,0.0828261,0,0.156739,0,0.0926087,0,0,0.433696,0,0.153478,0.0602174,0.005,0,0,0.0863043,0,0.0736957,0.0113043,0.0119565,0.118261,0.103696,0,0,0.00976087,0.0851087,0,0.692457,0.110848,0.0193478,6.1162,81.9565,190.522,0.717391
0.110923,0.0847692,0.312923,0.0198462,0.416308,0.160154,0.0709231,0.160462,0.0275385,0.234462,0.0487692,0.47,0.0612308,0,0.0229231,0.259077,0.134,0.160154,1.58492,0.101077,0.861385,0.0155385,0.110769,0.0373846,0.650154,0.497538,0.221538,0.306308,0.132,0.128154,0.0667692,0.062,0.066,0.0710769,0.191077,0.147692,0.172,0,0.118923,0.0587692,0.0552308,0.0944615,0.103846,0.0646154,0.276615,0.224308,0.00138462,0.0175385,0.02,0.147092,0.0244308,0.350892,0.0658,0.0201385,2.30865,15.4,130.062,0.446154
0.0377778,0.104167,0.243611,0,0.09,0.0586111,0.176389,0.0547222,0.189167,0.194722,0.0461111,0.188611,0,0.116667,0,0.96,0.171111,0.274444,1.53583,0.0444444,1.25306,0.0258333,0.165556,0.0538889,0.396111,0.322778,0.170278,0.0630556,0,0.0213889,0.0436111,0,0.106389,0,0.0847222,0.0997222,0.0222222,0,0,0.0438889,0,0,0,0,0.236389,0,0,0,0.0130556,0.111194,0.0136667,0.629194,0.0727222,0.0522778,4.23011,31.8056,90.7222,0.777778
0.0863636,0.425455,0.35697,2.14909,1.02242,0.0290909,0.865152,0.179394,0.0721212,0.251818,0.0427273,0.407879,0.237273,0.101818,0,0.855455,1.64667,0.29697,2.36212,0.340606,2.07667,0,0.0239394,0.135152,0,0,0,0,0,0,0,0,0,0,0,0,0.141212,0.0472727,0,0,0,0,0,0,0,0,0,0,0,0.129152,0,0.750485,0.261061,0.0401212,10.2513,143.879,196.939,0.969697
0.0730952,0.0202381,0.311667,0,0.411905,0.0319048,0.0271429,0.0202381,0,0.0709524,0.0264286,1.00357,0.0316667,0.0552381,0,0.0466667,0,0.0159524,0.650952,0,0.317381,0,0,0,0.612381,1.01429,0.191667,0,0.365952,0.077381,0.027619,0,0.07,0,0,0.0202381,0.141905,0.0585714,0.0269048,0,0.0480952,0.688571,0,0.182143,0.224762,0.105238,0,0,0.034,0.200881,0.0238333,0.0648333,0.00297619,0.0153571,1.63976,5.28571,27.9048,0.047619
0.0270968,0.0672581,0.213226,0,0.209677,0.045,0.0682258,0.0564516,0.0687097,0.759032,0.0319355,0.427097,0.0695161,0,0.0559677,0.105645,0.0708065,0.167903,1.34435,0.0627419,0.423065,0.00935484,0.0354839,0.109516,0.98371,0.580968,0.383226,0.521129,0.165,0.257419,0.166774,0.123226,0.01,0.123226,0.289839,0.213871,0.189839,0.00870968,0.248387,0.130968,0.0129032,0.0517742,0.127581,0.0409677,0.330323,0.228226,0.0248387,0.0456452,0.0584032,0.209081,0.00598387,0.179403,0.0513065,0.026371,2.53998,11.8548,80.1613,0.290323
0.30617,0.144894,0.280426,0.0917021,0.0723404,0.106809,0.0193617,0.139787,0.221064,0.399574,0.144681,0.630213,0.341064,0.652766,0.0255319,0.158936,0.276596,0.12,1.86936,0.0476596,0.868511,0.0334043,0.447021,0.28766,0.0951064,0.0604255,0.00510638,0.00148936,0.00212766,0.00382979,0,0,0.309362,0,0,0.0297872,0.176383,0.00148936,0.00659574,0.017234,0.0246809,0.00765957,0.00446809,0.0159574,0.0421277,0.0568085,0.00978723,0.0502128,0.0292553,0.115766,0.00757447,0.24734,0.329319,0.0877872,5.44715,185.447,3357.47,0.744681
0.2618,0.1626,0.366,0,0.4706,0.2228,0.1022,0.1734,0.4982,0.4458,0.0936,0.5956,0.0874,0.2492,0.1558,0.209,0.2686,0.09,1.7388,0.1926,1.2292,0.4636,0.081,0.3774,0.2832,0.151,0.027,0.0088,0.003,0.0236,0.0132,0.003,0.1006,0.003,0.0132,0.023,0.112,0.0106,0.0152,0.0344,0.035,0.2382,0.0102,0.0106,0.0626,0.0814,0.011,0.0088,0.03132,0.14674,0.01664,0.30882,0.1746,0.06048,4.73856,99.76,649.76,0.62
