0.134207,0.0975862,0.345379,0.0222759,0.289931,0.102345,0.0858621,0.14669,0.0967586,0.306069,0.0746207,0.475103,0.112138,0.0391724,0.0503448,0.268,0.214759,0.191034,1.52655,0.165655,0.800897,0.760483,0.168897,0.072,0.708552,0.282,0.103517,0.0851724,0.0557931,0.0589655,0.0552414,0.0221379,0.0694483,0.0242069,0.0626207,0.0608276,0.202759,0.00731034,0.0309655,0.0628276,0.0405517,0.0611034,0.0390345,0.0553793,0.120483,0.182276,0.02,0.0352414,0.265145,0.171172,0.0233241,0.256662,0.0915448,0.170848,3.82752,38.2,330.186,0.503448
0.0718824,0.0294118,0.229647,0,0.101176,0.042,0,0,0.0212941,0.322353,0,0.146588,0.0652941,0.0345882,0,0.0904706,0,0.0874118,6.81176,0,1.20812,0,0,0.261765,0.132353,0,0.919059,0,0.0435294,0,0,0,0.0735294,0,0,0,0,0,0.0510588,0,0,0,0,0.0244706,1.23706,0.597176,0.0255294,0.056,0.0134235,0.0590471,0.00883529,0.165659,0.00397647,0,1.20961,1.91765,7.09412,0.0823529
0.096,0.008,0.196,0.008,0.092,0.118,0,0.058,0.058,0.188,0.074,0.082,0.072,0,0.038,0.088,0.078,0.076,0.608,0.008,0.242,1.906,0.138,0.11,0,0,0,0,0,0,0,0,0,0.028,0,0.008,0,0,0.016,0,0,0,0,0,0.038,0,0,0,0.4302,2.0094,0.009,0.3924,0.375,0.4024,57.5034,2297.8,10648.8,1
0,0,0,0,0,0,0,0,0,0,0,0,0,0,0,0.333333,0,0,0,0,0,0,0,0,0,0.119,20.292,0,0,0,0,0,0,0,0,0,0,0,0,0,0,0,0,0,0.0555,0,0,0,0,0.0292333,0,0.009575,0,0,1.2115,1.69167,5.44167,0
0,14.1478,0,0,0,0,0,0,0,0.132222,0,0,0,0,0,0,0,0,0,0,0,0,0,0,0,0,0,0,0,0,0,0,0,0,0,0,0,0,0,0,0,0,0,0,0.132222,0,0,0,0,0,0,0,0,0,1.77778,4.88889,9.02778,0
0.108,0.105882,0.360824,0.00682353,0.515412,0.126118,0.108118,0.168941,0.0703529,0.300471,0.0994118,0.615765,0.0715294,0.0127059,0,0.332824,0.352235,0.277412,1.98718,0.135176,1.00753,0.123529,0.194824,0.0828235,0.231529,0.0821176,0.0251765,0.0256471,0.00458824,0.0435294,0.00458824,0.00823529,0.0228235,0.012,0.0438824,0.0777647,0.111765,0.000823529,0.0198824,0.0430588,0,0.00482353,0.0172941,0.0202353,0.219059,0.281647,0,0.026,0.0574471,0.110565,0.00965882,0.335329,0.118188,0.0552588,4.24845,67.4,263.741,0.658824
0,0,0,0,0,0,0,0,0,0,0,0,0,0,0,0,0,0,3.42375,0,0,0,0,0,0,0,0,0,0,0,0,0,0,0,0,0,0,0,1.38875,0,0,0,0,0,14.6637,0,0,0,0,0.285625,0,5.217,0,0,1.46187,2.875,7.375,0
0,0,0,0,0,0,0,0,0,0,0,0,0,0,0,0,0,0,0,0,0,0,0,0,6.31938,3.55125,0.694375,0,0,0,0,0,0,0,0,0.480625,0,0,0,0,0,0.905625,0,4.04187,0,0,0,0,0,0,0,0,0,0,1.40675,2.375,6,0
0.112254,0.0999061,0.247934,0,0.21554,0.0539437,0.11939,0.0825352,0.00737089,0.206291,0.0619718,0.704554,0.0622535,0,0.037277,0.214977,0.087277,0.175305,1.70484,0.0198122,0.56831,0,0.0521127,0.0215023,0.678779,0.383897,0.188779,0.193192,0.146103,0.232864,0.112254,0.044507,0.170469,0.044507,0.228967,0.127418,0.19108,0.00633803,0.123427,0.0475117,0.0538967,0.181268,0.05,0.0955399,0.221127,0.310939,0,0.0286385,0.0117887,0.134347,0.00489671,0.217178,0.0169014,0.0763192,1.99099,9.07042,52.1737,0.239437
0.309167,0.275,0.334722,0.00361111,0.251944,0.0719444,0.0386111,0.149722,0.424722,0.529167,0.211389,0.570556,0.366944,0.711111,0.0869444,0.263333,0.335278,0.110278,2.39944,0.0369444,1.0925,0.0466667,0.387222,0.3675,0.0986111,0.102222,0.00166667,0.000555556,0.000555556,0,0,0,0.126667,0,0.00194444,0.0330556,0.1375,0.00305556,0.0025,0.0402778,0.00444444,0.00222222,0.00638889,0.00388889,0.0588889,0.02,0.00194444,0.0161111,0.03375,0.101667,0.0111944,0.334833,0.427639,0.0978333,7.68856,351.972,2332.47,0.861111
0.111593,0.12177,0.271681,0.0902655,0.396814,0.126195,0.0342478,0.127345,0.172212,0.151416,0.0769911,0.584779,0.129381,0.0310619,0.0225664,0.198938,0.231681,0.132655,1.70903,0.0917699,0.741593,0.605752,0.171504,0.108407,0.592389,0.138761,0.0811504,0.029292,0.0390265,0.0253097,0.0153982,0.020177,0.0500885,0.0130973,0.0338053,0.080531,0.114071,0.0478761,0.0190265,0.0332743,0.0220354,0.0409735,0.0325664,0.00637168,0.0729204,0.0686726,0.00778761,0.0229204,0.157319,0.12115,0.0113009,0.176398,0.095354,0.0640531,3.70241,40.0973,423.593,0.530973
0.110887,0.0555172,0.264778,0,0.274483,0.0752217,0.0627094,0.0461576,0.0342365,0.0899507,0.00448276,0.588424,0.070936,0.0428079,0.00896552,0.262463,0.0459113,0.128424,1.85207,0.00768473,0.635271,0,0.0450739,0.0255172,0.274138,0.28867,0.216158,0.0280788,0.16064,0.0305911,0.028867,0,0.0514778,0,0.0165517,0.0564039,0.190739,0.00522167,0.110542,0.00492611,0.112709,0.286897,0.0362069,0.157882,0.478177,0.17064,0.00502463,0.0320197,0.0242562,0.109729,0.0134384,0.167276,0.0251034,0.0187882,1.74024,6.41872,32.0739,0.187192
0,0,0.0359459,0,0.0359459,0,0,0,0,0,0,0,0,0,0,0,0,0.267838,0,0,0.0359459,0,0,0,11.273,2.94865,2.04892,2.31676,1.97405,2.31676,2.24189,1.97405,0,1.97405,2.24189,2.24189,0.0359459,0.108108,0.0359459,1.97405,0,0.108108,0,0,1.09108,0,0,0,0.0233784,0.549892,0.00583784,0.0491892,0,0,3.39508,13,28.2432,0
0.034455,0.0509005,0.320711,0,0.298531,0.0215166,0.0690521,0.045782,0.0434123,0.136351,0.0300948,0.838957,0.0657346,0.0722749,0.00805687,0.110142,0.0480095,0.116777,2.07142,0.0345024,0.408341,0,0,0.162275,0.223886,0.247109,0.358578,0.0391469,0.118768,0.0769668,0,0,0.0673934,0,0.0456398,0.00322275,0.123318,0.0109005,0.0685308,0.0150711,0.0511848,0.252227,0.0125118,0.101517,0.387915,0.156256,0,0.0680095,0.0389336,0.144645,0.0102701,0.206095,0.0109763,0.0108341,1.80159,5.74882,22.9526,0.156398
0.432881,0.117627,0.552034,0,0.219492,0.0484746,0.302373,0.0752542,0,0.419153,0.372881,1.02746,0,0.0876271,0,0.192542,0.019661,0.0852542,1.36119,0,3.31492,0,0,0.436271,0.415424,0.113051,0.150508,0.180508,0,0.0683051,0,0.0852542,0.0842373,0.0852542,0.020339,0.0483051,0.0272881,0,0.0384746,0.0705085,0,0.040678,0,0.019661,0.128136,0.019661,0,0.0411864,0,0.113237,0,0.467729,0.0809661,0.0134237,4.96056,27.1186,53.2373,0.457627
0.0226562,0.089375,0.140313,0,0.250625,0.0373437,0.221094,0.0459375,0.0203125,0.209063,0,0.479375,0.180156,0.04875,0,0.509375,0.0528125,0.307812,2.87312,0.182031,1.23234,0.0864063,0,0.0507812,0.0185938,0.125938,0.040625,0.0234375,0,0,0,0,0,0,0.0234375,0.01,0,0,0,0,0,0.136875,0,0.0525,0.390312,0.416875,0,0,0.0155,0.0296562,0,0.168125,0.0259375,0.0504687,4.87631,48,83.0156,0.421875
0.102629,0.0255172,0.205603,0.00573276,0.170431,0.0712069,0.0777586,0.140948,0.0294828,0.178233,0.034181,0.47931,0.0909052,0.00612069,0.0373276,0.14069,0.110302,0.223276,1.45659,0.00573276,0.659267,0,0.0326724,0.0326724,0.946552,0.428147,0.226509,0.317543,0.100474,0.19181,0.0778017,0.0511638,0.271638,0.0511638,0.189612,0.129569,0.318405,0.00810345,0.129267,0.0764224,0.04375,0.126034,0.108448,0.124526,0.311767,0.284828,0.0037069,0.0292241,0.0200603,0.194293,0.025,0.231608,0.0534741,0.0846983,2.2776,12.1207,65.681,0.314655
0.295,0.0833333,1.3825,0.0158333,0.885833,0,0.0541667,0,0.495833,0.685833,0,0.0333333,0,0,0,0.065,0,0,0.295,0.725833,0.400833,0,0,0.0333333,0.278333,0,0.121667,0.04,0,0.0483333,0,0,0,0.0316667,0,0,0.0483333,0,0,0,0,0,0,0,0,0,0,0,0,0.00733333,0,0.763833,0.18825,0.0025,537.208,1405.58,1442.75,0.916667
0.0920588,0.0886765,0.263088,0.281765,0.253676,0.0782353,0.0625,0.0644118,0.286029,0.357059,0.0717647,0.454559,0.136765,0.147941,0.0952941,0.288088,0.06,0.248235,1.35,0.200441,0.866029,0.882794,0.1,0.0935294,0.378382,0.177353,0.0314706,0.0188235,0.00867647,0.0163235,0.0329412,0.00132353,0.0766176,0.00132353,0.102059,0.0239706,0.168971,0.000588235,0.0169118,0.0395588,0.00985294,0.0358824,0.00441176,0.0113235,0.0419118,0.0498529,0.0161765,0.0388235,0.035,0.152,0.0205735,0.224721,0.126412,0.105324,6.09743,96.1029,1231.35,0.588235
0.0969022,0.104185,0.22913,0.00733696,0.29587,0.0558696,0.0847283,0.06625,0.0322826,0.362174,0.0418478,0.61538,0.116413,0.00733696,0.0233152,0.100652,0.0924457,0.118424,1.53614,0.0499457,0.519946,0.00315217,0.0379891,0.064837,0.68375,0.437065,0.29538,0.34875,0.123967,0.187826,0.108315,0.0846196,0.084837,0.0846196,0.1825,0.177609,0.203261,0.00543478,0.149946,0.08375,0.034837,0.0765217,0.112717,0.101087,0.2625,0.173641,0.0132609,0.0508696,0.0262065,0.188326,0.014038,0.231565,0.0322174,0.0155054,2.14736,10.7337,80.9402,0.233696
0.12061,0.167195,0.419512,0,0.442439,0.124024,0.326951,0.133171,0.0709756,0.324878,0.143415,0.519512,0.155488,0.0586585,0.0554878,0.322927,0.22939,0.282561,1.9189,0.144268,1.01463,0.019878,0.289512,0.074878,0.244878,0.0906098,0.0147561,0.129878,0.00731707,0.0764634,0.014878,0.00731707,0.252195,0.00731707,0.116707,0.0813415,0.154024,0,0.00682927,0.0909756,0.00378049,0.0441463,0.00634146,0.0180488,0.123537,0.0771951,0,0.0219512,0.0133659,0.0861707,0.00123171,0.473878,0.119073,0.0130976,4.7314,64.561,196.5,0.646341
0.323913,0.155217,0.293696,0.0936957,0.0758696,0.112826,0.0208696,0.145652,0.235217,0.416739,0.153478,0.663261,0.357174,0.691087,0.0271739,0.164783,0.287391,0.123478,1.97283,0.0486957,0.911087,0.0341304,0.470435,0.305217,0.0971739,0.0617391,0.00521739,0.00152174,0.00217391,0.00391304,0,0,0.314565,0,0,0.0276087,0.180217,0.00152174,0.00673913,0.0173913,0.0152174,0.00782609,0.00456522,0.0156522,0.0447826,0.0406522,0.00978261,0.0497826,0.0283261,0.112848,0.00447826,0.260087,0.345674,0.0920435,5.568,191.043,3245.11,0.782609
0.0922311,0.0917131,0.26255,0,0.297371,0.0615139,0.0389243,0.0519522,0.00780876,0.174622,0.0038247,0.650837,0.0779283,0.0901992,0,0.251394,0.018008,0.219243,1.78375,0.0831873,0.587849,0,0.00844621,0.0429482,0.112191,0.0584861,0.547012,0,0.0636653,0.00709163,0,0,0.240837,0,0.0796813,0.0141833,0.0213147,0.0464143,0.079004,0.00466135,0.0300398,0.283347,0.0601992,0.090757,0.516813,0.174622,0.0116335,0.0436653,0.0217251,0.0856215,0.0145179,0.273546,0.00379681,0,1.49886,3.7251,14.5219,0.10757
0.0151852,0.0803704,0.213704,0,0.603704,0.0359259,1.00852,0.492222,0.41,0.474815,0.401111,0.787037,0,0.0396296,0.00888889,0.79,1.35,0.124444,1.69741,0.401111,2.03593,0,0.16037,0.0548148,0.0107407,0.0107407,0.244074,0.0214815,0,0,0.233333,0,0,0.0107407,0.0733333,0,0.163333,0,0.0396296,0.703704,0,0,0,0,0.0455556,0,0,0,0,0.159778,0.022,0.383037,0.132296,0.036963,41.1705,252.407,361.481,0.62963
0,0,0,0,0,0,0,0,0,0,0,0,0,0,0,0,0,0,0,0,0,0,0,0,0,0,0.653333,0.653333,0,0.653333,0,0,0,0,0.653333,0,0,0,0,0,4.35556,0,0,0,0,7.48667,0,0,0,0.0847778,0,0,0,0,3.68233,7.77778,12.8889,0
0.0884681,0.141745,0.271574,0,0.202128,0.0677021,0.129404,0.0425532,0.0318723,0.254298,0.0334043,0.50817,0.136426,0.0611489,0.00953191,0.288426,0.0798298,0.116213,1.93664,0.0132766,0.618553,0,0.0637021,0.0444681,0.626426,0.374128,0.442,0.251404,0.17234,0.228255,0.187106,0.135532,0.0944681,0.135532,0.237362,0.195787,0.234298,0.00570213,0.280936,0.140426,0.0815319,0.202638,0.0720426,0.155149,0.361915,0.194596,0,0.0304255,0.0198383,0.177783,0.0206298,0.242596,0.0862936,0.0162936,2.1666,10.8298,40.634,0.238298
0.124369,0.15301,0.389223,0.138932,0.297961,0.119612,0.088835,0.185922,0.42767,0.51534,0.123107,0.532718,0.128447,0.0634951,0.135728,0.270291,0.145631,0.371553,1.42854,0.176796,0.934078,0.91165,0.12466,0.198058,0.470777,0.150583,0.0302913,0.0246602,0.00553398,0.0266019,0.0197087,0.00184466,0.122816,0.00368932,0.124757,0.0316505,0.136505,0.00174757,0.0326214,0.0313592,0.00932039,0.0270874,0.00524272,0.0121359,0.0366019,0.0365049,0.00640777,0.0286408,0.0586214,0.106913,0.043534,0.362107,0.180175,0.104767,4.71909,77.699,971.097,0.68932
0.486667,0.750833,0.77375,0,0.35,0.282917,0.0454167,0.407917,0.425,1.41,0.0629167,1.4775,0.12625,0.282917,0.348333,0.299167,0.13,0.66125,2.12708,0.3475,3.35667,0.0158333,0.54125,0.256667,0,0,0,0,0,0,0,0,0.01375,0,0.0529167,0.0175,0.0154167,0,0,0,0,0,0.00791667,0,0.0258333,0,0,0,0.012,0.153833,0.0674167,0.980917,0.185792,0.0610833,40.1172,598.375,872.333,1
0.0757447,0.0625532,0.33078,0.00617021,0.303972,0.156738,0.0714184,0.146667,0.0882979,0.185248,0.0463121,0.486454,0.0848936,0.0378723,0.0214184,0.241844,0.155745,0.165035,1.38284,0.120284,0.749645,0,0.125603,0.076383,0.751206,0.447447,0.13461,0.149716,0.0869504,0.139078,0.0714894,0.0342553,0.112979,0.0342553,0.107447,0.116879,0.240284,0.00489362,0.0891489,0.0635461,0.117376,0.0258156,0.0759574,0.0768794,0.170284,0.254326,0.0077305,0.0421277,0.0569362,0.185716,0.0249645,0.131879,0.0589291,0.0387943,2.45279,19.383,194.525,0.425532
0.0732979,0.103617,0.199255,0,0.232021,0.0465957,0.18117,0.391064,0.116915,0.143936,0.0704255,0.284255,0.0110638,0.19883,0.00670213,0.462766,0.257234,0.153191,1.32915,0.0324468,0.79617,0.0311702,0.200851,0.0654255,0.271702,0.248191,0.165638,0.0802128,0,0.0354255,0.0167021,0.0251064,0.048617,0.0251064,0.0564894,0.109574,0.107979,0,0.0241489,0.0235106,0,0.00808511,0.0144681,0.0201064,0.349681,0.0405319,0,0.0176596,0.00642553,0.148436,0.0102447,0.382479,0.114511,0.00648936,3.54322,25.9043,82.9468,0.744681
0.0783871,0.255806,0.390323,2.6729,0.410968,0.105484,0.157419,0.0874194,0.324194,0.27,0.0335484,0.490323,0.120968,0.0245161,0.188387,0.302903,0.277742,0.599032,1.64581,0.0835484,0.949355,0.901935,0.323548,0.158387,0.442903,0.110323,0,0,0.016129,0.00806452,0,0,0,0.02,0.00645161,0.0422581,0.109032,0,0.0883871,0,0,0.00645161,0.0132258,0,0.0606452,0,0,0.0387097,0.0273548,0.16629,0.00180645,0.448032,0.145,0.130935,9.22126,123.548,482.645,0.806452
0.121707,0.440976,0.342439,1.72976,0.936341,0.144634,0.696341,0.152683,0.0580488,0.375854,0.0426829,0.635854,0.190976,0.0819512,0,0.730488,1.53659,0.239024,2.09098,0.274146,1.82732,0,0.0192683,0.160976,0,0,0,0,0,0.0236585,0,0,0,0,0,0.0521951,0.113659,0.0380488,0,0.00829268,0,0,0,0,0.00829268,0,0,0,0,0.123293,0,0.729683,0.212683,0.0322927,9.20393,136.756,194.512,0.926829
0,0,0,0,0.793077,0,0,0,0,0,0,2.13846,0,0,0,0,0,0,0,0,0,0,0,0,0.497692,0.497692,1.70923,0,5.55308,0,0,0,0,0,0,0,0,0,0,0,0,9.33769,0,0,0,0,0,0,0,0,0,0.131077,0,0,1.335,2.84615,11.2308,0
0.129583,0.209722,0.431806,0.594583,0.276389,0.120139,0.0483333,0.112917,0.26,0.315694,0.0713889,0.80875,0.209028,0.125278,0.13,0.149583,0.144306,0.187083,1.73278,0.150972,0.950694,0,0.128194,0.174028,0.717361,0.12875,0.0215278,0.0234722,0.0144444,0.0180556,0.0204167,0.00222222,0.0694444,0.00222222,0.0355556,0.0625,0.0911111,0.00194444,0.0173611,0.035,0.00222222,0.0723611,0.0354167,0.0102778,0.0261111,0.00166667,0,0.0213889,0.140569,0.130917,0.017875,1.03196,0.256306,0.0185694,4.10265,61.0833,755.875,0.597222
0.144344,0.060082,0.269672,0.102869,0.332541,0.106557,0.0504098,0.138197,0.220492,0.300082,0.101475,0.827295,0.12082,0.0945082,0.0117213,0.168197,0.183852,0.0636885,1.44287,0.0913115,1.10664,0.255246,0.167049,0.13082,0.684918,0.182787,0.0152459,0.0230328,0.0172131,0.0307377,0.00393443,0,0.11959,0,0.022377,0.0729508,0.154016,0.0130328,0.0267213,0.0118852,0.0711475,0.0787705,0.0042623,0.0172951,0.0648361,0.267295,0.0209836,0.0189344,0.0449426,0.153221,0.0203361,0.199598,0.0588443,0.0433361,3.68284,47.5738,526.836,0.565574
0.1025,0.0725,0.28413,0.0126087,0.313478,0.112391,0.122283,0.0675,0.0248913,0.175761,0.0306522,0.373587,0.105543,0.0195652,0.0228261,0.498804,0.176522,0.0896739,1.8962,0.0158696,0.9375,0.0618478,0.185435,0.0818478,0.340652,0.224239,0.184565,0.115326,0.0508696,0.0852174,0.0466304,0.0466304,0.0459783,0.0613043,0.0992391,0.136848,0.0122826,0,0.115109,0.0551087,0.00358696,0.0173913,0.00695652,0.023913,0.242065,0.117609,0,0.0277174,0.010087,0.135696,0.0143696,0.411946,0.0777391,0.0315,3.57039,34.663,120.261,0.608696
0.153478,0.124783,0.265435,0.00804348,0.295435,0.106304,0.0395652,0.230435,0.203696,0.299348,0.0923913,0.540435,0.148261,0.0695652,0.0623913,0.32413,0.210435,0.185652,1.49261,0.128696,0.707826,0.652609,0.261522,0.233478,0.461087,0.0893478,0.00586957,0.00543478,0.00326087,0.023913,0.0104348,0,0.0884783,0.00282609,0.0106522,0.118043,0.160217,0.00934783,0.0213043,0.0245652,0.0193478,0.00326087,0.0073913,0.0245652,0.0297826,0.0973913,0.0023913,0.0397826,0.0394565,0.123587,0.0373696,0.200739,0.163326,0.101739,5.77274,124.522,1677.87,0.543478
0.0666949,0.122542,0.308729,0.0101695,0.369492,0.117288,0.110339,0.114746,0.0525424,0.278729,0.0671186,0.512458,0.194153,0.0332203,0.0877966,0.177119,0.115085,0.276186,1.3572,0.0513559,0.835593,0.309915,0.148983,0.0886441,0.642542,0.292203,0.176441,0.111356,0.100085,0.0988983,0.0547458,0.0613559,0.0869492,0.0613559,0.0759322,0.0949153,0.154576,0.0128814,0.069661,0.0805932,0.0135593,0.0370339,0.0825424,0.0514407,0.12161,0.0627966,0,0.0184746,0.0431441,0.177686,0.0273475,0.171941,0.115263,0.0418305,3.05197,24.7712,247.839,0.525424
0.187634,0.128387,0.327312,0.0011828,0.342796,0.149677,0.0745161,0.175806,0.326022,0.325914,0.0952688,0.638817,0.0744086,0.120753,0.0890323,0.199785,0.325806,0.0812903,1.44204,0.204516,1.04054,0.337634,0.0677419,0.247097,0.84828,0.181505,0.0273118,0.0119355,0.00451613,0.0244086,0.0191398,0.00451613,0.101183,0.00569892,0.0191398,0.0569892,0.157527,0.0202151,0.0163441,0.031828,0.0497849,0.139355,0.0166667,0.0147312,0.055914,0.088172,0.00591398,0.0116129,0.122602,0.185602,0.0144409,0.274269,0.138172,0.0869677,4.17977,73.3226,627.032,0.505376
0.171838,0.0804324,0.322,0.00697297,0.483568,0.0980541,0.118973,0.137784,0.0441622,0.176486,0.0296216,0.510486,0.0798919,0.00394595,0.0230811,0.237189,0.173892,0.188541,1.68195,0.0378919,0.828486,0.00545946,0.118919,0.0360541,0.554649,0.410865,0.249514,0.208378,0.0984324,0.124054,0.0585946,0.0589189,0.0871892,0.0621081,0.147622,0.133568,0.175027,0.00389189,0.106811,0.060973,0.0441622,0.0520541,0.103514,0.0702703,0.281514,0.158973,0.00151351,0.0551892,0.0238324,0.139043,0.0210054,0.286768,0.0759838,0.019827,2.20031,14.9027,122.714,0.427027
0.005,0.005,0.035,0,0.025,0,0,0.005,0.015,0.065,0.025,0,0,0.025,0,0,0.005,0.035,0.005,0,0.005,0,0,0,0,0,0,0,0,0,0,0,0.035,0,0,0.065,0,0,0,0.005,0.23,0,0,0.015,0,0.4,0.005,0.035,0.036,0.1615,0.075,0.012,0.056,0.012,3.0295,43.5,5648.5,0
0.118571,0.258254,0.485873,0.313175,0.514921,0.22,0.606349,0.0725397,0.0620635,0.287619,0.0953968,0.514921,0.0495238,0.0031746,0.0107937,0.357937,0.222222,0.43619,2.36317,0.346349,1.37603,0.0501587,0.103651,0.153333,0.0634921,0.0488889,0.00507936,0.022381,0.0228571,0.0228571,0.0149206,0,0.00428571,0,0.0426984,0.0365079,0.107619,0,0.0501587,0.00301587,0,0,0.0285714,0.0120635,0.221111,0.0266667,0,0.027619,0.00779365,0.0940159,0.0163175,0.43173,0.220841,0.0395079,8.72794,132.222,331,0.857143
0.0238342,0,0.0478238,0,0.0112435,0.033057,0,0.0880311,0,0.0324352,0,0.166477,0.00725389,0.055544,0,0.10057,0.0147668,0.0470984,0.327824,0,0.246684,0,0,0,0.036114,0.0136269,0.590466,0,0,0.0215544,0.0647668,0,0.0363212,0,0,0,0,0.0147668,0.0152332,0,0,0.16171,0,0.14057,0.759223,0.373782,0,0.0949741,0.0118912,0.11143,0.0499223,0.160518,0.00747668,0,1.21933,1.76684,5.95855,0.0310881
0.0822275,0.115071,0.296114,0.00383886,0.397062,0.220427,0.127725,0.0995735,0.0459716,0.243555,0.0324645,0.571991,0.0831754,0.00909953,0.00459716,0.236967,0.129336,0.178009,1.51701,0.016872,1.17057,0.00587678,0.114976,0.111848,0.621043,0.354455,0.253081,0.155118,0.115213,0.133697,0.0795735,0.0749289,0.118009,0.0749289,0.127014,0.109763,0.19763,0.00109005,0.0946446,0.0831754,0.0530806,0.0507583,0.113602,0.0195261,0.24455,0.0843602,0.0126066,0.0176777,0.0307062,0.175227,0.0290474,0.171607,0.0678246,0.014763,2.47089,17.5071,153.483,0.459716
0.219062,0.405938,0.650312,0.0734375,0.365938,0.18125,0.319688,0.125625,0.314063,0.860625,0.215625,0.77125,0.14375,0.096875,0.270625,0.930625,0.3275,0.23875,1.85531,0.145,1.52562,0.0053125,0.193438,0.223438,0.299375,0.13875,0.0075,0,0,0.0228125,0,0,0.0421875,0,0.0225,0.0146875,0.12125,0.026875,0.0075,0.0228125,0,0.0228125,0.010625,0.0153125,0.110625,0.0446875,0,0.0240625,0.0094375,0.125656,0.00465625,0.753812,0.231156,0.0675,25.445,340.531,656.719,0.9375
0.118421,0.154912,0.688947,0.160702,0.660702,0.611404,0.324211,0.165439,0.581754,0.412281,0.252281,0.720526,0.177193,0.0936842,1.13667,0.344561,0.151228,0.89614,1.74298,0.878246,1.05386,0.101404,0.608421,0.165439,0.00157895,0.00157895,0,0,0,0,0,0,0.00631579,0,0.00508772,0,0.00508772,0,0,0.047193,0,0,0.103509,0.0140351,0.0526316,0.042807,0,0,0.0101404,0.0927018,0.00131579,0.374491,0.152123,0.0238772,15.4019,652.789,1402.49,1
0,0,0.357778,0,6.97,0,0,0,0,0,0,0,0,0,0,0,0,0,0,0,0.357778,0,0,0,1.11111,0,0,0,0.528889,0,0,0,0,0,0,0,0,1.64222,0,0,0,2.17111,0,0,0.793333,0,0,0,0,0.0653333,0,0,0,0,1.27033,2.11111,5.33333,0.111111
0.112273,0.102784,0.256193,0,0.38767,0.115568,0.136761,0.120114,0.0355682,0.244489,0.0857955,0.571875,0.06625,0.0297159,0.0772159,0.343466,0.115398,0.224716,1.76909,0.0290909,0.872045,0.0268182,0.0897159,0.0830114,0.713295,0.397216,0.24017,0.258864,0.0964205,0.146023,0.0697727,0.08625,0.0843182,0.08625,0.117216,0.173807,0.159091,0.0111932,0.118239,0.0710795,0.0461932,0.0469318,0.1175,0.131364,0.244602,0.274205,0.0131818,0.0166477,0.0253239,0.14246,0.0152727,0.182443,0.0560909,0.0519148,2.18389,12.1989,100.068,0.380682
0.0524242,0.209545,0.369091,0,0.608636,0.124545,0.251364,0.139848,0.0709091,0.243636,0.101515,0.712727,0.0834848,0,0.0577273,0.309848,0.247121,0.41,2.14333,0.420152,1.25045,0.178939,0.167273,0.132273,0.322727,0.147879,0.0493939,0.131212,0.0207576,0.125909,0.0207576,0.0207576,0.0242424,0.0207576,0.0348485,0.0509091,0.106515,0,0.125,0.0793939,0.0160606,0.035303,0.00545455,0,0.150606,0.0439394,0,0,0.00398485,0.120833,0.000984848,0.306909,0.0647879,0.0342727,5.70521,55.4394,149.773,0.666667
0.125429,0.149143,0.238857,0,0.592286,0.136857,0.291143,0.0748571,0.0954286,0.258,0.14,0.423143,0.134286,0.0491429,0.315714,0.684286,0.136286,0.328,1.91771,0.149143,1.076,0,0.225143,0.308,0.122571,0.034,0.102,0,0,0.0422857,0,0,0.106,0,0.0571429,0.0257143,0.0748571,0,0.0748571,0.113714,0.00742857,0.0462857,0.02,0.0551429,0.215143,0.159714,0,0,0,0.0914857,0.0078,0.345286,0.111114,0.569371,6.1194,64.0286,115.6,0.685714
