0.0562745,0.211569,0.34,0,0.695686,0.183137,1.12078,0.266078,0.232941,0.491765,0.241765,0.650196,0.0303922,0.0209804,0.0180392,0.495686,0.823529,0.298824,2.18118,0.212353,1.67961,0.0168627,0.111765,0.108235,0.0529412,0.0154902,0.129216,0.0390196,0.00980392,0.00490196,0.141961,0,0,0.00568627,0.0664706,0.0103922,0.101176,0,0.0578431,0.372549,0,0.00392157,0,0.0054902,0.17098,0,0,0.0196078,0.0095098,0.149353,0.0116471,0.406412,0.0851961,0.0433333,27.1243,208.529,369.843,0.72549
0.0853425,0.245753,0.336849,0,0.0894521,0.109863,0.258219,0.0923288,0.0669863,0.658904,0.0209589,0.522877,0.0616438,0.0390411,0,0.16863,0,0.0390411,2.44274,0,0.93,0,0.0153425,0.140959,0.316712,0.149315,0.359726,0.309452,0.119315,0.0447945,0.0621918,0,0.0736986,0,0,0.0569863,0.303699,0.00561644,0.49137,0.0569863,0.0457534,0.10137,0.0257534,0.103014,0.622877,0.322466,0,0.0350685,0.0351233,0.19,0.0127808,0.182329,0.0552055,0.0513836,3.26841,19.2466,38.863,0.383562
0.114672,0.0780349,0.271004,0,0.228952,0.069214,0.113319,0.0165066,0.0417031,0.152314,0.0275983,0.489345,0.137162,0.07869,0.0148472,0.327249,0.103974,0.123712,1.66135,0.0175109,0.534192,0,0.0617467,0.0270306,0.461921,0.366987,0.338166,0.123493,0.127249,0.143406,0.0889083,0.0630568,0.0840175,0.0630568,0.15476,0.139825,0.170786,0.00406114,0.0866812,0.0724454,0.0676856,0.261441,0.0647598,0.161441,0.357118,0.130437,0.00445415,0.0484279,0.0105546,0.139607,0.019559,0.248266,0.0469694,0.0108603,1.81447,7.34061,39.4498,0.19214
0.082,0.0587907,0.191488,0.00627907,0.240419,0.0455349,0.096093,0.239488,0.0436744,0.28986,0.0364651,0.462651,0.105442,0.0641395,0.0327442,0.0864651,0.142047,0.108884,1.37879,0.0476744,0.550419,0.012,0.12307,0.0549302,0.601535,0.354558,0.259581,0.246186,0.104744,0.163349,0.0823256,0.0675814,0.0706047,0.0675814,0.150791,0.151581,0.188093,0.00465116,0.109023,0.0758605,0.0273023,0.0426512,0.0968372,0.0497674,0.383163,0.168977,0.0153488,0.0427442,0.0223163,0.198121,0.0132233,0.249981,0.0721721,0.0140047,2.54888,13.814,77.9349,0.386047
0.121032,0.0980159,0.27119,0.0996032,0.350794,0.104048,0.0684921,0.110556,0.205794,0.336032,0.0956349,0.771032,0.131111,0.083254,0.0543651,0.19619,0.163492,0.184127,1.5854,0.0738889,0.972222,0.591508,0.200079,0.10746,0.60254,0.182937,0.0169841,0.0238095,0.015873,0.0289683,0.00849206,0.00150794,0.105079,0.00642857,0.0279365,0.066746,0.126905,0.012619,0.0150794,0.00698413,0.0464286,0.0719048,0.00738095,0.0150794,0.0692857,0.235,0.0203175,0.0185714,0.0377937,0.140659,0.0177698,0.223365,0.0743651,0.080754,4.45874,58.9206,515.238,0.603175
0.108205,0.0792308,0.301111,0.00854701,0.343675,0.147607,0.0760684,0.123248,0.065812,0.196154,0.0845299,0.505556,0.095812,0.0120513,0.000769231,0.281368,0.228889,0.249402,1.67983,0.134017,0.762906,0.383761,0.183675,0.0882051,0.495128,0.170171,0.0502564,0.0313675,0.0303419,0.0377778,0.0155556,0.00632479,0.0571795,0.0116239,0.0475214,0.08,0.153419,0.00162393,0.0105983,0.0261538,0.0225641,0.028547,0.0317949,0.0113675,0.156068,0.241197,0,0.0225641,0.0879487,0.133821,0.0242564,0.286103,0.111607,0.0608291,3.89185,48.7094,282.068,0.57265
0.0328986,0.0362319,0.213333,0,0.0689855,0.0517391,0,0,0.0262319,0.33913,0,0.131884,0.0804348,0,0,0.111449,0,0.0314493,7.3558,0,1.42246,0,0,0.322464,0.0262319,0,1.02928,0,0.0536232,0,0,0,0.0905797,0,0,0,0,0,0.0628986,0,0,0,0,0,1.29565,0.594638,0.0314493,0.0689855,0.0138986,0.042087,0,0.188493,0,0,1.19145,1.82609,6.65217,0.0724638
0,0,0,0,0,0,0,0,0,0,0,0,0,0,0,0,0,0,0,0,0,0,0,0,0.383103,0.492414,13.2276,0,0,0,0,0,0,0,0,0,0,0,0,0,0,0.766207,0,0,0.229655,0,0,0.287241,0.0415172,0.120966,0,0.0838276,0,0,1.34934,2.27586,7.31034,0
0.112067,0.0991827,0.253221,0,0.25399,0.0616346,0.134183,0.0862981,0.00317308,0.19524,0.0606731,0.667212,0.0589423,0,0.0381731,0.190817,0.0708173,0.18476,1.68087,0.0106731,0.585962,0,0.05875,0.0160096,0.723558,0.398702,0.233125,0.199615,0.15101,0.267356,0.131346,0.0852404,0.169231,0.0852404,0.250673,0.145625,0.180913,0.00649038,0.202644,0.0692788,0.0672115,0.208269,0.049375,0.0939904,0.199904,0.326587,0,0.0293269,0.0121731,0.142731,0.00609135,0.208308,0.0468125,0.0725481,2.01616,9.44712,50.9856,0.225962
0.162817,0.073615,0.291315,0,0.431831,0.0731925,0.103662,0.100141,0.0359155,0.123192,0.0300469,0.493474,0.0756338,0.0118779,0.0226291,0.31784,0.178732,0.1723,1.6707,0.0258685,0.812113,0.0146948,0.137089,0.0440376,0.440845,0.291221,0.216995,0.161643,0.0688732,0.0922066,0.0480751,0.042723,0.0838498,0.042723,0.116056,0.139249,0.158779,0.00511737,0.113427,0.0515962,0.0462441,0.0312676,0.0905634,0.0698122,0.253192,0.154648,0.000892019,0.0600939,0.0210235,0.13077,0.0206714,0.287723,0.0853568,0.0218122,2.45279,18.0188,115.089,0.469484
0.0640496,0.0596694,0.25095,0,0.284463,0.033843,0.0448347,0.0450413,0.0311157,0.103926,0.0173967,0.758967,0.065124,0.0307851,0.00975207,0.16376,0.03,0.130826,1.97103,0.00797521,0.530868,0,0.0319835,0.106322,0.388388,0.342355,0.315661,0.0473554,0.123967,0.0660744,0.0356612,0,0.0596281,0,0.0436364,0.0323554,0.167934,0.0101653,0.0930579,0.00917355,0.0893388,0.259463,0.0291322,0.125248,0.454174,0.174421,0,0.0392562,0.0314628,0.118017,0.0108884,0.187566,0.0273306,0.0141281,1.76022,6.41736,27.7645,0.177686
0.122018,0.0512556,0.212691,0.00596413,0.177848,0.0824215,0.083139,0.103139,0.0197758,0.219417,0.0327354,0.473408,0.0860987,0.00636771,0.0252466,0.162422,0.116906,0.23713,1.51076,0.0149327,0.635874,0,0.0032287,0.0334978,0.884395,0.382152,0.226547,0.323722,0.0826906,0.18435,0.069417,0.0398655,0.301076,0.0398655,0.196099,0.115919,0.326188,0.00843049,0.1187,0.0553812,0.0489238,0.118565,0.0995516,0.133139,0.277803,0.270045,0,0.0252018,0.0215067,0.176646,0.0230942,0.243045,0.0425964,0.0923408,2.19861,11.5022,63.9013,0.304933
0.0771429,0.0557143,0.286667,0.00690476,0.279444,0.139365,0.0742857,0.124444,0.0901587,0.207857,0.0460317,0.467619,0.111032,0.0436508,0.0170635,0.236587,0.176984,0.163095,1.35508,0.10873,0.716111,0,0.0603968,0.0989683,0.724048,0.406746,0.129048,0.140079,0.0888889,0.119683,0.0753968,0.0319841,0.123413,0.0319841,0.0987302,0.105556,0.250476,0.00547619,0.0611111,0.0701587,0.0153175,0.0242857,0.0735714,0.0743651,0.162619,0.0986508,0.00865079,0.0544444,0.0302302,0.191849,0.0265556,0.1385,0.0491429,0.0307381,2.55958,21.1825,197.857,0.436508
0,0,0,0,0.833333,0,0,0,0,0,0,0,0,0,0,0,0,0,0,0,0,0,0,0,8.33333,4.735,0,0,0,0,0,0,0,0,0,0.640833,0,0,0,0,0,1.2075,0,0.1125,0,0,0,0,0,0,0,0,0,0,1.41175,2.41667,6.16667,0
0.30284,0.071358,0.389259,0,0.244321,0.0230864,0.216543,0.0914815,0.051358,0.078642,0.314815,0.90963,0.0591358,0.0671605,0,0.56037,0.0969136,0.232099,2.29383,0,3.0337,0,0,0.303333,0.233333,0.0979012,0.0604938,0.0671605,0.0385185,0,0,0,0,0,0.0192593,0.0164198,0.0650617,0,0.0280247,0,0,0.0732099,0,0.0579012,0.15642,0.112963,0,0.03,0.00381481,0.0554938,0,0.421321,0.0895309,0.00234568,4.96257,33.9259,63.9012,0.555556
0.146512,0.224651,0.420698,0,0.533721,0.169535,0.348953,0.122326,0.0652326,0.411512,0.131395,0.687093,0.112442,0.074186,0.052907,0.364884,0.403023,0.284535,1.99791,0.171512,1.17872,0.0189535,0.305349,0.0772093,0.227209,0.0747674,0.0140698,0.123837,0.00697674,0.084186,0.0116279,0.00697674,0.240465,0.00697674,0.111279,0.102442,0.0794186,0.0181395,0.00651163,0.0827907,0,0.042093,0.00604651,0.0172093,0.147209,0.0617442,0,0,0.0133488,0.0960698,0.00117442,0.52464,0.112965,0.0164535,5.14323,75.3372,198.802,0.732558
0.14224,0.100328,0.304317,0,0.27623,0.0444809,0.014153,0.0738251,0.0107104,0.153443,0.0052459,0.478689,0.0606557,0.0861202,0,0.235792,0.0240984,0.208142,1.63202,0.114098,0.499071,0,0.0115847,0.0589071,0.121585,0.0568852,0.539016,0,0.0293989,0.0227322,0,0,0.305792,0,0.10929,0.00546448,0,0.0604372,0.0643716,0.00639344,0.0562842,0.349235,0.0195082,0.137978,0.66153,0.385082,0.0159563,0,0.0255027,0.118055,0.0138251,0.145776,0.00973224,0,1.3649,2.95628,12.0601,0.0655738
0.106752,0.132735,0.249744,0.795385,0.394957,0.130427,0.0318803,0.123932,0.224957,0.148462,0.0691453,0.569573,0.124957,0.0321368,0.0186325,0.192222,0.25188,0.131795,1.68906,0.0982906,0.76906,0.453162,0.181624,0.124957,0.599402,0.132393,0.0750427,0.0230769,0.0376923,0.0244444,0.00982906,0.0178632,0.0416239,0.0110256,0.0276068,0.074188,0.116581,0.0462393,0.0222222,0.0311966,0.0212821,0.0395726,0.031453,0.00615385,0.0704274,0.052735,0.00752137,0.0221368,0.154393,0.122009,0.0107607,0.195222,0.103684,0.0542222,4.21847,44.2222,424.889,0.547009
0.0855769,0.169295,0.326538,0.00519231,0.384615,0.1825,0.117885,0.0879487,0.0525,0.2275,0.045,0.59109,0.0639744,0.00339744,0.0099359,0.204615,0.120064,0.164423,1.48321,0.0922436,0.959167,0.00794872,0.137372,0.0848718,0.668013,0.357821,0.231603,0.143846,0.113269,0.129423,0.0694231,0.0774359,0.0994872,0.0774359,0.118269,0.110449,0.250449,0,0.129872,0.0910897,0.130192,0.0758974,0.118333,0.0278205,0.218718,0.242244,0.00685897,0.0277564,0.0489551,0.157154,0.0236923,0.19025,0.0822179,0.0232949,2.68086,21.0385,164.34,0.435897
0.486667,0.750833,0.77375,0,0.35,0.282917,0.0454167,0.407917,0.425,1.41,0.0629167,1.4775,0.12625,0.282917,0.348333,0.299167,0.13,0.66125,2.12708,0.3475,3.35667,0.0158333,0.54125,0.256667,0,0,0,0,0,0,0,0,0.01375,0,0.0529167,0.0175,0.0154167,0,0,0,0,0,0.00791667,0,0.0258333,0,0,0,0.012,0.153833,0.0674167,0.980917,0.185792,0.0610833,40.1172,598.375,872.333,1
0.0907345,0.0754237,0.305593,0.00728814,0.38322,0.209661,0.127966,0.144294,0.0323164,0.250847,0.0338418,0.517514,0.0891525,0.00785311,0.0153672,0.267514,0.12774,0.171921,1.63294,0.0123164,1.16842,0.0201695,0.108418,0.0975141,0.642881,0.467853,0.249548,0.207684,0.110847,0.157853,0.079209,0.0672316,0.0974011,0.0781921,0.151469,0.134294,0.136102,0.00129944,0.0884181,0.0759322,0.0448588,0.039209,0.079322,0.0291525,0.278249,0.109153,0.00949153,0.0080226,0.0293559,0.168271,0.0263277,0.24309,0.0551243,0.0157571,2.36215,16.8701,137.401,0.457627
0.0795763,0.129153,0.337712,0.0101695,0.412288,0.109237,0.11839,0.12678,0.0502542,0.308051,0.0705932,0.534915,0.192966,0.0332203,0.0877966,0.193644,0.141525,0.269153,1.43864,0.060678,0.848814,0.199746,0.146102,0.0863559,0.624407,0.309746,0.182542,0.114661,0.094322,0.109576,0.0580508,0.064661,0.0829661,0.064661,0.0795763,0.0940678,0.169068,0.0134746,0.0763559,0.0874576,0.0135593,0.0376271,0.0794068,0.0660169,0.132119,0.0594915,0,0.0208475,0.0392712,0.174517,0.0250254,0.174136,0.113059,0.0505339,3.02808,27.4661,244.475,0.525424
0.0257485,0.0546707,0.339641,0,0.324311,0.0483832,0.0676048,0.0356886,0.00976048,0.120659,0.0182635,0.750838,0.104431,0.0600599,0,0.128922,0.0546108,0.228683,2.25904,0.0227545,0.599461,0,0,0.0117964,0.18006,0.0988024,0.404251,0,0.101138,0.0730539,0,0,0.0971856,0,0,0.0194012,0.105329,0.025988,0.0753892,0.0057485,0.00934132,0.300719,0.0583832,0.138743,0.472335,0.12,0,0.0248503,0.0154551,0.109766,0.0107006,0.282976,0.00651497,0.000736527,1.42834,3.63473,18.8144,0.143713
0,14.1478,0,0,0,0,0,0,0,0.132222,0,0,0,0,0,0,0,0,0,0,0,0,0,0,0,0,0,0,0,0,0,0,0,0,0,0,0,0,0,0,0,0,0,0,0.132222,0,0,0,0,0,0,0,0,0,1.77778,4.88889,9.02778,0
0,0,0.4025,0,4.9175,0,0,0,0,0,0,0,0,0,0,0,0,0,0,0,0.4025,0,0,0,0,0,0,0,0.595,0,0,0,0,0,0,0,0,1.8475,0,0,0,5.4775,0,0,0,0,0,0,0,0.0735,0,0,0,0,1.14575,1.375,4.375,0.125
0,0,0,0,0.194583,0,0,0,0,0,0,0.115417,0,0,0,0,0,0.2975,0.355,0,0.109583,0,0,0,7.77917,3.8875,3.59,3.8875,3.70583,3.8875,3.8875,3.59,0,3.59,3.8875,3.8875,0,0,0,3.59,0,0.17,0,0.109583,0,0,0,0,0,1.02562,0,0.0199583,0,0,3.07167,10.9167,32.0833,0
0.0915152,0.09,0.262879,0.290303,0.261061,0.075303,0.0656061,0.064697,0.285,0.343182,0.0722727,0.448485,0.13803,0.151667,0.095303,0.296667,0.0618182,0.245,1.36652,0.210455,0.85,0.863333,0.0945455,0.0951515,0.379697,0.171818,0.0316667,0.0193939,0.00893939,0.0168182,0.0339394,0.00136364,0.0759091,0.00136364,0.105152,0.0227273,0.167121,0.000606061,0.0174242,0.0407576,0.0101515,0.0369697,0.00454545,0.0101515,0.0451515,0.0513636,0.0166667,0.04,0.0324242,0.150545,0.0204394,0.219667,0.123015,0.110985,6.12858,95.9697,1219.88,0.590909
0.125588,0.151961,0.39049,0.140294,0.297059,0.120784,0.0884314,0.187745,0.431863,0.517843,0.124314,0.535392,0.127157,0.0641176,0.135784,0.270392,0.147059,0.373922,1.41176,0.17598,0.929118,0.848725,0.124608,0.197451,0.475392,0.152059,0.0305882,0.024902,0.00558824,0.0268627,0.019902,0.00186275,0.12402,0.00372549,0.12598,0.0319608,0.137843,0.00176471,0.0329412,0.0316667,0.00941176,0.0273529,0.00529412,0.0122549,0.0356863,0.0368627,0.00647059,0.0289216,0.0591961,0.107961,0.0439608,0.365441,0.181725,0.0970784,4.64325,77.4118,969.873,0.686275
0.07125,0.160875,0.351375,0.0145,0.559875,0.108125,0.262,0.145125,0.068875,0.221625,0.114,0.676375,0.077375,0,0.18575,0.287875,0.278875,0.38725,2.09375,0.35425,1.25225,0.147625,0.280375,0.113375,0.307625,0.141375,0.076375,0.132125,0.029,0.11575,0.029,0.029,0.02,0.029,0.06275,0.053875,0.0815,0,0.135875,0.09375,0.01325,0.035625,0.0045,0,0.18575,0.044625,0,0.004125,0.0032875,0.130987,0.0018,0.29615,0.0896375,0.039025,5.61159,56.2375,143.938,0.6625
0.219062,0.405938,0.650312,0.0734375,0.365938,0.18125,0.319688,0.125625,0.314063,0.860625,0.215625,0.77125,0.14375,0.096875,0.270625,0.930625,0.3275,0.23875,1.85531,0.145,1.52562,0.0053125,0.193438,0.223438,0.299375,0.13875,0.0075,0,0,0.0228125,0,0,0.0421875,0,0.0225,0.0146875,0.12125,0.026875,0.0075,0.0228125,0,0.0228125,0.010625,0.0153125,0.110625,0.0446875,0,0.0240625,0.0094375,0.125656,0.00465625,0.753812,0.231156,0.0675,25.445,340.531,656.719,0.9375
0.0974163,0.140622,0.263828,0,0.372536,0.0911483,0.145263,0.118134,0.0596172,0.255837,0.0788995,0.61689,0.0569856,0.0549282,0.0651675,0.42244,0.122967,0.20512,1.73569,0.0340191,0.856172,0.0270335,0.10134,0.082488,0.688756,0.452536,0.264498,0.270813,0.0878469,0.146794,0.0855024,0.0976077,0.0916746,0.0976077,0.125694,0.178756,0.129809,0.0076555,0.119904,0.076555,0.0248804,0.0579426,0.0961244,0.133206,0.215167,0.186172,0.0111005,0.0211005,0.0181005,0.156785,0.0133636,0.245531,0.0499856,0.044311,2.35851,14.2679,93.9282,0.397129
0.096,0.008,0.196,0.008,0.092,0.118,0,0.058,0.058,0.188,0.074,0.082,0.072,0,0.038,0.088,0.078,0.076,0.608,0.008,0.242,1.906,0.138,0.11,0,0,0,0,0,0,0,0,0,0.028,0,0.008,0,0,0.016,0,0,0,0,0,0.038,0,0,0,0.4302,2.0094,0.009,0.3924,0.375,0.4024,57.5034,2297.8,10648.8,1
0.19156,0.110092,0.365413,0.00100917,0.32367,0.147523,0.0751376,0.196606,0.303486,0.288807,0.0922936,0.670092,0.0768807,0.104954,0.0742202,0.201651,0.334771,0.0776147,1.35954,0.204679,1.13642,0.288073,0.0855046,0.241927,0.872018,0.170275,0.0234862,0.0101835,0.00477064,0.0217431,0.0163303,0.00385321,0.103303,0.00486239,0.0163303,0.0622936,0.175596,0.0172477,0.0282569,0.0323853,0.0684404,0.103486,0.0142202,0.0144954,0.0498165,0.102752,0.00504587,0.0114679,0.110982,0.195092,0.0145872,0.277349,0.123615,0.0727706,4.15359,69.0917,616.761,0.53211
0.13027,0.20527,0.424324,0.578514,0.281892,0.116892,0.047027,0.109865,0.267703,0.307162,0.0694595,0.790811,0.207568,0.14,0.129054,0.145541,0.146351,0.182027,1.70027,0.146892,0.948649,0,0.12473,0.169324,0.711757,0.134459,0.0221622,0.0228378,0.0140541,0.0175676,0.0198649,0.00216216,0.0714865,0.00216216,0.0345946,0.0608108,0.0912162,0.00189189,0.0168919,0.0340541,0.00216216,0.100541,0.0344595,0.01,0.0254054,0.00162162,0,0.0208108,0.13827,0.131554,0.0183243,1.00588,0.249932,0.0201757,4.07796,61.6216,754.081,0.581081
0.005,0.005,0.035,0,0.025,0,0,0.005,0.015,0.065,0.025,0,0,0.025,0,0,0.005,0.035,0.005,0,0.005,0,0,0,0,0,0,0,0,0,0,0,0.035,0,0,0.065,0,0,0,0.005,0.23,0,0,0.015,0,0.4,0.005,0.035,0.036,0.1615,0.075,0.012,0.056,0.012,3.0295,43.5,5648.5,0
0.147761,0.131791,0.821791,0.136716,0.703433,0.520149,0.285522,0.140746,0.57209,0.46791,0.214627,0.612985,0.150746,0.0797015,0.967015,0.301791,0.128657,0.762388,1.52985,0.871493,0.956716,0.0862687,0.517612,0.140746,0.0483582,0.00134328,0.021791,0.00432836,0,0.00865672,0,0,0.00537313,0,0.00432836,0,0.0129851,0,0,0.0401493,0,0,0.0880597,0.0119403,0.0447761,0.0364179,0,0,0.00862687,0.0791343,0.0011194,0.443,0.141358,0.0203134,77.618,743.731,1388.16,0.985075
0,0,0,0,0.476,0,0,0,0,0,0,0,0,0,0,0,0,0,1.382,0,0,0,0,0,0,0,0,0,0,0,0,0,0,0,0,0,0,0,0.740667,0,0,0,0,0,11.3147,0.512667,0,0,0,0.204,0,0.6172,0,0,1.32433,2.53333,7.2,0
0,0,0,0,0,0,0,0,0,0,0,0,0,0,0,0.4,0,0,0,0,0,0,0,0,0,0,21.3332,0,0,0,0,0,0,0,0,0,0,0,0,0,0,0,0,0,0,0,0,0,0,0,0,0,0,0,1.16748,1.53,5.11,0
0.133672,0.136484,0.386172,0.0219531,0.312422,0.0721875,0.108438,0.157344,0.111719,0.328125,0.0682031,0.490625,0.0964844,0.0399219,0.0625,0.3,0.218594,0.245547,1.63656,0.184687,0.954687,0.712266,0.149922,0.0798437,0.511328,0.221875,0.0849219,0.0850781,0.0550781,0.0625781,0.0483594,0.0217187,0.0452344,0.0217187,0.0632812,0.0599219,0.176016,0.00679687,0.0400781,0.0689063,0.0253125,0.0457813,0.0435937,0.0560938,0.134844,0.190703,0.0226562,0.0479688,0.262133,0.152297,0.0141797,0.310828,0.158695,0.169977,4.37123,54.3047,341.898,0.5625
0.403,0.334,0.314,0.019,0.25,0.024,0.006,0.208,0.472,0.742,0.19,0.419,0.421,0.605,0.08,0.136,0.366,0.143,2.3,0.047,1.16,0,0.516,0.497,0.019,0,0,0.019,0,0,0,0,0,0.038,0.006,0.032,0,0,0.017,0.11,0,0,0,0,0.059,0,0,0,0.0151,0.0686,0,0.4377,0.4285,0.0727,225.594,1189.4,2466.4,1
0.248857,0.236286,0.314571,0.00542857,0.248857,0.0777143,0.0445714,0.143429,0.354857,0.431714,0.177143,0.546286,0.314571,0.570571,0.0808571,0.254571,0.272857,0.107143,2.10771,0.0391429,0.966286,0.048,0.288857,0.302857,0.487714,0.113714,0.00171429,0.000571429,0.00114286,0.00942857,0,0,0.142857,0,0.00714286,0.052,0.170286,0.00314286,0.008,0.0168571,0.0145714,0.00457143,0.00942857,0.0154286,0.0525714,0.0614286,0.002,0.042,0.0318571,0.109571,0.0135429,0.289886,0.379057,0.0824857,5.62009,192.343,2248.63,0.742857
0.323333,0.156889,0.292444,0.0957778,0.0697778,0.115333,0.0213333,0.137333,0.226889,0.386889,0.153111,0.672222,0.347556,0.706444,0.022,0.168444,0.278222,0.118444,1.958,0.0497778,0.886222,0.0348889,0.467333,0.296444,0.0993333,0.0631111,0.00533333,0.00155556,0.00222222,0.004,0,0,0.321556,0,0,0.0264444,0.184222,0.00155556,0.00511111,0.014,0.0155556,0.008,0.00466667,0.016,0.042,0.0415556,0.01,0.0508889,0.0289556,0.113556,0.00457778,0.253511,0.351822,0.0938444,5.26431,169.289,3247.98,0.777778
0.0674074,0.0712346,0.206049,0,0.33642,0.15642,0.205556,0.0362963,0.0569136,0.307407,0.0335802,0.352346,0.193457,0.0212346,0,0.499136,0.0597531,0.164198,2.13407,0.158025,0.809877,0.0682716,0.017037,0.165185,0.0740741,0.0853086,0.0440741,0.051358,0,0.0182716,0,0,0.0458025,0,0.0332099,0.0354321,0.0250617,0,0.01,0.0167901,0.00320988,0.0734568,0.00864198,0.0401235,0.319506,0.398025,0,0,0.00898765,0.049,0.00239506,0.233975,0.0346049,0.284679,4.93415,52.4074,99.642,0.481481
0.0786538,0.297308,0.451538,1.74327,0.816538,0.106538,0.583269,0.191538,0.0709615,0.228269,0.130192,0.501923,0.160577,0.0398077,0,0.696923,1.0675,0.334808,2.34981,0.421154,1.92154,0,0.0776923,0.160192,0.0109615,0.0109615,0,0,0,0,0,0,0.00519231,0,0,0.0192308,0.153462,0,0.0459615,0,0,0,0,0,0.0623077,0.0269231,0,0,0.00680769,0.120327,0.0163846,0.62125,0.195692,0.0364231,9.34392,140.192,234.538,0.942308
0,0.0277358,0.0283019,0,0.176226,0.0141509,0.0856604,0.109057,0,0.281887,0,0.937925,0,0.238302,0,0.431698,0,0.0277358,1.03981,0.0418868,0.0522642,0,0,0.199245,0,0,0.341509,0.19283,0.0724528,0.110943,0,0,0.0141509,0,0.183396,0,0.0335849,0,0.136226,0,0.830189,0.0724528,0.0673585,0.0977359,0.111132,1.07887,0,0.0628302,0.072566,0.116642,0.0292453,0.276038,0,0.0141698,3.03068,9.28302,16.9057,0.113208
0,0,0,0,0,0,0,0,0,0,0,0,0,0,0,0,0,0,6.66,0,0,0,0,0,0,0,0,0,0,0,0,0,0,0,0,0,0,0,0,0,0,0,0,0,6.66,0,0,0,0,0,0,32.478,0,0,1.666,3,5,0
0.14907,0.126977,0.280465,0.0072093,0.31093,0.113256,0.0381395,0.221395,0.222093,0.333023,0.0939535,0.565581,0.140698,0.065814,0.0686047,0.339302,0.214884,0.19814,1.53605,0.134651,0.779302,0.939535,0.27907,0.228837,0.194419,0.105349,0.00744186,0.00581395,0.00302326,0.017907,0.0111628,0,0.0890698,0.00302326,0.00581395,0.10907,0.158605,0.01,0.0162791,0.0246512,0.0125581,0.00162791,0.0055814,0.0193023,0.0286047,0.0709302,0.00255814,0.0218605,0.0466047,0.125,0.0394884,0.208302,0.171698,0.124535,5.94228,127.837,1615.47,0.581395
0.0241509,0,0.0416981,0,0.0377987,0.0401258,0,0.0698742,0,0.0272956,0,0.105031,0,0.0674214,0,0.0638365,0,0.0483648,0.40673,0,0.288428,0,0,0,0.0438365,0.0165409,0.350503,0,0,0,0.0786164,0,0,0,0,0,0,0,0,0,0,0.0903145,0,0.46673,0.401006,0.32805,0,0.115283,0.00424528,0.0915472,0.0605975,0.182352,0,0,1.20945,1.66667,5.1761,0.0440252
0,0,0,0,1.28875,0,0,0,0,0,0,3.475,0,0,0,0,0,0,0,0,0,0,0,0,0.80875,0.80875,0,0,9.02375,0,0,0,0,0,0,0,0,0,0,0,0,8.4,0,0,0,0,0,0,0,0,0,0.213,0,0,1.41112,3.375,13.75,0
0,0,0.0886667,0,0.0886667,0,0,0,0,0,0,0,0,0,0,0,0,0,0,0,0.0886667,0,0,0,15.7507,1.55867,0,0,0,0,0,0,0,0,0,0,0.0886667,0.266667,0.0886667,0,0,0.266667,0,0,2.69133,0,0,0,0.0576667,0,0.0144,0.0748667,0,0,3.99413,16.2667,25.6667,0
