0,0.0358537,0.13,0,0.258537,0.0182927,0.0541463,0.17878,0.120488,0.212683,0,0.772683,0,0,0,0.097561,0.0812195,0.199024,2.65805,0,0.309512,0,0,0.523171,0.520976,0.565854,0.330732,0.230732,0.13878,0.213659,0.067561,0,0.0182927,0,0.302439,0.067561,0.045122,0,0,0.0541463,0.121951,0.262439,0,0,0.268293,0.0529268,0,0.144634,0.00739024,0.129707,0.0157317,0.42922,0.030439,0.0527561,2.50761,10.2195,24.0244,0.365854
0.228889,0.0238889,0.260556,0,0.408889,0.06,0.362778,0.131667,0.210556,0.116111,0.127222,0.373333,0,0,0,0.398333,0.383889,0.161111,2.21667,0.0805556,1.20056,0,0.281111,0.142222,0.0727778,0.065,0.204444,0,0,0,0,0,0,0,0.0238889,0,0.203333,0,0,0,0,0,0,0.0827778,0.207222,0,0,0,0.0117778,0.0462222,0.0147222,0.223889,0.130944,0,4.09561,28.1667,75.0556,0.777778
0.186889,0.125667,0.331222,0.00122222,0.351,0.154667,0.077,0.169667,0.327222,0.330778,0.0984444,0.650889,0.0758889,0.124778,0.0898889,0.182444,0.336667,0.078,1.46178,0.211333,1.06711,0.348889,0.064,0.243333,0.870111,0.18,0.0272222,0.0123333,0.00466667,0.0252222,0.0197778,0.00466667,0.101333,0.00588889,0.0197778,0.0588889,0.160667,0.0208889,0.0168889,0.0328889,0.0514444,0.144,0.0172222,0.0152222,0.0577778,0.0911111,0.00611111,0.012,0.125456,0.185044,0.0141556,0.273311,0.131211,0.0898667,4.21726,73.8889,627.467,0.5
0.170189,0.0109434,0.326226,0,0.142264,0.156792,0.119245,0.192075,0.054717,0.240566,0.0249057,0.476415,0.0458491,0,0,0.148679,0.0849057,0.162642,1.89604,0.0130189,0.911887,0,0,0,1.04642,0.656981,0.29,0.493019,0.0783019,0.211321,0.18,0.0724528,0.136792,0.0724528,0.298868,0.181321,0.263208,0.0192453,0.0988679,0.171132,0.0520755,0.139245,0.116415,0.185472,0.286226,0.132264,0,0,0.0254717,0.132283,0.0161509,0.231038,0.0402075,0.0841698,2.10477,11.2075,61.3019,0.301887
0,0,0.3425,0,1.67667,0,0,0,0,0,0,0.819167,0,0,0,0,0,0,0.983333,0,0,0,0,0,0.265833,0,0.238333,0,0.265833,0.134167,0,0,0.555,0,0,0,0,0,0.506667,0,0,4.97667,0,0.859167,0.410833,0,0,0,0,0.12,0.0574167,0.0574167,0,0,1.56058,4.08333,16.1667,0
0,0,0,0,0,0,0,0,0,0,0,0,0,0,0,0.408163,0,0,0,0,0,0,0,0,0,0.145714,19.1559,0,0,0,0,0,0,0,0,0,0,0,0,0,0,0,0,0,0,0,0,0,0,0.0357959,0,0,0,0,1.12719,1.42857,5.40816,0
0,0,0,0,0,0,0.129714,0.0508571,0,0.289714,0,1.32514,0,0.285714,0,0.539429,0,0,0.460286,0.0634286,0.0791429,0,0,0.259714,0,0,0.231429,0.292,0,0.168,0,0,0,0,0.168,0,0.0508571,0,0.206286,0,1.04114,0,0.102,0,0,1.30086,0,0.0951429,0.109886,0.154286,0.0442857,0.304257,0,0,3.20926,9.42857,15.8571,0.0857143
0.0140625,0.0739062,0.472344,0,0.184375,0.0221875,0.117344,0.0567188,0,0.234844,0.0134375,0.776563,0.0798438,0.0515625,0,0.260625,0.0825,0.215469,4.72547,0.059375,0.858594,0,0,0.025,0.0204687,0,0.40375,0,0.0239062,0.107656,0,0,0,0,0,0.0278125,0.0979687,0.0140625,0.0189063,0,0,0.0396875,0.0707812,0.028125,0.554531,0.159531,0,0.0142188,0.0204687,0.0689844,0.00515625,0.520016,0.0148906,0,1.41052,3.53125,17.4531,0.21875
0.153171,0.0260976,0.287317,0,0.464146,0.0404878,0.0970732,0.0846341,0.0285366,0.0482927,0.0714634,0.59122,0.19122,0.0141463,0.0229268,0.117317,0.153415,0.0907317,1.45415,0.214634,0.536098,0,0.0778049,0.0370732,0.368537,0.221951,0.106829,0.0131707,0.0856098,0.0843902,0.00731707,0,0.065122,0,0.0565854,0.130732,0.0878049,0.0112195,0.0626829,0,0.0485366,0.0953659,0.0202439,0.162195,0.212195,0.0768293,0.0397561,0.0892683,0.0141951,0.195415,0.00217073,0.232463,0.0357561,0.0136341,1.67827,6.68293,77,0.292683
0,0,0,0,0.476,0,0,0,0,0,0,0,0,0,0,0,0,0,1.382,0,0,0,0,0,0,0,0,0,0,0,0,0,0,0,0,0,0,0,0.740667,0,0,0,0,0,11.3147,0.512667,0,0,0,0.204,0,0.6172,0,0,1.32433,2.53333,7.2,0
0.104225,0.166197,0.393944,0.199296,0.297465,0.110563,0.0557746,0.204507,0.310282,0.549859,0.125915,0.533944,0.124789,0.0684507,0.171549,0.266056,0.18169,0.332676,1.20845,0.138873,0.827324,0.691972,0.118873,0.158873,0.613099,0.15831,0.0338028,0.0332394,0.00887324,0.0319718,0.023662,0.00267606,0.140986,0.00535211,0.0780282,0.0405634,0.136479,0.00183099,0.0357746,0.036338,0.0121127,0.0166197,0.00422535,0.00295775,0.0423944,0.0487324,0.0043662,0.0384507,0.0533239,0.117127,0.0202817,0.302465,0.124169,0.0961831,4.71058,78.6197,924.028,0.661972
0.0573874,0.0432432,0.31045,0,0.30982,0.0341441,0.041982,0.0105405,0.0233333,0.12027,0.0383784,0.933153,0.0861261,0.0217117,0.0153153,0.0877477,0.0403604,0.12009,1.83964,0.0113514,0.422883,0,0,0.0189189,0.272613,0.262072,0.440541,0,0.127838,0.0567568,0,0,0.088018,0,0,0.00612613,0.161261,0.0126126,0.0689189,0.00864865,0.0151351,0.233964,0.00774775,0.134955,0.446757,0.191171,0,0.0388288,0.0292432,0.166333,0.00045045,0.163063,0.00962162,0,1.52153,4.4955,24.3694,0.0810811
0,0.487714,0.228,0,0.16,0.0342857,0.264286,0,0,0.604286,0,0.512286,0.0902857,0.0814286,0,0.166571,0,0.0814286,2.53086,0,0.789143,0,0,0.199143,0.357143,0.062,0.598857,0.539714,0,0,0,0,0.142,0,0,0.0814286,0.456571,0,0.902857,0,0.0365714,0,0.0537143,0.0674286,0.680857,0.219714,0,0,0.0732571,0.325314,0.00722857,0.125686,0.0592286,0.0058,3.02014,21.3714,39.0571,0.314286
1.375,0,0.05,0,0.15125,0,0.11125,0,0,1.39938,1.375,1.55188,0,0,0,0.11125,0,0.13625,2.19188,0,5.86375,0,0,0,0.025,0.025,0,0,0,0,0,0,0,0,0,0,0,0,0,0,0,0,0,0,0.1775,0,0,0.151875,0,0,0,1.21256,0,0,7.04238,32.25,53.1875,0
0.130145,0.215942,0.42942,0.620435,0.266232,0.121449,0.0504348,0.11087,0.274203,0.30942,0.0701449,0.799275,0.215072,0.128696,0.136957,0.143913,0.136812,0.193768,1.74609,0.155652,0.930435,0,0.131884,0.174638,0.685072,0.134638,0.0237681,0.0204348,0.0142029,0.0171014,0.0169565,0.00231884,0.0766667,0.00231884,0.0310145,0.0642029,0.0921739,0.00202899,0.0146377,0.0350725,0.00231884,0.0718841,0.0369565,0.0107246,0.0237681,0.00173913,0,0.0205797,0.146522,0.129565,0.0196522,1.06712,0.260551,0.0174493,4.07872,60.2319,749.493,0.594203
0.0371795,0.127692,0.252692,0,0.168077,0.0469231,0.0744872,0.0864103,0.0164103,0.195385,0.0430769,0.366923,0.159744,0.0774359,0,0.505641,0.0296154,0.179615,1.64846,0.0342308,0.673846,0,0.0512821,0.00525641,0.997308,0.596282,0.593333,0.403974,0.294615,0.353974,0.411923,0.277821,0.0332051,0.277821,0.479359,0.353974,0.247821,0.00525641,0.153077,0.289231,0.09,0.276795,0.153974,0.317308,0.334872,0.350385,0,0,0.00173077,0.197641,0.0316026,0.282692,0.071641,0.0324359,2.22778,11.5,39.6923,0.269231
0.152778,0.121111,0.258056,0.0102778,0.195833,0.0908333,0.0283333,0.233889,0.198889,0.2725,0.0933333,0.476389,0.171389,0.0683333,0.0636111,0.266111,0.187778,0.186111,1.35028,0.139444,0.697222,0.706944,0.219444,0.216389,0.528333,0.0975,0.00694444,0.00361111,0.00416667,0.0283333,0.01,0,0.112222,0,0.0102778,0.118611,0.165833,0.0125,0.0241667,0.0288889,0.0247222,0.00472222,0.00944444,0.0266667,0.0372222,0.110833,0.00305556,0.045,0.0486667,0.126222,0.0418611,0.182639,0.12025,0.0944167,5.42706,115,1760.22,0.472222
0.129167,0.0911111,0.301528,0.00222222,0.298611,0.0976389,0.0980556,0.107917,0.446528,0.448056,0.0945833,0.525,0.131528,0.144444,0.07125,0.299583,0.0665278,0.352778,1.61347,0.291944,1.07556,0.990139,0.102361,0.186389,0.366389,0.156944,0.0344444,0.0193056,0.00125,0.0204167,0.0325,0.00125,0.0776389,0.00125,0.193472,0.0201389,0.166111,0.000694444,0.0183333,0.0418056,0.00972222,0.0519444,0.0075,0.0190278,0.0420833,0.0386111,0.0201389,0.0366667,0.047625,0.113458,0.0491667,0.342486,0.224069,0.10475,5.59783,80.0139,1102.92,0.638889
0.0292857,0.0671429,0.253571,0,0.705714,0.0692857,1.59143,0.773571,0.773571,0.880714,0.773571,0.582143,0,0.0764286,0,0.977143,2.15357,0.0642857,1.82643,0.773571,2.815,0,0.309286,0.105714,0.0207143,0.0207143,0.0207143,0.0414286,0,0,0,0,0,0.0207143,0.0414286,0,0.315,0,0.0764286,0,0,0,0,0,0,0,0,0,0,0.0775,0,0.696071,0.255143,0.0712857,64.0539,294.929,330.786,0.928571
0.398431,0.06,0.394118,0,0.806667,0.0262745,0.17902,0.171373,0.0523529,0.121569,0.0184314,0.598627,0.0270588,0.0143137,0.00627451,0.497255,0.304314,0.147255,2.14824,0.101961,1.23373,0,0.25,0.0831373,0.127451,0.0576471,0.0856863,0.0492157,0.0162745,0.0401961,0.01,0.0223529,0.120784,0.0223529,0.0784314,0.0760784,0.109804,0,0.0260784,0.01,0.0843137,0.0696078,0.00627451,0.0566667,0.273529,0.154314,0,0.0929412,0.0128039,0.0870784,0.0104706,0.500745,0.185314,0,2.71063,21.9608,117.706,0.745098
0.426923,0.549231,0.584615,0,0.217692,0.500769,0.0838462,0.38,0.785385,0.916154,0.0869231,0.516923,0.281538,0.0353846,0.650769,0.210769,0.263846,1.25077,2.39769,0.687692,1.42538,0.0238462,0.942308,0.523077,0,0,0,0,0,0,0,0,0.0253846,0,0.0976923,0.0323077,0,0.0276923,0,0,0,0,0.0284615,0,0.0553846,0,0,0,0.0221538,0.0529231,0.124462,0.440923,0.172923,0.0377692,13.3378,465.385,951.615,1
0,0,0.0886667,0,0.0886667,0,0,0,0,0,0,0,0,0,0,0,0,0,0,0,0.0886667,0,0,0,15.7507,1.55867,0,0,0,0,0,0,0,0,0,0,0.0886667,0.266667,0.0886667,0,0,0.266667,0,0,2.69133,0,0,0,0.0576667,0,0.0144,0.0748667,0,0,3.99413,16.2667,25.6667,0
0.114792,0.109583,0.314375,0.0241667,0.306875,0.258333,0.109583,0.0133333,0.0235417,0.199167,0.0239583,0.426458,0.192708,0,0.0110417,0.41,0.233333,0.111667,1.8675,0.0441667,0.797292,0.05375,0.209792,0.11125,0.527708,0.3675,0.174375,0.13875,0.08125,0.1625,0.073125,0.073125,0.0629167,0.10125,0.0995833,0.11875,0.0664583,0,0.197083,0.0825,0,0,0,0,0.277708,0.243333,0,0.006875,0.0142292,0.115333,0.00164583,0.430604,0.0408333,0.0403125,3.82117,41.125,127.938,0.583333
0,0,0,0,0,0,0,0,0,0.723333,0,0.243333,0,0,0,0,0,0,0.36,0,0,0,0,0,9.57333,2.68333,0.966667,0.603333,0.603333,2.05,0.603333,0.603333,0,0.603333,0.603333,0.603333,0.603333,0,0.243333,0.603333,0,0,0.603333,0,0.243333,0,0,0,0.129333,0.207667,0.103667,0,0,2.469,2.88067,15,94.6667,0
0.133333,0.195455,0.232879,0,0.223182,0.0190909,0.131818,0.0404545,0,0.182727,0.0574242,0.636212,0.0487879,0,0.060303,0.184394,0.111515,0.210758,1.86833,0.0336364,0.577424,0,0.134848,0,0.896212,0.486212,0.128788,0.27197,0.125455,0.281061,0.0940909,0.0351515,0.0871212,0.0351515,0.328788,0.0542424,0.274091,0,0.0698485,0.0448485,0.0590909,0.312727,0.0678788,0.0333333,0.233636,0.764242,0,0.0237879,0.00921212,0.118848,0.00681818,0.271576,0.0284697,0.207182,2.36648,12.4394,52.9697,0.272727
0.069434,0.136038,0.212075,0,0.222642,0.0273585,0.0901887,0.166226,0.0509434,0.506981,0.0881132,0.47566,0.121132,0,0.0698113,0.0743396,0.103208,0.220755,1.71415,0,0.556981,0.0109434,0.0715094,0.010566,0.884528,0.494906,0.367547,0.506038,0.158113,0.291132,0.151509,0.106226,0.0228302,0.106226,0.301887,0.206604,0.241887,0.0101887,0.289057,0.137736,0.0524528,0.0990566,0.158302,0.0237736,0.376226,0.286415,0,0.0266038,0.0283019,0.186189,0.0295283,0.204189,0.0466038,0.00443396,2.41834,13.1887,82.4528,0.245283
0.30617,0.144894,0.280426,0.0917021,0.0723404,0.106809,0.0193617,0.139787,0.221064,0.399574,0.144681,0.630213,0.341064,0.652766,0.0255319,0.158936,0.276596,0.12,1.86936,0.0476596,0.868511,0.0334043,0.447021,0.28766,0.0951064,0.0604255,0.00510638,0.00148936,0.00212766,0.00382979,0,0,0.309362,0,0,0.0297872,0.176383,0.00148936,0.00659574,0.017234,0.0246809,0.00765957,0.00446809,0.0159574,0.0421277,0.0568085,0.00978723,0.0502128,0.0292553,0.115766,0.00757447,0.24734,0.329319,0.0877872,5.44715,185.447,3357.47,0.744681
0,0,0.357778,0,5.48222,0,0,0,0,0,0,0,0,0,0,0,0,0,0,0,0.357778,0,0,0,1.11111,0,0,0,0.528889,0,0,0,0,0,0,0,0,1.64222,0,0,0,4.86889,0,0,0,0,0,0,0,0.0653333,0,0,0,0,1.16656,1.44444,4.33333,0.111111
0.0567742,0.164516,0.306774,0,1.01774,0.0829032,0.334194,0.208065,0.0383871,0.236774,0.253871,0.653871,0.0596774,0,0.4,0.306452,0.422903,0.337419,1.93677,0.670645,1.32226,0,0.341935,0.0829032,0.129677,0.103548,0.115161,0.130645,0,0.056129,0,0,0,0,0.0783871,0.0290323,0.0190323,0,0.12871,0.0996774,0,0.0751613,0,0.0622581,0.202903,0,0,0,0,0.173065,0,0.206806,0.113935,0.00319355,6.95729,65.5161,127.806,0.741935
0.07,0.074898,0.357143,0,0.273673,0.103265,0.103673,0.135714,0.0128571,0.153265,0.0281633,0.322245,0.0922449,0,0.0691837,0.240408,0.0669388,0.266531,1.50959,0.00938776,0.689796,0.0206122,0.0510204,0.0106122,0.691429,0.580816,0.259184,0.293469,0.142041,0.138571,0.0977551,0.0891837,0.0683673,0.0891837,0.250816,0.142857,0.184694,0.0146939,0.103673,0.094898,0.042449,0.0187755,0.184082,0.0410204,0.238367,0.0836735,0.00387755,0.0044898,0.0185714,0.180367,0.0479388,0.171306,0.0365714,0.027898,1.98888,12.2245,121.612,0.306122
0.125783,0.114578,0.365783,0.0366265,0.304819,0.0922892,0.0691566,0.111566,0.182651,0.328916,0.100361,0.488434,0.12506,0.033012,0.102892,0.31012,0.154578,0.251807,1.53494,0.0971084,0.845181,0.563494,0.182048,0.104458,0.488193,0.23747,0.0914458,0.116145,0.0522892,0.066988,0.0391566,0.0307229,0.0336145,0.0307229,0.0701205,0.0854217,0.135783,0.0460241,0.0506024,0.0950602,0.0412048,0.0908434,0.0490361,0.0153012,0.0968675,0.0759036,0.0181928,0.0489157,0.257807,0.157675,0.0164819,0.256928,0.0815904,0.123699,3.63271,45.2169,377.843,0.518072
0,0,0.119,0,0,0,0,0,0,0,0,0.325333,0.185,0,0,0.133333,0,0,2.06567,0,0,0,0,0,0.138667,0,7.23033,0,0,0,0,0,0.208333,0,0,0,0,0,0,0,0,0.874,0,0.492,1.80133,0,0,0.436333,0.0870667,0.0641333,0.0250333,0.111867,0,0,1.3112,2.56667,9.2,0
0.137308,0.0623077,0.186538,0,0.311923,0.0430769,0.170769,0.214231,0.0715385,0.138846,0.0876923,0.424615,0.0257692,0.0892308,0.0538462,0.291154,0.0703846,0,1.08077,0,0.592692,0,0,0,0.375769,0.290385,0.113846,0.496538,0.205385,0,0,0.0269231,0,0.0269231,0.230769,0.103462,0.69,0,0.145385,0,0,0.205385,0.0538462,0.0446154,0.177692,0.0861538,0,0,0.0469231,0.291654,0.00788462,0.407462,0.0675,0.00730769,3.61042,23.6538,66.1538,0.576923
0,0,0,0,0,0,0,0,0,0,0,0,0,0,0,0,0,0,0,0,0,0,0,0,8.42583,4.735,0.925833,0,0,0,0,0,0,0,0,0.640833,0,0,0,0,0,1.2075,0,0.1125,0,0,0,0,0,0,0,0,0,0,1.384,2.33333,6.25,0
0.0511111,0,0.0628889,0,0.0241111,0.0382222,0,0.188778,0,0.114,0,0.278667,0.0155556,0.119111,0,0.0584444,0.0316667,0.0155556,0.445778,0,0.396889,0,0,0,0.0774444,0.0292222,0.337556,0,0,0.0462222,0.138889,0,0.0778889,0,0,0,0,0.0316667,0.0326667,0,0,0.259667,0,0.102778,0.697,0.342222,0,0.203667,0.00664444,0.0993778,0.0617111,0.0504667,0.0160333,0,1.38262,2.41111,7.78889,0.0333333
0.106389,0.218611,0.581944,0.548056,0.431944,0.181667,0.268611,0.1925,0.0836111,0.240833,0.133889,0.547222,0.0963889,0,0,0.416111,0.355278,0.441389,2.28833,0.490833,1.53056,0.0238889,0.134167,0.199722,0.0558333,0.0694444,0.00888889,0,0.04,0.04,0,0,0.0075,0,0.0355556,0.0202778,0.127778,0,0.0663889,0.00527778,0,0,0.0211111,0.0211111,0.130833,0.0344444,0,0,0.0128611,0.0873056,0.0236667,0.444472,0.0706389,0.0334722,7.42831,132.528,302.5,0.888889
0.084359,0.102051,0.112564,0.0346154,0.211282,0.0305128,0.133846,0.734359,0,0.123846,0,0.147179,0.0510256,0.318974,0,0.129744,0.245385,0.130769,0.943077,0,0.449744,0.0512821,0.141282,0.0202564,0.159487,0.138205,0.0305128,0.138718,0,0.0151282,0,0.0151282,0,0.0151282,0.0853846,0.131795,0.0915385,0,0,0,0,0,0,0,0.658205,0.00717949,0,0.0425641,0.0044359,0.209077,0,0.412692,0.168718,0.015641,3.34136,21.8205,79.9744,0.74359
0.096,0.008,0.196,0.008,0.092,0.118,0,0.058,0.058,0.188,0.074,0.082,0.072,0,0.038,0.088,0.078,0.076,0.608,0.008,0.242,1.906,0.138,0.11,0,0,0,0,0,0,0,0,0,0.028,0,0.008,0,0,0.016,0,0,0,0,0,0.038,0,0,0,0.4302,2.0094,0.009,0.3924,0.375,0.4024,57.5034,2297.8,10648.8,1
0.0191111,0.0488889,0.189889,0,0.266889,0.0834444,0.0313333,0.0648889,0.0181111,0.0494444,0.0136667,0.517222,0.100667,0.104,0,0.035,0.0173333,0.174778,0.627,0,0.399556,0,0,0,0.217444,0.107333,0.420556,0,0.122889,0,0,0,0.370889,0,0,0.0197778,0.0396667,0.0382222,0.0365556,0,0.0457778,0.0931111,0.058,0.0773333,0.539111,0.241333,0,0.0277778,0.0148444,0.0803333,0.0283,0.115156,0,0.00136667,1.49924,3.81111,17.7778,0.0888889
0.175656,0.150492,0.353689,0,0.352049,0.0533607,0.0212295,0.0241803,0.0160656,0.171393,0.00786885,0.409672,0.0795082,0.12918,0,0.277787,0,0.300738,1.74762,0.171148,0.69623,0,0.017377,0.0883607,0.131885,0.0853279,0.353852,0,0.0440984,0,0,0,0.197623,0,0.163934,0,0,0.0672951,0.072459,0.00959016,0.0844262,0.202131,0.0292623,0.100246,0.507049,0.377869,0.0239344,0,0.0181885,0.0940738,0,0.163844,0.00277049,0,1.35873,2.9918,12.377,0.0983607
0.147955,0.236136,0.514318,0,0.429318,0.117273,0.379545,0.0920455,0.0486364,0.340227,0.127045,0.531136,0.153636,0.0388636,0.0577273,0.356136,0.194773,0.343636,2.21227,0.0745455,1.01818,0.0370455,0.446591,0.0647727,0.124318,0.0865909,0,0.163864,0,0.0747727,0,0,0.453409,0,0.160455,0.0143182,0.0677273,0,0,0.0929545,0,0.0770455,0.0118182,0.0209091,0.129318,0.108409,0,0,0.0117273,0.0817727,0.00138636,0.691295,0.114386,0.0202273,5.8123,73.7045,194.636,0.704545
0,0,0,0,0,0,0,0,0,1.085,0,0,0,0,0,0,0,0,0,0,0,0,0,0,14,1.6075,0.5675,0.5675,0.5675,2.7375,0.5675,0.5675,0,0.5675,0.5675,0.5675,0,0,0,0.5675,0,0,0,0,0,0,0,0,0,0.166,0,0,0,3.448,2.749,11.25,61,0
0.138864,0.0568182,0.292045,0,0.0872727,0.147955,0,0,0,0.195227,0,0.142045,0,0,0,0.405455,0,0,5.53341,0,0.788182,0,0,0,0.0411364,0,0.160455,0,0,0,0,0,0,0,0,0,0,0,0.0986364,0,0,0,0,0.0709091,0.783636,0.738182,0,0,0.0286364,0.0592727,0,0.0824773,0,0,1.08445,1.25,5.31818,0.0909091
0.119727,0.0696364,0.288455,0.114091,0.302273,0.111909,0.0579091,0.157182,0.198,0.279182,0.0651818,0.730909,0.104636,0.0985455,0.0206364,0.166909,0.187818,0.116364,1.38373,0.0904545,1.09618,0.242273,0.192818,0.0963636,0.720091,0.184909,0.0126364,0.019,0.0169091,0.0305455,0.00227273,0,0.0948182,0.00172727,0.0245455,0.0629091,0.155818,0.0113636,0.0298182,0.0119091,0.0670909,0.0721818,0.00763636,0.0183636,0.072,0.270545,0.0232727,0.0193636,0.0437636,0.159082,0.0204273,0.229736,0.0673273,0.0477,4.30735,56.4909,536.736,0.590909
0.0925,0.0541667,0.309861,0,0.352778,0.175139,0.0929167,0.120556,0.0473611,0.177639,0.04875,0.509861,0.0897222,0.0333333,0.0231944,0.240139,0.193472,0.205694,1.28847,0.148889,0.75625,0,0.162917,0.0888889,0.700556,0.407222,0.11,0.141667,0.11125,0.126667,0.0513889,0.0286111,0.06125,0.0286111,0.108056,0.0940278,0.181806,0.00194444,0.0605556,0.0518056,0.221528,0.0125,0.0680556,0.0444444,0.178889,0.414167,0,0.0384722,0.0883611,0.153069,0.0220278,0.118625,0.0654583,0.0132361,2.17979,15.4861,185.389,0.402778
0.0497674,0.0595349,0.313488,0,0.36186,0.157907,0.0755814,0.197209,0.0269767,0.290465,0.0609302,0.551628,0.115349,0,0.0130233,0.0893023,0.0839535,0.169767,1.54163,0.0313953,0.717442,0,0.112791,0.034186,0.56814,0.422558,0.216744,0.240698,0.153953,0.168372,0.074186,0.0639535,0.0913953,0.0567442,0.134884,0.172791,0.133256,0,0.144884,0.0567442,0.0416279,0.131628,0.106977,0.0495349,0.385581,0.297209,0.00209302,0.0265116,0.0218605,0.121349,0.0143023,0.196116,0.043,0.00511628,2.03412,11.3023,132.651,0.325581
0.135429,0.06,0.212143,0.0138571,0.249286,0.113286,0.0512857,0.104286,0.0425714,0.221714,0.0332857,0.514429,0.105286,0.0454286,0.00128571,0.100429,0.161286,0.086,1.15614,0.112286,0.397429,0.790571,0.156286,0.0585714,1.104,0.405714,0.128571,0.0565714,0.0664286,0.0614286,0.0767143,0.0181429,0.112571,0.0181429,0.045,0.0877143,0.328429,0.00271429,0.0241429,0.0181429,0.0707143,0.0475714,0.0548571,0.0924286,0.101143,0.358143,0,0.0127143,0.348486,0.187286,0.0258857,0.131671,0.0728714,0.0717714,3.19394,25.3286,316.771,0.357143
0.0714754,0.0501639,0.239508,0.0218033,0.0926229,0.065082,0.0214754,0.117213,0.0134426,0.209836,0.00885246,0.688525,0.0981967,0.00377049,0.0526229,0.0742623,0.111803,0.231639,1.4523,0.0104918,0.502787,0,0.0303279,0.0618033,0.902131,0.50459,0.198689,0.478033,0.0714754,0.258197,0.125574,0.0529508,0.207049,0.0529508,0.275246,0.173115,0.43918,0,0.234262,0.0529508,0.121967,0.130656,0.247377,0.0881967,0.398033,0.636721,0,0.0814754,0.0138361,0.195787,0.0494262,0.160787,0.0290492,0.0159836,2.20475,13.1475,68.3115,0.163934
0,0,0,0,0,0,0,0,0,11.11,0,0,0,0,0,0,0,0,5.55,0,0,0,0,0,0,0,0,0,0,0,0,0,0,0,0,0,0,0,0,0,0,0,0,0,0,0,0,0,0,0,0,0,0,0,1,1,2,0
0.0741176,0.0879412,0.194706,0,0.238235,0.0220588,0.0394118,0.0667647,0.00970588,0.237941,0.0505882,0.631471,0.0914706,0,0.0179412,0.351471,0.113235,0.153529,1.27412,0.0588235,0.299706,0,0.0211765,0.0367647,0.320882,0.299412,0.430294,0,0.277353,0.172941,0.0326471,0,0.281176,0,0,0.0797059,0.259706,0.0252941,0.185,0,0,0.140882,0.0117647,0.158235,0.0694118,0.0188235,0,0.0532353,0.0348824,0.183853,0,0.0566176,0.00588235,0.0433235,1.77244,6.47059,60.0882,0.176471
0.055,0.0604545,0.325909,0,0.341364,0.179545,0,0.104091,0,0.0290909,0.0818182,0.437273,0.0318182,0,0,0.0959091,0.185,0.119091,1.11955,0,0.448636,0,0,0.025,0.436818,0.198182,0.0222727,0.0286364,0.107727,0.198636,0.025,0,0.0286364,0,0.0345455,0.250455,0.0472727,0.0168182,0,0.0363636,0.0540909,0.00954545,0,0.109091,0.135,0.0413636,0,0.0440909,0.0209091,0.0965455,0.00177273,0.0759545,0.0185,0,1.62482,6.77273,108.227,0.181818
0.0797059,0.0652941,0.333382,0.0127941,0.333971,0.0957353,0.0389706,0.100882,0.0995588,0.293676,0.0580882,0.427647,0.0605882,0.0225,0.0169118,0.218824,0.101176,0.114559,1.36309,0.0148529,0.718529,0.0154412,0.0651471,0.0726471,0.702059,0.386618,0.201618,0.144265,0.0747059,0.148529,0.106029,0.0529412,0.189265,0.0529412,0.0917647,0.135588,0.3075,0.0223529,0.0976471,0.0825,0.00882353,0.0467647,0.108676,0.142941,0.175735,0.108088,0.0160294,0.0366176,0.0288971,0.228912,0.0255,0.137485,0.0400882,0.0428235,2.54724,19.6176,213.529,0.411765
0.183922,0.0880392,0.466471,0.0113725,0.27,0.0823529,0.123922,0.25098,0.087451,0.288039,0.0823529,0.352745,0.0386275,0.00588235,0,0.439608,0.375098,0.231765,1.93098,0.378627,1.27137,0.462745,0.0929412,0.112745,0.13451,0.0462745,0,0.0290196,0.0107843,0.0305882,0,0,0,0.00588235,0.0664706,0.0227451,0.111765,0,0.0113725,0.0562745,0,0,0.0129412,0,0.202157,0.471569,0.0272549,0.0611765,0.0182353,0.143745,0.0142941,0.454118,0.317471,0.216686,5.18451,72.2353,317.529,0.666667
0.0449153,0.0416949,0.163898,0,0.14661,0.0716949,0.0716949,0.106102,0.0444068,0.471356,0.0147458,0.498475,0.109831,0.00881356,0.040339,0.0810169,0.0615254,0.0567797,1.33508,0,0.575085,0,0.124915,0.140508,0.94661,0.57322,0.467966,0.317627,0.147288,0.202034,0.134746,0.134746,0.0811864,0.134746,0.151186,0.134746,0.348814,0,0.133559,0.157288,0.00864407,0.0354237,0.210678,0.0472881,0.333729,0.218475,0.0145763,0,0.035661,0.221169,0.0152203,0.240695,0.0592881,0.0265424,2.61442,13.1356,74.9492,0.355932
0.295,0.0833333,1.3825,0.0158333,0.885833,0,0.0541667,0,0.495833,0.685833,0,0.0333333,0,0,0,0.065,0,0,0.295,0.725833,0.400833,0,0,0.0333333,0.278333,0,0.121667,0.04,0,0.0483333,0,0,0,0.0316667,0,0,0.0483333,0,0,0,0,0,0,0,0,0,0,0,0,0.00733333,0,0.763833,0.18825,0.0025,537.208,1405.58,1442.75,0.916667
0.226129,0.419032,0.665484,0.0758065,0.371935,0.187097,0.33,0.129677,0.306774,0.876774,0.210968,0.767097,0.148387,0.0883871,0.279355,0.937419,0.338065,0.240645,1.82806,0.143871,1.55161,0.00548387,0.199677,0.213226,0.309032,0.143226,0.00774194,0,0,0.0235484,0,0,0.0435484,0,0.0232258,0.0151613,0.125161,0.016129,0.00774194,0.0235484,0,0.0235484,0.00516129,0.0158065,0.114194,0.046129,0,0.0248387,0.00974194,0.12971,0.00480645,0.75771,0.236581,0.0696774,25.9741,339.806,650.774,0.935484
0.159121,0.0418681,0.285495,0,0.28989,0.0751648,0.0514286,0.0197802,0.026044,0.0879121,0.0153846,0.51989,0.131319,0.027033,0,0.184835,0.0373626,0.0825275,1.62231,0.00978022,0.453407,0,0.0154945,0.0584615,0.277473,0.292967,0.311978,0,0.151429,0.0646154,0,0,0.09,0,0.0149451,0.0783516,0.150879,0.0102198,0.0610989,0.010989,0.0323077,0.274286,0,0.145604,0.342527,0.127363,0.0112088,0.0673626,0.0042967,0.13456,0.0133407,0.142198,0.00728571,0.00571429,1.56896,5.08791,36.8132,0.120879
0.172812,0,0.0309375,0,0.136563,0.0715625,0.253437,0,0,0.149375,0.030625,0.153437,0.0378125,0.0371875,0,0.179375,0.123437,0.152188,1.46312,0,0.849688,0,0,0.084375,0.255,0.0584375,0.176562,0.365625,0,0.0278125,0,0,0.53,0,0.260313,0,0.1225,0,0,0,0,0,0,0.025,0.539062,0.49625,0,0,0.00465625,0.223469,0,0.2765,0.132875,0,2.94125,16.375,60.0312,0.5625
0.0830769,0.0244231,0.234615,0,0.464423,0.0788462,0.0763462,0.119231,0.03,0.191154,0.0365385,0.780385,0.0567308,0.0165385,0.203654,0.324423,0.0651923,0.141154,1.56635,0.00807692,0.851923,0.0619231,0.106154,0.0875,0.726346,0.444808,0.170962,0.342885,0.131923,0.0734615,0.106731,0.0703846,0.0882692,0.0703846,0.179038,0.184808,0.2375,0.00769231,0.140192,0.0959615,0.0788462,0.08,0.140962,0.135577,0.238077,0.593269,0,0.0119231,0.0465,0.184654,0.0293654,0.167481,0.0809615,0.0162885,2.46106,12.7692,102.865,0.423077
0,0,0,0,1.28875,0,0,0,0,0,0,3.475,0,0,0,0,0,0,0,0,0,0,0,0,0.80875,0.80875,0,0,9.02375,0,0,0,0,0,0,0,0,0,0,0,0,8.4,0,0,0,0,0,0,0,0,0,0.213,0,0,1.41112,3.375,13.75,0
0,0,0,0,0,0,0,0,0,0,0,0,0,0,0,0,0,0,0.640769,0,0,0,0,0,0,0,0,0,0,0,0,0,0,0,0,0,0,0,0,0,0,0,0,0,0,0,0,0,0,0.188846,0,1.36069,0,0,1,1,1.92308,0.153846
0.102388,0.11403,0.38,0,0.66403,0.141045,0.121343,0.159851,0.111045,0.317761,0.089403,0.705522,0.0377612,0.0210448,0.0149254,0.317164,0.427015,0.275672,1.9294,0.165522,1.06164,0.0559701,0.19194,0.058806,0.250149,0.091791,0.0177612,0.0241791,0.0058209,0.0426866,0.0058209,0.0058209,0.0338806,0.0058209,0.0226866,0.0741791,0.12209,0.00104478,0.0189552,0.0716418,0,0.0061194,0.0192537,0.0413433,0.215224,0.00238806,0,0.0326866,0.00579104,0.0999254,0.00752239,0.374746,0.111194,0.0539851,4.10328,68.2836,249.537,0.746269
0,0,0.195667,0,0.158667,0,0,0,0.0603333,0.123333,0,0.095,0,0,0,0,0,0.0723333,8.704,0,2.42867,0,0,0.741667,0,0,0.205,0,0.123333,0,0,0,0,0,0,0,0,0,0,0,0,0,0,0,1.71667,0.524,0.0723333,0,0.0124667,0.0492667,0,1.44657,0,0,1.31,2.5,8.06667,0.1
0,0,0.63,0,0,0,0,0,0,0,0,0,1.295,0,0,0,2.595,5.195,2.595,0,3.225,0,0,0,0,0,0,0,0,0,0,0,0,0,0,0,0,0,0,0,0,0,0,0,0,0,0,0,0,0,0,1.8495,0.4945,0,1.793,11,64.5,1
0.0653846,0.108462,0.245769,0,0.395769,0.120385,0.0192308,0.140769,0.0861538,0.201154,0.101538,0.744231,0.130385,0.0815385,0.00692308,0.424615,0.203462,0.0653846,1.32269,0.0119231,0.769231,0,0.0926923,0.0238462,0.603077,0.394231,0.0326923,0.180769,0.06,0.246154,0,0,0.229615,0,0.0219231,0.128846,0.0311538,0.0461538,0.0692308,0,0.0176923,0.0707692,0,0.335769,0.0819231,0.0161538,0,0.0203846,0.00757692,0.119,0.0015,0.0743077,0.0382692,0.00361538,1.66581,6.61538,96.3846,0.153846
0.112,0.134667,0.190889,0,0.386889,0.0533333,0.0886667,0.0853333,0.0824444,0.174889,0.0342222,0.591556,0.0826667,0,0,0.0997778,0.132667,0.205778,1.28911,0,0.407778,0,0.0497778,0.0166667,0.762,0.511556,0.534667,0.293778,0.107778,0.156,0.0755556,0.0697778,0.054,0.0697778,0.171556,0.213333,0.272889,0,0.223333,0.0944444,0,0.0244444,0.168889,0.119556,0.336,0.186222,0,0.131556,0.0339111,0.142711,0.0222222,0.177667,0.0586222,0.0423333,2.1402,13.3333,112.667,0.244444
0.105349,0.115581,0.30907,0.445581,0.324651,0.116279,0.0781395,0.0860465,0.290465,0.272558,0.0744186,0.492326,0.119302,0.0513953,0.0946512,0.321395,0.123721,0.193953,1.46605,0.0374419,0.722326,0.878372,0.198837,0.13186,0.276744,0.157209,0.00976744,0.0109302,0.0116279,0.0072093,0.0155814,0,0.055814,0.00302326,0.02,0.0416279,0.132326,0.000930233,0.0232558,0.0186047,0.00162791,0.0130233,0,0.014186,0.0239535,0.0334884,0,0.0127907,0.0365814,0.159953,0.0269535,0.218791,0.139279,0.116488,5.94828,114.326,1374.05,0.651163
0,0,0,0,0,0,0,0,0,0,0,0,0,0,0,0,0,0,0,0,0,0,0,0,0,0,26.666,0,0,0,0,0,0,0,0,0,0,0,0,0,0,0,0,0,0,0,0,0,0,0,0,0,0,0,1.59575,2.8,5.1,0
0,0,0,0,0,0,0,0,0,0,0,0.131905,0,0,0,0,0,0.34,0.280476,0,0,0,0,0,8.2019,4.09857,3.75857,4.09857,3.89095,4.09857,4.09857,3.75857,0,3.75857,4.09857,4.09857,0,0,0,3.75857,0,0,0,0,0,0,0,0,0,1.06048,0,0.0228095,0,0,3.1259,10.9048,31.1905,0
0.0210345,0.0393103,0.341724,0,0.111724,0.0365517,0.0682759,0.0934483,0.248276,0.163448,0.0572414,0.31,0,0.144828,0,0.775517,0.0724138,0.117241,1.13724,0.0551724,1.07483,0.032069,0.205517,0.0393103,0.582069,0.496552,0.211379,0.0265517,0,0.0806897,0.0541379,0,0.157586,0,0.0534483,0.177931,0.0275862,0,0.0313793,0.0210345,0,0,0,0,0.0882759,0,0,0,0,0.122931,0.0169655,0.633655,0.067069,0,3.60552,29.8621,87.7931,0.689655
0.0584314,0.244118,0.247255,0,0.305882,0.22549,0.151569,0.0341176,0.0645098,0.281176,0.027451,0.567255,0.06,0,0.00568627,0.190784,0.092549,0.209608,1.70157,0.111961,1.08255,0.0243137,0.100392,0.121765,0.486863,0.236275,0.293529,0.103922,0.131765,0.103725,0.0639216,0.0701961,0.207059,0.0701961,0.116667,0.082549,0.228431,0,0.128039,0.0905882,0.0139216,0.0823529,0.102745,0.0127451,0.202941,0.0354902,0,0.057451,0.00745098,0.205471,0.0359216,0.374451,0.0993333,0.0288039,3.78139,30,158,0.54902
0.127692,0.102692,0.269038,0.501442,0.482115,0.124327,0.055,0.105962,0.163942,0.197596,0.108942,0.691346,0.15625,0.0382692,0.0598077,0.205865,0.271442,0.183173,1.80519,0.0770192,0.802308,0.790481,0.216538,0.144615,0.61625,0.117692,0.0188462,0.0178846,0.0247115,0.0101923,0.0130769,0.0160577,0.0841346,0.00836538,0.0294231,0.0755769,0.0997115,0.0269231,0.0171154,0.00788462,0.0125,0.04125,0.0182692,0.00442308,0.0591346,0.0519231,0.00846154,0.0164423,0.101606,0.108202,0.00721154,0.188606,0.102106,0.082375,3.88119,41.0096,452.904,0.615385
0.114194,0.223871,0.900645,0,0.196774,0.0667742,0.260645,0,0,0.0754839,0,0.905161,0,0,0,0.258065,0,0,1.04258,0,2.95613,0,0,0.767097,0.281613,0.202258,0.194516,0,0,0.13,0,0.162258,0,0.162258,0.0387097,0,0,0,0,0.134194,0,0.0774194,0,0,0.0603226,0,0,0,0,0.0820645,0,0.214871,0.111194,0.0194194,3.96729,23.7742,52.7742,0.677419
0,0.304737,0.224737,0,0.286316,0.0642105,0.283684,0.233158,0,0.305789,0.153158,0.41,0.0215789,0.151579,0,0.539474,0.316842,0.184737,2.1,0.148421,0.85,0.0789474,0.276842,0.246316,0.246842,0.354211,0.341579,0.273158,0,0.0210526,0,0.126842,0.0273684,0.126842,0.0757895,0,0.178947,0,0.105263,0.0510526,0,0.04,0.105263,0.0589474,0.341579,0.35,0.0378947,0,0.0233684,0.159474,0.0156316,0.370421,0.0878421,0.0112105,2.83126,21.5789,95.0526,0.631579
0.212963,0.253704,0.287593,0,0.410926,0.132778,0.290556,0.0835185,0.0359259,0.262037,0.0898148,0.365926,0.055,0.0262963,0.0522222,0.457222,0.133519,0.398148,2.36315,0.0362963,1.09667,0,0.0318519,0.1,0.48963,0.340926,0.394815,0.337778,0.0907407,0.111111,0.126296,0.207222,0.0514815,0.207222,0.179815,0.18,0.133704,0,0.176111,0.104815,0.0440741,0.0648148,0.137222,0.112778,0.336111,0.184259,0.0296296,0.0164815,0.0102778,0.144444,0.00381481,0.244574,0.0238704,0.0180556,2.21683,13.6852,93.5185,0.425926
0.0940385,0.0561538,0.364615,0,0.365577,0.0723077,0.0967308,0.116538,0.195192,0.130577,0.0175,0.507115,0.0492308,0.167308,0.0223077,0.467885,0.0890385,0.119038,2.01058,0,1.00269,0,0.148846,0.0192308,0.240385,0.310962,0,0.109615,0.18,0.0801923,0.0903846,0,0,0,0.0384615,0.0384615,0.0890385,0,0.242885,0,0.173077,0.257692,0.111346,0.1975,0.689231,0.1725,0,0.0492308,0.0381154,0.0739423,0.02625,0.338923,0.0901346,0.0447115,2.68335,13.2308,31.5192,0.5
0.0932895,0.153421,0.325132,0,0.432763,0.144211,0.118816,0.0692105,0.0376316,0.222105,0.0436842,0.606316,0.0748684,0.00697368,0.00513158,0.182105,0.132368,0.168158,1.39882,0.0275,0.970658,0,0.0763158,0.0509211,0.730263,0.319474,0.293026,0.182105,0.148684,0.141842,0.0976316,0.109868,0.0825,0.109868,0.134211,0.138026,0.237237,0,0.116579,0.119211,0.0614474,0.0784211,0.155,0.0377632,0.259605,0.151711,0.00894737,0.00684211,0.0364474,0.171026,0.0278158,0.0987368,0.0449737,0.00909211,2.09734,14.2763,162.632,0.368421
0.0932558,0.0837209,0.163953,0,0.199767,0.105116,0.146512,0,0.0706977,0.284186,0,0.288605,0.203256,0.04,0,0.66,0.05,0.215116,2.02163,0.278837,0.968605,0.0602326,0,0.235581,0.11186,0.133023,0,0.0618605,0,0.02,0,0,0.0862791,0,0,0.0667442,0.0316279,0,0,0.0316279,0.00604651,0.0193023,0.0162791,0.0181395,0.292558,0.298372,0,0,0.0169302,0.0595116,0.00451163,0.251814,0.0600465,0.525791,4.32214,51.3721,99.6977,0.465116
0.328286,0.287429,0.328857,0.00371429,0.255143,0.066,0.036,0.148857,0.435714,0.535143,0.220571,0.596857,0.371429,0.762,0.0811429,0.248571,0.340857,0.102857,2.44,0.0368571,1.1,0.048,0.403143,0.384857,0.0888571,0.0917143,0.00114286,0.000571429,0.000571429,0,0,0,0.127143,0,0.002,0.034,0.141429,0.00257143,0.00257143,0.0334286,0.00457143,0.00171429,0.00657143,0.004,0.0548571,0.0194286,0.002,0.0165714,0.0294286,0.0994857,0.0102571,0.339857,0.451857,0.102629,7.83891,361.771,2360,0.885714
0.0854098,0.161639,0.317377,0.0196721,0.353934,0.121311,0.128197,0.184918,0.0567213,0.3,0.0301639,0.592787,0.276066,0.0193443,0.131311,0.209016,0.184098,0.414754,1.38672,0.0403279,0.886885,0.05,0.160492,0.0716393,0.626066,0.318361,0.186393,0.15,0.127541,0.141148,0.0483607,0.0483607,0.0634426,0.0483607,0.0793443,0.0891803,0.136721,0,0.0872131,0.109672,0.0262295,0.0321311,0.0759016,0.0247541,0.107049,0.0396721,0,0.0183607,0.0229344,0.164918,0.0214098,0.164607,0.102328,0.0196557,2.98874,26.6721,241.902,0.52459
0.0881013,0.0449367,0.315949,0.0102532,0.364937,0.285823,0.120759,0.16,0.0388608,0.230759,0.0208861,0.497848,0.107342,0.0175949,0.00367089,0.298608,0.140506,0.119873,1.58025,0.00468354,1.50278,0,0.118608,0.20443,0.616329,0.469747,0.204557,0.154937,0.0768354,0.153671,0.0773418,0.0491139,0.0964557,0.0491139,0.126329,0.107089,0.14038,0.00291139,0.0579747,0.0567089,0.0736709,0.00696203,0.0818987,0.00759494,0.255063,0.0564557,0.0250633,0.0035443,0.0421392,0.156253,0.0276329,0.101266,0.0658734,0.0120886,1.97858,12.6835,143.468,0.493671
0.121707,0.440976,0.342439,1.72976,0.936341,0.144634,0.696341,0.152683,0.0580488,0.375854,0.0426829,0.635854,0.190976,0.0819512,0,0.730488,1.53659,0.239024,2.09098,0.274146,1.82732,0,0.0192683,0.160976,0,0,0,0,0,0.0236585,0,0,0,0,0,0.0521951,0.113659,0.0380488,0,0.00829268,0,0,0,0,0.00829268,0,0,0,0,0.123293,0,0.729683,0.212683,0.0322927,9.20393,136.756,194.512,0.926829
0.10703,0.0665347,0.247921,0,0.227129,0.0512871,0.029901,0.0149505,0,0.0970297,0,0.694059,0.0684158,0.030495,0.00653465,0.190099,0.0127723,0.151584,1.9799,0.00663366,0.593861,0,0,0.029901,0.427723,0.350495,0.220297,0,0.129802,0.0260396,0.0114851,0,0.0563366,0,0,0.030297,0.237723,0.010495,0.0482178,0,0.108317,0.279802,0.0154455,0.116238,0.428713,0.145842,0,0,0.0283564,0.111119,0.0124257,0.105406,0.013802,0.0117327,1.54598,5.05941,30.297,0.108911
0,0,0.212857,0,0.966429,0,0.774286,0,0.0392857,0.357857,0,0.847857,0.0392857,0.222857,0,1.08571,0,0.89,3.23857,0,0.929286,0,0,0.101429,1.09857,0,0,0,0,0,0,0,0,0,0,0,0,0,0,0,0,0,0,0,0,0.206429,0,0,0,0.00664286,0,0.205786,0,0,6.71286,57.5714,72.1429,0.5
0.0475439,0.0936842,0.290877,0,0.312982,0.122281,0.0950877,0.0678947,0.0473684,0.133684,0.0978947,0.459474,0.137368,0.0480702,0.0412281,0.191754,0.0515789,0.196842,1.67895,0.0998246,0.76386,0.785439,0.19807,0.103158,0.529474,0.218246,0.127368,0.0415789,0.0596491,0.034386,0.0394737,0.0585965,0.0808772,0.0642105,0.0429825,0.102982,0.145965,0,0.0314035,0.0263158,0,0.0345614,0.0510526,0.0363158,0.134386,0.0645614,0,0.0196491,0.133018,0.175193,0.0439825,0.176474,0.15414,0.092,3.49433,29.614,271.877,0.526316
0,14.1478,0,0,0,0,0,0,0,0.132222,0,0,0,0,0,0,0,0,0,0,0,0,0,0,0,0,0,0,0,0,0,0,0,0,0,0,0,0,0,0,0,0,0,0,0.132222,0,0,0,0,0,0,0,0,0,1.77778,4.88889,9.02778,0
0.0674,0.0756,0.3422,0,0.3492,0.157,0.2252,0.2076,0.0834,0.1908,0.1614,0.5902,0.1654,0.0836,0.0242,0.3116,0.141,0.1566,1.6996,0.198,1.0738,0,0.103,0.102,0.5746,0.2846,0.0524,0.1232,0.0206,0.0926,0.033,0.0206,0.026,0.0206,0.1046,0.1612,0.2222,0.011,0.0732,0.0666,0.0062,0.0266,0.016,0.0112,0.1054,0.0312,0,0.0496,0.0176,0.09866,0.00758,0.18912,0.11812,0.04174,3.30336,44.56,188.44,0.58
0.118421,0.154912,0.688947,0.160702,0.660702,0.611404,0.324211,0.165439,0.581754,0.412281,0.252281,0.720526,0.177193,0.0936842,1.13667,0.344561,0.151228,0.89614,1.74298,0.878246,1.05386,0.101404,0.608421,0.165439,0.00157895,0.00157895,0,0,0,0,0,0,0.00631579,0,0.00508772,0,0.00508772,0,0,0.047193,0,0,0.103509,0.0140351,0.0526316,0.042807,0,0,0.0101404,0.0927018,0.00131579,0.374491,0.152123,0.0238772,15.4019,652.789,1402.49,1
0.0967816,0.0471264,0.193333,0,0.218736,0.102529,0.15931,0.0677011,0.0149425,0.212989,0.07,0.79069,0.0264368,0.031954,0.0257471,0.127011,0.187816,0.0805747,1.86391,0.00517241,0.549195,0,0.113218,0.01,0.294483,0.112299,0.190345,0,0.0347126,0.14908,0.0103448,0,0.193103,0,0,0.120575,0.179655,0.00632184,0.0974713,0.00298851,0.118276,0.148276,0.0245977,0.102184,0.266092,0.105517,0,0.0697701,0.0157356,0.11831,0.00872414,0.216448,0.0162759,0.0101149,1.63514,5.78161,44.4253,0.137931
0.122222,0,0.272963,0,0.26037,0.0998148,0.123889,0.126111,0,0.259815,0.0311111,0.443148,0.137593,0,0.0401852,0.303519,0.0325926,0.232593,1.5087,0,0.543704,0,0.0351852,0.0616667,1.15963,0.789074,0.498889,0.487222,0.240556,0.477407,0.340556,0.212037,0.170185,0.212037,0.581296,0.307593,0.184259,0,0.41037,0.212037,0.082037,0.162778,0.0887037,0.179074,0.216667,0.122778,0,0,0.0139259,0.153148,0.0158889,0.307667,0.186296,0.00790741,2.31331,11.8148,46.7037,0.277778
0.09425,0.05225,0.23475,0,0.3695,0.0735,0.09125,0.0605,0.02325,0.2695,0.0475,1.08925,0.05675,0.00625,0.007,0.11975,0.0795,0.12925,1.4715,0,0.50525,0,0,0.04975,0.558,0.4635,0.1355,0.301,0.062,0.1,0.0495,0.01625,0.2545,0.01625,0.07525,0.21675,0.112,0,0.02325,0.01625,0.02825,0.01775,0.023,0.161,0.0605,0.02925,0.02025,0.10725,0.01415,0.158725,0.010575,0.091225,0.01825,0.006125,1.78645,8.125,87.6,0.15
0,0,0,0,0,0,0,0,0,0,0,0.04625,0,0,0,0,0,0.106806,0,0,0.0347222,0,0,0,0,0,0.271806,0,0,0,0,0,0,0,0,0,0,0,0,0,0,0.0533333,0,0.879444,0.145833,0.464444,0,0,0,0.105417,0.0566806,0.107903,0,0,1.11667,1.27778,4.19444,0
0.042381,0.0364286,0.188571,0,0.212619,0.0635714,0.0659524,0.19,0.00857143,0.109762,0.0635714,0.526667,0.135238,0,0.0252381,0.0971429,0.115714,0.364524,1.54452,0,0.467143,0,0,0.00952381,0.402857,0.085,0.0842857,0,0.0459524,0.0657143,0,0,0.566667,0,0.0142857,0.117619,0.121429,0,0.0609524,0,0.0169048,0.112381,0.0159524,0.212857,0.140476,0.0578571,0,0,0.0145476,0.16669,0.0343333,0.28919,0.00738095,0,1.53964,6,67.7143,0.285714
0.0565789,0.101842,0.391053,0,0.34,0.0844737,0.291842,0.119474,0.101053,0.174211,0.0823684,0.635526,0.0818421,0,0.0507895,0.228421,0.148947,0.477895,2.19605,0.151053,1.23026,0.310789,0.218947,0.11,0.401053,0.136579,0.0857895,0.0636842,0.0360526,0.169737,0.0360526,0.0360526,0.0236842,0.0360526,0.0492105,0.0360526,0.1,0,0.107895,0.0910526,0.0278947,0.0136842,0.00947368,0,0.128421,0.0252632,0,0,0.00692105,0.0998947,0.00171053,0.349921,0.0894211,0.0493947,6.06489,57.6579,153.947,0.605263
0.0928125,0.09375,0.144375,0,0.42,0.045,0.0596875,0.0465625,0.063125,0.139375,0.0134375,0.510625,0.0209375,0.05625,0.026875,0.5575,0.22625,0.128438,2.30281,0.0253125,1.1575,0,0.218438,0.039375,0.03125,0.0103125,0.075,0.084375,0,0,0,0,0,0,0.046875,0.09,0.0209375,0,0.0203125,0.0103125,0,0.0209375,0.02,0.01875,0.212187,0.05625,0,0.0103125,0.00765625,0.11475,0.011625,0.437563,0.0926875,0.0129062,3.64444,30.6875,109.094,0.8125
0.111864,0.104068,0.347627,0,0.240847,0.0789831,0.212203,0.0689831,0,0.12322,0.0533898,0.732373,0.110678,0,0.030339,0.214576,0.080339,0.11678,1.82949,0,0.674915,0,0.0240678,0,0.234746,0.0438983,0.128136,0,0.102373,0.0205085,0,0,0.175085,0,0.00864407,0.0623729,0.118644,0.0135593,0.207797,0,0.0501695,0.219831,0.0318644,0.0727119,0.260508,0.143729,0,0.0579661,0.0123051,0.119186,0,0.17061,0.0179322,0.0149153,1.58392,5.47458,52.3898,0.220339
0.11641,0.149487,0.251282,0.0330769,0.492821,0.170769,0.234359,0.0753846,0.0123077,0.298718,0.0441026,0.540769,0.0535897,0,0.0317949,0.455128,0.103333,0.296667,1.85462,0,1.03308,0.0797436,0.115641,0.0351282,0.566923,0.382821,0.224872,0.207692,0.025641,0.03,0.02,0.0341026,0.0761538,0.0571795,0.120769,0.0702564,0.13359,0,0.0717949,0.0546154,0.00846154,0,0.0405128,0.045641,0.190256,0.015641,0,0,0.0158718,0.196513,0.0180256,0.417154,0.0513077,0.0280769,3.15764,25.4103,133.385,0.564103
0.471538,0.860769,0.89,0,0.442308,0.0292308,0,0.413077,0.0569231,1.75462,0.0569231,2.32,0,0.522308,0,0.413077,0,0,1.93154,0,4.95692,0.0292308,0.0569231,0,0,0,0,0,0,0,0,0,0,0,0,0,0.0284615,0,0,0,0,0,0,0,0,0,0,0,0,0.232308,0,1.48692,0.177385,0.0787692,61.6854,691.692,800.692,1
0.0395556,0.387556,0.293778,0.891778,0.557556,0.189778,0.744667,0.0726667,0.241556,0.336222,0.0333333,0.697778,0.0542222,0.0142222,0.0204444,0.357333,0.201111,0.335556,2.084,0.0282222,1.16933,0,0.0597778,0.0862222,0.118889,0.0111111,0.255111,0.0313333,0.0111111,0.00555556,0.160889,0,0,0.00955556,0.0624444,0.0117778,0.0353333,0,0.0417778,0.422222,0,0.00444444,0,0,0.203556,0.00977778,0,0.0222222,0.0107778,0.185556,0.0144889,0.298578,0.0637333,0.0410889,13.3597,164.422,405.644,0.622222
0.0259259,0.111852,0.183333,0,0,0.0288889,0,0.108889,0,0.137037,0,0.308519,0.26,0,0,0.445185,0.0455556,0.067037,3.13556,0,1.46556,0.108889,0,0.0677778,0,0.135926,0.0962963,0,0,0,0,0,0,0,0,0,0,0,0,0,0,0.293704,0,0.0955556,0.634444,0.586296,0,0,0.0114444,0.0347407,0,0.141852,0.0340741,0.0166667,4.66196,44.6296,78.2963,0.37037
