0.121258,0.128702,0.328517,0.173444,0.383748,0.12302,0.168384,0.143007,0.15747,0.289828,0.092106,0.60845,0.112093,0.0464503,0.0436556,0.281046,0.272079,0.208185,1.65266,0.152066,1.00551,0.411722,0.161576,0.117311,0.537881,0.173576,0.0704503,0.0461325,0.036596,0.0419205,0.0321987,0.0163179,0.0625695,0.0174305,0.0435099,0.0664768,0.145232,0.0132583,0.0335497,0.0624503,0.0282517,0.0448344,0.027894,0.0247682,0.111748,0.13543,0.00839735,0.0242517,0.107164,0.148274,0.0178424,0.274628,0.116748,0.0823934,6.58655,69.2795,389.874,0.6
0.156303,0.198662,0.419014,0.207676,0.310106,0.138486,0.0798944,0.171901,0.357852,0.515423,0.105563,0.676056,0.151197,0.131901,0.159155,0.240915,0.164331,0.297324,1.56708,0.200035,1.17465,0.409155,0.158521,0.191408,0.541092,0.153028,0.0263732,0.0197183,0.00693662,0.0248592,0.0201408,0.0025,0.0891549,0.00316901,0.0700352,0.0385211,0.128592,0.00415493,0.0199648,0.0352113,0.0122183,0.0579577,0.0158451,0.00989437,0.0424296,0.0410563,0.00771127,0.0254577,0.0727254,0.133391,0.0301831,0.572282,0.199877,0.0635704,7.57266,129.539,869.863,0.65493
0.0895209,0.236613,0.245839,0.0234197,0.293396,0.0774089,0.105336,0.0880717,0.0322266,0.191543,0.0418289,0.513055,0.0762428,0.0389003,0.0210334,0.241889,0.107222,0.15969,1.6707,0.0443989,0.727032,0.0111449,0.0637933,0.0719705,0.580196,0.310253,1.04456,0.160533,0.127972,0.130286,0.0804067,0.0612956,0.105152,0.0618801,0.128481,0.114092,0.137936,0.0147334,0.0989515,0.0705664,0.0523742,0.16768,0.0541338,0.102323,0.385444,0.211522,0.00474842,0.0349443,0.0203254,0.136536,0.0158367,0.23861,0.0447433,0.0308942,2.40695,15.687,72.1648,0.296174
0,0,0,0.04,0,0,0,0,0,0,0,0,0,0,0,0.02,0,0,0.02,0,0,0,0,0,0,0,0,0,0,0,0,0,0,0,0,0,0,0,0,0,0,0,0,0,0,0,0,0,1.024,9.752,0.003,1.542,1.785,1.998,239.571,9989,10062,1
0.278222,0.243778,0.304444,0.00422222,0.241333,0.0762222,0.0393333,0.158222,0.360222,0.469111,0.185333,0.543556,0.329556,0.606222,0.076,0.269333,0.303556,0.118667,2.19067,0.0413333,0.984889,0.0577778,0.351111,0.335333,0.379333,0.0884444,0.00288889,0.000444444,0.00244444,0.00733333,0,0,0.112667,0,0.00688889,0.0524444,0.134667,0.00244444,0.00822222,0.0375556,0.0113333,0.00355556,0.00733333,0.012,0.052,0.0477778,0.00155556,0.0326667,0.0281333,0.102111,0.0180889,0.311489,0.371578,0.0901333,7.29271,304,2278.42,0.777778
0.121484,0.149297,0.475703,0.223672,0.421719,0.328437,0.165703,0.14625,0.405156,0.310938,0.155,0.582109,0.152813,0.0734375,0.549688,0.295156,0.158516,0.503594,1.57234,0.480234,0.849687,0.624297,0.377578,0.167891,0.140234,0.0778906,0.0075,0.0046875,0.004375,0.0078125,0.00804688,0,0.0482813,0.00101562,0.043125,0.0382031,0.0824219,0.00367187,0.0124219,0.0255469,0.00476563,0.0119531,0.0494531,0.0153906,0.0446094,0.0515625,0.00179687,0.01,0.0286484,0.124352,0.0178594,0.278094,0.141328,0.0809844,7.47595,331.812,1435.52,0.773438
0.280556,0.235556,1.08778,0.0105556,0.903333,0.0572222,0.119444,0.147778,0.453889,1.11,0.0861111,0.508889,0.0427778,0.0411111,0.180556,0.205556,0.0411111,0.142222,1.03944,0.508333,1.37889,0,0.172222,0.0711111,0.185556,0,0.0811111,0.0266667,0,0.0322222,0,0,0,0.0211111,0,0,0.0688889,0,0,0.065,0,0,0,0,0,0,0,0,0,0.0380556,0,0.720889,0.179333,0.0100556,385.854,1251.67,1399.06,0.944444
0.0966667,0.0133333,0.2,0,0.153333,0.133333,0,0.0966667,0.0966667,0.313333,0.06,0.0733333,0.12,0,0.0633333,0.0133333,0.13,0.0633333,0.626667,0.0133333,0.276667,3.17667,0.23,0.183333,0,0,0,0,0,0,0,0,0,0.0466667,0,0.0133333,0,0,0.0266667,0,0,0,0,0,0.0633333,0,0,0,0.372333,0.095,0.014,0.14,0.03,0.00366667,15.1877,493,9113.67,1
0.30617,0.144894,0.280426,0.0917021,0.0723404,0.106809,0.0193617,0.139787,0.221064,0.399574,0.144681,0.630213,0.341064,0.652766,0.0255319,0.158936,0.276596,0.12,1.86936,0.0476596,0.868511,0.0334043,0.447021,0.28766,0.0951064,0.0604255,0.00510638,0.00148936,0.00212766,0.00382979,0,0,0.309362,0,0,0.0297872,0.176383,0.00148936,0.00659574,0.017234,0.0246809,0.00765957,0.00446809,0.0159574,0.0421277,0.0568085,0.00978723,0.0502128,0.0292553,0.115766,0.00757447,0.24734,0.329319,0.0877872,5.44715,185.447,3357.47,0.744681
0.19,0,0.38,0,0,0.19,0,0,0,0,0.19,0.19,0,0,0,0.38,0,0.19,1.14,0,0.38,0,0,0,0,0,0,0,0,0,0,0,0,0,0,0,0,0,0,0,0,0,0,0,0,0,0,0,0.01,0.01,0,0,0,0.003,2.383,21,15841,1
