0.135,0.128889,0.265,0.171944,0.357222,0.0908333,0.0730556,0.107639,0.236667,0.324306,0.128333,0.773611,0.0986111,0.0486111,0.0683333,0.190278,0.1625,0.188611,1.40833,0.0808333,0.733889,1.03278,0.13875,0.164583,0.554306,0.205139,0.0238889,0.0416667,0.0179167,0.0402778,0.0126389,0.0156944,0.116528,0.00458333,0.045,0.0808333,0.11625,0.0172222,0.0183333,0.00986111,0.0361111,0.06375,0.00569444,0.0169444,0.0425,0.111389,0.0318056,0.02625,0.042375,0.146042,0.0152639,0.186708,0.0646944,0.118722,3.97431,44.3194,492.486,0.583333
0.105349,0.115581,0.30907,0.445581,0.324651,0.116279,0.0781395,0.0860465,0.290465,0.272558,0.0744186,0.492326,0.119302,0.0513953,0.0946512,0.321395,0.123721,0.193953,1.46605,0.0374419,0.722326,0.878372,0.198837,0.13186,0.276744,0.157209,0.00976744,0.0109302,0.0116279,0.0072093,0.0155814,0,0.055814,0.00302326,0.02,0.0416279,0.132326,0.000930233,0.0232558,0.0186047,0.00162791,0.0130233,0,0.014186,0.0239535,0.0334884,0,0.0127907,0.0365814,0.159953,0.0269535,0.218791,0.139279,0.116488,5.94828,114.326,1374.05,0.651163
0.0404444,0.0736667,0.238444,0.015,0.213889,0.0586667,0.0837778,0.102,0.0513333,0.566333,0.0401111,0.437556,0.0802222,0.00577778,0.0385556,0.105556,0.0771111,0.129333,1.39756,0.0763333,0.469444,0.00644444,0.0375556,0.0923333,0.836333,0.496444,0.426333,0.442111,0.165333,0.252111,0.131889,0.101889,0.0391111,0.101889,0.226111,0.170333,0.256,0.006,0.200556,0.107222,0.0365556,0.0356667,0.158778,0.0322222,0.330667,0.243889,0.0171111,0.0314444,0.0427222,0.212667,0.0131111,0.247822,0.0448222,0.0229667,2.49141,12.0778,79.5,0.277778
0.426923,0.549231,0.584615,0,0.217692,0.500769,0.0838462,0.38,0.785385,0.916154,0.0869231,0.516923,0.281538,0.0353846,0.650769,0.210769,0.263846,1.25077,2.39769,0.687692,1.42538,0.0238462,0.942308,0.523077,0,0,0,0,0,0,0,0,0.0253846,0,0.0976923,0.0323077,0,0.0276923,0,0,0,0,0.0284615,0,0.0553846,0,0,0,0.0221538,0.0529231,0.124462,0.440923,0.172923,0.0377692,13.3378,465.385,951.615,1
0.115536,0.115357,0.404464,0.0178571,0.32125,0.119643,0.0710714,0.109464,0.152857,0.348393,0.115714,0.501429,0.156429,0.0410714,0.12875,0.299643,0.222143,0.246786,1.47982,0.117679,0.832143,0.686429,0.264107,0.0976786,0.43125,0.191964,0.106429,0.132679,0.0666071,0.07125,0.0432143,0.0346429,0.03125,0.0346429,0.0676786,0.0733929,0.0919643,0.0448214,0.0646429,0.0892857,0.0166071,0.127857,0.0339286,0.00571429,0.11125,0.0694643,0.0269643,0.0482143,0.309518,0.147214,0.0101071,0.256643,0.0886071,0.0932679,3.48198,36.5893,371.786,0.535714
0,0.0774359,0.185385,0,0.346923,0.02,0.30359,0,0.0141026,0.223333,0,0.435385,0.194103,0.08,0,0.697949,0.0315385,0.365897,3.38897,0,1.36359,0,0,0.0833333,0.394359,0.0220513,0.0666667,0,0,0,0,0,0,0,0,0,0,0,0,0,0,0.131282,0,0.0661538,0.403077,0.443846,0,0,0.00792308,0.0264359,0,0.172205,0.0235897,0,5.20605,49.8974,75.7692,0.435897
0.0494624,0,0.0709677,0,0.100108,0.0369892,0,0.0632258,0,0.0673118,0,0.243011,0,0.124946,0,0.0995699,0.0306452,0,0.0968817,0,0.149462,0,0,0,0.0466667,0,0.58,0,0,0.0447312,0,0,0.0753763,0,0,0,0,0.0306452,0.0316129,0,0,0.294301,0,0.258172,1.48892,0.299785,0,0.197097,0.00447312,0.114516,0.0597204,0.0401613,0.0155161,0,1.37148,2.41935,7.82796,0.0215054
0,0,0,0,0,0,0,0,0,0,0,0,0,0,0,0,0,0,0.854444,0,0,0,0,0,0.411481,0.528889,11.0452,0,0,0,0,0,0,0,0,0,0,0,0,0,0,0.822963,0,0,0.246667,0,0,0.308519,0.0967407,0.129926,0,0.130259,0,0,1.48778,2.85185,8.37037,0
0.0783333,0.0364286,0.224167,0.0158333,0.0925,0.072381,0.0338095,0.139048,0.027381,0.142619,0,0.68631,0.127976,0.0027381,0.0665476,0.059881,0.143571,0.241548,1.43095,0.00761905,0.5575,0,0.0957143,0.0627381,0.910238,0.486667,0.206548,0.300476,0.0822619,0.222857,0.121548,0.0688095,0.163452,0.0688095,0.188214,0.161071,0.405476,0,0.1875,0.0846429,0.0661905,0.121667,0.21,0.122738,0.374881,0.437024,0,0.0591667,0.013631,0.189988,0.0398333,0.213,0.0585952,0.0142738,2.28799,12.9524,69.75,0.238095
0.0750725,0.105507,0.272319,0,0.390725,0.0937681,0.122319,0.102174,0.0537681,0.157536,0.047971,0.554638,0.0910145,0,0.0221739,0.119275,0.163043,0.266957,1.41768,0,0.507536,0,0.0388406,0,0.623478,0.400725,0.392754,0.212029,0.103768,0.158841,0.0721739,0.0684058,0.127971,0.0684058,0.146232,0.192464,0.202174,0.0157971,0.143333,0.0927536,0.0115942,0.0310145,0.15029,0.087971,0.288116,0.106232,0,0.0957971,0.0313768,0.143609,0.0162609,0.170058,0.0322464,0.0333333,1.97865,11.8841,115.159,0.275362
0.10806,0.0916418,0.325373,0,0.239552,0.0695522,0.186866,0.0689552,0,0.193881,0.0470149,0.740746,0.0974627,0,0.0537313,0.244627,0.0707463,0.102836,1.75179,0,0.670149,0,0.102537,0,0.288955,0.0704478,0.112836,0,0.0901493,0.0597015,0,0,0.154179,0,0.0332836,0.0859701,0.143731,0.0119403,0.254627,0,0.0441791,0.254478,0.0280597,0.0832836,0.240299,0.126567,0,0.0510448,0.0170746,0.128358,0,0.170343,0.0298657,0.0131343,1.61678,5.58209,52.1791,0.223881
0.0790476,0.0566667,0.206032,0,0.157143,0.0542857,0.038254,0.199365,0.0144444,0.281746,0.0461905,0.579048,0.0552381,0,0.00968254,0.26,0.10746,0.252698,1.11429,0.031746,0.335238,0,0.0114286,0.0198413,0.578889,0.339048,0.232222,0.105873,0.149683,0.13746,0.0520635,0,0.471905,0,0.115873,0.145714,0.245556,0.0298413,0.130317,0.0169841,0.0179365,0.123651,0.00634921,0.0852381,0.129683,0.0409524,0,0.0287302,0.0196508,0.158206,0.0207302,0.105127,0.0207619,0.0295238,1.76113,7.47619,61.5873,0.238095
0.096,0.008,0.196,0.008,0.092,0.118,0,0.058,0.058,0.188,0.074,0.082,0.072,0,0.038,0.088,0.078,0.076,0.608,0.008,0.242,1.906,0.138,0.11,0,0,0,0,0,0,0,0,0,0.028,0,0.008,0,0,0.016,0,0,0,0,0,0.038,0,0,0,0.4302,2.0094,0.009,0.3924,0.375,0.4024,57.5034,2297.8,10648.8,1
0,0,0,0,0.625,0,0,0,0,0,0,0,0,0,0,0,0,0,0,0,0,0,0,0,6.25,3.55125,0,0,0,0,0,0,0,0,0,0.480625,0,0,0,0,0,0.905625,0,4.04187,0,0,0,0,0,0,0,0,0,0,1.42756,2.4375,5.9375,0
0.1125,0.17125,0.5475,0.822083,0.429167,0.245,0.38125,0.269167,0.0545833,0.313333,0.200833,0.482083,0.0741667,0,0,0.4825,0.46375,0.355417,2.29917,0.704583,1.77208,0,0.165417,0.2875,0.02375,0.02375,0,0,0,0,0,0,0.01125,0,0,0.0304167,0.131667,0,0.0995833,0,0,0,0,0,0.128333,0.0516667,0,0,0.01475,0.121458,0.0355,0.453417,0.094125,0.0379583,8.09254,140.208,284.583,0.958333
0.0169444,0.103056,0.298333,0,0.119444,0.0294444,0.138056,0.0752778,0.2,0.152778,0.0461111,0.440278,0.0113889,0.173611,0,0.823333,0.196389,0.123611,1.20694,0.0444444,0.999722,0.0258333,0.165556,0.0855556,0.468889,0.479444,0.297222,0.0591667,0,0.0577778,0.0436111,0.0491667,0.126944,0.0491667,0.0430556,0.125,0.0811111,0,0.0630556,0.0438889,0,0.0991667,0.0377778,0.0111111,0.194167,0.0758333,0,0,0.00608333,0.147417,0.0193889,0.554333,0.0576389,0,3.42403,28.3889,88.7222,0.638889
0,0,0,0,0,0,0,0,0,0,0,0,0,0,0,0,0,0,3.42375,0,0,0,0,0,0,0,0,0,0,0,0,0,0,0,0,0,0,0,1.38875,0,0,0,0,0,14.6637,0,0,0,0,0.285625,0,5.217,0,0,1.46187,2.875,7.375,0
0.138113,0.0362264,0.296038,0,0.426226,0.044717,0.113396,0.0401887,0.0141509,0.0690566,0.0801887,0.657547,0.23,0.0109434,0.0301887,0.0964151,0.161698,0.190943,1.93887,0.0364151,0.621321,0,0.0458491,0.00754717,0.344717,0.174528,0.0390566,0,0.0520755,0.0903774,0,0,0.135472,0,0.0467925,0.112264,0.0554717,0.00867925,0.0216981,0,0.0439623,0.0962264,0.0226415,0.205283,0.18434,0.0609434,0.0332075,0.0422642,0.0115283,0.177755,0.00530189,0.305283,0.00954717,0.00130189,1.48996,5.71698,72.7925,0.301887
0.301538,0.111538,1.24846,0,1.10462,0.0338462,0.143077,0.0676923,0.431538,1.04692,0.0515385,0.186923,0.0592308,0,0.17,0.19,0,0.196923,0.935385,0.640769,1.10692,0,0.0676923,0.0676923,0.242308,0,0.112308,0.0223077,0,0.0446154,0,0,0,0,0,0,0.0446154,0,0,0.0676923,0,0,0,0,0,0,0,0,0,0.0106154,0,0.734308,0.0896923,0,360.719,1208.46,1361,0.923077
0.182273,0.213182,0.208182,0,0.735455,0.217727,0.390455,0,0.151818,0.386364,0.222727,0.322273,0.213636,0,0,0.961364,0.120909,0.286364,1.82682,0.237273,0.878182,0,0,0.430455,0.0909091,0.0540909,0.162273,0,0,0.0672727,0,0,0.168636,0,0.0909091,0.0409091,0.0886364,0,0,0.0618182,0.0118182,0.0736364,0.0318182,0.0877273,0.101364,0.0554545,0,0,0,0.05,0,0.511636,0.0690455,0.901318,7.19627,69.0455,113.273,0.727273
0,0.0834286,0.184,0,0.254286,0,0.143714,0.173143,0.150286,0.0888571,0.026,0.343143,0,0.192571,0.0331429,0.555714,0.132286,0.269143,1.26457,0,0.720286,0,0.0285714,0.0285714,0.366286,0.708286,0.36,0.164,0.269714,0.120286,0.0582857,0.0582857,0,0.0582857,0.0582857,0.0582857,0.28,0,0.217143,0.0582857,0.221714,0.501714,0.251143,0.0177143,0.840286,0.271714,0,0.112571,0.0212571,0.104829,0.0245714,0.258543,0.0950857,0.0468571,2.74109,12.4571,34.3714,0.342857
0.118889,0.641667,0.125556,0,0.472222,0.357778,0.800556,0.151111,0.132222,0.696111,0.0611111,0.828333,0,0.0866667,0,0.819444,1.37778,0.0422222,0.777222,0.479444,1.20167,0,0,0.118889,0,0,0,0,0,0.0538889,0,0,0,0,0,0.118889,0.258889,0.0866667,0,0.0188889,0,0,0,0,0.0188889,0,0,0,0,0.111944,0,0.667278,0.0647778,0.0633889,9.06744,121.611,174.444,0.888889
0.233667,0.433,0.68,0.0783333,0.384333,0.193333,0.333333,0.134,0.317,0.874333,0.218,0.777,0.153333,0.0836667,0.288667,0.961,0.317667,0.248667,1.80967,0.148667,1.54,0.00566667,0.206333,0.204667,0.319333,0.148,0.008,0,0,0.0243333,0,0,0.045,0,0.024,0.008,0.121667,0.0166667,0.008,0.0243333,0,0.0243333,0.00533333,0.0163333,0.118,0.0476667,0,0.0256667,0.0100667,0.129933,0.00496667,0.7764,0.244467,0.0712,26.6719,341.8,655.167,0.933333
0.102083,0,0.290278,0,0.238472,0.0556944,0.206111,0.0744444,0,0.188194,0.05,0.502639,0.128194,0.01625,0.00944444,0.392083,0.0456944,0.206111,1.29861,0,0.520972,0,0.0333333,0.04625,0.935417,0.620833,0.415556,0.325,0.170694,0.382083,0.220972,0.136806,0.253472,0.136806,0.453333,0.236389,0.191667,0,0.3075,0.136806,0.106667,0.174167,0.0738889,0.246111,0.15,0.147361,0,0.0154167,0.0121667,0.156458,0.00901389,0.203986,0.143347,0.00538889,2.17858,10.5556,45.6667,0.263889
0,0,0,0,0,0.0397297,0,0.150135,0,0,0,0.045,0,0,0,0,0,0.103919,0.0818919,0,0.183919,0,0,0,0,0,0.167973,0,0,0,0.168919,0,0,0,0,0,0,0,0,0,0,0.0518919,0,0.0421622,0.259054,0.451892,0,0,0,0.114216,0.0551486,0.200108,0,0,1.10811,1.22973,4.16216,0.0135135
0.165135,0.12027,0.197297,0.0348649,0.42,0.197027,0.197838,0.0862162,0.0232432,0.278378,0.0548649,0.685676,0.0816216,0,0.0335135,0.407027,0.219189,0.209189,2.24568,0.00837838,1.13811,0.0840541,0.144054,0.0678378,0.777838,0.560811,0.324865,0.205946,0.113784,0.180811,0.107838,0.107838,0.135676,0.144324,0.175676,0.148108,0,0,0.0783784,0.156486,0.00891892,0,0.012973,0.0386486,0.282703,0,0,0,0.0252162,0.190459,0.0171081,0.535811,0.0491081,0.033,3.55365,30.7297,134.243,0.540541
0.0641176,0,0.478824,0,0,0,0,0,0,0,0,0.639412,0,0,0,0,0,0.497647,0.704118,0,0.124706,0,0,0,4.34176,2.37059,0.537059,1.42235,0.537059,1.44706,0.751765,0.537059,0.104706,0.537059,1.48176,0.751765,0.171176,0,0,0.537059,0,0.126471,0,0,0.0641176,0.136471,0,0,0,0.289941,0,0.0166471,0,0,2.36688,10.5294,54.5294,0
0.0545098,0.101569,0.375882,0,0.59451,0.0680392,0.283137,0.188235,0.0672549,0.196471,0.110196,0.706078,0.0670588,0,0.243137,0.260392,0.297647,0.455882,2.13961,0.417843,1.36804,0.231569,0.295882,0.119608,0.338431,0.141373,0.0639216,0.126863,0.0268627,0.148431,0.0268627,0.0268627,0.0176471,0.0268627,0.045098,0.0445098,0.0745098,0,0.146078,0.11902,0.0207843,0.0241176,0.00705882,0,0.165882,0.0156863,0,0,0.00515686,0.150902,0.00127451,0.292098,0.106549,0.0368039,6.23502,59.7451,146.667,0.666667
0.633421,0.121053,0.676316,0,0.196053,0.0544737,0,0,0,0.0639474,0.578947,1.36895,0,0,0,0.210526,0,0.0105263,1.38921,0,4.78263,0,0,0.549211,0.116579,0.113684,0.158684,0,0,0.106053,0,0.132368,0,0.132368,0.0315789,0,0,0,0,0,0,0.0631579,0,0,0.101053,0,0,0.0639474,0,0.0669474,0,0.674026,0.0870789,0,4.78618,27.0789,53.7368,0.473684
0.132687,0.217761,0.440896,0.638955,0.266567,0.125075,0.0519403,0.110896,0.269403,0.31194,0.0722388,0.815522,0.220149,0.108806,0.138209,0.148209,0.137612,0.199552,1.77209,0.160299,0.955373,0,0.135821,0.179851,0.686716,0.128507,0.0198507,0.0210448,0.0146269,0.0176119,0.0141791,0.00238806,0.0746269,0.00238806,0.0286567,0.0661194,0.0853731,0.00208955,0.0150746,0.0361194,0.00238806,0.0740298,0.0380597,0.0110448,0.0244776,0.00179104,0,0.021194,0.149239,0.130358,0.019209,1.09897,0.267716,0.0179701,4.07716,59.1493,751.104,0.61194
0,0,0,0,0,0,0,0,0,0,0,0,0,0,0,0,0,0,0,0,0,0,0,0,16.3043,1.09857,0,0,0,0,0,0,0,0,0,0,0,0,0,0,0,0,0,0,2.88357,0,0,0,0,0,0,0.0802143,0,0,4.16179,16.5714,25.5,0
0,0,0.4025,0,4.9175,0,0,0,0,0,0,0,0,0,0,0,0,0,0,0,0.4025,0,0,0,0,0,0,0,0.595,0,0,0,0,0,0,0,0,1.8475,0,0,0,5.4775,0,0,0,0,0,0,0,0.0735,0,0,0,0,1.14575,1.375,4.375,0.125
0,0,0,0,1.28875,0,0,0,0,0,0,3.475,0,0,0,0,0,0,0,0,0,0,0,0,0.80875,0.80875,0,0,9.02375,0,0,0,0,0,0,0,0,0,0,0,0,8.4,0,0,0,0,0,0,0,0,0,0.213,0,0,1.41112,3.375,13.75,0
0.161268,0.0770423,0.114507,0,0.160704,0.115211,0.188169,0.106056,0.0326761,0.163521,0.031831,0.32169,0.0776056,0.0167606,0,0.174648,0.115352,0.173239,1.85817,0.00971831,1.05549,0,0,0.0380282,0.515211,0.243521,0.355211,0.430563,0.0584507,0.0784507,0.0701408,0.0540845,0.310986,0.0540845,0.212676,0.0540845,0.225775,0,0.0738028,0.112676,0.0546479,0.0895775,0.106056,0.153944,0.477183,0.444366,0,0,0.0185493,0.180028,0.0105775,0.280042,0.0889859,0.0606479,2.48023,14.0282,61.2535,0.422535
0,0,0,0,0,0,0,0,0,0,0,0,0,0,0,0,0,0,0,0,0,0,0,0,0,0,0.653333,0.653333,0,0.653333,0,0,0,0,0.653333,0,0,0,0,0,4.35556,0,0,0,0,7.48667,0,0,0,0.0847778,0,0,0,0,3.68233,7.77778,12.8889,0
0.137895,0.269737,0.265789,2.25132,0.277368,0.0736842,0.0257895,0.104474,0.456316,0.221316,0.0586842,0.51,0.0781579,0.0168421,0.0655263,0.368947,0.122895,0.257368,1.67447,0.0905263,1.04921,0,0.0805263,0.22,0.245526,0.00394737,0.136316,0,0,0,0,0,0.00394737,0,0.00605263,0.0444737,0.0784211,0.0371053,0.0223684,0.06,0,0.0123684,0.0423684,0.00763158,0.0660526,0.0457895,0,0.0255263,0.0100789,0.133526,0.0107895,0.343211,0.148579,0.0512895,7.16176,84.8947,415.921,0.657895
0.06,0.0390625,0.310625,0,0.134375,0.0557812,0,0,0.0282812,0.172344,0,0.149375,0.108594,0.091875,0,0.0578125,0,0.137969,4.89688,0,1.44594,0,0,0,0.188594,0.0410938,0.624063,0,0.0578125,0,0,0,0,0,0,0,0,0,0.0678125,0,0,0,0,0.0325,0.761719,0.842344,0.0339063,0.074375,0.006375,0.0904531,0.0117344,0.254656,0.00528125,0,1.22366,2.0625,8.625,0.078125
0.159744,0.437692,0.391026,0,0.0538462,0.109231,0.104359,0.172821,0.125385,0.744872,0.0392308,0.554103,0.034359,0,0,0.249744,0,0,3.32872,0,1.04436,0,0.0287179,0.127179,0.396667,0.0933333,0.164615,0.0376923,0.0335897,0.0335897,0.11641,0,0.0105128,0,0,0.0335897,0.224359,0.0105128,0.235128,0,0.055641,0,0.0482051,0.176923,0.585641,0.57359,0,0,0,0.104333,0.00648718,0.224051,0.0633846,0.0422051,2.61421,17.3077,38.6154,0.384615
0.213088,0.132206,0.337794,0,0.407353,0.188971,0.0786765,0.186324,0.390441,0.385882,0.0939706,0.618971,0.0786765,0.186029,0.114118,0.164853,0.3475,0.0508824,1.52015,0.220588,1.13044,0.461765,0.0645588,0.287353,0.600588,0.155294,0.0289706,0.0138235,0.00617647,0.0229412,0.0175,0.00617647,0.0954412,0.00617647,0.0175,0.05,0.128382,0.00867647,0.0151471,0.0342647,0.0269118,0.186471,0.0208824,0.00867647,0.0669118,0.0747059,0.00808824,0.00735294,0.121412,0.165162,0.0134853,0.287279,0.151676,0.0510735,4.38078,80.25,641.397,0.514706
0.110667,0.104667,0.516667,0,0.493333,0.0633333,0.234667,0.0926667,0.084,0.453333,0.058,0.58,0.190667,0.0366667,0,0.514,0.37,0.253333,1.976,0.0653333,0.852667,0,0.518,0.133333,0.360667,0.0746667,0,0,0.0333333,0.0166667,0,0,0,0.0413333,0,0.05,0.149333,0,0,0,0,0.0133333,0,0,0.125333,0,0,0.08,0.0304667,0.182,0,0.448733,0.178,0.0128,8.96667,167.667,514.6,0.733333
0.122043,0.0736559,0.310108,0.00301075,0.238817,0.10043,0.0358065,0.157957,0.186344,0.209785,0.0695699,0.756989,0.114194,0.0912903,0.0263441,0.166452,0.205591,0.116344,1.41602,0.115699,1.25516,0.00182796,0.135269,0.106452,0.995484,0.177097,0.0141935,0.00182796,0.00870968,0.0167742,0.0104301,0,0.107957,0.0011828,0.0117204,0.0655914,0.191183,0.0202151,0.0282796,0.0147312,0.0954839,0.0569892,0.00698925,0.0190323,0.0648387,0.297957,0.00290323,0.0107527,0.0648817,0.178473,0.0202366,0.238978,0.0617849,0.0664839,3.73208,54.5699,561.484,0.55914
0.0605128,0.0367949,0.223077,0,0.422692,0.0811538,0.0475641,0.101282,0.0355128,0.148205,0.0339744,0.626282,0.0497436,0.0110256,0.135769,0.231026,0.0901282,0.10859,1.17397,0.00538462,0.666026,0.0412821,0.0953846,0.0598718,0.728462,0.423846,0.187949,0.277692,0.151795,0.14859,0.0916667,0.0603846,0.0632051,0.0603846,0.142564,0.196795,0.205385,0.0205128,0.124487,0.0839744,0.0701282,0.0723077,0.121154,0.126026,0.238718,0.28641,0,0.0183333,0.0364487,0.160641,0.0252564,0.117513,0.0737308,0.0103462,2.17794,10.5128,103.449,0.25641
0.0354687,0,0.174688,0,0.260938,0.05875,0.0346875,0.114531,0.0520312,0.06125,0,0.747188,0.04,0.030625,0,0.256094,0.0520312,0.135781,2.01344,0,0.640625,0,0.105313,0.312187,0.709219,0.547344,0.235313,0.179063,0.0595313,0.117812,0.116719,0,0.0557812,0,0.130312,0.0745312,0.0740625,0.0625,0.160469,0.0346875,0.170781,0.255,0.024375,0.18625,0.530469,0.126094,0,0.0578125,0.0397031,0.111922,0.0274375,0.403594,0.0382969,0.0408437,2.50342,11.125,27.0156,0.359375
0.110741,0.136667,0.719074,0.16963,0.606852,0.637222,0.319815,0.158333,0.605926,0.328519,0.253889,0.715556,0.172778,0.0988889,1.15889,0.328704,0.15963,0.898519,1.67296,0.927037,0.920556,0.107037,0.625926,0.158333,0.00166667,0.00166667,0,0,0,0,0,0,0.00666667,0,0.00537037,0,0.00537037,0,0,0.0335185,0,0,0.109259,0.0148148,0.0555556,0.0451852,0,0,0.0107037,0.0956296,0.00138889,0.37287,0.153796,0.0252037,9.46404,631.852,1394.7,1
0.0927907,0.222791,0.328372,0.0072093,0.372791,0.137674,0.092093,0.095814,0.08,0.300233,0.0234884,0.695349,0.0532558,0.0165116,0.0518605,0.156512,0.160698,0.266047,1.48953,0.0595349,0.945581,0.139535,0.05,0.0874419,0.342791,0.257907,0.191395,0.107442,0.104651,0.121163,0.0216279,0.0288372,0.0825581,0.0362791,0.0781395,0.0488372,0.178837,0.00162791,0.0527907,0.0360465,0.0334884,0.0311628,0.0162791,0.0751163,0.07,0.0437209,0,0.0481395,0.00211628,0.172721,0.0231163,0.184419,0.0506744,0.0428837,3.63723,40.093,241.349,0.488372
0,0,0,0,0,0,0,0,0,0,0,1.58,0,0,0,0,0,0,0,0,0,0,0,0,0,0,0,0,0,0,0,0,4.76,0,0,0,0,0,0,0,0,0,0,6.34,0,0,0,0,0,0,0,0,0,0,1.259,3,34,0
0.0494737,0.0710526,0.173421,0,0.165263,0.0813158,0.0607895,0.0773684,0.0431579,0.193421,0,0.313684,0.134211,0.0452632,0,0.323684,0.0565789,0.177368,1.96316,0.315526,0.968947,0.145526,0,0.0344737,0.126579,0.150526,0,0.109474,0,0,0,0,0,0,0.0394737,0.0518421,0,0,0,0,0,0.0218421,0,0.0205263,0.329474,0.332632,0,0,0.0191579,0.0577895,0.00510526,0.177921,0.0420263,0.085,4.37553,46.0263,97.2632,0.421053
0.119474,0,0.119474,0,0,0,0,0,0,0.861579,0,0,0,0,0,0.744211,0,0,5.80316,0,0.558421,0,0,0,0.0952632,0,0,0,0,0,0,0,0,0,0,0,0,0,0,0,0,0,0,0,0.187895,0.292105,0,0,0.0544211,0.076,0,0.036,0,0,1.14032,1.31579,3.10526,0.157895
0.0193258,0.0494382,0.223708,0,0.458202,0.0748315,0.0316854,0.0261798,0.0183146,0.05,0.0138202,0.56809,0.101798,0.075618,0,0.0353933,0,0.185506,0.72,0,0.431348,0,0,0,0.24573,0.17382,0.452247,0,0.172584,0.0180899,0,0,0.170787,0,0,0.00876404,0.0401124,0.0386517,0.118876,0,0.0175281,0.513483,0.0586517,0.18427,0.461124,0.10573,0,0.0280899,0.0127191,0.134798,0.0200787,0.108225,0,0.00138202,1.43865,3.59551,18.2921,0.0898876
0.0622642,0.234906,0.226415,0,0.334151,0.196226,0.16566,0.0590566,0.0788679,0.279245,0.0286792,0.59566,0.0667925,0,0.0418868,0.206981,0.106604,0.236038,1.78434,0.0869811,1.05208,0.0233962,0.141132,0.11717,0.418868,0.190189,0.240189,0.0877359,0.114528,0.0875472,0.0492453,0.055283,0.181698,0.055283,0.1,0.0671698,0.219811,0,0.135283,0.0839623,0.0133962,0.0792453,0.0988679,0,0.196226,0.0371698,0,0.055283,0.00716981,0.186038,0.0315849,0.365,0.0961509,0.0242075,3.74957,31.3396,158.491,0.584906
0.0926316,0.0526316,0.192105,0.131754,0.549825,0.149649,0.0505263,0.127544,0.111053,0.128596,0.0668421,0.608421,0.168772,0.0508772,0.00842105,0.122982,0.330351,0.108246,1.91421,0.0652632,0.638246,0.748421,0.250175,0.0461404,0.882281,0.25,0.044386,0.037193,0.0480702,0.0357895,0.0166667,0.0166667,0.0696491,0.0166667,0.0491228,0.0935088,0.158596,0.037193,0.0198246,0.0191228,0.0436842,0.044386,0.0380702,0.0022807,0.0689474,0.0608772,0.0154386,0.0266667,0.226825,0.107825,0.0151228,0.0978421,0.0898421,0.0644912,2.91877,27.807,435,0.508772
0,14.1478,0,0,0,0,0,0,0,0.132222,0,0,0,0,0,0,0,0,0,0,0,0,0,0,0,0,0,0,0,0,0,0,0,0,0,0,0,0,0,0,0,0,0,0,0.132222,0,0,0,0,0,0,0,0,0,1.77778,4.88889,9.02778,0
0.267778,0.105,0.272407,0,0.527222,0.0225926,0.102037,0.0492593,0.0235185,0.0948148,0.0233333,0.548333,0.0325926,0.0468519,0.0159259,0.42963,0.277222,0.215741,2.58333,0.00814815,1.27,0,0.18463,0.101852,0.0468519,0.0294444,0.067963,0.0592593,0,0,0,0.0116667,0.00814815,0.0116667,0.0374074,0.0912963,0.0261111,0,0.0307407,0.00611111,0,0.0124074,0.0118519,0.0111111,0.284074,0.04,0,0.0472222,0.010537,0.107889,0.00688889,0.427278,0.13687,0.00764815,3.18009,25.7037,111.426,0.851852
0.129167,0.0911111,0.301528,0.00222222,0.298611,0.0976389,0.0980556,0.107917,0.446528,0.448056,0.0945833,0.525,0.131528,0.144444,0.07125,0.299583,0.0665278,0.352778,1.61347,0.291944,1.07556,0.990139,0.102361,0.186389,0.366389,0.156944,0.0344444,0.0193056,0.00125,0.0204167,0.0325,0.00125,0.0776389,0.00125,0.193472,0.0201389,0.166111,0.000694444,0.0183333,0.0418056,0.00972222,0.0519444,0.0075,0.0190278,0.0420833,0.0386111,0.0201389,0.0366667,0.047625,0.113458,0.0491667,0.342486,0.224069,0.10475,5.59783,80.0139,1102.92,0.638889
0.0482353,0.0166667,0.321176,0,0.301176,0.132941,0.0286275,0.196471,0.0227451,0.219412,0.0513725,0.446863,0.0709804,0,0.0194118,0.191961,0.0719608,0.133725,1.49608,0.0354902,0.688039,0.00901961,0.0727451,0.0390196,0.772353,0.695882,0.277843,0.368627,0.200392,0.162549,0.104902,0.0819608,0.115686,0.0819608,0.268431,0.208824,0.222157,0,0.174706,0.0819608,0.0758824,0.124118,0.16451,0.0578431,0.342745,0.214314,0.0054902,0.0266667,0.0165686,0.161725,0.0483529,0.182627,0.0436275,0.0132353,1.99602,11.4314,128.039,0.27451
0.0422794,0.0452941,0.315147,0,0.265074,0.0366912,0.0272059,0.00625,0.0308824,0.103456,0.0242647,0.858235,0.07875,0.0347794,0.0125,0.129044,0.0329412,0.0852206,1.99162,0.00926471,0.422206,0,0,0.0195588,0.313015,0.220588,0.418088,0,0.109412,0.0844118,0,0,0.08375,0,0.0163235,0.0117647,0.188015,0.0180882,0.0847794,0,0.0533824,0.229853,0.00632353,0.140809,0.456176,0.172279,0,0.0480882,0.0269559,0.134434,0.00261765,0.141912,0.00877206,0.000727941,1.56551,4.76471,25.5147,0.0661765
0,0,0,0,0,0,0,0,0,0,0,0,0,0,0,0,0,0,0,0,0,0,0,0,0,0,0,0,0,0,0,0,0,0,0,0,0,0,0,0,0,0,0,0,0,0,0,0,0,0.113625,0,1.16838,0,0,1,1,1.5,0.25
0.12,0.122833,0.287667,0,0.345333,0.137333,0.254167,0.1555,0.0323333,0.294167,0.098,0.258667,0.0248333,0.0375,0.0356667,0.399667,0.1315,0.319833,2.09183,0.0731667,0.966833,0.025,0.105,0.105333,0.845833,0.405167,0.345,0.281167,0.0711667,0.154833,0.0711667,0.160167,0.0648333,0.160167,0.1365,0.164333,0.130667,0,0.156333,0.0711667,0.0396667,0.0548333,0.128667,0.081,0.306167,0.4465,0.0386667,0.0148333,0.0197833,0.14295,0.0101333,0.269333,0.03385,0.1383,2.32527,15.2667,95.55,0.466667
0.0871429,0.0797619,0.412381,0,0.263095,0.199762,0.155,0.257619,0.130714,0.164286,0.0995238,0.586905,0.131667,0.037381,0.0047619,0.348571,0.149762,0.0845238,1.59095,0.334524,1.03738,0,0.204762,0.12,0.551905,0.310952,0.0942857,0.0790476,0.0397619,0.082381,0.0297619,0.0245238,0.0366667,0.0245238,0.0790476,0.062381,0.22119,0.0130952,0.0738095,0.0657143,0.00738095,0.0261905,0.0190476,0,0.101667,0.0242857,0,0.0590476,0.00759524,0.0984048,0.0195714,0.225143,0.152548,0.0522143,3.30581,38.619,185.833,0.571429
0.136053,0.0621053,0.408684,0,0.874737,0.151842,0.170263,0.244474,0.119474,0.339474,0.116842,0.807105,0.03,0.0371053,0.0263158,0.306842,0.602895,0.190526,2.18816,0.212105,1.25447,0,0.329474,0.0323684,0.214737,0.0231579,0,0.0168421,0,0.00631579,0,0,0.0597368,0,0.0123684,0.0997368,0.0702632,0,0.0126316,0.0728947,0,0,0.00631579,0.0152632,0.291053,0.00421053,0,0.00631579,0.00673684,0.0878158,0.00173684,0.422474,0.147763,0.0662368,4.33329,76.2105,240.816,0.815789
0.0864865,0.0808108,0.174324,0.0148649,0.241622,0.0535135,0.052973,0.155676,0.0218919,0.342703,0.0389189,0.539459,0.0772973,0.0791892,0,0.0610811,0.142703,0.0394595,1.04973,0.0694595,0.403514,1.0673,0.0924324,0.0305405,1.11378,0.347838,0.142973,0.0789189,0.0756757,0.067027,0.101892,0.0227027,0.125946,0.0227027,0.0516216,0.087027,0.351081,0,0.0364865,0.0227027,0.0624324,0.00891892,0.0483784,0.147027,0.0983784,0.573243,0,0.0135135,0.516,0.189514,0.0177297,0.0848649,0.0455405,0.0754324,3.29389,26.5676,331.027,0.27027
0.123913,0.283913,0.475652,3.08348,1.32696,0.0417391,0.642174,0.153913,0,0.125217,0.0282609,0.485217,0.303913,0.0782609,0,0.66087,1.66087,0.393043,3.0087,0.113478,2.24348,0,0.0343478,0.157391,0,0,0,0,0,0,0,0,0,0,0,0,0,0,0,0,0,0,0,0,0,0,0,0,0,0.115304,0,0.812696,0.322826,0.00795652,9.07704,145.435,206.783,0.956522
0.108172,0.0635484,0.267312,0,0.272796,0.0876344,0.0613978,0.0337634,0.0212903,0.172903,0.0647312,0.654839,0.100215,0.0173118,0.024086,0.088172,0.175699,0.107849,2.07968,0.00483871,0.552796,0,0.102581,0.054086,0.119677,0.053871,0.207957,0,0.0324731,0.0797849,0,0,0.0909677,0,0,0.0754839,0.120538,0.00591398,0.0513979,0.0027957,0.0756989,0.178602,0.0145161,0.0823656,0.311935,0.0898925,0,0.0611828,0.0148817,0.136441,0.0109247,0.213108,0.0190215,0.0117849,1.52998,5.12903,42.4839,0.129032
0,0,0,0,0,0,0,0,0,0,0,0,0,0,0,0,0,0,0,0,0,0,0,0,0,0,0,0,0,0,0,0,0,0,0,0,0,0,0,0,0,0,0,0,0,0,0,0,0,0,0,0,0,0,0,0,0,0
0,0,0,0,0,0,0,0,0,0,0,0,0,0,0,0,0,0,0,0,0,0,0,0,0,0,0,0,0,0,0,0,0,0,20,0,0,0,0,0,0,0,0,0,0,0,0,0,0,0,0,0,0,0,2.5,7,10,0
0.0778378,0.145135,0.384595,0.0313514,0.292162,0.318108,0.123784,0.0105405,0.0072973,0.225135,0.0227027,0.321081,0.224865,0,0.0143243,0.465676,0.165946,0.151892,1.73946,0.0708108,0.598378,0.0697297,0.235405,0.101622,0.212432,0.110811,0.077027,0.110811,0.0362162,0.0686486,0.0256757,0.0256757,0.0105405,0.0256757,0.0516216,0.0656757,0.0862162,0,0.198378,0.0256757,0,0,0,0,0.241351,0.325946,0,0.00891892,0.00340541,0.122,0.00213514,0.342135,0.0390811,0.0515676,3.96635,43.7297,125.892,0.540541
0.0820833,0.0684375,0.325521,0.0084375,0.3975,0.259792,0.118021,0.143854,0.0319792,0.235625,0.0171875,0.51875,0.119896,0.0144792,0.005625,0.266146,0.125208,0.1625,1.54385,0.00385417,1.34667,0,0.125208,0.168229,0.545521,0.37875,0.183021,0.132187,0.0632292,0.148333,0.0636458,0.0436458,0.0866667,0.0404167,0.111979,0.0939583,0.139167,0.00239583,0.0522917,0.0466667,0.060625,0.00833333,0.0709375,0.0117708,0.254583,0.0826042,0.0165625,0.00291667,0.0401042,0.153979,0.0235313,0.130615,0.0656354,0.00994792,2.00749,12.9688,142.125,0.479167
0.195,0.5,0.4,0.095,0.58,0,0,0,0.39,0.19,0,0.2,0,0,0,0.1,0,0,0.195,0.19,0.39,0,0,0.2,0.095,0,0,0.095,0,0,0,0,0,0.19,0,0,0,0,0,0,0,0,0,0,0,0,0,0,0,0.035,0,0.4155,0.7295,0.015,1062,2123,2124,1
0,0.035,0,0,0.222381,0,0.108095,0.042381,0,0.355714,0,1.18357,0,0.300714,0,0.449524,0,0.035,1.2169,0.0528571,0.0659524,0,0,0.251429,0,0,0.0528571,0.103333,0.0914286,0,0,0,0,0,0.0914286,0,0.042381,0,0.171905,0,0.108571,0.0914286,0.085,0.123333,0.140238,0.108571,0,0.0792857,0.0915714,0.126262,0.0369048,0.348333,0,0.017881,2.72652,9.21429,17.1905,0.119048
0.0292857,0.0671429,0.253571,0,0.705714,0.0692857,1.59143,0.773571,0.773571,0.880714,0.773571,0.582143,0,0.0764286,0,0.977143,2.15357,0.0642857,1.82643,0.773571,2.815,0,0.309286,0.105714,0.0207143,0.0207143,0.0207143,0.0414286,0,0,0,0,0,0.0207143,0.0414286,0,0.315,0,0.0764286,0,0,0,0,0,0,0,0,0,0,0.0775,0,0.696071,0.255143,0.0712857,64.0539,294.929,330.786,0.928571
0.328286,0.287429,0.328857,0.00371429,0.255143,0.066,0.036,0.148857,0.435714,0.535143,0.220571,0.596857,0.371429,0.762,0.0811429,0.248571,0.340857,0.102857,2.44,0.0368571,1.1,0.048,0.403143,0.384857,0.0888571,0.0917143,0.00114286,0.000571429,0.000571429,0,0,0,0.127143,0,0.002,0.034,0.141429,0.00257143,0.00257143,0.0334286,0.00457143,0.00171429,0.00657143,0.004,0.0548571,0.0194286,0.002,0.0165714,0.0294286,0.0994857,0.0102571,0.339857,0.451857,0.102629,7.83891,361.771,2360,0.885714
0.294318,0.0636364,0.327045,0,0.698182,0.0240909,0.196818,0.186364,0.075,0.165682,0.0220455,0.454318,0.0136364,0,0.0340909,0.565682,0.206364,0.0556818,1.51727,0.108182,1.20727,0.0125,0.246818,0.0195455,0.378182,0.200909,0.140909,0.115227,0.0188636,0.0704545,0.0115909,0.0240909,0.0343182,0.0445455,0.0890909,0.0754545,0.162045,0,0.0531818,0.0115909,0.0859091,0.0570455,0.0322727,0.103409,0.179545,0.172727,0,0.0572727,0.0120682,0.103068,0.0158409,0.437068,0.136523,0.01175,2.69214,22.0682,123.432,0.636364
0,0,0,0,0,0,0,0,0,0,0,0.131905,0,0,0,0,0,0.34,0.280476,0,0,0,0,0,8.2019,4.09857,3.75857,4.09857,3.89095,4.09857,4.09857,3.75857,0,3.75857,4.09857,4.09857,0,0,0,3.75857,0,0,0,0,0,0,0,0,0,1.06048,0,0.0228095,0,0,3.1259,10.9048,31.1905,0
0.0515789,0.181228,0.233509,0,0.224035,0.0105263,0.0752632,0.0238596,0.0224561,0.147544,0.0105263,0.514386,0.201754,0.105965,0,0.354386,0,0.129825,1.47772,0.0468421,0.537544,0,0.0505263,0,1.30684,0.751053,0.639123,0.465439,0.340877,0.439474,0.396667,0.292807,0.052807,0.292807,0.542456,0.43193,0.167368,0.0163158,0.0757895,0.308421,0.0252632,0.287719,0.109123,0.214386,0.222807,0.0692982,0,0.0705263,0.00114035,0.190018,0.0512982,0.229965,0.0758246,0.0119649,1.98319,9.47368,39.0175,0.210526
0.140676,0.242027,0.239595,0,0.361351,0.0814865,0.102973,0.0809459,0.0264865,0.317162,0.0840541,0.932432,0.107162,0.032027,0.0154054,0.259595,0.0997297,0.171486,1.88041,0.00945946,0.741351,0,0.0158108,0.0777027,0.612838,0.520135,0.258243,0.362027,0.0978378,0.154189,0.110811,0.0883784,0.222162,0.0883784,0.137973,0.196622,0.16027,0,0.122162,0.0847297,0.0152703,0.0578378,0.0991892,0.216892,0.143514,0.0289189,0,0.057973,0.00710811,0.157135,0.0192432,0.0989459,0.0248243,0.00913514,1.88781,9.17568,89.1216,0.216216
0.161053,0.131579,0.506579,0.0331579,0.323684,0.101316,0.157105,0.295263,0.118158,0.320789,0.106053,0.417632,0.0357895,0.00789474,0,0.482632,0.401579,0.243158,2.04237,0.400789,1.42421,0.571842,0.085,0.0915789,0.0923684,0.085,0.00973684,0.0294737,0.0197368,0.0242105,0.00526316,0.00526316,0,0.0131579,0.0347368,0.00526316,0.0976316,0,0.00526316,0.0807895,0,0,0.0118421,0.03,0.203421,0.0407895,0.0365789,0.0342105,0.0368421,0.146053,0.0151053,0.459816,0.110974,0.381395,5.20639,66.7105,325.868,0.710526
0,0,0,0,0,0,0,0,0,1.44667,0,0,0,0,0,0,0,0,0,0,0,0,0,0,15.6367,1.38667,0,0,0,2.89333,0,0,0,0,0,0,0,0,0,0,0,0,0,0,0,0,0,0,0,0,0,0,0,4.59733,2.613,11.3333,61.3333,0
0.01,0.301935,0.303548,0,0.682903,0.237742,1.03226,0.0793548,0.0248387,0.359677,0.0403226,0.706129,0,0,0.0296774,0.321935,0.203226,0.399677,2.20161,0,1.26097,0,0.0145161,0.0170968,0.0454839,0,0.203226,0.0454839,0,0,0.233548,0,0,0,0.0906452,0.0170968,0,0,0.0606452,0.612903,0,0,0,0,0.254516,0,0,0,0.000903226,0.187097,0.0191613,0.266968,0.0105161,0.0337419,14.5259,174.516,385.871,0.645161
0,0,0,0,0,0,0,0,0,0,0,0.505556,0,0,0,0,0,0,10.8422,0,1.18167,0,0,1.23611,0,0,1.35722,0,0,0,0,0,0.347222,0,0,0,0,0,0,0,0,0,0,0,3.13333,0.117778,0,0,0.0207778,0,0,0,0,0,1.06933,1.44444,5.61111,0.111111
0.078,0.0618571,0.320429,0.0124286,0.345429,0.0975714,0.0492857,0.138,0.0841429,0.293,0.0621429,0.423286,0.0917143,0.0218571,0.0164286,0.227571,0.126143,0.107571,1.283,0.0144286,0.683286,0.0264286,0.0675714,0.0707143,0.747429,0.395143,0.171571,0.140143,0.0725714,0.146714,0.103,0.0514286,0.183857,0.0514286,0.0891429,0.139286,0.310714,0.0217143,0.107429,0.0801429,0.00857143,0.0454286,0.106429,0.138857,0.168714,0.105,0.0155714,0.0418571,0.0274143,0.2232,0.0243143,0.136271,0.0414857,0.0420571,2.58167,19.7,215.229,0.414286
0,0,0,0,0,0,0,0,0,0,0,0,0,0,0,0,0,0,0,0,0,0,0,0,0,0,0,0,0,0,0,0,0,0,0,0,0,0,0,0,0,0,0,0,0,0,0,0,0,0,0,0,0,0,0,0,0,0
0.120357,0.206071,0.457857,0,0.413571,0.112679,0.355536,0.103571,0.0382143,0.35125,0.175714,0.53875,0.169643,0.0771429,0.0633929,0.35,0.162679,0.370179,2.09821,0.0825,1.09946,0.0291071,0.330357,0.0626786,0.196786,0.0889286,0,0.179464,0,0.0796429,0.00714286,0,0.363393,0,0.151786,0.108393,0.0857143,0,0.01,0.0832143,0,0.0646429,0.00928571,0.0264286,0.113571,0.0948214,0,0,0.0192321,0.093375,0.00180357,0.50775,0.10575,0.0191786,5.13514,67.5,193.982,0.678571
0.104225,0.166197,0.393944,0.199296,0.297465,0.110563,0.0557746,0.204507,0.310282,0.549859,0.125915,0.533944,0.124789,0.0684507,0.171549,0.266056,0.18169,0.332676,1.20845,0.138873,0.827324,0.691972,0.118873,0.158873,0.613099,0.15831,0.0338028,0.0332394,0.00887324,0.0319718,0.023662,0.00267606,0.140986,0.00535211,0.0780282,0.0405634,0.136479,0.00183099,0.0357746,0.036338,0.0121127,0.0166197,0.00422535,0.00295775,0.0423944,0.0487324,0.0043662,0.0384507,0.0533239,0.117127,0.0202817,0.302465,0.124169,0.0961831,4.71058,78.6197,924.028,0.661972
0.0784444,0.158,0.374889,0.0128889,0.297111,0.100444,0.100667,0.118222,0.0622222,0.195111,0.062,0.543556,0.0902222,0,0,0.350889,0.169333,0.391778,2.03222,0.125778,0.903111,0.15,0.197111,0.111778,0.142444,0.0802222,0,0.0255556,0,0.0488889,0,0,0,0,0.068,0.0508889,0.0804444,0,0.00933333,0.0271111,0,0.00755556,0.0186667,0,0.179333,0.5,0,0.0233333,0.102822,0.117289,0.0108667,0.363422,0.127689,0.0211778,4.08942,62.5333,274.356,0.644444
0.0854217,0.145422,0.318313,0,0.449036,0.136386,0.113133,0.0680723,0.0344578,0.225422,0.0424096,0.648072,0.0806024,0.00638554,0.0046988,0.176747,0.12988,0.160241,1.35036,0.0251807,0.906265,0,0.0850602,0.0466265,0.800241,0.41241,0.268313,0.180843,0.136145,0.140602,0.0893976,0.100602,0.0755422,0.100602,0.12988,0.133735,0.231928,0,0.124458,0.109157,0.0562651,0.0718072,0.141928,0.0380723,0.246145,0.146386,0.0128916,0.0086747,0.0333735,0.162157,0.0254699,0.0961446,0.0432771,0.009,2.07996,14.494,163.373,0.361446
0.0390909,0.0716667,0.476364,0,0.155909,0.0215152,0.128333,0.055,0,0.256818,0.0275758,0.835,0.0774242,0.05,0,0.26303,0.08,0.223485,4.71303,0.0575758,0.930303,0,0,0.0242424,0.0301515,0,0.349697,0,0.0231818,0.104394,0,0,0,0,0,0.0372727,0.095,0.0136364,0.015,0.0145455,0,0.0684848,0.0686364,0.0272727,0.511818,0.168333,0,0.0137879,0.0188182,0.0623939,0,0.498712,0.0144394,0,1.37806,3.4697,18.0909,0.227273
0.471538,0.860769,0.89,0,0.442308,0.0292308,0,0.413077,0.0569231,1.75462,0.0569231,2.32,0,0.522308,0,0.413077,0,0,1.93154,0,4.95692,0.0292308,0.0569231,0,0,0,0,0,0,0,0,0,0,0,0,0,0.0284615,0,0,0,0,0,0,0,0,0,0,0,0,0.232308,0,1.48692,0.177385,0.0787692,61.6854,691.692,800.692,1
0,0.0457895,0.153158,0,0.233158,0,0.567368,0,0,1.00263,0,0.301053,0.166316,0.15,0,0.0831579,0,0.15,1.43526,0,0.735263,0,0,0.280526,0,0,1.04421,0.916842,0,0,0,0,0.261579,0,0,0.15,0.706316,0,1.31105,0.218947,0,0,0,0,0.22,0,0,0,0.134947,0.472053,0,0.134263,0.0366316,0.0316842,4.33005,24.8421,40.6316,0.421053
0.152778,0.121111,0.258056,0.0102778,0.195833,0.0908333,0.0283333,0.233889,0.198889,0.2725,0.0933333,0.476389,0.171389,0.0683333,0.0636111,0.266111,0.187778,0.186111,1.35028,0.139444,0.697222,0.706944,0.219444,0.216389,0.528333,0.0975,0.00694444,0.00361111,0.00416667,0.0283333,0.01,0,0.112222,0,0.0102778,0.118611,0.165833,0.0125,0.0241667,0.0288889,0.0247222,0.00472222,0.00944444,0.0266667,0.0372222,0.110833,0.00305556,0.045,0.0486667,0.126222,0.0418611,0.182639,0.12025,0.0944167,5.42706,115,1760.22,0.472222
0.0508772,0.0747368,0.289825,0.015614,0.33,0.0903509,0.119649,0.0891228,0.0364912,0.246842,0.0533333,0.376491,0.29193,0.0563158,0.142632,0.137895,0.097193,0.325088,1.27842,0.0645614,0.636491,0.569649,0.194561,0.0522807,0.956491,0.362632,0.178947,0.127895,0.104737,0.110351,0.0817544,0.0954386,0.07,0.0954386,0.0778947,0.132807,0.182807,0,0.0759649,0.127895,0.00280702,0.0466667,0.112807,0.0333333,0.15807,0.0698246,0,0.0103509,0.075807,0.186263,0.0331404,0.139526,0.157649,0.0652982,2.81604,19.2982,257.404,0.54386
0.0771154,0.0765385,0.0584615,0,0.266346,0.0228846,0.134231,0.6325,0.0505769,0.130769,0.0746154,0.197692,0.0678846,0.239231,0.0121154,0.188462,0.224038,0.140962,1.14365,0.0278846,0.629615,0.0384615,0.248462,0.0294231,0.157692,0.194231,0.0936538,0.104038,0,0.0240385,0,0.0113462,0,0.0113462,0.0640385,0.111538,0.0686538,0,0,0.0121154,0,0,0,0.0286538,0.490192,0.00538462,0,0.0319231,0.00332692,0.169596,0.00509615,0.341423,0.143115,0.0117308,3.48283,22.8077,79.8654,0.75
0,0,0,0,0,0,0,0,0,0,0,0,0,0,0,0.37037,0,0,0,0,0,0,0,0,0,0,20.987,0,0,0,0,0,0,0,0,0,0,0,0,0,0,0,0,0,0,0,0,0,0,0,0,0,0,0,1.16356,1.51852,5.13889,0
0.24,0.208889,0.591111,0,0.38,0.0461111,0.140556,0.0261111,0.0944444,0.128889,0.00944444,0.526667,0.140556,0,0,0.426111,0.211667,0.428333,2.285,0.215556,1.12056,0.151667,0.0933333,0.183333,0.112222,0.139444,0.0177778,0,0.08,0.08,0,0,0,0,0.0711111,0.0644444,0.176667,0,0.0322222,0.0105556,0,0,0.0744444,0.0422222,0.0905556,0,0,0.0966667,0.00605556,0.0614444,0.00655556,0.512333,0.617611,0.0288889,6.39989,114.111,335.222,0.777778
0.30617,0.144894,0.280426,0.0917021,0.0723404,0.106809,0.0193617,0.139787,0.221064,0.399574,0.144681,0.630213,0.341064,0.652766,0.0255319,0.158936,0.276596,0.12,1.86936,0.0476596,0.868511,0.0334043,0.447021,0.28766,0.0951064,0.0604255,0.00510638,0.00148936,0.00212766,0.00382979,0,0,0.309362,0,0,0.0297872,0.176383,0.00148936,0.00659574,0.017234,0.0246809,0.00765957,0.00446809,0.0159574,0.0421277,0.0568085,0.00978723,0.0502128,0.0292553,0.115766,0.00757447,0.24734,0.329319,0.0877872,5.44715,185.447,3357.47,0.744681
0.17144,0.14688,0.38632,0,0.4044,0.06512,0.02072,0.06104,0.01568,0.16728,0.00768,0.4988,0.0776,0.07184,0,0.27112,0.01248,0.25144,1.45936,0.16704,0.63016,0,0.01696,0.08624,0.10248,0.08328,0.43568,0,0.04304,0,0,0,0.3916,0,0,0.008,0,0.06568,0.07072,0.00936,0.04432,0.37648,0.02856,0.05544,0.5148,0.23816,0.02336,0,0.021288,0.096768,0.014232,0.173096,0,0,1.36135,3.08,12.784,0.072
0.161121,0.0653271,0.240093,0,0.271495,0.0960748,0.0719626,0.0102804,0.0157944,0.110093,0,0.584486,0.0795327,0.0300935,0.00616822,0.219626,0.0438318,0.176636,1.76729,0.0145794,0.539252,0,0.00411215,0.0338318,0.270748,0.342056,0.196075,0,0.200467,0.021028,0.0108411,0,0.0116822,0,0,0.0436449,0.201028,0,0.0476636,0.00934579,0.0775701,0.318879,0.0145794,0.0754206,0.42785,0.182897,0.00953271,0,0.0219813,0.105523,0.0098785,0.134327,0.014757,0.00943925,1.52394,4.73832,33.1963,0.149533
0.160889,0.0268889,0.272222,0.00933333,0.285556,0.176667,0.0597778,0.0526667,0.064,0.0995556,0.0682222,0.457778,0.135778,0.0104444,0.002,0.192889,0.144889,0.170889,1.34333,0.122889,0.556444,0.475556,0.223333,0.0873333,0.884889,0.344667,0.109556,0.0417778,0.0655556,0.044,0.0404444,0.00955556,0.105556,0.00955556,0.0555556,0.0648889,0.238667,0.00422222,0.00755556,0.0131111,0.0586667,0.0666667,0.0417778,0.0295556,0.0911111,0.0953333,0,0.0157778,0.113356,0.178244,0.0453556,0.194178,0.1076,0.0726889,3.33676,25.3333,299.356,0.444444
0.153485,0.134848,0.227879,0,0.239394,0.0593939,0.192424,0.0957576,0,0.253485,0.0692424,0.564697,0.0487879,0,0.0554545,0.15697,0.123333,0.148485,1.95212,0.0336364,0.615303,0,0.0640909,0,0.39197,0.215606,0.0522727,0.146515,0.090303,0.0774242,0.0668182,0,0.119545,0,0.113636,0,0.277576,0,0.0887879,0.00969697,0.0590909,0.22803,0.0698485,0.0874242,0.249697,0.762424,0,0.0237879,0.00921212,0.0882879,0.00998485,0.372667,0.0172727,0.208318,2.52495,13.6818,52.3182,0.333333
0.193611,0.0569444,0.265,0,0.326944,0.0611111,0.313889,0.186944,0.0838889,0.161667,0.0933333,0.411389,0.0186111,0.0644444,0.0388889,0.289722,0.2025,0.13,1.70944,0,0.756389,0,0,0.0505556,0.307778,0.221667,0.0822222,0.358611,0.148333,0,0,0.0194444,0,0.0194444,0.178611,0.0747222,0.6,0,0.105,0,0,0.148333,0.0388889,0.0322222,0.161944,0.0622222,0,0,0.0397778,0.221806,0.00569444,0.342,0.0902778,0.00527778,3.70014,25.1944,67.6111,0.611111
0.0866667,0.0484127,0.289048,0,0.331429,0.17127,0.0773016,0.103016,0.0471429,0.157937,0.0525397,0.474444,0.0866667,0.0380952,0.0265079,0.220952,0.198254,0.214603,1.36683,0.100476,0.797778,0,0.108095,0.101587,0.743175,0.435873,0.131429,0.143333,0.116984,0.130635,0.0587302,0.0326984,0.0598413,0.0326984,0.114286,0.0977778,0.196667,0.00222222,0.045873,0.0592063,0.253175,0.0142857,0.0866667,0.0461905,0.197143,0.463492,0,0.0407937,0.101714,0.160825,0.0189841,0.104571,0.0598571,0.0131905,2.08408,14.1111,187.127,0.380952
