0.124369,0.15301,0.389223,0.138932,0.297961,0.119612,0.088835,0.185922,0.42767,0.51534,0.123107,0.532718,0.128447,0.0634951,0.135728,0.270291,0.145631,0.371553,1.42854,0.176796,0.934078,0.91165,0.12466,0.198058,0.470777,0.150583,0.0302913,0.0246602,0.00553398,0.0266019,0.0197087,0.00184466,0.122816,0.00368932,0.124757,0.0316505,0.136505,0.00174757,0.0326214,0.0313592,0.00932039,0.0270874,0.00524272,0.0121359,0.0366019,0.0365049,0.00640777,0.0286408,0.0586214,0.106913,0.043534,0.362107,0.180175,0.104767,4.71909,77.699,971.097,0.68932
0,0,0,0,0,0,0,0,0,0,0,0,0,0,0,0.325203,0,0,0,0,0,0,0,0,0.0903252,0.116098,20.068,0,0,0,0,0,0,0,0,0,0,0,0,0,0,0.18065,0,0,0.0541463,0,0,0,0,0.0285203,0,0.00934146,0,0,1.20634,1.6748,5.45528,0
0.225517,0.422069,0.698621,0.0810345,0.37,0.177241,0.332069,0.122759,0.253103,0.863103,0.226552,0.795517,0.107931,0.0955172,0.282759,1.04103,0.361379,0.257931,1.83759,0.151034,1.53586,0.00586207,0.228276,0.202414,0.0186207,0.0275862,0.01,0.02,0,0,0,0,0.0465517,0.01,0.0365517,0.00793103,0.133793,0.0124138,0,0.0162069,0,0,0.0062069,0,0.122069,0.0493103,0,0.0265517,0.01,0.137517,0.00513793,0.740172,0.306552,0.0695517,28.5927,357,621.759,0.931034
0.096,0.008,0.196,0.008,0.092,0.118,0,0.058,0.058,0.188,0.074,0.082,0.072,0,0.038,0.088,0.078,0.076,0.608,0.008,0.242,1.906,0.138,0.11,0,0,0,0,0,0,0,0,0,0.028,0,0.008,0,0,0.016,0,0,0,0,0,0.038,0,0,0,0.4302,2.0094,0.009,0.3924,0.375,0.4024,57.5034,2297.8,10648.8,1
0.151343,0.146716,0.826866,0.00283582,0.707612,0.520149,0.272836,0.136716,0.56597,0.458209,0.203284,0.601194,0.150746,0.0797015,0.967015,0.304776,0.11209,0.760149,1.5091,0.820448,0.926119,0.0862687,0.517612,0.144478,0.051194,0.00134328,0.021791,0.00716418,0,0.00865672,0,0,0.00313433,0.00567164,0.00432836,0,0.0129851,0,0,0.0401493,0,0,0.0835821,0.0119403,0.0447761,0.0364179,0,0,0.00285075,0.0761343,0.0011194,0.448209,0.160104,0.019791,108.883,790.104,1415.94,0.985075
0.314865,0.276757,0.336486,0.00351351,0.248919,0.0745946,0.0389189,0.149459,0.425676,0.528919,0.214054,0.579189,0.367838,0.723243,0.0859459,0.259189,0.332432,0.11027,2.41297,0.0359459,1.0927,0.0454054,0.393784,0.371622,0.0959459,0.0994595,0.00162162,0.000540541,0.000540541,0,0,0,0.123243,0,0.00189189,0.0321622,0.133784,0.00297297,0.00243243,0.0391892,0.00432432,0.00216216,0.00621622,0.00378378,0.0594595,0.0194595,0.00189189,0.0156757,0.0328378,0.100892,0.0108919,0.335595,0.430541,0.0987568,7.64754,346.757,2344.32,0.864865
0.136579,0.105,0.359803,0.0236184,0.305987,0.0851974,0.0884211,0.167303,0.131974,0.314474,0.0751316,0.489276,0.0904605,0.0357237,0.0561842,0.27,0.222763,0.191579,1.56967,0.189342,0.909803,0.682697,0.151053,0.0909868,0.476316,0.195724,0.0764474,0.0779605,0.0478947,0.0486184,0.0420395,0.0196053,0.0455263,0.0196053,0.0461842,0.0705263,0.167171,0.0251316,0.0403289,0.0748684,0.0351974,0.0517763,0.0400658,0.0453947,0.112434,0.183947,0.0190789,0.0474342,0.271882,0.158362,0.0160789,0.285039,0.149283,0.152349,3.95759,47.2171,352.684,0.539474
0.137717,0.18837,0.384348,0.465326,0.29087,0.121739,0.0469565,0.0982609,0.327391,0.326848,0.0618478,0.722391,0.198152,0.157609,0.158261,0.118913,0.141304,0.152174,1.74337,0.125978,0.969674,0,0.121739,0.203804,0.820978,0.186413,0.0291304,0.0213043,0.0142391,0.0346739,0.018913,0.00467391,0.066413,0.00467391,0.0333696,0.0570652,0.101087,0.00695652,0.0191304,0.0355435,0.00815217,0.135543,0.0368478,0.0133696,0.0375,0.0121739,0.005,0.0215217,0.133337,0.141902,0.0168587,0.867022,0.234989,0.0228152,4.23591,76.2065,743.75,0.565217
0.0543975,0.83892,0.173208,0,0.254335,0.039734,0.0223944,0.0469953,0.00589984,0.133537,0.00342723,0.384038,0.0482316,0.0568075,0,0.14302,0.0115336,0.11338,1.83252,0.0326761,0.48133,0,0.00331768,0.0659155,0.235243,0.120125,0.542473,0.0159937,0.139186,0.0230673,0.0195618,0,0.115352,0,0.0405008,0.0176056,0.0181847,0.04723,0.0635368,0.00183099,0.0731455,0.369844,0.0236463,0.185383,0.8118,0.368889,0.00796557,0.0597183,0.0144507,0.0869656,0.0236745,0.253379,0.00427856,0,1.42166,2.99531,10.3036,0.0704225
0.101772,0.0390212,0.225212,0.00708995,0.203651,0.0666931,0.106614,0.121349,0.0296825,0.244074,0.0389153,0.503175,0.0960317,0.0128042,0.0304762,0.138836,0.124074,0.200794,1.52778,0.0320899,0.629471,0.00153439,0.038545,0.0490741,0.782778,0.392116,0.246243,0.284788,0.112487,0.177884,0.0859788,0.0557672,0.191032,0.0557672,0.164524,0.140847,0.275556,0.00619048,0.12627,0.0725397,0.0354762,0.0960847,0.10172,0.106005,0.295979,0.225053,0.0065873,0.0299206,0.0215873,0.19378,0.017209,0.235397,0.0495661,0.0606085,2.30848,12.2619,68.6296,0.314815
0.084532,0.0833005,0.331823,0.00502463,0.332217,0.142266,0.113695,0.159507,0.0707389,0.221429,0.0864532,0.469261,0.104138,0.0415271,0.0206897,0.278818,0.160049,0.198719,1.44296,0.127537,0.853941,0.0091133,0.108374,0.0880788,0.651182,0.342167,0.119458,0.123153,0.0710345,0.11931,0.0618719,0.0329557,0.0915271,0.0329557,0.0919704,0.121281,0.22803,0.0108867,0.0693103,0.0646798,0.0840394,0.0212315,0.0675369,0.0649754,0.158227,0.189704,0.00536946,0.0393103,0.0459951,0.160655,0.0188227,0.164177,0.0730394,0.0297685,2.65002,26.266,199.852,0.46798
0.156867,0.0952667,0.345,0.00186667,0.319,0.139333,0.0593333,0.177933,0.241067,0.272733,0.0900667,0.733333,0.0960667,0.0981333,0.0364667,0.187533,0.271467,0.0989333,1.45267,0.168667,1.22667,0.210467,0.107733,0.166067,0.7946,0.1572,0.0145333,0.0056,0.00973333,0.0147333,0.0111333,0.001,0.1028,0.003,0.0119333,0.0620667,0.161733,0.0164667,0.0226,0.0214,0.0674667,0.0763333,0.00926667,0.0157333,0.0622,0.211933,0.0024,0.0137333,0.0840867,0.16926,0.0169,0.27746,0.0926733,0.0602467,4.04069,65.66,585.06,0.573333
0.0971635,0.10351,0.319615,0.00985577,0.378654,0.136683,0.0991346,0.118413,0.0656731,0.246538,0.0712019,0.542308,0.146394,0.0249038,0.0494231,0.222019,0.205721,0.261058,1.59731,0.105096,0.800288,0.309519,0.174135,0.0820192,0.573317,0.244423,0.112308,0.0749038,0.0630769,0.0712981,0.035625,0.0341827,0.0674038,0.0371635,0.0642308,0.0853365,0.162837,0.00125,0.0376923,0.0590385,0.0194231,0.0352885,0.0485096,0.0338462,0.148654,0.159423,0,0.0224038,0.0542067,0.157721,0.0267163,0.240885,0.116255,0.0596058,3.61263,40.8798,267.312,0.572115
0.117452,0.14293,0.245924,0.666624,0.410828,0.11414,0.0699363,0.111019,0.220255,0.255478,0.0893631,0.677516,0.134586,0.0435669,0.0417834,0.222293,0.240701,0.172484,1.66892,0.0729936,0.732484,0.74535,0.215223,0.131401,0.644586,0.176306,0.0600637,0.0301911,0.0256688,0.031465,0.0118471,0.0132484,0.0777707,0.0108917,0.0399363,0.0701274,0.114331,0.0220382,0.0185987,0.011465,0.0189809,0.0459236,0.0179618,0.0104459,0.0611465,0.0673248,0.0201911,0.0229936,0.101401,0.127146,0.0108599,0.190089,0.102822,0.0866369,4.75915,49.8217,464.427,0.573248
0.0671965,0.0518322,0.249713,0,0.265408,0.0437307,0.0502428,0.0420088,0.0355629,0.108675,0.0133113,0.651722,0.0528918,0.0650993,0.00777042,0.192804,0.042936,0.139117,1.7536,0.0195143,0.471413,0,0.0201987,0.0669536,1.20876,0.540177,0.417373,0.224901,0.314724,0.259801,0.210486,0.168389,0.0544592,0.168389,0.232914,0.22596,0.136689,0.0163135,0.0805077,0.177616,0.0779249,0.270287,0.0238411,0.11543,0.497307,0.149272,0.00225166,0.0401766,0.0301523,0.159241,0.00963355,0.176468,0.0182649,0.0137682,1.95676,6.99779,28.3466,0.15894
0.30617,0.144894,0.280426,0.0917021,0.0723404,0.106809,0.0193617,0.139787,0.221064,0.399574,0.144681,0.630213,0.341064,0.652766,0.0255319,0.158936,0.276596,0.12,1.86936,0.0476596,0.868511,0.0334043,0.447021,0.28766,0.0951064,0.0604255,0.00510638,0.00148936,0.00212766,0.00382979,0,0,0.309362,0,0,0.0297872,0.176383,0.00148936,0.00659574,0.017234,0.0246809,0.00765957,0.00446809,0.0159574,0.0421277,0.0568085,0.00978723,0.0502128,0.0292553,0.115766,0.00757447,0.24734,0.329319,0.0877872,5.44715,185.447,3357.47,0.744681
0.137692,0.295275,0.45022,0.779341,0.729121,0.129231,0.469341,0.122198,0.072967,0.383956,0.0704396,0.632967,0.173077,0.0623077,0.0389011,0.506484,0.859121,0.26956,2.23077,0.166154,1.36407,0.0179121,0.273187,0.105604,0.0547253,0.0445055,0,0.0792308,0,0.0584615,0,0,0.222857,0,0.0775824,0.0334066,0.0881319,0.0171429,0,0.0561538,0.0116484,0.0372527,0.00571429,0.0101099,0.0891209,0.0541758,0,0,0.00493407,0.108626,0,0.683802,0.142352,0.0272967,7.21729,101.121,196.473,0.802198
0.14375,0.0879464,0.298065,0.00729167,0.458869,0.102946,0.136101,0.0999702,0.0410714,0.173631,0.0564583,0.456935,0.0827679,0.0126488,0.0566964,0.345387,0.182113,0.18003,1.7725,0.0870833,0.869494,0.0199405,0.138482,0.0818155,0.441607,0.305208,0.210446,0.18,0.0746726,0.101548,0.0490774,0.0450893,0.0818452,0.0517857,0.122619,0.128542,0.130863,0.00324405,0.114792,0.0655952,0.0357738,0.0422917,0.0760714,0.055506,0.26994,0.154048,0.000833333,0.0424702,0.01825,0.13344,0.0178899,0.29892,0.0777976,0.0802768,2.9879,26.2083,119.315,0.502976
0.0786897,0.133517,0.303379,0.0027931,0.431655,0.199414,0.152621,0.110448,0.0495862,0.247414,0.0371724,0.626793,0.0908276,0.00662069,0.0108621,0.25731,0.139552,0.224103,1.60721,0.0542069,1.13424,0.045,0.129,0.10731,0.583,0.326552,0.206276,0.135724,0.0912414,0.132793,0.0653103,0.063,0.0922414,0.061931,0.106207,0.0968621,0.174655,0.000793103,0.100517,0.0796552,0.0386207,0.0458276,0.085069,0.0164828,0.225069,0.0782414,0.00917241,0.0135517,0.0247448,0.159645,0.0221828,0.212452,0.0666207,0.0178034,2.99789,24.0655,152.369,0.486207
0.0809836,0.116694,0.208661,0,0.313005,0.0705738,0.146175,0.176612,0.0574317,0.247732,0.0569945,0.534454,0.0794809,0.0745628,0.0427596,0.374918,0.120656,0.199399,1.80929,0.0552186,0.852514,0.0360109,0.0923224,0.0680874,0.508005,0.34806,0.198306,0.221257,0.0589891,0.108689,0.0539071,0.0624317,0.0714481,0.0624317,0.111831,0.132158,0.11776,0.00584699,0.0823497,0.0503279,0.0239891,0.0641803,0.0668852,0.0957923,0.286284,0.235847,0.00855191,0.021612,0.0173607,0.129689,0.0130055,0.240205,0.0586967,0.0361066,2.94783,21.2158,89.7432,0.434426
0.144515,0.124648,0.303965,0,0.215176,0.0640308,0.145639,0.0576652,0.0179515,0.249978,0.0925771,0.657885,0.0979075,0.0257048,0.0224229,0.23185,0.0743612,0.12804,1.78945,0.0117621,0.976454,0,0.0574229,0.0870485,0.626476,0.326718,0.313612,0.22033,0.139758,0.202401,0.129515,0.094978,0.131013,0.094978,0.207467,0.144119,0.195749,0.00387665,0.20196,0.0970044,0.0622467,0.177379,0.0580837,0.123767,0.261256,0.241366,0,0.0313216,0.0153282,0.15343,0.0122026,0.263476,0.0579449,0.043207,2.39813,11.8744,46.7247,0.264317
0.0561728,0.224321,0.409383,0.24358,0.555679,0.170247,0.827407,0.210741,0.178025,0.36284,0.208642,0.580123,0.0361728,0.0132099,0.011358,0.482469,0.58321,0.365679,2.05099,0.351852,1.72469,0.0106173,0.106296,0.121358,0.0422222,0.0308642,0.0817284,0.0174074,0.0177778,0.0177778,0.0893827,0,0.00333333,0,0.0504938,0.0155556,0.116667,0,0.0659259,0.234568,0,0.00246914,0.00938272,0.00938272,0.171235,0.0207407,0,0,0.00606173,0.121877,0.0185679,0.406025,0.0897037,0.0408272,20.1174,175.235,337.519,0.790123
0.0928986,0.0873913,0.265942,0.277681,0.258841,0.0771014,0.065942,0.0634783,0.295217,0.362899,0.0817391,0.461304,0.134783,0.145797,0.093913,0.283913,0.0591304,0.246812,1.34826,0.248696,0.882464,0.87,0.0985507,0.0943478,0.372899,0.174783,0.0310145,0.0185507,0.00855072,0.016087,0.0324638,0.00130435,0.0776812,0.00130435,0.10058,0.0236232,0.166522,0.00057971,0.0166667,0.0389855,0.00971014,0.0353623,0.00869565,0.0111594,0.0413043,0.0491304,0.015942,0.0382609,0.0344928,0.153725,0.0202754,0.224087,0.127522,0.104116,6.15028,101.159,1231.72,0.594203
0.153478,0.124783,0.265435,0.00804348,0.295435,0.106304,0.0395652,0.230435,0.203696,0.299348,0.0923913,0.540435,0.148261,0.0695652,0.0623913,0.32413,0.210435,0.185652,1.49261,0.128696,0.707826,0.652609,0.261522,0.233478,0.461087,0.0893478,0.00586957,0.00543478,0.00326087,0.023913,0.0104348,0,0.0884783,0.00282609,0.0106522,0.118043,0.160217,0.00934783,0.0213043,0.0245652,0.0193478,0.00326087,0.0073913,0.0245652,0.0297826,0.0973913,0.0023913,0.0397826,0.0394565,0.123587,0.0373696,0.200739,0.163326,0.101739,5.77274,124.522,1677.87,0.543478
0.4672,0.7208,0.7428,0.3664,0.3468,0.2716,0.0656,0.4024,0.4188,1.3644,0.0604,1.4292,0.1212,0.2716,0.3344,0.2872,0.1692,0.6348,2.064,0.3444,3.2556,0.0152,0.5196,0.2464,0,0,0,0,0,0,0,0,0.0132,0,0.0508,0.0168,0.0148,0,0,0,0,0,0.0076,0,0.0248,0,0,0,0.027,0.14768,0.06472,0.95372,0.17836,0.06036,39.2918,602.2,882.64,1
