0.0677273,0.0656818,0.0997727,0.0306818,0.187273,0.0270455,0.151591,0.626136,0,0.1475,0,0.172955,0.0659091,0.282727,0,0.0915909,0.250455,0.115909,0.892273,0.0329545,0.466364,0.0454545,0.240227,0.00636364,0.190909,0.1225,0.0647727,0.139318,0,0.0134091,0,0.0134091,0,0.0134091,0.0756818,0.116818,0.0563636,0,0,0,0,0,0,0.0329545,0.615909,0.00636364,0,0.0377273,0,0.189318,0.00602273,0.386977,0.149409,0.0138636,3.3622,21.7273,79.2273,0.704545
0.0660784,0.0741176,0.342549,0,0.342353,0.168235,0.220784,0.203529,0.0817647,0.187059,0.158235,0.607255,0.169216,0.0819608,0.0237255,0.30549,0.138235,0.153529,1.66627,0.194118,1.05275,0,0.10098,0.1,0.563333,0.27902,0.0513726,0.120784,0.0201961,0.0907843,0.0323529,0.0201961,0.0254902,0.0201961,0.102549,0.158039,0.224902,0.0107843,0.0717647,0.0652941,0.00607843,0.0260784,0.0156863,0.0109804,0.103333,0.0305882,0,0.0486275,0.0172549,0.0976863,0.00743137,0.186373,0.115804,0.0409216,3.27622,44.7451,188.02,0.568627
0,0,0,0,0,0,0,0,0,0,0,0.0444,0,0,0,0,0,0.102533,0,0,0.0333333,0,0,0,0,0,0.133467,0,0,0,0,0,0,0,0,0,0,0,0,0,0,0.0512,0,0.844267,0.206,0.565867,0,0,0,0.112693,0.0544133,0.191213,0,0,1.072,1.18667,4.26667,0
0.123636,0.0685227,0.343977,0.00386364,0.295568,0.117386,0.05375,0.158409,0.184318,0.241136,0.0553409,0.737955,0.122159,0.09875,0.0242045,0.17375,0.19875,0.142045,1.5375,0.121818,1.28761,0.00386364,0.207727,0.110341,0.654659,0.157159,0.00602273,0.0122727,0.00920455,0.0157955,0.00181818,0,0.0839773,0.00215909,0.0154545,0.05625,0.166477,0.00670455,0.0243182,0.00840909,0.0690909,0.0570455,0.00886364,0.0135227,0.0779545,0.279432,0.00613636,0.00704545,0.0350568,0.151545,0.0178636,0.268534,0.0728523,0.0196136,4.42772,66.0909,550.841,0.647727
0,0,0,0,0,0,0,0,0,0,0,0,0,0,0,0,0,0,4.426,0,0,0,0,0,0,0,0,0,0,0,0,0,0,0,0,0,0,0,0,0,0,0,0,0,16.28,0,0,0,0,0,0,8.3472,0,0,1.5248,3,7.6,0
0,0,0,0,0,0,0,0,0,0,0,0,0,0,0,0.4,0,0,0,0,0,0,0,0,0,0,21.3332,0,0,0,0,0,0,0,0,0,0,0,0,0,0,0,0,0,0,0,0,0,0,0,0,0,0,0,1.16748,1.53,5.11,0
0.101818,0.0763636,0.259848,0,0.345606,0.070303,0.137121,0.119394,0.0865151,0.142727,0.0236364,0.464848,0.0840909,0,0.0383333,0.150758,0.156212,0.232424,1.42818,0,0.519697,0,0.0628788,0,0.535758,0.446667,0.368333,0.229091,0.122879,0.136212,0.0754545,0.0715152,0.137424,0.0715152,0.172576,0.154545,0.228636,0.0109091,0.120303,0.09,0.0393939,0.0274242,0.159545,0.095,0.259848,0.131364,0.00287879,0.0913636,0.0314394,0.160576,0.0298485,0.173258,0.0222121,0.0357424,1.97597,11.8788,118,0.272727
0.153143,0.0585714,0.272571,0,0.244286,0.0628571,0.322857,0.192286,0.0862857,0.166286,0.096,0.423143,0.0191429,0.0662857,0.04,0.275143,0.208286,0.133714,1.66629,0,0.732,0,0,0.052,0.316571,0.228,0.0845714,0.368857,0.152571,0,0,0.02,0,0.02,0.183714,0.0768571,0.594286,0,0.108,0,0,0.152571,0.04,0.0331429,0.166571,0.064,0,0,0.0409143,0.228143,0.00585714,0.337171,0.0928571,0.00542857,3.72274,25.3429,67.7143,0.6
0.0259091,0.0929545,0.256364,0.00318182,0.298409,0.138182,0.0915909,0.0195455,0.0613636,0.139091,0.0770455,0.356364,0.117727,0.0695455,0.0575,0.08,0.065,0.154318,1.17091,0.0818182,0.564091,0.891364,0.142727,0.0738636,0.715455,0.256364,0.154318,0.0538636,0.0693182,0.0568182,0.0511364,0.0759091,0.0940909,0.0831818,0.0515909,0.1025,0.158182,0,0.0488636,0.0304545,0,0.0447727,0.0620455,0.0325,0.137727,0.0959091,0,0.0181818,0.164,0.201568,0.05075,0.123432,0.135864,0.0966818,3.27323,22.6591,267.432,0.477273
0.226471,0.315294,0.601765,0.0558824,0.431765,0.341176,0.164118,0.202941,0.421765,0.688824,0.260588,0.661765,0.222941,0.104706,0.332353,0.263529,0.241765,0.412353,1.98588,0.137059,1.48529,0.01,0.364118,0.298235,0.548824,0.231176,0.0141176,0,0,0.0429412,0,0,0.0794118,0,0.0423529,0.0141176,0.192353,0.0505882,0.0141176,0.0429412,0,0.0429412,0.02,0.0288235,0.0876471,0.0841176,0,0,0.000705882,0.186,0.00876471,0.645235,0.247647,0.0516471,9.96018,302.059,738.765,0.941176
0,0,0,0,1.28875,0,0,0,0,0,0,3.475,0,0,0,0,0,0,0,0,0,0,0,0,0.80875,0.80875,0,0,9.02375,0,0,0,0,0,0,0,0,0,0,0,0,8.4,0,0,0,0,0,0,0,0,0,0.213,0,0,1.41112,3.375,13.75,0
0.290976,0.262927,0.313415,0.00463415,0.232927,0.0741463,0.0407317,0.145854,0.380976,0.459024,0.193902,0.568293,0.354634,0.662927,0.0739024,0.246098,0.291463,0.0997561,2.25659,0.0334146,1.02488,0.0409756,0.327805,0.341463,0.416341,0.0970732,0.00146341,0.000487805,0.00097561,0.00804878,0,0,0.121951,0,0.00756098,0.0443902,0.145366,0.00268293,0.00682927,0.0143902,0.012439,0.00390244,0.00804878,0.0131707,0.052439,0.052439,0.00170732,0.0358537,0.0280732,0.104732,0.011561,0.31878,0.400073,0.0900976,5.78871,260.805,2279.78,0.780488
0.0925301,0.043012,0.234699,0,0.143012,0.0412048,0.0415663,0.151325,0.0209639,0.295904,0.0277108,0.463253,0.0745783,0,0.0073494,0.256867,0.113614,0.318554,1.13,0.0240964,0.465422,0,0.0086747,0.0150602,1.0712,0.41759,0.235663,0.221807,0.140964,0.291446,0.0956626,0.0273494,0.350843,0.0273494,0.171928,0.159398,0.20988,0.0226506,0.106627,0.0903614,0.0136145,0.111928,0.00481928,0.0789157,0.121807,0.0619277,0,0.0218072,0.018253,0.15847,0.0186506,0.131036,0.0296024,0.19059,1.89284,8.20482,61.0723,0.240964
0,0,0,0,0,0,0,0,0,0,0,0,0.555,0,0,0,0,0,4.0425,0,0,0,0,0,0,0,6.9875,0,0,0,0,0,0,0,0,0,2.3875,0,0.49,0,0,0,0,0,2.3875,0,0,0,0,0,0,0,0,0,1.527,5.25,23.75,0
0.140465,0.25186,0.502791,0,0.393488,0.10814,0.366512,0.094186,0.0497674,0.34814,0.11814,0.52907,0.187907,0.027907,0.0590698,0.364419,0.176512,0.360233,2.19698,0.0762791,0.971163,0.037907,0.434419,0.0662791,0.127209,0.0886046,0,0.167674,0,0.0765116,0,0,0.463953,0,0.153256,0.0146512,0.0693023,0,0,0.0951163,0,0.0788372,0.012093,0.0213953,0.121395,0.11093,0,0,0.012,0.0819767,0.0014186,0.685093,0.115349,0.0206977,5.72688,73.5581,192.86,0.697674
0.0188571,0.269429,0.299143,0,0.282857,0.0837143,0.254857,0.126571,0,0.322571,0.112286,0.269429,0.018,0.110286,0,0.361143,0.257714,0.330857,2.21343,0.0805714,1.02457,0.0428571,0.150286,0.133714,0.668286,0.299143,0.359429,0.179714,0.012,0.166857,0.012,0.0808571,0.0608571,0.0808571,0.0531429,0.012,0.162571,0,0.0985714,0.0397143,0.0485714,0.0217143,0.120286,0.032,0.261143,0.730286,0.0205714,0,0.0126857,0.1282,0.0104286,0.272286,0.0564,0.223829,2.46631,19.1714,95.6,0.514286
0,0,0.137308,0,0,0,0,0,0,0,0,0.375385,0,0.113077,0,0.153846,0,0,0.456154,0,0.113077,0,0,0,0.16,0,5.63654,0,0,0,0,0,0,0,0,0,0,0,0,0,0,0.153846,0,0.567692,1.60577,0,0,0.631538,0.100462,0.074,0.0288846,0.126654,0,0,1.28531,2.46154,9.07692,0
0.0618966,0.123621,0.396034,0,0.618621,0.103448,0.270517,0.165517,0.0796552,0.216552,0.108103,0.676034,0.0577586,0,0.213793,0.265,0.284138,0.44,2.09845,0.488621,1.27638,0.203621,0.252586,0.116379,0.336552,0.14931,0.0562069,0.14931,0.0236207,0.130517,0.0236207,0.0236207,0.0155172,0.0236207,0.0536207,0.057931,0.0805172,0,0.15069,0.104655,0.0182759,0.0491379,0.0062069,0,0.180517,0.0472414,0,0,0.00453448,0.15231,0.00112069,0.296155,0.0959138,0.037,6.06855,59.2931,143.776,0.637931
0,0,0,0,0,0,0,0,0,0,0,0,0.792857,0,0,0,0,0,7.57857,0,0,0,0,0,0,0,7.57857,0,0,0,0,0,0.892857,0,0,0,0,0,0,0,0,0,0,0,2.19143,0,0,0,0,0,0,0,0,0,1.16286,1.71429,8.14286,0
0.172667,0.172889,0.296222,0.0257778,0.182,0.162667,0.161556,0.0491111,0.00844444,0.230667,0.0531111,0.515111,0.128889,0,0.0275556,0.522444,0.233778,0.147333,1.92533,0.00688889,1.01644,0.126444,0.207556,0.139333,0.644667,0.412222,0.247333,0.116667,0.108889,0.190667,0.0953333,0.0953333,0.0995556,0.125333,0.123556,0.119778,0.0417778,0,0.180889,0.105333,0.00733333,0,0,0,0.223556,0.0475556,0,0.00733333,0.0179556,0.152778,0.0105556,0.5166,0.0485333,0.0568,3.79513,36.0222,130.711,0.577778
0.0725,0.01,0.15,0,0.115,0.1,0,0.0725,0.0725,0.235,0.045,0.055,0.09,0,0.0475,0.01,0.0975,0.0475,0.47,0.01,0.2075,2.3825,0.1725,0.1375,0,0,0,0,0,0,0,0,0,0.035,0,0.01,0,0,0.02,0,0,0,0,0,0.0475,0,0,0,0.28475,0.07675,0.01525,0.1105,0.028,0.00825,12.2612,371,8310.75,0.75
0.0955932,0.168305,0.316949,0.0179661,0.36,0.125424,0.132542,0.188814,0.0586441,0.332373,0.0281356,0.592373,0.292712,0.0145763,0.132712,0.251186,0.175424,0.416271,1.43864,0.0416949,0.941525,0.0516949,0.165932,0.0740678,0.616441,0.324407,0.192712,0.155085,0.127119,0.134068,0.05,0.05,0.0655932,0.05,0.0820339,0.0874576,0.138983,0,0.0840678,0.11339,0.0271186,0.0332203,0.0784746,0.0255932,0.105254,0.0318644,0,0.0189831,0.0237119,0.164915,0.0211356,0.175271,0.105407,0.0198136,3.04519,27.4237,240.949,0.542373
0.103333,0.160238,0.190714,0,0.200238,0.0345238,0.11381,0.198333,0.08,0.437857,0.0902381,0.548333,0.144762,0,0.042381,0.08,0.11881,0.190952,1.87119,0,0.64619,0,0.0559524,0.0133333,0.81619,0.474524,0.344048,0.407857,0.0980952,0.247143,0.0890476,0.0742857,0.0288095,0.0742857,0.257857,0.0890476,0.26619,0.0128571,0.257143,0.102619,0.0661905,0.106905,0.17881,0.03,0.326429,0.295,0.0192857,0.0128571,0.0318571,0.152238,0.0372619,0.205357,0.0293095,0,2.3966,13.6667,83.5476,0.261905
0.0719643,0.22875,0.253571,0,0.31625,0.218393,0.17625,0.0755357,0.0810714,0.277857,0.0335714,0.540357,0.0632143,0,0.0396429,0.221964,0.107321,0.229821,1.75804,0.14125,1.11107,0.0221429,0.1925,0.110893,0.433929,0.205714,0.267321,0.0755357,0.12,0.0944643,0.0582143,0.0639286,0.188571,0.0639286,0.10625,0.0657143,0.208036,0,0.108929,0.0910714,0.0126786,0.075,0.0935714,0.0116071,0.197321,0.0351786,0,0.0523214,0.00678571,0.194339,0.0327143,0.362143,0.113589,0.0262321,3.72537,31.6071,158.696,0.589286
0.312826,0.148043,0.286522,0.0936957,0.073913,0.10913,0.0197826,0.142826,0.22587,0.408261,0.147826,0.643913,0.348478,0.666957,0.026087,0.162391,0.282609,0.122609,1.91,0.0486957,0.887391,0.0341304,0.456739,0.293913,0.0971739,0.0617391,0.00521739,0.00152174,0.00217391,0.00391304,0,0,0.316087,0,0,0.0304348,0.180217,0.00152174,0.00673913,0.0176087,0.0252174,0.00782609,0.00456522,0.0163043,0.0430435,0.0580435,0.01,0.0513043,0.029413,0.117804,0.00732609,0.252239,0.336,0.0892174,5.48987,189.37,3302.15,0.76087
0.106327,0.0391837,0.273878,0,0.376735,0.042449,0.0989796,0.0434694,0.0153061,0.0746939,0.0873469,0.639796,0.248776,0,0.0326531,0.092449,0.196327,0.185102,1.94041,0.0157143,0.56551,0,0.0495918,0.00816327,0.429184,0.188776,0.0363265,0,0.0563265,0.110204,0,0,0.153061,0,0.0412245,0.0922449,0.0853061,0.00938776,0,0,0.03,0.0704082,0.0244898,0.207959,0.178163,0.0659184,0.0359184,0.0318367,0.015,0.162918,0.00510204,0.315939,0.0084898,0.00140816,1.49063,5.55102,71.898,0.285714
0.110741,0.136667,0.719074,0.16963,0.606852,0.637222,0.319815,0.158333,0.605926,0.328519,0.253889,0.715556,0.172778,0.0988889,1.15889,0.328704,0.15963,0.898519,1.67296,0.927037,0.920556,0.107037,0.625926,0.158333,0.00166667,0.00166667,0,0,0,0,0,0,0.00666667,0,0.00537037,0,0.00537037,0,0,0.0335185,0,0,0.109259,0.0148148,0.0555556,0.0451852,0,0,0.0107037,0.0956296,0.00138889,0.37287,0.153796,0.0252037,9.46404,631.852,1394.7,1
0.0821277,0.0681915,0.325638,0.00861702,0.411596,0.268404,0.115745,0.149681,0.037766,0.242553,0.0226596,0.545319,0.119043,0.0147872,0.00308511,0.287128,0.141277,0.19883,1.5666,0.00393617,1.40489,0,0.163191,0.171809,0.573298,0.398511,0.186915,0.149362,0.0645745,0.14883,0.065,0.0445745,0.0810638,0.0412766,0.121489,0.0932979,0.142128,0.00244681,0.0534043,0.0551064,0.0619149,0.00585106,0.0739362,0.0103191,0.260426,0.08,0.0169149,0.00297872,0.0397021,0.155564,0.0232234,0.135681,0.0720638,0.0101596,2.07627,13.6596,142.479,0.489362
0.2266,0.2012,0.2446,0,0.4552,0.1316,0.2274,0.0744,0.0256,0.3614,0.0806,0.6574,0.0648,0.0088,0.0564,0.535,0.1184,0.2804,2.1238,0.0392,0.7982,0,0.0442,0.0976,0.9328,0.6444,0.362,0.5652,0.1256,0.1584,0.164,0.2514,0.0424,0.2514,0.2474,0.3278,0.1528,0,0.168,0.1408,0.0244,0.07,0.1454,0.173,0.3236,0.0936,0.032,0.0178,0.0162,0.21342,0.00792,0.21836,0.02472,0.0168,2.2929,12.4,92,0.38
0.0352174,0.0582609,0.394783,0,0.508261,0.230435,0.130435,0,0.0504348,0.151739,0,0.177826,0.183913,0.0747826,0.0230435,0.331304,0.0578261,0.173043,2.04304,0.05,0.791304,0,0.06,0.0569565,0.0578261,0.0578261,0,0.115652,0,0.0373913,0,0,0,0,0,0.0578261,0.0291304,0,0.0352174,0,0,0,0,0,0.368261,0.48913,0,0,0.00195652,0.0930435,0.0118696,0.0765217,0.0372609,0,3.55013,47.9565,112.696,0.478261
0,0.0237097,0.180323,0,0.269355,0.0606452,0.0358065,0.215968,0.0537097,0.0869355,0,0.600161,0.0412903,0.0316129,0,0.264355,0.0537097,0.163871,2.01387,0,0.569677,0,0.10871,0.345968,0.700484,0.496774,0.220968,0.244516,0.242742,0.121613,0.120484,0,0.0575806,0,0.196452,0.0769355,0.0982258,0.0645161,0.187419,0.0358065,0.198065,0.415806,0.0469355,0.155645,0.540645,0.151935,0,0.100968,0.0394032,0.0874516,0.031629,0.363484,0.0669355,0.0785161,2.5614,11.6774,27.3065,0.370968
0.044186,0.0397674,0.312791,0,0.340698,0.157907,0.0444186,0.239535,0.0269767,0.273256,0.0609302,0.467442,0.0767442,0,0.0130233,0.166744,0.0890698,0.133488,1.51814,0.042093,0.765349,0.0106977,0.0862791,0.0462791,0.640465,0.529302,0.25093,0.313023,0.199535,0.175116,0.10093,0.0737209,0.0913953,0.0737209,0.211163,0.203721,0.129535,0,0.151628,0.0737209,0.0416279,0.148605,0.123953,0.0409302,0.358372,0.226047,0.00209302,0.0265116,0.016093,0.133488,0.0297907,0.220186,0.0517442,0.0143256,1.99749,11.2326,130.791,0.348837
0.14907,0.126977,0.280465,0.0072093,0.31093,0.113256,0.0381395,0.221395,0.222093,0.333023,0.0939535,0.565581,0.140698,0.065814,0.0686047,0.339302,0.214884,0.19814,1.53605,0.134651,0.779302,0.939535,0.27907,0.228837,0.194419,0.105349,0.00744186,0.00581395,0.00302326,0.017907,0.0111628,0,0.0890698,0.00302326,0.00581395,0.10907,0.158605,0.01,0.0162791,0.0246512,0.0125581,0.00162791,0.0055814,0.0193023,0.0286047,0.0709302,0.00255814,0.0218605,0.0466047,0.125,0.0394884,0.208302,0.171698,0.124535,5.94228,127.837,1615.47,0.581395
0.0684314,0.0680392,0.27451,0,0.544118,0.0890196,0.0660784,0.147451,0.0739216,0.187255,0.0641176,0.690588,0.0507843,0,0.190392,0.266667,0.111569,0.0882353,1.45804,0.00823529,1.00961,0,0.145882,0.0898039,0.452353,0.289804,0.118235,0.268431,0.0619608,0.13902,0.0227451,0.0327451,0.00588235,0.0327451,0.0917647,0.206471,0.0321569,0.0313725,0.0756863,0.0588235,0.0447059,0.0360784,0.0292157,0.165686,0.149804,0.106667,0,0.0103922,0.0157843,0.157294,0.00594118,0.127392,0.0941373,0.00262745,2.11829,9.64706,100,0.313725
0.4625,0.595,0.618333,0,0.220833,0.5425,0.0908333,0.411667,0.805833,0.9625,0.0641667,0.485,0.305,0.00833333,0.705,0.168333,0.285833,1.34,2.3725,0.73,1.48417,0.0258333,1.02083,0.521667,0,0,0,0,0,0,0,0,0.0275,0,0.105833,0.035,0,0,0,0,0,0,0.0158333,0,0.06,0,0,0,0.024,0.0573333,0.134833,0.424917,0.182083,0.0409167,13.6958,473.917,960.833,1
0,0,0,0,0,0,0,0,0,0,0,0,0,0,0,0,0,0,0,0,0,0,0,0,0.483043,0.62087,14.5674,0,0,0,0,0,0,0,0,0,0,0,0,0,0,0.966087,0,0,0.289565,0,0,0,0,0.152522,0,0.0499565,0,0,1.3753,2.30435,6.95652,0
0,0,0.322,0,4.934,0,0,0,0,0,0,0,0,0,0,0,0,0,0,0,0.322,0,0,0,1.909,0.909,0,0,0.476,0,0,0,0,0,0,0,0,1.478,0,0,0,5.291,0,0,0,0,0,0,0,0.0588,0,0,0,0,1.1749,1.5,4.4,0.1
0.0530833,0.04,0.313083,0,0.32825,0.0378333,0.0388333,0.00975,0.035,0.139,0.0355,0.955583,0.0611667,0.0200833,0.0141667,0.0811667,0.0373333,0.111083,1.84783,0.0105,0.4035,0,0,0.0175,0.287,0.27725,0.247917,0,0.11825,0.0793333,0,0,0.0876667,0,0.0185,0.00566667,0.0898333,0.0116667,0.0474167,0.008,0.014,0.216417,0.00716667,0.124833,0.353917,0.176833,0,0.0545,0.029575,0.17375,0.000416667,0.187125,0.0089,0,1.60129,4.88333,24.1917,0.1
0.125079,0.208095,0.456032,0.679524,0.282698,0.118889,0.054127,0.112857,0.280317,0.318254,0.0712698,0.814444,0.205556,0.113968,0.144921,0.146984,0.146032,0.193175,1.86714,0.17254,1.02921,0,0.136508,0.176032,0.557302,0.124286,0.0211111,0.0268254,0.0114286,0.0168254,0.0198413,0.00253968,0.0749206,0.00253968,0.0279365,0.0331746,0.0838095,0.00222222,0.0198413,0.037619,0.00253968,0.0814286,0.032381,0.00984127,0.0269841,0.00190476,0,0.00984127,0.157968,0.132159,0.0204286,1.16021,0.283048,0.0193333,4.25486,60.7937,764.254,0.634921
0,0,0,0,0.0626316,0,0.119474,0.0468421,0,0.266842,0,1.14079,0,0.263158,0,0.438421,0,0,0.385526,0,0.0728947,0,0,0.239211,0,0,0.154737,0.268947,0,0.154737,0,0,0,0,0.681053,0,0.0468421,0,0.0847368,0,0.958947,0,0.0939474,0,0.0876316,1.70053,0,0.0876316,0.101211,0.142105,0.0309474,0.248026,0,0,3.17463,9.18421,15.4211,0.105263
0.0915152,0.09,0.262879,0.290303,0.261061,0.075303,0.0656061,0.064697,0.285,0.343182,0.0722727,0.448485,0.13803,0.151667,0.095303,0.296667,0.0618182,0.245,1.36652,0.210455,0.85,0.863333,0.0945455,0.0951515,0.379697,0.171818,0.0316667,0.0193939,0.00893939,0.0168182,0.0339394,0.00136364,0.0759091,0.00136364,0.105152,0.0227273,0.167121,0.000606061,0.0174242,0.0407576,0.0101515,0.0369697,0.00454545,0.0101515,0.0451515,0.0513636,0.0166667,0.04,0.0324242,0.150545,0.0204394,0.219667,0.123015,0.110985,6.12858,95.9697,1219.88,0.590909
0.106061,0.157121,0.23697,0.80197,0.246212,0.0783333,0.0409091,0.125455,0.307576,0.193939,0.069697,0.49803,0.105909,0.0171212,0.0330303,0.282424,0.165455,0.175758,1.50106,0.0365152,0.792273,0.646364,0.0874242,0.131515,0.754848,0.168788,0.116818,0.0201515,0.0375758,0.0309091,0.0143939,0.0143939,0.0430303,0.0143939,0.0415152,0.0657576,0.133636,0.0521212,0.0224242,0.0472727,0.00575758,0.0151515,0.0415152,0.00636364,0.0789394,0.0274242,0,0.0292424,0.189061,0.127258,0.0142273,0.238273,0.119636,0.0816212,5.33314,57.1818,422.167,0.530303
0.192698,0.145714,0.386349,0,0.355,0.0392063,0.0205556,0.107222,0.0155556,0.18119,0.00761905,0.511349,0.0769841,0.101746,0,0.268968,0.035,0.252698,1.37095,0.0214286,0.42881,0,0.0168254,0.0855556,0.143571,0.082619,0.325397,0,0.0426984,0,0,0,0.266825,0,0,0.00793651,0,0.0877778,0.0701587,0.00928571,0.081746,0.457063,0.0283333,0.122937,0.484206,0.310159,0.0231746,0,0.021119,0.116921,0,0.165198,0.0141349,0,1.31076,2.75397,12.2698,0.0793651
0.0744776,0.0598507,0.33194,0.0129851,0.332537,0.0971642,0.0395522,0.102388,0.101045,0.278507,0.0589552,0.421045,0.0550746,0.0228358,0.0171642,0.182836,0.102687,0.116269,1.35731,0.0150746,0.696567,0.0156716,0.0661194,0.0737313,0.712537,0.392388,0.204627,0.146418,0.0758209,0.150746,0.107612,0.0537313,0.19209,0.0537313,0.0931343,0.137612,0.31209,0.0226866,0.0991045,0.0837313,0.00895522,0.0474627,0.110299,0.145075,0.178358,0.109701,0.0162687,0.0371642,0.0293284,0.229328,0.0258806,0.125493,0.0396866,0.0434627,2.55049,19.4925,213.343,0.402985
0.127292,0.0520833,0.267708,0,0.08,0.135625,0,0,0.0377083,0.49375,0,0.0266667,0,0.06125,0,0.237292,0,0,4.93958,0,0.589167,0,0,0,0.0377083,0,0.249792,0,0,0,0,0,0,0,0,0,0,0,0.0904167,0,0,0,0,0.122708,0.622708,0.967292,0,0,0.0300417,0.0850833,0,0.088375,0,0,1.09512,1.33333,6.20833,0.0416667
0,0,0,0,0,0,0,0,0,0,0,0,0,0,0,0,0,0,0.757273,0,0,0,0,0,0.909091,0,0,0,0,0,0,0,0,0,0,0,0,0,0,0,0,0,0,0,0,0,0,0,0,0.144818,0,0.911909,0,0,1,1,1.36364,0.181818
0,0.04,0.326,0,0.201385,0.046,0.0646154,0,0,0.146,0.0132308,0.688923,0.0407692,0.0507692,0,0.0889231,0.0316923,0.272923,4.98462,0.0584615,0.855077,0,0,0.0246154,0.0201538,0,0.258923,0,0.0235385,0.0723077,0,0,0,0,0,0.0273846,0.0590769,0,0.0615385,0,0,0.0201538,0.0696923,0.0495385,0.559692,0.260923,0,0.014,0.00981538,0.0642,0.00507692,0.560277,0.0146615,0,1.47918,3.98462,16.5231,0.184615
0,0,0,0,0,0,0,0,0,0,0,0,0,0,0,0,0,0,0,0,0,0,0,0,0,0,0,0,0,0,0,0,0,0,0,0,0,0,0,0,0,0,0,0,0,0,0,0,0,0,0,0,0,0,0,0,0,0
0,0,0,0,0.396667,0,0,0,0,0,0,0.231111,0,0,0,0,0,0,0.292222,0,0.292222,0,0,0,0,0,0,0,0,0.231111,0,0,0.231111,0,0,0,0,0,0.617222,0,0,0.292222,0,0,7.13722,0.658333,0,0,0,0.209111,0,0,0,0,1.26661,2.44444,7.27778,0
0,0,0,0,0.366154,0.264615,0,0.854615,0,0.284615,0,0.274615,0,0.264615,0,0.496154,0,0,2.88769,0,7.70462,0,0,0,0,0,0.873077,0,0.284615,0,0,0,0,0,0,0,0,0,0,0,0,0,0,0,0.597692,0,0,0,0,0.04,0,0.325462,0,0,1.22562,2.15385,8.07692,0.230769
0,0,0,0,0,0,0,0,0,0,0,0.131905,0,0,0,0,0,0.34,0.280476,0,0,0,0,0,8.2019,4.09857,3.75857,4.09857,3.89095,4.09857,4.09857,3.75857,0,3.75857,4.09857,4.09857,0,0,0,3.75857,0,0,0,0,0,0,0,0,0,1.06048,0,0.0228095,0,0,3.1259,10.9048,31.1905,0
0.593953,0.141163,0.597674,0,0.173256,0.0481395,0.0948837,0,0,0.513488,0.511628,1.20977,0,0,0,0.186047,0,0.00930233,1.37814,0,4.27581,0,0,0.532791,0.212326,0.155116,0.140233,0,0,0.0937209,0,0.116977,0.0493023,0.116977,0.027907,0,0,0,0,0.0967442,0,0.055814,0,0,0.0606977,0,0,0.0565116,0,0.0591628,0,0.156721,0.0769535,0.014,4.82044,26.4419,52.814,0.465116
0.0907955,0.104318,0.217273,0,0.204318,0.03875,0.195682,0.0243182,0.0218182,0.21375,0.0372727,0.508523,0.215455,0.0278409,0,0.360909,0.103523,0.120455,1.61625,0.0303409,0.684659,0,0.0826136,0.0469318,0.688523,0.366705,0.445795,0.266818,0.1875,0.265114,0.181477,0.142159,0.212045,0.142159,0.331364,0.224091,0.231023,0.00465909,0.290795,0.152273,0.0911364,0.304432,0.131136,0.155568,0.206136,0.129205,0,0.0336364,0.0107841,0.141716,0.00995455,0.205943,0.165784,0.00898864,2.10728,10.4091,43.9886,0.261364
0,0.0783333,0.261667,0,0.775,0.0466667,1.85667,0.9025,0.9025,1.0275,0.9025,0.506667,0,0.0891667,0,1.10583,2.5125,0.075,1.47083,0.9025,3.05333,0,0.2925,0.0891667,0,0,0,0,0,0,0,0,0,0,0,0,0.3675,0,0.0891667,0,0,0,0,0,0,0,0,0,0,0.0720833,0,0.73125,0.115417,0.0831667,70.9209,286.917,312.25,1
0.118163,0.0567347,0.413878,0,0.833469,0.127143,0.12898,0.163265,0.120204,0.367143,0.113061,0.719388,0.0261224,0.0261224,0.0204082,0.310204,0.552041,0.160816,2.05122,0.173061,1.23327,0.0765306,0.265306,0.0414286,0.297551,0.0820408,0.0242857,0.00795918,0.00795918,0.0306122,0.00795918,0.00795918,0.0463265,0.00795918,0.0285714,0.0881633,0.147551,0.00142857,0.0259184,0.0730612,0,0.00142857,0.0128571,0.0565306,0.244694,0.00326531,0,0.0289796,0.0065102,0.0983265,0.0102857,0.395918,0.127224,0.0662245,4.27869,69.7959,241.061,0.77551
0.119688,0.204687,0.584375,0.616562,0.491562,0.204375,0.318437,0.216563,0.055625,0.270937,0.150625,0.529687,0.134687,0,0,0.4475,0.399688,0.404062,2.46844,0.552187,1.61,0.026875,0.135937,0.250938,0.0178125,0.0178125,0,0,0,0,0,0,0.0084375,0,0,0.0228125,0.09875,0,0.0746875,0.0059375,0,0,0.02375,0.00875,0.126562,0.03875,0,0,0.0110625,0.0990938,0.026625,0.456531,0.0816563,0.0336562,7.91838,135.781,293.969,0.96875
0.062,0.0517143,0.221286,0,0.266,0.0745714,0.077,0.0437143,0.0274286,0.533571,0.0438571,0.452,0.0451429,0.0157143,0.0331429,0.0767143,0.0721429,0.112429,1.26671,0.114714,0.530143,0.00828571,0.0651429,0.13,0.751857,0.502143,0.479,0.396429,0.197143,0.222,0.153,0.123286,0.0602857,0.123286,0.179429,0.231571,0.258,0,0.212714,0.130143,0.0195714,0.086,0.168286,0.0877143,0.290429,0.151286,0.0104286,0.0424286,0.0422286,0.243457,0.00924286,0.251271,0.0440714,0.0295286,2.33007,11.0857,77.6286,0.285714
0.245,0.2725,0.3375,0.0475,0.3625,0.0225,0,0.185,0.3425,0.6175,0.0725,0.16,0.0725,0,0.0975,0.0725,0.1975,0.2125,1.1275,0.1175,0.6175,0,0.4625,0.3475,0.0475,0,0,0.0475,0,0,0,0,0,0.095,0,0.06,0,0,0.0225,0.2325,0,0,0,0,0.0475,0,0,0,0.02875,0.05475,0,0.315,0.40375,0.01025,550.561,1730.5,2387.5,1
0.18,0.14549,0.509412,0.0360784,0.30451,0.072549,0.140196,0.194706,0.161569,0.247059,0.0566667,0.46,0.032549,0,0.0178431,0.394314,0.378235,0.284706,2.01765,0.36098,1.37608,0.43902,0.120196,0.129608,0.132745,0.0990196,0.0101961,0.0266667,0.0429412,0.0462745,0.0133333,0.00392157,0,0.00392157,0.0580392,0.0303922,0.106275,0.0170588,0.0239216,0.0582353,0,0.0260784,0.0243137,0.027451,0.159608,0.00745098,0.0272549,0.0619608,0.0211373,0.135569,0.0113725,0.494235,0.310216,0.286471,4.89198,76.1373,339.961,0.745098
0.0259406,0.0646535,0.274653,0,0.406634,0.0161386,0.0606931,0.0474257,0.0161386,0.0989109,0.0121782,0.54099,0.114059,0.0926733,0,0.161089,0.0318812,0.164653,0.985743,0.0219802,0.428911,0,0,0,0.205545,0.0956436,0.441881,0,0.141089,0.0376238,0,0,0.150495,0,0,0.00772277,0.0353465,0.0429703,0.104752,0,0.0407921,0.464653,0.0516832,0.188812,0.501881,0.113168,0,0.0247525,0.015505,0.0857723,0.021396,0.115099,0,0.00121782,1.47269,3.74257,18.1485,0.108911
0,0.0862857,0.180571,0,0.386571,0.0222857,0.309714,0,0.0157143,0.248857,0,0.430571,0.190286,0.0891429,0,0.652571,0.0351429,0.407714,3.326,0,1.34143,0,0,0.0405714,0.439429,0.0245714,0.0742857,0,0,0,0,0,0,0,0,0,0,0,0,0,0,0.146286,0,0.0737143,0.397714,0.438286,0,0,0.00882857,0.0254571,0,0.6848,0.0262857,0,5.48646,50.3429,73.9714,0.4
0.0269231,0,0.0404615,0,0.0333846,0,0,0,0,0.0667692,0,0.174,0.0215385,0.0667692,0,0.0809231,0,0.0215385,0.229231,0,0.0269231,0,0,0,1.19815,0.774769,0.0404615,0,0,0,0.192308,0,0,0,0,0.118308,0,0,0.0452308,0,0,0.199692,0,0.0207692,0.0478462,0.0615385,0,0.230769,0.0064,0.0629385,0.0854462,0.0472154,0,0,1.56506,2.92308,7.36923,0.0307692
0,0,0.244583,0,0,0,0,0,0,0,0,0.379167,0,0,0,0,0,0.0904167,10.1908,0,1.15792,0,0,0.927083,0,0,0,0,0,0,0,0,0,0,0,0,0,0,0,0,0,0,0,0,2.08708,0.286667,0.0904167,0,0.0155833,0.0260417,0,0.208333,0,0,1.21404,2.04167,6.625,0.125
0,0.045625,0.240312,0,0.293125,0.009375,0.126406,0.02125,0.0821875,0.113594,0.0235938,0.339688,0.0282812,0.179688,0.018125,0.539688,0.0960938,0.238438,1.16828,0,0.489219,0,0.015625,0.015625,1.10156,1.03672,0.593438,0.38125,0.279375,0.357344,0.343594,0.251094,0.01875,0.251094,0.449844,0.363438,0.230312,0,0.128125,0.251094,0.100156,0.215938,0.11625,0.192188,0.410625,0.166719,0,0.0615625,0.00842188,0.180359,0.0391094,0.209828,0.0146719,0.00832812,2.21284,10.2031,36.4844,0.203125
0.0840698,0.0713953,0.316512,0,0.233372,0.067093,0.145581,0.0927907,0.00767442,0.16186,0.0715116,0.853953,0.0795349,0,0.020814,0.219302,0.0652326,0.10907,1.79488,0,0.701047,0,0.0165116,0,0.296395,0.111047,0.13593,0,0.084186,0.121628,0,0,0.158488,0,0.00593023,0.0866279,0.140233,0.0156977,0.204419,0,0.0793023,0.160349,0.0375581,0.112442,0.226279,0.139884,0,0.0526744,0.0125233,0.114709,0.00301163,0.146105,0.0123023,0.0116279,1.58498,5.44186,50.7442,0.186047
0.125556,0.111852,0.365556,0.00777778,0.32963,0.119444,0.0737037,0.108148,0.101481,0.342593,0.124074,0.499259,0.162222,0.0466667,0.131296,0.286667,0.155741,0.244444,1.28315,0.101667,0.705556,0.698519,0.246296,0.0668519,0.538889,0.240926,0.122778,0.161296,0.0690741,0.0738889,0.0901852,0.0359259,0.0612963,0.0359259,0.0790741,0.0851852,0.138519,0.0303704,0.0783333,0.0792593,0.0562963,0.115,0.0351852,0.0851852,0.117778,0.11463,0.027963,0.0477778,0.328537,0.151426,0.0152222,0.203204,0.072,0.0991296,3.43722,31.1481,372.648,0.425926
0.21,0.448824,0.646471,0.0823529,0.291176,0.0241176,0.437647,0.0335294,0.169412,0.931176,0.145294,0.911765,0.0476471,0.0776471,0.177059,1.51235,0.374706,0.0370588,1.97235,0.135882,1.54941,0,0.0482353,0.146471,0.0317647,0.0470588,0.0170588,0.0341176,0,0,0,0,0,0.0170588,0.0341176,0.0135294,0.0358824,0,0,0,0,0,0,0,0.120588,0,0,0.0452941,0.0170588,0.0634706,0,0.830765,0.316118,0.0754118,40.6247,379.294,549.412,0.882353
0,0,0,0,0,0,0,0,0,0,0,0,0,0,0,0,0,0,0,9.09,0,0,0,0,0,0,0,0,0,0,0,0,9.09,0,0,0,0,0,0,0,0,0,0,0,0,0,0,0,0,0,0.7245,0,0,0,1.55,3.5,12.5,0.5
0.0431579,0.0586842,0.260789,0,0.153421,0.0278947,0.0521053,0.131842,0.258684,0.124737,0.0755263,0.433421,0,0.110526,0,0.866579,0.0552632,0.0894737,1.33342,0.0421053,1.08289,0.0244737,0.156842,0.0628947,0.444211,0.472368,0.214474,0.0202632,0,0.0615789,0.0413158,0,0.120263,0,0.0407895,0.135789,0.0497368,0,0.0239474,0.0160526,0,0.0739474,0,0.0392105,0.0960526,0,0,0,0.00455263,0.107474,0.0129474,0.557474,0.0740263,0,4.008,29.9737,85.6842,0.710526
0.0911475,0.0654098,0.221148,0,0.287377,0.108033,0.0595082,0.0378689,0.0109836,0.148361,0.0552459,0.574918,0.0770492,0.0140984,0.0144262,0.162295,0.0518033,0.173115,1.32787,0,0.476721,0.0527869,0.0144262,0.0337705,0.930328,0.509672,0.281639,0.287213,0.169672,0.133443,0.125574,0.0772131,0.115738,0.0772131,0.16918,0.224262,0.300164,0.00606557,0.191803,0.0931148,0.0568852,0.0801639,0.188852,0.146066,0.313279,0.290164,0,0.0278689,0.0475738,0.144852,0.0330984,0.115754,0.0418852,0.0110328,2.20108,12.0656,107.754,0.245902
0.301538,0.111538,1.24846,0,1.10462,0.0338462,0.143077,0.0676923,0.431538,1.04692,0.0515385,0.186923,0.0592308,0,0.17,0.19,0,0.196923,0.935385,0.640769,1.10692,0,0.0676923,0.0676923,0.242308,0,0.112308,0.0223077,0,0.0446154,0,0,0,0,0,0,0.0446154,0,0,0.0676923,0,0,0,0,0,0,0,0,0,0.0106154,0,0.734308,0.0896923,0,360.719,1208.46,1361,0.923077
0.188235,0.132941,0.152353,0,0.769412,0.231176,0.431765,0,0.126471,0.5,0.25,0.331176,0.276471,0,0,1.20588,0.08,0.227647,1.85353,0,0.789412,0,0,0.518824,0.07,0.07,0.21,0,0,0.0364706,0,0,0.218235,0,0.07,0.0529412,0.08,0,0,0.08,0.0152941,0,0.0411765,0.113529,0.131176,0.0717647,0,0,0,0.0264706,0,0.616588,0.0709412,1.16641,7.98318,70.1176,109.529,0.764706
0.140349,0.0863954,0.232442,0,0.222907,0.0455814,0.147674,0.0953488,0,0.231163,0.0531395,0.605581,0.0374419,0,0.0715116,0.141512,0.0946512,0.218953,1.69326,0.025814,0.497209,0,0.112558,0,1.06547,0.62907,0.135814,0.324302,0.156977,0.348837,0.17593,0.0797674,0.112442,0.0797674,0.417791,0.124651,0.233721,0,0.0816279,0.0872093,0.0453488,0.24,0.0536047,0.0830233,0.221628,0.612093,0,0.0182558,0.00706977,0.127128,0.00766279,0.306395,0.0242209,0.159872,2.45583,12.7093,52.1163,0.290698
0.138437,0.141875,0.364063,0,0.66125,0.130937,0.10625,0.195313,0.304062,0.530625,0.129063,0.535312,0.103125,0.340313,0.2275,0.135938,0.356875,0.125625,1.71969,0.16125,1.355,0.7175,0.119688,0.242813,0.248437,0.06875,0.0284375,0.01375,0.0046875,0.0046875,0.020625,0.0046875,0.104062,0.0046875,0.020625,0.0221875,0.0825,0.0165625,0.0146875,0.04875,0,0.372188,0.0115625,0.0165625,0.089375,0.0034375,0.0028125,0,0.0187188,0.120094,0.015125,0.279937,0.172,0.0888125,4.60822,120.031,648.844,0.65625
0.173548,0.075914,0.312151,0,0.325376,0.0922581,0.0798925,0.0167742,0.00731183,0.14914,0.0403226,0.491935,0.114409,0.0267742,0.024086,0.133118,0.123978,0.123548,2.04763,0.0144086,0.50871,0,0.085914,0.0498925,0.177742,0.096129,0.236344,0,0.0510753,0.0637634,0,0,0.0749462,0,0,0.0509677,0.103548,0.01,0.0353763,0.0135484,0.0675269,0.227957,0,0.0753763,0.322796,0.102796,0.0109677,0.0450538,0.0130323,0.150968,0.0172688,0.275097,0.0177527,0.0125054,1.49208,4.89247,40.1613,0.172043
0.119748,0.0701681,0.268992,0,0.211933,0.0888235,0.0440336,0.0126891,0.0142017,0.0956303,0,0.712605,0.0705882,0.0391597,0.00554622,0.20563,0.0108403,0.133025,1.98311,0.00563025,0.614706,0,0,0.035126,0.296891,0.296975,0.225966,0,0.17084,0.0353782,0.0097479,0,0.0578151,0,0,0.0526891,0.224958,0.00890756,0.062521,0,0.0998319,0.304622,0.0131092,0.171765,0.464454,0.160924,0,0,0.0240672,0.108269,0.0114538,0.120311,0.0143193,0.00676471,1.52584,4.81513,31.1765,0.109244
0.0835211,0.0498592,0.303944,0,0.357746,0.167324,0.0839437,0.106761,0.0429577,0.17507,0.0494366,0.511972,0.0909859,0.0338028,0.0235211,0.228028,0.191127,0.203521,1.27563,0.12,0.735915,0,0.139437,0.0901408,0.710423,0.412958,0.111549,0.143662,0.112817,0.128451,0.0521127,0.0290141,0.0621127,0.0290141,0.109577,0.0953521,0.184366,0.00197183,0.0614085,0.0525352,0.224648,0.0126761,0.0690141,0.0450704,0.181408,0.42,0,0.0390141,0.0896056,0.153662,0.022338,0.113254,0.0616901,0.0134225,2.16459,15.2817,185.521,0.394366
0,0,0,0,0,5.88,0,0,0,0,0,0,0,0,0,0,0,0,0,0,0,0,0,0,0,0,0,0,0,0,0,0,0,0,0,0,0,0,0,0,0,0,0,0,0,0,0,0,0,0,0,0,0,0,2.666,5,16,0
0.124222,0.108333,0.248667,0.135667,0.510778,0.120889,0.0623333,0.100111,0.199667,0.265778,0.111333,0.742222,0.131556,0.058,0.0546667,0.149333,0.238444,0.155667,1.73656,0.0812222,0.719778,0.824333,0.227667,0.133,0.519,0.167889,0.0191111,0.0258889,0.0172222,0.0262222,0.0101111,0.0125556,0.101111,0.00366667,0.0272222,0.0868889,0.102667,0.0147778,0.016,0.00944444,0.0288889,0.069,0.0118889,0.0135556,0.0406667,0.0973333,0.0322222,0.0272222,0.0377,0.125611,0.0115444,0.135211,0.0751333,0.0957,3.48063,36.9556,482.422,0.6
0.238333,0.0583333,0.315625,0.026875,0.719375,0.09125,0.165417,0.170833,0.013125,0.136042,0.0202083,0.432917,0.03,0,0.0245833,0.516458,0.209583,0.0510417,1.59521,0.0991667,1.17125,0.0114583,0.177292,0.0179167,0.406875,0.258125,0.160417,0.166875,0.010625,0.0645833,0.010625,0.0220833,0.0314583,0.0408333,0.127292,0.07875,0.162917,0,0.0558333,0.0241667,0.07875,0.0522917,0.0366667,0.0841667,0.146458,0.158333,0,0.0525,0.0162917,0.118417,0.017875,0.478187,0.128417,0.0171042,2.7914,22.5417,124.958,0.625
0.0908974,0.149487,0.321795,0,0.421667,0.140513,0.115769,0.0724359,0.0366667,0.233333,0.0425641,0.635256,0.0729487,0.00679487,0.005,0.177436,0.128974,0.163846,1.36974,0.0267949,0.945769,0,0.074359,0.0496154,0.804744,0.414615,0.285513,0.191154,0.144872,0.138205,0.0951282,0.107051,0.0803846,0.107051,0.130769,0.141282,0.231154,0,0.127308,0.116154,0.0598718,0.0764103,0.151026,0.0367949,0.252949,0.147821,0.0137179,0.00666667,0.0355128,0.169808,0.0271026,0.0962051,0.0438205,0.00885897,2.11447,14.2949,162.385,0.358974
0.471538,0.860769,0.89,0,0.442308,0.0292308,0,0.413077,0.0569231,1.75462,0.0569231,2.32,0,0.522308,0,0.413077,0,0,1.93154,0,4.95692,0.0292308,0.0569231,0,0,0,0,0,0,0,0,0,0,0,0,0,0.0284615,0,0,0,0,0,0,0,0,0,0,0,0,0.232308,0,1.48692,0.177385,0.0787692,61.6854,691.692,800.692,1
0.0467742,0.0870968,0.0858065,0,0.0809677,0.0858064,0.106774,0.0948387,0.0241935,0.185484,0,0.384194,0.157097,0,0,0.312903,0.0693548,0.175161,2.29,0.375806,0.877419,0.178387,0,0.0590323,0.112258,0.141613,0,0.0483871,0,0,0,0,0,0,0.0483871,0.0206452,0,0,0,0,0,0.0267742,0,0.0251613,0.420968,0.365806,0,0,0.0220323,0.0426452,0,0.207613,0.023871,0.104194,4.50903,45.871,93.2258,0.419355
0.12475,0.452,0.33,1.773,0.93875,0.14825,0.69275,0.1565,0.0595,0.38525,0.04375,0.65175,0.17475,0.084,0,0.74875,1.575,0.245,2.07975,0.281,1.83075,0,0.01975,0.144,0,0,0,0,0,0.02425,0,0,0,0,0,0.0535,0.1165,0.039,0,0.0085,0,0,0,0,0.0085,0,0,0,0,0.116675,0,0.728525,0.214775,0.0331,9.17465,135.975,193.15,0.925
0.224667,0.123167,0.286667,0.00183333,0.186167,0.173833,0.0441667,0.160167,0.341333,0.223,0.0896667,0.7315,0.082,0.0363333,0.0171667,0.190333,0.322833,0.0345,1.1725,0.211,0.8235,0.140667,0.0326667,0.242333,1.45033,0.231167,0.0308333,0.0111667,0.00983333,0.0393333,0.0223333,0.0045,0.106,0.00633333,0.032,0.112833,0.181833,0.0225,0.0175,0.0258333,0.0771667,0.0188333,0.0238333,0.0126667,0.0348333,0.134833,0.00766667,0.0333333,0.1804,0.223133,0.0137,0.251,0.104967,0.08875,3.79185,44.15,633.233,0.35
0.183333,0.0911667,0.110333,0,0.211,0.136333,0.205333,0.1255,0.0248333,0.152333,0.0376667,0.367167,0.0466667,0.0198333,0,0.148333,0.0921667,0.102167,1.88883,0.0115,1.00283,0,0,0.045,0.857,0.319667,0.376,0.481333,0.0691667,0.0788333,0.083,0.064,0.368,0.064,0.237667,0.064,0.256667,0,0.0873333,0.064,0.0646667,0.0815,0.1255,0.173167,0.532333,0.483167,0,0,0.0195,0.19385,0.00848333,0.271283,0.08615,0.0689833,2.56567,14.85,61.5167,0.433333
0.0726316,0.0402632,0.247763,0.0175,0.0847368,0.0601316,0.0269737,0.153684,0.0302632,0.1525,0,0.669605,0.137105,0.00302632,0.0735526,0.0661842,0.130789,0.260263,1.43329,0.00842105,0.546842,0,0.0902632,0.0589474,0.934211,0.528421,0.209211,0.313158,0.0814474,0.236842,0.124868,0.0665789,0.167105,0.0665789,0.198553,0.168553,0.409211,0,0.197763,0.0840789,0.0731579,0.104868,0.222632,0.0664474,0.404868,0.469474,0,0.0653947,0.0111053,0.196829,0.0440263,0.179184,0.0622368,0.0157763,2.31436,13.0658,69.4474,0.236842
0.104167,0.0752778,0.249167,0,0.348611,0.0847222,0.101389,0.168611,0.0266667,0.160278,0.0613889,1.02222,0.0880556,0.0658333,0.0127778,0.245278,0.0925,0.153611,1.49778,0.00861111,0.548056,0,0,0.065,0.400833,0.299167,0.0958333,0.0205556,0.0508333,0.115833,0.0369444,0,0.430278,0,0.03,0.0758333,0.128333,0,0.00861111,0,0.0163889,0.0197222,0,0.179167,0.0416667,0.025,0,0.119167,0.00544444,0.0954444,0.0104444,0.117806,0.0208333,0.00833333,1.61247,6.72222,88.1667,0.194444
0,0,0,0,0,0,0,0,0,0,0,0,0,0,0,0,0,0,0,0,0,0,0,0,16.3043,1.09857,0,0,0,0,0,0,0,0,0,0,0,0,0,0,0,0,0,0,2.88357,0,0,0,0,0,0,0.0802143,0,0,4.16179,16.5714,25.5,0
0.103929,0.320357,0.316964,0,0.116607,0.0760714,0.185,0.120357,0.0873214,0.510893,0.02,0.510357,0.0730357,0.0508929,0,0.202143,0,0.0508929,2.6775,0,0.893571,0,0.02,0.14,0.252857,0.065,0.421964,0.337321,0,0,0.0810714,0,0.0508929,0,0,0.0508929,0.365179,0,0.619643,0,0.03875,0,0.0335714,0.134286,0.618929,0.399464,0,0,0.0457857,0.237982,0.00451786,0.206411,0.0719643,0.0293929,2.96766,19.125,38.3929,0.392857
0.0434146,0.300244,0.322439,0.978781,0.611951,0.208293,0.817317,0.0797561,0.0680488,0.369024,0.0365854,0.740976,0.0595122,0.0156098,0.022439,0.392195,0.220732,0.368293,2.21293,0.0309756,1.23488,0,0.0656098,0.0704878,0.10561,0.0121951,0.153659,0.0343902,0.0121951,0.00609756,0.176585,0,0,0.0104878,0.0685366,0.0129268,0.0387805,0,0.0458537,0.463415,0,0.00487805,0,0,0.223415,0.0107317,0,0.0243902,0.0118293,0.191585,0.0159024,0.327707,0.0500976,0.0304878,12.9032,169.829,403.293,0.634146
0,0,0,0,0,0,0,0,0,0,0,0,0,0,0,0,0,0,0,0,0,0,0,0,0,0,0,0,0,0,0,0,0,0,0,0,0,0,0,0,0,0,0,0,0,0,0,0,0,0,0,0,0,0,0,0,0,0
0.095,0,0.19,0.02,0,0.095,0,0,0,0,0.095,0.095,0,0,0,0.2,0,0.095,0.58,0,0.19,0,0,0,0,0,0,0,0,0,0,0,0,0,0,0,0,0,0,0,0,0,0,0,0,0,0,0,0.517,4.881,0.0015,0.771,0.8925,1.0005,120.977,5005,12951.5,1
0.126832,0.150396,0.390198,0.141683,0.3,0.12099,0.0893069,0.184455,0.434059,0.517822,0.125545,0.535545,0.122178,0.0637624,0.136139,0.27099,0.145446,0.375545,1.40069,0.173564,0.921584,0.854059,0.125842,0.198416,0.480099,0.153564,0.0308911,0.0251485,0.00564356,0.0271287,0.020099,0.00188119,0.125248,0.00376238,0.127228,0.0322772,0.139208,0.00178218,0.0332673,0.0319802,0.00950495,0.0276238,0.00534653,0.0123762,0.0350495,0.0372277,0.00653465,0.0292079,0.0597822,0.108871,0.044396,0.360277,0.183208,0.0975545,4.65511,75.0297,969.545,0.683168
0,0,0,0,0,0,0,0,0,0,0,0,0,0,0,0,0,0,0,0,0,0,0,0,0,0,0,0,0,0,0,0,0,0,0,0,0,0,0,0,0,0,0,0,0,0,0,0,0,0,0,0,0,0,0,0,0,0
0,9.52,0,0,0,0,0,0,0,4.76,0,0,0,0,0,0,0,0,0,0,0,0,0,0,0,0,0,0,0,0,0,0,0,0,0,0,0,0,0,0,0,0,0,0,4.76,0,0,0,0,0,0,0,0,0,1,1,10,0
0,14.28,0,0,0,0,0,0,0,0,0,0,0,0,0,0,0,0,0,0,0,0,0,0,0,0,0,0,0,0,0,0,0,0,0,0,0,0,0,0,0,0,0,0,0,0,0,0,0,0,0,0,0,0,1.8,5,9,0
0.228627,0.102941,0.263725,0,0.558235,0.0239216,0.108039,0.0521569,0.024902,0.100392,0.0186275,0.518039,0.0284314,0.0496078,0.0168627,0.446667,0.287451,0.211961,2.48529,0.00862745,1.24137,0,0.19549,0.0996078,0.0496078,0.0311765,0.0719608,0.0627451,0,0,0,0.0123529,0.00862745,0.0123529,0.0396078,0.0905882,0.0276471,0,0.032549,0.00647059,0,0.0131373,0.012549,0.0117647,0.292549,0.0423529,0,0.05,0.00892157,0.112922,0.00729412,0.42551,0.135667,0.00809804,3.21084,26.1176,111.627,0.843137
0.128533,0.056,0.229733,0.0129333,0.270133,0.1176,0.0589333,0.127067,0.0397333,0.219467,0.0433333,0.5156,0.104267,0.0424,0.0012,0.1368,0.154133,0.105067,1.28187,0.1048,0.481333,0.8376,0.145867,0.0582667,1.02027,0.3788,0.117333,0.0488,0.0704,0.0594667,0.0354667,0.0169333,0.1024,0.0169333,0.0444,0.0818667,0.310133,0.00253333,0.0136,0.0314667,0.066,0.0444,0.0512,0.0361333,0.098,0.334267,0,0.0161333,0.32772,0.182707,0.02812,0.146013,0.0751867,0.0749333,3.32137,26.7867,314.4,0.4
0.0989362,0.151277,0.361489,0.0123404,0.244681,0.101277,0.0970213,0.158085,0.0482979,0.21617,0.092766,0.591277,0.092766,0.02,0,0.395319,0.153404,0.390213,1.95064,0.146596,0.908085,0,0.148298,0.122766,0.15,0.0904255,0,0.0380851,0,0.0468085,0,0,0,0.00638298,0.0651064,0.0487234,0.103617,0,0,0.0259574,0,0.00723404,0.0178723,0,0.166596,0.505957,0,0.0223404,0.00938298,0.120191,0.00457447,0.350894,0.121255,0.0214043,4.21672,64.7447,277.489,0.595745
