0.0928485,0.0861212,0.217394,0.00818182,0.312121,0.0564848,0.092303,0.0971515,0.036,0.392,0.0607879,0.543697,0.113697,0.00818182,0.0298182,0.12097,0.128,0.149455,1.54994,0.0533333,0.567758,0.00351515,0.0566061,0.0602424,0.702,0.436182,0.322667,0.302182,0.130848,0.202061,0.101212,0.0803636,0.0918182,0.0803636,0.167636,0.169879,0.213455,0.00606061,0.155697,0.0904848,0.0355758,0.0724848,0.129273,0.0593333,0.279152,0.179152,0.0147879,0.0415758,0.027903,0.182485,0.0161758,0.261345,0.0328182,0.0144303,2.13885,10.8182,80.0788,0.278788
0.0786538,0.325962,0.451538,1.74327,0.791346,0.106538,0.615385,0.166346,0.0457692,0.231731,0.130192,0.501923,0.160577,0.0398077,0,0.725577,1.09962,0.334808,2.32462,0.395962,1.90308,0,0.0776923,0.160192,0.0109615,0.0109615,0,0,0,0,0,0,0.00519231,0,0,0.0192308,0.153462,0,0.0459615,0,0,0,0,0,0.0623077,0.0269231,0,0,0.00680769,0.123615,0.0163846,0.619,0.196731,0.0397115,8.66123,139.308,231.942,0.942308
0.0766379,0.131379,0.332672,0.0103448,0.415776,0.108966,0.118276,0.124655,0.0511207,0.313362,0.0675,0.521724,0.196293,0.0337931,0.0893103,0.192672,0.135345,0.271638,1.40517,0.0617241,0.846121,0.20319,0.148621,0.0878448,0.635172,0.315086,0.18569,0.116638,0.0959483,0.111466,0.0590517,0.0657759,0.0843966,0.0657759,0.0809483,0.0956897,0.171983,0.0137069,0.0776724,0.0889655,0.0137931,0.0382759,0.0807759,0.0671552,0.134397,0.0605172,0,0.0212069,0.0399483,0.176681,0.0254569,0.173353,0.114716,0.0514052,3.01316,26.9483,244.75,0.525862
0.0473825,0.0413423,0.269933,0,0.272685,0.0284564,0.0295302,0.0057047,0.0281879,0.0944295,0.0221477,0.837383,0.0805369,0.031745,0.0114094,0.142148,0.0300671,0.0609396,1.92852,0.00845638,0.426913,0,0,0.0178523,0.331275,0.37651,0.409128,0,0.146443,0.0522148,0,0,0.074698,0,0.0148993,0.0163758,0.141879,0.0165101,0.0773825,0,0.0581208,0.315503,0.0162416,0.128523,0.441477,0.160604,0,0.0637584,0.0273691,0.133738,0.00742282,0.133248,0.0109799,0.00499329,1.58885,4.89262,26.0671,0.0939597
0,0,0,0,0.769231,0,0,0,0,0,0,0,0,0,0,0,0,0,0,0,0,0,0,0,8.54692,4.37077,0.854615,0,0,0,0,0,0,0,0,0.591538,0,0,0,0,0,1.11462,0,0.103846,0,0,0,0,0,0,0,0,0,0,1.38008,2.30769,6.07692,0
0.161169,0.0875974,0.294481,0,0.410649,0.0751948,0.117403,0.113247,0.0414286,0.133831,0.0367532,0.491299,0.0688312,0.0164286,0.02,0.226299,0.177078,0.204481,1.66318,0.00584416,0.728117,0.00655844,0.0777922,0.0393506,0.573896,0.400974,0.252532,0.21487,0.0948701,0.115779,0.0638312,0.0564286,0.0991558,0.0564286,0.148831,0.142727,0.20039,0.00707792,0.117143,0.0665584,0.0509091,0.0303247,0.126039,0.0751948,0.297273,0.130649,0.00123377,0.0667532,0.0257857,0.144019,0.0262532,0.213442,0.0707078,0.0262143,2.17227,14.4805,115.149,0.38961
0.147264,0.153585,0.248396,0,0.237547,0.069717,0.131226,0.0828302,0.0054717,0.243208,0.0490566,0.585,0.0417925,0.0112264,0.0409434,0.169623,0.0676415,0.182358,1.62425,0.0121698,0.555377,0,0.0399057,0.0117925,0.921321,0.498868,0.202925,0.300094,0.127358,0.308679,0.148868,0.0967925,0.227642,0.0967925,0.348302,0.107264,0.244811,0,0.055283,0.0707547,0.0367925,0.253585,0.0563208,0.0749057,0.216887,0.618396,0,0.0148113,0.00573585,0.142264,0.00761321,0.283283,0.0162925,0.13383,2.45421,13.6981,53.5283,0.273585
0.0426786,0.0944643,0.203214,0,0.108036,0.0376786,0.08875,0.264464,0.198214,0.149821,0.0296429,0.334821,0.00732143,0.148036,0,0.652143,0.14875,0.0794643,1.25643,0.0285714,0.930179,0.0523214,0.146429,0.0641071,0.336786,0.328929,0.213929,0.0648214,0,0.0489286,0.0280357,0.0316071,0.0816071,0.0316071,0.0544643,0.110357,0.0716071,0,0.0405357,0.0282143,0,0.0135714,0.0357143,0.00714286,0.295357,0.04875,0,0,0.00830357,0.138464,0.0124643,0.520268,0.0922321,0.00273214,3.64427,27.9107,88.25,0.732143
0.219062,0.405938,0.650312,0.0734375,0.365938,0.18125,0.319688,0.125625,0.314063,0.860625,0.215625,0.77125,0.14375,0.096875,0.270625,0.930625,0.3275,0.23875,1.85531,0.145,1.52562,0.0053125,0.193438,0.223438,0.299375,0.13875,0.0075,0,0,0.0228125,0,0,0.0421875,0,0.0225,0.0146875,0.12125,0.026875,0.0075,0.0228125,0,0.0228125,0.010625,0.0153125,0.110625,0.0446875,0,0.0240625,0.0094375,0.125656,0.00465625,0.753812,0.231156,0.0675,25.445,340.531,656.719,0.9375
0.121032,0.0980159,0.27119,0.0996032,0.350794,0.104048,0.0684921,0.110556,0.205794,0.336032,0.0956349,0.771032,0.131111,0.083254,0.0543651,0.19619,0.163492,0.184127,1.5854,0.0738889,0.972222,0.591508,0.200079,0.10746,0.60254,0.182937,0.0169841,0.0238095,0.015873,0.0289683,0.00849206,0.00150794,0.105079,0.00642857,0.0279365,0.066746,0.126905,0.012619,0.0150794,0.00698413,0.0464286,0.0719048,0.00738095,0.0150794,0.0692857,0.235,0.0203175,0.0185714,0.0377937,0.140659,0.0177698,0.223365,0.0743651,0.080754,4.45874,58.9206,515.238,0.603175
0.093871,0.289355,0.320484,0,0.105323,0.0687097,0.232903,0.10871,0.078871,0.495323,0.0180645,0.523871,0.0659677,0.0459677,0,0.198548,0,0.0587097,2.61435,0,0.966935,0,0.0180645,0.159355,0.265484,0.0746774,0.423548,0.304677,0.021129,0.021129,0.0732258,0,0.0801613,0,0,0.0670968,0.36371,0,0.559677,0.0670968,0.035,0,0.0303226,0.12129,0.605645,0.360806,0,0,0.0435323,0.221484,0.00408065,0.199161,0.065,0.0362581,2.97,19.1613,38.9516,0.370968
0.0116667,0.0953333,0.149667,0,0.248833,0.0398333,0.235833,0.049,0.00916667,0.199167,0,0.405,0.192167,0.052,0,0.543333,0.0281667,0.328333,2.99183,0.194167,1.24717,0.0921667,0,0.0541667,0.0198333,0.134333,0.0433333,0,0,0,0,0,0,0,0,0.0106667,0,0,0,0,0,0.146,0,0.056,0.4045,0.432833,0,0,0.0165333,0.0282333,0,0.159467,0.0276667,0.0538333,4.89042,48.2667,82.1,0.433333
0.148227,0.0599291,0.296879,0,0.22539,0.0765248,0.0496454,0.0174468,0.0541135,0.12227,0.0048227,0.504255,0.109291,0.0228369,0.0129078,0.24766,0.0519149,0.182128,1.71348,0.0110638,0.495319,0,0.01,0.0551773,0.307589,0.302482,0.255532,0.0234043,0.109574,0.0698582,0.0316312,0,0.0506383,0,0.054539,0.0783688,0.155106,0.00659574,0.0394326,0.0070922,0.0604255,0.182908,0.0139716,0.109504,0.369007,0.150284,0.00723404,0.0434752,0.0158227,0.115773,0.00819858,0.142582,0.0105603,0.00671631,1.56306,5.23404,35.3121,0.141844
0.11557,0.0418987,0.151772,0,0.242405,0.0650633,0.174557,0.394304,0.0475949,0.154051,0.0578481,0.356582,0.0532911,0.131646,0.0501266,0.204684,0.168734,0.0673418,1.28013,0.0183544,0.600127,0,0.169747,0.0573418,0.35962,0.291646,0.0829114,0.227468,0.0675949,0.00746835,0,0.0163291,0.0648101,0.0163291,0.123544,0.0862025,0.329873,0,0.0505063,0,0,0.0675949,0.0563291,0.0372152,0.39443,0.0736709,0,0.0356962,0.0181266,0.217329,0.0108608,0.231899,0.129823,0.00864557,3.47003,22.1266,72.5316,0.594937
0.0783333,0.0320513,0.24,0,0.110256,0.0457692,0,0,0.0232051,0.351282,0,0.133077,0.0711538,0,0,0.146026,0,0.0278205,6.99526,0,1.25833,0,0,0.285256,0.0232051,0,0.910513,0,0.0474359,0,0,0,0.0801282,0,0,0,0,0,0.055641,0,0,0,0,0,1.23295,0.650769,0.0278205,0.0610256,0.0146282,0.0547179,0,0.180526,0,0,1.18174,1.80769,6.74359,0.0769231
0.07776,0.05616,0.28896,0.00696,0.28168,0.14048,0.07488,0.12544,0.09088,0.20952,0.0464,0.46872,0.10928,0.044,0.0172,0.23848,0.1784,0.1644,1.35792,0.1096,0.7192,0,0.06088,0.09976,0.66032,0.37256,0.13008,0.1412,0.0896,0.118,0.07336,0.03224,0.1244,0.03224,0.09952,0.1064,0.2472,0.00552,0.05896,0.07072,0.0048,0.02448,0.07416,0.07496,0.16392,0.09944,0.00872,0.05488,0.022464,0.193384,0.026768,0.139608,0.049536,0.030984,2.55845,21.192,197.992,0.44
0.0928986,0.0873913,0.265942,0.277681,0.258841,0.0771014,0.065942,0.0634783,0.295217,0.362899,0.0817391,0.461304,0.134783,0.145797,0.093913,0.283913,0.0591304,0.246812,1.34826,0.248696,0.882464,0.87,0.0985507,0.0943478,0.372899,0.174783,0.0310145,0.0185507,0.00855072,0.016087,0.0324638,0.00130435,0.0776812,0.00130435,0.10058,0.0236232,0.166522,0.00057971,0.0166667,0.0389855,0.00971014,0.0353623,0.00869565,0.0111594,0.0413043,0.0491304,0.015942,0.0382609,0.0344928,0.153725,0.0202754,0.224087,0.127522,0.104116,6.15028,101.159,1231.72,0.594203
0,0,0.0325,0,0.270278,0.0354444,0,0.0617222,0,0.0241111,0,0.162167,0,0.0595556,0,0.0358333,0,0.0427222,0.265278,0,0.272667,0,0,0,0.0387222,0.0146111,0.536778,0,0.0264444,0,0.0694444,0,0,0,0,0,0,0.0821111,0,0,0,0.323222,0,0.4665,0.693611,0.3565,0,0.101833,0.0104389,0.0977389,0.0535278,0.1682,0,0,1.20539,1.67778,5.35,0.0388889
0.150575,0.204943,0.430345,0,0.532414,0.17046,0.313563,0.126667,0.0644828,0.389655,0.135632,0.70908,0.111149,0.0733333,0.0522989,0.34931,0.375632,0.284138,2.05264,0.16954,1.15402,0.0187356,0.301839,0.0763218,0.224598,0.073908,0.013908,0.122414,0.00689655,0.0832184,0.0114943,0.00689655,0.237701,0.00689655,0.11,0.101264,0.0785057,0.017931,0.00643678,0.0818391,0,0.0416092,0.00597701,0.0170115,0.145517,0.0610345,0,0,0.0131954,0.0941264,0.00116092,0.523655,0.110092,0.0142989,5.0242,74.1839,199.977,0.724138
0,0,0,0,0,0,0,0,0,0,0,0,0,0,0,0,0,0,3.42375,0,0,0,0,0,0,0,0,0,0,0,0,0,0,0,0,0,0,0,1.38875,0,0,0,0,0,14.6637,0,0,0,0,0.285625,0,5.217,0,0,1.46187,2.875,7.375,0
0.096,0.008,0.196,0.008,0.092,0.118,0,0.058,0.058,0.188,0.074,0.082,0.072,0,0.038,0.088,0.078,0.076,0.608,0.008,0.242,1.906,0.138,0.11,0,0,0,0,0,0,0,0,0,0.028,0,0.008,0,0,0.016,0,0,0,0,0,0.038,0,0,0,0.4302,2.0094,0.009,0.3924,0.375,0.4024,57.5034,2297.8,10648.8,1
0.0276829,0.0535366,0.214878,0,0.298293,0.0458537,0.0884146,0.163293,0.0406098,0.0862195,0.0110976,0.525122,0.0312195,0.106098,0,0.27378,0.065,0.175,1.91902,0,0.653415,0,0.0943902,0.27378,0.620366,0.442317,0.120122,0.184878,0.216463,0.118415,0.0910976,0,0.0435366,0,0.148537,0.0581707,0.179268,0.0487805,0.162683,0.0270732,0.170732,0.398049,0.0564634,0.145366,0.482561,0.135854,0,0.0312195,0.081622,0.0971585,0.0221829,0.348085,0.0522805,0.0565732,2.62707,11.6707,28.3049,0.378049
0.0611268,0.161972,0.352958,0,0.615915,0.121831,0.251268,0.163521,0.0776056,0.218592,0.0950704,0.690986,0.0776056,0,0.201831,0.283239,0.314225,0.418732,2.08887,0.399155,1.30042,0.166338,0.28493,0.0950704,0.306338,0.132394,0.0519718,0.121972,0.0192958,0.117042,0.0192958,0.0192958,0.0225352,0.0192958,0.0438028,0.0473239,0.091831,0,0.153099,0.0922535,0.0149296,0.0401408,0.00507042,0,0.147183,0.0408451,0,0,0.00370423,0.133141,0.000915493,0.277127,0.0981831,0.0329014,5.74079,57.2535,145.789,0.676056
0,0,0,0,0,0,0,0,0,0,0,0,0,0,0,0,0,0,0,0,0,0,0,0,16.3043,1.09857,0,0,0,0,0,0,0,0,0,0,0,0,0,0,0,0,0,0,2.88357,0,0,0,0,0,0,0.0802143,0,0,4.16179,16.5714,25.5,0
0.132806,0.0936735,0.284133,0,0.286224,0.0415306,0.0132143,0.0689286,0.01,0.122857,0.00489796,0.485,0.0566327,0.0804082,0,0.305153,0.0225,0.194337,1.54913,0.106531,0.480102,0,0.0108163,0.055,0.126939,0.0665306,0.542347,0,0.332245,0.0212245,0,0,0.28551,0,0.102041,0.00510204,0,0.0564286,0.060102,0.00596939,0.198265,0.593265,0.0182143,0.0954592,0.572806,0.479949,0.014898,0.0425,0.0228827,0.0947245,0.0129082,0.276301,0.00908673,0,1.53402,3.41327,12.3061,0.0867347
0.314865,0.276757,0.336486,0.00351351,0.248919,0.0745946,0.0389189,0.149459,0.425676,0.528919,0.214054,0.579189,0.367838,0.723243,0.0859459,0.259189,0.332432,0.11027,2.41297,0.0359459,1.0927,0.0454054,0.393784,0.371622,0.0959459,0.0994595,0.00162162,0.000540541,0.000540541,0,0,0,0.123243,0,0.00189189,0.0321622,0.133784,0.00297297,0.00243243,0.0391892,0.00432432,0.00216216,0.00621622,0.00378378,0.0594595,0.0194595,0.00189189,0.0156757,0.0328378,0.100892,0.0108919,0.335595,0.430541,0.0987568,7.64754,346.757,2344.32,0.864865
0.0551923,0.2075,0.333462,0,0.7075,0.179615,1.12442,0.286154,0.253654,0.5075,0.237115,0.637692,0.0298077,0.0205769,0.0176923,0.486154,0.832885,0.293077,2.16442,0.233462,1.72308,0.0165385,0.109615,0.106154,0.0519231,0.0151923,0.126731,0.0382692,0.00961538,0.00480769,0.139231,0,0,0.00557692,0.0651923,0.0101923,0.0992308,0,0.0567308,0.365385,0,0.00384615,0,0.00538462,0.167692,0,0,0.0192308,0.00932692,0.146481,0.0114231,0.400846,0.0858077,0.0425,27.5354,208.096,368.327,0.730769
0,0,0,0,0.0927273,0,0,0,0,0,0,0.125909,0,0,0,0,0,0.324545,0.267727,0,0,0,0,0,8.01455,4.005,3.68045,4.005,3.80682,4.005,4.005,3.68045,0,3.68045,4.005,4.005,0,0,0,3.68045,0,0.185455,0,0,0,0,0,0,0,1.04277,0,0.0217727,0,0,3.09745,10.9091,31.3636,0
0.124369,0.15301,0.389223,0.138932,0.297961,0.119612,0.088835,0.185922,0.42767,0.51534,0.123107,0.532718,0.128447,0.0634951,0.135728,0.270291,0.145631,0.371553,1.42854,0.176796,0.934078,0.91165,0.12466,0.198058,0.470777,0.150583,0.0302913,0.0246602,0.00553398,0.0266019,0.0197087,0.00184466,0.122816,0.00368932,0.124757,0.0316505,0.136505,0.00174757,0.0326214,0.0313592,0.00932039,0.0270874,0.00524272,0.0121359,0.0366019,0.0365049,0.00640777,0.0286408,0.0586214,0.106913,0.043534,0.362107,0.180175,0.104767,4.71909,77.699,971.097,0.68932
0.0840523,0.172614,0.323399,0,0.385752,0.181699,0.118562,0.0871242,0.0535294,0.216144,0.0458824,0.585033,0.0673856,0.00346405,0.0101307,0.206993,0.118758,0.161111,1.48523,0.0940523,0.975752,0.00810458,0.140065,0.0689542,0.678889,0.341438,0.241569,0.143464,0.106928,0.129346,0.0729412,0.0789542,0.101438,0.0789542,0.11902,0.108366,0.258627,0,0.134575,0.0928758,0.141438,0.0773856,0.120654,0.028366,0.221961,0.246993,0.00444444,0.0283007,0.0545425,0.165386,0.0242288,0.190856,0.0838301,0.0237516,2.70477,21.4314,164.719,0.431373
0.151343,0.146716,0.826866,0.00283582,0.707612,0.520149,0.272836,0.136716,0.56597,0.458209,0.203284,0.601194,0.150746,0.0797015,0.967015,0.304776,0.11209,0.760149,1.5091,0.820448,0.926119,0.0862687,0.517612,0.144478,0.051194,0.00134328,0.021791,0.00716418,0,0.00865672,0,0,0.00313433,0.00567164,0.00432836,0,0.0129851,0,0,0.0401493,0,0,0.0835821,0.0119403,0.0447761,0.0364179,0,0,0.00285075,0.0761343,0.0011194,0.448209,0.160104,0.019791,108.883,790.104,1415.94,0.985075
0,14.1478,0,0,0,0,0,0,0,0.132222,0,0,0,0,0,0,0,0,0,0,0,0,0,0,0,0,0,0,0,0,0,0,0,0,0,0,0,0,0,0,0,0,0,0,0.132222,0,0,0,0,0,0,0,0,0,1.77778,4.88889,9.02778,0
0.0226316,0.0480526,0.284158,0,0.348526,0.0464737,0.0833158,0.0407368,0.00857895,0.176947,0.0160526,0.924684,0.0745789,0.119263,0,0.119632,0.0277895,0.184,1.96795,0.0316842,0.508579,0,0,0.0562632,0.165263,0.101632,0.439737,0.0537895,0.154421,0.0951579,0,0,0.0839474,0,0.0309474,0.0170526,0.0956316,0.0228421,0.0988947,0.00505263,0.0631579,0.342368,0.0701053,0.106105,0.437895,0.205158,0,0.0393684,0.0135842,0.120742,0.0175632,0.172516,0.00501579,0.000647368,1.60175,4.51053,18.4263,0.110526
0.133672,0.136484,0.386172,0.0219531,0.312422,0.0721875,0.108438,0.157344,0.111719,0.328125,0.0682031,0.490625,0.0964844,0.0399219,0.0625,0.3,0.218594,0.245547,1.63656,0.184687,0.954687,0.712266,0.149922,0.0798437,0.511328,0.221875,0.0849219,0.0850781,0.0550781,0.0625781,0.0483594,0.0217187,0.0452344,0.0217187,0.0632812,0.0599219,0.176016,0.00679687,0.0400781,0.0689063,0.0253125,0.0457813,0.0435937,0.0560938,0.134844,0.190703,0.0226562,0.0479688,0.262133,0.152297,0.0141797,0.310828,0.158695,0.169977,4.37123,54.3047,341.898,0.5625
0.191778,0.0843333,0.276222,0.0272222,0.427667,0.0781111,0.129111,0.076,0.0195556,0.148667,0.0313333,0.476778,0.0675556,0,0.0303333,0.532667,0.171667,0.0877778,1.77422,0.0563333,1.03389,0.0632222,0.238556,0.0836667,0.465444,0.29,0.231111,0.116667,0.0576667,0.114222,0.0533333,0.0594444,0.0537778,0.0844444,0.121333,0.136444,0.0617778,0,0.114778,0.062,0.0236667,0.0278889,0.0122222,0.0288889,0.201889,0.0862222,0,0.0316667,0.0154556,0.130856,0.0156667,0.515533,0.0981889,0.0282,3.3749,30.2111,123.3,0.644444
0.0868687,0.0787879,0.305152,0,0.215152,0.0623232,0.14,0.0888889,0.01,0.205051,0.0816162,0.843939,0.0859596,0,0.0363636,0.215253,0.0917172,0.179091,1.73929,0.00939394,0.67596,0,0.0693939,0,0.391212,0.205152,0.147677,0.0413131,0.0933333,0.147172,0.0374747,0,0.157879,0,0.0464646,0.106465,0.151313,0.00808081,0.195758,0,0.0688889,0.145758,0.0366667,0.0930303,0.233131,0.121515,0,0.0457576,0.0174545,0.125202,0.00261616,0.147818,0.0222525,0.0135455,1.61398,5.69697,51.5354,0.20202
0.0724828,0.0606207,0.32531,0.00558621,0.394621,0.240207,0.119448,0.155103,0.0324828,0.258069,0.0327586,0.547034,0.10069,0.00958621,0.00586207,0.222414,0.127724,0.180828,1.60917,0.0118621,1.18717,0,0.125448,0.124552,0.576552,0.431517,0.206138,0.178069,0.107793,0.141517,0.0686207,0.0502069,0.0944138,0.048069,0.126414,0.123931,0.126621,0.00158621,0.0745517,0.0615172,0.0524828,0.0428276,0.0796552,0.0286897,0.275655,0.118897,0.0142759,0.0097931,0.0312552,0.153876,0.0221448,0.185724,0.0575103,0.0101655,2.13782,13.9586,139.766,0.455172
0.114619,0.0236548,0.216954,0.00675127,0.154569,0.0732995,0.0915736,0.116802,0.0215228,0.159594,0.0237056,0.506853,0.100609,0.00116751,0.0238579,0.131574,0.133706,0.255228,1.52162,0.0169036,0.626802,0,0.0126904,0.0284772,0.970964,0.391472,0.253959,0.309492,0.107157,0.221523,0.0872589,0.052335,0.252893,0.052335,0.188477,0.13868,0.260254,0.00954315,0.13198,0.0856345,0.0553807,0.103452,0.100761,0.14665,0.293858,0.253756,0.00436548,0.0285279,0.0177107,0.181406,0.0250051,0.216345,0.0445076,0.10267,2.06969,10.401,65.0508,0.279188
0.107875,0.137688,0.26375,0,0.404437,0.10775,0.153125,0.132312,0.035875,0.267375,0.079,0.636562,0.0631875,0.0326875,0.0849375,0.348375,0.100937,0.216875,1.79131,0.0344375,0.857313,0.0295,0.0931875,0.095625,0.699812,0.409375,0.228313,0.320875,0.097,0.145125,0.0855,0.104687,0.072625,0.104687,0.143625,0.185,0.140563,0.01,0.110313,0.0744375,0.0338125,0.0548125,0.0936875,0.178687,0.205812,0.270875,0.0145,0.0245,0.0210813,0.153144,0.0117188,0.183744,0.0510375,0.0566063,2.1954,11.8313,96.7562,0.3625
0.4672,0.7208,0.7428,0.3664,0.3468,0.2716,0.0656,0.4024,0.4188,1.3644,0.0604,1.4292,0.1212,0.2716,0.3344,0.2872,0.1692,0.6348,2.064,0.3444,3.2556,0.0152,0.5196,0.2464,0,0,0,0,0,0,0,0,0.0132,0,0.0508,0.0168,0.0148,0,0,0,0,0,0.0076,0,0.0248,0,0,0,0.027,0.14768,0.06472,0.95372,0.17836,0.06036,39.2918,602.2,882.64,1
0.55,0.08175,0.6475,0,0.10125,0,0.0445,0,0,0.55975,0.55,1.39425,0,0.058,0,0.2445,0.029,0.0545,1.4275,0,4.595,0,0,0.52175,0.4435,0.108,0.04075,0.058,0,0.049,0,0.04075,0,0.04075,0,0,0.04025,0,0.05675,0,0,0,0,0.029,0.071,0.029,0,0.06075,0,0.04125,0,0.638575,0.082725,0.00475,5.66272,28.975,54.175,0.475
0.108205,0.0792308,0.301111,0.00854701,0.343675,0.147607,0.0760684,0.123248,0.065812,0.196154,0.0845299,0.505556,0.095812,0.0120513,0.000769231,0.281368,0.228889,0.249402,1.67983,0.134017,0.762906,0.383761,0.183675,0.0882051,0.495128,0.170171,0.0502564,0.0313675,0.0303419,0.0377778,0.0155556,0.00632479,0.0571795,0.0116239,0.0475214,0.08,0.153419,0.00162393,0.0105983,0.0261538,0.0225641,0.028547,0.0317949,0.0113675,0.156068,0.241197,0,0.0225641,0.0879487,0.133821,0.0242564,0.286103,0.111607,0.0608291,3.89185,48.7094,282.068,0.57265
0.19156,0.110092,0.365413,0.00100917,0.32367,0.147523,0.0751376,0.196606,0.303486,0.288807,0.0922936,0.670092,0.0768807,0.104954,0.0742202,0.201651,0.334771,0.0776147,1.35954,0.204679,1.13642,0.288073,0.0855046,0.241927,0.872018,0.170275,0.0234862,0.0101835,0.00477064,0.0217431,0.0163303,0.00385321,0.103303,0.00486239,0.0163303,0.0622936,0.175596,0.0172477,0.0282569,0.0323853,0.0684404,0.103486,0.0142202,0.0144954,0.0498165,0.102752,0.00504587,0.0114679,0.110982,0.195092,0.0145872,0.277349,0.123615,0.0727706,4.15359,69.0917,616.761,0.53211
0.13027,0.20527,0.424324,0.578514,0.281892,0.116892,0.047027,0.109865,0.267703,0.307162,0.0694595,0.790811,0.207568,0.14,0.129054,0.145541,0.146351,0.182027,1.70027,0.146892,0.948649,0,0.12473,0.169324,0.711757,0.134459,0.0221622,0.0228378,0.0140541,0.0175676,0.0198649,0.00216216,0.0714865,0.00216216,0.0345946,0.0608108,0.0912162,0.00189189,0.0168919,0.0340541,0.00216216,0.100541,0.0344595,0.01,0.0254054,0.00162162,0,0.0208108,0.13827,0.131554,0.0183243,1.00588,0.249932,0.0201757,4.07796,61.6216,754.081,0.581081
0.106752,0.132735,0.249744,0.795385,0.394957,0.130427,0.0318803,0.123932,0.224957,0.148462,0.0691453,0.569573,0.124957,0.0321368,0.0186325,0.192222,0.25188,0.131795,1.68906,0.0982906,0.76906,0.453162,0.181624,0.124957,0.599402,0.132393,0.0750427,0.0230769,0.0376923,0.0244444,0.00982906,0.0178632,0.0416239,0.0110256,0.0276068,0.074188,0.116581,0.0462393,0.0222222,0.0311966,0.0212821,0.0395726,0.031453,0.00615385,0.0704274,0.052735,0.00752137,0.0221368,0.154393,0.122009,0.0107607,0.195222,0.103684,0.0542222,4.21847,44.2222,424.889,0.547009
0.30617,0.144894,0.280426,0.0917021,0.0723404,0.106809,0.0193617,0.139787,0.221064,0.399574,0.144681,0.630213,0.341064,0.652766,0.0255319,0.158936,0.276596,0.12,1.86936,0.0476596,0.868511,0.0334043,0.447021,0.28766,0.0951064,0.0604255,0.00510638,0.00148936,0.00212766,0.00382979,0,0,0.309362,0,0,0.0297872,0.176383,0.00148936,0.00659574,0.017234,0.0246809,0.00765957,0.00446809,0.0159574,0.0421277,0.0568085,0.00978723,0.0502128,0.0292553,0.115766,0.00757447,0.24734,0.329319,0.0877872,5.44715,185.447,3357.47,0.744681
0.0823077,0.0947436,0.221282,0,0.258269,0.0714103,0.161859,0.0208974,0.0123077,0.177372,0.0445513,0.469744,0.140769,0.0565385,0.014359,0.314487,0.120256,0.136731,1.72897,0.02,0.584167,0,0.0887821,0.0295513,0.697756,0.426987,0.467628,0.272692,0.187308,0.250064,0.209103,0.170128,0.161603,0.170128,0.320321,0.238141,0.186538,0.00615385,0.2075,0.1775,0.0985256,0.245577,0.0980128,0.202372,0.2975,0.13359,0,0.0317949,0.0121026,0.160026,0.0274231,0.258429,0.106981,0.0117308,1.98562,9,42.7756,0.230769
0,0,0,0,0,0,0,0,0,0,0,0,0,0,0,0.327869,0,0,0,0,0,0,0,0,0,0.117049,20.1415,0,0,0,0,0,0,0,0,0,0,0,0,0,0,0.182131,0,0,0.0545902,0,0,0,0,0.0287541,0,0.00941803,0,0,1.20803,1.68033,5.45902,0
0.153478,0.124783,0.265435,0.00804348,0.295435,0.106304,0.0395652,0.230435,0.203696,0.299348,0.0923913,0.540435,0.148261,0.0695652,0.0623913,0.32413,0.210435,0.185652,1.49261,0.128696,0.707826,0.652609,0.261522,0.233478,0.461087,0.0893478,0.00586957,0.00543478,0.00326087,0.023913,0.0104348,0,0.0884783,0.00282609,0.0106522,0.118043,0.160217,0.00934783,0.0213043,0.0245652,0.0193478,0.00326087,0.0073913,0.0245652,0.0297826,0.0973913,0.0023913,0.0397826,0.0394565,0.123587,0.0373696,0.200739,0.163326,0.101739,5.77274,124.522,1677.87,0.543478
0.0932558,0.0837209,0.259302,0,0.576047,0.190233,0.228372,0,0.0769767,0.312093,0.0988372,0.304651,0.207674,0.04,0.0123256,0.646279,0.10186,0.199302,1.91837,0.0267442,0.768605,0,0.00767442,0.235581,0.11186,0.0586047,0.0830233,0.0618605,0,0.0344186,0,0,0.0862791,0,0.0276744,0.0518605,0.0472093,0,0.0188372,0.0316279,0.00604651,0,0.0162791,0.0448837,0.299767,0.306512,0,0,0.00104651,0.0733953,0.00634884,0.292023,0.0479767,0.463442,5.36977,57.2558,110.674,0.534884
