0.0564177,0.433643,0.195511,0,0.232919,0.0409756,0.0374771,0.0425305,0.0193979,0.115755,0.00864329,0.447043,0.0544512,0.0537729,0.00268293,0.184428,0.0204421,0.113811,1.64251,0.0229954,0.444299,0,0.0132088,0.0622256,0.591166,0.28545,2.33261,0.110473,0.194909,0.117271,0.098468,0.0724085,0.0790549,0.0724085,0.118247,0.103079,0.0774466,0.0286357,0.0852058,0.0764863,0.0655488,0.299794,0.0226067,0.140991,0.59596,0.251082,0.00465701,0.0450381,0.0198834,0.118633,0.0172858,0.201133,0.0139573,0.00572713,1.63479,4.83308,18.1883,0.108994
0,0,0.28,0,0.16,0.18,0,0,0,0,0.02,0.09,0.11,0,0,0,0,0,0.14,0,0.02,0,0,0.04,0,0,0,0,0,0,0,0,0,0.07,0,0,0,0,0.02,0,0,0,0,0,0,0,0,0,0,0.116,0.021,0.032,0,0,16.6155,154,9089,1
0.10617,0.134043,0.759787,0,0.614255,0.661915,0.332128,0.118723,0.60766,0.269574,0.270426,0.715532,0.182553,0.113617,1.18681,0.369787,0.0906383,0.898723,1.63702,1.03,0.927872,0,0.643191,0.152766,0.00191489,0.00191489,0,0,0,0,0,0,0.00319149,0,0.00425532,0,0,0,0,0.0289362,0,0,0.113617,0.0170213,0.0621277,0.0502128,0,0,0.00380851,0.0977872,0,0.380851,0.15666,0.0124255,8.30019,624.404,1391.49,1
0.508889,0.105556,0.37,0,0.0422222,0.198889,0.00222222,0.154444,0.186667,0.297778,0.236667,0.924444,0.538889,0.947778,0.0611111,0.321111,0.385556,0.196667,2.45333,0.17,0.997778,0,0.232222,0.504444,0,0,0.00111111,0,0.00333333,0.00111111,0,0,0.172222,0,0,0.0255556,0.0911111,0,0.00111111,0.04,0.00666667,0.01,0,0.0255556,0.0644444,0.0133333,0.0222222,0.0633333,0.0175556,0.192778,0.000222222,0.418778,0.289778,0.112222,4.24444,125.333,3531.56,0.888889
0.12127,0.147381,0.248016,0.734048,0.426508,0.112381,0.0453968,0.105,0.241349,0.197778,0.100873,0.654603,0.137063,0.0368254,0.0536508,0.212619,0.233571,0.178175,1.77563,0.0718254,0.787063,0.719444,0.180397,0.149921,0.592619,0.151111,0.0680159,0.0270635,0.0342857,0.0192857,0.0140476,0.0165079,0.0669048,0.0135714,0.0305556,0.0802381,0.116825,0.0283333,0.0180159,0.022619,0.0300794,0.0435714,0.0198413,0.00484127,0.0638095,0.0596032,0.00698413,0.0139683,0.114548,0.118262,0.0095873,0.192381,0.102746,0.0811825,4.48552,47.6825,445.437,0.579365
0,0,0,0.04,0,0,0,0,0,0,0,0,0,0,0,0.02,0,0,0.02,0,0,0,0,0,0,0,0,0,0,0,0,0,0,0,0,0,0,0,0,0,0,0,0,0,0,0,0,0,1.024,9.752,0.003,1.542,1.785,1.998,239.571,9989,10062,1
0.574444,0.711667,0.811111,0,0.315556,0.229444,0.0372222,0.447222,0.401667,1.46222,0.00888889,1.555,0.135556,0.336111,0.383333,0.357778,0.0633333,0.711667,2.01667,0.401667,3.58111,0.0211111,0.448333,0.256667,0,0,0,0,0,0,0,0,0.0183333,0,0.0633333,0,0,0,0,0,0,0,0,0,0,0,0,0,0.009,0.165111,0,1.08994,0.175722,0.0691111,43.0392,610,822,1
0.0485294,0.0985294,0.27,0.563529,0.245,0.0729412,0.0832353,0.0379412,0.322353,0.205294,0.0591176,0.321471,0.0508824,0.0391176,0.129706,0.221176,0.0541176,0.190294,1.13647,0.229706,0.673235,1.13882,0.0797059,0.0397059,0.359118,0.210588,0.0223529,0.0241176,0.0147059,0.0123529,0.0202941,0,0.0676471,0,0.151176,0.0173529,0.144706,0.00117647,0.00617647,0.0252941,0.00205882,0.0429412,0,0.0129412,0.0426471,0.0326471,0.00352941,0.00352941,0.0384706,0.165588,0.0265588,0.170794,0.0917647,0.111059,5.47024,77.6176,1295.68,0.588235
0.19,0,0.38,0,0,0.19,0,0,0,0,0.19,0.19,0,0,0,0.38,0,0.19,1.14,0,0.38,0,0,0,0,0,0,0,0,0,0,0,0,0,0,0,0,0,0,0,0,0,0,0,0,0,0,0,0.01,0.01,0,0,0,0.003,2.383,21,15841,1
0.120353,0.0952834,0.247412,0.00286631,0.224963,0.0562781,0.129294,0.120064,0.0294439,0.258556,0.0667807,0.595091,0.0862139,0.0350695,0.026877,0.213765,0.108631,0.164791,1.65648,0.0222139,0.827914,0.00590374,0.0554866,0.0629412,0.64861,0.348845,0.230738,0.236043,0.0976471,0.168866,0.0863316,0.0589626,0.155401,0.0589626,0.166888,0.131422,0.205561,0.00496257,0.128578,0.0652727,0.0445134,0.128898,0.0779679,0.107433,0.281273,0.215872,0.00352941,0.0313262,0.015293,0.15524,0.0124984,0.254742,0.0535572,0.0460759,2.55895,14.4824,64.2406,0.320856
0,0.02,0.05,0,0.02,0,0,0.05,0,0.35,0,0.02,0,0,0,0.05,0.1,0.38,0.07,0.2,0.17,0,0,0,0.02,0,0,0,0,0,0,0,0,0,0,0,0,0,0,0,0,0,0,0,0,0,0,0,0,0.004,0,0.108667,0.0173333,0.0173333,3.922,489,3271,1
0,0,0.46,0,0,0,0,0.15,0,0,0,0.15,0,0,0,0,0,0.46,0.93,0,0,0,0.46,0,0,0,0,0,0,0,0,0,0,0,0,0.15,0,0,0,0.93,0,0,0,0,0,0,0,0,0.071,0.071,0,0.095,0.023,0,62.75,1505,2761,1
0.511111,0.442222,0.302222,0,0.143333,0.03,0.00666667,0.174444,0.555556,0.641111,0.293333,0.677778,0.633333,1.23111,0.03,0.218889,0.43,0.0288889,3.12889,0,1.38778,0,0.523333,0.546667,0,0,0,0,0,0,0,0,0,0,0.00666667,0,0,0,0,0,0,0,0,0,0.0388889,0,0,0,0.00844444,0.0773333,0,0.454444,0.685333,0.131667,6.953,682.889,2398.67,1
0.0826106,0.111549,0.325752,0.00973451,0.401814,0.127212,0.101195,0.121018,0.0597788,0.250664,0.075354,0.537743,0.144469,0.0214159,0.0462389,0.231504,0.182832,0.265487,1.57721,0.0976549,0.825354,0.236416,0.173451,0.0869912,0.562876,0.238319,0.121327,0.0734956,0.0649558,0.0750442,0.0375221,0.0370354,0.0572566,0.0384513,0.0626549,0.0888053,0.156504,0.00787611,0.0423894,0.0629204,0.0187611,0.0335841,0.0570796,0.040354,0.153009,0.147345,0,0.0208407,0.0509956,0.153929,0.0245841,0.232292,0.116947,0.0474912,3.42358,37.7434,260.124,0.570796
0.195,0.5,0.4,0.095,0.58,0,0,0,0.39,0.19,0,0.2,0,0,0,0.1,0,0,0.195,0.19,0.39,0,0,0.2,0.095,0,0,0.095,0,0,0,0,0,0.19,0,0,0,0,0,0,0,0,0,0,0,0,0,0,0,0.035,0,0.4155,0.7295,0.015,1062,2123,2124,1
0.348,0,1.74,0,1.044,0,0,0,0.62,0.892,0,0,0,0,0,0,0,0,0.348,0.968,0.544,0,0,0,0.348,0,0,0,0,0,0,0,0,0,0,0,0,0,0,0,0,0,0,0,0,0,0,0,0,0,0,0.921,0.096,0,561.4,1297.4,1300.2,1
0.193214,0.143929,0.287143,0.0075,0.279643,0.107143,0.0385714,0.255357,0.302143,0.422857,0.104643,0.543214,0.187143,0.0767857,0.1025,0.211786,0.180714,0.218571,1.84679,0.149643,0.954643,1.28357,0.335714,0.327143,0.184286,0.100714,0.00642857,0.00607143,0,0.0110714,0.00428571,0,0.0389286,0.00464286,0.00428571,0.0896429,0.128929,0.00964286,0.0135714,0.0167857,0,0,0.00285714,0.0139286,0.0385714,0.0260714,0.00214286,0.0207143,0.0318929,0.120214,0.0429643,0.233786,0.227,0.1475,6.39257,118.929,1560.18,0.714286
0.005,0.005,0.035,0,0.025,0,0,0.005,0.015,0.065,0.025,0,0,0.025,0,0,0.005,0.035,0.005,0,0.005,0,0,0,0,0,0,0,0,0,0,0,0.035,0,0,0.065,0,0,0,0.005,0.23,0,0,0.015,0,0.4,0.005,0.035,0.036,0.1615,0.075,0.012,0.056,0.012,3.0295,43.5,5648.5,0
0.12875,0.10125,0.23625,0.0075,0.11375,0.1025,0.05125,0.18875,0.12,0.2725,0.065,0.33125,0.22875,0.06375,0.0725,0.185,0.10125,0.1675,1.405,0.02125,0.65125,0,0.1475,0.19,1.745,0.09625,0.0025,0,0.0025,0.04125,0,0,0.06875,0,0.03,0.10875,0.12625,0.0025,0.035,0.04375,0.04375,0.0125,0.0125,0.05,0.0525,0.18375,0,0.11125,0.0295,0.120125,0.014375,0.2005,0.093,0.014125,5.15225,88.375,2021.62,0.375
0.21,0.448824,0.646471,0.0823529,0.291176,0.0241176,0.437647,0.0335294,0.169412,0.931176,0.145294,0.911765,0.0476471,0.0776471,0.177059,1.51235,0.374706,0.0370588,1.97235,0.135882,1.54941,0,0.0482353,0.146471,0.0317647,0.0470588,0.0170588,0.0341176,0,0,0,0,0,0.0170588,0.0341176,0.0135294,0.0358824,0,0,0,0,0,0,0,0.120588,0,0,0.0452941,0.0170588,0.0634706,0,0.830765,0.316118,0.0754118,40.6247,379.294,549.412,0.882353
0.0492,0.2158,0.3386,0,0.7242,0.1786,1.1694,0.2976,0.2638,0.5278,0.2466,0.6218,0.031,0.0214,0.0184,0.4974,0.8662,0.3048,2.0926,0.2428,1.7366,0.0172,0.0976,0.1022,0.0482,0.01,0.126,0.0282,0.01,0.005,0.1448,0,0,0,0.0562,0.0106,0.1032,0,0.059,0.38,0,0.004,0,0.0056,0.1744,0,0,0.02,0.0097,0.14794,0.01188,0.39748,0.0455,0.0442,27.7227,202.7,365.38,0.74
0.162353,0.302941,0.451176,3.32,0.474706,0.152353,0.0458824,0.206471,0.557059,0.9,0.0905882,0.86,0.201765,0.00941176,0.232353,0.268235,0.145882,0.573529,2.30706,0.428824,1.66471,0.979412,0.173529,0.307647,0.109412,0.00588235,0.1,0.0435294,0.00352941,0.0258824,0,0,0.0258824,0,0.00823529,0.00529412,0.00588235,0,0.0511765,0.0282353,0,0.00764706,0.01,0.00941176,0.0447059,0,0,0.00823529,0.00376471,0.168176,0,0.545765,0.145118,0.144647,7.61382,147.588,851,0.882353
0.3175,0.225,0.735,0,0.47,0.105,0.0625,0.0725,0.46,0.54,0.2875,0.7525,0.2875,0.595,0.4525,0.1375,0.225,0.2575,2.7325,0.08,1.1575,0,0.4825,0.395,0,0,0,0,0,0,0,0,0,0,0,0,0,0,0,0.015,0,0,0.03,0,0.07,0.015,0,0,0.00525,0.09325,0,0.36225,0.81075,0.06675,8.63,331.5,2281,1
0.05,0.94,0.3,0,0.495,0.49,0.105,0.18,0.41,0.7675,0.1525,0.475,0.205,0.025,0.025,0.0525,0.5075,0.2525,2.5875,0.25,1.9175,0.0775,0.845,0.1775,0,0,0,0,0,0,0,0,0,0,0,0.105,0,0,0,0,0,0,0.0475,0,0.18,0,0,0,0.0315,0.08575,0.4045,0.43075,0.1795,0.0255,14.7213,371.75,1008.25,1
0.145636,0.0734545,0.326,0.00290909,0.299273,0.107818,0.103091,0.111818,0.545818,0.416,0.0970909,0.571818,0.125091,0.074,0.0454545,0.319636,0.0703636,0.402,1.50527,0.249636,1.09164,0.809636,0.0836364,0.186364,0.390909,0.178727,0.0209091,0.014,0.00163636,0.0232727,0.0227273,0.00163636,0.0981818,0.00163636,0.156,0.0247273,0.168909,0.000909091,0.024,0.0469091,0.0109091,0.0516364,0.00981818,0.0249091,0.0341818,0.0469091,0.0241818,0.048,0.0620909,0.131782,0.0643636,0.368709,0.188473,0.0812727,4.43113,64.4727,1093.73,0.636364
0.150613,0.115215,0.383129,0.0207362,0.291902,0.0877301,0.0915951,0.154724,0.112147,0.292331,0.0750307,0.496994,0.0915951,0.036319,0.0490798,0.299939,0.223988,0.230307,1.5962,0.183865,0.925521,0.714479,0.142515,0.09,0.463436,0.195399,0.0732515,0.0716564,0.0452761,0.0565644,0.0403681,0.0182822,0.0484663,0.0201227,0.0557669,0.0557055,0.170552,0.0180982,0.0357669,0.0598773,0.0198773,0.0420859,0.0431902,0.0452761,0.117791,0.17092,0.0177914,0.0466258,0.25316,0.149663,0.0147791,0.301896,0.140282,0.154276,4.16681,52.0982,345.816,0.546012
0.306667,0.113333,0.465,0,0.803333,0.193333,0.146667,0.205,0.0316667,0.335,0.191667,0.89,0.455,0.0366667,0.01,0.948333,0.735,0.226667,3.195,0.116667,1.42167,0.963333,0.49,0.268333,0,0,0,0,0,0,0,0,0.035,0,0,0.116667,0,0,0.113333,0.0366667,0,0,0,0,0.0366667,0,0,0.0366667,0.00183333,0.0648333,0.0125,0.505333,0.156,0.295,16.5173,330.667,1486,1
0.316,0.194,0.326,0.287333,0.0946667,0.111333,0.0306667,0.148,0.28,0.427333,0.156,0.671333,0.354,0.752667,0.00533333,0.15,0.298,0.0713333,2.06467,0.000666667,0.906,0.0193333,0.579333,0.258,0.032,0.0326667,0.00466667,0.00266667,0.00266667,0,0,0,0.414,0,0,0.0333333,0.28,0.00133333,0.00333333,0.01,0.0213333,0.00666667,0.01,0.008,0.0353333,0.0766667,0.00666667,0.0826667,0.0456667,0.0970667,0.00433333,0.261733,0.4718,0.1034,5.31487,144.8,3007.47,0.666667
0.14,0.14,0.21,0.0185714,0.137143,0.0528571,0.0171429,0.0642857,0.254286,0.282857,0.0785714,0.355714,0.144286,0.305714,0.0114286,0.118571,0.155714,0.0485714,1.00286,0.00285714,0.472857,0,0.118571,0.158571,0.444286,0.458571,0.00571429,0.00285714,0.00285714,0,0,0,0.635714,0,0.00142857,0.0585714,0.655714,0.0128571,0,0.00285714,0.0228571,0.00857143,0.0157143,0.02,0.0871429,0.0885714,0.01,0.0828571,0.100857,0.179143,0.0424286,0.117857,0.159,0.0355714,3.52414,68,2502.29,0.428571
0.29,0.04,0.04,0,0.14,0.04,0,0.29,0.29,0.94,0.14,0.04,0.14,0,0.19,0.04,0.39,0.19,1.6,0.04,0.79,9.53,0.69,0.47,0,0,0,0,0,0,0,0,0,0,0,0.04,0,0,0.04,0,0,0,0,0,0.19,0,0,0,1.117,0.053,0,0.356,0.09,0.011,12.332,1171,9163,1
0.223333,0.393333,0.665,1.52667,0.235,0.433333,0.158333,0.468333,0.568333,1.14,0.19,1.32667,0.0666667,0.123333,0.76,0.123333,0.295,0.926667,1.98,0.2,2.15833,0,0.29,0.221667,0,0,0,0,0,0,0,0,0,0,0.0216667,0,0.0616667,0,0,0,0,0,0.0666667,0,0,0,0,0,0.0645,0.123667,0,0.6715,0.159833,0.04,27.6638,707.333,1109,1
0.278235,0.17,0.257059,0,0.0705882,0.0882353,0.0270588,0.121765,0.234118,0.387059,0.13,0.641176,0.292941,0.65,0.02,0.115294,0.227059,0.0782353,1.87059,0.00588235,0.904118,0.0752941,0.547647,0.262941,0.231176,0.138235,0.00941176,0.00176471,0.00176471,0.01,0,0,0.394706,0,0,0.0270588,0.192353,0.00294118,0.01,0.00588235,0.0188235,0.01,0.00352941,0.0217647,0.0447059,0.0352941,0.00764706,0.0282353,0.0270588,0.108118,0.00817647,0.180118,0.327765,0.0874118,5.91071,141.529,3254.24,0.764706
0.0914286,0.259524,0.49619,0,0.320952,0.0647619,0.118095,0.067619,0.0480952,0.555238,0.151905,0.271429,0.230952,0.301429,0.125238,0.229048,0.0828571,0.449524,1.24667,0.101905,0.775714,0.522857,0.118095,0.210476,0.092381,0,0.0452381,0.0428571,0,0,0.0452381,0,0.0147619,0.00571429,0.0452381,0.00904762,0.0971429,0,0,0.0485714,0.0047619,0,0,0,0.0219048,0,0,0,0,0.0260476,0,0.408381,0.276095,0.10281,8.51667,159.19,1019.33,0.809524
0.106703,0.281319,0.388791,0.996154,0.742857,0.18022,0.433956,0.162308,0.0630769,0.293187,0.0883516,0.63044,0.104505,0.056044,0.0389011,0.524176,0.898352,0.32022,2.09055,0.332527,1.62516,0.0179121,0.167692,0.143077,0.06,0.0089011,0,0.00681319,0,0.0106593,0,0,0.206484,0,0.00516484,0.0414286,0.102637,0.0171429,0.0315385,0.0461538,0,0,0,0.00604396,0.0825275,0.0153846,0,0,0.00646154,0.111846,0.00936264,0.551275,0.170835,0.0323626,7.0363,117.879,221.418,0.868132
0.226471,0.315294,0.601765,0.0558824,0.431765,0.341176,0.164118,0.202941,0.421765,0.688824,0.260588,0.661765,0.222941,0.104706,0.332353,0.263529,0.241765,0.412353,1.98588,0.137059,1.48529,0.01,0.364118,0.298235,0.548824,0.231176,0.0141176,0,0,0.0429412,0,0,0.0794118,0,0.0423529,0.0141176,0.192353,0.0505882,0.0141176,0.0429412,0,0.0429412,0.02,0.0288235,0.0876471,0.0841176,0,0,0.000705882,0.186,0.00876471,0.645235,0.247647,0.0516471,9.96018,302.059,738.765,0.941176
0.165,0.65,0.145,0,0.675,0.295,0.31,0.52,0.52,1.11,0.405,0.855,0.165,0,0.52,0.65,0.37,0.84,1.995,0.22,2.15,0,0.74,0,0,0,0,0,0,0,0,0,0,0,0,0,0.145,0,0,0.145,0,0,0,0,0,0,0,0,0,0.102,0,0.0825,0.135,0.0105,102.159,950,1202.5,1
0.3525,0,1.7725,0,1.0625,0,0.1625,0,0.5175,0.8475,0,0,0,0,0,0,0,0,0.3525,0.8725,0.3275,0,0,0,0.3525,0,0,0,0,0,0,0,0,0,0,0,0,0,0,0,0,0,0,0,0,0,0,0,0,0,0,0.9325,0.08,0,316.125,1161.5,1264.5,1
0.35,0.08,0.35,0,0.35,0,0,0.52,0.61,1.76,0.17,0.26,0.79,0,0.26,0,0.7,0.35,2.64,0,2.03,0,0.61,0.7,0,0,0,0,0,0,0,0,0,0,0,0.08,0,0,0.08,0.17,0,0,0,0,0.17,0,0,0,0,0.081,0,0.556,0.069,0.011,19.234,1170,3116,1
0.1124,0.090672,0.279232,0.00392,0.430576,0.135488,0.144048,0.114544,0.043888,0.204432,0.053024,0.496464,0.087776,0.019024,0.050896,0.359472,0.166096,0.197072,1.77192,0.079984,0.973008,0.023904,0.132272,0.08256,0.492016,0.329072,0.201872,0.180656,0.072992,0.11488,0.051952,0.055568,0.06776,0.058672,0.11328,0.1236,0.121152,0.004672,0.097952,0.063264,0.036336,0.037952,0.071328,0.059056,0.257664,0.180128,0.006704,0.025552,0.0217648,0.136504,0.0165264,0.259715,0.0686336,0.0629312,2.87525,23.3824,117.816,0.4864
0.59,0.09,0.09,0,0.29,0.09,0,0.59,0.59,2.09,0.29,0.09,0.29,0,0.39,0.09,0.79,0.39,3.19,0.09,1.69,0,1.39,0.99,0,0,0,0,0,0,0,0,0,0,0,0.09,0,0,0.09,0,0,0,0,0,0.19,0,0,0,0.044,0.078,0,0.334,0.133,0.011,15.493,1171,2541,1
0.294167,0.314167,0.285833,0,0.364167,0.0825,0.065,0.168333,0.465,0.5175,0.231667,0.68,0.370833,0.825833,0.02,0.429167,0.420833,0.0841667,2.68917,0.0716667,1.27333,0.14,0.346667,0.3625,0,0,0,0,0,0,0,0,0,0,0,0.045,0.03,0,0,0.0133333,0,0,0,0,0.0341667,0,0,0,0.00933333,0.0780833,0.00516667,0.394917,0.383333,0.145667,5.68183,156.583,2191.58,1
0.5,0.25,0.42,0,0.08,0.23,0.02,0.35,0.35,0.69,0.21,0.9,0.5,0.92,0.02,0.33,0.42,0.02,3.05,0,1.43,0,0.94,0.46,0,0,0,0,0,0,0,0,0,0,0,0,0,0,0,0.02,0,0,0,0,0.02,0,0.02,0,0,0.069,0,0.325,0.523,0.124,6.723,445,4128,1
0.0627273,0.0681818,0.207273,0.00909091,0.213636,0.0845455,0.00909091,0.103636,0.0354545,0.103636,0.0572727,0.575455,0.0136364,0.0418182,0.00181818,0.375455,0.195455,0.148182,0.596364,0.0818182,0.237273,0.405455,0.0936364,0.0181818,0.23,0.09,0.00818182,0.00727273,0.0118182,0.0418182,0.0327273,0,0.230909,0,0.0118182,0.134545,0.25,0.0145455,0.0290909,0.0336364,0.0490909,0.00636364,0.0145455,0.0309091,0.0136364,0.210909,0.00454545,0.0327273,0.081,0.155636,0.0404545,0.100727,0.0327273,0.0694545,3.95227,113.091,1796.73,0.181818
0.191724,0.132529,0.331724,0.00126437,0.362069,0.16,0.0796552,0.177241,0.33,0.346552,0.0970115,0.621034,0.0745977,0.146552,0.0929885,0.188736,0.345977,0.0798851,1.52184,0.215977,1.09471,0.36092,0.0635632,0.251724,0.674138,0.167586,0.0298851,0.0127586,0.00482759,0.026092,0.0229885,0.00482759,0.0991954,0.00609195,0.0229885,0.0601149,0.158851,0.0208046,0.0174713,0.034023,0.0532184,0.148966,0.0178161,0.014023,0.0597701,0.0942529,0.00632184,0.0124138,0.10308,0.16454,0.0134713,0.282736,0.13454,0.0929655,4.26275,76.9655,628.989,0.517241
0.113162,0.0758974,0.288376,0.107265,0.294701,0.107692,0.0638462,0.151795,0.189829,0.286068,0.0657265,0.748974,0.119573,0.0926496,0.0194017,0.184872,0.18641,0.122308,1.34538,0.0870085,1.04778,0.227778,0.200684,0.0905983,0.875812,0.186496,0.0118803,0.0178632,0.0158974,0.0287179,0.00213675,0,0.0989744,0.00162393,0.0230769,0.0642735,0.157265,0.0121368,0.0280342,0.0111966,0.0630769,0.0678632,0.00717949,0.018547,0.0676923,0.254359,0.0218803,0.0194017,0.0606239,0.177274,0.0197179,0.221846,0.0712308,0.0448462,4.34546,57.0598,536.752,0.57265
0.0885124,0.125592,0.338678,0.0046281,0.346997,0.147989,0.15978,0.106088,0.0632231,0.243609,0.0689532,0.550165,0.100964,0.0258402,0.018292,0.251846,0.145372,0.209063,1.59218,0.100165,0.924077,0.0359504,0.136722,0.100248,0.615014,0.326281,0.166804,0.143306,0.0849587,0.128017,0.0639945,0.0477135,0.107796,0.0477135,0.116777,0.105978,0.214766,0.00190083,0.090303,0.0766667,0.0641873,0.0510193,0.0813499,0.0403306,0.185758,0.15562,0.00595041,0.0308264,0.0348375,0.158592,0.021124,0.236361,0.0715702,0.0281956,3.2822,29.3196,178.328,0.476584
0.092,0.0978,0.3156,0.0104,0.2442,0.1084,0.0436,0.2688,0.2854,0.437,0.1148,0.547,0.0896,0.094,0.1454,0.2568,0.2268,0.1378,1.2066,0.1358,0.6876,0.6472,0.1058,0.141,0.8868,0.2432,0.0172,0.0314,0.014,0.047,0.04,0.0038,0.1894,0.0052,0.116,0.0546,0.2002,0.0026,0.0472,0.0236,0.0172,0.021,0.0026,0.0042,0.055,0.0692,0.0062,0.0572,0.07514,0.1495,0.0288,0.18714,0.1225,0.07874,3.50154,48.16,921.4,0.52
0.2025,0.1575,0.5125,0,1.265,0.3375,0.22,0.385,0.4225,1.6325,0.0625,0.7525,0.245,0,1.2175,0.24,0.0475,0.86,2.565,0.135,1.96,0,0.64,0.41,0,0,0,0,0,0,0,0,0,0,0.0225,0,0,0,0,0.26,0,0,0.04,0,0.02,0.02,0,0,0.003,0.03375,0,0.519,0.1535,0.0115,49.1835,859,1747.5,1
0,0,0,0,0,0,0,0,0,0,0,0,0,0,0,0.58,0,0,0,0,0,0,0,0,0,0,1.46,0.29,0,0.58,0,0,0,0,0,0,0.58,0,0,0,0,0,0,0,0,0,0,0,0,0.018,0,0,0,0,251,1488,1506,0
0.13371,0.213226,0.426935,0,0.255484,0.126452,0.0466129,0.0806452,0.286452,0.291935,0.0695161,0.81371,0.215484,0.11871,0.142419,0.149194,0.11629,0.206613,1.61935,0.0730645,0.859194,0,0.145,0.155323,0.720323,0.146452,0.0214516,0.0114516,0.0137097,0.0106452,0.0101613,0.00258065,0.0879032,0.00258065,0.0245161,0.0693548,0.0956452,0.00225806,0.00516129,0.0374194,0.00258065,0.08,0.041129,0.00935484,0.0141935,0.00193548,0,0.0185484,0.164371,0.10979,0.0225484,1.13587,0.275306,0.0168387,3.95944,51.9839,743.113,0.580645
