0.155484,0.0796774,0.429355,0,0.796129,0.17,0.216129,0.287742,0.100645,0.331935,0.143548,0.843871,0.0354839,0.056129,0.0322581,0.33129,0.545161,0.187097,2.37419,0.230968,1.43419,0,0.300645,0.0712903,0.157742,0.00774194,0,0,0,0,0,0,0.0806452,0,0.0151613,0.00870968,0.13871,0,0.0154839,0.063871,0,0,0,0,0.204839,0.00516129,0,0,0.00464516,0.0859355,0,0.382839,0.141065,0.0830968,4.45723,76.2903,228.387,0.806452
0.1425,0.380833,0.261667,0,0.358333,0.215,0.0825,0.17,0.160833,0.590833,0.1525,0.504167,0.256667,0.518333,0.13,0.226667,0.229167,0.303333,2.07833,0.405,1.17917,0.930833,0.445,0.22,0.161667,0,0.0791667,0,0,0,0.0791667,0,0.0125,0,0.09,0.035,0.164167,0,0.0566667,0,0,0,0.0408333,0,0.0616667,0,0,0.0183333,0.00808333,0.0670833,0.0975833,0.332833,0.164917,0.1845,13.9807,327.083,1146.42,0.666667
0.127143,0.155476,0.260238,0,0.680238,0.19619,0.228095,0.0797619,0.0733333,0.222619,0.187381,0.462857,0.162381,0,0.307857,0.554048,0.25881,0.336429,2.00143,0.495,1.05405,0,0.260238,0.27119,0.100238,0.0809524,0.085,0.105476,0,0.0619048,0,0,0.0883333,0,0.0578571,0.047381,0.077619,0,0.123571,0.105952,0.00619048,0.0385714,0,0.0459524,0.24881,0.248571,0,0,0,0.133095,0.00188095,0.312857,0.101476,0.474476,4.41312,59.5,122.976,0.666667
0,0.485926,0.208889,0,0.207407,0,0.399259,0,0,1.20074,0,0.508148,0.117037,0.105556,0,0.101852,0,0.105556,2.43185,0,0.806296,0,0,0.197407,0,0,0.776296,0.645185,0,0,0,0,0.184074,0,0,0.105556,0.497037,0,1.10074,0.154074,0.0474074,0,0,0.0474074,0.604444,0,0,0,0.094963,0.34037,0,0.108259,0.0257778,0.0298148,3.82707,23.6296,40.4074,0.333333
0.025625,0.076875,0.235,0,0.508125,0.060625,0.344375,0.15375,0.015,0.065625,0,1.01875,0,0,0.015,0.751875,0.39375,0.15375,1.93875,0,1.18062,0,0.08625,0.025625,0.018125,0.018125,0.411875,0.03625,0,0,0.39375,0,0,0.018125,0.12375,0,0,0,0,1.1875,0,0,0,0,0.076875,0,0,0,0,0.233562,0.037125,0.145938,0.136688,0,17.0148,229.25,401.375,0.375
0.096,0.008,0.196,0.008,0.092,0.118,0,0.058,0.058,0.188,0.074,0.082,0.072,0,0.038,0.088,0.078,0.076,0.608,0.008,0.242,1.906,0.138,0.11,0,0,0,0,0,0,0,0,0,0.028,0,0.008,0,0,0.016,0,0,0,0,0,0.038,0,0,0,0.4302,2.0094,0.009,0.3924,0.375,0.4024,57.5034,2297.8,10648.8,1
0,14.1478,0,0,0,0,0,0,0,0.132222,0,0,0,0,0,0,0,0,0,0,0,0,0,0,0,0,0,0,0,0,0,0,0,0,0,0,0,0,0,0,0,0,0,0,0.132222,0,0,0,0,0,0,0,0,0,1.77778,4.88889,9.02778,0
0.128533,0.056,0.212,0.0129333,0.255067,0.1176,0.0528,0.1084,0.0397333,0.221333,0.0433333,0.522933,0.104267,0.0424,0.0012,0.125467,0.154133,0.0937333,1.19747,0.1048,0.436667,0.737867,0.145867,0.0582667,1.03253,0.3808,0.132267,0.0528,0.0704,0.0594667,0.0716,0.0169333,0.111333,0.0169333,0.0444,0.0818667,0.306533,0.00253333,0.0225333,0.0190667,0.066,0.0444,0.0512,0.0948,0.098,0.334267,0,0.0161333,0.32772,0.186387,0.0319867,0.139213,0.0740933,0.07688,3.19273,25.7867,315.067,0.36
0.07136,0.02976,0.23608,0.01064,0.15496,0.03912,0.04776,0.16416,0.0244,0.09384,0.03056,0.61536,0.14456,0.00184,0.03416,0.08432,0.15056,0.2908,1.44968,0.01128,0.51736,0,0.07024,0.02896,0.67944,0.29864,0.1672,0.1804,0.08488,0.1872,0.07592,0.04048,0.26912,0.04048,0.14056,0.15848,0.28016,0.00816,0.1184,0.05112,0.05496,0.0988,0.11216,0.1196,0.2928,0.2884,0.01,0.04296,0.010728,0.181168,0.02912,0.224512,0.040024,0.011944,1.94574,9.608,69.24,0.256
0.0753226,0.0530645,0.343387,0.0140323,0.270645,0.130484,0.0345161,0.11371,0.139032,0.202581,0.0177419,0.499839,0.0562903,0.0246774,0.0185484,0.216129,0.13129,0.127742,1.33484,0.0675806,0.659194,0,0.0462903,0.0830645,0.694516,0.382742,0.162903,0.129355,0.0637097,0.148065,0.102258,0.0295161,0.181613,0.0295161,0.0825806,0.140323,0.294032,0,0.0841935,0.0622581,0.00967742,0.0329032,0.0946774,0.123226,0.159839,0.121613,0.0175806,0.0287097,0.0194839,0.229903,0.0313065,0.139871,0.0236613,0.0452742,2.46869,18.7097,206.839,0.419355
0,0.0854545,0.182727,0,0.742727,0,1.97455,0.984545,0.984545,1.07,0.984545,0.45,0,0.0972727,0,0.845455,2.74091,0.0818182,1.34636,0.984545,3.28,0,0.268182,0.0972727,0,0,0,0,0,0,0,0,0,0,0,0,0.400909,0,0.0972727,0,0,0,0,0,0,0,0,0,0,0.0524545,0,0.727909,0.125909,0.0907273,76.306,286.091,303.455,1
0.104699,0.0366265,0.295301,0,0.206265,0.0801205,0.161205,0.0987952,0,0.229277,0.0453012,0.43241,0.0537349,0,0.0425301,0.202892,0.0771084,0.144096,1.66373,0.0112048,0.433012,0,0.0374699,0.0401205,1.0559,0.656024,0.329518,0.343133,0.24759,0.393494,0.281205,0.165904,0.139518,0.165904,0.442651,0.228072,0.242289,0,0.279036,0.165904,0.0851807,0.193373,0.0827711,0.143012,0.243012,0.486145,0,0.0189157,0.0114337,0.14547,0.0141446,0.325133,0.0873855,0.164699,2.51322,13.0602,48.9759,0.253012
0.0931707,0.190976,0.521707,1.04415,0.319756,0.124634,0.0743902,0.12439,0.257317,0.325366,0.0682927,0.869024,0.19122,0.105854,0.0914634,0.117073,0.14439,0.0831707,2.03683,0.224878,1.05195,0,0.0612195,0.149512,0.543171,0.133902,0.0226829,0.0360976,0.017561,0.0258537,0.0304878,0.00390244,0.0582927,0.00390244,0.0378049,0.0302439,0.0797561,0.00341463,0.0287805,0.0139024,0,0.0241463,0.0443902,0.015122,0.0295122,0.00292683,0,0.00951219,0.166976,0.130341,0.020122,1.20307,0.297902,0.012122,4.1299,60.1951,786.902,0.658537
0,0,0,0,0,0,0,0,0,0,0,0,0,0,0,1.51455,0,0,0,0,0,0,0,0,0,0,0.534545,0.534545,0,0.534545,0,0,0,0,2.35273,0,0,0,0,0,3.56364,0,0,0,0,6.12545,0,0,0,0.0693636,0,0,0,0,3.634,8,12.6364,0.0909091
0.3375,0,0.195,0,0.35875,0.09,1.05375,0.16375,0.16375,0.3,0,0.36375,0.16375,0,0,0.1675,0.6225,0.1825,2.0475,0.16375,2.75625,0,0.14875,0.37875,0,0,0,0,0,0,0,0,0,0,0,0,0,0,0,0,0,0,0,0,0.155,0,0,0,0,0.107125,0,0.496125,0.434875,0,18.3211,187.625,265.125,1
0.0389655,0.225862,0.618621,0.680345,0.443448,0.20069,0.212759,0.193793,0.0272414,0.232414,0.166207,0.555862,0.119655,0,0,0.447586,0.26931,0.406552,2.38345,0.564138,1.49069,0.0296552,0.141724,0.172414,0.0693103,0.0862069,0.0110345,0,0.0496552,0.0496552,0,0,0.00931035,0,0.0337931,0.0251724,0.158621,0,0.0824138,0.00655172,0,0,0.0262069,0.0262069,0.0968966,0.0427586,0,0,0.0122069,0.0797931,0.0293793,0.409241,0.0724828,0.0415517,6.364,127.138,298.862,0.896552
0.137727,0.0834848,0.31697,0.00242424,0.284091,0.105,0.102879,0.106818,0.480758,0.447424,0.1,0.553182,0.137121,0.0648485,0.0777273,0.306364,0.064697,0.384848,1.61212,0.318485,1.10606,0.915606,0.10697,0.172879,0.370303,0.171212,0.0231818,0.0210606,0.00136364,0.0222727,0.0210606,0.00136364,0.084697,0.00136364,0.196667,0.0219697,0.151364,0.000757576,0.02,0.0456061,0.0106061,0.0566667,0.00818182,0.0207576,0.0459091,0.0421212,0.0219697,0.04,0.0519545,0.123348,0.0536364,0.3665,0.182515,0.0929091,4.6743,66.303,1103.79,0.666667
0.210667,0.508667,0.705333,0.0933333,0.291333,0,0.496,0.038,0.192,1.05533,0.164667,0.895333,0.054,0.088,0.200667,1.68667,0.424667,0.042,1.70733,0.154,1.57133,0,0,0.138667,0.0166667,0.034,0,0,0,0,0,0,0,0,0,0.0153333,0.0406667,0,0,0,0,0,0,0,0.136667,0,0,0.0513333,0.0193333,0.0572667,0,0.876867,0.212467,0.0854667,42.9944,384.133,563.733,0.933333
0.295,0.0833333,1.3825,0.0158333,0.885833,0,0.0541667,0,0.495833,0.685833,0,0.0333333,0,0,0,0.065,0,0,0.295,0.725833,0.400833,0,0,0.0333333,0.278333,0,0.121667,0.04,0,0.0483333,0,0,0,0.0316667,0,0,0.0483333,0,0,0,0,0,0,0,0,0,0,0,0,0.00733333,0,0.763833,0.18825,0.0025,537.208,1405.58,1442.75,0.916667
0.171087,0.0719565,0.207391,0,0.25587,0.0858696,0.226522,0.146304,0.0656522,0.19913,0.0730435,0.481304,0.0145652,0.0763043,0.086087,0.188043,0.178043,0.108478,1.31804,0,0.665,0,0.055,0.0865217,0.435,0.367609,0.0643478,0.307826,0.116087,0,0,0.0152174,0.137174,0.0152174,0.139783,0.0584783,0.554565,0,0.12,0,0,0.116087,0.0967391,0.0252174,0.192174,0.0486957,0,0.0252174,0.0311304,0.2535,0.0128913,0.299522,0.0929783,0.00413043,3.44443,23.5,68.1739,0.543478
0.122323,0.069899,0.278687,0.126768,0.287677,0.117677,0.0510101,0.150909,0.203939,0.276364,0.0724242,0.759495,0.105859,0.106263,0.0144444,0.133434,0.184545,0.0645455,1.39111,0.0930303,1.16323,0.269192,0.150101,0.0912121,0.741212,0.17596,0.0140404,0.0211111,0.0187879,0.0339394,0.00252525,0,0.105354,0,0.0252525,0.0646465,0.158182,0.0126263,0.0311111,0.0132323,0.0745455,0.080202,0.00434343,0.020404,0.0693939,0.300606,0.0258586,0.019495,0.0477677,0.157788,0.0221313,0.203232,0.0517172,0.0475253,3.8113,49.5253,536.929,0.565657
0.672105,0.159737,0.676316,0,0.196053,0.0544737,0,0,0,0.102632,0.578947,1.36895,0,0,0,0.210526,0,0.0105263,1.36316,0,4.78263,0,0,0.549211,0.116579,0.113684,0.158684,0,0,0.106053,0,0.132368,0,0.132368,0.0315789,0,0,0,0,0,0,0.0631579,0,0,0.0686842,0,0,0.0639474,0,0.0669474,0,0.170579,0.0870789,0,4.50042,26.3684,53.7895,0.473684
0.126111,0,0.126111,0,0,0,0,0,0,0.909444,0,0,0,0,0,0.785556,0,0,5.81722,0,0.589444,0,0,0,0.100556,0,0,0,0,0,0,0,0,0,0,0,0,0,0,0,0,0,0,0,0.198333,0,0,0,0.0574444,0.0802222,0,0.038,0,0,1.14811,1.33333,3,0.166667
0.152778,0.121111,0.258056,0.0102778,0.195833,0.0908333,0.0283333,0.233889,0.198889,0.2725,0.0933333,0.476389,0.171389,0.0683333,0.0636111,0.266111,0.187778,0.186111,1.35028,0.139444,0.697222,0.706944,0.219444,0.216389,0.528333,0.0975,0.00694444,0.00361111,0.00416667,0.0283333,0.01,0,0.112222,0,0.0102778,0.118611,0.165833,0.0125,0.0241667,0.0288889,0.0247222,0.00472222,0.00944444,0.0266667,0.0372222,0.110833,0.00305556,0.045,0.0486667,0.126222,0.0418611,0.182639,0.12025,0.0944167,5.42706,115,1760.22,0.472222
0.0302564,0.09,0.192564,0,0.236923,0.0792308,0.0728205,0,0.055641,0.263333,0,0.333077,0.148718,0.0441026,0,0.354103,0.0551282,0.211538,2.01179,0.328205,1.04744,0.0664103,0,0.0335897,0.123333,0.146667,0,0.106667,0,0,0,0,0,0,0.0384615,0.0505128,0,0,0,0,0,0.0212821,0.0179487,0.02,0.302821,0.305897,0,0,0.0186667,0.0594103,0.00497436,0.184487,0.0409487,0.0712821,4.12369,47.1026,98.3333,0.435897
0,0,0,0,0,0,0,0,0,0,0,0,0,0,0,0,0,0,0,0,0,0,0,0,16.4583,0,0,0,0,0,0,0,0,0,0,0,0,0,0,0,0,0,0,0,2.72333,0,0,0,0,0,0,0.0935833,0,0,3.70542,16.5,24,0
0.131948,0.0957143,0.367403,0.0288312,0.293377,0.0958442,0.0516883,0.111948,0.187273,0.311818,0.105325,0.484675,0.135065,0.0377922,0.100649,0.283896,0.171948,0.225584,1.51403,0.104675,0.854545,0.623377,0.194805,0.106104,0.500909,0.235195,0.095974,0.122597,0.0537662,0.0696104,0.0396104,0.0305195,0.0362338,0.0305195,0.0703896,0.087013,0.135584,0.0496104,0.0494805,0.0912987,0.0444156,0.0979221,0.0381818,0.0061039,0.0937662,0.0803896,0.0196104,0.0501299,0.284325,0.158104,0.0132987,0.250299,0.0855325,0.0842468,3.42301,41.7662,378.584,0.519481
0.035,0.045,0.2475,0,0,0.039,0,0.147,0,0.185,0,0.4165,0.2775,0,0,0.2835,0,0.0905,2.9655,0,0.7725,0.147,0,0.0915,0,0.1835,0.13,0,0,0,0,0,0,0,0,0,0,0,0,0,0,0.3965,0,0.129,0.539,0.612,0,0,0.01545,0.0469,0,0.1338,0,0.0225,4.5558,45.3,80.8,0.25
0.0874016,0.0522047,0.228425,0.0106299,0.275118,0.0597638,0.107165,0.0796063,0.0385039,0.43126,0.0366142,0.468189,0.123071,0.0106299,0.0301575,0.0968504,0.097874,0.122205,1.60205,0.0632283,0.568583,0.00456693,0.0399213,0.0782677,0.637638,0.377087,0.330157,0.333937,0.125512,0.184331,0.0991339,0.077874,0.0775591,0.077874,0.165906,0.146693,0.207323,0.00787402,0.15685,0.086063,0.0414961,0.066378,0.122598,0.0719685,0.288819,0.216929,0.0161417,0.037874,0.034315,0.195929,0.0147244,0.281701,0.0381417,0.0171417,2.28702,11.5354,79.1339,0.283465
0,0,0,0,0,0,0,0,0,0,0,0.606667,0,0,0,0,0,0,11.382,0,1.418,0,0,1.48333,0,0,0,0,0,0,0,0,0,0,0,0,0,0,0,0,0,0,0,0,2.73733,0.141333,0,0,0.0249333,0,0,0,0,0,1.0642,1.4,5.4,0.133333
0.0821951,0.12122,0.307561,0.467317,0.335122,0.116585,0.0819512,0.0902439,0.304634,0.274634,0.0668293,0.470976,0.0797561,0.0539024,0.0992683,0.30878,0.118537,0.198049,1.33317,0.0392683,0.683902,0.92122,0.180244,0.115854,0.290244,0.164878,0.0102439,0.0114634,0.0121951,0.00756098,0.0163415,0,0.0585366,0.00317073,0.0209756,0.0436585,0.13878,0.00097561,0.00780488,0.0195122,0.00170732,0.0136585,0,0.014878,0.0197561,0.0351219,0,0.00804878,0.0383659,0.161659,0.0282683,0.193707,0.141,0.105829,5.83883,104,1374.73,0.634146
0.131695,0.131864,0.285424,0.0415254,0.271525,0.18339,0.183559,0.0374576,0.0145763,0.228983,0.0486441,0.460678,0.125593,0,0.0210169,0.549661,0.194915,0.144915,1.81153,0.0359322,0.932542,0.0964407,0.184237,0.106271,0.555085,0.36661,0.281356,0.125424,0.0940678,0.156441,0.0837288,0.0837288,0.106949,0.10661,0.117966,0.122373,0.0318644,0,0.162881,0.0913559,0.00559322,0,0.00813559,0.0110169,0.191525,0.0362712,0,0.00559322,0.0179492,0.159458,0.0155254,0.472051,0.0439661,0.0494576,3.78542,35.1864,131.492,0.576271
0.0407143,0.0785714,0.306071,0.0025,0.330179,0.113036,0.150536,0.0728571,0.0548214,0.234286,0.055,0.351964,0.281429,0.0642857,0.13125,0.0653571,0.0592857,0.317143,1.26357,0.0642857,0.72125,0.579821,0.21,0.09125,0.848929,0.345714,0.175714,0.127679,0.107143,0.0851786,0.0807143,0.0946429,0.0796429,0.0946429,0.0810714,0.121071,0.179821,0,0.0767857,0.118393,0.0221429,0.0475,0.104286,0.0376786,0.144464,0.0975,0,0.0105357,0.0699107,0.211018,0.0373214,0.174107,0.164179,0.0658036,3.306,21.375,262.214,0.553571
0.30617,0.144894,0.280426,0.0917021,0.0723404,0.106809,0.0193617,0.139787,0.221064,0.399574,0.144681,0.630213,0.341064,0.652766,0.0255319,0.158936,0.276596,0.12,1.86936,0.0476596,0.868511,0.0334043,0.447021,0.28766,0.0951064,0.0604255,0.00510638,0.00148936,0.00212766,0.00382979,0,0,0.309362,0,0,0.0297872,0.176383,0.00148936,0.00659574,0.017234,0.0246809,0.00765957,0.00446809,0.0159574,0.0421277,0.0568085,0.00978723,0.0502128,0.0292553,0.115766,0.00757447,0.24734,0.329319,0.0877872,5.44715,185.447,3357.47,0.744681
0.0706024,0.0660241,0.351807,0,0.323735,0.193976,0.093012,0.130241,0.0386747,0.179398,0.0622892,0.495301,0.0945783,0.0459036,0.0253012,0.26012,0.146024,0.181566,1.2547,0.167108,0.845422,0,0.179157,0.0596386,0.927831,0.487349,0.127952,0.161325,0.108072,0.123614,0.0463855,0.0374699,0.0819277,0.0374699,0.121807,0.105301,0.216506,0.00831325,0.110723,0.0627711,0.192169,0.0227711,0.0871084,0.0385542,0.20494,0.345542,0,0.0501205,0.0931687,0.162675,0.0210723,0.135241,0.0984217,0.0338675,2.3001,18.0241,182.41,0.39759
0.1676,0.1796,0.287,0,0.2602,0.117,0.02,0.0928,0.3736,0.3292,0.06,0.6128,0.187,0.2,0.2488,0.1228,0.1884,0.2152,1.3786,0.0758,0.8832,0,0.1752,0.2344,0.9392,0.166,0.0318,0.0096,0.0118,0.028,0.0098,0.0054,0.0858,0.0054,0.0256,0.0766,0.125,0,0.0068,0.0542,0.015,0.215,0.0282,0.0024,0.0528,0.02,0.0092,0.0318,0.11164,0.16154,0.01566,0.56474,0.17842,0.02918,4.10046,72.48,698.72,0.46
0,0.192727,0,0,0,0,0.161818,0,0,0.161818,0,0,0.133636,0,0,0.830909,0.111818,0.253636,3.47364,0,2.44636,0,0,0,1.39818,0,0,0,0,0,0,0,0,0,0,0,0,0,0,0,0,0,0,0,0.689091,0.326364,0,0,0,0,0,1.84409,0.0836364,0,7.18245,44.5455,66.3636,0.454545
0.554,0.7155,0.843,0,0.321,0.2065,0.0335,0.4395,0.3985,1.5045,0.045,1.664,0.122,0.3395,0.345,0.359,0.057,0.6405,2.0415,0.3615,3.676,0.019,0.4405,0.231,0,0,0,0,0,0,0,0,0.0165,0,0.057,0,0.0185,0,0,0,0,0,0,0,0,0,0,0,0.0081,0.16825,0,1.10565,0.1778,0.0687,44.7956,633.35,839.7,1
0.110508,0.0558475,0.251356,0,0.273814,0.0788136,0.117458,0.0607627,0.0167797,0.179068,0.0573729,0.71322,0.0912712,0.0235593,0.0341525,0.133814,0.138475,0.0875424,1.90025,0.00381356,0.586525,0,0.0834746,0.0426271,0.241186,0.104576,0.196695,0.00991525,0.0332203,0.114746,0.00762712,0,0.161949,0,0.0162712,0.0888983,0.159831,0.00466102,0.0837288,0.00220339,0.112288,0.16678,0.0181356,0.0972881,0.260763,0.120593,0,0.071017,0.0137034,0.120508,0.00861017,0.211136,0.0396271,0.00745763,1.61673,5.94068,44.0254,0.152542
0,0.05,0.3568,0,0.172,0.0714,0,0,0.0362,0.2206,0,0.1912,0.111,0.0588,0,0.074,0,0.0434,5.2446,0,1.7774,0,0,0,0.2414,0.0526,1.3468,0,0.074,0,0,0,0,0,0,0,0,0,0.0868,0,0,0,0,0.0416,0.5246,0.4922,0.0434,0,0.00364,0.07158,0.01502,0.19688,0,0,1.22236,2,8.28,0.04
0,0,0.4025,0,4.9175,0,0,0,0,0,0,0,0,0,0,0,0,0,0,0,0.4025,0,0,0,0,0,0,0,0.595,0,0,0,0,0,0,0,0,1.8475,0,0,0,5.4775,0,0,0,0,0,0,0,0.0735,0,0,0,0,1.14575,1.375,4.375,0.125
0.0358333,0.489722,0.301667,2.30167,0.526667,0.229167,0.778611,0.0291667,0.333056,0.360278,0.0408333,0.519167,0.0194444,0.0177778,0.0525,0.175,0.0316667,0.519722,2.16417,0.115278,1.21806,0.0519444,0.0511111,0.085,0.221111,0,0.143889,0.0391667,0,0,0.0261111,0,0,0,0.0475,0.02,0.0330556,0,0.0758333,0.0183333,0,0,0.0258333,0,0.238333,0.0152778,0,0,0.0128333,0.134083,0.0103333,0.390167,0.0569167,0.0571944,11.0352,130.361,390.722,0.75
0,0,0.27931,0,0.263448,0.0515517,0.0418966,0,0,0.0843103,0.0165517,0.524655,0,0.0431034,0,0.180862,0,0.431897,4.81603,0,0.903621,0,0,0,0,0,0.277241,0,0,0,0,0,0.175172,0,0,0,0,0,0,0,0,0.0717241,0.0781034,0.0722414,0.662586,0.251552,0,0,0,0.0642759,0.00568966,0.587741,0.0110345,0,1.45962,3.81034,14.1724,0.241379
0,0,0,0,0,0,0,0,0,0,0,0,0,0,0,0,0,0,0,0,0,0,0,0,11.9,6.56,0,0,0,0.5425,0,0,0,0,0,0,0,0,0,0,0,0,0,0,1.9225,0,0,0,0,0,0,0.4495,0,0,5.568,16.25,36,0
0.24,0,0.1275,0,0,0,0,0,0,0,0,0.26,0,0,0,0,0,0,1.81063,0,0.1275,0,0,0,0,0,0,0,0,0,0,0,0,0,0,0,0,0,0,0,0,0,0,0,1.18062,5.7975,0,0,0.014125,0.218625,0,0.482625,0,0,1.01406,1.125,6.6875,0
0,0,0,0,0,0,0,0,0,0,0,0,0,0,0,0,0,0,0,0,0,0,0,0,0,0,0,0,0,0,0,0,0,0,0,0,0,0,0,0,0,0,0,0,0,0,0,0,0,0.113625,0,1.16838,0,0,1,1,1.5,0.25
0.134865,0.488649,0.356757,1.91676,1.01486,0.16027,0.638378,0.169189,0.0643243,0.403784,0.0472973,0.678919,0.176216,0.0908108,0,0.809459,1.7027,0.264865,2.09892,0.303784,1.67838,0,0.00864865,0.155676,0,0,0,0,0,0.0262162,0,0,0,0,0,0.0578378,0.125946,0.0421622,0,0.00918919,0,0,0,0,0.00918919,0,0,0,0,0.126135,0,0.757622,0.153568,0.0357838,8.13586,130.514,189.757,0.918919
0.328286,0.287429,0.328857,0.00371429,0.255143,0.066,0.036,0.148857,0.435714,0.535143,0.220571,0.596857,0.371429,0.762,0.0811429,0.248571,0.340857,0.102857,2.44,0.0368571,1.1,0.048,0.403143,0.384857,0.0888571,0.0917143,0.00114286,0.000571429,0.000571429,0,0,0,0.127143,0,0.002,0.034,0.141429,0.00257143,0.00257143,0.0334286,0.00457143,0.00171429,0.00657143,0.004,0.0548571,0.0194286,0.002,0.0165714,0.0294286,0.0994857,0.0102571,0.339857,0.451857,0.102629,7.83891,361.771,2360,0.885714
0,0.0222727,0.169394,0,0.25303,0.0569697,0.0336364,0.111061,0.0504545,0.0816667,0,0.600606,0.0387879,0.029697,0,0.248333,0.0504545,0.153939,1.81848,0,0.535152,0,0.102121,0.325,0.631667,0.328182,0.126818,0.229697,0.22803,0.114242,0.113182,0,0.0540909,0,0.184545,0.0722727,0.0922727,0.0606061,0.176061,0.0336364,0.186061,0.390606,0.0440909,0.146212,0.483182,0.142727,0,0.0387879,0.0998788,0.117288,0.0199394,0.375,0.0556061,0.0639848,2.70885,11.8485,26.5758,0.393939
0,0,0,0,0,0,0,0,0,0,0,0,0,0,0,0,0,0,0,0,0,0,0,0,0,0,0,0,0,0,0,0,0,0,0,0,0,0,0,0,0,0,0,0,0,0,0,0,0,0,0,0,0,0,0,0,0,0
0.0398851,0.138506,0.267701,0,0.270575,0.0127586,0.0966667,0.0156322,0.0751724,0.16954,0.0293103,0.418736,0.174943,0.0831035,0.0133333,0.537816,0.0797701,0.223103,1.33138,0.0306897,0.578276,0,0.0445977,0.0114943,1.04448,0.675747,0.57069,0.408161,0.280575,0.368161,0.317126,0.24908,0.0581609,0.24908,0.468391,0.310805,0.183103,0.0106897,0.108736,0.25931,0.0704598,0.338046,0.151379,0.232299,0.35931,0.162529,0,0.0326437,0.0053908,0.190609,0.038092,0.238621,0.0638391,0.014977,2.10729,10.0805,38.8276,0.241379
0.207568,0.135135,0.524595,0.0340541,0.337027,0.0932432,0.181892,0.281081,0.101081,0.298378,0.0608108,0.373514,0.0286486,0,0,0.442162,0.392703,0.236486,2.11757,0.378378,1.39865,0.587297,0.109459,0.122432,0.101351,0.0843243,0.00540541,0.0302703,0.0202703,0.0248649,0.00540541,0.00540541,0,0.00540541,0.0356757,0.0367568,0.104324,0,0.0210811,0.082973,0,0,0.0232432,0.0216216,0.19,0.0072973,0.0375676,0.0821622,0.0252432,0.13827,0.0156757,0.484649,0.388189,0.376676,5.33035,69.8378,330.243,0.756757
0.105441,0.170735,0.396176,0.208088,0.302353,0.112941,0.0582353,0.206471,0.320294,0.561471,0.130147,0.515588,0.132059,0.0694118,0.177647,0.265441,0.183382,0.345882,1.25971,0.143088,0.827941,0.7225,0.126765,0.180441,0.567206,0.155588,0.0352941,0.0305882,0.00838235,0.0316176,0.0202941,0.00279412,0.147206,0.00558824,0.0752941,0.0413235,0.136765,0.00191176,0.0338235,0.0364706,0.0126471,0.0136765,0.00441176,0.00308824,0.0407353,0.0508824,0.00455882,0.0383824,0.0538824,0.113309,0.0211765,0.308029,0.170647,0.0984706,4.83062,80.7647,929.824,0.676471
0.0548485,0.0466667,0.295833,0,0.273106,0.037803,0.0280303,0.00643939,0.0318182,0.106591,0.025,0.812955,0.0811364,0.0358333,0.0128788,0.132955,0.00484848,0.0820455,2.00318,0.00954545,0.445227,0,0,0.0201515,0.342727,0.314848,0.430076,0,0.112727,0.0869697,0,0,0.0784848,0,0.0168182,0.0121212,0.172121,0.0186364,0.0873485,0,0.055,0.250303,0.00651515,0.132955,0.457424,0.155909,0,0.0775758,0.0262045,0.124508,0.00758333,0.120098,0.00903788,0.00563636,1.60785,4.9697,25.8106,0.0606061
0.0959322,0.153051,0.294746,0.0179661,0.361186,0.120169,0.0825424,0.157288,0.0467797,0.301186,0.0820339,0.60339,0.125932,0.00542373,0.0510169,0.292203,0.169153,0.224068,1.44458,0.0416949,0.882712,0.0694915,0.123051,0.0876271,0.474915,0.257119,0.148983,0.100508,0.107119,0.102203,0.0415254,0.0415254,0.0947458,0.0415254,0.0557627,0.0835593,0.132712,0.0257627,0.0715254,0.0574576,0.00610169,0.0247458,0.0661017,0.049322,0.114746,0.0330508,0,0.0235593,0.0221356,0.135966,0.0192712,0.153356,0.0777458,0.0212034,2.75202,26.5932,232.695,0.508475
0,0,0.353333,0,0.52,0.353333,0.873333,0,0,0,0,0.353333,0.353333,0,0,0,0,0,2.81333,0,0,0,0,0,0,0,0,0,0,0,0,0,0,0,0,0,0,0,0,0,0,0,0,0,0,0,0,0,0,0,0,0.255667,0.085,0,20.9973,86,101.667,0.666667
0.11233,0.0814563,0.30699,0,0.225631,0.0454369,0.192913,0.0474757,0.00320388,0.116117,0.0568932,0.776505,0.0998058,0,0.0254369,0.263398,0.0840777,0.236505,1.70709,0.0319417,0.608641,0,0.0884466,0.0121359,0.541068,0.304757,0.170194,0.115243,0.123883,0.132524,0.0352427,0,0.174078,0,0.137864,0.0865049,0.132039,0.00776699,0.180971,0.00621359,0.012233,0.220874,0.032233,0.0649515,0.16534,0.104563,0,0.0264078,0.0180777,0.137835,0.00130097,0.147573,0.0260583,0.0219223,1.80511,7.08738,54.4078,0.262136
0.200417,0.14,0.349861,0.00152778,0.350278,0.16125,0.0819444,0.204722,0.271111,0.322778,0.105278,0.700833,0.0643056,0.0655556,0.0201389,0.251389,0.345972,0.0823611,1.43764,0.234444,1.05042,0.436111,0.0591667,0.245278,0.851528,0.171667,0.0218056,0.00763889,0.00208333,0.0154167,0.0169444,0.00208333,0.107361,0.00361111,0.0169444,0.0656944,0.158333,0.0261111,0.0173611,0.0305556,0.0561111,0.0769444,0.0120833,0.0190278,0.0448611,0.1,0.00125,0.00888889,0.126319,0.180806,0.0137639,0.302028,0.141236,0.102,4.16882,66.2778,615.542,0.541667
0,0,0,0,0,0,0,0,0,0,0,0,0,0,0,0,0,0,0,0,0,0,0,0,0,0,0,0,0,0,0,0,0,0,0,0,0,0,0,0,0,0,0,0,0,0,0,0,0,0,0,0,0,0,0,0,0,0
0,0,0,0,0,0,0,0,0,0,0,0,0,0,0,0,0,0,0,0,0,0,0,0,0,0,0,0,0,0,0,0,0,0,0,0,0,0,0,0,0,0,0,0,0,0,0,0,0,0,0,0,0,0,0,0,0,0
0,0,0,0,0,0,0,0,0,0,0,0.131905,0,0,0,0,0,0.34,0.280476,0,0,0,0,0,8.2019,4.09857,3.75857,4.09857,3.89095,4.09857,4.09857,3.75857,0,3.75857,4.09857,4.09857,0,0,0,3.75857,0,0,0,0,0,0,0,0,0,1.06048,0,0.0228095,0,0,3.1259,10.9048,31.1905,0
0,0,0,0,0,0,0,0,0,0,0,0,0,0,0,0,0,0,0,0,0,0,0,0,0,0,0,0,0,0,0,0,0,0,0,0,0,0,0,0,0,0,0,0,0,0,0,0,0,0,0,0,0,0,0,0,0,0
0,0,0,0,0,0.0414085,0,0,0,0,0,0.0469014,0,0,0,0,0,0.10831,0.0853521,0,0.0352113,0,0,0,0,0,0.302676,0,0,0,0,0,0,0,0,0,0,0,0,0,0,0.0540845,0,0.0439437,0.261549,0,0,0,0,0.0994084,0.0574789,0.163127,0,0,1.09155,1.19718,4.15493,0
0,0,0,0,0,0,0,0,0,0,0,0,0,0,0,0,0,0,0,0,0,0,0,0,0,0,0,0,0,0,0,0,0,0,0,0,0,0,0,0,0,0,0,0,0,0,0,0,0,0,0,0,0,0,0,0,0,0
0,0,0,0,0,0,0,0,0,0,0,0,0,0,0,0,0,0,0,0,0,0,0,0,0,0,0,0,0,0,0,0,0,0,0,0,0,0,0,0,0,0,0,0,0,0,0,0,0,0,0,0,0,0,0,0,0,0
0.0605263,0,0.0398684,0,0.110789,0.0452632,0,0.0773684,0,0.0823684,0,0.305263,0.0184211,0.141053,0,0.200789,0.0375,0.0184211,0.2925,0,0.113684,0,0,0,0.0571053,0,0.356974,0,0,0,0.164474,0,0.0375,0,0,0,0,0.0375,0.0386842,0,0,0.238289,0,0.250132,0.185263,0.0684211,0,0.197368,0.00547368,0.107908,0.0730789,0.0597632,0.0189868,0,1.48647,2.78947,8.07895,0.0394737
0,0,0.0385294,0,0.404559,0.0864706,0.0929412,0.0261765,0,0.224265,0,1.12103,0.0669118,0.228971,0,0.0429412,0,0.0282353,0.590588,0.0326471,0.0920588,0,0,0.133676,0.190588,0.0627941,0.140441,0.0638235,0.114118,0,0,0,0.0966176,0,0,0,0.0786765,0,0.226176,0,0.0670588,0.330147,0.0525,0.196471,0.399265,0.119559,0,0.0489706,0,0.103691,0.0490735,0.251103,0,0,2.11291,6.58824,16.9853,0.0882353
0,0,0,0,0,0,0,0,0,0,0,0,0,0,0,0,0,0,0,0,0,0,0,0,0,0,0,0,0,0,0,0,0,0,0,0,0,0,0,0,0,0,0,15.83,0,0,0,0,0,0,0,0,0,0,1.475,2.5,5.25,0
0.112286,0.168,0.393857,0,0.410571,0.0957143,0.333571,0.107571,0.0528571,0.329714,0.144286,0.468571,0.187429,0.0501429,0.0507143,0.316857,0.170571,0.281286,1.93914,0.0667143,0.960143,0.0232857,0.254714,0.0732857,0.262714,0.102714,0.0172857,0.152143,0.00857143,0.0895714,0.0174286,0.00857143,0.290714,0.00857143,0.13,0.0952857,0.120429,0,0.008,0.0837143,0.00442857,0.0517143,0.00742857,0.0211429,0.111143,0.0904286,0,0.0155714,0.0157143,0.0903429,0.00144286,0.462029,0.103314,0.0163143,4.79971,61.0857,189.643,0.642857
0,0,0.14875,0,0.2975,0,0,0.462917,0,0,0,0,0,0,0,0.166667,0,0,1.05667,0,0.682083,0,0,0,0,0,1.87458,0,0,0.173333,0,0,0.43375,0,0,0,0,0,0.462917,0,0,0.385833,0,0.208333,6.13875,0,0,0.337083,0,0.149333,0,0,0,0,1.22525,2.20833,7.33333,0.0416667
0,0,0.229231,0,1.04077,0,0.910769,0,0.0423077,0.385385,0,0.99,0.0423077,0.24,0,1.09154,0,0.880769,3.48385,0,1.07692,0,0,0.109231,0,0,0,0,0,0,0,0,0,0,0,0,0,0,0,0,0,0,0,0,0,0.222308,0,0,0,0.00715385,0,0.230077,0,0,5.62754,58.4615,75.6154,0.615385
0.0534043,0.0823404,0.423617,0,0.538723,0.0682979,0.301915,0.162553,0.0995745,0.225957,0.0742553,0.727021,0.0661702,0,0.0410638,0.316596,0.210426,0.406809,2.17574,0.220213,1.32426,0.251277,0.177021,0.144894,0.351064,0.137234,0.0693617,0.09,0.0291489,0.137234,0.0291489,0.0291489,0.0191489,0.0291489,0.0397872,0.0482979,0.104255,0,0.106383,0.101489,0.0225532,0.0495745,0.00765957,0,0.174894,0.0204255,0,0,0.00559574,0.108723,0.00138298,0.326085,0.0752128,0.0399362,6.2427,56.9574,152.872,0.617021
0,0,0,0,0.833333,0,0,0,0,0,0,0,0,0,0,0,0,0,0,0,0,0,0,0,8.33333,4.735,0,0,0,0,0,0,0,0,0,0.640833,0,0,0,0,0,1.2075,0,0.1125,0,0,0,0,0,0,0,0,0,0,1.41175,2.41667,6.16667,0
0.262429,0.075,0.289143,0,0.673429,0.0247143,0.124143,0.0798571,0.0181429,0.102143,0.0195714,0.545429,0.0292857,0.0361429,0.0122857,0.477571,0.281143,0.154429,2.26043,0.00628571,1.27129,0,0.214143,0.0785714,0.0884286,0.0375714,0.0967143,0.053,0.00728571,0.0292857,0.00728571,0.0162857,0.088,0.0162857,0.0475714,0.092,0.0615714,0,0.032,0.012,0.00742857,0.0685714,0.00914286,0.0314286,0.261571,0.0621429,0,0.0724286,0.00918571,0.105386,0.0122571,0.435929,0.157329,0.0259429,3.06197,25.2143,113.957,0.785714
0,0,0,0,0,0,0,0,0,0,0,0,0,0,0,0,0,0,0,0,0,0,0,0,0,0,0,0,0,0,0,0,0,0,0,0,0,0,0,0,0,0,0,0,0,0,0,0,0,0,0,0,0,0,0,0,0,0
0.0811111,0.105556,0.364074,0.0214815,0.176667,0.0381481,0.0785185,0.0974074,0.0266667,0.24963,0.0722222,0.484815,0.0422222,0.0111111,0,0.415926,0.172963,0.380741,1.84148,0.0811111,0.84,0.205556,0.0596296,0.0640741,0.210741,0.052963,0,0.0425926,0,0.0637037,0,0,0,0.0111111,0.113333,0.0722222,0.169259,0,0,0,0,0,0,0,0.187407,0.880741,0,0.0211111,0.0143704,0.143519,0.00796296,0.333926,0.0948519,0.0411852,4.37063,66.1111,287.556,0.518519
0.126535,0.102475,0.275347,0.0889109,0.494752,0.12802,0.0524752,0.109109,0.168812,0.199307,0.112178,0.70099,0.155743,0.0377228,0.0574257,0.211188,0.274356,0.166139,1.78594,0.0793069,0.772376,0.801782,0.210297,0.148911,0.585248,0.121188,0.0194059,0.0184158,0.0254455,0.010495,0.0134653,0.0165347,0.0866337,0.00861386,0.030297,0.0778218,0.0935644,0.0277228,0.0110891,0.00811881,0.0128713,0.0424752,0.0188119,0.00455446,0.0608911,0.0534653,0.00871287,0.0169307,0.0945743,0.108356,0.00742574,0.191178,0.101683,0.0848218,3.85228,40.0198,453.624,0.613861
0.0908257,0.0666055,0.255138,0,0.439908,0.0888991,0.066055,0.0952294,0.0273394,0.162202,0.0370642,0.657523,0.066422,0.0155046,0.097156,0.208349,0.115505,0.170275,1.38284,0.00385321,0.648073,0.0295413,0.0711927,0.0466972,0.711101,0.406514,0.282294,0.266697,0.120917,0.126697,0.087156,0.0682569,0.0701835,0.0682569,0.152569,0.211101,0.194312,0.00706422,0.137156,0.0921101,0.0485321,0.0473394,0.131835,0.12633,0.256697,0.231376,0,0.0193578,0.0341376,0.163899,0.0214954,0.163642,0.0666055,0.0107523,2.15959,11.6514,106.862,0.330275
0.208058,0.178252,0.385534,0,0.352427,0.0637864,0.0158252,0.0740777,0.0190291,0.193592,0,0.50767,0.0941748,0.124466,0,0.172233,0.0151456,0.202039,0.941359,0.202718,0.55068,0,0.0205825,0.10466,0.124369,0.101068,0.481359,0,0.052233,0,0,0,0.376602,0,0,0.0172816,0,0.0797087,0.0975728,0.0113592,0.0537864,0.416505,0.0346602,0.0578641,0.602524,0.178058,0.0283495,0,0.0281456,0.102058,0.014068,0.163233,0,0,1.28463,2.71845,12.932,0.0485437
0,0,0,0,0,0,0,0,0,0,0,0,0,0,0,0,0,0,0,0,0,0,0,0,0,0,0,0,0,0,0,0,0,0,0,0,0,0,0,0,0,0,0,0,0,0,0,0,0,0,0,0,0,0,0,0,0,0
0,0,0,0,0,0,0,0,0,0,0,0,0,0,0,0,0,0,0,0,0,0,0,0,0.483043,0.62087,11.6526,0,0,0,0,0,0,0,0,0,0,0,0,0,0,0.966087,0,0,0.289565,0,0,0.362174,0.113565,0.152522,0,0.105696,0,0,1.53543,3.04348,8.52174,0
0,0,0,0,0,0,0,0,0,0,0,0,0,0,0,0.37037,0,0,0,0,0,0,0,0,0,0,20.987,0,0,0,0,0,0,0,0,0,0,0,0,0,0,0,0,0,0,0,0,0,0,0,0,0,0,0,1.16356,1.51852,5.13889,0
0.0923529,0.136078,0.355098,0,0.576275,0.158431,0.100392,0.148235,0.102941,0.275294,0.0954902,0.656667,0.0715686,0.012549,0,0.316863,0.310784,0.273529,1.91137,0.182353,0.982745,0.205882,0.226275,0.103137,0.276667,0.147843,0.094902,0.0613725,0.00764706,0.0758824,0.00764706,0.0137255,0.00411765,0.02,0.0552941,0.0860784,0.109608,0.00137255,0.0278431,0.0643137,0,0.0329412,0.0288235,0.0543137,0.193333,0,0,0.05,0.0872941,0.114725,0.0118824,0.333647,0.119902,0.0307059,4.01861,60.5882,256.627,0.666667
0.162066,0.0577686,0.229917,0,0.240083,0.0849587,0.0636364,0.0591736,0.0139669,0.107025,0,0.575124,0.0883471,0.0266116,0.00545455,0.206281,0.0387603,0.164298,1.75504,0.0128926,0.563967,0,0.0116529,0.0299174,0.252893,0.349504,0.240661,0,0.177273,0.018595,0.00958678,0,0.0496694,0,0,0.064876,0.206942,0,0.0459504,0.00826446,0.068595,0.295785,0.0128926,0.129339,0.41562,0.169669,0.00842975,0.021157,0.019438,0.10705,0.00873554,0.133496,0.0199339,0.00834711,1.53445,4.82645,33.4793,0.157025
0.110928,0.0849485,0.295979,0,0.324845,0.0736082,0.0852577,0.198969,0.0695876,0.17567,0.0393814,0.413402,0.0706186,0,0.0382474,0.210412,0.108866,0.191649,1.4467,0.067732,0.69732,0.0104124,0.0803093,0.0250515,0.617113,0.529278,0.260515,0.275773,0.113711,0.117113,0.0583505,0.0596907,0.0741237,0.0689691,0.199072,0.115464,0.235155,0.00742268,0.124742,0.0569072,0.078866,0.0340206,0.143196,0.0717526,0.275155,0.159897,0.0028866,0.0656701,0.0256598,0.14932,0.0319794,0.21867,0.0430928,0.0177732,2.09106,13.6186,123.557,0.319588
0,0,0,0,0,0,0,0,0,0,0,0,0,0,0,0,0,0,0,0,0,0,0,0,0,0,0,0,0,0,0,0,0,0,0,0,0,0,0,0,0,0,0,0,0,0,0,0,0,0,0,0,0,0,0,0,0,0
0.08875,0.213214,0.264018,0.00723214,0.393482,0.175893,0.1375,0.0583929,0.0549107,0.257321,0.0389286,0.590357,0.0757143,0.00473214,0.00401786,0.192857,0.123214,0.2075,1.57848,0.0186607,0.95625,0.0110714,0.084375,0.0883929,0.528393,0.278839,0.285,0.144196,0.132946,0.125714,0.0840179,0.0951786,0.120893,0.0951786,0.128571,0.106518,0.242857,0,0.116429,0.0991071,0.0480357,0.0790179,0.130625,0.025625,0.230804,0.115893,0.00607143,0.0308036,0.0200982,0.169205,0.0310268,0.205366,0.0607321,0.017625,2.81216,20.3214,160.045,0.455357
0.0817857,0.0649107,0.326339,0,0.404821,0.280714,0.116429,0.141786,0.0274107,0.254286,0.0202679,0.538571,0.110268,0.0124107,0.00758929,0.251518,0.125625,0.155893,1.58321,0.00330357,1.2975,0,0.152321,0.122321,0.638482,0.453214,0.188482,0.159643,0.0995536,0.152589,0.0752679,0.0514286,0.0742857,0.0486607,0.122946,0.124464,0.138661,0.00205357,0.0526786,0.0660714,0.0519643,0.0341964,0.07875,0.0170536,0.269464,0.141161,0.0176786,0.00598214,0.0350536,0.158679,0.0218125,0.166536,0.0663929,0.00952679,2.09493,13.375,141.321,0.473214
0.225,0.32,0.590556,0.0527778,0.407778,0.344444,0.155,0.202778,0.477778,0.684444,0.246111,0.636111,0.210556,0.0988889,0.313889,0.248889,0.228333,0.389444,2.02333,0.140556,1.51611,0.00944444,0.343889,0.315556,0.518333,0.218333,0.0133333,0,0,0.0405556,0,0,0.075,0,0.04,0.0133333,0.181667,0.0477778,0.0133333,0.0405556,0,0.0405556,0.0188889,0.0272222,0.0938889,0.0794444,0,0,0.00227778,0.178944,0.0331111,0.625944,0.242167,0.0503889,10.0713,306.167,748.222,0.944444
0.0447436,0.0985897,0.166282,0,0.20641,0.0288462,0.117051,0.45641,0.126026,0.140385,0.0710256,0.266795,0.0133333,0.239615,0.00807692,0.502051,0.223462,0.137692,1.06654,0.0391026,0.760513,0.0375641,0.209615,0.0555128,0.310641,0.29359,0.199615,0.0966667,0,0.0426923,0.0201282,0.0302564,0.0585897,0.0302564,0.0625641,0.132051,0.0658974,0,0.0291026,0.0283333,0,0.00974359,0.0174359,0.0242308,0.389744,0.035,0,0.0212821,0.00502564,0.147897,0.0123462,0.403936,0.113308,0.00782051,3.56737,25.5769,84.2564,0.74359
0.114118,0.0923529,0.459412,0,0.452353,0.0558824,0.193529,0.0982353,0.127647,0.344118,0.0511765,0.562353,0.201176,0.0888235,0.0494118,0.489412,0.304118,0.488824,1.77,0.0576471,0.807059,0,0.473529,0.09,0.514706,0.201176,0,0.0170588,0.0294118,0.0147059,0.0170588,0,0,0.0364706,0.0288235,0.0305882,0.171765,0,0.0117647,0,0,0.0641176,0.0241176,0,0.110588,0,0,0.0705882,0.0318824,0.179529,0.00511765,0.473941,0.159706,0.0439412,8.43482,153.176,521.824,0.647059
0.124511,0.180451,0.256617,0,0.36812,0.112556,0.172932,0.117068,0.036391,0.294511,0.0981955,0.649474,0.068797,0.0266165,0.0246617,0.333684,0.118346,0.233383,1.91158,0.0382707,0.828346,0.0112782,0.0706015,0.0865414,0.762556,0.493008,0.274737,0.325188,0.0957143,0.188421,0.0937594,0.116617,0.105263,0.116617,0.138346,0.19609,0.135789,0.00902256,0.145038,0.0750376,0.0254135,0.0590977,0.104211,0.165263,0.214211,0.19609,0.0174436,0.0331579,0.0105263,0.143602,0.0103233,0.175872,0.0337293,0.0671654,2.07777,11.5188,92.6842,0.315789
0,0,0,0,1.28875,0,0,0,0,0,0,3.475,0,0,0,0,0,0,0,0,0,0,0,0,0.80875,0.80875,0,0,9.02375,0,0,0,0,0,0,0,0,0,0,0,0,8.4,0,0,0,0,0,0,0,0,0,0.213,0,0,1.41112,3.375,13.75,0
0.135607,0.0914019,0.184299,0,0.17271,0.102336,0.126449,0.108692,0.0271028,0.300561,0.033271,0.372804,0.0514953,0,0.00570093,0.184019,0.120187,0.155234,1.63299,0.0064486,0.823645,0,0.00672897,0.0168224,1.2371,0.455981,0.285421,0.430187,0.0765421,0.244393,0.0985981,0.0571028,0.266542,0.0571028,0.273925,0.0992523,0.262804,0.00803738,0.0785981,0.105981,0.0433645,0.121589,0.0801869,0.135888,0.358692,0.401682,0,0.00869159,0.0198972,0.168308,0.0151869,0.222776,0.0631308,0.172757,2.32293,12.4579,61.0187,0.336449
0.043,0.0913,0.4492,0,0.2562,0.0078,0.0804,0.0596,0.0163,0.157,0.0305,0.7203,0.0962,0.0459,0,0.1547,0.0912,0.2093,2.4571,0.038,0.6949,0,0,0.016,0.1193,0.1223,0.5022,0,0.0913,0.085,0,0,0.0966,0,0,0.0246,0.0912,0.0434,0.022,0.0096,0.0156,0.2777,0.0522,0.0989,0.4075,0.1485,0,0.0341,0.02343,0.14749,0,0.18086,0.00651,0.00123,1.32133,3.2,19.75,0.12
0,0,0,0,0,0,0,0,0,0,0,0,0,0,0,0,0,0,3.094,0,0,0,0,0,0,0,0,0,0,0,0,0,0,0,0,0,0,0,0,0,0,0,0,0,17.804,0,0,0,0,0,0,1.8516,0,0,1.4416,2.8,7.6,0
0,0,0,0,0,0,0,0,0,0,0,0,0,0,0,0,0,0,0,0,0,0,0,0,0,0,0,0,0,0,0,0,0,0,0,0,0,0,0,0,0,0,0,0,0,0,0,0,0,0,0,0,0,0,0,0,0,0
0.15575,0.1685,0.313,0,0.07125,0.1065,0.1245,0.1685,0.12225,0.41175,0.061,0.53275,0.0335,0.13875,0,0.239,0,0.01975,2.7135,0,1.02825,0,0.028,0.124,0.099,0.11575,0.1325,0.03675,0.03275,0.03275,0.1135,0,0.01025,0,0,0.03275,0.2815,0.01025,0.1675,0,0.06525,0,0.09,0.156,0.57375,0.60225,0,0,0.003375,0.115225,0.01295,0.2373,0.08335,0.036075,2.68492,15.85,37.15,0.45
0,0,0,0,0,0,0,0,0,0,0,0,0,0,0,0,0,0,6.66,0,0,0,0,0,0,0,0,0,0,0,0,0,0,0,0,0,0,0,0,0,0,0,0,0,6.66,0,0,0,0,0,0,32.478,0,0,1.666,3,5,0
0.117857,0.157679,0.693036,0.163571,0.661607,0.622321,0.324643,0.168393,0.575714,0.406071,0.243214,0.716964,0.180357,0.0953571,1.15696,0.350714,0.153929,0.909464,1.75214,0.830893,1.03696,0.103214,0.619286,0.165714,0.00160714,0.00160714,0,0,0,0,0,0,0.00375,0,0.00517857,0,0.00517857,0,0,0.0480357,0,0,0.1,0.0142857,0.0535714,0.0435714,0,0,0.0103214,0.0895179,0.00133929,0.377946,0.151214,0.0239107,15.5029,656.5,1405.09,1
