0.168725,0.179925,0.383675,0.178625,0.341375,0.131475,0.094875,0.162525,0.279325,0.425725,0.093425,0.766475,0.129,0.1135,0.1148,0.26725,0.214525,0.207175,1.59272,0.15045,1.17222,0.36705,0.16455,0.17765,0.6521,0.1575,0.02245,0.018225,0.011125,0.023525,0.01315,0.0024,0.0971,0.0047,0.028475,0.055675,0.1276,0.011175,0.019075,0.021675,0.034,0.072475,0.014075,0.012025,0.056125,0.10605,0.007925,0.021575,0.075995,0.150415,0.01751,0.4752,0.14566,0.068795,7.84858,113.605,640.885,0.62
0.24463,0.215185,0.29037,0.00537037,0.225741,0.0751852,0.0327778,0.145556,0.307407,0.408333,0.164259,0.553148,0.277407,0.511852,0.0637037,0.265,0.275741,0.121667,1.91111,0.0437037,0.857778,0.113704,0.302222,0.281296,0.362963,0.092037,0.00277778,0.00185185,0.00314815,0.0146296,0.00666667,0,0.13963,0,0.00814815,0.0655556,0.161296,0.005,0.0127778,0.035,0.0194444,0.00425926,0.00907407,0.0162963,0.0461111,0.0827778,0.00222222,0.0338889,0.0399444,0.113981,0.0170185,0.2705,0.313315,0.0827593,6.64917,270.611,2195.13,0.666667
0.0890033,0.244706,0.234234,0.0019604,0.278531,0.0711353,0.0942871,0.0826766,0.0290726,0.184561,0.0377591,0.510858,0.0715644,0.0382046,0.0208152,0.231743,0.0832805,0.154083,1.67151,0.0367261,0.702053,0.0110594,0.0550858,0.0704554,0.59036,0.315112,1.13619,0.164828,0.135518,0.13338,0.0839307,0.064934,0.102465,0.0655743,0.132053,0.116053,0.132756,0.0148944,0.103261,0.0715017,0.0517393,0.180769,0.0546007,0.10733,0.409644,0.217208,0.00484158,0.0355776,0.0190343,0.136016,0.0160861,0.231279,0.0402271,0.0310406,2.26692,12.7568,60.3264,0.270627
0.19,0,0.38,0,0,0.19,0,0,0,0,0.19,0.19,0,0,0,0.38,0,0.19,1.14,0,0.38,0,0,0,0,0,0,0,0,0,0,0,0,0,0,0,0,0,0,0,0,0,0,0,0,0,0,0,0.01,0.01,0,0,0,0.003,2.383,21,15841,1
0.0966667,0.0133333,0.2,0,0.153333,0.133333,0,0.0966667,0.0966667,0.313333,0.06,0.0733333,0.12,0,0.0633333,0.0133333,0.13,0.0633333,0.626667,0.0133333,0.276667,3.17667,0.23,0.183333,0,0,0,0,0,0,0,0,0,0.0466667,0,0.0133333,0,0,0.0266667,0,0,0,0,0,0.0633333,0,0,0,0.372333,0.095,0.014,0.14,0.03,0.00366667,15.1877,493,9113.67,1
0.120526,0.139298,0.342632,0.117251,0.292105,0.107778,0.0831579,0.147836,0.343509,0.42193,0.113567,0.479006,0.14152,0.0874854,0.100585,0.307836,0.132807,0.276725,1.48216,0.204795,0.924094,0.81152,0.159181,0.183743,0.321345,0.142164,0.0194737,0.0180117,0.00450292,0.0178363,0.0201754,0.000526316,0.0693567,0.00298246,0.110058,0.0399415,0.145614,0.0028655,0.0218129,0.0327485,0.00877193,0.0289474,0.00672515,0.0135088,0.0439181,0.045731,0.0102924,0.0259649,0.0420585,0.129567,0.0411345,0.30055,0.18048,0.101269,5.68314,100.667,1193.45,0.684211
0,0,0,0.04,0,0,0,0,0,0,0,0,0,0,0,0.02,0,0,0.02,0,0,0,0,0,0,0,0,0,0,0,0,0,0,0,0,0,0,0,0,0,0,0,0,0,0,0,0,0,1.024,9.752,0.003,1.542,1.785,1.998,239.571,9989,10062,1
0.101156,0.136727,0.341946,0.230645,0.415134,0.132579,0.202068,0.143516,0.108066,0.269818,0.0895985,0.544891,0.118808,0.0355474,0.0354258,0.291788,0.313893,0.227701,1.68793,0.154319,0.981946,0.26174,0.162384,0.0947689,0.481983,0.208066,0.0894891,0.0778102,0.0474453,0.0669951,0.0420316,0.0227129,0.0777251,0.0224939,0.0654623,0.0763625,0.16264,0.0125426,0.0443431,0.0754136,0.0326399,0.0323966,0.0408516,0.0360341,0.13028,0.133102,0.00592457,0.0262409,0.0924051,0.143513,0.0169489,0.284684,0.112144,0.0638017,5.43347,57.5937,280.538,0.585158
0.167222,0.16625,0.81375,0.129861,0.677778,0.500417,0.261528,0.152361,0.551806,0.504444,0.199444,0.669028,0.145833,0.0844444,0.920139,0.293889,0.123333,0.73875,1.53486,0.774583,1.05653,0.0855556,0.503056,0.147361,0.0476389,0.00125,0.0202778,0.00666667,0,0.00805556,0,0,0.00291667,0.00527778,0.00583333,0,0.0172222,0,0,0.0373611,0,0,0.0777778,0.0111111,0.0416667,0.0338889,0,0,0.00802778,0.0780278,0.00104167,0.465861,0.157458,0.0222222,104.684,785.806,1388.99,0.986111
0.30617,0.144894,0.280426,0.0917021,0.0723404,0.106809,0.0193617,0.139787,0.221064,0.399574,0.144681,0.630213,0.341064,0.652766,0.0255319,0.158936,0.276596,0.12,1.86936,0.0476596,0.868511,0.0334043,0.447021,0.28766,0.0951064,0.0604255,0.00510638,0.00148936,0.00212766,0.00382979,0,0,0.309362,0,0,0.0297872,0.176383,0.00148936,0.00659574,0.017234,0.0246809,0.00765957,0.00446809,0.0159574,0.0421277,0.0568085,0.00978723,0.0502128,0.0292553,0.115766,0.00757447,0.24734,0.329319,0.0877872,5.44715,185.447,3357.47,0.744681
