0.0506815,0.757914,0.192601,0,0.266495,0.0374409,0.0256189,0.045007,0.00751043,0.13306,0.00557719,0.445702,0.0474131,0.0683449,0,0.141029,0.0188178,0.12185,1.84512,0.0374131,0.474882,0,0.00294854,0.0633658,0.284047,0.12911,0.50363,0.0142142,0.148484,0.0309318,0.0173853,0,0.110139,0,0.0413352,0.0165925,0.0269402,0.041975,0.0654242,0.00296245,0.0707371,0.358609,0.023491,0.179638,0.772156,0.345716,0.00707928,0.0541029,0.0193769,0.0941446,0.0215605,0.244777,0.00399026,0.00121558,1.4636,3.25452,11.5118,0.0751043
0.119103,0.320513,0.419359,1.16218,0.760769,0.177051,0.491026,0.143974,0.0642308,0.300256,0.0911538,0.631667,0.107051,0.0507692,0.0453846,0.599231,0.97141,0.367051,2.22833,0.387949,1.7259,0.0208974,0.169487,0.157179,0.00730769,0.00730769,0,0.00794872,0,0.0124359,0,0,0.00769231,0,0.00602564,0.0402564,0.102308,0.02,0.030641,0.0538462,0,0,0,0.00705128,0.0808974,0.0179487,0,0,0.00453846,0.117821,0.0109231,0.609154,0.187231,0.0377564,7.5571,124.397,220.808,0.935897
0.0939048,0.103333,0.315333,0.0104762,0.383762,0.134238,0.0993333,0.117333,0.0650476,0.24419,0.0681905,0.539619,0.145,0.025381,0.0489524,0.219857,0.215095,0.257429,1.57538,0.104095,0.794667,0.306571,0.174762,0.0812381,0.579762,0.244333,0.111238,0.0741905,0.0639048,0.0758095,0.0352857,0.0338571,0.0667619,0.0368095,0.063619,0.087619,0.162,0.0012381,0.0373333,0.0584762,0.0192381,0.0349524,0.0480476,0.0335238,0.152762,0.157905,0,0.0221905,0.0536905,0.158062,0.0264619,0.239405,0.116138,0.0590381,3.60057,40.6714,267.067,0.566667
0.0854462,0.142585,0.3208,0.00606154,0.427723,0.187938,0.164954,0.108092,0.0479077,0.241662,0.0520923,0.628585,0.0908923,0.00590769,0.0516615,0.245938,0.162708,0.236154,1.69763,0.112338,1.15683,0.0401538,0.153108,0.113662,0.536,0.298431,0.1912,0.137446,0.0827692,0.125323,0.0596308,0.0575692,0.0868,0.0607692,0.101292,0.0911385,0.159631,0.000707692,0.103169,0.0839385,0.0387385,0.0458769,0.0759077,0.0152,0.215785,0.0783385,0.00818462,0.0131077,0.0225446,0.15816,0.0207538,0.234422,0.0717077,0.0175046,3.25174,27.16,150.363,0.510769
0.0908955,0.0886567,0.259701,0.28597,0.261642,0.0741791,0.0646269,0.0637313,0.288358,0.33806,0.071194,0.44403,0.13597,0.149403,0.0938806,0.292239,0.0608955,0.24209,1.3491,0.207313,0.839552,0.850448,0.0931343,0.0937313,0.38403,0.18,0.0319403,0.0191045,0.00880597,0.0165672,0.0334328,0.00134328,0.0777612,0.00134328,0.103582,0.0223881,0.171493,0.000597015,0.0171642,0.0401493,0.01,0.0364179,0.00447761,0.0114925,0.0444776,0.050597,0.0164179,0.039403,0.0350597,0.150657,0.0208806,0.216388,0.121388,0.109328,6.09328,95.806,1222.91,0.58209
0.118421,0.154912,0.688947,0.160702,0.660702,0.611404,0.324211,0.165439,0.581754,0.412281,0.252281,0.720526,0.177193,0.0936842,1.13667,0.344561,0.151228,0.89614,1.74298,0.878246,1.05386,0.101404,0.608421,0.165439,0.00157895,0.00157895,0,0,0,0,0,0,0.00631579,0,0.00508772,0,0.00508772,0,0,0.047193,0,0,0.103509,0.0140351,0.0526316,0.042807,0,0,0.0101404,0.0927018,0.00131579,0.374491,0.152123,0.0238772,15.4019,652.789,1402.49,1
0.0813136,0.0742529,0.24624,0,0.233465,0.0569787,0.0837767,0.0457471,0.0371593,0.185846,0.0237931,0.581429,0.0871264,0.0465025,0.00945813,0.221806,0.0540558,0.129737,1.80118,0.00975369,0.560854,0,0.0396059,0.064532,1.03033,0.495829,0.455222,0.268719,0.267947,0.255205,0.220985,0.172233,0.085665,0.172233,0.248112,0.239146,0.179869,0.013711,0.158604,0.179409,0.0863383,0.237783,0.0434975,0.130016,0.435764,0.168194,0.00167488,0.0380131,0.0229458,0.168841,0.0143612,0.197409,0.0452479,0.0148686,2.05271,8.58621,34.4581,0.192118
0.131543,0.118704,0.374753,0.0221605,0.302407,0.0826543,0.0896296,0.156975,0.13142,0.295062,0.0704938,0.491481,0.0921605,0.0335185,0.052716,0.274012,0.209012,0.224877,1.58901,0.182346,0.918272,0.640556,0.144691,0.0906173,0.44463,0.182531,0.0737037,0.0731481,0.0538272,0.0545062,0.0394444,0.0183951,0.0408642,0.0183951,0.0512346,0.064321,0.159136,0.0235802,0.0378395,0.0702469,0.02,0.0485802,0.042284,0.0455556,0.118272,0.162284,0.0179012,0.0445062,0.253562,0.149167,0.0138642,0.295642,0.141253,0.144093,4.10972,52.2099,351.333,0.549383
0.156512,0.13093,0.286279,0.00860465,0.309302,0.117209,0.0388372,0.243488,0.218837,0.341628,0.0962791,0.576977,0.154884,0.0737209,0.0732558,0.351163,0.222791,0.204884,1.59535,0.137674,0.807442,0.939535,0.285349,0.245349,0.178837,0.0886047,0.00627907,0.00581395,0.00302326,0.017907,0.0111628,0,0.0844186,0.00302326,0.00581395,0.10907,0.147907,0.01,0.0162791,0.0253488,0.0125581,0.00162791,0.0055814,0.0169767,0.0293023,0.0709302,0.00255814,0.0218605,0.042,0.122279,0.0399767,0.217116,0.174535,0.124535,5.93244,130.07,1627.84,0.604651
0.272308,0.0769231,1.31154,0.0146154,0.817692,0,0.05,0.0115385,0.457692,0.633077,0,0.0423077,0,0,0,0.06,0,0.0353846,0.343846,0.67,0.37,0,0.0353846,0.0307692,0.256923,0,0.112308,0.0369231,0,0.0446154,0,0,0,0.0292308,0,0.0115385,0.0446154,0,0,0.0715385,0,0,0,0,0,0,0,0,0.00546154,0.0122308,0,0.712385,0.175538,0.00230769,500.711,1413.23,1544.15,0.923077
0.158278,0.105166,0.345563,0.0018543,0.333046,0.142384,0.0674172,0.178013,0.240265,0.291523,0.0878146,0.73457,0.111854,0.0993377,0.0362252,0.209073,0.272583,0.110464,1.47377,0.16755,1.22874,0.209073,0.156556,0.173974,0.779139,0.153179,0.0139073,0.00556291,0.00635762,0.0129801,0.0110596,0.000993378,0.0983444,0.00298013,0.0118543,0.0625828,0.161325,0.0163576,0.0224503,0.0212583,0.0670199,0.0758278,0.0092053,0.0156291,0.0613907,0.21053,0.00238411,0.00834437,0.0794834,0.171066,0.0164106,0.286536,0.11549,0.060596,4.33286,67.6424,583.517,0.589404
0.137085,0.0703207,0.276589,0.00376093,0.454694,0.101924,0.11102,0.101983,0.0438484,0.169971,0.0388921,0.480671,0.083586,0.014898,0.0466472,0.352711,0.153032,0.161778,1.65172,0.0259184,0.819708,0.0289213,0.117026,0.0708455,0.497318,0.341166,0.224052,0.194781,0.091691,0.106443,0.0599417,0.0524781,0.0797085,0.055102,0.133994,0.144723,0.151312,0.00317784,0.110262,0.0651604,0.0346939,0.0467055,0.0897376,0.0724198,0.272741,0.17312,0.000816327,0.0406414,0.0227085,0.136598,0.0197405,0.27177,0.0762857,0.078688,2.82602,22.4344,116.178,0.463557
0.30617,0.144894,0.280426,0.0917021,0.0723404,0.106809,0.0193617,0.139787,0.221064,0.399574,0.144681,0.630213,0.341064,0.652766,0.0255319,0.158936,0.276596,0.12,1.86936,0.0476596,0.868511,0.0334043,0.447021,0.28766,0.0951064,0.0604255,0.00510638,0.00148936,0.00212766,0.00382979,0,0,0.309362,0,0,0.0297872,0.176383,0.00148936,0.00659574,0.017234,0.0246809,0.00765957,0.00446809,0.0159574,0.0421277,0.0568085,0.00978723,0.0502128,0.0292553,0.115766,0.00757447,0.24734,0.329319,0.0877872,5.44715,185.447,3357.47,0.744681
0.0819204,0.106651,0.220843,0.00316159,0.293653,0.0695785,0.153044,0.158548,0.0507494,0.290984,0.0578689,0.477471,0.0868384,0.0644731,0.0181265,0.316581,0.123536,0.188946,1.81098,0.0651522,0.797611,0.0246838,0.0806089,0.0749649,0.508361,0.350047,0.232248,0.231874,0.0683138,0.124052,0.0635363,0.067377,0.0679391,0.067377,0.111897,0.135363,0.130304,0.00608899,0.0983138,0.0553162,0.0245199,0.0610773,0.0740515,0.0870492,0.294707,0.217822,0.0102342,0.0254801,0.0182272,0.145487,0.0101522,0.250953,0.0539696,0.0354614,2.85939,19.911,85.5012,0.419204
0.150121,0.0730303,0.267879,0.00268687,0.192222,0.0613333,0.122222,0.10602,0.0164444,0.185495,0.0845455,0.633859,0.0760606,0.00755556,0.033899,0.183434,0.0979596,0.180404,1.55497,0.0127677,0.925859,0,0.0394343,0.0726061,0.783899,0.372485,0.195515,0.234828,0.107394,0.196283,0.0811313,0.0532929,0.19101,0.0532929,0.188323,0.115758,0.234263,0.00541414,0.115939,0.0646667,0.0371111,0.135253,0.0706869,0.101434,0.252889,0.262444,0.00252525,0.0340808,0.0138768,0.158372,0.0134182,0.260596,0.0411111,0.0738283,2.44929,12.6727,59.6303,0.305051
0,0,0,0,0,0,0,0,0,0,0,0,0,0,0,0.325203,0,0,0,0,0,0,0,0,0.0903252,0.116098,20.068,0,0,0,0,0,0,0,0,0,0,0,0,0,0,0.18065,0,0,0.0541463,0,0,0,0,0.0285203,0,0.00934146,0,0,1.20634,1.6748,5.45528,0
0.0551923,0.2075,0.333462,0,0.7075,0.179615,1.12442,0.286154,0.253654,0.5075,0.237115,0.637692,0.0298077,0.0205769,0.0176923,0.486154,0.832885,0.293077,2.16442,0.233462,1.72308,0.0165385,0.109615,0.106154,0.0519231,0.0151923,0.126731,0.0382692,0.00961538,0.00480769,0.139231,0,0,0.00557692,0.0651923,0.0101923,0.0992308,0,0.0567308,0.365385,0,0.00384615,0,0.00538462,0.167692,0,0,0.0192308,0.00932692,0.146481,0.0114231,0.400846,0.0858077,0.0425,27.5354,208.096,368.327,0.730769
0.120903,0.135613,0.239548,0.675226,0.410516,0.112581,0.0625806,0.109871,0.223097,0.238194,0.0905161,0.672839,0.120129,0.044129,0.0423226,0.204065,0.240774,0.162839,1.67032,0.0739355,0.739355,0.754968,0.174129,0.133097,0.648516,0.188194,0.0608387,0.0305806,0.026,0.031871,0.012,0.0134194,0.0807097,0.0110323,0.0404516,0.0716774,0.118645,0.0223226,0.0188387,0.0116129,0.0328387,0.0465161,0.0181935,0.0105806,0.0619355,0.0818065,0.0204516,0.022,0.105019,0.126677,0.0126516,0.184406,0.0938323,0.0871871,4.54206,47.6387,463.181,0.567742
0.129773,0.186477,0.391477,0.486477,0.268523,0.113636,0.0422727,0.0998864,0.310114,0.31125,0.0609091,0.724318,0.190795,0.157841,0.160227,0.122386,0.148068,0.157273,1.63489,0.12875,0.912159,0,0.115114,0.178409,0.786705,0.156705,0.0286364,0.0222727,0.0148864,0.0279545,0.0197727,0.00488636,0.0759091,0.00488636,0.0321591,0.0576136,0.108182,0.00159091,0.0172727,0.0342045,0.00852273,0.133409,0.0367045,0.00840909,0.0398864,0.0127273,0.00522727,0.0225,0.141011,0.148398,0.0182727,0.860818,0.21575,0.0219432,4.01706,64.3636,741.216,0.534091
0.125588,0.151961,0.39049,0.140294,0.297059,0.120784,0.0884314,0.187745,0.431863,0.517843,0.124314,0.535392,0.127157,0.0641176,0.135784,0.270392,0.147059,0.373922,1.41176,0.17598,0.929118,0.848725,0.124608,0.197451,0.475392,0.152059,0.0305882,0.024902,0.00558824,0.0268627,0.019902,0.00186275,0.12402,0.00372549,0.12598,0.0319608,0.137843,0.00176471,0.0329412,0.0316667,0.00941176,0.0273529,0.00529412,0.0122549,0.0356863,0.0368627,0.00647059,0.0289216,0.0591961,0.107961,0.0439608,0.365441,0.181725,0.0970784,4.64325,77.4118,969.873,0.686275
0.096,0.008,0.196,0.008,0.092,0.118,0,0.058,0.058,0.188,0.074,0.082,0.072,0,0.038,0.088,0.078,0.076,0.608,0.008,0.242,1.906,0.138,0.11,0,0,0,0,0,0,0,0,0,0.028,0,0.008,0,0,0.016,0,0,0,0,0,0.038,0,0,0,0.4302,2.0094,0.009,0.3924,0.375,0.4024,57.5034,2297.8,10648.8,1
0.0949785,0.0956223,0.36073,0.00373391,0.347554,0.13515,0.149013,0.151545,0.0686266,0.253348,0.0961373,0.484936,0.117682,0.0428755,0.0180258,0.29103,0.157468,0.183133,1.55142,0.11309,0.867167,0.00793991,0.154378,0.0819742,0.577983,0.313476,0.104077,0.135579,0.0606009,0.113391,0.0539056,0.0287124,0.165365,0.0287124,0.108412,0.105579,0.21176,0.00948498,0.0603863,0.0602575,0.0732189,0.0330472,0.061073,0.0581974,0.15382,0.185751,0.00467811,0.0342489,0.042,0.149597,0.0163991,0.235845,0.0749828,0.0270901,3.11885,32.4249,198.725,0.48927
0.219062,0.405938,0.650312,0.0734375,0.365938,0.18125,0.319688,0.125625,0.314063,0.860625,0.215625,0.77125,0.14375,0.096875,0.270625,0.930625,0.3275,0.23875,1.85531,0.145,1.52562,0.0053125,0.193438,0.223438,0.299375,0.13875,0.0075,0,0,0.0228125,0,0,0.0421875,0,0.0225,0.0146875,0.12125,0.026875,0.0075,0.0228125,0,0.0228125,0.010625,0.0153125,0.110625,0.0446875,0,0.0240625,0.0094375,0.125656,0.00465625,0.753812,0.231156,0.0675,25.445,340.531,656.719,0.9375
0.296341,0.260976,0.308293,0.00317073,0.23439,0.0721951,0.04,0.137073,0.386341,0.500976,0.198537,0.554878,0.346829,0.654634,0.0785366,0.235854,0.302439,0.100976,2.26732,0.032439,1.03293,0.0409756,0.355122,0.348293,0.416341,0.0970732,0.00146341,0.000487805,0.00097561,0.00804878,0,0,0.121951,0,0.00756098,0.0465854,0.145366,0.00268293,0.00902439,0.0136585,0.012439,0.00390244,0.00804878,0.0131707,0.0563415,0.052439,0.00170732,0.0358537,0.028878,0.105634,0.00982927,0.317683,0.4,0.0903659,6.0851,284.951,2294.07,0.780488
0.486667,0.750833,0.77375,0,0.35,0.282917,0.0454167,0.407917,0.425,1.41,0.0629167,1.4775,0.12625,0.282917,0.348333,0.299167,0.13,0.66125,2.12708,0.3475,3.35667,0.0158333,0.54125,0.256667,0,0,0,0,0,0,0,0,0.01375,0,0.0529167,0.0175,0.0154167,0,0,0,0,0,0.00791667,0,0.0258333,0,0,0,0.012,0.153833,0.0674167,0.980917,0.185792,0.0610833,40.1172,598.375,872.333,1
