0.0966786,0.146321,0.345512,0.124786,0.393333,0.125548,0.210417,0.141857,0.0915952,0.278369,0.0859167,0.534714,0.110798,0.0326667,0.0361786,0.279833,0.299155,0.244857,1.66027,0.154488,0.991048,0.240131,0.151905,0.0904048,0.489798,0.21775,0.108381,0.0871548,0.0542619,0.0769762,0.0480714,0.0278929,0.0895,0.028631,0.0718095,0.0803571,0.172345,0.0112262,0.0495357,0.0851905,0.0358452,0.0376667,0.0513214,0.036369,0.145167,0.139107,0.00475,0.0273333,0.0884143,0.146235,0.0185845,0.280926,0.10696,0.0611952,5.35476,55.5476,259.075,0.561905
0.005,0.005,0.035,0,0.025,0,0,0.005,0.015,0.065,0.025,0,0,0.025,0,0,0.005,0.035,0.005,0,0.005,0,0,0,0,0,0,0,0,0,0,0,0.035,0,0,0.065,0,0,0,0.005,0.23,0,0,0.015,0,0.4,0.005,0.035,0.036,0.1615,0.075,0.012,0.056,0.012,3.0295,43.5,5648.5,0
0.130466,0.15456,0.35,0.395233,0.289119,0.129119,0.077513,0.147565,0.393264,0.470518,0.0976166,0.514249,0.127306,0.0892746,0.150725,0.261658,0.118756,0.370725,1.43285,0.209793,0.93943,0.799534,0.163368,0.175648,0.441088,0.160777,0.027772,0.0221762,0.00699482,0.0236788,0.0259585,0.00145078,0.0966839,0.00243523,0.113575,0.0287565,0.139534,0.00300518,0.0224352,0.0311917,0.0084456,0.0283938,0.00626943,0.0113472,0.038342,0.0370466,0.00911917,0.0302591,0.0476321,0.122187,0.0397824,0.299477,0.156663,0.0933886,6.16599,109.565,1062.4,0.658031
0.0966667,0.0133333,0.2,0,0.153333,0.133333,0,0.0966667,0.0966667,0.313333,0.06,0.0733333,0.12,0,0.0633333,0.0133333,0.13,0.0633333,0.626667,0.0133333,0.276667,3.17667,0.23,0.183333,0,0,0,0,0,0,0,0,0,0.0466667,0,0.0133333,0,0,0.0266667,0,0,0,0,0,0.0633333,0,0,0,0.372333,0.095,0.014,0.14,0.03,0.00366667,15.1877,493,9113.67,1
0,0,0,0.04,0,0,0,0,0,0,0,0,0,0,0,0.02,0,0,0.02,0,0,0,0,0,0,0,0,0,0,0,0,0,0,0,0,0,0,0,0,0,0,0,0,0,0,0,0,0,1.024,9.752,0.003,1.542,1.785,1.998,239.571,9989,10062,1
0.322097,0.182742,0.287258,0.0716129,0.0927419,0.0956452,0.018871,0.145,0.275968,0.454194,0.160484,0.615806,0.354032,0.687097,0.031129,0.162742,0.291452,0.113548,2.00048,0.0379032,0.91371,0.0253226,0.449839,0.322097,0.122258,0.0975806,0.00451613,0.00145161,0.00193548,0.00290323,0,0,0.305161,0,0.00112903,0.0309677,0.207742,0.00258065,0.00645161,0.0282258,0.013871,0.00677419,0.00516129,0.013871,0.0519355,0.0401613,0.0083871,0.0462903,0.0350806,0.115016,0.0081129,0.264371,0.389129,0.0870323,6.58903,262.306,3049.11,0.774194
0.19,0,0.38,0,0,0.19,0,0,0,0,0.19,0.19,0,0,0,0.38,0,0.19,1.14,0,0.38,0,0,0,0,0,0,0,0,0,0,0,0,0,0,0,0,0,0,0,0,0,0,0,0,0,0,0,0.01,0.01,0,0,0,0.003,2.383,21,15841,1
0.0897293,0.24487,0.232003,0.00201015,0.277519,0.0705753,0.0919154,0.0826768,0.0285888,0.182162,0.0376887,0.511052,0.0716751,0.0389949,0.0204602,0.233279,0.0814213,0.149442,1.67121,0.034775,0.693871,0.0104196,0.0535127,0.0695804,0.590108,0.317252,1.15883,0.165651,0.136081,0.133428,0.0839966,0.0645618,0.100914,0.0652183,0.132535,0.116274,0.13064,0.0152724,0.103161,0.0699391,0.0519425,0.18286,0.0523553,0.109662,0.41381,0.219763,0.00496447,0.0358206,0.0186149,0.135618,0.0158734,0.232068,0.0393289,0.0313076,2.23157,12.3333,57.6633,0.266328
0.156822,0.171467,0.37066,0.243961,0.381589,0.13291,0.0954523,0.145232,0.250733,0.367286,0.0935452,0.763692,0.133154,0.105746,0.0840831,0.283716,0.237188,0.150733,1.66589,0.128166,1.15628,0.298924,0.161858,0.169756,0.630587,0.146601,0.0186797,0.0164303,0.0141565,0.0193888,0.0097066,0.00484108,0.078044,0.00537897,0.0252078,0.0582641,0.124034,0.0122005,0.0216381,0.0194866,0.032934,0.075379,0.0156235,0.0120782,0.0608802,0.106748,0.0097555,0.0172861,0.0783301,0.152139,0.0133056,0.463611,0.148384,0.06122,7.49813,100.078,585.015,0.635697
0.184519,0.164741,0.574,0.072,0.503259,0.306889,0.162519,0.176444,0.422963,0.438222,0.179556,0.613778,0.192296,0.177333,0.518074,0.322074,0.190741,0.459556,1.69852,0.488222,0.968444,0.27763,0.412074,0.209852,0.166296,0.0266667,0.0126667,0.00451852,0.00111111,0.0118519,0.00266667,0,0.0325926,0.00377778,0.00548148,0.0439259,0.064963,0.00333333,0.0122963,0.032,0.00659259,0.00125926,0.0471111,0.013037,0.0405185,0.052,0.000814815,0.0145926,0.0191037,0.0946963,0.0131185,0.373793,0.1904,0.0676074,58.037,496.481,1611.08,0.844444
