0,0.632222,0.211481,0,0.207407,0,0.434074,0,0,1.45667,0,0.664074,0.117037,0.105556,0,0.101852,0,0.105556,3.09333,0,0.889259,0,0,0.2,0,0.0803704,0.147037,0.645185,0,0,0,0,0.184074,0,0,0.105556,0,0,0.247778,0.154074,0.0474074,0,0.0696296,0.0874074,0.750741,0,0,0,0,0.159296,0,0.114296,0.069,0.0298148,3.70048,22.7778,40.2222,0.37037
0,0,0,0,0,0,0,0,0,0,0,0,0,0,0,0,0,0,0,0,0,0,0,0,0,0,26.666,0,0,0,0,0,0,0,0,0,0,0,0,0,0,0,0,0,0,0,0,0,0,0,0,0,0,0,1.59575,2.8,5.1,0
0.259545,0.513636,0.775455,0,0.162727,0.0545455,0.117727,0,0,0.178636,0.0436364,0.421818,0.113636,0,0,0.541818,0,1.10091,2.20955,0,3.31455,0,0,0.413182,0.227727,0.174545,0.372273,0,0.208182,0,0,0,0,0,0,0,0,0,0,0.0531818,0,0.136818,0,0,0.212727,0.294091,0,0,0.0146818,0.0202727,0,0.267727,0,0,1.14955,2.27273,12.6364,0.227273
0.187889,0.126667,0.330222,0.00122222,0.353222,0.154667,0.077,0.169667,0.336889,0.330778,0.0954444,0.628444,0.0738889,0.124778,0.092,0.182444,0.333667,0.078,1.46611,0.211333,1.06722,0.348889,0.064,0.243333,0.842556,0.187556,0.0282222,0.0123333,0.00466667,0.0252222,0.0197778,0.00466667,0.101556,0.00588889,0.0197778,0.0588889,0.160778,0.0208889,0.0168889,0.0328889,0.0514444,0.144,0.0172222,0.0152222,0.0577778,0.0911111,0.00611111,0.012,0.1251,0.185444,0.0149222,0.273311,0.131233,0.0898667,4.2282,74.0778,628.533,0.5
0.0441558,0.0420779,0.287792,0,0.454935,0.255584,0.121558,0.181299,0.0164935,0.253506,0.0274026,0.424545,0.142987,0.0180519,0.00727273,0.219091,0.119481,0.104545,1.55714,0,1.37156,0,0.0388312,0.103117,0.561948,0.334935,0.213506,0.167273,0.115584,0.174545,0.101948,0.0632468,0.0797403,0.0632468,0.123506,0.142338,0.131429,0.00298701,0.0536364,0.0662338,0.0262338,0.0654545,0.0925974,0.0151948,0.359351,0.194935,0.00116883,0.00506493,0.0183377,0.150416,0.0271818,0.0901688,0.0587792,0.00864935,1.86255,9.97403,138.779,0.467532
0.118649,0.069009,0.287477,0.113063,0.30036,0.110901,0.0573874,0.155766,0.196216,0.276667,0.067027,0.745135,0.106126,0.0976577,0.0204505,0.165405,0.188559,0.115315,1.37126,0.0896396,1.08793,0.24009,0.191081,0.0954955,0.741171,0.183243,0.0125225,0.0188288,0.0167568,0.0302703,0.00225225,0,0.0963964,0.00171171,0.0243243,0.0623423,0.156036,0.0112613,0.0295495,0.0118018,0.0664865,0.0715315,0.00756757,0.0181982,0.0713514,0.268108,0.0230631,0.0191892,0.0446577,0.158703,0.0202432,0.227667,0.0670721,0.0472703,4.28939,56.1982,537.216,0.585586
0,0,0,0,0.51,0,0,0,0,0,0,0,0,0,0,0,0,0,1.48071,0,0,0,0,0,0,0,0,0,0,0,0,0,0,0,0,0,0,0,0.793571,0,0,0,0,0,11.5736,0,0,0,0,0.163214,0,0.661286,0,0,1.3475,2.64286,7.35714,0
0.19625,0.314167,0.525417,0.0395833,0.455417,0.356667,0.13375,0.17375,0.587083,0.7875,0.224583,0.84125,0.230417,0.0783333,0.313333,0.232083,0.18875,0.516667,2.1975,0.3475,1.63167,0.02,0.49125,0.287083,0.38875,0.16375,0.01,0,0,0.0304167,0,0,0.05625,0,0.03,0.0275,0.13625,0.0358333,0.01,0.0304167,0,0.0304167,0.0141667,0.0204167,0.0966667,0.0595833,0,0,0.00575,0.149625,0.073625,0.649417,0.2335,0.0465833,9.866,292.417,788.958,0.958333
0.10631,0.0420238,0.23619,0,0.320238,0.070119,0.0977381,0.0628571,0.0363095,0.119286,0.0452381,0.585238,0.153571,0.0130952,0.0395238,0.0979762,0.118095,0.0720238,1.37869,0.104762,0.585952,0.00690476,0.0872619,0.0411905,0.741548,0.464762,0.380595,0.223929,0.164643,0.195119,0.107262,0.10369,0.0888095,0.10369,0.136786,0.1675,0.260476,0.00547619,0.124286,0.119524,0.0236905,0.0804762,0.143929,0.095119,0.292381,0.175357,0.0296429,0.0539286,0.0160238,0.228893,0.00945238,0.250821,0.0453095,0.0263929,1.95231,9.41667,76.0238,0.261905
0.075122,0.116585,0.288049,0,0.390732,0.130976,0.252195,0.202439,0.0680488,0.24878,0.189512,0.606829,0.172927,0.067561,0.0246341,0.306829,0.11439,0.24122,1.62024,0.136341,1.01268,0,0.0509756,0.134878,0.394878,0.0834146,0.0295122,0.0839024,0.0146341,0.0878049,0.0297561,0.0146341,0.0097561,0.0146341,0.0612195,0.171463,0.202683,0,0.0287805,0.0656098,0,0.00560976,0.00902439,0.0136585,0.10439,0.0214634,0,0.0273171,0.0157805,0.0990732,0.0047561,0.238659,0.105244,0.0044878,3.277,49.2683,194.829,0.634146
0,0,0,0,0.0626316,0,0,0,0,0,0,0.0438158,0,0,0,0,0,0.101184,0,0,0.0328947,0,0,0,0,0,0.555526,0,0.0626316,0,0,0,0,0,0,0,0,0,0,0,0,0.182368,0,0,0.451974,0,0,0.0438158,0,0.0928684,0.0536974,0.14625,0,0,1.09539,1.22368,4.26316,0
0,0.0735,0.1135,0,0.119,0,0,0.2,0,0.0735,0,0.371,0.128,0,0,0.2,0,0.0735,3.509,0,0,0,0,1.0725,0,0,0,0,0.192,0,0.135,0,0,0,0.192,0,0,0,0.29,0,0.25,0.192,0,0.405,0.4035,0.068,0,0,0.1923,0.0491,0,0.56345,0,0.0612,3.24065,13.4,23.7,0.55
0,0,0.180833,0,0.396667,0.286667,0,0.925833,0,0.308333,0,0.2975,0,0.286667,0,0.5375,0,0.180833,3.2975,0,7.66333,0,0,0,0,0,0.945833,0,0.308333,0,0,0,0,0,0,0,0,0,0,0,0,0,0,0,1.08583,0,0.180833,0,0,0.0433333,0,0.352583,0,0,1.22217,2.08333,6.75,0.25
0,0,0.220909,0,0.308182,0.0227273,0.0945455,0.100909,0.100909,0.146061,0.0272727,0.647879,0.0272727,0,0,0.0945455,0.100909,0.118788,0.928182,0,0.339697,0,0,0,0.19697,0.244545,0.250909,0.118788,0.0560606,0.0312121,0,0,0.0227273,0,0.175455,0,0.0560606,0,0,0.0672727,0,0.209697,0,0,0.54,0.0657576,0,0.0224242,0.00918182,0.186727,0,0.192485,0.013303,0.0232424,2.20664,8.45455,24.2727,0.212121
0,0,0,0,1.28875,0,0,0,0,0,0,3.475,0,0,0,0,0,0,0,0,0,0,0,0,0.80875,0.80875,0,0,9.02375,0,0,0,0,0,0,0,0,0,0,0,0,8.4,0,0,0,0,0,0,0,0,0,0.213,0,0,1.41112,3.375,13.75,0
0,0,0,0,0,0,0,0,0,0,0,0.106667,0.246667,0,0,0.392222,0,0,5.06333,0,0,0,0,0,0,0,3.41444,0,0,0,0,0,0,0,0,0,1.55889,0,0.758889,0,0,0,0,0,1.07667,0,0,0.165556,0.0381111,0.0291111,0,0.217222,0,0.0462222,1.66167,6.33333,27.6667,0
0.0901887,0.0471698,0.31717,0,0.197736,0.0458491,0,0,0.0341509,0.0754717,0,0.139057,0.131132,0.289434,0,0.189057,0,0.0264151,3.43962,0.343019,0.37,0,0,0,0.227736,0.0496226,1.94887,0,0,0,0,0,0.20566,0,0,0,0,0,0.139057,0,0,0.196226,0,0.185849,1.10358,0.31,0,0.0898113,0.011283,0.124887,0.0141698,0.0463396,0,0,1.15389,1.79245,9.5283,0.0188679
0.204423,0.0476923,0.317115,0,0.177885,0.179615,0.0873077,0,0,0.135769,0,0.383077,0.0867308,0.045,0,0.173269,0.0440385,0.117885,1.73519,0.0128846,0.640962,0,0,0.0376923,0.123269,0.109808,0.214808,0,0.0725,0.0432692,0.0223077,0,0.106154,0,0,0.0423077,0.0698077,0,0.0330769,0.0192308,0.0761538,0.0442308,0,0.231923,0.530385,0.243846,0.0196154,0,0.0310577,0.114712,0.0137308,0.159212,0.0181538,0.00584615,1.37517,3.75,32.9615,0.173077
0,0,0,0,0.78,0,0.78,0,0,0,0,0,0,0,0,0,0,0,3.16,0,0,0,0,0,0,0,0,0,0,0,0,0,0,0,0,0,0,0,0,0,0,0,0,0,0,0,0,0,0,0,0,0.3835,0.1275,0,29.0415,90,98.5,0.5
0.153478,0.124783,0.265435,0.00804348,0.295435,0.106304,0.0395652,0.230435,0.203696,0.299348,0.0923913,0.540435,0.148261,0.0695652,0.0623913,0.32413,0.210435,0.185652,1.49261,0.128696,0.707826,0.652609,0.261522,0.233478,0.461087,0.0893478,0.00586957,0.00543478,0.00326087,0.023913,0.0104348,0,0.0884783,0.00282609,0.0106522,0.118043,0.160217,0.00934783,0.0213043,0.0245652,0.0193478,0.00326087,0.0073913,0.0245652,0.0297826,0.0973913,0.0023913,0.0397826,0.0394565,0.123587,0.0373696,0.200739,0.163326,0.101739,5.77274,124.522,1677.87,0.543478
0.0792982,0.0442105,0.28807,0,0.177895,0.0545614,0.0196491,0.117193,0.0115789,0.186842,0.0624561,1.01474,0.0198246,0,0.0314035,0.189298,0.0296491,0.0857895,1.53351,0,0.727018,0,0.00982456,0,0.478246,0.137895,0.119825,0,0.0957895,0.176316,0.0157895,0,0.249474,0,0,0.131404,0.207368,0.00964912,0.326842,0,0.119649,0.196842,0.0236842,0.128246,0.213158,0.189474,0,0.047193,0.00615789,0.116825,0.00454386,0.13893,0.00575439,0.00884211,1.63525,5.82456,48.7544,0.140351
0.084902,0.103529,0.317255,0,0.25549,0.06,0.107255,0.0415686,0.00647059,0.0762745,0.0703922,0.622745,0.172941,0,0,0.337451,0.100392,0.185686,1.76922,0.0392157,0.475098,0,0.0168627,0.0245098,0.176078,0.187451,0.259216,0,0.188431,0.0376471,0.0217647,0,0.213725,0,0.01,0.07,0.106667,0.032549,0.0886275,0,0,0.104118,0.0447059,0.109412,0.177647,0.0298039,0,0.0539216,0.0308039,0.132922,0,0.103451,0.0182353,0.0328431,1.57482,5.33333,56.3137,0.215686
0,14.1478,0,0,0,0,0,0,0,0.132222,0,0,0,0,0,0,0,0,0,0,0,0,0,0,0,0,0,0,0,0,0,0,0,0,0,0,0,0,0,0,0,0,0,0,0.132222,0,0,0,0,0,0,0,0,0,1.77778,4.88889,9.02778,0
0,0,0.0417391,0,0.437609,0.127826,0.137391,0.0386957,0,0.0386957,0,0.0247826,0.098913,0.338478,0,0.0482609,0,0.0417391,0.697174,0.0482609,0.136087,0,0,0.197609,0.188913,0,0.207609,0.0943478,0.07,0,0,0,0,0,0,0,0.116304,0,0.264348,0,0.0991304,0.488043,0.0776087,0.290435,0.467391,0.176739,0,0,0,0.13963,0.0725435,0.152196,0,0,2.0648,6.23913,17.1739,0.130435
0.152041,0.124898,0.321224,0.0236735,0.170408,0.143061,0.172653,0.045102,0.0077551,0.206327,0.0487755,0.442245,0.12102,0,0.0253061,0.571837,0.181837,0.0665306,1.76102,0.00632653,0.877347,0.116122,0.198776,0.127959,0.578163,0.393878,0.276122,0.137755,0.0955102,0.16,0.087551,0.087551,0.0863265,0.115102,0.145102,0.150408,0.0230612,0,0.165714,0.0967347,0.00673469,0.0326531,0,0.0326531,0.217347,0.0436735,0,0.0520408,0.0164898,0.140184,0.012551,0.47849,0.0457959,0.0522041,3.78251,35.0408,128.469,0.571429
0.119583,0.0514583,0.167917,0,0.187292,0.0472917,0.136042,0.53125,0.102708,0.0435417,0.0477083,0.356875,0,0.259167,0,0.24,0.217708,0.132708,1.23021,0.0302083,0.672708,0,0.220208,0.0877083,0.180417,0.243542,0.101458,0.112708,0,0.0260417,0,0.0122917,0,0.0122917,0.0783333,0.120833,0.116667,0,0,0,0,0.0585417,0,0.0310417,0.490208,0,0,0.0345833,0.00441667,0.138937,0.00552083,0.223917,0.166833,0.0110417,3.97381,26.6667,77.9583,0.770833
0.0708696,0.0853623,0.200145,0.0195652,0.269565,0.0210145,0.144928,0.162464,0.0391304,0.701884,0.0676812,0.406522,0.127101,0,0.0536232,0.114493,0.148406,0.227536,1.82667,0,0.603768,0,0.0549275,0.093913,0.714203,0.38942,0.184783,0.351449,0.0642029,0.182029,0.0784058,0.0436232,0.00898551,0.0436232,0.201304,0.120725,0.182464,0.00782609,0.146812,0.0678261,0.0476812,0.0246377,0.094058,0.0392754,0.262319,0.243043,0.0117391,0.00782609,0.0445217,0.152812,0.0196232,0.318536,0.0393913,0.00207246,2.65186,14.3913,80.8841,0.376812
0.122099,0.0518519,0.228395,0.0119753,0.255062,0.124691,0.0545679,0.117654,0.0462963,0.216914,0.0430864,0.506667,0.0995062,0.0392593,0.00111111,0.126667,0.145679,0.10358,1.24247,0.1,0.487531,0.775556,0.166296,0.0539506,0.962346,0.358889,0.128272,0.0488889,0.0709877,0.0550617,0.0662963,0.015679,0.108889,0.015679,0.0440741,0.0758025,0.292099,0.00234568,0.0208642,0.0291358,0.0611111,0.0411111,0.0474074,0.0877778,0.0907407,0.312469,0,0.0149383,0.303444,0.182605,0.0332963,0.139914,0.0752716,0.0774691,3.34241,26.4444,313.877,0.382716
0.0408621,0.0234483,0.278448,0,0.4,0.0443103,0.0317241,0.0146552,0,0.0822414,0.0191379,1.01862,0.0658621,0.055,0,0.181207,0,0.032069,1.81948,0,0.564655,0,0,0.00965517,0.228276,0.062931,0.132414,0,0.296034,0.0337931,0,0,0.0656897,0,0,0.042069,0,0.0424138,0.0194828,0,0.131034,0.555172,0.0268966,0.152414,0.373621,0.160517,0,0,0.0328276,0.176379,0.00794828,0.0795172,0.0097931,0.0017069,1.46345,4.27586,28.1552,0.0689655
0.0541176,0.104314,0.0947059,0,0.384118,0.0329412,0,0.0456863,0.0172549,0.0523529,0,0.969608,0.0719608,0.0301961,0,0.0398039,0,0.139608,0.480392,0.0247059,0.271373,0,0,0.0339216,0.220392,0.207647,0.385098,0,0.10098,0.0780392,0,0,0.175098,0,0,0,0.15549,0,0.0437255,0,0.0305882,0.223922,0.034902,0.21549,0.49,0.100588,0,0.0433333,0.0357451,0.21951,0,0.114863,0,0.00241176,1.44998,4,22.6863,0
0.0830189,0.173208,0.365472,0,0.235283,0.0643396,0.133962,0.0241509,0,0.256981,0.0309434,0.503962,0.357736,0,0,0.612075,0.0620755,0.0841509,1.90585,0.0503774,0.928491,0,0.0996226,0.070566,0.308491,0.215094,0.326981,0.0675472,0.0416981,0.0416981,0.102642,0.0169811,0.0262264,0.0169811,0.185094,0.0416981,0.257358,0.00773585,0.206792,0.0337736,0.110755,0.348491,0.183019,0.296981,0.235849,0.257925,0,0,0.0119245,0.0933774,0.0141698,0.322811,0.276283,0.0228491,2.33342,11.7736,43.0189,0.415094
0.27125,0,0.333125,0,0.688125,0,0,0,0,0.0975,0,3.82875,0.115625,0.13,0,0.18375,0,0.0975,0.70875,0,0.0975,0,0,0,0,0,0.818125,0,0,0,0,0,0.26,0,0,0,0,0,0.405,0,0.20125,0.57375,0,0.61,0.468125,0.46125,0,0,0,0.239625,0,0.091125,0,0,1.26425,2.4375,11.0625,0
0.195778,0.143778,0.497333,0.028,0.305111,0.0851111,0.156889,0.210444,0.120889,0.236667,0.05,0.438444,0.0688889,0,0,0.396667,0.340889,0.299111,2.09244,0.397333,1.38156,0.500667,0.109111,0.119556,0.0842222,0.0766667,0.00711111,0.0204444,0.0442222,0.048,0,0,0,0,0.0488889,0.0257778,0.0955556,0,0.0128889,0.0473333,0,0,0.0315556,0.0168889,0.185333,0.006,0.0308889,0.0631111,0.0231778,0.112444,0.0122222,0.522467,0.330022,0.241044,5.5208,83.9333,331.4,0.755556
0.0723457,0.0981481,0.25,0,0.35716,0.0850617,0.0590123,0.0990123,0.0458025,0.126173,0.044321,0.547531,0.0840741,0,0.0146914,0.0944444,0.152346,0.168519,1.25395,0,0.48,0,0.0330864,0.0108642,0.649012,0.393457,0.371111,0.200864,0.108889,0.15,0.0649383,0.0549383,0.132099,0.0549383,0.138765,0.204444,0.250494,0.0134568,0.172222,0.0819753,0.0492593,0.0406173,0.161605,0.0948148,0.282099,0.164074,0,0.092716,0.0363951,0.131136,0.0231111,0.136815,0.0354198,0.0283951,1.9408,11.1975,112.691,0.222222
0.30617,0.144894,0.280426,0.0917021,0.0723404,0.106809,0.0193617,0.139787,0.221064,0.399574,0.144681,0.630213,0.341064,0.652766,0.0255319,0.158936,0.276596,0.12,1.86936,0.0476596,0.868511,0.0334043,0.447021,0.28766,0.0951064,0.0604255,0.00510638,0.00148936,0.00212766,0.00382979,0,0,0.309362,0,0,0.0297872,0.176383,0.00148936,0.00659574,0.017234,0.0246809,0.00765957,0.00446809,0.0159574,0.0421277,0.0568085,0.00978723,0.0502128,0.0292553,0.115766,0.00757447,0.24734,0.329319,0.0877872,5.44715,185.447,3357.47,0.744681
0,0,0,0,0.625,0,0,0,0,0,0,0,0,0,0,0,0,0,0,0,0,0,0,0,6.25,3.55125,0,0,0,0,0,0,0,0,0,0.480625,0,0,0,0,0,0.905625,0,4.04187,0,0,0,0,0,0,0,0,0,0,1.42756,2.4375,5.9375,0
0.0553659,0.136098,0.207073,0,0.462683,0.0917073,0.0465854,0.163902,0,0.0409756,0.0221951,0.872195,0.0543902,0.0478049,0.0160976,0.302195,0.0487805,0.23561,2.16878,0,1.09683,0,0.18878,0.064878,0.30122,0.156829,0.113415,0,0.113659,0,0,0,0.0870732,0,0,0,0.153415,0,0.151463,0,0.219512,0.197561,0.112927,0.0931707,0.234634,0.18561,0,0.062439,0.0384878,0.0842683,0.0225122,0.254927,0.0938537,0.0248537,2.3378,10.5854,30.1951,0.390244
0.134681,0.0629787,0.360851,0,0.415532,0.0308511,0,0.0093617,0.0144681,0.109362,0.0297872,0.453191,0.167447,0.0187234,0,0.134894,0.0187234,0.197872,2.36723,0.0189362,0.618298,0,0.03,0.0987234,0.273191,0.125957,0.185745,0,0.101064,0.108723,0,0,0.0344681,0,0,0.0289362,0.0702128,0.0197872,0.036383,0,0.0425532,0.184255,0,0.082766,0.244468,0.0948936,0,0.0465957,0.00934043,0.134426,0.00546808,0.0905745,0.00751064,0.00459574,1.38783,4.46809,38.617,0.12766
0,0,0.185,0,0.0738889,0,0,0,0,0,0,0.205556,0,0,0,0,0,0.661667,0.277222,0,0.0738889,0,0,0,4.41556,4.675,0.359444,0.815556,0,1.00778,0.661667,0,0,0,0.661667,0.661667,0.787778,0.222222,0.0738889,0,0,0.468889,0,0,0.191111,0,0,0.205556,0.0480556,0.0592778,0.0478333,0.169778,0,0.0358333,2.01683,8.38889,28.0556,0
0,0,0,0,0,0,0,0,0,0,0,0,0,0,0,0,0,0,0,0,0,0,0,0,8.59765,4.29647,4.29647,4.29647,4.29647,4.29647,4.29647,4.29647,0,4.29647,4.29647,4.29647,0,0,0,4.29647,0,0,0,0,0,0,0,0,0,1.15582,0,0,0,0,3.26859,11,30.8235,0
0.096,0.008,0.196,0.008,0.092,0.118,0,0.058,0.058,0.188,0.074,0.082,0.072,0,0.038,0.088,0.078,0.076,0.608,0.008,0.242,1.906,0.138,0.11,0,0,0,0,0,0,0,0,0,0.028,0,0.008,0,0,0.016,0,0,0,0,0,0.038,0,0,0,0.4302,2.0094,0.009,0.3924,0.375,0.4024,57.5034,2297.8,10648.8,1
0.186053,0.0567105,0.306711,0,0.494079,0.0807895,0.118158,0.206447,0.0575,0.201579,0.0309211,0.442105,0.0418421,0,0.0331579,0.365658,0.145526,0.167632,1.50092,0.0864474,0.954342,0.0132895,0.154474,0.0217105,0.676316,0.554737,0.234605,0.308289,0.113158,0.131711,0.0639474,0.0656579,0.0523684,0.0775,0.213421,0.124737,0.203158,0,0.1075,0.0584211,0.0771053,0.0394737,0.101842,0.0692105,0.240658,0.142105,0.0025,0.0167105,0.0123289,0.163974,0.0361579,0.312789,0.0957895,0.015,2.30411,16.6579,123.987,0.434211
0.49913,0.766087,0.79,0.398261,0.340435,0.222609,0.0530435,0.428696,0.393043,1.43826,0.0473913,1.52652,0.131739,0.295217,0.363478,0.312174,0.183913,0.671739,2.03609,0.365652,3.39478,0.0165217,0.417826,0.241304,0,0,0,0,0,0,0,0,0.0143478,0,0.0552174,0,0.016087,0,0,0,0,0,0.00826087,0,0,0,0,0,0.0238696,0.153739,0,1.01309,0.170435,0.0643478,41.0404,622.435,877.391,1
0.119259,0,0.137778,0,0.210741,0.0374074,0,0.0696296,0,0.217037,0.0333333,0.388889,0,0,0.0251852,0.0674074,0,0.351111,0.682593,0,0.112222,0,0,0,2.52333,1.53,0.905556,0.968519,0.567037,1.15111,0.767037,0.51,0.270741,0.51,1.13519,0.701111,0.0388889,0,0.566296,0.51,0,0.0859259,0.0388889,0.260741,0.205556,0.0859259,0,0,0.00444444,0.276519,0.00462963,0.0656667,0,0.0113704,2.19381,11.1111,47.8889,0.0740741
0.125051,0.147172,0.387273,0.144545,0.284545,0.114545,0.0924242,0.188182,0.397778,0.485859,0.123737,0.490404,0.118384,0.0650505,0.122323,0.270202,0.148384,0.336364,1.39162,0.175354,0.882626,0.945354,0.107273,0.196162,0.489798,0.156667,0.0315152,0.0256566,0.00575758,0.0276768,0.0205051,0.00191919,0.127778,0.00383838,0.129798,0.0329293,0.14202,0.00181818,0.0339394,0.0326263,0.00969697,0.0281818,0.00545455,0.0126263,0.0370707,0.0379798,0.00666667,0.029798,0.0609899,0.110354,0.0452929,0.336889,0.180515,0.107051,4.67404,71.0505,973.01,0.676768
0.151343,0.146716,0.826866,0.00283582,0.707612,0.520149,0.272836,0.136716,0.56597,0.458209,0.203284,0.601194,0.150746,0.0797015,0.967015,0.304776,0.11209,0.760149,1.5091,0.820448,0.926119,0.0862687,0.517612,0.144478,0.051194,0.00134328,0.021791,0.00716418,0,0.00865672,0,0,0.00313433,0.00567164,0.00432836,0,0.0129851,0,0,0.0401493,0,0,0.0835821,0.0119403,0.0447761,0.0364179,0,0,0.00285075,0.0761343,0.0011194,0.448209,0.160104,0.019791,108.883,790.104,1415.94,0.985075
0.134865,0.488649,0.356757,1.91676,1.01486,0.16027,0.638378,0.169189,0.0643243,0.403784,0.0472973,0.678919,0.176216,0.0908108,0,0.809459,1.7027,0.264865,2.09892,0.303784,1.67838,0,0.00864865,0.155676,0,0,0,0,0,0.0262162,0,0,0,0,0,0.0578378,0.125946,0.0421622,0,0.00918919,0,0,0,0,0.00918919,0,0,0,0,0.126135,0,0.757622,0.153568,0.0357838,8.13586,130.514,189.757,0.918919
0.106905,0.222381,0.243333,0,0.303571,0.158571,0.0952381,0.130952,0,0.272143,0.0304762,0.382143,0.0459524,0,0.0678571,0.0797619,0.0611905,0.0333333,1.88095,0,0.476429,0,0.0185714,0.0207143,0.39119,0.153571,0.143571,0.0904762,0,0.104524,0.0626191,0.119762,0.125714,0.119762,0.177143,0,0.330476,0,0.0869048,0,0.0285714,0.246905,0.0678571,0.052381,0.202619,1.01143,0,0,0.00754762,0.118881,0.00978571,0.467905,0.00814286,0,2.82612,16.8571,52.119,0.214286
0.0880488,0.0156098,0.693171,0,0.25561,0.0187805,0.0870732,0,0.102439,0.274878,0.0758537,0.607805,0.0339024,0.0195122,0.0414634,0.147073,0.109268,0.156098,4.0122,0.0926829,1.01561,0,0,0.0480488,0.0778049,0.025122,0.214634,0,0.014878,0.0785366,0,0,0.0509756,0,0,0.0165854,0.0695122,0,0.0863415,0.0234146,0.0258537,0.1,0.0209756,0.0753659,0.282683,0.374146,0,0.0512195,0.0219512,0.0610488,0,0.246341,0.0260488,0,1.37578,3.97561,23.6341,0.195122
0,0,0.194737,0,0,0,0,0,0,0,0,0.478947,0,0,0,0,0,0,10.7705,0,1.11947,0,0,1.17105,0,0,0.956842,0,0,0,0,0,0,0,0,0,0,0,0,0,0,0,0,0,2.83421,0.111579,0,0,0.0196842,0,0,0,0,0,1.05068,1.31579,5.73684,0.105263
0.103684,0.0486842,0.148421,0,0.155526,0,0.0647368,0.0357895,0.0444737,0.0715789,0,0.813684,0.0476316,0,0,0.187105,0.04,0.0486842,0.940263,0,0.116053,0,0,0,0.416579,0.534474,0.338947,0,0.182368,0,0.0339474,0,0.0476316,0,0.115526,0.110263,0.247105,0,0.09,0,0.0247368,0.485789,0,0.204211,0.310526,0.0639474,0,0.103684,0,0.0893158,0.0279737,0.166079,0.00505263,0,1.93811,7.34211,35.7368,0.0789474
0,0,0,0,0,0,0,0,0,0,0,0,0,0,0,0.425532,0,0,0,0,0,0,0,0,0,0,19.376,0,0,0,0,0,0,0,0,0,0,0,0,0,0,0,0,0,0,0,0,0,0,0.0373191,0,0,0,0,1.06967,1.25532,5.2766,0
0,0,0.536667,0,1.925,0,0,0,0,0,0,0,0,0,0,0,0,0,0,0,0.536667,0,0,0,0,0,3.70333,0,0,0,0,0,0,0,0,0,0,2.46333,0,0,0,10.2133,0,0,0,0,0,0,0,0,0,0,0,0,1.111,1.33333,5.33333,0
0.0818667,0.0813333,0.345067,0.0116,0.3452,0.104667,0.0574667,0.1388,0.0865333,0.2848,0.0645333,0.419067,0.0924,0.0226667,0.0176,0.277867,0.116933,0.174933,1.36507,0.0265333,0.782,0.0246667,0.0850667,0.074,0.6976,0.3688,0.160133,0.1308,0.0677333,0.136933,0.0961333,0.048,0.1716,0.048,0.0832,0.13,0.2852,0.0202667,0.100267,0.0748,0.0106667,0.0424,0.0993333,0.1296,0.167333,0.103333,0.0145333,0.0296,0.0264267,0.213067,0.02332,0.137427,0.0530267,0.0414667,2.581,20.7867,215.84,0.44
0,0,0,0,0,0,0,0,0,0,0,0,0,0,0,1.38833,0,0,0,0,0,0,0,0,0,0,0.49,0.49,0,0.49,0,0,0,0,2.15667,0,0,0,0,0,3.26667,0,0,0,0,5.615,0,0,0,0.0635833,0,0,0,0,3.7895,8.08333,12.5,0.0833333
0.129333,0,0.314,0,0.086,0.0855556,0.143111,0.149778,0.225556,0.193111,0.0382222,0.230444,0.0206667,0.255556,0.0257778,0.697778,0.0584444,0.169556,2.11956,0,1.01956,0,0.0248889,0.0802222,0.134667,0.264222,0.195556,0.114889,0.164444,0,0,0,0,0,0,0,0.275111,0,0.100667,0,0.124,0.217333,0.127111,0.0137778,0.818889,0.572889,0,0,0.0119778,0.134533,0.0294,0.300556,0.0590889,0.0479556,2.66838,14.3556,36.2,0.466667
0.130286,0.126857,0.527429,0,0.372286,0.191429,0.221143,0.274,0.0731429,0.138,0.0882857,0.615714,0.0877143,0,0.0634286,0.339429,0.206,0.220857,2.34514,0.418857,1.52,0.0777143,0.398,0.119714,0.420571,0.308857,0.0402857,0.0777143,0.0122857,0.0294286,0.0122857,0.0122857,0.0697143,0.0122857,0.092,0.0442857,0.164857,0.0157143,0.0891429,0.09,0.00885714,0.0314286,0.0377143,0,0.122857,0.024,0,0.0665714,0.0144,0.0677143,0.007,0.332943,0.164743,0.0728,3.80926,39.7429,173.429,0.714286
0.111389,0.1,0.267222,0,0.607222,0.214722,0.229444,0,0.0919444,0.333056,0.0755556,0.27,0.235556,0.0477778,0.0147222,0.739444,0.0622222,0.205556,1.86028,0.0319444,0.840833,0,0.00916667,0.281389,0.133611,0.07,0.0991667,0.0738889,0,0.0411111,0,0,0.103056,0,0.0330556,0.0619444,0.0563889,0,0.0225,0.0377778,0.00722222,0,0.0194444,0.0536111,0.275833,0.346389,0,0,0.00125,0.0698889,0.00758333,0.267,0.0502222,0.550806,4.07853,55.6667,110.806,0.555556
0.268727,0.103091,0.278909,0,0.552545,0.0221818,0.123455,0.0483636,0.0230909,0.0930909,0.0172727,0.544182,0.0263636,0.046,0.0156364,0.445091,0.278,0.211818,2.61564,0.008,1.27673,0,0.192727,0.1,0.046,0.0289091,0.0667273,0.0581818,0,0,0,0.0114545,0.008,0.0114545,0.0367273,0.084,0.0256364,0,0.0301818,0.006,0,0.0121818,0.0116364,0.0109091,0.290727,0.0392727,0,0.0463636,0.0100909,0.105927,0.00676364,0.459673,0.139836,0.00750909,3.16793,25.6909,111.691,0.854545
0.05,0.133908,0.293908,0.0137931,0.335402,0.122184,0.117126,0.0971264,0.061954,0.248046,0.0450575,0.496092,0.218046,0.0431034,0.117126,0.10908,0.124713,0.286782,1.31609,0.0556322,0.701494,0.476667,0.133218,0.0805747,0.712069,0.292069,0.198161,0.132414,0.11,0.117701,0.0597701,0.0722989,0.0866667,0.075977,0.0789655,0.105057,0.148851,0,0.0716092,0.0922989,0.016092,0.0451724,0.0774713,0.0337931,0.124368,0.0627586,0,0.0170115,0.0982989,0.192667,0.0325402,0.154184,0.118989,0.0587701,3.16837,24.7701,253.862,0.528736
0.611111,0,0.719444,0,0.0672222,0,0.0494444,0,0,0.116944,0.611111,1.54917,0,0.0644444,0,0.271667,0.0322222,0.0605556,1.51778,0,5.01472,0,0,0.579722,0.0655556,0.12,0,0.0644444,0,0.0544444,0,0,0,0,0,0,0.0447222,0,0.0630556,0,0,0,0,0.0322222,0.0447222,0.0322222,0,0.0675,0,0.0311944,0,0.170806,0.0919167,0.00527778,4.92053,27.6944,54.5833,0.527778
0.0802857,0,0.0432857,0,0.0892857,0,0,0.084,0,0.0894286,0,0.031,0,0,0,0.142857,0.0407143,0,0.0757143,0,0,0,0,0,0.062,0,0.0681429,0,0,0.0594286,0.178571,0,0.100143,0,0,0,0,0.0407143,0,0,0,0.304857,0,0.0925714,0.258,0.145,0,0.214286,0,0.0818,0.0793429,0.0707857,0.0206143,0,1.5512,3.04286,8.2,0.0428571
0.1325,0.0885417,0.380625,0.026875,0.379792,0.269375,0.118958,0.0902083,0.049375,0.201875,0.0383333,0.703542,0.0629167,0,0.00604167,0.303125,0.139375,0.315417,1.6725,0.00770833,1.04792,0,0.316667,0.14,0.423958,0.368125,0.112917,0.108125,0.0241667,0.0679167,0.0120833,0.0185417,0.114375,0.0120833,0.0908333,0.055625,0.128542,0,0.065625,0.0479167,0.116458,0,0.0739583,0.02875,0.156875,0.0402083,0.033125,0.00583333,0.0627917,0.150354,0.0103958,0.327083,0.0749792,0.0107708,2.54577,19.3125,141.833,0.5
0.0908,0,0.4324,0,0,0.1176,0,0,0,0.788,0,0,0,0,0,0.3076,0,0,5.27,0,0.4172,0,0,0,0.0724,0,0,0,0,0,0,0,0,0,0,0,0,0,0,0,0,0,0,0.1248,0.4008,0,0,0,0.04136,0.10588,0,0.04604,0,0,1.10664,1.24,4,0.08
0,0,0,0,0,0,0,0,0,0,0,0,0,0,0,0,0,0,0,0,0,0,0,0,0.793571,1.02,10.7171,0,0,0,0,0,0,0,0,0,0,0,0,0,0,0,0,0,0.475714,0,0,0.595,0.186571,0,0,0.173643,0,0,1.8225,4.07143,9.71429,0
0.0371186,0.145932,0.391525,0,0.599492,0.126949,0.26322,0.162712,0.0783051,0.208983,0.123729,0.684576,0.0567797,0,0.210169,0.284407,0.30322,0.470339,2.05203,0.480339,1.25203,0.154068,0.248305,0.114407,0.368644,0.159322,0.0552542,0.14678,0.0232203,0.140847,0.0232203,0.0232203,0.0271186,0.0232203,0.0442373,0.0569492,0.104407,0,0.17339,0.102881,0.0179661,0.0483051,0.0061017,0,0.186271,0.0464407,0,0,0.00445763,0.150831,0.00110169,0.27761,0.0808983,0.0307288,5.86424,58.7797,142.288,0.627119
0,0,0,0,2.09364,0,0,0,0,0,0,0,0,0,0,0,0,0,0,0,0,0,0,0,0,0,0,0,0,0,0,0,0,0,0,0,0,0,0,0,0,0,0,0,0,0,0,0,0,0.136091,0,0.849727,0,0,1.04545,1.09091,2,0.272727
0.220455,0.114318,0.291136,0,0.240455,0.0165909,0.362955,0.0186364,0,0.181364,0.0747727,0.772273,0.0293182,0,0.0595455,0.264318,0.155,0.312955,1.70773,0.0504545,0.629091,0,0.202273,0,0.969318,0.627045,0.0784091,0.327273,0.135455,0.277045,0.0572727,0,0.0997727,0,0.339773,0.0572727,0.141364,0,0.0502273,0.0145455,0.0613636,0.287955,0.04,0.0204545,0.248409,0.178182,0,0.0561364,0.00661364,0.129977,0.00563636,0.192523,0.0427045,0.3055,2.13448,10.7727,53.4091,0.386364
0.133784,0.220811,0.502973,0,0.395676,0.106757,0.394054,0.0210811,0.0478378,0.374324,0.0851351,0.503243,0.205405,0.0324324,0.0686486,0.314865,0.176486,0.319189,2.26027,0,0.938108,0.0440541,0.504865,0.0545946,0.0889189,0.102973,0,0.194865,0,0.0889189,0,0,0.539189,0,0.178108,0.017027,0.0362162,0,0,0.0981081,0,0.0916216,0.0140541,0.0248649,0.125135,0.128919,0,0,0.0121351,0.087027,0,0.677703,0.124973,0.0240541,6.31868,76.027,190.486,0.675676
0.0713953,0.0387209,0.232093,0.0154651,0.170349,0.064186,0.0474419,0.122209,0.0137209,0.0897674,0.0310465,0.538605,0.105814,0.00267442,0.0198837,0.0893023,0.143953,0.389884,1.45372,0.00744186,0.485349,0,0,0.0215116,0.665698,0.265,0.207674,0.208256,0.0924419,0.204651,0.0890698,0.0375581,0.325233,0.0375581,0.145233,0.169651,0.27907,0.0118605,0.15407,0.0375581,0.072907,0.120698,0.123837,0.163023,0.230581,0.162558,0,0.0116279,0.0172326,0.174395,0.036186,0.244512,0.0169651,0.0147558,1.78547,8.55814,67.7442,0.244186
0,0,0,0,0,0,0,0,0,0,0,0,0,0,0,0,0,0,0,0,0,0,0,0,0,0,4.2475,0,0,0,0,0,0,0,0,0,3.355,0,6.2275,0,0,0,0,0,0,0,0,0,0.641,1.42725,0,0,0,0,3.49575,25,36.5,0
0.0785915,0.0994366,0.24507,0,0.396901,0.0583099,0,0.107465,0.0276056,0.203521,0,0.179014,0.0753521,0.0791549,0,0.130845,0.0219718,0.0112676,0.691549,0.0380282,0.197183,0,0.0298592,0.0238028,0.119718,0.102394,0.431408,0,0.0112676,0,0,0,0.57338,0,0,0.0250704,0,0.115634,0.0319718,0,0.0326761,0.355493,0.0502817,0.0839437,0.844648,0.138732,0.0411268,0,0.0329296,0.110676,0.0204085,0.140183,0,0,1.35885,3.15493,13.8732,0.028169
0,0,0,0,0,0,0,0,0,0.841875,0,5.07438,0,0,0,0,0,0,0.409375,0,0,0,0,0,0,0,0,0,0.28375,0,0,0,0,0,0,0,0,0,0.20125,0,0,0,0,0,0,0,0,0.208125,0,0.03525,0,0.585,0,0,2.04456,7.5625,17.3125,0
0,0,0.2315,0,0.468,0,0,0,0.064,0.072,0,0.3105,0,0.064,0,0.069,0,0.2315,0.9395,0,0.3745,0,0,0,4.017,1.7495,1.478,1.7495,1.472,1.5645,1.5645,1.333,0.06,1.333,1.7495,1.5645,0,0,0,1.333,0,0.204,0,0.2695,0.132,0,0,0,0,0.4996,0.0817,0.03445,0,0.0332,2.5899,11.15,39,0
0.21,0.448824,0.646471,0.0823529,0.291176,0.0241176,0.437647,0.0335294,0.169412,0.931176,0.145294,0.911765,0.0476471,0.0776471,0.177059,1.51235,0.374706,0.0370588,1.97235,0.135882,1.54941,0,0.0482353,0.146471,0.0317647,0.0470588,0.0170588,0.0341176,0,0,0,0,0,0.0170588,0.0341176,0.0135294,0.0358824,0,0,0,0,0,0,0,0.120588,0,0,0.0452941,0.0170588,0.0634706,0,0.830765,0.316118,0.0754118,40.6247,379.294,549.412,0.882353
0.0665686,0.0823529,0.271176,0,0.426569,0.114314,0.137451,0.124804,0.0336275,0.221569,0.0782353,0.51549,0.034902,0.0304902,0.110588,0.304216,0.109706,0.206275,1.73863,0.0384314,0.923431,0.0315686,0.104804,0.089902,0.77902,0.411176,0.240588,0.294314,0.112451,0.163824,0.08,0.113824,0.0476471,0.113824,0.130098,0.173039,0.130686,0.0156863,0.121961,0.0745098,0.0390196,0.0496078,0.110294,0.110294,0.232255,0.375098,0.0227451,0.00519608,0.0306471,0.154284,0.0151961,0.204745,0.0667745,0.0847157,2.28178,12.7647,99.7255,0.382353
0.125667,0.0683333,0.1775,0,0.205667,0.118833,0.2925,0.033,0.0106667,0.198,0.0515,0.579833,0.0331667,0.0463333,0.0373333,0.113,0.257833,0.0478333,1.83067,0.0075,0.378167,0,0.142833,0.0065,0.142333,0.0318333,0.207167,0,0.0153333,0.0485,0,0,0.147833,0,0,0.097,0.176167,0,0.0526667,0.00433333,0.107167,0.2165,0.0131667,0.0585,0.297833,0.0896667,0,0.0826667,0.0161667,0.118233,0.00833333,0.34965,0.0236,0.0146667,1.66685,6.18333,43.1333,0.183333
0.314865,0.276757,0.336486,0.00351351,0.248919,0.0745946,0.0389189,0.149459,0.425676,0.528919,0.214054,0.579189,0.367838,0.723243,0.0859459,0.259189,0.332432,0.11027,2.41297,0.0359459,1.0927,0.0454054,0.393784,0.371622,0.0959459,0.0994595,0.00162162,0.000540541,0.000540541,0,0,0,0.123243,0,0.00189189,0.0321622,0.133784,0.00297297,0.00243243,0.0391892,0.00432432,0.00216216,0.00621622,0.00378378,0.0594595,0.0194595,0.00189189,0.0156757,0.0328378,0.100892,0.0108919,0.335595,0.430541,0.0987568,7.64754,346.757,2344.32,0.864865
0.106271,0.0488136,0.12,0,0.14661,0.0486441,0.121017,0.239492,0.0440678,0.225424,0.0477966,0.437458,0.0762712,0.0201695,0.0671186,0.168305,0.0881356,0.0823729,1.28136,0,0.704407,0,0.0861017,0.0971186,0.804068,0.358983,0.0988136,0.370169,0.0905085,0.0154237,0,0.0118644,0.191525,0.0118644,0.195424,0.061017,0.438814,0,0.117288,0,0.0318644,0.111356,0.0925424,0.0157627,0.390847,0.480847,0,0.0672881,0.020678,0.238797,0.0147627,0.265237,0.0740339,0,3.03119,18.8475,67.5085,0.423729
0.127831,0.114578,0.367831,0.026747,0.306867,0.0922892,0.0615663,0.111566,0.182651,0.313735,0.100361,0.492651,0.131325,0.0350602,0.102892,0.303494,0.160843,0.251807,1.57602,0.0971084,0.876988,0.578313,0.182048,0.104458,0.488193,0.23747,0.0914458,0.116145,0.0522892,0.066988,0.0391566,0.0307229,0.0336145,0.0307229,0.0701205,0.0854217,0.137831,0.0460241,0.0506024,0.0950602,0.0412048,0.0908434,0.0490361,0.0153012,0.0968675,0.0759036,0.0181928,0.0489157,0.264,0.15894,0.0164819,0.245133,0.0815904,0.120169,3.55516,44.6145,378.542,0.518072
0.24,0,0.1275,0,0,0.223125,0,0,0,0,0,0,0,0,0,0,0,0,3.40625,0,0.35875,0,0,0,0,0,0,0,0,0,0,0,0,0,0,0,0,0,0,0,0,0,0,0,1.33687,5.44188,0,0,0.014125,0.175875,0,2.53531,0,0,1.04163,1.125,6.1875,0
0.127282,0.103689,0.27,0.502039,0.485146,0.125534,0.055534,0.10699,0.165534,0.199515,0.11,0.69466,0.152718,0.0369903,0.0603883,0.207087,0.269029,0.184951,1.7835,0.077767,0.784466,0.786214,0.218641,0.146019,0.622233,0.118835,0.0190291,0.0180583,0.0249515,0.0102913,0.0132039,0.0162136,0.0849515,0.0084466,0.0297087,0.0763107,0.0990291,0.0271845,0.0172816,0.00796117,0.0126214,0.0416505,0.0184466,0.00446602,0.0597087,0.0524272,0.00854369,0.0166019,0.0957087,0.108233,0.00728155,0.190437,0.103097,0.0831748,3.89908,41.233,453.282,0.61165
0,0.0642424,0.167879,0,0.41,0,0.328485,0,0.0166667,0.240303,0,0.429394,0.178182,0.0945455,0,0.692121,0.0372727,0.377576,3.28758,0,1.37182,0,0,0.0430303,0.466061,0.0260606,0.0787879,0,0,0,0,0,0,0,0,0,0,0,0,0,0,0.155152,0,0.0781818,0.421818,0.441212,0,0,0.00936364,0.0189394,0,0.713818,0.0278788,0,5.64133,50.8182,73.6667,0.393939
0.136207,0.0848276,0.215977,0,0.150575,0.102529,0.134828,0.133678,0.0333333,0.337241,0.0347126,0.422184,0.0571264,0,0.00701149,0.172644,0.112759,0.17023,1.69747,0.00793103,0.847701,0,0.00827586,0,1.1369,0.483908,0.312874,0.446437,0.0834483,0.300575,0.121264,0.0702299,0.253218,0.0702299,0.258736,0.122069,0.259655,0,0.0722988,0.130345,0.0317241,0.131149,0.0986207,0.129425,0.372644,0.267126,0,0,0.0208391,0.178966,0.0176437,0.232609,0.0751724,0.212471,2.2956,12.092,60.9425,0.344828
0.037971,0.115507,0.474928,0,0.175072,0.0205797,0.110145,0.0526087,0.0108696,0.185942,0.0178261,0.743188,0.13942,0.0549275,0,0.193478,0.0765217,0.324638,3.16565,0,0.677826,0,0,0,0.151594,0.0976812,0.55942,0,0.116232,0.123188,0,0,0.0714493,0,0,0.0257971,0.0908696,0.0628986,0.0175362,0,0,0.327826,0.115507,0.043913,0.546667,0.145362,0,0.0494203,0.025058,0.0924348,0,0.14571,0.0138116,0,1.31514,2.97101,18.2899,0.115942
0.128169,0.204366,0.434648,0.602958,0.277042,0.120282,0.0490141,0.114507,0.252113,0.303521,0.0708451,0.791972,0.208732,0.127042,0.131831,0.15169,0.144789,0.189718,1.68901,0.0832394,0.939155,0,0.13,0.173239,0.727465,0.130563,0.021831,0.0238028,0.0146479,0.0183099,0.0207042,0.00225352,0.0704225,0.00225352,0.0360563,0.0633803,0.0923944,0.00197183,0.0176056,0.035493,0.00225352,0.0733803,0.0359155,0.0104225,0.0249296,0.00169014,0,0.0216901,0.142549,0.130141,0.0181268,1.04466,0.257549,0.0185775,4.07931,59.4789,755.324,0.591549
0,0,0.0935,0,0.1085,0.00925,0,0,0,0.0555,0,0.27,0,0.0625,0,0.193,0,0.36125,5.429,0,0.368,0,0,0,0,0,0.05725,0,0,0,0,0,0.15,0,0,0,0,0,0,0,0,0,0,0.10475,0.47975,0.428,0,0,0,0.047875,0.00825,0.8989,0.00845,0,1.58017,4.375,13.125,0.275
0.0467742,0.0870968,0.110968,0,0.0809677,0.110968,0.106774,0.0948387,0.0241935,0.210645,0,0.384194,0.182258,0,0,0.312903,0.0693548,0.175161,2.26645,0.375806,0.902581,0.178387,0,0.0590323,0.0383871,0.141613,0,0.0483871,0,0,0,0,0,0,0.0483871,0.0206452,0,0,0,0,0,0.0267742,0,0.0251613,0.396452,0.390968,0,0,0.0220323,0.0381935,0,0.211484,0.023871,0.104194,4.48071,45.6774,92.6452,0.419355
0.0931034,0.181034,0.554828,0.680345,0.451034,0.202759,0.456552,0.222759,0.0451724,0.275517,0.166207,0.454138,0.0944828,0,0,0.427241,0.434483,0.355862,2.33621,0.583103,1.91207,0,0.153103,0.237931,0.0196552,0.0196552,0,0,0,0,0,0,0.00931035,0,0,0.0251724,0.108966,0,0.0824138,0,0,0,0,0,0.117241,0.0427586,0,0,0.0122069,0.102345,0.0293793,0.444552,0.178207,0.0314138,9.55672,146.483,281.966,0.965517
0.0791304,0.0501449,0.277246,0,0.331449,0.159275,0.0763768,0.094058,0.0546377,0.181594,0.0508696,0.473623,0.082029,0.0552174,0.0271014,0.219565,0.183913,0.195942,1.33696,0.135652,0.769565,0,0.107681,0.0985507,0.713188,0.411449,0.13942,0.139275,0.116087,0.119275,0.0536232,0.0298551,0.063913,0.0298551,0.108551,0.0981159,0.197246,0.00202899,0.0418841,0.054058,0.231159,0.0130435,0.0791304,0.0421739,0.190145,0.432174,0,0.0401449,0.0933478,0.157536,0.0236522,0.099971,0.0556087,0.0135507,2.1448,14.7101,186.768,0.376812
0.01525,0.10375,0.24,0,0.1075,0.0265,0.14925,0.15825,0.1515,0.19625,0.0415,0.2995,0.01025,0.15625,0,0.77475,0.20825,0.11125,1.26875,0.04,0.84275,0.11075,0.2165,0.0485,0.45575,0.395,0.2675,0.05325,0,0.052,0.03925,0.04425,0.11425,0.04425,0.03875,0.1125,0.10025,0,0.05675,0.0395,0,0.019,0.034,0.01,0.2335,0.06825,0,0,0.0098,0.156325,0.01745,0.589175,0.0689,0.002,3.47375,26.975,88.875,0.675
0.0989362,0.151277,0.361489,0.0123404,0.244681,0.101277,0.0970213,0.158085,0.0482979,0.21617,0.092766,0.591277,0.092766,0.02,0,0.395319,0.153404,0.390213,1.95064,0.146596,0.908085,0,0.148298,0.122766,0.15,0.0904255,0,0.0380851,0,0.0468085,0,0,0,0.00638298,0.0651064,0.0487234,0.103617,0,0,0.0259574,0,0.00723404,0.0178723,0,0.166596,0.505957,0,0.0223404,0.00938298,0.120191,0.00457447,0.350894,0.121255,0.0214043,4.21672,64.7447,277.489,0.595745
0.165882,0.216706,0.229294,0,0.373059,0.0863529,0.131647,0.105176,0.0381176,0.298941,0.0731765,0.830941,0.108235,0.0278824,0.0304706,0.330706,0.105059,0.208353,1.78918,0.0187059,0.691294,0,0.0178824,0.0721176,0.658118,0.480235,0.272941,0.357176,0.104706,0.146118,0.116,0.0964706,0.214118,0.0964706,0.162118,0.209647,0.166941,0,0.121529,0.0867059,0.0212941,0.0823529,0.0942353,0.210353,0.182706,0.0678824,0,0.0609412,0.00509412,0.166929,0.0123176,0.102294,0.0223294,0.0134118,1.94361,9.82353,89.7647,0.247059
0,0,0,0,0,0,0,0,0,0,0,0,0,0,0,0,0,0,0,0,0,0,0,0,16.3043,1.09857,0,0,0,0,0,0,0,0,0,0,0,0,0,0,0,0,0,0,2.88357,0,0,0,0,0,0,0.0802143,0,0,4.16179,16.5714,25.5,0
0.0726829,0.253415,0.169512,0,0.308293,0.253659,0.138049,0.0185366,0.072439,0.302439,0.0370732,0.529512,0.0607317,0,0,0.153902,0.045122,0.188537,1.36317,0,0.818293,0.0302439,0.042439,0.0492683,0.60561,0.293902,0.365122,0.129268,0.163902,0.129024,0.0795122,0.0873171,0.20122,0.0873171,0.145122,0.09,0.22122,0,0.159268,0.0743902,0.0173171,0.102439,0.106098,0.0158537,0.242683,0.0441463,0,0.0463415,0.0034878,0.244341,0.0434878,0.371976,0.0914634,0.0312927,3.60017,29.5854,155,0.463415
0.0395556,0.387556,0.293778,0.891778,0.557556,0.189778,0.744667,0.0726667,0.241556,0.336222,0.0333333,0.697778,0.0542222,0.0142222,0.0204444,0.357333,0.201111,0.335556,2.084,0.0282222,1.16933,0,0.0597778,0.0862222,0.118889,0.0111111,0.255111,0.0313333,0.0111111,0.00555556,0.160889,0,0,0.00955556,0.0624444,0.0117778,0.0353333,0,0.0417778,0.422222,0,0.00444444,0,0,0.203556,0.00977778,0,0.0222222,0.0107778,0.185556,0.0144889,0.298578,0.0637333,0.0410889,13.3597,164.422,405.644,0.622222
0.0872619,0.13881,0.320357,0.00964286,0.426667,0.132381,0.109405,0.0710714,0.0378571,0.237381,0.0395238,0.63631,0.0772619,0.00630952,0.00464286,0.195238,0.140238,0.16119,1.37988,0.024881,0.899524,0,0.0766667,0.0780952,0.773929,0.405119,0.265119,0.177619,0.134524,0.141786,0.0883333,0.0994048,0.0838095,0.0994048,0.127738,0.124881,0.242262,0,0.122976,0.107857,0.0555952,0.0709524,0.140238,0.037619,0.234881,0.137262,0.0127381,0.0153571,0.0359405,0.161048,0.02575,0.10144,0.0427619,0.00889286,2.13387,14.7738,162.762,0.369048
0.0928986,0.0873913,0.265942,0.277681,0.258841,0.0771014,0.065942,0.0634783,0.295217,0.362899,0.0817391,0.461304,0.134783,0.145797,0.093913,0.283913,0.0591304,0.246812,1.34826,0.248696,0.882464,0.87,0.0985507,0.0943478,0.372899,0.174783,0.0310145,0.0185507,0.00855072,0.016087,0.0324638,0.00130435,0.0776812,0.00130435,0.10058,0.0236232,0.166522,0.00057971,0.0166667,0.0389855,0.00971014,0.0353623,0.00869565,0.0111594,0.0413043,0.0491304,0.015942,0.0382609,0.0344928,0.153725,0.0202754,0.224087,0.127522,0.104116,6.15028,101.159,1231.72,0.594203
0,0.0783333,0.261667,0,0.775,0.0466667,1.85667,0.9025,0.9025,1.0275,0.9025,0.506667,0,0.0891667,0,1.10583,2.5125,0.075,1.47083,0.9025,3.05333,0,0.2925,0.0891667,0,0,0,0,0,0,0,0,0,0,0,0,0.3675,0,0.0891667,0,0,0,0,0,0,0,0,0,0,0.0720833,0,0.73125,0.115417,0.0831667,70.9209,286.917,312.25,1
0.1312,0.0556,0.4056,0,0.8218,0.1246,0.1264,0.16,0.1178,0.3598,0.1108,0.7306,0.0256,0.0256,0.02,0.304,0.541,0.1576,2.0512,0.1696,1.2548,0.075,0.26,0.0406,0.2966,0.1318,0.0238,0.0078,0.018,0.03,0.0078,0.0078,0.0454,0.0078,0.028,0.0864,0.1496,0.0014,0.0254,0.0716,0,0.0014,0.0126,0.0554,0.2398,0.0032,0,0.0284,0.00638,0.0987,0.01008,0.38878,0.12468,0.0649,4.27344,69.3,240.98,0.76
