0.131739,0.20971,0.42913,0.620435,0.251884,0.117971,0.0504348,0.107681,0.262174,0.29,0.0646377,0.775362,0.207826,0.106667,0.136957,0.143913,0.131159,0.192899,1.65145,0.0837681,0.898261,0,0.131014,0.171304,0.834783,0.158116,0.0294203,0.0243478,0.0181159,0.033913,0.0176812,0.00623188,0.0798551,0.00623188,0.0317391,0.0681159,0.112754,0.00202899,0.0185507,0.0389855,0.0108696,0.0797101,0.045942,0.0107246,0.0291304,0.0146377,0,0.0269565,0.169623,0.15058,0.021087,1.05839,0.257087,0.0168551,4.03768,55.4638,747.072,0.565217
0.092381,0,0.376825,0,0.189683,0.0771429,0.102222,0.106984,0.161111,0.176825,0.0273016,0.265873,0.0147619,0.18254,0.0184127,0.593968,0.041746,0.194603,1.69254,0,0.750159,0,0.0177778,0.0573016,1.06714,0.599365,0.440794,0.410635,0.255079,0.328571,0.400635,0.255079,0.0190476,0.255079,0.387302,0.328571,0.196508,0,0.11127,0.255079,0.0885714,0.16127,0.0907937,0.266667,0.378413,0.473492,0,0,0.00855556,0.208778,0.0361429,0.250556,0.0449365,0.0313651,2.59778,13.254,37.3968,0.333333
0.546667,0.69381,0.847143,0,0.305714,0.234762,0.0319048,0.456667,0.417619,1.49,0.0428571,1.62286,0.135238,0.323333,0.398095,0.341905,0.0666667,0.717619,2.05857,0.369524,3.55143,0.0180952,0.457619,0.264286,0,0,0,0,0,0,0,0,0.0157143,0,0.0604762,0,0.017619,0,0,0,0,0,0,0,0,0,0,0,0.00771429,0.160238,0,1.08124,0.179667,0.0672857,43.2083,628.19,852.667,1
0.124815,0.429259,0.277778,3.13963,0.246667,0.126296,0.0759259,0.05,0.53037,0.142593,0.052963,0.455556,0.0951852,0.0162963,0.185185,0.167037,0.202222,0.472593,1.84259,0.0685185,1.04519,1.03556,0.101481,0.22037,0.313704,0,0.191852,0,0,0,0,0,0,0.0159259,0.00851852,0.0292593,0.0362963,0.0125926,0.0940741,0.0203704,0,0,0.0240741,0,0.0566667,0,0,0,0.0113333,0.123148,0.0116296,0.391852,0.179,0.161407,9.47326,98.4074,449.074,0.777778
0.0806667,0.0951111,0.290667,0,0.339778,0.130889,0.242444,0.149778,0.106222,0.231556,0.166889,0.590667,0.194444,0.0928889,0.0268889,0.301556,0.151333,0.171778,1.72333,0.171111,1.00111,0,0.0464444,0.134889,0.461556,0.134889,0.0391111,0.0764444,0.0133333,0.08,0.0271111,0.0133333,0.0262222,0.0133333,0.0557778,0.156222,0.179111,0.0122222,0.0262222,0.0617778,0.00688889,0.00511111,0.00822222,0.0124444,0.0942222,0.0346667,0,0.0364444,0.0210444,0.0997778,0.00937778,0.179933,0.0963111,0.00691111,3.3146,46.2,191.467,0.6
0.00625,0.295625,0.290625,0,0.706563,0.244063,0.990313,0.0896875,0.0271875,0.358125,0.029375,0.7325,0.00625,0.00625,0.02875,0.3025,0.209687,0.400938,2.22094,0.0321875,1.23437,0,0.0140625,0.006875,0.0440625,0,0.196875,0.0440625,0,0,0.22625,0,0,0,0.0878125,0.006875,0.01375,0,0,0.59375,0,0,0,0,0.260313,0.01375,0,0,0.000875,0.171062,0.020375,0.261937,0.0120625,0.0330625,14.1948,172.188,384.844,0.625
0.129268,0.246098,0.509268,0,0.399512,0.077561,0.339512,0.0987805,0.0431707,0.360488,0.0965854,0.527561,0.185366,0.0292683,0.0619512,0.382195,0.185122,0.359756,2.29951,0.08,1.0322,0.0397561,0.45561,0.0604878,0.0802439,0.0929268,0,0.175854,0,0.0802439,0,0,0.486585,0,0.160732,0.0153659,0.0668293,0,0,0.0997561,0,0.0826829,0.0126829,0.022439,0.121463,0.116341,0,0,0.0109512,0.0843415,0,0.678927,0.118,0.0217073,5.99061,73.7805,192.122,0.707317
0,0.0445455,0.116061,0,0.321212,0,0.0672727,0.121212,0.0487879,0.264242,0,0.775758,0,0,0,0.121212,0,0.163333,2.84697,0,0.110606,0,0,0.65,0.126667,0.126667,0.169697,0.118788,0.172424,0.0975758,0,0,0,0,0.291818,0,0.0560606,0,0,0.0672727,0.151515,0.326061,0,0,0.333333,0.0657576,0,0.0224242,0.00918182,0.130848,0,0.478909,0.013303,0.034,2.54418,10.4545,23.5758,0.424242
0.0953425,0.102877,0.265342,0.0221918,0.345753,0.0983562,0.0650685,0.161233,0.0417808,0.301233,0.070411,0.476164,0.113014,0.0253425,0.0263014,0.276575,0.172877,0.184795,1.37973,0.0435616,0.826986,0.0561644,0.101781,0.0783562,0.377123,0.246027,0.139726,0.116575,0.0920548,0.124658,0.0776712,0.0282192,0.0889041,0.0282192,0.0594521,0.0865753,0.262055,0.0208219,0.11137,0.0442466,0.0131507,0.02,0.0664384,0.130137,0.111644,0.0306849,0.00342466,0.0238356,0.0222329,0.21174,0.0274384,0.159493,0.0633151,0.0296301,2.78059,25.1781,225.493,0.506849
0,0,0.322,0,0.322,0,0,0,0,0,0,0,0,0,0,0,0,0,0,0,0.322,0,0,0,0.27,0.54,0,0,0,0,0,0,0,0,0,0,0,0.645,0,0,0,6.757,0,0,0.526,0,0,0,0,0,0,0,0.1443,0,1.2591,2.3,8.1,0
0.0684,0.0288,0.3374,0,0.252,0.058,0.074,0.017,0.0518,0.2624,0.0438,0.7414,0.098,0,0.034,0.1968,0.0128,0.0932,3.817,0,0.6656,0,0,0,0.1174,0.0816,0.725,0,0.0482,0.0206,0,0,0.048,0,0,0.0232,0.2614,0,0.1876,0,0.124,0.17,0,0.0734,0.4398,0.2286,0,0.0718,0.00598,0.08674,0,0.16408,0.01866,0.00832,1.58822,5.16,26.8,0.14
0.113514,0.164054,0.362432,0.0313514,0.351351,0.283243,0.142162,0.0105405,0.0072973,0.262432,0.0227027,0.45027,0.145405,0,0.0143243,0.505946,0.168378,0.132432,1.9673,0.0708108,0.785135,0.0697297,0.272162,0.0818919,0.212432,0.110811,0.077027,0.110811,0.0362162,0.0686486,0.0256757,0.0256757,0.0294595,0.0621622,0.0516216,0.0848649,0.0689189,0,0.163514,0.0256757,0,0,0,0,0.205405,0.273514,0,0.00891892,0,0.109811,0.00213514,0.468162,0.0376757,0.0522973,4.05546,43.1351,127.216,0.621622
0.1076,0.0773333,0.2532,0,0.2484,0.0522667,0.112533,0.109333,0,0.240933,0.0609333,0.5972,0.0429333,0,0.0470667,0.1,0.0818667,0.146,1.61667,0.0296,0.416133,0,0.0564,0,1.04747,0.656133,0.190667,0.383067,0.214933,0.303467,0.236667,0.1264,0.0841333,0.1264,0.4016,0.177867,0.244267,0,0.0936,0.134933,0.052,0.229333,0.0614667,0.0952,0.254133,0.701867,0,0.0209333,0.00810667,0.13184,0.00866667,0.310987,0.0152,0.18332,2.49405,13.2267,51.52,0.253333
0.213333,0,0.113333,0,0,0,0,0,0,0,0,0.302222,0,0,0,0,0,0,1.97667,0,0.113333,0,0,0,0,0,0,0,0,0,0,0,0,0,0,0,0,0,0,0,0,0,0,0,1.04944,5.44944,0,0,0.0226667,0.204444,0,0.429,0,0,1.0125,1.11111,7,0
0.267667,0.115833,0.285667,0,0.559833,0.0203333,0.1345,0.0513333,0.0211667,0.113667,0.0228333,0.546167,0.0241667,0.0421667,0.0143333,0.438,0.276167,0.194167,2.491,0.00733333,1.33667,0,0.198,0.0986667,0.0528333,0.0371667,0.0931667,0.0533333,0,0,0,0.0211667,0.102667,0.0211667,0.0336667,0.077,0.0708333,0,0.0383333,0.0055,0.00866667,0.0285,0.0213333,0.01,0.291167,0.0446667,0,0.0425,0.0109833,0.107467,0.00871667,0.445417,0.145217,0.00688333,3.08442,25.2833,111.967,0.833333
0.105349,0.115581,0.30907,0.445581,0.324651,0.116279,0.0781395,0.0860465,0.290465,0.272558,0.0744186,0.492326,0.119302,0.0513953,0.0946512,0.321395,0.123721,0.193953,1.46605,0.0374419,0.722326,0.878372,0.198837,0.13186,0.276744,0.157209,0.00976744,0.0109302,0.0116279,0.0072093,0.0155814,0,0.055814,0.00302326,0.02,0.0416279,0.132326,0.000930233,0.0232558,0.0186047,0.00162791,0.0130233,0,0.014186,0.0239535,0.0334884,0,0.0127907,0.0365814,0.159953,0.0269535,0.218791,0.139279,0.116488,5.94828,114.326,1374.05,0.651163
0.152787,0.0231148,0.280656,0,0.264754,0.0288525,0.0114754,0,0,0.0898361,0,0.643115,0.0767213,0.0504918,0,0.217541,0.0211475,0.0972131,1.50049,0,0.482131,0,0,0.0495082,0.244098,0.0955738,0.181967,0,0.18541,0.0431148,0.0190164,0,0.0347541,0,0,0.0311475,0.0429508,0.017377,0,0,0.095082,0.31623,0.0255738,0.132295,0.416721,0.193279,0,0,0.0398361,0.134443,0.0166721,0.0879672,0.0171148,0.00637705,1.39726,4.06557,30.5738,0.131148
0,0,0,0,0,0,0,0,0,0,0,0,0,0,0,0,0,0,3.42375,0,0,0,0,0,0,0,0,0,0,0,0,0,0,0,0,0,0,0,1.38875,0,0,0,0,0,14.6637,0,0,0,0,0.285625,0,5.217,0,0,1.46187,2.875,7.375,0
0,14.1478,0,0,0,0,0,0,0,0.132222,0,0,0,0,0,0,0,0,0,0,0,0,0,0,0,0,0,0,0,0,0,0,0,0,0,0,0,0,0,0,0,0,0,0,0.132222,0,0,0,0,0,0,0,0,0,1.77778,4.88889,9.02778,0
0,0,0,0,0,0,0,0,0,0,0,0,0,0,0,0,0,0,0,0,0,0,0,0,0,0,0,0,0,0,0,0,0,0,0,0,0,0,0,0,0,0,0,15.83,0,0,0,0,0,0,0,0,0,0,1.475,2.5,5.25,0
0,0.0838889,0.175556,0,0.375833,0.0216667,0.301111,0,0.0152778,0.241944,0,0.418611,0.185,0.0866667,0,0.663889,0.0341667,0.396389,3.26306,0,1.30417,0,0,0.0394444,0.427222,0.0238889,0.0722222,0,0,0,0,0,0,0,0,0,0,0,0,0,0,0.142222,0,0.0716667,0.445556,0.455556,0,0,0.00858333,0.0286389,0,0.665778,0.0255556,0,5.40697,50.25,74.25,0.388889
0.129167,0.0911111,0.301528,0.00222222,0.298611,0.0976389,0.0980556,0.107917,0.446528,0.448056,0.0945833,0.525,0.131528,0.144444,0.07125,0.299583,0.0665278,0.352778,1.61347,0.291944,1.07556,0.990139,0.102361,0.186389,0.366389,0.156944,0.0344444,0.0193056,0.00125,0.0204167,0.0325,0.00125,0.0776389,0.00125,0.193472,0.0201389,0.166111,0.000694444,0.0183333,0.0418056,0.00972222,0.0519444,0.0075,0.0190278,0.0420833,0.0386111,0.0201389,0.0366667,0.047625,0.113458,0.0491667,0.342486,0.224069,0.10475,5.59783,80.0139,1102.92,0.638889
0.0817647,0.057451,0.34,0.00794118,0.406275,0.261176,0.112941,0.11451,0.0247059,0.271961,0.0171569,0.497745,0.106863,0.0136275,0.0054902,0.25549,0.094902,0.148333,1.54902,0.00362745,1.2802,0,0.137157,0.151078,0.656176,0.476765,0.206961,0.154412,0.0964706,0.162745,0.0826471,0.0564706,0.0815686,0.0534314,0.120784,0.122647,0.146078,0.0022549,0.0578431,0.0593137,0.0570588,0.037549,0.0864706,0.0110784,0.278922,0.155,0.0194118,0.00656863,0.0413627,0.154059,0.0252451,0.146324,0.0617745,0.00896078,2.05128,12.4608,141.353,0.470588
0,0,0,0,0,0,0,0,0,0,0,0.0497015,0,0,0,0,0,0.114776,0,0,0.0373134,0,0,0,0,0,0.320746,0,0,0,0,0,0,0,0,0,0,0,0,0,0,0.0573134,0,0,0.230597,0,0,0,0,0.105343,0.0609104,0.165896,0,0,1.05224,1.1194,4.10448,0
0.118889,0.641667,0.125556,0,0.472222,0.357778,0.800556,0.151111,0.132222,0.696111,0.0611111,0.828333,0,0.0866667,0,0.819444,1.37778,0.0422222,0.777222,0.479444,1.20167,0,0,0.118889,0,0,0,0,0,0.0538889,0,0,0,0,0,0.118889,0.258889,0.0866667,0,0.0188889,0,0,0,0,0.0188889,0,0,0,0,0.111944,0,0.667278,0.0647778,0.0633889,9.06744,121.611,174.444,0.888889
0,0,0,0,0,0,0,0,0,0,0,0.145789,0,0,0,0,0,0,0.31,0,0,0,0,0,8.31368,4.15421,4.15421,4.15421,4.30053,4.15421,4.15421,4.15421,0,4.15421,4.15421,4.15421,0,0,0,4.15421,0,0,0,0,0,0,0,0,0,1.14689,0,0,0,0,3.27737,11,31.6316,0
0.137429,0.0461429,0.243714,0.0138571,0.240286,0.142857,0.044,0.0855714,0.0521429,0.147143,0.0437143,0.517857,0.115143,0.0425714,0.00128571,0.130429,0.144857,0.116143,1.29771,0.0835714,0.525714,0.542,0.182,0.06,0.940714,0.315571,0.121143,0.0457143,0.0688571,0.0571429,0.0701429,0.0115714,0.126,0.0115714,0.0444286,0.0811429,0.266286,0.00271429,0.0241429,0.0271429,0.0707143,0.0475714,0.0482857,0.101571,0.0917143,0.355429,0,0.0172857,0.1669,0.180814,0.0327857,0.140171,0.0754429,0.0625714,3.112,24.4,310.757,0.385714
0.143529,0.0902941,0.212941,0,0.255294,0.131765,0.102941,0.0361765,0.0248529,0.0891176,0,0.566765,0.0732353,0.0361765,0.00970588,0.208382,0.05,0.190735,1.76868,0.0229412,0.569265,0,0.00647059,0.0170588,0.257059,0.316324,0.340735,0,0.149118,0.0232353,0,0,0.07,0,0.0645588,0.0848529,0.191324,0,0.075,0.0147059,0.0432353,0.219265,0,0.159853,0.411324,0.146765,0.015,0.0579412,0.00752941,0.0985147,0.00473529,0.169603,0.00970588,0.00447059,1.64656,5.51471,35.2647,0.132353
0.0812821,0.0428205,0.313718,0,0.278333,0.158077,0.0580769,0.105385,0.0724359,0.180385,0.0430769,0.432051,0.0794872,0.0307692,0.0125641,0.23,0.163333,0.192564,1.21282,0.0848718,0.684487,0,0.0703846,0.0798718,0.915256,0.489872,0.154615,0.12859,0.123205,0.121282,0.0624359,0.0414103,0.177821,0.0414103,0.106282,0.135769,0.196795,0.00179487,0.024359,0.0769231,0.0170513,0.0335897,0.0932051,0.039359,0.210769,0.200513,0.0107692,0.0512821,0.0369231,0.166808,0.0261667,0.0941026,0.0329615,0.0326154,2.15494,14.0128,194.064,0.346154
0.319556,0.151111,0.291333,0.0957778,0.0744444,0.111556,0.0202222,0.145778,0.230222,0.414444,0.15,0.658222,0.356222,0.680667,0.0266667,0.166,0.288667,0.123778,1.95222,0.0497778,0.906889,0.0348889,0.466889,0.300444,0.0993333,0.0631111,0.00533333,0.00155556,0.00222222,0.004,0,0,0.321556,0,0,0.0282222,0.184222,0.00155556,0.00688889,0.0177778,0.0155556,0.008,0.00466667,0.016,0.044,0.0415556,0.01,0.0508889,0.0289556,0.113733,0.00457778,0.2578,0.341467,0.0911556,5.5546,191.756,3255.64,0.777778
0.11,0.0942029,0.193768,0.181884,0.315072,0.110145,0.0549275,0.123913,0.204348,0.349855,0.0698551,0.696812,0.110725,0.0931884,0.0207246,0.125507,0.154783,0.0746377,1.43855,0.0691304,1.04565,0.386232,0.154638,0.0791304,0.664928,0.216812,0.0185507,0.0302899,0.0213043,0.0430435,0.00362319,0,0.118696,0,0.0362319,0.0565217,0.15,0.0156522,0.022029,0.0107246,0.065942,0.0718841,0.00623188,0.0237681,0.0923188,0.387826,0.0371014,0.0230435,0.0515072,0.151145,0.0263188,0.137319,0.0592899,0.0647826,3.74064,47.0145,524.957,0.536232
0.0808,0.0154667,0.117733,0,0.3824,0.100133,0.0237333,0.0861333,0,0.0237333,0,0.537467,0.11,0.0625333,0,0.0261333,0.0208,0.0965333,0.523733,0.036,0.356667,0,0,0.0225333,0.220933,0.1204,0.454933,0,0.120267,0,0,0,0.186667,0,0,0.0237333,0.0713333,0.0458667,0.124933,0,0,0.5248,0.0934667,0.2044,0.599067,0.0636,0,0.0229333,0.01168,0.0695067,0.0238267,0.119573,0,0,1.48333,3.77333,16.3867,0.08
0.124153,0.167203,0.293136,0,0.407966,0.112797,0.175169,0.155763,0.0486441,0.285085,0.0977966,0.593559,0.0607627,0.0370339,0.107712,0.398559,0.133305,0.244915,1.95102,0.0398305,0.989068,0.0127119,0.126356,0.100339,0.694831,0.393898,0.244746,0.289153,0.074322,0.167119,0.0773729,0.118729,0.0835593,0.118729,0.137373,0.18322,0.104068,0.0135593,0.116525,0.0798305,0.0394915,0.0452542,0.0851695,0.180339,0.22161,0.276949,0.019661,0.0120339,0.0139153,0.155246,0.00780508,0.196458,0.0661525,0.0743051,2.20978,12.2712,95.9322,0.415254
0.119524,0.131619,0.395524,0,0.373524,0.062,0.0246667,0.0280952,0.0186667,0.199143,0.00914286,0.474286,0.092381,0.0367619,0,0.184286,0,0.262857,2.11257,0.173143,0.715048,0,0.0201905,0,0.177524,0.0538095,0.409048,0,0.0512381,0,0,0,0.398095,0,0,0,0,0.0781905,0.0841905,0.0111429,0.0527619,0.234571,0.034,0.0907619,0.365143,0.275714,0.0278095,0,0.0211333,0.112514,0.0240952,0.175876,0.00321905,0,1.33087,2.91429,12.4857,0.0952381
0.116379,0.204828,0.683621,0.157931,0.668966,0.604138,0.318621,0.162586,0.571724,0.431379,0.251207,0.721207,0.177414,0.092069,1.11707,0.338621,0.178276,0.887241,1.76552,0.869655,1.08172,0.0996552,0.597931,0.162586,0.00155172,0.00155172,0,0,0,0,0,0,0.0062069,0,0.005,0,0.005,0,0,0.0463793,0,0,0.105,0.0137931,0.0517241,0.042069,0,0,0.00996552,0.0940517,0.0012931,0.373103,0.152034,0.0238793,15.4307,648.948,1398.03,1
0.005,0.005,0.035,0,0.025,0,0,0.005,0.015,0.065,0.025,0,0,0.025,0,0,0.005,0.035,0.005,0,0.005,0,0,0,0,0,0,0,0,0,0,0,0.035,0,0,0.065,0,0,0,0.005,0.23,0,0,0.015,0,0.4,0.005,0.035,0.036,0.1615,0.075,0.012,0.056,0.012,3.0295,43.5,5648.5,0
0.122609,0.165217,0.369348,0.0126087,0.25,0.0895652,0.0991304,0.133478,0.0493478,0.231522,0.0947826,0.544783,0.0947826,0.00652174,0,0.403913,0.156739,0.384783,2.04,0.149783,0.971087,0.0647826,0.151522,0.125435,0.139348,0.0784783,0,0.025,0,0.0478261,0,0,0,0.00652174,0.0665217,0.0497826,0.10587,0,0,0.0265217,0,0.0073913,0.0182609,0,0.170217,0.516957,0,0.0228261,0.00958696,0.119304,0.00467391,0.366261,0.123891,0.0315652,4.35139,63.7609,278.891,0.630435
0.236415,0.0839623,0.317547,0.0243396,0.605849,0.119434,0.171887,0.0520755,0.00716981,0.163396,0.0292453,0.450377,0.117736,0,0.0233962,0.519623,0.247547,0.0633962,1.84132,0.0956604,1.09962,0.0586792,0.114151,0.069434,0.636415,0.415094,0.286792,0.139057,0.0579245,0.145283,0.0579245,0.0683019,0.0724528,0.085283,0.120377,0.119623,0.0860377,0,0.0781132,0.0786792,0.00622642,0.0473585,0.0207547,0.0522642,0.198113,0.00962264,0,0.0475472,0.0233019,0.146302,0.0195849,0.501642,0.103509,0.0206604,3.12157,26.9623,127.189,0.603774
0.0910909,0.0907273,0.230364,0,0.324182,0.0523636,0.0833636,0.122091,0.0348182,0.295364,0.0664545,0.636273,0.109455,0.00227273,0.0430909,0.0871818,0.0961818,0.158364,1.62373,0.066,0.552727,0.00527273,0.0413636,0.037,0.609818,0.416091,0.252909,0.351909,0.123091,0.169455,0.0829091,0.0570909,0.125182,0.0570909,0.167636,0.171,0.166636,0.00490909,0.155364,0.0758182,0.0403636,0.0541818,0.0873636,0.0706364,0.238727,0.164364,0.014,0.0709091,0.0163727,0.182055,0.0173545,0.158755,0.0378182,0.00751818,2.06672,10.2273,83.6818,0.218182
0.328286,0.287429,0.328857,0.00371429,0.255143,0.066,0.036,0.148857,0.435714,0.535143,0.220571,0.596857,0.371429,0.762,0.0811429,0.248571,0.340857,0.102857,2.44,0.0368571,1.1,0.048,0.403143,0.384857,0.0888571,0.0917143,0.00114286,0.000571429,0.000571429,0,0,0,0.127143,0,0.002,0.034,0.141429,0.00257143,0.00257143,0.0334286,0.00457143,0.00171429,0.00657143,0.004,0.0548571,0.0194286,0.002,0.0165714,0.0294286,0.0994857,0.0102571,0.339857,0.451857,0.102629,7.83891,361.771,2360,0.885714
0,0,0,0,0.0675862,0,0.156552,0,0,0.349655,0,1.59931,0,0.435517,0,0.651034,0,0,0.555517,0.0765517,0.0955172,0,0,0.313448,0,0,0.0765517,0.149655,0,0,0,0,0,0,0,0,0,0,0.248966,0,0.0689655,0,0,0.0675862,0,0.0689655,0,0.114828,0.132621,0.182862,0.0534483,0.288862,0,0,2.94945,9.48276,16.8276,0.103448
0,0,0.185,0,0.0738889,0,0,0,0,0,0,0.205556,0,0,0,0,0,0.661667,0.277222,0,0.0738889,0,0,0,4.41556,4.675,0.359444,0.815556,0,1.00778,0.661667,0,0,0,0.661667,0.661667,0.787778,0.222222,0.0738889,0,0,0.468889,0,0,0.191111,0,0,0.205556,0.0480556,0.0592778,0.0478333,0.169778,0,0.0358333,2.01683,8.38889,28.0556,0
0.0693333,0.0607778,0.196444,0,0.387556,0.0962222,0.0653333,0.0654444,0.0282222,0.134667,0.0455556,0.573333,0.0766667,0.00955556,0.00977778,0.165,0.128778,0.160222,1.21567,0.00466667,0.403889,0.0357778,0.0248889,0.0261111,0.801333,0.477222,0.310111,0.265889,0.145333,0.144889,0.1,0.0643333,0.0784444,0.0643333,0.155111,0.216,0.256,0.00411111,0.173667,0.0855556,0.0385556,0.0607778,0.156667,0.152222,0.282111,0.241667,0,0.0667778,0.0410111,0.139511,0.0266889,0.147889,0.0311111,0.0297,2.09143,11.4778,109.078,0.233333
0,0.0695238,0.157857,0,0.382619,0.0895238,0.0454762,0.223571,0.0792857,0.04,0.0216667,0.597143,0.0609524,0.0466667,0,0.295,0.126905,0.0714286,1.82357,0,1.07452,0,0.184286,0.0238095,0.254524,0.0990476,0.032381,0.0880952,0.222857,0,0.0642857,0,0.085,0,0,0,0.110238,0,0.285952,0,0.214286,0.262381,0.110238,0.229762,0.736667,0.213571,0,0.0609524,0.0375714,0.0646429,0.0381667,0.274667,0.091619,0.0738333,2.58231,12.3095,29.8095,0.404762
0.0583019,0.135283,0.374717,0,0.588491,0.0760377,0.296038,0.181132,0.0871698,0.171509,0.108868,0.643774,0.0328302,0,0.233962,0.276415,0.310943,0.481509,2.0434,0.500566,1.27321,0.22283,0.276415,0.127358,0.340943,0.136038,0.0615094,0.122075,0.0258491,0.14283,0.0258491,0.0258491,0.0169811,0.0258491,0.0492453,0.0428302,0.0881132,0,0.164906,0.114528,0.02,0.0537736,0.00679245,0,0.178491,0.0516981,0,0,0.00496226,0.157811,0.00122642,0.287736,0.0994717,0.037283,6.1186,59.7547,143.377,0.622642
0.156429,0.0578571,0.245357,0,0.65,0.143571,0.0480357,0.09,0.162321,0.21375,0.125893,0.774464,0.1775,0.0548214,0.00321429,0.164286,0.313929,0.0766071,2.07839,0.114286,0.835536,0.644286,0.302857,0.169821,0.440179,0.113393,0.0153571,0.0235714,0.00892857,0.00696429,0.0146429,0.0201786,0.108214,0.00589286,0.0198214,0.0917857,0.0832143,0.00767857,0.00928571,0.005,0.0232143,0.0619643,0.0133929,0.00339286,0.0448214,0.0641071,0.0157143,0.0167857,0.082875,0.105732,0.00583929,0.117946,0.0869107,0.0563929,3.031,30.5,466.982,0.625
0.0840741,0,0.40037,0,0.142222,0.108889,0,0,0,0.72963,0,0,0,0,0,0.238889,0,0,5.02444,0,0.961852,0,0,0,0.067037,0,0,0,0,0,0,0,0,0,0,0,0,0,0,0,0,0,0,0.115556,0.371111,0,0,0,0.0382963,0.098037,0,0.0426296,0,0,1.09874,1.22222,4,0.111111
0.129545,0.0666667,0.327424,0.00166667,0.206515,0.0718182,0.0333333,0.192273,0.145455,0.129091,0.085,0.67303,0.0975758,0.0674242,0.0109091,0.153939,0.332576,0.0709091,0.983485,0.143333,0.994242,0.124545,0.0954545,0.115303,1.25879,0.166364,0.0148485,0.00606061,0.00590909,0.0183333,0.0162121,0,0.100303,0.00166667,0.0162121,0.0931818,0.196667,0.0230303,0.0310606,0.0256061,0.0865151,0.0528788,0.00848485,0.0184848,0.0240909,0.10803,0,0.0148485,0.146333,0.195303,0.0122424,0.173682,0.0741061,0.0814848,3.4058,43.803,596.409,0.424242
0.096,0.008,0.196,0.008,0.092,0.118,0,0.058,0.058,0.188,0.074,0.082,0.072,0,0.038,0.088,0.078,0.076,0.608,0.008,0.242,1.906,0.138,0.11,0,0,0,0,0,0,0,0,0,0.028,0,0.008,0,0,0.016,0,0,0,0,0,0.038,0,0,0,0.4302,2.0094,0.009,0.3924,0.375,0.4024,57.5034,2297.8,10648.8,1
0,0.560625,0.205625,0,0.175,0,0.36625,0,0,1.25625,0,0.5875,0.09875,0.0890625,0,0.0859375,0,0.0890625,2.71938,0,0.7775,0,0,0.195938,0,0.0678125,0.655,0.544375,0,0,0,0,0.155312,0,0,0.0890625,0.419375,0,0.9875,0.13,0.04,0,0.05875,0.07375,0.660625,0,0,0,0.080125,0.312812,0,0.0964375,0.0625312,0.0251562,3.626,23,39.9688,0.3125
0.0937333,0.0706667,0.274667,0.110533,0.235733,0.0881333,0.0229333,0.150667,0.145733,0.175867,0.08,0.562267,0.0913333,0.0193333,0.0210667,0.249467,0.165467,0.116,1.24693,0.0786667,0.657733,0.491467,0.0942667,0.0917333,0.791333,0.2672,0.0869333,0.102267,0.0788,0.0730667,0.0345333,0.0345333,0.0562667,0.0345333,0.0710667,0.105333,0.159867,0.0664,0.0492,0.0629333,0.0332,0.0626667,0.0450667,0.00826667,0.0929333,0.0958667,0,0.0270667,0.187947,0.16332,0.0156,0.19388,0.07068,0.0514133,3.23465,39.92,405.8,0.426667
0.128367,0.143673,0.240612,0,0.0971429,0.0702041,0,0.226735,0,0.0755102,0,0.325714,0,0.313061,0,0.174286,0,0.18551,1.34449,0,1.63102,0,0,0.18551,0.0536735,0.0536735,1.68939,0,0.0755102,0.084898,0,0,0.237959,0,0,0,0,0.0581633,0.0885714,0,0,0.0816327,0,0.405102,3.2202,0.102653,0,0.165102,0,0.124959,0,0.181592,0,0,1.19984,2.12245,8.61224,0.0408163
0.672105,0.159737,0.676316,0,0.196053,0.0544737,0,0,0,0.102632,0.578947,1.36895,0,0,0,0.210526,0,0.0105263,1.36316,0,4.78263,0,0,0.549211,0.116579,0.113684,0.158684,0,0,0.106053,0,0.132368,0,0.132368,0.0315789,0,0,0,0,0,0,0.0631579,0,0,0.0686842,0,0,0.0639474,0,0.0669474,0,0.170579,0.0870789,0,4.50042,26.3684,53.7895,0.473684
0,0,0,0,1.28875,0,0,0,0,0,0,3.475,0,0,0,0,0,0,0,0,0,0,0,0,0.80875,0.80875,0,0,9.02375,0,0,0,0,0,0,0,0,0,0,0,0,8.4,0,0,0,0,0,0,0,0,0,0.213,0,0,1.41112,3.375,13.75,0
0,0,0,0,0,0,0,0,0,0,0,0,0,0,0,0,0,0,0,0,0,0,0,0,0,0,0,0,0,0,0,0,0,0,0,0,0,0,0,0,0,0,0,0,0,0,0,0,0,0.113625,0,1.16838,0,0,1,1,1.5,0.25
0,0,0,0,0,0,0,0,0,0,0,0,0,0,0,0,0,0,0,0,0,0,0,0,0,0,0,0,0,0,0,0,0,0,0,0,0,0,0,0,0,0,0,0,0,0,0,0,0,0,0,0,0,0,0,0,0,0
0.145634,0.0994366,0.350986,0,0.315211,0.066338,0.104648,0,0.00957746,0.158028,0.0528169,0.626761,0.143099,0.0226761,0,0.129155,0.127465,0.118592,1.81451,0.00633803,0.457324,0,0.106338,0.0708451,0.191831,0.113944,0.246338,0,0.0512676,0.0835211,0.018169,0,0.0702817,0,0,0.063662,0.0885916,0.0130986,0.0691549,0,0.0602817,0.278169,0,0.0656338,0.297183,0.0328169,0,0.0590141,0.0115634,0.15362,0.0226197,0.318127,0.0216197,0.0120986,1.52759,5.53521,40.4225,0.169014
0.0484211,0.0729825,0.208772,0,0.35614,0.0289474,0,0,0,0.0166667,0.0194737,1.03088,0.0752632,0.0422807,0,0.0903509,0,0.0978947,0.656667,0.0221053,0.228772,0,0,0.0303509,0.161404,0.113158,0.304211,0,0.218772,0.0698246,0,0,0.124386,0,0,0,0.139123,0.0245614,0.0377193,0,0.0108772,0.351228,0.0150877,0.177719,0.593158,0.116667,0,0.0387719,0.0450877,0.155842,0.000877193,0.119807,0,0,1.61674,4.91228,24.4912,0.0175439
0.21,0.448824,0.646471,0.0823529,0.291176,0.0241176,0.437647,0.0335294,0.169412,0.931176,0.145294,0.911765,0.0476471,0.0776471,0.177059,1.51235,0.374706,0.0370588,1.97235,0.135882,1.54941,0,0.0482353,0.146471,0.0317647,0.0470588,0.0170588,0.0341176,0,0,0,0,0,0.0170588,0.0341176,0.0135294,0.0358824,0,0,0,0,0,0,0,0.120588,0,0,0.0452941,0.0170588,0.0634706,0,0.830765,0.316118,0.0754118,40.6247,379.294,549.412,0.882353
0.11875,0.272083,0.490833,2.955,1.30667,0.04,0.650417,0.1475,0,0.12,0.0270833,0.465,0.32625,0.075,0,0.633333,1.59167,0.376667,2.98917,0.10875,2.22042,0,0.0329167,0.185833,0,0,0,0,0,0,0,0,0,0,0,0,0,0,0,0,0,0,0,0,0,0,0,0,0,0.126667,0,0.811167,0.31475,0.007625,9.13113,146.375,208.542,0.958333
0,0,0,0,0,0,0,0,0,0,0,0,0,0,0,0,0,0,0,0,0,0,0,0,0,0,0.653333,0.653333,0,0.653333,0,0,0,0,0.653333,0,0,0,0,0,4.35556,0,0,0,0,7.48667,0,0,0,0.0847778,0,0,0,0,3.68233,7.77778,12.8889,0
0,0,0,0,0,0,0,0,0,0,0,0,0,0,0,0,0,0,0,0,0,0,0,0,0,0,0,0,0,0,0,0,0,0,0,0,0,0,0,0,0,0,0,0,0,0,0,0,0,0,0,0,0,0,0,0,0,0
0.0606316,0.0450526,0.196947,0.0142105,0.189474,0.066,0.0962105,0.129474,0.0336842,0.444316,0.0201053,0.559474,0.118842,0.0115789,0.052,0.0882105,0.0793684,0.102105,1.55011,0.0122105,0.587158,0,0.102421,0.114632,0.834947,0.522632,0.353263,0.281579,0.126737,0.167263,0.119579,0.107053,0.104632,0.107053,0.144526,0.125263,0.335053,0.00484211,0.148737,0.121053,0.0208421,0.0852632,0.186316,0.0355789,0.365368,0.353474,0.00536842,0.0523158,0.0336316,0.211189,0.0217474,0.288305,0.0534316,0.0187158,2.49258,13.8632,74.2737,0.305263
0.295,0.0833333,1.3825,0.0158333,0.885833,0,0.0541667,0,0.495833,0.685833,0,0.0333333,0,0,0,0.065,0,0,0.295,0.725833,0.400833,0,0,0.0333333,0.278333,0,0.121667,0.04,0,0.0483333,0,0,0,0.0316667,0,0,0.0483333,0,0,0,0,0,0,0,0,0,0,0,0,0.00733333,0,0.763833,0.18825,0.0025,537.208,1405.58,1442.75,0.916667
0.0911765,0.0205882,0.224265,0,0.161324,0.065,0.135882,0.0982353,0.0191176,0.178529,0.055,0.841029,0.0197059,0.0172059,0.0592647,0.122647,0.106618,0.0654412,1.63529,0,0.516618,0,0.0108824,0,0.376176,0.119412,0.113235,0,0.0626471,0.165882,0.0132353,0,0.280588,0,0,0.0951471,0.240441,0.00808824,0.197794,0.00382353,0.131912,0.169559,0.0314706,0.107059,0.208971,0.189118,0,0.0830882,0.0126618,0.104088,0.00380882,0.0832059,0.00577941,0.00525,1.62899,5.85294,46.6912,0.102941
0.080303,0.139091,0.256818,0,0.208333,0.0516667,0.120909,0.0324242,0.0193939,0.237273,0.0384848,0.440758,0.287273,0.0193939,0,0.437121,0.0628788,0.136667,1.84576,0.0404545,0.83197,0,0.0989394,0.0566667,0.704091,0.435606,0.539848,0.316061,0.182727,0.295152,0.188636,0.149848,0.158485,0.149848,0.402121,0.221515,0.222576,0.00621212,0.342576,0.163333,0.0889394,0.315,0.162879,0.201515,0.235606,0.145758,0,0,0.0113939,0.142333,0.0113788,0.251,0.219258,0.00839394,2.20817,11.303,43.7727,0.318182
0.188378,0.0554054,0.257838,0,0.318108,0.0594595,0.305405,0.181892,0.0816216,0.157297,0.0908108,0.40027,0.0181081,0.0948649,0.0378378,0.281892,0.197027,0.158649,1.66324,0,0.735946,0,0,0.0491892,0.299459,0.215676,0.08,0.348919,0.144324,0,0,0.0189189,0.0321622,0.0189189,0.173784,0.0727027,0.583784,0,0.102162,0,0,0.144324,0.0378378,0.0313514,0.157568,0.0605405,0,0,0.0387027,0.215811,0.00554054,0.332757,0.0878378,0.00513514,3.659,25.0811,67.4324,0.594595
0,0,0,0,0,0,0,0,0,0,0,0,0,0,0,0,0,0,0,0,0,0,0,0,0,0.649091,11.6773,0,0,0,0,0,0,0,0,0,0,0,0,0,0,1.01,0,0,0.302727,0,0,0.378636,0.118727,0.159455,0,0.1105,0,0,1.55977,3.13636,8.68182,0
0,0,0,0,0,0,0,0,0,0,0,0,0,0,0,0,0,0,0,0,0,0,0,0,0,0,0,0,0,0,0,0,0,0,0,0,0,0,0,0,0,0,0,0,0,0,0,0,0,0,0,0,0,0,0,0,0,0
0.177778,0.125556,0.143889,0,0.750556,0.266111,0.407778,0,0.119444,0.472222,0.236111,0.312778,0.261111,0,0,1.13889,0.0755556,0.215,1.87111,0,0.745556,0,0,0.49,0.0661111,0.0661111,0.198333,0,0,0.0822222,0,0,0.206111,0,0.0661111,0.05,0.0755556,0,0,0.0755556,0.0144444,0,0.0388889,0.107222,0.123889,0.0677778,0,0,0,0.0287778,0,0.582333,0.067,1.10161,7.70206,69.2778,109.778,0.777778
0,0,0,0,0,0,0,0,0,0,0,0,0,0,0,0,0,0,0,0,0,0,0,0,16.3043,1.09857,0,0,0,0,0,0,0,0,0,0,0,0,0,0,0,0,0,0,2.88357,0,0,0,0,0,0,0.0802143,0,0,4.16179,16.5714,25.5,0
0,0,0,0,0,0,0,0,0,0.5425,0,0,0,0,0,0,0,0,0.61625,0,0,0,0,0,10.2062,2.5875,0.28375,0.4675,0.28375,2.60125,0.28375,0.28375,0,0.28375,1.08375,0.28375,0,0,0,0.28375,0,0,0,0,0,0,0,0,0,0.083,0,0,0,1.724,2.48025,11,57.75,0
0.156078,0.0723529,0.195784,0,0.158235,0.112353,0.141471,0.11402,0.0284314,0.261078,0.034902,0.442843,0.0639216,0,0.00598039,0.183922,0.143824,0.171667,1.65412,0.00676471,0.888333,0,0.00705882,0.0264706,0.676471,0.352549,0.25902,0.414608,0.0489216,0.157941,0.0811765,0.0376471,0.259608,0.0376471,0.230686,0.0907843,0.266961,0.00843137,0.0953922,0.0889216,0.075,0.124118,0.116275,0.142549,0.402353,0.359608,0,0,0.0177745,0.179853,0.0206078,0.238559,0.0683725,0.0460098,2.31129,12.7059,61.5294,0.352941
0,0,0,0,0,0,0,0,0,0,0,0,0,0,0,0,0,0,0,0,0,0,0,0,0,0,26.666,0,0,0,0,0,0,0,0,0,0,0,0,0,0,0,0,0,0,0,0,0,0,0,0,0,0,0,1.59575,2.8,5.1,0
0,0,0,0,7.07286,0,0,0,0,0,0,0,0,0,0,0,0,0,0,0,0,0,0,0,0,0,0,0,0.68,0,0,0,0,0,0,0,0,1.19,0,0,0,1.87,0,0,1.02,0,0,0,0,0.084,0,0,0,0,1.3,2.28571,5.14286,0.142857
0.0877011,0.154828,0.328621,0,0.451379,0.134023,0.102874,0.0604598,0.043908,0.215862,0.0452874,0.635977,0.0703448,0.00609195,0.0144828,0.187701,0.145402,0.152299,1.37011,0.024023,0.908161,0,0.102874,0.0498851,0.698046,0.317011,0.26954,0.17,0.137126,0.153908,0.0895402,0.0924138,0.0750575,0.0924138,0.124828,0.131839,0.246207,0,0.134138,0.111379,0.221724,0.0685057,0.147011,0.0329885,0.252069,0.361609,0.00781609,0.00827586,0.080046,0.165851,0.0240345,0.0901034,0.0572759,0.00932184,2.06967,14.4253,164.977,0.356322
0.1025,0.160588,0.391765,0.208088,0.273529,0.1025,0.0582353,0.213529,0.258382,0.508529,0.125147,0.472206,0.117353,0.0714706,0.153088,0.264853,0.189706,0.277353,1.16118,0.138676,0.758824,0.7225,0.0914706,0.152941,0.640147,0.165294,0.0352941,0.0347059,0.00926471,0.0333824,0.0247059,0.00279412,0.147206,0.00558824,0.0814706,0.0423529,0.1425,0.00191176,0.0373529,0.0379412,0.0126471,0.0173529,0.00441176,0.00308824,0.0442647,0.0508824,0.00455882,0.0401471,0.0556765,0.12125,0.0211765,0.270838,0.120015,0.0983088,4.6259,72.5147,925.206,0.647059
0,0,0,0,0,0,0,0,0,0,0,0,0,0,0,0.454545,0,0,0,0,0,0,0,0,0,0,19.6964,0,0,0,0,0,0,0,0,0,0,0,0,0,0,0,0,0,0,0,0,0,0,0,0,0,0,0,1.06533,1.22727,5.14773,0
0,0,0,0,0,0,0,0,0,0,0,0,0,0,0,0,0,0,0,0,0,0,0,0,0,0,0,0,0,0,0,0,0,0,0,0,0,0,0,0,0,0,0,0,0,0,0,0,0,0,0,0,0,0,0,0,0,0
0.264,0.165333,0.370222,0,0.504667,0.232,0.112,0.184,0.512667,0.478,0.0955556,0.602222,0.0717778,0.275333,0.163778,0.201333,0.292,0.0724444,1.81444,0.214,1.30578,0.515111,0.0791111,0.387333,0.275556,0.134667,0.0264444,0.00977778,0.00333333,0.00644444,0.0146667,0.00333333,0.100444,0.00333333,0.0146667,0.0255556,0.0906667,0.0117778,0.0168889,0.0348889,0.0257778,0.264667,0.00822222,0.0117778,0.0695556,0.0706667,0.0122222,0,0.0269778,0.146,0.0156667,0.326778,0.182867,0.0650667,4.91576,104.378,645.333,0.644444
0.0886957,0.0734783,0.530435,0,0.424348,0.168261,0.164348,0.15913,0.206957,0.413478,0.0791304,0.950435,0.153913,0.013913,0.0365217,0.46,0.281304,0.36087,2.15522,0.222174,1.0813,0,0.38,0.132174,0.296957,0.148696,0,0,0.0217391,0.0108696,0,0,0,0.00826087,0.00869565,0.0326087,0.170435,0,0.00869565,0,0,0.00869565,0.0178261,0,0.103478,0,0,0.0521739,0.0235652,0.163826,0.00404348,0.706478,0.131435,0.0253043,7.63565,128.348,532.435,0.826087
0.082,0.064625,0.305625,0,0.261,0.08925,0.097875,0.23625,0.070375,0.163875,0.04225,0.4235,0.080625,0,0.046375,0.203375,0.07075,0.221375,1.44738,0.022625,0.6235,0.012625,0.060625,0.024875,0.594875,0.519375,0.260375,0.30075,0.132875,0.132125,0.07075,0.0655,0.089875,0.0655,0.228875,0.14,0.19525,0.009,0.128875,0.069,0.095625,0.04125,0.144875,0.073,0.297875,0.15775,0.0035,0.030875,0.022375,0.157288,0.0344,0.157625,0.034925,0.0198375,2.02078,12.4875,123.6,0.2875
0.047,0.0675,0.1875,0,0.157,0.07725,0.08275,0.0735,0.041,0.18375,0,0.34575,0.15025,0.043,0,0.3075,0.05375,0.1685,2.1275,0.29975,0.99325,0.13825,0,0.0785,0.12025,0.143,0,0.104,0,0,0,0,0,0,0.0375,0.04925,0,0,0,0,0,0.02075,0,0.0195,0.33575,0.33875,0,0,0.0182,0.0549,0.00485,0.175025,0.039925,0.08075,4.29762,46.45,96.775,0.425
0.152778,0.121111,0.258056,0.0102778,0.195833,0.0908333,0.0283333,0.233889,0.198889,0.2725,0.0933333,0.476389,0.171389,0.0683333,0.0636111,0.266111,0.187778,0.186111,1.35028,0.139444,0.697222,0.706944,0.219444,0.216389,0.528333,0.0975,0.00694444,0.00361111,0.00416667,0.0283333,0.01,0,0.112222,0,0.0102778,0.118611,0.165833,0.0125,0.0241667,0.0288889,0.0247222,0.00472222,0.00944444,0.0266667,0.0372222,0.110833,0.00305556,0.045,0.0486667,0.126222,0.0418611,0.182639,0.12025,0.0944167,5.42706,115,1760.22,0.472222
0.0657143,0.214762,0.395,0,0.298571,0.154762,0.18619,0.195238,0.0780952,0.235238,0.0852381,0.609524,0.052619,0,0.0528571,0.253095,0.117143,0.272619,1.7819,0.292857,1.2119,0,0.35881,0.111667,0.477381,0.379762,0.13619,0.141429,0.0716667,0.0935714,0.0438095,0.0430952,0.17,0.0430952,0.140476,0.0680952,0.170952,0,0.0988095,0.0838095,0,0.0919048,0.0442857,0.0280952,0.138571,0.017381,0,0.0664286,0.00564286,0.119119,0.0176667,0.203214,0.147905,0.0554286,3.54474,34.5714,169.143,0.595238
0.082093,0.14,0.20186,0,0.401628,0.291628,0.142093,0.15186,0.07,0.273256,0.0344186,0.655814,0.0795349,0,0.00674419,0.208372,0.152791,0.232326,1.62116,0,1.15907,0.0288372,0.126512,0.0525581,0.561163,0.261628,0.26907,0.132326,0.119535,0.0944186,0.0611628,0.0851163,0.0927907,0.0851163,0.126744,0.0734884,0.199767,0,0.146047,0.0839535,0.0165116,0.0334884,0.0997674,0.0151163,0.243488,0.0288372,0,0.0227907,0.00332558,0.214,0.0268605,0.398884,0.0878605,0.0239535,3.30521,27.7209,149.884,0.511628
0.113529,0.0545098,0.397647,0,0.800784,0.134706,0.123922,0.182157,0.11549,0.352745,0.108627,0.754314,0.025098,0.0376471,0.0196078,0.298039,0.530392,0.167059,1.97706,0.166275,1.1849,0.0735294,0.254902,0.0398039,0.298431,0.0913725,0.0233333,0.0201961,0.00764706,0.0294118,0.00764706,0.00764706,0.0445098,0.00764706,0.027451,0.0847059,0.141765,0.00137255,0.024902,0.0701961,0,0.00137255,0.0123529,0.0543137,0.235098,0.00313725,0,0.0278431,0.0062549,0.0976275,0.00988235,0.380392,0.122235,0.0636275,4.27537,70.4706,241.882,0.745098
0.0392537,0.127612,0.318657,0.00671642,0.372687,0.125075,0.140896,0.08,0.0685075,0.251642,0.0470149,0.482985,0.248955,0.0537313,0.140448,0.0583582,0.0738806,0.331493,1.43015,0.0501493,0.760149,0.585373,0.139254,0.0886567,0.862537,0.339851,0.220149,0.157612,0.0926866,0.112985,0.0776119,0.0938806,0.0626866,0.0986567,0.102537,0.11597,0.164776,0,0.0786567,0.11209,0.0185075,0.0586567,0.0973134,0.0314925,0.144776,0.0779104,0,0.0185075,0.122403,0.201522,0.0300299,0.159164,0.138358,0.064403,3.29734,24.1791,258.448,0.522388
0,0,0.150513,0,0,0.0915385,0,0,0.0464103,0,0,0.233333,0.142308,0,0,0.197179,0,0.055641,8.93513,0,1.09769,0,0,0.570513,0,0,1.47769,0,0,0,0,0,0.160256,0,0,0,0,0,0,0,0,0,0,0,1.67769,0.497436,0.055641,0,0.00958974,0.0241282,0,0.143923,0,0,1.18018,1.89744,7.35897,0.102564
0,0,0,0,0.833333,0,0,0,0,0,0,0,0,0,0,0,0,0,0,0,0,0,0,0,9.03417,4.285,0.925833,0,0,0,0,0,0,0,0,0.640833,0,0,0,0,0,0.7575,0,0.1125,0,0,0,0,0,0,0,0,0,0,1.37842,2.25,6,0
0.19625,0.314167,0.525417,0.0395833,0.455417,0.356667,0.13375,0.17375,0.587083,0.7875,0.224583,0.84125,0.230417,0.0783333,0.313333,0.232083,0.18875,0.516667,2.1975,0.3475,1.63167,0.02,0.49125,0.287083,0.38875,0.16375,0.01,0,0,0.0304167,0,0,0.05625,0,0.03,0.0275,0.13625,0.0358333,0.01,0.0304167,0,0.0304167,0.0141667,0.0204167,0.0966667,0.0595833,0,0,0.00575,0.149625,0.073625,0.649417,0.2335,0.0465833,9.866,292.417,788.958,0.958333
0,0.0783333,0.261667,0,0.775,0.0466667,1.85667,0.9025,0.9025,1.0275,0.9025,0.506667,0,0.0891667,0,1.10583,2.5125,0.075,1.47083,0.9025,3.05333,0,0.2925,0.0891667,0,0,0,0,0,0,0,0,0,0,0,0,0.3675,0,0.0891667,0,0,0,0,0,0,0,0,0,0,0.0720833,0,0.73125,0.115417,0.0831667,70.9209,286.917,312.25,1
0.0441772,0.0973418,0.164177,0,0.17962,0.028481,0.111646,0.395063,0.12443,0.134684,0.0363291,0.296709,0.00518987,0.236582,0,0.537722,0.212658,0.107722,0.993671,0.0386076,0.764684,0.0370886,0.209241,0.0548101,0.306709,0.325443,0.197089,0.095443,0,0.0421519,0.0198734,0.0298734,0.0578481,0.0298734,0.0617722,0.13038,0.0650633,0,0.0287342,0.02,0,0.0451899,0.0172152,0.0239241,0.400759,0.034557,0,0.0210127,0.00496203,0.147582,0.0121899,0.393684,0.117329,0.00772152,3.73291,26.3291,83.9747,0.734177
0.0157895,0.0614035,0.360351,0,0.146667,0.0249123,0.111404,0.0636842,0,0.242105,0.0150877,0.844561,0.0464912,0.0578947,0,0.211053,0.0519298,0.24193,4.83474,0.0666667,0.860877,0,0,0.0280702,0.0507018,0,0.382281,0,0.0545614,0.0824561,0,0,0,0,0,0.0312281,0.11,0.0157895,0,0,0,0.155789,0.0794737,0.0315789,0.564211,0.179123,0,0.0159649,0.018807,0.0620175,0,0.567561,0.0167193,0,1.4166,3.64912,17.4035,0.22807
0.11359,0.102949,0.293205,0,0.229231,0.06,0.232308,0.0415385,0.00423077,0.105769,0.0532051,0.693718,0.12359,0,0.0335897,0.331282,0.0912821,0.252949,1.80013,0.025641,0.656154,0,0.0880769,0.0160256,0.268462,0.150256,0.196667,0.0389744,0.150385,0.0407692,0.0303846,0,0.180641,0,0.0675641,0.0980769,0.131795,0.0102564,0.124359,0,0,0.150385,0.0292308,0.0857692,0.172308,0.0560256,0,0.0467949,0.020141,0.14341,0.00171795,0.164474,0.0261795,0.0263974,1.73964,6.21795,55.0641,0.282051
0.0842391,0.0343478,0.239783,0.0144565,0.197065,0.0476087,0.0568478,0.123587,0.0170652,0.0856522,0.0415217,0.577826,0.138152,0.0025,0.0205435,0.105,0.159783,0.355978,1.45696,0.0153261,0.512717,0,0.0208696,0.0201087,0.621413,0.255435,0.153696,0.170543,0.0590217,0.194348,0.0591304,0.0109783,0.322065,0.0109783,0.126739,0.161413,0.224022,0.011087,0.108261,0.0109783,0.0353261,0.0897826,0.0727174,0.156957,0.193152,0.096087,0.013587,0.0169565,0.0129783,0.174478,0.022837,0.273239,0.018,0.0137935,1.74083,7.81522,68.7391,0.271739
0.0289655,0.077069,0.578448,0,0.329483,0.0134483,0.0544828,0.0401724,0.0281034,0.100345,0.0377586,0.74569,0.0627586,0.0351724,0,0.112414,0.106207,0.199655,1.87397,0,0.55569,0,0,0.00637931,0.181379,0.210862,0.211207,0,0.082069,0.0655172,0,0,0.0815517,0,0,0.0117241,0.0491379,0,0.037931,0.0165517,0.0710345,0.192586,0.0306897,0.118276,0.308103,0.240345,0,0.0134483,0.0185345,0.178741,0,0.203086,0.00232759,0.00212069,1.37579,3.34483,20.931,0.0862069
0.158625,0.139375,0.450375,0.02825,0.35775,0.078,0.1465,0.189125,0.14275,0.431125,0.102125,0.4535,0.104125,0.03,0.1,0.415125,0.297,0.288875,1.82288,0.269125,1.1055,0.895625,0.1955,0.105125,0.361875,0.1685,0.051,0.052375,0.02475,0.024125,0.02075,0.012,0.01575,0.012,0.044875,0.023625,0.126875,0.010875,0.013875,0.0695,0.011625,0.04575,0.021625,0.0115,0.13925,0.02025,0.03625,0.04875,0.331963,0.14015,0.0142625,0.39275,0.239725,0.249525,4.55211,55.775,345.5,0.6625
0.0419118,0,0,0,0.0319118,0,0,0.0864706,0,0.150882,0,0.197647,0.0205882,0.107059,0,0.278824,0.0419118,0.0205882,0.411765,0,0,0,0,0,0.0638235,0,0.131324,0,0,0,0.183824,0,0,0,0.294118,0,0,0,0.0432353,0,0,0.0760294,0,0.0611765,0.02,0,0,0.220588,0.00611765,0.07475,0.0816765,0.0564412,0,0,1.59194,3.07353,7.79412,0.0441176
0.103514,0.212703,0.566216,0.533243,0.435946,0.176757,0.261351,0.187297,0.0813514,0.234324,0.13027,0.532432,0.0937838,0,0,0.404865,0.345676,0.429459,2.24216,0.477568,1.48919,0.0232432,0.130541,0.194324,0.07,0.0832432,0.00864865,0,0.0389189,0.0389189,0,0,0.0072973,0,0.0345946,0.0510811,0.171351,0,0.0802703,0.00513514,0,0,0.0362162,0.0205405,0.127297,0.0335135,0,0.047027,0.0125135,0.0849459,0.0262162,0.432459,0.0687297,0.0325676,7.40127,131.595,302.838,0.864865
