0.099375,0.110694,0.329861,0.00805556,0.484792,0.168681,0.223403,0.0774306,0.0638889,0.225347,0.084375,0.490903,0.128542,0.0119444,0.0897917,0.440556,0.204792,0.264792,1.92438,0.206944,1.04174,0.121528,0.177847,0.154306,0.334792,0.193681,0.105556,0.109653,0.0365972,0.117014,0.0338889,0.0338889,0.0786806,0.0432639,0.0630556,0.0708333,0.0620833,0,0.117431,0.0790972,0.00916667,0.0197917,0.0109722,0.0134028,0.215972,0.120486,0,0.00229167,0.00775,0.123049,0.00234722,0.362465,0.0692431,0.170354,5.13831,53.6389,131.653,0.618056
0.117595,0.316456,0.42481,1.14747,0.76481,0.16557,0.472278,0.17962,0.0634177,0.333924,0.09,0.635823,0.115063,0.0501266,0.0448101,0.597722,0.999367,0.362405,2.2962,0.383038,1.76266,0.0206329,0.173418,0.15519,0.00721519,0.00721519,0,0.0078481,0,0.0122785,0,0,0.00759494,0,0.00594937,0.0397468,0.101013,0.0197468,0.0302532,0.0531646,0,0,0,0.00696203,0.0859494,0.0177215,0,0,0.00448101,0.119241,0.0107848,0.601696,0.187937,0.0372785,7.52841,123.962,222.506,0.936709
0.14907,0.126977,0.280465,0.0072093,0.31093,0.113256,0.0381395,0.221395,0.222093,0.333023,0.0939535,0.565581,0.140698,0.065814,0.0686047,0.339302,0.214884,0.19814,1.53605,0.134651,0.779302,0.939535,0.27907,0.228837,0.194419,0.105349,0.00744186,0.00581395,0.00302326,0.017907,0.0111628,0,0.0890698,0.00302326,0.00581395,0.10907,0.158605,0.01,0.0162791,0.0246512,0.0125581,0.00162791,0.0055814,0.0193023,0.0286047,0.0709302,0.00255814,0.0218605,0.0466047,0.125,0.0394884,0.208302,0.171698,0.124535,5.94228,127.837,1615.47,0.581395
0,0,0,0,0,0,0,0,0,0,0,0,0,0,0,0.325203,0,0,0,0,0,0,0,0,0.0903252,0.116098,20.068,0,0,0,0,0,0,0,0,0,0,0,0,0,0,0.18065,0,0,0.0541463,0,0,0,0,0.0285203,0,0.00934146,0,0,1.20634,1.6748,5.45528,0
0.131543,0.118704,0.374753,0.0221605,0.302407,0.0826543,0.0896296,0.156975,0.13142,0.295062,0.0704938,0.491481,0.0921605,0.0335185,0.052716,0.274012,0.209012,0.224877,1.58901,0.182346,0.918272,0.640556,0.144691,0.0906173,0.44463,0.182531,0.0737037,0.0731481,0.0538272,0.0545062,0.0394444,0.0183951,0.0408642,0.0183951,0.0512346,0.064321,0.159136,0.0235802,0.0378395,0.0702469,0.02,0.0485802,0.042284,0.0455556,0.118272,0.162284,0.0179012,0.0445062,0.253562,0.149167,0.0138642,0.295642,0.141253,0.144093,4.10972,52.2099,351.333,0.549383
0.147761,0.131791,0.821791,0.136716,0.703433,0.520149,0.285522,0.140746,0.57209,0.46791,0.214627,0.612985,0.150746,0.0797015,0.967015,0.301791,0.128657,0.762388,1.52985,0.871493,0.956716,0.0862687,0.517612,0.140746,0.0483582,0.00134328,0.021791,0.00432836,0,0.00865672,0,0,0.00537313,0,0.00432836,0,0.0129851,0,0,0.0401493,0,0,0.0880597,0.0119403,0.0447761,0.0364179,0,0,0.00862687,0.0791343,0.0011194,0.443,0.141358,0.0203134,77.618,743.731,1388.16,0.985075
0.256389,0.239167,0.316944,0.00527778,0.245833,0.0802778,0.0447222,0.143333,0.357778,0.434167,0.180833,0.555833,0.316944,0.586944,0.08,0.250556,0.271667,0.107222,2.12972,0.0380556,0.97,0.0466667,0.298333,0.308889,0.474167,0.110556,0.00166667,0.000555556,0.00111111,0.00916667,0,0,0.138889,0,0.00694444,0.0505556,0.165556,0.00305556,0.00777778,0.0163889,0.0141667,0.00444444,0.00916667,0.015,0.0533333,0.0597222,0.00194444,0.0408333,0.0309722,0.108556,0.0131667,0.291917,0.383389,0.0838611,5.63539,191.417,2263.14,0.75
0.126964,0.0784391,0.236998,0.00459691,0.21578,0.0561921,0.111098,0.151921,0.0422298,0.228508,0.0772384,0.533328,0.0913208,0.0426244,0.0242024,0.206947,0.117753,0.183225,1.58326,0.0232933,0.966981,0.00946827,0.0534991,0.080789,0.636569,0.329811,0.217273,0.232847,0.084717,0.145523,0.064494,0.0501544,0.152127,0.0501544,0.141973,0.117221,0.215317,0.00493997,0.100961,0.0534305,0.0287822,0.091681,0.0801715,0.0786449,0.293379,0.217427,0.00566038,0.0304117,0.0178662,0.162633,0.0149828,0.27787,0.0573053,0.042518,2.80482,17.0172,70.6038,0.379074
0.403,0.334,0.314,0.019,0.25,0.024,0.006,0.208,0.472,0.742,0.19,0.419,0.421,0.605,0.08,0.136,0.366,0.143,2.3,0.047,1.16,0,0.516,0.497,0.019,0,0,0.019,0,0,0,0,0,0.038,0.006,0.032,0,0,0.017,0.11,0,0,0,0,0.059,0,0,0,0.0151,0.0686,0,0.4377,0.4285,0.0727,225.594,1189.4,2466.4,1
0.129773,0.186477,0.391477,0.486477,0.268523,0.113636,0.0422727,0.0998864,0.310114,0.31125,0.0609091,0.724318,0.190795,0.157841,0.160227,0.122386,0.148068,0.157273,1.63489,0.12875,0.912159,0,0.115114,0.178409,0.786705,0.156705,0.0286364,0.0222727,0.0148864,0.0279545,0.0197727,0.00488636,0.0759091,0.00488636,0.0321591,0.0576136,0.108182,0.00159091,0.0172727,0.0342045,0.00852273,0.133409,0.0367045,0.00840909,0.0398864,0.0127273,0.00522727,0.0225,0.141011,0.148398,0.0182727,0.860818,0.21575,0.0219432,4.01706,64.3636,741.216,0.534091
0.0939092,0.0805124,0.257731,0,0.227408,0.0618009,0.112958,0.0569253,0.0269839,0.200264,0.0314641,0.577818,0.0836603,0.0379356,0.0163836,0.230644,0.0631918,0.14631,1.72391,0.0101025,0.579693,0,0.0515666,0.0348902,1.04318,0.514348,0.383441,0.286808,0.2553,0.281654,0.223031,0.167452,0.0965739,0.167452,0.268214,0.242826,0.187672,0.0133968,0.171611,0.177628,0.0781552,0.230922,0.0485652,0.131742,0.379253,0.20063,0.00149341,0.0343338,0.0186574,0.168565,0.013757,0.198073,0.0435798,0.0351903,2.09416,9.25183,39.8287,0.207906
0.0551923,0.2075,0.333462,0,0.7075,0.179615,1.12442,0.286154,0.253654,0.5075,0.237115,0.637692,0.0298077,0.0205769,0.0176923,0.486154,0.832885,0.293077,2.16442,0.233462,1.72308,0.0165385,0.109615,0.106154,0.0519231,0.0151923,0.126731,0.0382692,0.00961538,0.00480769,0.139231,0,0,0.00557692,0.0651923,0.0101923,0.0992308,0,0.0567308,0.365385,0,0.00384615,0,0.00538462,0.167692,0,0,0.0192308,0.00932692,0.146481,0.0114231,0.400846,0.0858077,0.0425,27.5354,208.096,368.327,0.730769
0.305217,0.146304,0.278913,0.0936957,0.0663043,0.10913,0.0197826,0.131522,0.212609,0.37,0.14413,0.638261,0.331304,0.666957,0.0204348,0.162391,0.267391,0.115,1.85261,0.0486957,0.843261,0.0341304,0.443478,0.278696,0.0971739,0.0617391,0.00521739,0.00152174,0.00217391,0.00391304,0,0,0.316087,0,0,0.0286957,0.180217,0.00152174,0.005,0.013913,0.0252174,0.00782609,0.00456522,0.0163043,0.0393478,0.0580435,0.01,0.0513043,0.0298913,0.116522,0.00773913,0.24063,0.334978,0.0894565,5.14743,164.043,3362.72,0.73913
0.158278,0.105166,0.345563,0.0018543,0.333046,0.142384,0.0674172,0.178013,0.240265,0.291523,0.0878146,0.73457,0.111854,0.0993377,0.0362252,0.209073,0.272583,0.110464,1.47377,0.16755,1.22874,0.209073,0.156556,0.173974,0.779139,0.153179,0.0139073,0.00556291,0.00635762,0.0129801,0.0110596,0.000993378,0.0983444,0.00298013,0.0118543,0.0625828,0.161325,0.0163576,0.0224503,0.0212583,0.0670199,0.0758278,0.0092053,0.0156291,0.0613907,0.21053,0.00238411,0.00834437,0.0794834,0.171066,0.0164106,0.286536,0.11549,0.060596,4.33286,67.6424,583.517,0.589404
0.0915152,0.09,0.262879,0.290303,0.261061,0.075303,0.0656061,0.064697,0.285,0.343182,0.0722727,0.448485,0.13803,0.151667,0.095303,0.296667,0.0618182,0.245,1.36652,0.210455,0.85,0.863333,0.0945455,0.0951515,0.379697,0.171818,0.0316667,0.0193939,0.00893939,0.0168182,0.0339394,0.00136364,0.0759091,0.00136364,0.105152,0.0227273,0.167121,0.000606061,0.0174242,0.0407576,0.0101515,0.0369697,0.00454545,0.0101515,0.0451515,0.0513636,0.0166667,0.04,0.0324242,0.150545,0.0204394,0.219667,0.123015,0.110985,6.12858,95.9697,1219.88,0.590909
0.125588,0.151961,0.39049,0.140294,0.297059,0.120784,0.0884314,0.187745,0.431863,0.517843,0.124314,0.535392,0.127157,0.0641176,0.135784,0.270392,0.147059,0.373922,1.41176,0.17598,0.929118,0.848725,0.124608,0.197451,0.475392,0.152059,0.0305882,0.024902,0.00558824,0.0268627,0.019902,0.00186275,0.12402,0.00372549,0.12598,0.0319608,0.137843,0.00176471,0.0329412,0.0316667,0.00941176,0.0273529,0.00529412,0.0122549,0.0356863,0.0368627,0.00647059,0.0289216,0.0591961,0.107961,0.0439608,0.365441,0.181725,0.0970784,4.64325,77.4118,969.873,0.686275
0.219062,0.405938,0.650312,0.0734375,0.365938,0.18125,0.319688,0.125625,0.314063,0.860625,0.215625,0.77125,0.14375,0.096875,0.270625,0.930625,0.3275,0.23875,1.85531,0.145,1.52562,0.0053125,0.193438,0.223438,0.299375,0.13875,0.0075,0,0,0.0228125,0,0,0.0421875,0,0.0225,0.0146875,0.12125,0.026875,0.0075,0.0228125,0,0.0228125,0.010625,0.0153125,0.110625,0.0446875,0,0.0240625,0.0094375,0.125656,0.00465625,0.753812,0.231156,0.0675,25.445,340.531,656.719,0.9375
0.0944492,0.0944068,0.357966,0.00368644,0.353263,0.136568,0.151737,0.149619,0.068178,0.252542,0.0979661,0.491864,0.124025,0.0423305,0.0177966,0.289534,0.156144,0.183898,1.58127,0.116314,0.87161,0.00783898,0.161356,0.0833475,0.578644,0.312881,0.102754,0.136356,0.0587288,0.11572,0.0532203,0.0283475,0.146483,0.0283475,0.108263,0.104237,0.213729,0.00936441,0.0602966,0.0583898,0.0722881,0.0372881,0.0580932,0.0586864,0.153898,0.184068,0.00461864,0.0338136,0.0414661,0.147369,0.0161907,0.2385,0.0787161,0.0275339,3.13494,32.1822,198.364,0.495763
0.120903,0.135613,0.239548,0.675226,0.410516,0.112581,0.0625806,0.109871,0.223097,0.238194,0.0905161,0.672839,0.120129,0.044129,0.0423226,0.204065,0.240774,0.162839,1.67032,0.0739355,0.739355,0.754968,0.174129,0.133097,0.648516,0.188194,0.0608387,0.0305806,0.026,0.031871,0.012,0.0134194,0.0807097,0.0110323,0.0404516,0.0716774,0.118645,0.0223226,0.0188387,0.0116129,0.0328387,0.0465161,0.0181935,0.0105806,0.0619355,0.0818065,0.0204516,0.022,0.105019,0.126677,0.0126516,0.184406,0.0938323,0.0871871,4.54206,47.6387,463.181,0.567742
0.0508405,0.674388,0.199716,0,0.266972,0.0353399,0.0286774,0.0449444,0.0118665,0.129753,0.00766378,0.483807,0.0491471,0.0637206,0.00210136,0.140222,0.0175155,0.113226,1.88497,0.0348084,0.462559,0,0.00262052,0.083152,0.302522,0.144215,0.501162,0.0126329,0.146588,0.0346848,0.0154512,0,0.105661,0,0.0438937,0.0147466,0.0364895,0.0373053,0.0637206,0.00537701,0.0703585,0.343115,0.0219407,0.168307,0.74068,0.327281,0.00629172,0.0552534,0.0207738,0.0961669,0.0191619,0.245262,0.00524227,0.00153894,1.50971,3.58591,12.9629,0.0877627
0.486667,0.750833,0.77375,0,0.35,0.282917,0.0454167,0.407917,0.425,1.41,0.0629167,1.4775,0.12625,0.282917,0.348333,0.299167,0.13,0.66125,2.12708,0.3475,3.35667,0.0158333,0.54125,0.256667,0,0,0,0,0,0,0,0,0.01375,0,0.0529167,0.0175,0.0154167,0,0,0,0,0,0.00791667,0,0.0258333,0,0,0,0.012,0.153833,0.0674167,0.980917,0.185792,0.0610833,40.1172,598.375,872.333,1
0.0948077,0.104327,0.314279,0.0105769,0.375192,0.131971,0.0979808,0.104231,0.0656731,0.232308,0.0688462,0.540192,0.142837,0.025625,0.0494231,0.219663,0.201875,0.259904,1.55404,0.105096,0.780048,0.309519,0.174135,0.0820192,0.585337,0.246683,0.112308,0.0749038,0.0645192,0.0765385,0.035625,0.0341827,0.0674038,0.0371635,0.0642308,0.0884615,0.163558,0.00125,0.0376923,0.0590385,0.0194231,0.0352885,0.0485096,0.0338462,0.151923,0.159423,0,0.0224038,0.0542067,0.158476,0.0267163,0.234101,0.116087,0.0596058,3.58572,40.1731,267.111,0.5625
0.130196,0.106626,0.254474,0,0.407188,0.0836919,0.131002,0.107604,0.0376039,0.194499,0.0469193,0.548068,0.0627873,0.0239853,0.0450856,0.354328,0.153716,0.194499,1.76641,0.0597066,0.833276,0.0226161,0.101834,0.0600489,0.539658,0.344377,0.227433,0.217824,0.0729095,0.109218,0.0623716,0.0675795,0.0788753,0.0675795,0.122421,0.148998,0.136993,0.00657702,0.0948411,0.0599022,0.0367971,0.0411002,0.0871883,0.10577,0.247164,0.197751,0.00613692,0.0408802,0.0212225,0.13499,0.0161076,0.240088,0.0670709,0.0388509,2.49703,17.2616,105.156,0.425428
0.0799653,0.126597,0.301007,0.00729167,0.399062,0.195764,0.126701,0.109514,0.0386111,0.257708,0.0366319,0.577882,0.0830208,0.00666667,0.0163194,0.218299,0.12,0.180833,1.55608,0.0292361,1.07865,0.00430556,0.111736,0.0989583,0.633368,0.391875,0.250208,0.184965,0.116111,0.129687,0.0746181,0.0715972,0.106632,0.0736458,0.13816,0.120382,0.190938,0.000798611,0.107188,0.0840278,0.04625,0.059375,0.107847,0.0278819,0.254549,0.110451,0.00954861,0.0176042,0.0274757,0.169059,0.0284097,0.194135,0.0603021,0.0125694,2.45032,17.3472,148.767,0.440972
0.096,0.008,0.196,0.008,0.092,0.118,0,0.058,0.058,0.188,0.074,0.082,0.072,0,0.038,0.088,0.078,0.076,0.608,0.008,0.242,1.906,0.138,0.11,0,0,0,0,0,0,0,0,0,0.028,0,0.008,0,0,0.016,0,0,0,0,0,0.038,0,0,0,0.4302,2.0094,0.009,0.3924,0.375,0.4024,57.5034,2297.8,10648.8,1
