0.12726,0.330959,0.406849,1.24178,0.789589,0.19,0.525479,0.193699,0.0772603,0.37,0.0973973,0.619863,0.124521,0.0542466,0.0484932,0.624247,1.01096,0.349452,2.23781,0.385616,1.74521,0,0.151507,0.167945,0.00780822,0.00780822,0,0.00849315,0,0.0132877,0,0,0.00821918,0,0.00643836,0.0430137,0.109315,0.0213699,0.0327397,0.0482192,0,0,0,0.00753425,0.0731507,0.0191781,0,0,0.00484931,0.123603,0.0116712,0.61926,0.178192,0.0306164,8.27007,129.233,223.534,0.931507
0.0612,0.0896,0.24776,0.00928,0.5192,0.1172,0.25072,0.08624,0.05168,0.27904,0.06968,0.45232,0.14816,0.03872,0.10344,0.48336,0.16064,0.2748,2.1936,0.28544,0.92848,0.04424,0.13144,0.14616,0.08352,0.08432,0.03616,0.0916,0,0.02496,0,0,0.02968,0,0.03144,0.03888,0.04176,0,0.04872,0.0356,0.00208,0.0704,0.0056,0.04232,0.27192,0.29528,0,0.00264,0.008296,0.08404,0.002184,0.212968,0.0592,0.185856,5.03865,54.04,106.776,0.536
0.0921834,0.0951965,0.363537,0.00379913,0.347686,0.133974,0.15214,0.157511,0.0670306,0.252445,0.0981659,0.5,0.124498,0.0436245,0.0145415,0.290262,0.17393,0.19952,1.60258,0.120393,0.912969,0.0151965,0.147293,0.0813537,0.575677,0.308603,0.0977729,0.136332,0.0589083,0.103974,0.0532314,0.0275983,0.167118,0.0275983,0.107424,0.100699,0.202271,0.00965065,0.0537555,0.0615284,0.010655,0.0310917,0.0577293,0.0579476,0.147118,0.0879039,0.00475983,0.0348472,0.0242271,0.146616,0.0162096,0.25345,0.0758297,0.0300699,3.2408,34.8559,200.035,0.515284
0,14.1478,0,0,0,0,0,0,0,0.132222,0,0,0,0,0,0,0,0,0,0,0,0,0,0,0,0,0,0,0,0,0,0,0,0,0,0,0,0,0,0,0,0,0,0,0.132222,0,0,0,0,0,0,0,0,0,1.77778,4.88889,9.02778,0
0.132454,0.117975,0.374172,0.0220245,0.300552,0.083865,0.0907975,0.15773,0.132331,0.300307,0.0700613,0.493742,0.0968712,0.0333129,0.0523926,0.272331,0.20773,0.223497,1.59699,0.181227,0.921472,0.641902,0.143804,0.0917791,0.441902,0.181411,0.0732515,0.0726994,0.0534969,0.0541718,0.0392025,0.0182822,0.0406135,0.0182822,0.0509202,0.0639264,0.15816,0.0234356,0.0376074,0.069816,0.0198773,0.0482822,0.0420245,0.0469939,0.117546,0.161288,0.0177914,0.0442331,0.252006,0.148252,0.0137791,0.297227,0.141742,0.144227,4.1172,52.7485,351.27,0.552147
0,0,0,0,0,0,0,0,0,0,0,0,0,0,0,0.325203,0,0,0,0,0,0,0,0,0.0903252,0.116098,20.068,0,0,0,0,0,0,0,0,0,0,0,0,0,0,0.18065,0,0,0.0541463,0,0,0,0,0.0285203,0,0.00934146,0,0,1.20634,1.6748,5.45528,0
0.153478,0.124783,0.265435,0.00804348,0.295435,0.106304,0.0395652,0.230435,0.203696,0.299348,0.0923913,0.540435,0.148261,0.0695652,0.0623913,0.32413,0.210435,0.185652,1.49261,0.128696,0.707826,0.652609,0.261522,0.233478,0.461087,0.0893478,0.00586957,0.00543478,0.00326087,0.023913,0.0104348,0,0.0884783,0.00282609,0.0106522,0.118043,0.160217,0.00934783,0.0213043,0.0245652,0.0193478,0.00326087,0.0073913,0.0245652,0.0297826,0.0973913,0.0023913,0.0397826,0.0394565,0.123587,0.0373696,0.200739,0.163326,0.101739,5.77274,124.522,1677.87,0.543478
0.083931,0.138724,0.317103,0.0027931,0.396103,0.203931,0.150069,0.094069,0.0529655,0.239241,0.0377931,0.623172,0.091069,0.00662069,0.013,0.242897,0.137483,0.22569,1.62528,0.0545862,1.14069,0.045,0.136103,0.108931,0.582034,0.326207,0.210897,0.127138,0.0934138,0.141414,0.0665862,0.0642759,0.0922759,0.0632069,0.108483,0.0982069,0.17831,0.000793103,0.103483,0.0818276,0.0926897,0.0427241,0.0873793,0.0162069,0.220414,0.155931,0.00917241,0.0135517,0.0393586,0.157969,0.0222966,0.217007,0.0726793,0.0191172,3.01698,23.4207,154.014,0.482759
0.160521,0.188021,0.38625,0.455833,0.290208,0.147292,0.0482292,0.1125,0.335729,0.350833,0.0761458,0.692708,0.200937,0.150729,0.205729,0.123854,0.158229,0.200625,1.74552,0.140417,1.00625,0,0.122396,0.214271,0.755208,0.178646,0.0279167,0.0204167,0.0136458,0.0332292,0.018125,0.00447917,0.074375,0.00447917,0.0319792,0.0539583,0.0946875,0.00666667,0.0183333,0.0401042,0.0078125,0.129896,0.0353125,0.0128125,0.041875,0.0215625,0.00479167,0.020625,0.127104,0.154135,0.0161562,0.853125,0.239729,0.0252396,4.39967,85.2812,739.562,0.59375
0.153284,0.0762473,0.273369,0.00283582,0.190341,0.0647335,0.129147,0.104542,0.0133689,0.193497,0.0886994,0.62226,0.0670149,0.00797441,0.0303198,0.186333,0.0935608,0.190299,1.57006,0.0118337,0.938102,0,0.0291471,0.0792964,0.777633,0.376759,0.198913,0.245864,0.109595,0.198657,0.085565,0.0523454,0.194414,0.0523454,0.196439,0.116823,0.231706,0.00571429,0.120789,0.0615139,0.0378891,0.148038,0.0695736,0.105117,0.239787,0.273262,0.00183369,0.0301706,0.0147612,0.153117,0.0134371,0.263104,0.0390171,0.0777697,2.46567,12.8124,58.6034,0.302772
0.0535095,0.0461968,0.203348,0,0.281366,0.0395301,0.0270485,0.0475184,0.00792952,0.133495,0.0058884,0.464464,0.0500587,0.0721586,0,0.148899,0.0198678,0.128649,1.94808,0.0395007,0.50138,0,0.00311307,0.0669016,0.299897,0.136314,0.527974,0.0150073,0.156769,0.0326579,0.0183554,0,0.116285,0,0.0436417,0.0175184,0.0284435,0.0443172,0.0690749,0.00312775,0.0746843,0.37862,0.0248018,0.189662,0.798385,0.365007,0.0074743,0.0571219,0.0204581,0.0987151,0.0227636,0.257395,0.00421292,0.00128341,1.44563,3.16006,11.6094,0.0792952
0.157181,0.0943624,0.34302,0.00187919,0.321208,0.140336,0.0628859,0.178389,0.236443,0.277181,0.088255,0.738993,0.0983221,0.0980537,0.0226846,0.188792,0.273356,0.0995973,1.44503,0.169799,1.22128,0.211879,0.137315,0.164094,0.793221,0.154899,0.0146309,0.00563758,0.00644295,0.0131544,0.0112081,0.00100671,0.10349,0.00302013,0.0120134,0.0624832,0.16094,0.0165772,0.0227517,0.0208054,0.0679195,0.0768456,0.00932886,0.0158389,0.0603356,0.213356,0.00241611,0.00711409,0.0814564,0.169054,0.0170134,0.281946,0.0977584,0.0612416,4.25561,64.7315,584.624,0.577181
0.30617,0.144894,0.280426,0.0917021,0.0723404,0.106809,0.0193617,0.139787,0.221064,0.399574,0.144681,0.630213,0.341064,0.652766,0.0255319,0.158936,0.276596,0.12,1.86936,0.0476596,0.868511,0.0334043,0.447021,0.28766,0.0951064,0.0604255,0.00510638,0.00148936,0.00212766,0.00382979,0,0,0.309362,0,0,0.0297872,0.176383,0.00148936,0.00659574,0.017234,0.0246809,0.00765957,0.00446809,0.0159574,0.0421277,0.0568085,0.00978723,0.0502128,0.0292553,0.115766,0.00757447,0.24734,0.329319,0.0877872,5.44715,185.447,3357.47,0.744681
0.0915714,0.129714,0.267571,0.273714,0.271429,0.0787143,0.065,0.0625714,0.291,0.379429,0.0832857,0.465571,0.135571,0.143714,0.0925714,0.279857,0.0828571,0.248714,1.37257,0.250571,0.908,0.857571,0.0971429,0.093,0.367571,0.172286,0.0305714,0.0182857,0.00842857,0.0158571,0.032,0.00128571,0.0765714,0.00128571,0.0991429,0.0232857,0.164143,0.000571429,0.0164286,0.0384286,0.00957143,0.0348571,0.0112857,0.011,0.0407143,0.0484286,0.0157143,0.0377143,0.034,0.153971,0.0199857,0.225086,0.1278,0.102971,6.30633,105.857,1230.47,0.6
0.0605263,0.244211,0.36807,0.00859649,0.639825,0.164035,1.06333,0.240175,0.208596,0.519123,0.222982,0.648947,0.0478947,0.022807,0.0161404,0.638246,0.785439,0.300526,2.20333,0.19,1.61053,0,0.135789,0.100175,0.0473684,0.0138596,0.115614,0.0349123,0.00877193,0.00438596,0.127018,0,0,0.0126316,0.0594737,0.0133333,0.108246,0,0.0517544,0.333333,0,0.00350877,0,0,0.174737,0,0,0.0175439,0.0112456,0.153632,0.0104211,0.423193,0.095614,0.0428246,25.2799,214.281,388.439,0.754386
0.142468,0.072943,0.284905,0.00408228,0.430443,0.0868038,0.102405,0.114209,0.035,0.157722,0.0348734,0.494968,0.0664241,0.0107278,0.0536709,0.306804,0.152753,0.158449,1.66161,0.0244937,0.824684,0.0313924,0.12,0.0477848,0.548323,0.369114,0.24269,0.202627,0.1025,0.11462,0.068038,0.0615506,0.0801899,0.0686709,0.148165,0.153797,0.159399,0.00471519,0.118703,0.0714557,0.040443,0.0514873,0.0978481,0.0741772,0.271835,0.162563,0.000886076,0.0441139,0.0257089,0.144778,0.0220759,0.283196,0.0738449,0.0230032,2.47203,17.5791,117.693,0.446203
0.314865,0.276757,0.336486,0.00351351,0.248919,0.0745946,0.0389189,0.149459,0.425676,0.528919,0.214054,0.579189,0.367838,0.723243,0.0859459,0.259189,0.332432,0.11027,2.41297,0.0359459,1.0927,0.0454054,0.393784,0.371622,0.0959459,0.0994595,0.00162162,0.000540541,0.000540541,0,0,0,0.123243,0,0.00189189,0.0321622,0.133784,0.00297297,0.00243243,0.0391892,0.00432432,0.00216216,0.00621622,0.00378378,0.0594595,0.0194595,0.00189189,0.0156757,0.0328378,0.100892,0.0108919,0.335595,0.430541,0.0987568,7.64754,346.757,2344.32,0.864865
0.096,0.008,0.196,0.008,0.092,0.118,0,0.058,0.058,0.188,0.074,0.082,0.072,0,0.038,0.088,0.078,0.076,0.608,0.008,0.242,1.906,0.138,0.11,0,0,0,0,0,0,0,0,0,0.028,0,0.008,0,0,0.016,0,0,0,0,0,0.038,0,0,0,0.4302,2.0094,0.009,0.3924,0.375,0.4024,57.5034,2297.8,10648.8,1
0.123173,0.152212,0.386827,0.137596,0.296442,0.119135,0.0879808,0.184135,0.423558,0.510385,0.121923,0.540481,0.127885,0.0642308,0.134423,0.267692,0.150288,0.367981,1.41615,0.175096,0.925096,0.902885,0.124135,0.196154,0.495385,0.149135,0.03,0.0244231,0.00548077,0.0263462,0.0195192,0.00182692,0.121635,0.00365385,0.123558,0.0320192,0.137212,0.00173077,0.0323077,0.0310577,0.00923077,0.0268269,0.00519231,0.0120192,0.03625,0.0361538,0.00634615,0.0283654,0.0588654,0.107587,0.0431154,0.358625,0.178442,0.10376,4.69535,77.2019,969.981,0.682692
0.0919617,0.103828,0.31378,0.0105263,0.386029,0.130144,0.0986124,0.10134,0.0653589,0.231196,0.0661244,0.536029,0.142153,0.0255024,0.0491866,0.218517,0.205359,0.257464,1.55043,0.104593,0.789809,0.308038,0.177895,0.0816268,0.582536,0.245502,0.11177,0.0745455,0.0642105,0.0761722,0.0354545,0.0340191,0.0670813,0.0369856,0.0639234,0.0880383,0.162775,0.00124402,0.037512,0.058756,0.0193301,0.0351196,0.0482775,0.0336842,0.155789,0.15866,0,0.0222967,0.0539474,0.158344,0.0265885,0.235526,0.117737,0.0593206,3.59776,40.4498,266.995,0.564593
0.155429,0.161857,0.823714,0.133571,0.691714,0.497857,0.269,0.145286,0.556143,0.496286,0.205143,0.654857,0.144286,0.0868571,0.925571,0.302286,0.123143,0.727571,1.517,0.789143,1.02771,0.0825714,0.506,0.138286,0.049,0.00128571,0.0208571,0.00685714,0,0.00828571,0,0,0.003,0.00542857,0.00414286,0,0.0177143,0,0,0.0384286,0,0,0.08,0.0114286,0.0428571,0.0348571,0,0,0.00825714,0.0784857,0.00107143,0.468929,0.158857,0.0214143,106.227,790.257,1399.94,0.985714
0.0926108,0.106478,0.223793,0.00332512,0.282586,0.0647044,0.130764,0.168005,0.0556404,0.270837,0.0636946,0.513793,0.0849754,0.0601232,0.0253695,0.282512,0.140148,0.160714,1.6603,0.0417241,0.781133,0.0123399,0.0991872,0.0725862,0.589951,0.380443,0.249113,0.247143,0.0771675,0.141281,0.0700985,0.0728818,0.0819704,0.0728818,0.121724,0.150172,0.153768,0.00541872,0.10399,0.0647291,0.0252709,0.0514039,0.0824631,0.0871182,0.298202,0.170567,0.0117241,0.0334975,0.016298,0.165084,0.0112931,0.257086,0.0599901,0.0295148,2.5874,15.6527,84.3916,0.416256
0.361,0.581,0.80175,0.02275,0.39725,0.2195,0.1945,0.274,0.3905,1.216,0.1315,1.16,0.12675,0.21475,0.3365,0.7075,0.205,0.43325,1.90525,0.26125,2.49825,0.01375,0.44725,0.24475,0.00625,0.01275,0,0,0,0,0,0,0.01625,0,0.04375,0.0105,0.08175,0.009,0,0,0,0,0.0045,0,0.06725,0.012,0,0.01925,0.01055,0.12565,0.044175,0.94615,0.234025,0.0672,38.5337,490.925,750.35,0.975
0.116104,0.137792,0.234935,0.67961,0.409351,0.111429,0.0611039,0.110584,0.222662,0.228182,0.0911039,0.675325,0.120909,0.0444156,0.0425974,0.199805,0.232922,0.166039,1.63429,0.0744156,0.727143,0.75987,0.17526,0.133961,0.668896,0.193442,0.0612338,0.0307792,0.0261688,0.0320779,0.0120779,0.0135065,0.0812338,0.00831169,0.0407143,0.0734416,0.120714,0.0224675,0.018961,0.0116883,0.0330519,0.0468182,0.0183117,0.0106494,0.0623377,0.0823377,0.0205844,0.0234416,0.105701,0.125617,0.0127338,0.173851,0.091026,0.0872338,4.46466,46.6818,463.273,0.558442
0.080231,0.0814851,0.244901,0,0.23462,0.0572607,0.0809571,0.0459736,0.0373432,0.186766,0.0224257,0.58538,0.0875578,0.0467327,0.00950495,0.222904,0.0543234,0.127409,1.79899,0.00980198,0.559323,0,0.039802,0.0616172,1.02881,0.493812,0.4617,0.268564,0.267789,0.254983,0.219109,0.173086,0.084604,0.173086,0.244026,0.23736,0.180759,0.0137789,0.159389,0.180297,0.0867657,0.233647,0.0437129,0.129587,0.44901,0.169026,0.00168317,0.0382013,0.0228795,0.169482,0.0144323,0.198116,0.0454719,0.0149422,2.0522,8.55941,34.3185,0.191419
