0.114587,0.0833028,0.27,0.485596,0.425872,0.134771,0.0342202,0.13055,0.150183,0.156422,0.0742202,0.580459,0.132936,0.0304587,0.02,0.20422,0.264128,0.12945,1.72853,0.105505,0.75367,0.486422,0.188532,0.112936,0.61156,0.140917,0.0330275,0.0286239,0.0404587,0.0262385,0.0105505,0.0191743,0.0434862,0.0118349,0.029633,0.0785321,0.122661,0.049633,0.0257798,0.0284404,0.022844,0.0424771,0.0287156,0.0066055,0.0755963,0.0701835,0.00807339,0.0237615,0.164248,0.122376,0.00866972,0.183651,0.0981835,0.0521009,3.30561,39.6055,423.569,0.550459
0.0442258,0.586645,0.173731,0,0.232237,0.0307419,0.0249462,0.0390968,0.0103226,0.112871,0.00666667,0.42086,0.0427527,0.0554301,0.00182796,0.164989,0.0152366,0.0984946,1.61824,0.0302796,0.402376,0,0.00227957,0.0508495,0.279086,0.144785,3.0941,0.0109892,0.127516,0.030172,0.0134409,0,0.091914,0,0.0381828,0.012828,0.0317419,0.0324516,0.0554301,0.00467742,0.0612043,0.322366,0.019086,0.146409,0.651473,0.284699,0.00547312,0.0480645,0.018071,0.0874269,0.0173624,0.212855,0.00456022,0.00203226,1.46698,3.31075,11.9452,0.0731183
0.508889,0.105556,0.37,0,0.0422222,0.198889,0.00222222,0.154444,0.186667,0.297778,0.236667,0.924444,0.538889,0.947778,0.0611111,0.321111,0.385556,0.196667,2.45333,0.17,0.997778,0,0.232222,0.504444,0,0,0.00111111,0,0.00333333,0.00111111,0,0,0.172222,0,0,0.0255556,0.0911111,0,0.00111111,0.04,0.00666667,0.01,0,0.0255556,0.0644444,0.0133333,0.0222222,0.0633333,0.0175556,0.192778,0.000222222,0.418778,0.289778,0.112222,4.24444,125.333,3531.56,0.888889
0,0,0,0.04,0,0,0,0,0,0,0,0,0,0,0,0.02,0,0,0.02,0,0,0,0,0,0,0,0,0,0,0,0,0,0,0,0,0,0,0,0,0,0,0,0,0,0,0,0,0,1.024,9.752,0.003,1.542,1.785,1.998,239.571,9989,10062,1
0.129577,0.207887,0.431268,0,0.255352,0.120282,0.0450704,0.111408,0.265352,0.300423,0.0708451,0.791549,0.208169,0.105634,0.134507,0.146901,0.143662,0.190704,1.63944,0.0814084,0.92,0,0.13,0.166479,0.742676,0.151549,0.0209859,0.0238028,0.0138028,0.0308451,0.0176056,0.00225352,0.0776056,0.00225352,0.0309859,0.0633803,0.107465,0.00197183,0.0176056,0.035493,0.0105634,0.0715493,0.0378873,0.0104225,0.0240845,0.0142254,0,0.0259155,0.146507,0.133662,0.0199155,1.04148,0.257225,0.0184366,3.98168,55.1127,750.69,0.56338
0.19,0,0.38,0,0,0.19,0,0,0,0,0.19,0.19,0,0,0,0.38,0,0.19,1.14,0,0.38,0,0,0,0,0,0,0,0,0,0,0,0,0,0,0,0,0,0,0,0,0,0,0,0,0,0,0,0.01,0.01,0,0,0,0.003,2.383,21,15841,1
0.0932051,0.128846,0.408718,0.00871795,0.304487,0.117436,0.101795,0.209872,0.402051,0.484872,0.129872,0.471667,0.107308,0.0611538,0.127564,0.272179,0.159359,0.335256,1.37051,0.174487,0.889744,0.57359,0.103333,0.182821,0.529487,0.156282,0.0162821,0.0287179,0.00730769,0.0239744,0.0211538,0.0024359,0.129231,0.00487179,0.117051,0.0379487,0.137821,0.00166667,0.0374359,0.0302564,0.0123077,0.0234615,0.00166667,0.00333333,0.0387179,0.0461538,0.00576923,0.0347436,0.0597821,0.112577,0.0506795,0.340423,0.196782,0.0806026,4.2236,67.2436,958.551,0.679487
0.511111,0.442222,0.302222,0,0.143333,0.03,0.00666667,0.174444,0.555556,0.641111,0.293333,0.677778,0.633333,1.23111,0.03,0.218889,0.43,0.0288889,3.12889,0,1.38778,0,0.523333,0.546667,0,0,0,0,0,0,0,0,0,0,0.00666667,0,0,0,0,0,0,0,0,0,0.0388889,0,0,0,0.00844444,0.0773333,0,0.454444,0.685333,0.131667,6.953,682.889,2398.67,1
0.348,0.101,1.579,0,1.082,0,0.098,0,0.517,0.785,0.067,0.067,0.033,0,0,0.101,0,0.168,0.551,0.833,0.774,0,0,0,0.315,0,0,0,0,0,0,0,0,0,0,0,0,0,0,0,0,0,0,0,0,0,0,0,0,0.012,0,0.8395,0.086,0,426.5,1214.6,1272,1
0,0,0.28,0,0.16,0.18,0,0,0,0,0.02,0.09,0.11,0,0,0,0,0,0.14,0,0.02,0,0,0.04,0,0,0,0,0,0,0,0,0,0.07,0,0,0,0,0.02,0,0,0,0,0,0,0,0,0,0,0.116,0.021,0.032,0,0,16.6155,154,9089,1
0.0825899,0.123957,0.33,0.00755396,0.390647,0.219712,0.124532,0.10295,0.0422302,0.235396,0.0348201,0.571763,0.0840288,0.00874101,0.00863309,0.224173,0.121835,0.172698,1.53975,0.0530935,1.10457,0.00446043,0.142086,0.0981295,0.637986,0.375647,0.220288,0.149496,0.115036,0.13982,0.0733453,0.064964,0.0934892,0.0638489,0.121259,0.112662,0.195504,0.000827338,0.093741,0.0780935,0.0988489,0.0563669,0.0995324,0.0248201,0.240791,0.201115,0.00956835,0.0230576,0.0471835,0.163353,0.0239353,0.188349,0.0736691,0.0150683,2.45885,17.8058,154.482,0.446043
0.448889,0.264444,0.424444,0.478889,0.0555556,0.138889,0.0455556,0.214444,0.386667,0.612222,0.222222,0.843333,0.532222,1.11556,0,0.222222,0.386667,0.0411111,3.01667,0,1.32778,0,0.891111,0.372222,0,0,0,0,0,0,0,0,0,0,0,0,0.00888889,0,0,0,0,0,0,0.00333333,0.0411111,0,0.00333333,0,0.0403333,0.065,0,0.389778,0.721556,0.155222,6.89722,194,3029.44,1
0.10881,0.177381,0.866667,0.218095,0.60381,0.795952,0.373333,0.206905,0.704286,0.360238,0.212381,0.761429,0.21381,0,1.46143,0.228571,0.119048,1.13452,1.65214,0.20619,0.733095,0,0.69381,0.156905,0.00214286,0.00214286,0,0,0,0,0,0,0,0,0.00785714,0,0.00690476,0,0,0.0392857,0,0,0.129524,0.0190476,0.0695238,0.0561905,0,0,0.0134762,0.0898333,0,0.39169,0.15531,0.0165,8.92212,664.286,1359.43,1
0.133091,0.0907273,0.256364,0,0.251455,0.0643636,0.0570909,0.0894545,0.277273,0.390545,0.0883636,0.494364,0.152545,0.185273,0.0801818,0.288909,0.0734545,0.275091,1.37273,0.298909,0.901273,1.24291,0.0965455,0.135818,0.398,0.176182,0.0376364,0.0223636,0.00163636,0.0238182,0.0376364,0.00163636,0.0923636,0.00163636,0.180364,0.022,0.191091,0.000909091,0.00472727,0.054,0.0109091,0.0516364,0.00981818,0.024,0.0505455,0.048,0.0238182,0.0461818,0.0441818,0.120327,0.0186727,0.266909,0.145618,0.127273,6.15187,86.2182,1131.29,0.6
0.124037,0.100092,0.257248,0.115138,0.349725,0.112936,0.0690826,0.109725,0.221284,0.35844,0.108073,0.791743,0.12,0.0673395,0.062844,0.170183,0.149174,0.194587,1.65826,0.0687156,1.02642,0.683761,0.201009,0.122569,0.502385,0.210734,0.019633,0.0275229,0.0118349,0.0283486,0.00981651,0.00174312,0.12,0.00174312,0.0322936,0.056055,0.124954,0.0130275,0.016422,0.00724771,0.0536697,0.0585321,0.00752294,0.0124771,0.0699083,0.270826,0.0234862,0.0199083,0.0392385,0.137679,0.0198716,0.235945,0.0732385,0.0897248,4.72213,55.4771,509.578,0.633028
0.118714,0.047,0.303,0.00157143,0.179286,0.0658571,0.0314286,0.193,0.150857,0.119714,0.0828571,0.690714,0.083,0.0677143,0.00742857,0.143571,0.318571,0.0452857,0.822143,0.140571,0.872714,0.117429,0.0855714,0.0927143,1.53214,0.196143,0.024,0.00957143,0.0154286,0.027,0.0191429,0.00385714,0.109143,0.00542857,0.0191429,0.113286,0.224429,0.0217143,0.0388571,0.0292857,0.0981429,0.0611429,0.0154286,0.0198571,0.0362857,0.147,0,0.014,0.167,0.2239,0.0150143,0.159143,0.0639571,0.0779714,3.3641,38.4857,597.443,0.328571
0.0760947,0.13,0.366568,0.122012,0.44503,0.153314,0.125562,0.121953,0.0692308,0.241775,0.0997041,0.58568,0.0870414,0.0259763,0.0260947,0.29284,0.250651,0.274556,1.8784,0.206331,1.02047,0.287101,0.162071,0.112308,0.34071,0.13355,0.0647929,0.0450296,0.0228402,0.0478698,0.0188166,0.0252663,0.0384024,0.0289349,0.0524852,0.0718935,0.127692,0.000414201,0.036213,0.0400592,0.00733728,0.0140828,0.0311834,0.0326627,0.162485,0.180355,0,0.0238462,0.0503846,0.139148,0.0227692,0.291882,0.118899,0.0610947,4.29212,60.3964,267.183,0.662722
0.10584,0.0824427,0.216107,0.0051145,0.238607,0.063645,0.1075,0.166927,0.0333588,0.252233,0.0403053,0.537195,0.0894466,0.0354198,0.0285305,0.147385,0.129447,0.183855,1.50672,0.0272519,0.620706,0.00492366,0.0537595,0.0489885,0.710344,0.378492,0.243454,0.294733,0.0972901,0.167176,0.081374,0.0594084,0.167576,0.0594084,0.168244,0.141603,0.251298,0.00549618,0.120706,0.0660878,0.0330534,0.0847328,0.0964885,0.10458,0.303874,0.194332,0.00629771,0.0339695,0.0195134,0.183197,0.0169447,0.229149,0.0557233,0.0468015,2.38431,13.0687,72.6622,0.343511
0.554,0.7155,0.843,0,0.321,0.2065,0.0335,0.4395,0.3985,1.5045,0.045,1.664,0.122,0.3395,0.345,0.359,0.057,0.6405,2.0415,0.3615,3.676,0.019,0.4405,0.231,0,0,0,0,0,0,0,0,0.0165,0,0.057,0,0.0185,0,0,0,0,0,0,0,0,0,0,0,0.0081,0.16825,0,1.10565,0.1778,0.0687,44.7956,633.35,839.7,1
0.29,0.04,0.04,0,0.14,0.04,0,0.29,0.29,0.94,0.14,0.04,0.14,0,0.19,0.04,0.39,0.19,1.6,0.04,0.79,9.53,0.69,0.47,0,0,0,0,0,0,0,0,0,0,0,0.04,0,0,0.04,0,0,0,0,0,0.19,0,0,0,1.117,0.053,0,0.356,0.09,0.011,12.332,1171,9163,1
0.005,0.005,0.035,0,0.025,0,0,0.005,0.015,0.065,0.025,0,0,0.025,0,0,0.005,0.035,0.005,0,0.005,0,0,0,0,0,0,0,0,0,0,0,0.035,0,0,0.065,0,0,0,0.005,0.23,0,0,0.015,0,0.4,0.005,0.035,0.036,0.1615,0.075,0.012,0.056,0.012,3.0295,43.5,5648.5,0
0.0849206,0.135714,0.327937,0.00920635,0.512143,0.154365,0.238175,0.109683,0.0509524,0.220556,0.10381,0.569365,0.10127,0,0.127778,0.349841,0.227381,0.286508,1.99333,0.231349,1.08476,0.138889,0.226587,0.0984127,0.37881,0.225397,0.14254,0.110397,0.0480159,0.139921,0.0449206,0.0449206,0.0577778,0.0556349,0.0757937,0.0694444,0.0601587,0,0.145476,0.0896032,0.0104762,0.022619,0.00285714,0.0153175,0.215476,0.10746,0,0.00261905,0.0085,0.135881,0.0049127,0.342302,0.068619,0.0380238,4.8974,50.873,136.183,0.619048
0.5,0.25,0.42,0,0.08,0.23,0.02,0.35,0.35,0.69,0.21,0.9,0.5,0.92,0.02,0.33,0.42,0.02,3.05,0,1.43,0,0.94,0.46,0,0,0,0,0,0,0,0,0,0,0,0,0,0,0,0.02,0,0,0,0,0.02,0,0.02,0,0,0.069,0,0.325,0.523,0.124,6.723,445,4128,1
0.195,0.5,0.4,0.095,0.58,0,0,0,0.39,0.19,0,0.2,0,0,0,0.1,0,0,0.195,0.19,0.39,0,0,0.2,0.095,0,0,0.095,0,0,0,0,0,0.19,0,0,0,0,0,0,0,0,0,0,0,0,0,0,0,0.035,0,0.4155,0.7295,0.015,1062,2123,2124,1
0.206667,0.366,0.753333,0.124,0.443333,0.333333,0.261333,0.208,0.335333,0.752667,0.351333,0.559333,0.189333,0.0726667,0.354667,0.518,0.290667,0.461333,1.706,0.134667,1.52067,0.0113333,0.395333,0.226,0.0166667,0.034,0,0,0,0,0,0,0.09,0,0.032,0,0.218,0,0,0.04,0,0,0,0,0.116,0.0953333,0,0,0.00893333,0.210933,0.00993333,0.6984,0.242333,0.068,11.0551,326.8,698.533,0.933333
0.167692,0.234615,0.183846,0,0.426154,0.0984615,0.09,0,0.206923,0.37,0.383077,0.613846,0.157692,0.410769,0,0.71,0.303846,0.0576923,2.15077,3.21308,1.76846,0,0.363846,0.218462,0,0,0,0,0,0,0,0,0.0115385,0,0,0,0,0,0.0523077,0,0,0,0.0376923,0,0.0169231,0,0,0.0169231,0,0.129,0,0.373,0.151615,0.0550769,8.03331,459.462,1389.85,1
0,0.0626667,0.209333,0,0.707333,0.0373333,1.75,0.809333,0.809333,0.909333,0.722,0.405333,0,0.0713333,0,0.884667,2.09733,0.06,1.44133,0.809333,3.416,0,0.234,0.0713333,0,0,0,0,0,0,0,0,0,0,0,0,0.294,0,0.0713333,0,0,0,0,0,0,0,0,0,0,0.0576667,0,0.620467,0.294067,0.0665333,63.8534,271.667,300.267,1
0.14,0.14,0.21,0.0185714,0.137143,0.0528571,0.0171429,0.0642857,0.254286,0.282857,0.0785714,0.355714,0.144286,0.305714,0.0114286,0.118571,0.155714,0.0485714,1.00286,0.00285714,0.472857,0,0.118571,0.158571,0.444286,0.458571,0.00571429,0.00285714,0.00285714,0,0,0,0.635714,0,0.00142857,0.0585714,0.655714,0.0128571,0,0.00285714,0.0228571,0.00857143,0.0157143,0.02,0.0871429,0.0885714,0.01,0.0828571,0.100857,0.179143,0.0424286,0.117857,0.159,0.0355714,3.52414,68,2502.29,0.428571
0.278235,0.17,0.257059,0,0.0705882,0.0882353,0.0270588,0.121765,0.234118,0.387059,0.13,0.641176,0.292941,0.65,0.02,0.115294,0.227059,0.0782353,1.87059,0.00588235,0.904118,0.0752941,0.547647,0.262941,0.231176,0.138235,0.00941176,0.00176471,0.00176471,0.01,0,0,0.394706,0,0,0.0270588,0.192353,0.00294118,0.01,0.00588235,0.0188235,0.01,0.00352941,0.0217647,0.0447059,0.0352941,0.00764706,0.0282353,0.0270588,0.108118,0.00817647,0.180118,0.327765,0.0874118,5.91071,141.529,3254.24,0.764706
0.0661667,0.353833,0.368333,0.668833,0.528167,0.159,0.614333,0.0698333,0.218667,0.282,0.0286667,0.6505,0.0663333,0.0106667,0.0285,0.336667,0.248667,0.416333,2.0605,0.0731667,1.19817,0.0455,0.0666667,0.1095,0.122333,0.0405,0.196667,0.0235,0.0323333,0.0281667,0.120667,0,0,0.00716667,0.0681667,0.012,0.0505,0,0.0345,0.327667,0,0.00333333,0.0155,0.0126667,0.177667,0.00916667,0,0.0166667,0.0102167,0.157983,0.0161,0.344683,0.0588667,0.0398,11.3605,154.9,390.733,0.65
0.313333,0.0566667,0.3,0,0.213333,0.03,0,0.42,0.4,1.28333,0.153333,0.166667,0.36,0,0.216667,0.03,0.496667,0.4,2.25333,0.03,1.24,0,0.82,0.563333,0,0,0,0,0,0,0,0,0,0,0,0.106667,0,0,0.0566667,0.366667,0,0,0,0,0.12,0,0,0,0.0383333,0.0766667,0,0.328333,0.075,0.00733333,32.4923,1282,2806,1
0,0.02,0.05,0,0.02,0,0,0.05,0,0.35,0,0.02,0,0,0,0.05,0.1,0.38,0.07,0.2,0.17,0,0,0,0.02,0,0,0,0,0,0,0,0,0,0,0,0,0,0,0,0,0,0,0,0,0,0,0,0,0.004,0,0.108667,0.0173333,0.0173333,3.922,489,3271,1
0.251667,0.161296,0.419074,0,0.525926,0.224259,0.110926,0.184815,0.435556,0.443333,0.0838889,0.617593,0.08,0.23537,0.140185,0.249815,0.32963,0.105556,1.87981,0.260185,1.35296,0.429259,0.097963,0.371481,0.164444,0.0783333,0.0190741,0.00814815,0.00277778,0.00277778,0.0122222,0.00277778,0.0683333,0.0062963,0.0122222,0.0314815,0.0887037,0.00981481,0.0087037,0.0290741,0,0.220556,0.00814815,0.0135185,0.0740741,0.00203704,0.0101852,0,0.0154815,0.135333,0.0102593,0.392148,0.174204,0.054537,5.02452,108.796,626.352,0.740741
0.153699,0.0980822,0.347671,0.0221233,0.287534,0.0972603,0.095,0.14,0.0966438,0.302055,0.0674658,0.452877,0.106233,0.0368493,0.05,0.257808,0.223699,0.185342,1.51308,0.164521,0.785822,0.720205,0.176301,0.0830137,0.706575,0.282945,0.099726,0.084589,0.0543151,0.0574658,0.054863,0.0219863,0.0689726,0.0219863,0.0609589,0.0683562,0.210411,0.00726027,0.034726,0.0613014,0.040274,0.0606849,0.0432877,0.0506164,0.128973,0.181027,0.019863,0.044726,0.262062,0.167082,0.0219863,0.259582,0.159548,0.161692,3.90278,40.726,331.774,0.506849
0.0963636,0.0745455,0.206364,0.00545455,0.139091,0.0618182,0.0118182,0.161818,0.0690909,0.128182,0.0572727,0.557273,0.0690909,0.0636364,0.02,0.24,0.15,0.16,0.692727,0.0654545,0.332727,0.405455,0.0709091,0.0736364,0.23,0.09,0.00818182,0.00727273,0.0118182,0.0418182,0.0327273,0,0.230909,0,0.0118182,0.106364,0.25,0.0145455,0.0290909,0.0272727,0.0490909,0.00636364,0.0145455,0.0309091,0.0163636,0.210909,0.00454545,0.0327273,0.082,0.154455,0.0469091,0.100273,0.0285455,0.0511818,3.45136,102.364,1817.55,0.181818
0.16,0.29,0.311579,2.97053,0.403158,0.241579,0.0642105,0.0826316,0.640526,0.882105,0.101579,0.834211,0.195263,0.05,0.192632,0.211579,0.0363158,0.525789,2.28526,0.366842,1.46526,0.401579,0.313158,0.294211,0.583684,0.206842,0.0936842,0,0.00315789,0.0615789,0,0,0.0231579,0,0.02,0.0394737,0,0.0452632,0.0357895,0.0215789,0,0.0452632,0.0268421,0.0257895,0.0468421,0,0,0.00736842,0.00973684,0.0654211,0.0851579,0.509895,0.130158,0.0662105,8.326,223.895,865.316,0.894737
0.263333,0.0633333,0.676667,0,1.07667,0.303333,0.14,0.22,0.416667,0.326667,0.153333,0.7,0.25,0,0.886667,0.0266667,0.703333,0.993333,2.27333,0.18,0.893333,1.92667,0.63,0.323333,0,0,0,0,0,0,0,0,0.07,0,0.03,0,0,0,0,0.0533333,0,0,0.0533333,0,0.0266667,0.0266667,0,0,0.004,0.045,0.025,0.396,0.127667,0.228333,25.6057,618,1708.67,1
0.116667,0.0883333,0.178333,0,0.153333,0.07,0.00833333,0.0483333,0.12,0.15,0.0566667,0.413333,0.0866667,0.208333,0.0133333,0.0416667,0.165,0.116667,0.636667,0.00166667,0.273333,0.0483333,0.111667,0.0866667,0.08,0.0816667,0.0116667,0.00666667,0.00666667,0,0,0,1.035,0,0,0.0833333,0.686667,0.00333333,0.00833333,0.025,0.0533333,0.0166667,0.025,0.015,0.0266667,0.191667,0.0116667,0.206667,0.0536667,0.145167,0.0108333,0.0696667,0.0971667,0.0256667,2.94133,71,2974.5,0.166667
0.255,0.491429,0.636429,0.035,0.317857,0.0292857,0.427143,0.0407143,0.205714,0.975,0.0671429,1.05357,0.04,0.0942857,0.215,1.55,0.437143,0.0271429,2.065,0.165,1.69,0,0.0585714,0.177857,0.0207143,0.0207143,0.0207143,0.0414286,0,0,0,0,0,0.0207143,0.0414286,0.0164286,0.0435714,0,0,0,0,0,0,0,0.128571,0,0,0.055,0.0111429,0.0601429,0,0.832143,0.383857,0.0712143,47.0759,380,531.286,0.928571
0.203889,0.221667,0.259444,0,0.272778,0.0894444,0.0627778,0.137778,0.311667,0.401111,0.162222,0.526111,0.283889,0.493889,0.0327778,0.326667,0.281667,0.111667,2.08778,0.05,0.981111,0.0933333,0.260556,0.251667,0.775556,0.0427778,0.00111111,0,0.00111111,0.0183333,0,0,0.0305556,0,0.0133333,0.0783333,0.0761111,0.00111111,0.0155556,0.0266667,0.0194444,0.00555556,0.00555556,0.0222222,0.0405556,0.0816667,0,0.0494444,0.0187222,0.099,0.00588889,0.306222,0.26,0.0969444,5.55039,119.167,2129.61,0.722222
0.22,0.22,0.22,0,1.77,0.22,0.44,0.44,0.22,2.88,0,0.88,0.22,0,1.105,0.44,0,0.44,3.325,0,3.325,0,0.44,0.44,0,0,0,0,0,0,0,0,0,0,0,0,0,0,0,0.44,0,0,0,0,0,0,0,0,0,0,0,0.5755,0.153,0,86.675,1038,1733.5,1
0,0,0,0,0,0,0,0,0,0,0,0,0,0,0,0.58,0,0,0,0,0,0,0,0,0,0,1.46,0.29,0,0.58,0,0,0,0,0,0,0.58,0,0,0,0,0,0,0,0,0,0,0,0,0.018,0,0,0,0,251,1488,1506,0
0.358,0.264,0.658,0,0.404,0.09,0.056,0.078,0.48,0.592,0.286,0.742,0.342,0.714,0.368,0.158,0.27,0.206,2.822,0.064,1.22,0,0.462,0.442,0,0,0,0,0,0,0,0,0,0,0,0,0,0,0,0.012,0,0,0.024,0,0.07,0.012,0,0,0.0042,0.0896,0,0.3802,0.7542,0.0766,8.1344,317.2,2261.6,1
0.143827,0.326049,0.432099,0.875556,0.703333,0.130247,0.521358,0.0976543,0.0676543,0.379012,0.0734568,0.628025,0.189877,0.0608642,0.0437037,0.531358,0.881481,0.287901,2.23259,0.138765,1.35617,0.0201235,0.282469,0.10642,0.0406173,0.047037,0,0.0890123,0,0.0525926,0,0,0.25037,0,0.0871605,0.0375309,0.0623457,0.0192593,0,0.0490123,0,0.0418519,0.00641975,0.00679012,0.0945679,0.0608642,0,0,0.00554321,0.110074,0,0.718247,0.141778,0.0273333,7.15205,105.37,195.568,0.814815
0.0468103,0.0668965,0.213707,0,0.214914,0.0633621,0.173966,0.0527586,0.0972414,0.230603,0.0247414,0.361121,0.149741,0.077931,0,0.727931,0.0393966,0.232069,2.26034,0.117155,1.08362,0.0556897,0.0513793,0.131552,0.303793,0.211466,0.0816379,0.0425,0,0.0123276,0.0135345,0,0.0447414,0,0.0262931,0.0613793,0.0186207,0,0,0.0169828,0,0.0755172,0.00603448,0.0418103,0.282155,0.264224,0,0,0.00893966,0.0602672,0.00591379,0.494647,0.0469569,0.198784,5.01978,45.4138,87.5776,0.508621
0.0619355,0.11129,0.283226,0.618065,0.262258,0.0996774,0.0748387,0.0403226,0.351613,0.204516,0.0551613,0.465161,0.0732258,0.0487097,0.0948387,0.222903,0.0580645,0.155806,1.23355,0.0135484,0.674194,1.07097,0.111935,0.063871,0.383871,0.218065,0.0135484,0.0151613,0.016129,0.01,0.0216129,0,0.0774194,0,0.0251613,0.0216129,0.144839,0.00129032,0.00677419,0.01,0.00225806,0.0180645,0,0.0196774,0.0187097,0.0293548,0,0.00645161,0.0478065,0.188839,0.0332903,0.158903,0.0965161,0.098129,5.31584,81.129,1348.35,0.548387
0.196154,0.150769,0.308462,0.0119231,0.382692,0.139615,0.05,0.328077,0.284615,0.413846,0.118846,0.529615,0.19,0.0880769,0.0938462,0.441154,0.296154,0.225,1.85269,0.2,0.908077,0.983077,0.389615,0.343846,0.0973077,0.0673077,0.00538462,0.00192308,0,0.00884615,0,0,0.0365385,0.005,0.00307692,0.128846,0.131154,0.0103846,0.0146154,0.0303846,0,0,0.00307692,0.00846154,0.0384615,0.0280769,0.00230769,0.0192308,0.0275385,0.103115,0.0413077,0.252192,0.238308,0.152385,6.97542,151.154,1586.65,0.769231
0.132795,0.0843836,0.270795,0,0.433973,0.0827945,0.127918,0.124932,0.041589,0.179507,0.0547397,0.502822,0.0584384,0.0240548,0.046,0.335205,0.169315,0.195342,1.71192,0.0332329,0.870603,0.0156986,0.107534,0.0652055,0.570904,0.364356,0.23737,0.227452,0.0836986,0.117315,0.0546301,0.065589,0.0797534,0.0680548,0.130137,0.152,0.15137,0.00736986,0.113014,0.0603014,0.0446575,0.044411,0.100219,0.0878356,0.262411,0.19411,0.00712329,0.0410137,0.0216795,0.140055,0.0195507,0.249978,0.0719452,0.0357315,2.35285,15.4767,110.452,0.441096
0.083785,0.0857944,0.304439,0.0082243,0.339299,0.122009,0.113458,0.163318,0.0661682,0.262944,0.0842991,0.481262,0.154019,0.0419626,0.0425701,0.271822,0.163832,0.23472,1.41075,0.0992523,0.823832,0.0191589,0.0924766,0.0824766,0.639626,0.324065,0.139065,0.129533,0.0815888,0.111355,0.063972,0.0407944,0.10243,0.0407944,0.0835047,0.118271,0.22271,0.0103271,0.0679439,0.0883645,0.00593458,0.0265888,0.0750467,0.061729,0.139206,0.0589252,0.00509346,0.0286449,0.0239813,0.167757,0.0219533,0.173916,0.0693411,0.0286963,2.71003,27.1589,209.14,0.495327
0.121717,0.0894093,0.270082,0,0.221003,0.0593544,0.108214,0.0534066,0.0253159,0.194876,0.0605082,0.609121,0.0800275,0.0355907,0.0164835,0.22875,0.062033,0.138379,1.72929,0.00947802,0.794066,0,0.0483791,0.0870879,0.978723,0.478242,0.364217,0.26908,0.242266,0.266387,0.210014,0.162541,0.0961538,0.162541,0.256085,0.227816,0.179574,0.0125687,0.161003,0.166648,0.0733242,0.222143,0.0455632,0.123599,0.357184,0.202404,0.0014011,0.0355495,0.0179203,0.161973,0.0122047,0.197703,0.0451511,0.0325975,2.22028,10.0975,40.6305,0.226648
