0.171667,0.0813333,0.389667,0,0.234,0.057,0.074,0.0146667,0.0226667,0.162,0.0226667,0.382333,0.110333,0.082,0,0.273667,0.0293333,0.31,3.48733,0.0296667,0.943333,0,0.0146667,0,0.222333,0.083,0.263333,0,0.211,0.196,0,0,0.0183333,0,0,0.0526667,0.0293333,0.031,0.114333,0,0.0666667,0.143,0,0.0623333,0.303,0.148667,0,0,0.0042,0.0796,0,0.0796,0.0117667,0,1.40483,4.03333,37.6667,0.166667
0.139839,0.210323,0.465,0.690484,0.268226,0.127742,0.056129,0.116129,0.277742,0.310968,0.0737097,0.813226,0.220968,0.113548,0.149355,0.162097,0.137419,0.213548,1.90887,0.173226,1.01806,0,0.145484,0.201129,0.517419,0.12629,0.0214516,0.0256452,0.0106452,0.0170968,0.0201613,0.00258065,0.076129,0.00258065,0.0283871,0.0325806,0.0817742,0.00225806,0.0201613,0.0390323,0.00258065,0.0806452,0.0329032,0.01,0.0264516,0.00193548,0,0.01,0.158935,0.131645,0.0207581,1.18069,0.286774,0.0190484,4.19365,60.3871,758.032,0.645161
0.06,0.0405128,0.0571795,0,0.136667,0.0305128,0.0371795,0.704872,0.0674359,0.0425641,0,0.312051,0,0.318974,0,0.0835897,0.18359,0.0425641,0.542564,0.0371795,0.396154,0.0512821,0.271026,0.0320513,0.235385,0.216667,0.124872,0.138718,0,0.0553846,0,0.0151282,0.0189744,0.0151282,0.0853846,0.172051,0.0776923,0,0.0233333,0,0,0,0,0.0382051,0.632564,0,0,0.0425641,0.0044359,0.184282,0.00679487,0.221564,0.184462,0.015641,3.83803,24.2308,80.1538,0.74359
0.103514,0.212703,0.588919,0.533243,0.442973,0.176757,0.284054,0.187297,0.0813514,0.234324,0.13027,0.532432,0.116486,0,0,0.404865,0.345676,0.429459,2.29514,0.477568,1.53486,0.0232432,0.130541,0.217027,0.0543243,0.0675676,0.00864865,0,0.0389189,0.0389189,0,0,0.0072973,0,0.0345946,0.0197297,0.124324,0,0.0645946,0.00513514,0,0,0.0205405,0.0205405,0.127297,0.0335135,0,0,0.0125135,0.0954324,0.023027,0.453432,0.0722162,0.0325676,7.50795,133.486,301.054,0.891892
0.0194444,0.075,0.181944,0,0.0675,0.0663889,0.165278,0.0816667,0.0152778,0.248889,0,0.370556,0.187222,0,0,0.251389,0.0597222,0.166111,2.26,0.323611,0.811667,0.153611,0,0.0902778,0.0330556,0.121944,0,0,0,0,0,0,0,0,0,0.0177778,0,0,0,0,0,0.165278,0,0.0366667,0.457778,0.468889,0,0,0.0189722,0.0361944,0,0.122583,0.0205556,0.0897222,4.37389,48.6111,89.7222,0.361111
0.521818,0.662273,0.808636,0,0.33,0.281818,0.0495455,0.435909,0.398636,1.44136,0.06,1.56818,0.129091,0.308636,0.38,0.326364,0.0636364,0.704091,2.06091,0.352727,3.44773,0.0172727,0.590455,0.252273,0,0,0,0,0,0,0,0,0.015,0,0.0577273,0.0190909,0.0168182,0,0,0,0,0,0,0,0.0190909,0,0,0,0.0117727,0.157364,0.0532273,1.04318,0.189227,0.0642273,42.4445,616.136,858.318,1
0.152778,0.121111,0.258056,0.0102778,0.195833,0.0908333,0.0283333,0.233889,0.198889,0.2725,0.0933333,0.476389,0.171389,0.0683333,0.0636111,0.266111,0.187778,0.186111,1.35028,0.139444,0.697222,0.706944,0.219444,0.216389,0.528333,0.0975,0.00694444,0.00361111,0.00416667,0.0283333,0.01,0,0.112222,0,0.0102778,0.118611,0.165833,0.0125,0.0241667,0.0288889,0.0247222,0.00472222,0.00944444,0.0266667,0.0372222,0.110833,0.00305556,0.045,0.0486667,0.126222,0.0418611,0.182639,0.12025,0.0944167,5.42706,115,1760.22,0.472222
0.12386,0.121228,0.313596,0,0.334035,0.0500877,0.0227193,0.0258772,0.017193,0.170789,0.00842105,0.489737,0.0631579,0.015614,0,0.113947,0,0.159298,2.07333,0.0236842,0.647807,0,0.0185965,0.0148246,0.0992982,0.0782456,0.422632,0,0.0252632,0,0,0,0.388596,0,0,0.015614,0,0.0720175,0.0881579,0.0102632,0.0203509,0.250965,0.0605263,0.0607895,0.623509,0.251579,0.025614,0,0.0254298,0.100289,0.0156053,0.369114,0,0,1.35284,3.11404,13.6053,0.0789474
0.0673171,0.22,0.404634,0,0.305854,0.158537,0.190732,0.2,0.08,0.240976,0.0873171,0.62439,0.0539024,0,0.0541463,0.259268,0.12,0.279268,1.82537,0.3,1.24146,0,0.367561,0.11439,0.445366,0.345366,0.139512,0.123171,0.0734146,0.0958537,0.044878,0.0441463,0.174146,0.0441463,0.133171,0.0697561,0.175122,0,0.10122,0.0858537,0,0.0941463,0.0453659,0.00707317,0.141951,0.0178049,0,0.0680488,0.00578049,0.118707,0.0180976,0.208171,0.151512,0.0567805,3.58271,34.8293,168.902,0.609756
0.0446429,0.0785714,0.221429,0,0.302143,0.110714,0.0178571,0.0867857,0.0682143,0.163214,0.0478571,0.5275,0.0832143,0.0389286,0,0.135,0.1225,0.0596429,1.05429,0,0.6,0,0.0685714,0,0.517857,0.293929,0.0710714,0.254643,0.0714286,0.198929,0,0,0.0217857,0,0.0364286,0.178929,0.0464286,0.0428571,0.1075,0,0.0239286,0.0732143,0,0.243214,0.143571,0.0225,0,0.0189286,0.00985714,0.117571,0.00278571,0.0503929,0.0354286,0.00139286,1.68879,6.64286,99.2143,0.0357143
0.10975,0.034,0.293,0,0.2935,0.04475,0.0175,0,0,0.18175,0,0.52675,0.09925,0,0,0.37375,0.03225,0.106,2.62975,0,0.56125,0,0,0.034,0.25325,0.0155,0.17525,0,0.08675,0.01675,0,0,0.02175,0,0,0.05525,0.024,0,0,0,0.1355,0.193,0.039,0.1025,0.427,0.17075,0,0,0.0406,0.087125,0.0079,0.1189,0.022975,0.002475,1.24558,3.125,30.3,0.175
0.105349,0.115581,0.30907,0.445581,0.324651,0.116279,0.0781395,0.0860465,0.290465,0.272558,0.0744186,0.492326,0.119302,0.0513953,0.0946512,0.321395,0.123721,0.193953,1.46605,0.0374419,0.722326,0.878372,0.198837,0.13186,0.276744,0.157209,0.00976744,0.0109302,0.0116279,0.0072093,0.0155814,0,0.055814,0.00302326,0.02,0.0416279,0.132326,0.000930233,0.0232558,0.0186047,0.00162791,0.0130233,0,0.014186,0.0239535,0.0334884,0,0.0127907,0.0365814,0.159953,0.0269535,0.218791,0.139279,0.116488,5.94828,114.326,1374.05,0.651163
0.1255,0.04075,0.372,0,0.3735,0.01275,0.09225,0.034,0,0.0665,0.018,0.52325,0.298,0,0,0.105,0.0205,0.02075,0.684,0,0.127,0,0.04275,0.11375,0.353,0.61275,0.25825,0,0.04525,0.0205,0.03225,0,0.08975,0,0.034,0.0735,0.17225,0,0.07175,0,0,0.3085,0,0.06025,0.16825,0,0,0.05475,0.013,0.171425,0.02765,0.192375,0.078125,0.0054,1.61902,6.525,39.5,0.15
0,0.0723077,0.154615,0,0.628462,0,1.87538,0.833077,0.833077,0.905385,0.833077,0.380769,0,0.0823077,0,0.715385,2.31923,0.0692308,1.34385,0.833077,3.59538,0,0.226923,0.0823077,0,0,0,0,0,0,0,0,0,0,0,0,0.339231,0,0.0823077,0,0,0,0,0,0,0,0,0,0,0.0443846,0,0.647846,0.330308,0.0767692,69.0474,276.385,292.615,1
0.0492593,0.057037,0.312407,0.0238889,0.350926,0.187222,0.0985185,0.157037,0.0214815,0.267778,0.0485185,0.472778,0.107407,0,0.0103704,0.127037,0.0790741,0.163333,1.65333,0.025,0.69463,0,0.0898148,0.0353704,0.577037,0.456667,0.225926,0.29,0.149815,0.120556,0.0725926,0.0644444,0.0840741,0.0587037,0.188519,0.165556,0.163889,0,0.141111,0.0707407,0.0331481,0.118333,0.10463,0.0724074,0.347407,0.247963,0.00166667,0.0211111,0.0249259,0.152167,0.0275926,0.277759,0.0439815,0.00938889,2.24246,13.8519,132.352,0.407407
0.0388571,0.0625714,0.283143,0,0.0925714,0.0602857,0.142,0.0562857,0.227143,0.166286,0.0474286,0.347143,0,0.12,0,0.971143,0.176,0.127143,1.35686,0.0457143,1.14743,0.0265714,0.170286,0.088,0.373429,0.378286,0.175143,0.0648571,0,0.022,0.0448571,0,0.109429,0,0.0871429,0.102571,0.0228571,0,0,0.0451429,0,0.0802857,0,0,0.132,0,0,0,0,0.114371,0.0140571,0.667029,0.0592857,0,4.04051,31.1143,89.0857,0.742857
0.0792857,0,0.389286,0,0,0,0,0,0,0.403571,0,0.538571,0,0,0,0,0,0.314286,1.17929,0,0.624286,0,0,0,5.21929,1.83643,0.912857,1.36714,0.436429,1.37071,0.610714,0.436429,0.075,0.436429,0.889286,0.697143,0.727857,0,0.438571,0.436429,0,0.15,0.349286,0.237857,0.372857,0,0,0,0.0250714,0.264071,0.0485,0.0770714,0,0.985143,2.26843,10.4286,61.6429,0
0.116379,0.204828,0.683621,0.157931,0.668966,0.604138,0.318621,0.162586,0.571724,0.431379,0.251207,0.721207,0.177414,0.092069,1.11707,0.338621,0.178276,0.887241,1.76552,0.869655,1.08172,0.0996552,0.597931,0.162586,0.00155172,0.00155172,0,0,0,0,0,0,0.0062069,0,0.005,0,0.005,0,0,0.0463793,0,0,0.105,0.0137931,0.0517241,0.042069,0,0,0.00996552,0.0940517,0.0012931,0.373103,0.152034,0.0238793,15.4307,648.948,1398.03,1
0.0526531,0.0965306,0.57102,0,0.190816,0.0289796,0.172857,0.0740816,0,0.269388,0.0371429,0.889184,0.104286,0.0673469,0,0.354286,0.107755,0.30102,4.91041,0.077551,0.885102,0,0,0.0326531,0.0406122,0,0.424286,0,0.0312245,0.140612,0,0,0,0,0,0.0502041,0.127959,0.0183673,0.0202041,0.0195918,0,0.0922449,0.0244898,0.0367347,0.549592,0.128367,0,0.0185714,0.0253469,0.0596327,0,0.151551,0.019449,0,1.37851,3.40816,18.7143,0.22449
0.112358,0.0428302,0.301321,0,0.219245,0.0553774,0,0,0,0.116132,0,0.397547,0.0367925,0.233019,0,0.281698,0.0268868,0.188019,1.53943,0.171509,0.702925,0,0,0.0857547,0.267547,0.0657547,0.596509,0,0.0584906,0.0392453,0,0,0.11,0,0,0,0,0.0268868,0.0686792,0,0.0303774,0.170377,0,0.198962,0.564057,0.328585,0,0.0449057,0.00777358,0.131019,0.00708491,0.104981,0.0168019,0,1.37226,2.63208,9.4434,0.0660377
0.0787879,0.0481818,0.285909,0,0.330152,0.166515,0.0798485,0.0983333,0.0528788,0.176212,0.0531818,0.482727,0.0857576,0.0577273,0.0283333,0.225606,0.192273,0.196364,1.32621,0.141818,0.779545,0,0.112576,0.10303,0.737121,0.421667,0.110303,0.145606,0.111667,0.124697,0.0560606,0.0312121,0.0571212,0.0312121,0.113485,0.102576,0.198333,0.00212121,0.0437879,0.0565152,0.241667,0.0136364,0.0742424,0.0440909,0.185909,0.451818,0,0.0419697,0.0968939,0.155682,0.0208636,0.103939,0.0581364,0.0120152,2.12961,14.5455,186.212,0.393939
0.149333,0.139333,0.3956,0.0301333,0.326667,0.0849333,0.130933,0.18,0.1296,0.449733,0.0937333,0.4352,0.1088,0.0329333,0.0961333,0.3696,0.227333,0.262933,1.648,0.222133,0.938267,0.838533,0.199467,0.0949333,0.585467,0.289067,0.102267,0.1276,0.0425333,0.0570667,0.0774667,0.032,0.0362667,0.032,0.0828,0.0474667,0.154533,0.0116,0.0490667,0.0876,0.0432,0.0781333,0.0313333,0.0753333,0.0884,0.04,0.0386667,0.0373333,0.35316,0.164947,0.0176533,0.318347,0.216933,0.2674,4.28847,46.36,353.72,0.586667
0.0619608,0.0847059,0.303137,0,0.267843,0.0884314,0.0872549,0.14549,0.0229412,0.149412,0.024902,0.35451,0.0964706,0,0.0433333,0.171569,0.0807843,0.243725,1.46765,0.00901961,0.617059,0.00901961,0.0382353,0.0101961,0.651373,0.543529,0.266275,0.236078,0.125294,0.133333,0.0796078,0.0713725,0.0656863,0.0713725,0.194706,0.132745,0.215882,0.0141176,0.0966667,0.0768627,0.0407843,0.00372549,0.173137,0.0472549,0.252353,0.137059,0.00372549,0.0882353,0.0301176,0.165902,0.0323529,0.163608,0.033451,0.0171765,1.93345,11.9216,120.294,0.254902
0.650541,0.124324,0.694595,0,0.201351,0.0559459,0,0,0,0.0656757,0.594595,1.40595,0,0,0,0.216216,0,0.0108108,1.36027,0,4.91189,0,0,0.564054,0.11973,0.116757,0.162973,0,0,0.108919,0,0.135946,0,0.135946,0.0324324,0,0,0,0,0,0,0.0648649,0,0,0.0705405,0,0,0.0656757,0,0.0687568,0,0.175189,0.0894324,0,4.55743,26.5135,53.7568,0.486486
0.125057,0.0693103,0.336782,0.00390805,0.294598,0.116552,0.0543678,0.16023,0.186437,0.241724,0.055977,0.733103,0.123563,0.0998851,0.0244828,0.175747,0.201034,0.143678,1.54851,0.123218,1.29805,0.00390805,0.201264,0.111609,0.662184,0.158966,0.00609195,0.0124138,0.00931034,0.015977,0.00183908,0,0.0849425,0,0.0156322,0.0568966,0.166207,0.00678161,0.0245977,0.00850575,0.0698851,0.0577011,0.00896552,0.0136782,0.0788506,0.282644,0.0062069,0.00712644,0.0354598,0.150897,0.018069,0.267437,0.0701034,0.0198391,4.39193,64.6437,550.931,0.643678
0.0467797,0.0705085,0.164915,0,0.311017,0.0394915,0,0.0198305,0.0149153,0.0255932,0,1.16034,0.0588136,0.0261017,0,0.0872881,0.0650847,0.120678,0.616441,0.0213559,0.268305,0,0,0.029322,0.456441,0.358475,0.339831,0,0.217627,0.0674576,0,0,0.101356,0,0,0,0.182712,0,0.0172881,0,0.0264407,0.30339,0.0301695,0.186271,0.562881,0.135254,0,0.0374576,0.0249153,0.210203,0,0.196746,0,0.00208475,1.56946,4.57627,22.9831,0.0338983
0.121522,0.105978,0.245652,0.132717,0.499674,0.118261,0.0609783,0.0979348,0.195326,0.26,0.108913,0.728478,0.128696,0.0567391,0.0534783,0.146087,0.233261,0.152283,1.71087,0.0794565,0.729457,0.883804,0.230326,0.130109,0.507717,0.164239,0.0186957,0.0253261,0.0168478,0.0256522,0.0098913,0.0122826,0.098913,0.00358696,0.0266304,0.085,0.100435,0.0144565,0.0180435,0.00923913,0.0282609,0.0675,0.0116304,0.0132609,0.0397826,0.0952174,0.0315217,0.0266304,0.0708478,0.12288,0.0112935,0.156348,0.0775217,0.096663,3.84908,37.6522,481.815,0.597826
0.0544776,0.105373,0.319403,0.00208955,0.385672,0.0955224,0.145224,0.0940298,0.0574627,0.207463,0.0686567,0.501791,0.241493,0.0537313,0.129254,0.106418,0.0620896,0.326119,1.55403,0.0813433,0.797015,0.585373,0.201343,0.115075,0.752985,0.314478,0.194328,0.13806,0.0825373,0.099403,0.0674627,0.0837313,0.0626866,0.0885075,0.0923881,0.108507,0.156567,0,0.0735821,0.0944776,0.0185075,0.0586567,0.0898507,0.0314925,0.135821,0.0779104,0,0.0185075,0.121478,0.195791,0.0282687,0.184821,0.162,0.0647313,3.50915,26.597,261.313,0.567164
0.328286,0.287429,0.328857,0.00371429,0.255143,0.066,0.036,0.148857,0.435714,0.535143,0.220571,0.596857,0.371429,0.762,0.0811429,0.248571,0.340857,0.102857,2.44,0.0368571,1.1,0.048,0.403143,0.384857,0.0888571,0.0917143,0.00114286,0.000571429,0.000571429,0,0,0,0.127143,0,0.002,0.034,0.141429,0.00257143,0.00257143,0.0334286,0.00457143,0.00171429,0.00657143,0.004,0.0548571,0.0194286,0.002,0.0165714,0.0294286,0.0994857,0.0102571,0.339857,0.451857,0.102629,7.83891,361.771,2360,0.885714
0,0,0,0,0,0,0,5.28,0,0,0,0,0,0,0,0,0.78,0,0,0,0,0,0,0,0,0,0,0,0,0,0,0,0,0,0,0,0,0,0,0,0,0,0,0,0,0,0,0,0,0,0,0,0,0,1.0765,2,12.5,0
0.126316,0.133509,0.286316,0,0.356667,0.121228,0.254211,0.150351,0.0340351,0.253509,0.0898246,0.267544,0.0333333,0.0754386,0.0375439,0.407368,0.138421,0.326316,2.09649,0.0770175,0.928596,0.0263158,0.110526,0.0975439,0.872632,0.444561,0.409649,0.237368,0.0749123,0.17,0.0749123,0.188421,0.0578947,0.188421,0.133684,0.131754,0.152281,0,0.156316,0.0749123,0.0417544,0.0610526,0.14807,0.0517544,0.346842,0.512105,0.0407018,0.015614,0.0212807,0.143895,0.0142807,0.280421,0.034193,0.145579,2.28274,16.0877,94.6316,0.45614
0,0,0,0,0,0,0,0,0,0,0,0,0,0,0,0,0,0,0,0,0,0,0,0,0.462917,0.595,11.4646,0,0,0,0,0,0,0,0,0,0,0,0,0,0,0.925833,0,0,0.2775,0,0,0.347083,0.108833,0.146167,0,0.146542,0,0,1.51312,2.95833,8.29167,0
0.087037,0.0430864,0.330494,0.01,0.413704,0.272346,0.114198,0.125062,0.0350617,0.238395,0.0139506,0.512346,0.101111,0.0171605,0,0.291358,0.117654,0.128148,1.51062,0.0045679,1.44704,0,0.11284,0.196543,0.671605,0.499383,0.199506,0.151111,0.0749383,0.172716,0.0754321,0.0479012,0.0940741,0.0479012,0.12716,0.104444,0.142593,0.00283951,0.0565432,0.0553086,0.0718519,0.00679012,0.0840741,0.00740741,0.254198,0.0550617,0.0244444,0.00345679,0.0410988,0.157605,0.0269506,0.111852,0.0631235,0.011284,1.97191,12.2963,143.049,0.493827
0.194687,0,0.39125,0,0.0290625,0.133125,0.127188,0.210625,0.152812,0.298438,0.0478125,0.429063,0.041875,0,0,0.29875,0,0,2.53469,0,1.05,0,0.035,0.155,0.0828125,0.144688,0.0834375,0.0459375,0,0,0.141875,0,0.0128125,0,0,0,0.2325,0.0128125,0.155625,0,0.0278125,0,0.05875,0.195,0.4225,0.699063,0,0,0,0.131375,0.00790625,0.288188,0.104187,0.0450938,2.76812,16.0938,37.6562,0.5
0.0815,0.153,0.268833,0,0.2465,0.0568333,0.126167,0.0213333,0,0.220833,0.0355,0.444333,0.216667,0,0,0.494,0.0548333,0.117,1.826,0.0445,0.7995,0,0.088,0.0555,0.6355,0.436167,0.4925,0.213,0.133,0.175667,0.1395,0.0968333,0.1675,0.0968333,0.370167,0.161333,0.261333,0,0.400167,0.111667,0.0978333,0.3465,0.179167,0.221667,0.225833,0.160333,0,0,0.0125333,0.130317,0.0146,0.272633,0.1891,0.00476667,2.20892,11.3833,44.2333,0.316667
0.1075,0.0732143,0.168393,0,0.185,0.136429,0.231786,0.0560714,0.0114286,0.205179,0.0707143,0.791607,0.0355357,0.0496429,0.04,0.06375,0.277143,0.0455357,2.17768,0.00803571,0.557321,0,0.139821,0.00857143,0.208036,0.0182143,0.166071,0,0.0232143,0.0821429,0,0,0.114286,0,0,0.0860714,0.175536,0.00982143,0.0489286,0.00464286,0.114821,0.16125,0.0141071,0.0753571,0.323571,0.105179,0,0.0885714,0.0179464,0.0975357,0.00892857,0.277661,0.0252857,0.0157143,1.60939,5.58929,43.8571,0.160714
0.0922449,0.0514286,0.291429,0,0.181429,0.0530612,0.0228571,0.112653,0.0134694,0.217347,0.054898,0.905918,0.0230612,0,0.0365306,0.191633,0.0167347,0.0893878,1.50612,0,0.704694,0,0.0114286,0,0.509388,0.144898,0.128163,0,0.103673,0.170408,0.0183673,0,0.290204,0,0,0.14102,0.212653,0,0.327959,0,0.139184,0.22898,0.027551,0.126735,0.225306,0.21,0,0.054898,0.00222449,0.130204,0.00528571,0.159755,0.00669388,0.0102857,1.67896,6,49.2041,0.142857
0.19,0.0381818,0.0618182,0,0.225455,0.0630303,0.216364,0.150606,0.0563636,0.279394,0.0487879,0.267273,0.0366667,0.0360606,0.12,0.109394,0.102121,0.117879,0.913939,0,0.89,0,0,0.12,0.708485,0.515758,0.134242,0.576667,0.161818,0,0,0.0212121,0.3,0.0212121,0.30697,0.0815152,0.600606,0,0.0984848,0,0,0.161818,0.134848,0.0281818,0.326667,0.0281818,0,0,0.0369697,0.263212,0.020697,0.355303,0.0777576,0,3.29003,20.0909,66,0.484848
0.115854,0.0880488,0.159512,0,0.56439,0.0202439,0.11878,0.064878,0.0309756,0.117317,0.0231707,0.571707,0.0163415,0.0617073,0.0209756,0.431463,0.275854,0.164634,2.36512,0.0107317,1.24878,0,0.205122,0.0458537,0.0617073,0.0387805,0.0895122,0.0780488,0,0,0,0.0153659,0.0107317,0.0153659,0.0492683,0.112683,0.0343902,0,0.0404878,0.00804878,0,0.0163415,0.0156098,0.0146341,0.28561,0.0526829,0,0.0621951,0.0110976,0.125951,0.00907317,0.387805,0.0990976,0.0100732,3.27861,27.3902,110.854,0.804878
0,0,0.255556,0,0.118056,0.0166667,0.171667,0,0.146111,0.161944,0.0166667,0.170833,0,0.319444,0.0322222,0.880556,0.0969444,0.246944,1.25806,0,0.483889,0,0,0,0.263056,0.187778,0.454444,0.035,0,0.035,0.035,0,0,0,0.119167,0.106111,0.305833,0,0.191944,0,0.178056,0.168889,0.206667,0.173611,0.620833,0.296389,0,0.109444,0.0149722,0.111694,0.0241389,0.293167,0.0222778,0.00380556,2.23967,10.3611,36.0833,0.277778
0.0436538,0.0480769,0.156538,0,0,0.0686538,0,0,0.0348077,0,0,0.175,0.106731,0,0,0.147885,0,0.0417308,8.24135,0,1.21327,0,0,0.427885,0,0,1.19173,0,0,0,0,0,0.120192,0,0,0,0,0,0,0,0,0,0,0,1.53058,0.672115,0.0417308,0,0.00719231,0.0258077,0,0.851942,0,0,1.17952,1.78846,6.80769,0.0769231
0.0921429,0.0802381,0.432857,0.0138095,0.230238,0.0416667,0.0792857,0.172381,0.0595238,0.22881,0.07,0.376667,0.0416667,0.00714286,0,0.370952,0.281905,0.26381,1.79905,0.174762,1.06214,0.279524,0.100714,0.0683333,0.175476,0.0542857,0,0.027381,0.0130952,0.047381,0,0,0,0.00714286,0.0728571,0.062381,0.16,0,0.0138095,0.037381,0,0,0.0157143,0,0.26881,0.572619,0,0.0811905,0.0233095,0.131976,0.0121429,0.374405,0.123429,0.0433571,4.57276,70.4762,301.262,0.571429
0.0925581,0.133488,0.295116,0,0.397674,0.111395,0.257209,0.189535,0.0506977,0.237674,0.182791,0.430698,0.203488,0.0644186,0.0234884,0.335581,0.168605,0.234186,1.74581,0.174186,1.02791,0,0.0486047,0.09,0.41093,0.134186,0.0409302,0.08,0.0139535,0.0693023,0.0283721,0.0139535,0.0274419,0.0139535,0.0583721,0.14907,0.187442,0.0127907,0.0130233,0.0646512,0.0072093,0.00534884,0.00860465,0.0130233,0.0923256,0.0362791,0,0.0381395,0.0212558,0.0900698,0.00653488,0.251465,0.0863488,0.00723256,3.37495,49.6279,191.116,0.627907
0,0,0,0,0.2856,0,0,0.4444,0,0.1332,0,0.1664,0,0,0,0.16,0,0,0.4684,0,0.788,0,0,0,0,0,0.8528,0,0,0,0,0,0,0,0,0,0,0,0,0,0,0.524,0,0.3248,5.5088,0.474,0,0.1332,0,0.08504,0,0.04396,0,0,1.12288,1.64,6.4,0.04
0.143636,0.0709091,0.294848,0,0.181818,0.0966667,0.169091,0.166667,0,0.310303,0.0387879,0.419394,0.0421212,0,0.0863636,0.0478788,0.0236364,0.0424242,2.04303,0,0.413939,0,0.0236364,0.0263636,0.440606,0.249394,0,0.115152,0,0.070303,0.133636,0,0.0981818,0,0.127273,0,0.360303,0,0.110606,0.126061,0.0363636,0.127273,0.0863636,0.158485,0.227576,0.958182,0,0,0.0059697,0.0813636,0.0124545,0.514879,0.0103636,0.0275455,3.06321,16.4545,50.303,0.242424
0.103194,0.16875,0.398194,0.196528,0.308333,0.111806,0.055,0.206389,0.314722,0.555,0.127083,0.532639,0.137639,0.0688889,0.170556,0.261944,0.189028,0.330972,1.27889,0.142778,0.857083,0.686667,0.120694,0.172639,0.577778,0.146944,0.0333333,0.0302778,0.00875,0.0298611,0.0191667,0.00263889,0.139028,0.00527778,0.0711111,0.04,0.132083,0.00180556,0.0319444,0.0358333,0.0119444,0.0147222,0.00416667,0.00291667,0.0406944,0.0480556,0.00430556,0.03625,0.0525833,0.113389,0.02,0.311931,0.168431,0.0955278,4.82378,84.2222,927.528,0.680556
0.0811111,0.025,0.211111,0.0184722,0.0933333,0.0681944,0.0394444,0.174167,0.0319444,0.0952778,0,0.599306,0.149306,0,0.0420833,0.0666667,0.140278,0.213472,1.46903,0.00888889,0.546111,0,0.111667,0.0525,0.803611,0.438194,0.216528,0.289028,0.0959722,0.225833,0.107639,0.0802778,0.105,0.0802778,0.185417,0.15375,0.338056,0,0.172917,0.09875,0.0701389,0.100139,0.173889,0.0772222,0.390972,0.502778,0.0119444,0.0690278,0.00877778,0.204708,0.0286111,0.276542,0.0600833,0.0166528,2.28608,12.8333,70.1944,0.263889
0,0,0,0,0,0,0,0,0,0,0,0,0,0,0,0,0,0,0,0,0,0,0,0,20.83,4.16,0,0,0,0,0,0,0,0,0,0,0,0,0,0,0,0,0,0,0,0,0,0,0,0,0,0,0,0,3.555,18,64,0
0.178947,0.155263,0.394737,0,0.256316,0.0984211,0.361053,0.156316,0.0610526,0.176316,0.184211,0.654737,0,0.122105,0,0.728421,0.348421,0.341579,2.65421,0,0.817895,0,0,0.0957895,0.0689474,0.0226316,0,0.122105,0,0,0,0,0,0,0.0226316,0,0.277368,0,0.119474,0,0,0,0,0.0610526,0.0636842,0.117895,0,0,0.0111579,0.111368,0,0.195368,0.0786842,0.01,3.70963,29.3684,69.6842,0.684211
0.0860976,0.142195,0.19439,0,0.40561,0.290244,0.112195,0.151463,0.0656098,0.293659,0.0360976,0.68,0.0756098,0,0.00707317,0.210732,0.152439,0.23122,1.55439,0,1.05829,0.0302439,0.132683,0.0426829,0.588537,0.27439,0.289268,0.13878,0.125366,0.0990244,0.0641463,0.0726829,0.0973171,0.0726829,0.132927,0.0770732,0.209512,0,0.153171,0.0880488,0.0173171,0.035122,0.104634,0.0158537,0.239756,0.0302439,0,0.0239024,0.0034878,0.228366,0.0321463,0.414634,0.0883415,0.0233659,3.41361,28.4878,149.537,0.487805
0,0,0.175,0,0.317188,0.1175,0,0.104062,0.104062,0,0,0.3925,0.08,0,0,0.387188,0.104062,0.372187,0.83,0,0.875625,0,0.111562,0,1.63219,0.783125,0.0865625,0.574375,0.289063,0.45875,0.456562,0,0,0,0.372187,0.372187,0.190313,0.125,0.363125,0,0.139687,0.585,0.0909375,0.301563,0.652812,0.182813,0,0.08,0.0763437,0.111906,0.041125,0.266375,0.0823125,0.074125,2.54256,12.5938,28.3438,0.28125
0.101071,0.157679,0.307857,0.0189286,0.36,0.1225,0.0833929,0.166607,0.03375,0.318571,0.0864286,0.585893,0.156071,0.00571429,0.0303571,0.304286,0.174107,0.21375,1.3975,0.0439286,0.895179,0.0732143,0.143036,0.0871429,0.445714,0.234464,0.147857,0.0694643,0.10375,0.0894643,0.0346429,0.0346429,0.0998214,0.0346429,0.0405357,0.0789286,0.127143,0.0271429,0.06625,0.0567857,0.00642857,0.00785714,0.0696429,0.0519643,0.108214,0.0348214,0,0.0121429,0.0205,0.134018,0.0203036,0.165036,0.0862679,0.0223393,2.67412,25.75,233.054,0.517857
0.173214,0.0898214,0.249464,0,0.249107,0.0130357,0.285179,0.0482143,0,0.192679,0.05875,0.774821,0.0326786,0,0.0589286,0.217321,0.131429,0.33375,1.45643,0.0396429,0.524643,0,0.158929,0,1.41464,0.837143,0.208571,0.452679,0.241071,0.516786,0.213929,0.1225,0.0783929,0.1225,0.521429,0.213929,0.111071,0,0.0601786,0.133929,0.0482143,0.265,0.0314286,0.0501786,0.221786,0.191071,0,0.0441071,0.00519643,0.158357,0.00442857,0.166607,0.0335536,0.240036,2.1402,10.8929,52.7679,0.321429
0.0452273,0.270455,0.336136,0.912045,0.576364,0.216136,0.779545,0.065,0.0540909,0.364091,0.0340909,0.731591,0.0509091,0.0152273,0.0209091,0.465682,0.217955,0.343182,2.29955,0.00545455,1.21318,0,0.0925,0.0856818,0.105,0.0179545,0.149773,0.0452273,0.0113636,0.00568182,0.164545,0,0,0.0163636,0.0770455,0.0172727,0.0413636,0,0.0427273,0.431818,0,0.00454545,0,0,0.208182,0.01,0,0.0227273,0.0110227,0.187205,0.0148182,0.326705,0.0939773,0.0289545,13.2641,184.295,408.25,0.636364
0.120667,0.0221667,0.238167,0,0.146833,0.1405,0.0596667,0.278,0,0.189333,0.012,0.572333,0.0371667,0.00383333,0.0101667,0.2115,0.145333,0.360333,1.4195,0.0115,0.579333,0,0.012,0.00383333,0.537,0.306667,0.184,0.118,0.0623333,0.142167,0.0743333,0,0.344833,0,0.114333,0.105167,0.251667,0.0313333,0.147833,0.0178333,0.0545,0.125333,0.0558333,0.178333,0.146667,0.0896667,0,0.0301667,0.021,0.132283,0.0276167,0.245433,0.0444667,0.0489167,1.8348,9.48333,62.6667,0.316667
0.103333,0.055,0.249259,0,0.464815,0.0638889,0.0735185,0.102778,0.0288889,0.179444,0.0351852,0.710185,0.0607407,0.0159259,0.196111,0.320185,0.0627778,0.151481,1.61556,0.00777778,0.873519,0.0596296,0.102222,0.0981481,0.702407,0.425556,0.188148,0.296852,0.127037,0.0824074,0.102778,0.0796296,0.0966667,0.0796296,0.178148,0.179259,0.246852,0.00740741,0.124444,0.0924074,0.0759259,0.077037,0.147593,0.130556,0.225185,0.403889,0,0.0114815,0.0447037,0.176611,0.0282778,0.178037,0.0873889,0.0142222,2.42441,13.037,103.352,0.425926
0.3972,0.0784,0.3914,0,0.7182,0.029,0.1772,0.164,0.066,0.1296,0.0194,0.4218,0.0276,0,0.03,0.5886,0.2398,0.118,1.7808,0.0952,1.224,0.011,0.2484,0.0724,0.264,0.157,0.154,0.107,0.0166,0.0542,0.0102,0.0212,0.1324,0.0392,0.0812,0.0664,0.1468,0,0.0468,0.0102,0.086,0.071,0.0284,0.071,0.2034,0.1502,0,0.006,0.01062,0.08658,0.01696,0.45942,0.17982,0.0129,2.78854,22,121.2,0.68
0.30617,0.144894,0.280426,0.0917021,0.0723404,0.106809,0.0193617,0.139787,0.221064,0.399574,0.144681,0.630213,0.341064,0.652766,0.0255319,0.158936,0.276596,0.12,1.86936,0.0476596,0.868511,0.0334043,0.447021,0.28766,0.0951064,0.0604255,0.00510638,0.00148936,0.00212766,0.00382979,0,0,0.309362,0,0,0.0297872,0.176383,0.00148936,0.00659574,0.017234,0.0246809,0.00765957,0.00446809,0.0159574,0.0421277,0.0568085,0.00978723,0.0502128,0.0292553,0.115766,0.00757447,0.24734,0.329319,0.0877872,5.44715,185.447,3357.47,0.744681
0.0438636,0.0145455,0.415455,0,0.190455,0.0197727,0.0840909,0,0.0588636,0.230455,0.0497727,0.536591,0.124318,0.0197727,0.0386364,0.0888636,0.0145455,0.104091,3.53364,0,0.67,0,0,0.00840909,0.0804545,0.0234091,0.667955,0,0.0138636,0.0234091,0,0,0.0475,0,0,0,0.161818,0,0.1025,0,0.0472727,0.0481818,0.0195455,0.0845455,0.3925,0.345455,0,0.0815909,0.02125,0.0853182,0,0.118136,0.0242727,0,1.43802,4.29545,25.2045,0.136364
0.0425,0.0478125,0.227188,0,0.31375,0.0646875,0.0865625,0.0503125,0.01125,0.065,0.0834375,0.525625,0.193125,0,0.03875,0.0615625,0.163438,0.223438,2.0275,0,0.562812,0,0,0.0125,0.234063,0.03125,0.110625,0,0.0603125,0.073125,0,0,0.341875,0,0,0.0753125,0.10625,0,0,0,0.0221875,0.11,0.0209375,0.260625,0.184375,0.0759375,0,0,0.0190938,0.177375,0.0103437,0.324719,0,0,1.49703,5.28125,68.625,0.25
0.220968,0.120968,0.286452,0.00177419,0.181935,0.168226,0.0427419,0.155,0.363226,0.215806,0.0867742,0.720645,0.0793548,0.0351613,0.0166129,0.185968,0.312419,0.0333871,1.14919,0.204194,0.804032,0.136129,0.0316129,0.234516,1.42161,0.245645,0.0333871,0.0108065,0.00951613,0.0380645,0.0216129,0.00435484,0.113548,0.00612903,0.0309677,0.110968,0.183065,0.0217742,0.0169355,0.0267742,0.0746774,0.02,0.0230645,0.0122581,0.0337097,0.132258,0.00741935,0.0322581,0.177468,0.221984,0.0142097,0.242903,0.102532,0.0858871,3.80674,45.3387,634.274,0.33871
0.096,0.008,0.196,0.008,0.092,0.118,0,0.058,0.058,0.188,0.074,0.082,0.072,0,0.038,0.088,0.078,0.076,0.608,0.008,0.242,1.906,0.138,0.11,0,0,0,0,0,0,0,0,0,0.028,0,0.008,0,0,0.016,0,0,0,0,0,0.038,0,0,0,0.4302,2.0094,0.009,0.3924,0.375,0.4024,57.5034,2297.8,10648.8,1
0.0667391,0.0184783,0.310217,0,0.376087,0.0291304,0,0.0184783,0,0.0465217,0.0241304,1.02848,0.028913,0.0504348,0,0.0426087,0,0.0145652,0.56913,0,0.233043,0,0,0,0.546957,1.16174,0.210435,0,0.33413,0.0706522,0.0252174,0,0.063913,0,0,0.0184783,0.279348,0.0534783,0.0245652,0,0.043913,0.628696,0,0.166304,0.315435,0.0593478,0,0.0804348,0.0264565,0.201717,0.0217609,0.0620435,0.00271739,0.0140217,1.76759,5.82609,28,0.0217391
0.0920779,0.151429,0.320909,0,0.431818,0.142338,0.117273,0.0683117,0.0371429,0.219221,0.0431169,0.641299,0.0738961,0.00688312,0.00506494,0.17974,0.135325,0.170649,1.39974,0.0271429,0.962727,0,0.0753247,0.0502597,0.720779,0.315325,0.289221,0.17974,0.146753,0.14,0.0963636,0.108442,0.0814286,0.108442,0.132468,0.136234,0.234156,0,0.134156,0.117662,0.0606494,0.0774026,0.152987,0.0372727,0.256234,0.14974,0.00883117,0.00675325,0.035974,0.17026,0.0274545,0.0974545,0.0443896,0.0097013,2.09339,14.3636,162.779,0.363636
0.0676596,0.11234,0.299574,0,0.238723,0.0651064,0.116383,0.0451064,0.00702128,0.0765957,0.076383,0.575532,0.175106,0,0,0.340213,0.108936,0.201489,1.75936,0.0425532,0.509362,0,0.0182979,0.0265957,0.153617,0.14617,0.262553,0,0.184681,0.0408511,0.023617,0,0.213617,0,0.0108511,0.057234,0.0970213,0.0170213,0.0210638,0,0,0.0942553,0.0485106,0.0446809,0.192766,0.0261702,0,0.02,0.0304681,0.136021,0,0.112255,0.0197872,0.0356383,1.58372,5.2766,55.8936,0.234043
0.295,0.0833333,1.3825,0.0158333,0.885833,0,0.0541667,0,0.495833,0.685833,0,0.0333333,0,0,0,0.065,0,0,0.295,0.725833,0.400833,0,0,0.0333333,0.278333,0,0.121667,0.04,0,0.0483333,0,0,0,0.0316667,0,0,0.0483333,0,0,0,0,0,0,0,0,0,0,0,0,0.00733333,0,0.763833,0.18825,0.0025,537.208,1405.58,1442.75,0.916667
0.110645,0.102903,0.376129,0,0.693226,0.152419,0.126129,0.172742,0.12,0.33871,0.0966129,0.698065,0.0408065,0.0227419,0.016129,0.332581,0.461452,0.251935,1.96855,0.178871,1.10661,0.0604839,0.202419,0.0635484,0.25129,0.0896774,0.0191935,0.0166129,0.00629032,0.0319355,0.00629032,0.00629032,0.0366129,0.00629032,0.015,0.0751613,0.122419,0.00112903,0.0204839,0.0774194,0,0.0066129,0.0208065,0.0446774,0.227581,0.00258065,0,0.0306452,0.00556452,0.101371,0.00812903,0.36271,0.117371,0.0541452,4.158,68.8226,247.952,0.741935
0.0328205,0,0.034188,0,0.204615,0.0251282,0,0,0,0.037094,0,0.0470085,0,0,0,0,0,0.0657265,0.150085,0,0.0464957,0,0,0,0.57906,0.337436,0.158205,0,0,0,0.106838,0,0,0,0,0.0657265,0,0,0,0,0,0.0449573,0,0.552735,0.0377778,0.395556,0,0.128205,0,0.0940342,0.0823504,0.143402,0,0,1.22068,1.62393,5,0.025641
0.179,0.05925,0.2545,0,0.2045,0.20025,0,0,0.04225,0,0,0.547,0.05675,0.019,0,0.1235,0.0415,0.12325,0.80925,0.01675,0.3495,0,0,0,0.102,0.06175,0.18,0,0.013,0,0,0,0.138,0,0,0.04075,0.09075,0,0.02125,0.025,0.101,0.19825,0,0.25075,0.64,0.2085,0.0255,0,0.01735,0.138725,0.012575,0.14915,0.00775,0.0076,1.55003,4.575,34.15,0.075
0,0,0,0,0,0,0,0,0,0,0,0,0,0,0,0.37037,0,0,0,0,0,0,0,0,0,0,20.987,0,0,0,0,0,0,0,0,0,0,0,0,0,0,0,0,0,0,0,0,0,0,0,0,0,0,0,1.16356,1.51852,5.13889,0
0.119762,0.147976,0.254762,0.630119,0.291905,0.0991667,0.0415476,0.134405,0.259524,0.192381,0.0785714,0.567857,0.105238,0.0188095,0.0353571,0.255833,0.196071,0.175714,1.4319,0.092619,0.775238,0.546429,0.0780952,0.12869,0.683929,0.169167,0.104524,0.0272619,0.0494048,0.0340476,0.0136905,0.0136905,0.0447619,0.0136905,0.035,0.0741667,0.146548,0.0604762,0.0291667,0.0430952,0.0296429,0.0358333,0.0396429,0.00738095,0.0847619,0.0659524,0,0.0241667,0.168857,0.137857,0.0147619,0.224845,0.102452,0.0690357,4.49161,52.5238,413.976,0.5
0.108966,0.147241,0.367241,0,0.723103,0.126897,0.114828,0.202069,0.257241,0.575172,0.12931,0.538621,0.0775862,0.375517,0.243103,0.0982759,0.388621,0.0982759,1.72759,0.177931,1.42414,0.791724,0.141724,0.218276,0.235517,0.0289655,0.0237931,0.0151724,0.00517241,0.00517241,0.0227586,0.00517241,0.0913793,0.0117241,0.0227586,0.0206897,0.0824138,0.0182759,0.0162069,0.0448276,0,0.406897,0.0127586,0.0182759,0.0986207,0,0.00310345,0,0.0136552,0.117138,0.0146552,0.296069,0.183379,0.0946897,4.79872,127.69,640.483,0.689655
0,0,0,0,0,0,0,0,0,0,0,0,0,0,0,0,0,0,0,0,0,0,0,0,8.59765,4.29647,4.29647,4.29647,4.29647,4.29647,4.29647,4.29647,0,4.29647,4.29647,4.29647,0,0,0,4.29647,0,0,0,0,0,0,0,0,0,1.15582,0,0,0,0,3.26859,11,30.8235,0
0.0782759,0.192414,0.212759,0,0.35,0,0.145862,0.231724,0,0.057931,0.0313793,1.14966,0.0768966,0.0675862,0.0227586,0.0555172,0.0689655,0.333103,3.72172,0,1.20379,0,0.143793,0.131724,0.234483,0.139655,0.301379,0,0.337241,0,0,0,0.123103,0,0,0,0.321724,0,0.167931,0,0.0968965,0.331034,0,0.0782759,0.116897,0.128276,0,0,0,0.0328621,0.0082069,0.281138,0.053931,0.0494828,2.00234,8.72414,31.069,0.310345
0,0,0,0,0.056,0,0.129714,0.0508571,0,0.289714,0,1.84257,0,0.360857,0,0.0634286,0,0,0.863714,0.0634286,0.0791429,0,0,0.259714,0,0,0.0634286,0.124,0.129714,0,0,0,0,0,0,0,0.0508571,0,0.206286,0,0.130286,0,0.102,0.148,0.168286,0.130286,0,0.0951429,0,0.135,0.0442857,0.378771,0,0,2.43791,7.97143,16.4286,0.0285714
0.0532941,0.0692941,0.213294,0.0158824,0.266824,0.0362353,0.134,0.136118,0.036,0.633882,0.0651765,0.402824,0.120118,0,0.0435294,0.117882,0.129647,0.184706,1.74059,0,0.609647,0.00682353,0.0584706,0.0831765,0.840353,0.442706,0.359765,0.398235,0.143529,0.262235,0.136118,0.107882,0.00729412,0.107882,0.235882,0.170471,0.255882,0.00635294,0.195647,0.120941,0.0387059,0.0377647,0.158471,0.0416471,0.315882,0.229412,0,0.0165882,0.0413059,0.173953,0.0138824,0.289788,0.0374824,0.0185529,2.55375,13.9529,79.7294,0.341176
0.0869388,0.104898,0.248571,0,0.460816,0.110612,0.0814286,0.0773469,0.0518367,0.149796,0.0591837,0.616122,0.0685714,0,0,0.121837,0.187755,0.205102,1.29327,0,0.509796,0,0.0457143,0.0112245,0.712857,0.424898,0.443061,0.232245,0.12,0.172653,0.0806122,0.0640816,0.0495918,0.0640816,0.133878,0.262857,0.173061,0.00755102,0.179796,0.103061,0.02,0.022449,0.130612,0.123878,0.296122,0.0379592,0,0.0532653,0.0277551,0.145102,0.0150612,0.167347,0.0479388,0.0360816,2.02424,11.2041,111.51,0.285714
0.0515,0.131167,0.4,0,0.62,0.1,0.2615,0.16,0.077,0.221,0.121667,0.673167,0.0558333,0,0.206667,0.279667,0.298167,0.425333,2.1305,0.472333,1.27783,0.196833,0.244167,0.1125,0.3625,0.156667,0.0543333,0.144333,0.0228333,0.1385,0.0228333,0.0228333,0.0266667,0.0228333,0.0435,0.056,0.102667,0,0.1705,0.101167,0.0176667,0.0475,0.006,0,0.183167,0.0456667,0,0,0.00438333,0.14575,0.00108333,0.3087,0.08975,0.0378667,6.06318,59.1667,143.067,0.633333
0.146078,0.160784,0.33,0.0227451,0.228431,0.215882,0.188627,0.012549,0.0127451,0.170784,0.0468627,0.398235,0.168039,0,0.0347059,0.495882,0.191961,0.151176,2.05529,0.0219608,0.821373,0.111569,0.197451,0.122941,0.463529,0.317451,0.183922,0.0876471,0.0764706,0.138431,0.0688235,0.0688235,0.0652941,0.0952941,0.0937255,0.0903922,0.0352941,0,0.13098,0.0776471,0.00647059,0,0,0,0.283922,0.19098,0,0.05,0.0158431,0.132235,0.00766667,0.46802,0.0394314,0.0476471,3.79978,38.2549,126.706,0.588235
0,0.656538,0.122692,0,0.154615,0,0.353846,0,0,1.39885,0,0.515,0.121538,0.109615,0,0.045,0,0.109615,2.82577,0,0.743077,0,0,0.171538,0,0,0.806154,0.67,0,0,0,0,0.191154,0,0,0.109615,0.516154,0,1.14308,0,0.0492308,0,0,0.0492308,0.779615,0,0,0,0.0986154,0.353462,0,0.0981538,0.0214615,0.00780769,3.77642,23.6538,39.1923,0.307692
0,0.0883333,0.10125,0,0.520833,0,0.341667,0,0,0.184167,0,0.384167,0.199583,0.13,0,0.842917,0.05125,0.49625,3.73917,0,1.69583,0,0,0,0.640833,0.0358333,0.108333,0,0,0,0,0,0,0,0,0,0,0,0,0,0,0,0,0.085,0.405417,0.408333,0,0,0.012875,0.0187083,0,0.948458,0.0383333,0,6.25783,49.7083,70.1667,0.416667
0.225312,0.418438,0.655625,0.0734375,0.365938,0.19375,0.3125,0.131875,0.35875,0.85,0.215625,0.762813,0.14375,0.0896875,0.270625,0.923437,0.297812,0.23875,1.86406,0.15125,1.53,0.0053125,0.193438,0.227813,0.299375,0.13875,0.0075,0,0,0.0228125,0,0,0.0421875,0,0.0225,0.0075,0.114063,0.026875,0.0075,0.0228125,0,0.0228125,0.010625,0.0153125,0.116875,0.0446875,0,0.0240625,0.0103438,0.123656,0.018625,0.756969,0.235813,0.0676562,25.6613,343.531,668.906,0.9375
0.146522,0.0767391,0.254348,0,0.417826,0.036087,0.106957,0.0754348,0.0423913,0.0828261,0.0636957,0.594348,0.150435,0.023913,0.0165217,0.132826,0.138913,0.0995652,1.32891,0.191304,0.504783,0,0.0693478,0.0330435,0.388261,0.237609,0.175652,0.144783,0.0763044,0.0752174,0.00652174,0,0.0693478,0,0.0604348,0.116522,0.0982609,0.01,0.0558696,0,0.0432609,0.085,0.0293478,0.144565,0.226087,0.102391,0.0354348,0.0795652,0.0126522,0.208674,0.00193478,0.204152,0.0348261,0.0121522,1.74224,7.26087,76.8696,0.282609
0,14.1478,0,0,0,0,0,0,0,0.132222,0,0,0,0,0,0,0,0,0,0,0,0,0,0,0,0,0,0,0,0,0,0,0,0,0,0,0,0,0,0,0,0,0,0,0.132222,0,0,0,0,0,0,0,0,0,1.77778,4.88889,9.02778,0
0.128028,0.0909859,0.298451,0.00225352,0.28507,0.0976056,0.0994366,0.109437,0.446901,0.447042,0.0929577,0.52507,0.127465,0.146479,0.0722535,0.303803,0.0601408,0.357746,1.57239,0.296056,1.06254,1.00408,0.0994366,0.16831,0.371549,0.159155,0.0349296,0.0195775,0.00126761,0.0207042,0.0329577,0.00126761,0.0787324,0.00126761,0.196197,0.0204225,0.168451,0.000704225,0.0185915,0.0423944,0.00985915,0.0526761,0.00760563,0.0192958,0.0426761,0.0391549,0.0204225,0.0371831,0.0482958,0.114662,0.0498592,0.345324,0.180676,0.106225,5.51769,78.4225,1104.14,0.633803
0,0,0,0,0,0,0,0,0,0,0,0,0,0,0,0,0,0,2.57833,0,0,0,0,0,0,0,0,0,0,0,0,0,0,0,0,0,0,0,1.85167,0,0,0,0,0,16.6883,0,0,0,0,0.248667,0,1.543,0,0,1.46317,3,8.16667,0
0.131316,0.475789,0.347368,1.86632,0.988158,0.156053,0.659211,0.164737,0.0626316,0.405526,0.0460526,0.686053,0.183947,0.088421,0,0.788158,1.65789,0.257895,2.11921,0.295789,1.64658,0,0.0207895,0.151579,0,0,0,0,0,0.0255263,0,0,0,0,0,0.0563158,0.122632,0.0410526,0,0.00894737,0,0,0,0,0.00894737,0,0,0,0,0.122816,0,0.755947,0.149526,0.0348421,8.12463,131.395,191.053,0.921053
0.0242254,0.0619718,0.229014,0,0.480282,0.0828169,0.0397183,0.016338,0.0105634,0.0766197,0.0173239,0.377465,0.127606,0.0947887,0,0.0443662,0,0.221549,0.820845,0,0.478732,0,0,0,0.261127,0.104789,0.491831,0,0.136761,0.0226761,0,0,0.214085,0,0,0,0.0502817,0.0484507,0.131972,0,0,0.616056,0.0484507,0.177887,0.485775,0.102958,0,0.0352113,0.0125915,0.0827183,0.025169,0.0848169,0,0,1.43534,3.74648,17.9718,0.112676
0,0,0,0,0,0,0,0,0,0,0,0,0,0,0,0,0,0,0,0,0,0,0,0,16.3043,1.09857,0,0,0,0,0,0,0,0,0,0,0,0,0,0,0,0,0,0,2.88357,0,0,0,0,0,0,0.0802143,0,0,4.16179,16.5714,25.5,0
0.144286,0.228286,0.223857,0,0.358286,0.0861429,0.108857,0.0801429,0.018,0.330143,0.0834286,1.008,0.0885714,0.0182857,0.0162857,0.240429,0.0972857,0.162143,1.83971,0.01,0.666429,0,0.0167143,0.0821429,0.643429,0.561429,0.267571,0.382714,0.103429,0.158571,0.117143,0.0934286,0.230429,0.0934286,0.145857,0.207857,0.169429,0,0.124714,0.0895714,0.0161429,0.0611429,0.104857,0.189571,0.146143,0.0278571,0.0115714,0.0612857,0.0108286,0.162671,0.0203429,0.101257,0.0257,0.00965714,1.93123,9.47143,88.6286,0.214286
0.138276,0.077931,0.243448,0,0.595862,0.18,0.253103,0,0.104828,0.348276,0.0937931,0.300345,0.201379,0.0593103,0,0.859655,0.0468966,0.178621,1.68414,0.0117241,0.894828,0,0,0.34931,0.165862,0.0868966,0.123103,0.0917241,0,0.0510345,0,0,0.127931,0,0.0410345,0.0768966,0.0468966,0,0,0.0468966,0.00896552,0,0.0241379,0.0665517,0.163103,0.167931,0,0,0.00155172,0.0617241,0.00668966,0.331483,0.0711379,0.683759,5.93352,60.6552,107.897,0.586207
0.138974,0.221282,0.526154,0,0.437949,0.114359,0.409744,0.0676923,0.0453846,0.355128,0.105641,0.515897,0.194872,0.0438462,0.0651282,0.34641,0.192564,0.315897,2.27154,0.0117949,1.01103,0.0417949,0.515128,0.0635897,0.084359,0.0976923,0,0.184872,0,0.084359,0,0,0.511538,0,0.181026,0.0161538,0.0702564,0,0,0.104872,0,0.0869231,0.0133333,0.0235897,0.130769,0.122308,0,0,0.0115128,0.0881538,0,0.699308,0.133538,0.0228205,6.16682,76.0513,193.103,0.692308
0.1225,0.192045,0.143409,0,0.232727,0.0688636,0.185227,0.03,0.0659091,0.361818,0.0522727,0.283864,0.0756818,0,0,0.197727,0.0584091,0.0509091,1.88159,0,0.950682,0,0,0,0.303864,0.0954545,0.2125,0.342727,0,0.0202273,0,0,0.416591,0,0.189318,0,0.215682,0,0,0.0945455,0.0427273,0.1475,0.0309091,0.0304545,0.469545,0.851591,0,0,0.0159091,0.193159,0.00886364,0.211091,0.10325,0.0466364,2.66727,14.5227,59.5682,0.454545
0,0.0445455,0.116061,0,0.321212,0,0.0672727,0.121212,0.0487879,0.264242,0,0.689394,0,0,0,0.121212,0,0.163333,2.84697,0,0.110606,0,0,0.65,0.126667,0.126667,0.169697,0.118788,0.116364,0.0975758,0,0,0,0,0.291818,0,0,0,0,0.0672727,0.151515,0.213939,0,0,0.333333,0.0657576,0,0.0224242,0.125727,0.13903,0,0.478909,0.013303,0.034,2.89088,11,22.9697,0.454545
0.0646429,0.05875,0.31875,0.0155357,0.248929,0.11875,0.0158929,0.095,0.136071,0.2275,0.01375,0.505536,0.0526786,0.0273214,0.0205357,0.18375,0.117143,0.117143,1.26,0.0180357,0.578036,0,0.0264286,0.0589286,0.770179,0.421071,0.18375,0.14625,0.0796429,0.168929,0.10625,0.0417857,0.201071,0.0417857,0.0830357,0.148393,0.331607,0,0.102321,0.07375,0.0107143,0.0489286,0.0894643,0.136429,0.176071,0.107857,0.0194643,0.0444643,0.0243929,0.248071,0.0338929,0.117589,0.0259107,0.050125,2.58852,20.5,208.732,0.375
0,0,0.146522,0,0.406957,0,0,0,0.0556522,0.149565,0,0.27,0,0.0556522,0,0.06,0,0.233478,0.816957,0,0.325652,0,0,0,3.99435,2.41217,1.45913,1.72739,1.36696,1.66087,1.39261,1.24609,0.0521739,1.24609,1.64043,1.39261,0,0,0,1.24609,0,0.177391,0,0.234348,0.201739,0,0,0,0,0.457609,0.0710435,0.101652,0,0.0288696,2.61983,11.3478,39.3043,0
0,0,0,0,0.413182,0,0,0,0,0.744091,0,0,0,0,0,0.293182,0,0,2.66273,0,0.482273,0,0,0,0.536818,0,0,0,0,0,0,0,0,0,0,0,0,0,0,0,0,0,0,0,0.162273,0,0,0,0.047,0.0887273,0,0.455955,0,0,1.053,1.13636,2.09091,0.227273
0.143582,0.048209,0.233731,0.0144776,0.239254,0.149254,0.0391045,0.0685075,0.0544776,0.137015,0.0456716,0.536119,0.120299,0.0444776,0.00134328,0.136269,0.151343,0.121343,1.30418,0.0873134,0.516567,0.566269,0.190149,0.0626866,0.869254,0.290299,0.116567,0.0477612,0.0719403,0.0597015,0.0328358,0.0120896,0.116716,0.0120896,0.0464179,0.0847761,0.258507,0.00283582,0.0152239,0.0144776,0.039403,0.0447761,0.0504478,0.0355224,0.0958209,0.371343,0,0.0180597,0.169164,0.179254,0.0325224,0.140925,0.0788209,0.0570896,3.06084,24.194,309.716,0.38806
0,0,0.20125,0,1.66375,0,0,0,0,0,0,1.25688,0,0,0,0,0,0,0,0,0.20125,0,0,0,0.90125,1.07,0,0,4.32875,0,0,0,0,0,0,0,0,0.92375,0,0,0,8.19125,0,0,0,0,0,0,0,0,0,0.0701875,0,0,1.29781,2.6875,9.4375,0
0,0,0,0,0,0,0,0,0,0,0,0,0,0,0,1.51455,0,0,0,0,0,0,0,0,0,0,0.534545,0.534545,0,0.534545,0,0,0,0,2.35273,0,0,0,0,0,3.56364,0,0,0,0,6.12545,0,0,0,0.0693636,0,0,0,0,3.634,8,12.6364,0.0909091
