0.0808276,0.124379,0.32369,0.003,0.346759,0.164207,0.136724,0.105759,0.0725517,0.223207,0.066069,0.551931,0.0954483,0.0293448,0.0214828,0.218655,0.147241,0.215517,1.51655,0.113621,0.931345,0.00937931,0.115483,0.0793448,0.636207,0.329862,0.174138,0.131552,0.0951724,0.12469,0.0587586,0.0528621,0.105379,0.0528621,0.10969,0.116448,0.205379,0.00237931,0.0821034,0.0853448,0.0756207,0.0436897,0.0882069,0.0323793,0.178276,0.175552,0.00610345,0.0361379,0.0391207,0.167131,0.0220586,0.173486,0.0752759,0.0243862,2.68641,24.7897,179.976,0.451724
0.471538,0.860769,0.89,0,0.442308,0.0292308,0,0.413077,0.0569231,1.75462,0.0569231,2.32,0,0.522308,0,0.413077,0,0,1.93154,0,4.95692,0.0292308,0.0569231,0,0,0,0,0,0,0,0,0,0,0,0,0,0.0284615,0,0,0,0,0,0,0,0,0,0,0,0,0.232308,0,1.48692,0.177385,0.0787692,61.6854,691.692,800.692,1
0.295667,0.182,0.284667,0,0.08,0.0946667,0.0263333,0.135667,0.257333,0.415667,0.138667,0.661333,0.319,0.706,0.0123333,0.134,0.27,0.0656667,1.93333,0.00366667,0.909667,0.0523333,0.573667,0.252667,0.147,0.0946667,0.00766667,0.00233333,0.00233333,0.00566667,0,0,0.430667,0,0,0.032,0.246333,0.00233333,0.00733333,0.00833333,0.0213333,0.009,0.007,0.0163333,0.035,0.0583333,0.00766667,0.0573333,0.0267,0.1051,0.0068,0.2025,0.401067,0.0918,5.2829,136,3158,0.7
0.0925,0.08,0.1975,0.005,0.1625,0.095,0.0425,0.160833,0.085,0.211667,0.0541667,0.341667,0.154167,0.0675,0.05,0.285,0.174167,0.165,1.12667,0.0475,0.495,0.0766667,0.140833,0.135,1.20167,0.0866667,0.0075,0.00166667,0.01,0.0325,0,0,0.2325,0,0.02,0.116667,0.154167,0.00166667,0.0233333,0.0516667,0.0591667,0.0141667,0.0125,0.0566667,0.045,0.234167,0.00416667,0.0783333,0.0225833,0.119583,0.0381667,0.1875,0.0755,0.0386667,4.95767,93.5,1965.08,0.333333
0.137797,0.211864,0.457966,0,0.242373,0.131017,0.0510169,0.0952542,0.257797,0.307458,0.0723729,0.850339,0.236949,0.0791525,0.101186,0.162712,0.138305,0.160847,1.76458,0.0925424,0.889492,0,0.0918644,0.185424,0.731186,0.141864,0.0213559,0.00847458,0.0144068,0.0111864,0.010678,0.00271186,0.0886441,0.00271186,0.0222034,0.0728814,0.0871186,0.00237288,0.0127119,0.0345763,0.00271186,0.0138983,0.0422034,0.00983051,0.0176271,0.0020339,0,0.0194915,0.170186,0.110186,0.0178475,1.20468,0.287153,0.0126949,3.95368,49.2203,747.288,0.610169
0.19,0,0.38,0,0,0.19,0,0,0,0,0.19,0.19,0,0,0,0.38,0,0.19,1.14,0,0.38,0,0,0,0,0,0,0,0,0,0,0,0,0,0,0,0,0,0,0,0,0,0,0,0,0,0,0,0.01,0.01,0,0,0,0.003,2.383,21,15841,1
0,0,0,0.04,0,0,0,0,0,0,0,0,0,0,0,0.02,0,0,0.02,0,0,0,0,0,0,0,0,0,0,0,0,0,0,0,0,0,0,0,0,0,0,0,0,0,0,0,0,0,1.024,9.752,0.003,1.542,1.785,1.998,239.571,9989,10062,1
0.0420638,0.545304,0.178425,0,0.227109,0.0310668,0.0242672,0.0404187,0.0128913,0.11332,0.00728814,0.438156,0.0439581,0.0537089,0.00169492,0.161446,0.0174477,0.105783,1.6406,0.0280758,0.41004,0,0.00567298,0.0676271,0.424347,0.160279,2.88336,0.0267398,0.123121,0.0406181,0.0250349,0,0.0885344,0,0.0452841,0.0233699,0.0372084,0.0325424,0.0612861,0.00433699,0.0629312,0.317288,0.0176969,0.150987,0.64343,0.271914,0.00507478,0.0482552,0.0176411,0.0909591,0.0162532,0.208182,0.00576371,0.00284945,1.50325,3.63809,13.0608,0.0757727
0.286667,0.137778,0.384444,0,0.48,0.167778,0.0788889,0.331111,0.144444,0.621111,0.166667,0.61,0.363333,0.0688889,0.09,0.715556,0.396667,0.247778,2.60556,0.0955556,1.23889,0,0.554444,0.341111,0,0,0,0,0,0,0,0,0,0.0144444,0,0.124444,0.133333,0,0.0877778,0.0411111,0,0,0,0,0.05,0.0588889,0,0.0388889,0.0113333,0.104889,0.00733333,0.400222,0.329222,0.178333,8.56567,238.333,1483.22,0.888889
0,0,0,0,0,0,0,0,0,0,0,0,0,0,0,0,0,0,0,0,0,0,0,0,0,0,0,0,0,0,0,0,0,0,0,0,0,0,0,0,0,0,0,0,0,0,0,0,0.022,0.022,0.019,0.022,0.022,0.022,3.482,5,5902,0
0,0.0723077,0.154615,0,0.628462,0,1.87538,0.833077,0.833077,0.905385,0.833077,0.380769,0,0.0823077,0,0.715385,2.31923,0.0692308,1.34385,0.833077,3.59538,0,0.226923,0.0823077,0,0,0,0,0,0,0,0,0,0,0,0,0.339231,0,0.0823077,0,0,0,0,0,0,0,0,0,0,0.0443846,0,0.647846,0.330308,0.0767692,69.0474,276.385,292.615,1
0,0,0.28,0,0.16,0.18,0,0,0,0,0.02,0.09,0.11,0,0,0,0,0,0.14,0,0.02,0,0,0.04,0,0,0,0,0,0,0,0,0,0.07,0,0,0,0,0.02,0,0,0,0,0,0,0,0,0,0,0.116,0.021,0.032,0,0,16.6155,154,9089,1
0.313333,0.0566667,0.3,0,0.213333,0.03,0,0.42,0.4,1.28333,0.153333,0.166667,0.36,0,0.216667,0.03,0.496667,0.4,2.25333,0.03,1.24,0,0.82,0.563333,0,0,0,0,0,0,0,0,0,0,0,0.106667,0,0,0.0566667,0.366667,0,0,0,0,0.12,0,0,0,0.0383333,0.0766667,0,0.328333,0.075,0.00733333,32.4923,1282,2806,1
0.348,0.202,1.418,0,1.12,0,0.196,0,0.414,0.678,0.134,0.134,0.066,0,0,0.202,0,0.336,0.754,0.698,1.004,0,0,0,0.282,0,0,0,0,0,0,0,0,0,0,0,0,0,0,0,0,0,0,0,0,0,0,0,0,0.024,0,0.758,0.076,0,291.6,1131.8,1243.8,1
0.124404,0.0862222,0.297899,0.00658586,0.459313,0.140667,0.138162,0.111455,0.041899,0.196081,0.0462626,0.500121,0.0867879,0.0113939,0.0395758,0.338828,0.17002,0.181414,1.71202,0.0677374,0.971374,0.034404,0.136202,0.0948687,0.505717,0.33501,0.202545,0.167596,0.0744444,0.115939,0.0534747,0.047596,0.0795354,0.0515152,0.114121,0.117616,0.137091,0.00266667,0.108606,0.0638788,0.0360404,0.0357172,0.0718182,0.0409495,0.263495,0.121899,0.00456566,0.0293939,0.0204848,0.141143,0.0193717,0.272297,0.0700949,0.0603374,3.03261,25.4283,126.935,0.505051
0.11,0.14098,0.729804,0,0.607451,0.656863,0.327843,0.149412,0.611765,0.327451,0.263922,0.727843,0.172353,0.104706,1.1749,0.346471,0.143529,0.901176,1.6898,0.965686,0.935098,0.113333,0.629804,0.152745,0.00176471,0.00176471,0,0,0,0,0,0,0.00705882,0,0.00392157,0,0.00568627,0,0,0.0323529,0,0,0.112549,0.0156863,0.0572549,0.0462745,0,0,0.0035098,0.0986078,0.00147059,0.370765,0.156804,0.0249412,9.18024,628.745,1385.51,1
0.0503846,0.124615,0.315,0.736923,0.291154,0.0792308,0.103462,0.0461538,0.317308,0.24,0.0630769,0.326154,0.0653846,0.0465385,0.169615,0.245385,0.0546154,0.187308,1.37269,0.300385,0.804615,1.48923,0.102692,0.0519231,0.234615,0.128462,0.0184615,0.00461538,0.00769231,0.0119231,0.0134615,0,0.0253846,0,0.175385,0.00538462,0.0892308,0,0.00807692,0.0284615,0,0.0546154,0,0.0130769,0.0496154,0.0426923,0.00461538,0.00346154,0.0165769,0.177731,0.0109231,0.190154,0.0843846,0.142846,6.12004,85.6538,1276.77,0.730769
0.112719,0.0624561,0.270789,0.110088,0.297544,0.111842,0.0596491,0.145526,0.211754,0.267632,0.0637719,0.721053,0.101842,0.0950877,0.0199123,0.143158,0.18886,0.112105,1.34939,0.0890351,1.06123,0.353596,0.179912,0.0835088,0.737105,0.196404,0.0141228,0.0204386,0.0173684,0.0305263,0.00219298,0,0.113772,0,0.0236842,0.0707895,0.151404,0.0128947,0.0287719,0.0114912,0.0647368,0.0728947,0.00736842,0.0177193,0.0722807,0.264298,0.0224561,0.0199123,0.0444912,0.156912,0.0202807,0.21443,0.0559825,0.0594035,4.2932,54.307,533.149,0.570175
0.02,0.015,0.1175,1.0775,0.035,0.04,0.02,0.0575,0,0.2625,0.02,0.075,0.08,0,0,0.0575,0.075,0.365,0.52,0.15,0.27,0,0.04,0.06,0.015,0,0,0,0,0,0,0,0,0,0,0,0.02,0,0,0,0,0,0,0,0.04,0,0,0,0.086,0.02,0,0.219,0.0335,0.05075,6.82825,451.5,3184,1
0.511111,0.442222,0.302222,0,0.143333,0.03,0.00666667,0.174444,0.555556,0.641111,0.293333,0.677778,0.633333,1.23111,0.03,0.218889,0.43,0.0288889,3.12889,0,1.38778,0,0.523333,0.546667,0,0,0,0,0,0,0,0,0,0,0.00666667,0,0,0,0,0,0,0,0,0,0.0388889,0,0,0,0.00844444,0.0773333,0,0.454444,0.685333,0.131667,6.953,682.889,2398.67,1
0.203333,0.126667,0.24,0.0433333,0.0933333,0.0866667,0.0166667,0.09,0.266667,0.21,0.103333,0.483333,0.133333,0.393333,0.0233333,0.08,0.12,0.0733333,1.09,0,0.453333,0,0.21,0.173333,0.466667,0.48,0.01,0.00666667,0.00666667,0,0,0,0.596667,0,0,0.0833333,0.7,0.0166667,0,0,0.02,0.0133333,0.00666667,0.04,0.0266667,0.0966667,0.00666667,0.05,0.086,0.161333,0.0603333,0.122,0.182333,0.044,3.70867,90.6667,2696.67,0.333333
0.0707143,0.0771429,0.239286,0,0.175,0.0992857,0.0171429,0.0178571,0.258571,0.238571,0.0357143,0.565714,0.0707143,0.0214286,0.035,0.09,0.0464286,0.101429,1.14714,0.00571429,0.707143,1.06786,0.128571,0.108571,0.624286,0.349286,0.0228571,0.0278571,0.0214286,0.0135714,0.0328571,0,0.127143,0,0.0442857,0.0442857,0.179286,0.00285714,0,0.00857143,0.005,0.00285714,0,0.0192857,0.0171429,0,0,0.00785714,0.0760714,0.129071,0.0534286,0.143429,0.0956429,0.0855714,4.74429,71.8571,1420.64,0.357143
0.111951,0.154634,0.424634,0.00390244,0.356585,0.110488,0.152195,0.105122,0.475854,0.465122,0.12561,0.430244,0.13439,0.163659,0.0621951,0.284634,0.0595122,0.41561,1.6422,0.304634,1.0722,1.3522,0.0929268,0.240732,0.230488,0.08,0.0370732,0.0258537,0,0.00634146,0.0297561,0,0.0517073,0.00292683,0.199268,0.0129268,0.113659,0,0.0258537,0.0241463,0.0182927,0.0453659,0.00146341,0.0139024,0.0234146,0.0707317,0.00731707,0.00487805,0.0500488,0.0778537,0.0689024,0.44161,0.26161,0.138488,6.58841,108.439,1043.56,0.756098
0.129919,0.0994309,0.28,0.0829268,0.456341,0.13122,0.0414634,0.122683,0.160081,0.207642,0.113821,0.68065,0.148943,0.0361789,0.0515447,0.207724,0.26561,0.163659,1.76293,0.109187,0.81374,0.709268,0.18065,0.152602,0.575041,0.150488,0.0344715,0.0273984,0.0368293,0.0254472,0.0160163,0.0185366,0.059187,0.0120325,0.0329268,0.0854472,0.119106,0.0413821,0.0172358,0.0263415,0.030813,0.0482114,0.0220325,0.00658537,0.0662602,0.0703252,0.00715447,0.015122,0.148309,0.12065,0.00965854,0.209041,0.0940813,0.070187,3.70226,39.878,438.447,0.569106
0.287273,0.670909,0.685455,0,0.397273,0,0.57,0.0518182,0.261818,1.13455,0.154545,1.06636,0.0736364,0.0990909,0.273636,1.76182,0.492727,0.0572727,1.71909,0.21,1.84091,0,0,0.146364,0,0,0,0,0,0,0,0,0,0,0,0,0.0345455,0,0,0,0,0,0,0,0.141818,0,0,0.07,0,0.0556364,0,0.891818,0.289727,0.102182,55.0132,411.727,555.455,1
0.198,0.324,0.805333,0.156667,0.385333,0.315333,0.208667,0.199333,0.297333,0.773333,0.324667,0.586667,0.154667,0.0966667,0.346,0.678,0.274,0.456667,1.60533,0.138,1.308,0.0113333,0.386667,0.225333,0.0166667,0.034,0,0,0,0,0,0,0.09,0,0.032,0,0.218,0.024,0,0.0313333,0,0,0.012,0,0.132,0.0953333,0,0,0.0193333,0.2022,0.00993333,0.6992,0.2344,0.0579333,11.5533,323.867,701.2,0.933333
0.29,0.04,0.04,0,0.14,0.04,0,0.29,0.29,0.94,0.14,0.04,0.14,0,0.19,0.04,0.39,0.19,1.6,0.04,0.79,9.53,0.69,0.47,0,0,0,0,0,0,0,0,0,0,0,0.04,0,0,0.04,0,0,0,0,0,0.19,0,0,0,1.117,0.053,0,0.356,0.09,0.011,12.332,1171,9163,1
0.178,0.188,0.23,0,0.164,0.056,0.024,0.064,0.288,0.374,0.11,0.386,0.202,0.424,0.012,0.14,0.192,0.046,1.33,0.004,0.61,0,0.166,0.222,0.342,0.354,0.002,0,0,0,0,0,0.532,0,0.002,0.032,0.498,0.008,0,0.004,0.02,0.004,0.018,0.004,0.122,0.066,0.01,0.086,0.0896,0.1686,0.0232,0.1644,0.2202,0.0498,3.9428,72.6,2439.4,0.6
0.132765,0.0940181,0.264276,0,0.223953,0.0672222,0.119522,0.0617313,0.0236822,0.209897,0.0599483,0.573127,0.0791473,0.0320155,0.016292,0.23655,0.0722093,0.141835,1.67907,0.0114987,0.812171,0,0.0418217,0.060969,0.839444,0.472481,0.366964,0.278036,0.237597,0.270362,0.193902,0.160323,0.140633,0.160323,0.257752,0.216899,0.192687,0.00975452,0.149083,0.169561,0.065,0.199742,0.0503876,0.113411,0.332403,0.212016,0.00131783,0.0309948,0.0185413,0.16441,0.012385,0.224725,0.0493075,0.0544987,2.25671,10.5375,44.9444,0.251938
0.195432,0.132963,0.337901,0.00135802,0.301605,0.147654,0.0798765,0.197778,0.303333,0.30284,0.0937037,0.681481,0.0660494,0.064321,0.0207407,0.221852,0.329877,0.0791358,1.36395,0.234815,1.00247,0.387654,0.0520988,0.240988,0.948025,0.2,0.0302469,0.0101235,0.00518519,0.0280247,0.0183951,0.00518519,0.112593,0.00654321,0.0183951,0.0638272,0.169259,0.0232099,0.0187654,0.0319753,0.0571605,0.0750617,0.0191358,0.0169136,0.0466667,0.101235,0.00567901,0.0133333,0.136963,0.194111,0.0151358,0.288148,0.126864,0.0907901,4.13844,63.8765,622.16,0.506173
0.195,0.5,0.4,0.095,0.58,0,0,0,0.39,0.19,0,0.2,0,0,0,0.1,0,0,0.195,0.19,0.39,0,0,0.2,0.095,0,0,0.095,0,0,0,0,0,0.19,0,0,0,0,0,0,0,0,0,0,0,0,0,0,0,0.035,0,0.4155,0.7295,0.015,1062,2123,2124,1
0.2025,0.1575,0.5125,0,1.265,0.3375,0.22,0.385,0.4225,1.6325,0.0625,0.7525,0.245,0,1.2175,0.24,0.0475,0.86,2.565,0.135,1.96,0,0.64,0.41,0,0,0,0,0,0,0,0,0,0,0.0225,0,0,0,0,0.26,0,0,0.04,0,0.02,0.02,0,0,0.003,0.03375,0,0.519,0.1535,0.0115,49.1835,859,1747.5,1
0.01,0.01,0.07,0,0.05,0,0,0.01,0.03,0.13,0.05,0,0,0.05,0,0,0.01,0.07,0.01,0,0.01,0,0,0,0,0,0,0,0,0,0,0,0.07,0,0,0.13,0,0,0,0.01,0.46,0,0,0.03,0,0.8,0.01,0.07,0.05,0.301,0.131,0.002,0.09,0.002,2.577,82,5395,0
0.159412,0.333529,0.388824,3.32,0.398824,0.155882,0.0511765,0.0729412,0.535294,0.949412,0.0876471,0.785882,0.222353,0.0347059,0.238235,0.214118,0.0405882,0.665882,1.91647,0.4,1.30941,0.448824,0.143529,0.228824,0.652353,0.231176,0.104706,0,0.00352941,0.0688235,0,0,0.0258824,0,0.0223529,0.0194118,0,0.0294118,0.04,0.0164706,0,0.0505882,0.0194118,0.0288235,0.0158824,0,0,0.00823529,0.00347059,0.0645294,0,0.451706,0.101235,0.0770588,7.04294,189.294,873.824,0.882353
0.15697,0.0557576,0.255152,0,0.232121,0.0836364,0.0424242,0.0987879,0.366667,0.408788,0.0915152,0.594242,0.168788,0.111818,0.0530303,0.331515,0.0960606,0.377879,1.2497,0.0827273,0.891212,0.00212121,0.0990909,0.145455,0.486364,0.234545,0.0175758,0.0315152,0.00272727,0.0339394,0.029697,0.00272727,0.148182,0.00272727,0.0412121,0.0339394,0.243636,0.00151515,0.00787879,0.069697,0.0181818,0.029697,0.0145455,0.0242424,0.0418182,0.0690909,0.0312121,0.0769697,0.0455455,0.156242,0.0244848,0.293667,0.184576,0.0230606,4.1083,59.9091,1126.7,0.545455
0.0935849,0.105849,0.334717,0.00981132,0.270943,0.106038,0.0469811,0.264151,0.269245,0.452642,0.119811,0.539811,0.0971698,0.0886792,0.144906,0.26566,0.217736,0.161509,1.22151,0.133962,0.728868,0.786604,0.109811,0.137925,0.797736,0.206981,0.0162264,0.0315094,0.0132075,0.0424528,0.0377358,0.00358491,0.154151,0.00490566,0.109434,0.0496226,0.168491,0.00245283,0.0445283,0.03,0.00396226,0.0198113,0.00245283,0.00396226,0.0518868,0.0162264,0.00584906,0.0520755,0.068566,0.134604,0.0254151,0.222302,0.125189,0.100868,4.0013,53.0566,918.925,0.566038
0.29,0,1.45,0,0.87,0,0,0,0.516667,0.743333,0,0,0,0,0,0.0966667,0,0,0.29,0.806667,0.453333,0,0,0,0.29,0,0.243333,0.0483333,0,0.0966667,0,0,0,0,0,0,0.0966667,0,0,0,0,0,0,0,0,0,0,0,0,0.003,0,0.7675,0.08,0,509.666,1329.17,1334.5,0.833333
0.255714,0.211429,0.541429,0,0.528571,0.135714,0.0628571,0.15,0.342857,0.468571,0.227143,0.747143,0.244286,0.532857,0.262857,0.571429,0.41,0.241429,2.46143,0.14,1.01429,0.24,0.45,0.338571,0,0,0,0,0,0,0,0,0,0,0,0.0714286,0.0228571,0,0,0.0314286,0,0,0.0171429,0,0.05,0.00857143,0,0,0.003,0.0774286,0.00428571,0.417286,0.583571,0.148857,7.88414,310,2200.29,1
0.084,0.125091,0.430727,0.358727,0.353455,0.141273,0.237636,0.197818,0.0476364,0.253091,0.128909,0.502545,0.0881818,0.0165455,0,0.351091,0.314545,0.310909,1.91327,0.361091,1.20109,0.159273,0.116727,0.164182,0.162182,0.0936364,0.00581818,0.0325455,0.0261818,0.0574545,0,0,0.00490909,0,0.0734545,0.0392727,0.157818,0,0.054,0.00345455,0,0,0.0258182,0.00872727,0.158545,0.434545,0,0.042,0.00990909,0.109582,0.0188545,0.347836,0.0766545,0.0275273,6.68567,115.782,291.655,0.709091
0.0853,0.1205,0.32905,0.006,0.448,0.12205,0.11145,0.13995,0.06515,0.2702,0.0774,0.5609,0.13935,0.0211,0.05385,0.2353,0.21805,0.26695,1.6487,0.11095,0.92565,0.23535,0.1751,0.08515,0.47195,0.20915,0.1196,0.08095,0.06435,0.0757,0.0531,0.04225,0.06425,0.04385,0.0548,0.09645,0.17225,0.00795,0.0586,0.0749,0.00955,0.029,0.05605,0.06655,0.1567,0.03705,0,0.02425,0.05233,0.14776,0.021645,0.24242,0.11679,0.049945,3.44346,38.65,249.12,0.6
0.0730435,0.106522,0.362174,0,0.467391,0.0630435,0.315217,0.124348,0.0230435,0.227391,0.0108696,0.921304,0.0973913,0.01,0.0104348,0.730435,0.396087,0.172609,2.06,0,1.18391,0,0.19087,0.0834783,0.056087,0.0343478,0.286522,0.0252174,0.0217391,0.0108696,0.273913,0,0,0.0395652,0.086087,0.01,0.0682609,0,0,0.826087,0,0.00869565,0,0,0.0895652,0,0,0.0434783,0.0198696,0.23687,0.0258261,0.270087,0.170783,0.00452174,13.9633,220.217,432.304,0.478261
0.123929,0.341905,0.463333,0.844286,0.693095,0.127976,0.490714,0.123333,0.0652381,0.381905,0.0741667,0.611667,0.172857,0.0642857,0.0421429,0.54631,0.855952,0.326786,2.21429,0.139286,1.35417,0.0194048,0.266786,0.125952,0.0391667,0.0453571,0,0.0858333,0,0.0633333,0,0,0.241429,0,0.0840476,0.0329762,0.0880952,0.0185714,0,0.0527381,0.012619,0.0403571,0.0104762,0.0109524,0.0792857,0.0567857,0,0,0.00534524,0.101024,0,0.705512,0.138274,0.0312143,7.38818,99.6905,190.476,0.797619
0.334444,0.354444,0.286667,0,0.283333,0.0511111,0.0655556,0.14,0.557778,0.565556,0.26,0.66,0.432222,0.951111,0.0233333,0.188889,0.342222,0.0388889,2.88556,0.0222222,1.42333,0,0.326667,0.395556,0,0,0,0,0,0,0,0,0,0,0,0.00444444,0.0222222,0,0,0,0,0,0,0,0.0377778,0,0,0,0.0124444,0.0853333,0.00355556,0.363,0.417556,0.108111,5.27922,115,2224.56,1
0.4625,0.569167,0.583333,0.763333,0.243333,0.534167,0.136667,0.390833,0.810833,0.941667,0.0641667,0.464167,0.2525,0,0.696667,0.150833,0.3525,1.3225,2.2075,0.7175,1.4125,0,1.02083,0.513333,0,0,0,0,0,0,0,0,0.0275,0,0.105833,0.035,0,0,0,0,0,0,0.0158333,0,0.0516667,0,0,0,0.05625,0.056,0.134833,0.376083,0.179417,0.0404167,15.0321,505.25,971.417,1
0.147059,0.099085,0.358627,0.024902,0.296601,0.103268,0.0880392,0.148366,0.0934641,0.295098,0.0711765,0.477451,0.110392,0.0375817,0.0477124,0.288954,0.212614,0.198627,1.54967,0.158824,0.787843,0.666275,0.18281,0.0794118,0.670458,0.266209,0.0951634,0.0834641,0.0518301,0.0548366,0.0523529,0.0209804,0.065817,0.0229412,0.0593464,0.0603922,0.200915,0.0069281,0.030719,0.0584967,0.0384314,0.0579085,0.037451,0.0483007,0.117974,0.190784,0.0189542,0.0313072,0.25015,0.167948,0.0209412,0.262405,0.158706,0.160869,3.82352,38.9739,331.745,0.522876
0.0849921,0.0848661,0.220142,0.00422047,0.269055,0.0663307,0.126205,0.153433,0.045685,0.243874,0.0505669,0.538661,0.0933386,0.0487244,0.0418268,0.265622,0.123228,0.19937,1.68611,0.0477795,0.747244,0.0216693,0.0750236,0.0636535,0.623591,0.363764,0.213433,0.249118,0.0805197,0.127228,0.067937,0.0609291,0.0922362,0.0609291,0.131071,0.139811,0.193165,0.00570079,0.109874,0.0557008,0.0300157,0.0763622,0.0911969,0.0989764,0.287811,0.232252,0.00885039,0.0274173,0.0194031,0.161932,0.0162488,0.246299,0.0528961,0.026674,2.71943,17.737,82.0535,0.384252
0.508,0.12,0.375,0,0.046,0.202,0.004,0.174,0.203,0.337,0.234,0.922,0.535,0.945,0.057,0.322,0.389,0.179,2.513,0.153,1.041,0,0.303,0.5,0,0,0.001,0,0.003,0.001,0,0,0.155,0,0,0.023,0.082,0,0.001,0.038,0.006,0.009,0,0.023,0.06,0.012,0.022,0.057,0.0158,0.1804,0.0002,0.4094,0.3131,0.1134,4.4923,157.3,3591.2,0.9
0.175417,0.129167,0.260417,0.0129167,0.247917,0.0954167,0.0245833,0.248333,0.257917,0.259583,0.102083,0.5675,0.1525,0.0720833,0.0679167,0.265833,0.1925,0.189167,1.45042,0.185417,0.690417,1.02208,0.245833,0.252917,0.191667,0.102917,0.00666667,0.00458333,0.00125,0.02625,0.015,0,0.0520833,0,0.00875,0.119583,0.171667,0.0179167,0.0245833,0.0175,0.0075,0,0.00791667,0.0116667,0.0333333,0.0491667,0.0025,0.0283333,0.06125,0.132125,0.04625,0.17775,0.135625,0.121375,5.34337,119.375,1657.21,0.541667
0.1175,0.1575,0.2715,0,0.538,0.149,0.0595,0.131,0.499,0.411,0.0865,0.415,0.1295,0.5115,0.5075,0.04,0.2375,0.2515,2.017,0.029,1.472,0,0.301,0.251,0.154,0,0.019,0.057,0,0,0.0255,0,0,0,0.036,0.0065,0.0825,0,0,0.0505,0,0.551,0.003,0.008,0.0925,0,0.0045,0,0.01155,0.17215,0.01755,0.35125,0.1866,0.05855,4.6678,149.25,694.2,0.55
0.0818182,0.400682,0.327045,1.88318,0.460227,0.197727,0.651364,0.0302273,0.318864,0.338864,0.0372727,0.51,0.0354545,0.0145455,0.0429545,0.2125,0.0529545,0.447955,2.11591,0.0997727,1.18591,0.0620455,0.0418182,0.107955,0.224545,0,0.117727,0.0320455,0,0,0.0213636,0,0,0,0.0388636,0.0163636,0.0490909,0.01,0.0620455,0.015,0,0,0.0311364,0.00636364,0.195,0.0125,0,0.0220455,0.0105,0.127636,0.00845455,0.371205,0.0694773,0.0576136,9.67791,123.682,390.318,0.75
