0.151343,0.146716,0.826866,0.00283582,0.707612,0.520149,0.272836,0.136716,0.56597,0.458209,0.203284,0.601194,0.150746,0.0797015,0.967015,0.304776,0.11209,0.760149,1.5091,0.820448,0.926119,0.0862687,0.517612,0.144478,0.051194,0.00134328,0.021791,0.00716418,0,0.00865672,0,0,0.00313433,0.00567164,0.00432836,0,0.0129851,0,0,0.0401493,0,0,0.0835821,0.0119403,0.0447761,0.0364179,0,0,0.00285075,0.0761343,0.0011194,0.448209,0.160104,0.019791,108.883,790.104,1415.94,0.985075
0.30617,0.144894,0.280426,0.0917021,0.0723404,0.106809,0.0193617,0.139787,0.221064,0.399574,0.144681,0.630213,0.341064,0.652766,0.0255319,0.158936,0.276596,0.12,1.86936,0.0476596,0.868511,0.0334043,0.447021,0.28766,0.0951064,0.0604255,0.00510638,0.00148936,0.00212766,0.00382979,0,0,0.309362,0,0,0.0297872,0.176383,0.00148936,0.00659574,0.017234,0.0246809,0.00765957,0.00446809,0.0159574,0.0421277,0.0568085,0.00978723,0.0502128,0.0292553,0.115766,0.00757447,0.24734,0.329319,0.0877872,5.44715,185.447,3357.47,0.744681
0.106752,0.132735,0.249744,0.795385,0.394957,0.130427,0.0318803,0.123932,0.224957,0.148462,0.0691453,0.569573,0.124957,0.0321368,0.0186325,0.192222,0.25188,0.131795,1.68906,0.0982906,0.76906,0.453162,0.181624,0.124957,0.599402,0.132393,0.0750427,0.0230769,0.0376923,0.0244444,0.00982906,0.0178632,0.0416239,0.0110256,0.0276068,0.074188,0.116581,0.0462393,0.0222222,0.0311966,0.0212821,0.0395726,0.031453,0.00615385,0.0704274,0.052735,0.00752137,0.0221368,0.154393,0.122009,0.0107607,0.195222,0.103684,0.0542222,4.21847,44.2222,424.889,0.547009
0.4672,0.7208,0.7428,0.3664,0.3468,0.2716,0.0656,0.4024,0.4188,1.3644,0.0604,1.4292,0.1212,0.2716,0.3344,0.2872,0.1692,0.6348,2.064,0.3444,3.2556,0.0152,0.5196,0.2464,0,0,0,0,0,0,0,0,0.0132,0,0.0508,0.0168,0.0148,0,0,0,0,0,0.0076,0,0.0248,0,0,0,0.027,0.14768,0.06472,0.95372,0.17836,0.06036,39.2918,602.2,882.64,1
0.103558,0.0522115,0.275529,0,0.221779,0.0672596,0.103846,0.0181731,0.0459135,0.157404,0.0303846,0.490817,0.14,0.0486058,0.0163462,0.303702,0.108558,0.120865,1.77298,0.0192788,0.556731,0,0.0679808,0.0297596,0.436154,0.330288,0.336298,0.116731,0.135673,0.131923,0.0978846,0.0694231,0.0524519,0.0694231,0.160769,0.153942,0.158606,0.00447115,0.0874038,0.0797596,0.0745192,0.271971,0.0549038,0.134615,0.347019,0.143606,0.00490385,0.0472115,0.00682692,0.146428,0.0200913,0.236534,0.0517115,0.0105817,1.78142,7.12019,39.399,0.1875
0.125408,0.0703571,0.31801,0.00658163,0.421429,0.183878,0.113265,0.15449,0.0241327,0.198265,0.0352551,0.475153,0.0942347,0.0019898,0.0203061,0.319541,0.134847,0.144541,1.64051,0.035102,1.04995,0.0341837,0.18199,0.0655102,0.626684,0.470102,0.219439,0.21801,0.103265,0.150357,0.0684694,0.0657143,0.0830612,0.0756122,0.167092,0.133112,0.13352,0,0.106071,0.0705102,0.0509184,0.0483673,0.0697449,0.0463776,0.270102,0.126276,0.00142857,0.0212245,0.023801,0.154714,0.025301,0.314097,0.0814337,0.0203163,2.4741,19.0612,130.128,0.479592
0.107361,0.152917,0.226389,0,0.308472,0.0718519,0.151759,0.209537,0.0697222,0.290787,0.0728704,0.517593,0.0613889,0.094537,0.0234259,0.303889,0.150787,0.178333,1.68111,0.0246296,0.779907,0.0162037,0.114213,0.0617593,0.644444,0.414306,0.260509,0.244815,0.0564352,0.145926,0.0681481,0.0858796,0.112315,0.0858796,0.120185,0.159074,0.138426,0.00439815,0.11213,0.0593519,0.0291204,0.0486111,0.0853241,0.0984722,0.291481,0.187315,0.0111574,0.0239815,0.0144676,0.14812,0.01525,0.279481,0.0630648,0.0413519,2.56736,15.7176,88.7778,0.430556
0.13027,0.20527,0.424324,0.578514,0.281892,0.116892,0.047027,0.109865,0.267703,0.307162,0.0694595,0.790811,0.207568,0.14,0.129054,0.145541,0.146351,0.182027,1.70027,0.146892,0.948649,0,0.12473,0.169324,0.711757,0.134459,0.0221622,0.0228378,0.0140541,0.0175676,0.0198649,0.00216216,0.0714865,0.00216216,0.0345946,0.0608108,0.0912162,0.00189189,0.0168919,0.0340541,0.00216216,0.100541,0.0344595,0.01,0.0254054,0.00162162,0,0.0208108,0.13827,0.131554,0.0183243,1.00588,0.249932,0.0201757,4.07796,61.6216,754.081,0.581081
0,0,0,0,0,0,0,0,0,0,0,0,0,0,0,0,0,0,0,0,0,0,0,0,0,0.122051,20.3755,0,0,0,0,0,0,0,0,0,0,0,0,0,0,0,0,0,0.0569231,0,0,0,0,0.0299829,0,0.00982051,0,0,1.21265,1.68376,5.4359,0
0,0,0,0,0.793077,0,0,0,0,0,0,2.13846,0,0,0,0,0,0,0,0,0,0,0,0,0.497692,0.497692,1.70923,0,5.55308,0,0,0,0,0,0,0,0,0,0,0,0,9.33769,0,0,0,0,0,0,0,0,0,0.131077,0,0,1.335,2.84615,11.2308,0
0.0900571,0.0420571,0.282629,0,0.283143,0.0574286,0.0384,0.00862857,0.0148,0.111714,0.0188571,0.768286,0.0839429,0.0313714,0.0134857,0.155657,0.0110286,0.117486,1.96743,0.0110286,0.555657,0,0,0.0172571,0.271886,0.341886,0.346686,0,0.149657,0.0298857,0.00662857,0,0.0892571,0,0,0.0174857,0.155829,0.0140571,0.0600571,0,0.0721143,0.298571,0.0138286,0.149371,0.436171,0.180914,0,0.0416571,0.0295543,0.118811,0.00609714,0.117406,0.0132971,0.0046,1.52174,4.69714,28.1314,0.102857
0,0,0,0,0,0,0,0,0,0,0,0,0,0,0,20,0,0,0,0,0,0,0,0,0,0,20,0,0,0,0,0,0,0,0,0,0,0,0,0,0,0,0,0,0,0,0,0,0,0,0,0,0,0,1,1,4,0
0,0,0,0,0,0,0,0,0,0,0,0,0,0,0,0,0,0,0,0,0,0,0,0,16.3043,1.09857,0,0,0,0,0,0,0,0,0,0,0,0,0,0,0,0,0,0,2.88357,0,0,0,0,0,0,0.0802143,0,0,4.16179,16.5714,25.5,0
0.0929851,0.372388,0.369851,0,0.113433,0.0635821,0.281343,0.100597,0.0729851,0.71791,0.0228358,0.472985,0.0671642,0.0425373,0,0.183731,0,0.0425373,2.59104,0,0.937164,0,0.0167164,0.153582,0.315821,0.104179,0.444179,0.28194,0.0195522,0.0195522,0.0677612,0,0.0802985,0,0,0.0620895,0.357015,0.0061194,0.535373,0.0620895,0.0498507,0,0.0541791,0.112239,0.456119,0.351343,0,0,0.0382687,0.19991,0.00377612,0.184134,0.0601493,0.0378209,3.24282,19.3582,39.7164,0.38806
0.09475,0.102625,0.288375,0,0.35,0.0813125,0.0365,0.0588125,0.01225,0.192187,0.006,0.555313,0.079,0.045125,0,0.133813,0.00975,0.162125,2.16756,0.016875,0.705625,0,0.01325,0.0105625,0.075125,0.060125,0.315312,0,0.033625,0,0,0,0.3415,0,0,0.011125,0.0334375,0.0513125,0.0628125,0.0073125,0.0145,0.22125,0.0729375,0.125188,0.431812,0.327313,0.01825,0,0.0181187,0.092225,0.0184688,0.331213,0,0,1.43021,3.41875,14.0813,0.1
0.096,0.008,0.196,0.008,0.092,0.118,0,0.058,0.058,0.188,0.074,0.082,0.072,0,0.038,0.088,0.078,0.076,0.608,0.008,0.242,1.906,0.138,0.11,0,0,0,0,0,0,0,0,0,0.028,0,0.008,0,0,0.016,0,0,0,0,0,0.038,0,0,0,0.4302,2.0094,0.009,0.3924,0.375,0.4024,57.5034,2297.8,10648.8,1
0.118408,0.0474627,0.245025,0,0.239701,0.058806,0.136866,0.0868657,0.00328358,0.199453,0.0578109,0.696965,0.059403,0.0058209,0.0354726,0.217711,0.0694527,0.178806,1.65662,0.0110448,0.538657,0,0.060796,0.0165672,0.768806,0.423632,0.220896,0.220199,0.150896,0.278706,0.126866,0.0685075,0.182935,0.0685075,0.257114,0.14199,0.196269,0.00671642,0.214826,0.0716915,0.0695522,0.197015,0.0593532,0.107164,0.216169,0.286617,0,0.0366667,0.0121443,0.131692,0.00712935,0.2211,0.0484428,0.0733781,1.99869,9.08955,50.2139,0.218905
0.0719178,0.124247,0.381507,0.0158904,0.585342,0.118493,0.236575,0.159041,0.0641096,0.212603,0.0884931,0.771644,0.0847945,0,0.196301,0.285205,0.296849,0.373973,2.19164,0.379863,1.38425,0.161781,0.295753,0.15137,0.291781,0.133699,0.0505479,0.11863,0.0187671,0.113836,0.0187671,0.0187671,0.0219178,0.0187671,0.0315068,0.0460274,0.0963014,0,0.148904,0.107671,0.0145205,0.0319178,0.00493151,0,0.152466,0.0489041,0,0.00452055,0.00360274,0.122795,0.000890411,0.304849,0.0958219,0.032,5.6456,55.4795,147.055,0.684932
0.0812644,0.145747,0.295287,0.00465517,0.36069,0.173851,0.119713,0.0797126,0.0453448,0.263793,0.035,0.594368,0.0706322,0.0087931,0.00557471,0.234483,0.11977,0.171782,1.45213,0.0204598,1.02253,0.00712644,0.0660345,0.10592,0.619885,0.327586,0.266379,0.142644,0.119483,0.121034,0.0833908,0.0790805,0.115287,0.0790805,0.117874,0.11523,0.210805,0.00132184,0.114713,0.0850575,0.0528736,0.0593103,0.123218,0.022069,0.225575,0.102299,0.0152874,0.0198276,0.0291954,0.175874,0.028069,0.174052,0.0552241,0.017477,2.55263,18.3161,156.885,0.425287
0.0821233,0.065411,0.332534,0.0059589,0.311781,0.157055,0.0840411,0.13589,0.0865068,0.188493,0.0530137,0.46363,0.100479,0.0367808,0.0178767,0.260479,0.169315,0.153151,1.38082,0.138082,0.75,0,0.113356,0.0867808,0.72363,0.420616,0.126507,0.12637,0.0804795,0.125205,0.044726,0.029589,0.104658,0.029589,0.0946575,0.0986986,0.245342,0.00472603,0.0636301,0.065137,0.113356,0.0179452,0.0733562,0.0408219,0.166164,0.252603,0.00746575,0.0481507,0.0517055,0.172555,0.0229452,0.138007,0.0698425,0.0325822,2.49994,21.6849,192.911,0.431507
0,14.1478,0,0,0,0,0,0,0,0.132222,0,0,0,0,0,0,0,0,0,0,0,0,0,0,0,0,0,0,0,0,0,0,0,0,0,0,0,0,0,0,0,0,0,0,0.132222,0,0,0,0,0,0,0,0,0,1.77778,4.88889,9.02778,0
0,0.054875,0.19125,0,0.2945,0.047,0.090625,0.167375,0.041625,0.088375,0.011375,0.526875,0.032,0.10875,0,0.280625,0.066625,0.179375,1.76475,0,0.5395,0,0.09675,0.280625,0.706625,0.49575,0.150875,0.1895,0.188125,0.121375,0.093375,0,0.044625,0,0.15225,0.059625,0.18375,0.05,0.16675,0.02775,0.175,0.352,0.057875,0.120625,0.60625,0.13925,0,0.032,0.08745,0.101813,0.0308,0.340562,0.0535875,0.06085,2.71255,11.925,28,0.4
0.108273,0.0412727,0.186364,0,0.118909,0.0220909,0,0.0534545,0,0.0277273,0,0.354636,0.0127273,0.166545,0,0.152545,0.0259091,0.167,0.752636,0.165273,0.154727,0,0,0.0826364,0.123273,0.0374545,1.24109,0,0,0.0378182,0,0,0.106,0,0.181818,0,0,0.0259091,0.0267273,0,0.332182,0.281273,0,0.229909,1.04418,0.602091,0,0.255364,0.0291818,0.108809,0.00682727,0.0887909,0.0161909,0,1.59523,3.17273,9.69091,0.0363636
0.072335,0.0411168,0.22264,0.0136041,0.228325,0.0629949,0.0693401,0.125838,0.0281726,0.271726,0.0237563,0.529898,0.131371,0.0160406,0.0456345,0.0814721,0.126904,0.134772,1.44036,0.0479188,0.521523,0.00294416,0.0831472,0.069797,0.677005,0.417665,0.263858,0.253452,0.121168,0.169239,0.0961421,0.0724365,0.107462,0.0724365,0.153503,0.157005,0.22665,0.00507614,0.134975,0.0816244,0.0273604,0.0638071,0.128426,0.100406,0.319898,0.234061,0.0126396,0.0593909,0.0181218,0.211289,0.0153503,0.240878,0.0463503,0.0196193,2.22008,11.4365,74.5381,0.284264
0.133672,0.136484,0.386172,0.0219531,0.312422,0.0721875,0.108438,0.157344,0.111719,0.328125,0.0682031,0.490625,0.0964844,0.0399219,0.0625,0.3,0.218594,0.245547,1.63656,0.184687,0.954687,0.712266,0.149922,0.0798437,0.511328,0.221875,0.0849219,0.0850781,0.0550781,0.0625781,0.0483594,0.0217187,0.0452344,0.0217187,0.0632812,0.0599219,0.176016,0.00679687,0.0400781,0.0689063,0.0253125,0.0457813,0.0435937,0.0560938,0.134844,0.190703,0.0226562,0.0479688,0.262133,0.152297,0.0141797,0.310828,0.158695,0.169977,4.37123,54.3047,341.898,0.5625
0.100417,0.143125,0.302083,0,0.571667,0.192292,0.258958,0,0.09375,0.284792,0.119583,0.232917,0.186042,0.0358333,0.0110417,0.631875,0.083125,0.229167,1.96083,0.132708,0.840833,0,0.04625,0.224583,0.117083,0.0525,0.074375,0.0554167,0,0.0308333,0,0,0.0772917,0,0.0416667,0.0464583,0.0545833,0,0.016875,0.0283333,0.00541667,0.03375,0.0145833,0.0402083,0.25375,0.259792,0,0,0.0009375,0.0776667,0.0056875,0.300667,0.0689167,0.415167,5.30981,57.5208,113.458,0.583333
0,0,0,0,0.194583,0,0,0,0,0,0,0.115417,0,0,0,0,0,0.2975,0.355,0,0.109583,0,0,0,7.77917,3.8875,3.59,3.8875,3.70583,3.8875,3.8875,3.59,0,3.59,3.8875,3.8875,0,0,0,3.59,0,0.17,0,0.109583,0,0,0,0,0,1.02562,0,0.0199583,0,0,3.07167,10.9167,32.0833,0
0.314865,0.276757,0.336486,0.00351351,0.248919,0.0745946,0.0389189,0.149459,0.425676,0.528919,0.214054,0.579189,0.367838,0.723243,0.0859459,0.259189,0.332432,0.11027,2.41297,0.0359459,1.0927,0.0454054,0.393784,0.371622,0.0959459,0.0994595,0.00162162,0.000540541,0.000540541,0,0,0,0.123243,0,0.00189189,0.0321622,0.133784,0.00297297,0.00243243,0.0391892,0.00432432,0.00216216,0.00621622,0.00378378,0.0594595,0.0194595,0.00189189,0.0156757,0.0328378,0.100892,0.0108919,0.335595,0.430541,0.0987568,7.64754,346.757,2344.32,0.864865
0.0796748,0.125447,0.325935,0.0097561,0.40122,0.105691,0.103902,0.139268,0.0515447,0.310569,0.0634146,0.514146,0.188211,0.0329268,0.087561,0.18252,0.137724,0.249512,1.43309,0.0592683,0.848211,0.191626,0.15,0.0782114,0.60626,0.306098,0.179268,0.128862,0.093252,0.115935,0.0863415,0.0661789,0.0848781,0.0661789,0.0843902,0.104472,0.188374,0.0129268,0.0879675,0.0866667,0.0155285,0.0401626,0.0761789,0.103008,0.126016,0.0570732,0,0.0230081,0.0389024,0.17348,0.0253902,0.177236,0.110707,0.0528293,3.04126,27.6016,242.041,0.528455
0.124369,0.15301,0.389223,0.138932,0.297961,0.119612,0.088835,0.185922,0.42767,0.51534,0.123107,0.532718,0.128447,0.0634951,0.135728,0.270291,0.145631,0.371553,1.42854,0.176796,0.934078,0.91165,0.12466,0.198058,0.470777,0.150583,0.0302913,0.0246602,0.00553398,0.0266019,0.0197087,0.00184466,0.122816,0.00368932,0.124757,0.0316505,0.136505,0.00174757,0.0326214,0.0313592,0.00932039,0.0270874,0.00524272,0.0121359,0.0366019,0.0365049,0.00640777,0.0286408,0.0586214,0.106913,0.043534,0.362107,0.180175,0.104767,4.71909,77.699,971.097,0.68932
0,0,0,0,0,0.0469118,0,0.0816912,0,0.0319118,0,0.0666912,0,0.0469118,0,0.0474265,0,0.0565441,0.262206,0,0.337206,0,0,0,0.0319118,0,0.361985,0,0,0,0.0919118,0,0,0,0,0,0,0,0,0,0,0.105588,0,0.488529,0.601544,0.368603,0,0.0244853,0.00496324,0.0965662,0.0708456,0.213191,0,0,1.1621,1.46324,4.63971,0.0514706
0.19156,0.110092,0.365413,0.00100917,0.32367,0.147523,0.0751376,0.196606,0.303486,0.288807,0.0922936,0.670092,0.0768807,0.104954,0.0742202,0.201651,0.334771,0.0776147,1.35954,0.204679,1.13642,0.288073,0.0855046,0.241927,0.872018,0.170275,0.0234862,0.0101835,0.00477064,0.0217431,0.0163303,0.00385321,0.103303,0.00486239,0.0163303,0.0622936,0.175596,0.0172477,0.0282569,0.0323853,0.0684404,0.103486,0.0142202,0.0144954,0.0498165,0.102752,0.00504587,0.0114679,0.110982,0.195092,0.0145872,0.277349,0.123615,0.0727706,4.15359,69.0917,616.761,0.53211
0.219062,0.405938,0.650312,0.0734375,0.365938,0.18125,0.319688,0.125625,0.314063,0.860625,0.215625,0.77125,0.14375,0.096875,0.270625,0.930625,0.3275,0.23875,1.85531,0.145,1.52562,0.0053125,0.193438,0.223438,0.299375,0.13875,0.0075,0,0,0.0228125,0,0,0.0421875,0,0.0225,0.0146875,0.12125,0.026875,0.0075,0.0228125,0,0.0228125,0.010625,0.0153125,0.110625,0.0446875,0,0.0240625,0.0094375,0.125656,0.00465625,0.753812,0.231156,0.0675,25.445,340.531,656.719,0.9375
0.1055,0.08025,0.300833,0.00833333,0.335083,0.148333,0.0864167,0.120167,0.0641667,0.19425,0.0868333,0.5135,0.0948333,0.01175,0.00075,0.27875,0.228917,0.256667,1.65758,0.130667,0.751333,0.374167,0.182083,0.093,0.503417,0.17375,0.049,0.0334167,0.031,0.0368333,0.0151667,0.00616667,0.05575,0.0113333,0.0491667,0.078,0.151,0.00158333,0.0103333,0.0269167,0.022,0.0321667,0.031,0.0110833,0.160583,0.235167,0,0.0248333,0.0886417,0.138692,0.02365,0.282008,0.109325,0.060325,3.88088,48,281.825,0.566667
0.440125,0.1015,0.4405,0,0.24025,0.053375,0.175,0.084125,0.03775,0.1215,0.317,0.835375,0.008375,0.043875,0.0175,0.230375,0.124875,0.112125,1.51537,0,2.71413,0,0,0.317375,0.386125,0.15375,0.112375,0.161375,0.06675,0.050375,0,0.071625,0.014875,0.071625,0.095375,0.033625,0.27,0,0.04725,0,0,0.09675,0.0175,0.0145,0.120875,0.028,0,0.030375,0.0179,0.131613,0.0025625,0.49465,0.0819875,0.002375,4.27584,26.1,60.45,0.5375
0.0278378,0.0927027,0.142973,0,0.233243,0.0547297,0.205676,0.0722973,0.0412162,0.195405,0.0387838,0.483649,0.155811,0.0421622,0,0.752838,0.0456757,0.285135,2.73,0.157432,1.18243,0.0872973,0.0144595,0.0693243,0.0160811,0.118919,0.0451351,0.0202703,0,0,0,0,0,0,0.0202703,0.00864865,0,0,0,0.00824324,0,0.118378,0,0.0655405,0.343784,0.360541,0,0,0.0134054,0.0294595,0,0.227892,0.0250946,0.0436486,4.74842,46.027,83.7568,0.486486
0.0928986,0.0873913,0.265942,0.277681,0.258841,0.0771014,0.065942,0.0634783,0.295217,0.362899,0.0817391,0.461304,0.134783,0.145797,0.093913,0.283913,0.0591304,0.246812,1.34826,0.248696,0.882464,0.87,0.0985507,0.0943478,0.372899,0.174783,0.0310145,0.0185507,0.00855072,0.016087,0.0324638,0.00130435,0.0776812,0.00130435,0.10058,0.0236232,0.166522,0.00057971,0.0166667,0.0389855,0.00971014,0.0353623,0.00869565,0.0111594,0.0413043,0.0491304,0.015942,0.0382609,0.0344928,0.153725,0.0202754,0.224087,0.127522,0.104116,6.15028,101.159,1231.72,0.594203
0.0246707,0.064012,0.301317,0,0.282275,0.00916168,0.0753293,0.0356886,0.0194012,0.143114,0.0182635,0.924671,0.0868263,0.103114,0,0.112036,0.0546108,0.187904,1.9015,0.0360479,0.377844,0,0,0.0765868,0.189162,0.107904,0.436946,0.0611976,0.101138,0.127545,0,0,0.0397605,0,0.048503,0.0147305,0.0839521,0.025988,0.111377,0.0057485,0.0718563,0.24012,0.0312575,0.101257,0.402635,0.205868,0,0.058024,0.0173892,0.129826,0.0129401,0.180419,0.00651497,0.000736527,1.64379,4.83832,19.5749,0.113772
0.0836986,0.0342466,0.256438,0,0.117808,0.0489041,0,0,0.0247945,0.375342,0,0.124658,0.0760274,0,0,0.156027,0,0.029726,7.15301,0,1.34452,0,0,0.304795,0.0247945,0,0.907671,0,0.0506849,0,0,0,0.0856164,0,0,0,0,0,0.0594521,0,0,0,0,0,1.15945,0.614658,0.029726,0,0.013137,0.0486164,0,0.178164,0,0,1.17227,1.73973,6.64384,0.0684932
0,0,0,0,0,0,0,0,0,0,0,0,0,0,0,13.33,0,0,0,0,0,0,0,0,0,0,0,0,0,0,0,0,0,0,0,0,0,0,0,0,0,0,0,0,0,0,0,0,0,0,0,0,0,0,2.8805,7.5,11.5,1
0.148235,0.209765,0.425647,0,0.54,0.171529,0.318,0.123765,0.066,0.398824,0.132941,0.695176,0.113765,0.0750588,0.0535294,0.351647,0.372706,0.287882,2.02141,0.173529,1.15753,0.0191765,0.308941,0.0781176,0.229882,0.0756471,0.0142353,0.125294,0.00705882,0.0851765,0.0117647,0.00705882,0.243294,0.00705882,0.112588,0.103647,0.0803529,0.0183529,0.00658824,0.0837647,0,0.0425882,0.00611765,0.0174118,0.148941,0.0624706,0,0,0.0135059,0.0951882,0.00118824,0.530812,0.112282,0.0146353,5.0508,74.5765,199.306,0.729412
0,0,0.4025,0,7.06,0,0,0,0,0,0,0,0,0,0,0,0,0,0,0,0.4025,0,0,0,1.25,0,0,0,0.595,0,0,0,0,0,0,0,0,1.8475,0,0,0,2.4425,0,0,0.8925,0,0,0,0,0.0735,0,0,0,0,1.17912,1.625,4.75,0.125
0.153478,0.124783,0.265435,0.00804348,0.295435,0.106304,0.0395652,0.230435,0.203696,0.299348,0.0923913,0.540435,0.148261,0.0695652,0.0623913,0.32413,0.210435,0.185652,1.49261,0.128696,0.707826,0.652609,0.261522,0.233478,0.461087,0.0893478,0.00586957,0.00543478,0.00326087,0.023913,0.0104348,0,0.0884783,0.00282609,0.0106522,0.118043,0.160217,0.00934783,0.0213043,0.0245652,0.0193478,0.00326087,0.0073913,0.0245652,0.0297826,0.0973913,0.0023913,0.0397826,0.0394565,0.123587,0.0373696,0.200739,0.163326,0.101739,5.77274,124.522,1677.87,0.543478
0.121032,0.0980159,0.27119,0.0996032,0.350794,0.104048,0.0684921,0.110556,0.205794,0.336032,0.0956349,0.771032,0.131111,0.083254,0.0543651,0.19619,0.163492,0.184127,1.5854,0.0738889,0.972222,0.591508,0.200079,0.10746,0.60254,0.182937,0.0169841,0.0238095,0.015873,0.0289683,0.00849206,0.00150794,0.105079,0.00642857,0.0279365,0.066746,0.126905,0.012619,0.0150794,0.00698413,0.0464286,0.0719048,0.00738095,0.0150794,0.0692857,0.235,0.0203175,0.0185714,0.0377937,0.140659,0.0177698,0.223365,0.0743651,0.080754,4.45874,58.9206,515.238,0.603175
0.0786538,0.325962,0.451538,1.74327,0.791346,0.106538,0.615385,0.166346,0.0457692,0.231731,0.130192,0.501923,0.160577,0.0398077,0,0.725577,1.09962,0.334808,2.32462,0.395962,1.90308,0,0.0776923,0.160192,0.0109615,0.0109615,0,0,0,0,0,0,0.00519231,0,0,0.0192308,0.153462,0,0.0459615,0,0,0,0,0,0.0623077,0.0269231,0,0,0.00680769,0.123615,0.0163846,0.619,0.196731,0.0397115,8.66123,139.308,231.942,0.942308
0.0964118,0.0829412,0.206588,0,0.151176,0.0724706,0.101706,0.120176,0.019,0.217471,0.0425294,0.481294,0.0786471,0.00135294,0.0114118,0.180294,0.113,0.274882,1.50582,0.0158235,0.685176,0,0.00423529,0.00870588,0.957235,0.373176,0.263824,0.334588,0.0932353,0.212,0.0904706,0.0359412,0.331,0.0359412,0.205,0.128882,0.268118,0.0110588,0.109294,0.0667059,0.0471765,0.121471,0.0771176,0.121,0.284529,0.287529,0,0.0106471,0.0221765,0.169906,0.0216176,0.183041,0.0476529,0.1174,2.11629,10.6235,61.8471,0.3
0,0,0,0,0,0,0,0,0,0,0,0,0,0,0,0,0,0,3.42375,0,0,0,0,0,0,0,0,0,0,0,0,0,0,0,0,0,0,0,1.38875,0,0,0,0,0,14.6637,0,0,0,0,0.285625,0,5.217,0,0,1.46187,2.875,7.375,0
0.129543,0.0813706,0.247259,0,0.443959,0.070203,0.104518,0.0891878,0.0442132,0.139746,0.0322843,0.575787,0.0588832,0.0214213,0.0658883,0.259645,0.163909,0.196751,1.66076,0.0186802,0.782081,0.0163452,0.0896954,0.0546193,0.496345,0.299949,0.227919,0.204822,0.0914213,0.103655,0.0565482,0.0492893,0.0735533,0.0492893,0.120203,0.160406,0.16132,0.00883249,0.104721,0.0623858,0.0318274,0.0405076,0.102081,0.0874112,0.260711,0.169442,0.00365482,0.0537563,0.0278782,0.143995,0.0175838,0.222675,0.0709036,0.0184873,2.38101,15.0711,109.173,0.441624
0,0,0,0,0,0,0,0,0,0,0,0,0,0,0,0,0,0,0,0,0,0,0,0,8.42583,4.735,0.925833,0,0,0,0,0,0,0,0,0.640833,0,0,0,0,0,1.2075,0,0.1125,0,0,0,0,0,0,0,0,0,0,1.384,2.33333,6.25,0
0.0551923,0.2075,0.333462,0,0.7075,0.179615,1.12442,0.286154,0.253654,0.5075,0.237115,0.637692,0.0298077,0.0205769,0.0176923,0.486154,0.832885,0.293077,2.16442,0.233462,1.72308,0.0165385,0.109615,0.106154,0.0519231,0.0151923,0.126731,0.0382692,0.00961538,0.00480769,0.139231,0,0,0.00557692,0.0651923,0.0101923,0.0992308,0,0.0567308,0.365385,0,0.00384615,0,0.00538462,0.167692,0,0,0.0192308,0.00932692,0.146481,0.0114231,0.400846,0.0858077,0.0425,27.5354,208.096,368.327,0.730769
