0.117738,0.163214,0.409524,0,0.461429,0.12381,0.319167,0.137381,0.0692857,0.317143,0.14,0.527381,0.151786,0.0572619,0.0541667,0.320714,0.229405,0.278571,1.93845,0.140833,1.04298,0.0194048,0.282619,0.0730952,0.239048,0.0884524,0.0144048,0.126786,0.00714286,0.0746429,0.0145238,0.00714286,0.248929,0.00714286,0.113929,0.0794048,0.150357,0,0.00666667,0.0888095,0.00369048,0.0430952,0.00619048,0.017619,0.120595,0.0753571,0,0.0214286,0.0139643,0.0845714,0.00120238,0.464726,0.116238,0.0142976,4.69377,64.1548,196.06,0.654762
0.117783,0.0830769,0.268733,0,0.239502,0.0368326,0.0117195,0.0611312,0.0170588,0.143801,0.00434389,0.38267,0.0753394,0.0713122,0,0.270633,0.0199548,0.172353,2.00688,0.0944796,0.551855,0,0.00959276,0.0487783,0.167647,0.06,0.742805,0,0.041086,0.0188235,0,0,0.281493,0,0.0904977,0.00452489,0,0.0500452,0.103575,0.00529412,0.175837,0.289186,0.0161538,0.128824,0.774842,0.528009,0.0132127,0.0592308,0.0265656,0.105923,0.011448,0.152317,0.00805882,0,1.50709,3.27149,11.638,0.0678733
0.454429,0.109857,0.436429,0,0.236286,0.0455714,0.127429,0.0795714,0.0265714,0.146714,0.360857,0.914857,0.00957143,0.0501429,0.02,0.261857,0.0647143,0.100714,1.33743,0,2.98643,0,0,0.336714,0.185143,0.183571,0.128429,0.121,0.0445714,0.0575714,0,0.0818571,0.017,0.0818571,0.0394286,0.0384286,0.256286,0,0.054,0,0,0.0788571,0.02,0.0165714,0.103286,0.141143,0,0.0347143,0.0174286,0.149443,0.00292857,0.271443,0.0723429,0.00271429,4.07411,24.9429,58.9571,0.528571
0,14.1478,0,0,0,0,0,0,0,0.132222,0,0,0,0,0,0,0,0,0,0,0,0,0,0,0,0,0,0,0,0,0,0,0,0,0,0,0,0,0,0,0,0,0,0,0.132222,0,0,0,0,0,0,0,0,0,1.77778,4.88889,9.02778,0
0.124369,0.15301,0.389223,0.138932,0.297961,0.119612,0.088835,0.185922,0.42767,0.51534,0.123107,0.532718,0.128447,0.0634951,0.135728,0.270291,0.145631,0.371553,1.42854,0.176796,0.934078,0.91165,0.12466,0.198058,0.470777,0.150583,0.0302913,0.0246602,0.00553398,0.0266019,0.0197087,0.00184466,0.122816,0.00368932,0.124757,0.0316505,0.136505,0.00174757,0.0326214,0.0313592,0.00932039,0.0270874,0.00524272,0.0121359,0.0366019,0.0365049,0.00640777,0.0286408,0.0586214,0.106913,0.043534,0.362107,0.180175,0.104767,4.71909,77.699,971.097,0.68932
0,0,0,0,0,0,0,0,0,0,0,0,0,0,0,0.325203,0,0,0,0,0,0,0,0,0.0903252,0.116098,20.068,0,0,0,0,0,0,0,0,0,0,0,0,0,0,0.18065,0,0,0.0541463,0,0,0,0,0.0285203,0,0.00934146,0,0,1.20634,1.6748,5.45528,0
0.0844444,0.0805556,0.270635,0,0.391032,0.105238,0.119206,0.113333,0.0272222,0.202778,0.0676984,0.515159,0.0393651,0.0246825,0.0895238,0.256825,0.0965079,0.187857,1.66913,0.0311111,0.839365,0.0374603,0.0848413,0.0830952,0.744206,0.393571,0.220635,0.27746,0.114683,0.15254,0.0774603,0.0631746,0.0560317,0.0631746,0.124921,0.174127,0.166587,0.0126984,0.126825,0.0726984,0.0569048,0.0546032,0.121349,0.102063,0.235397,0.362619,0.0184127,0.0139683,0.0312857,0.140889,0.0187143,0.185611,0.0653254,0.0685794,2.21043,12.4444,101.119,0.349206
0.149322,0.179661,0.218898,0,0.345508,0.0760169,0.125678,0.149322,0.0454237,0.351271,0.0848305,0.734492,0.113983,0.0200847,0.0370339,0.276525,0.105932,0.17839,1.78712,0.0134746,0.655763,0,0.055678,0.0566949,0.711186,0.479407,0.271864,0.360508,0.0837288,0.172542,0.0971186,0.115085,0.159492,0.115085,0.190424,0.164576,0.182966,0,0.135763,0.0783051,0.0388983,0.0737288,0.103136,0.157288,0.225508,0.147373,0.00686441,0.0438983,0.0165763,0.156136,0.0187119,0.154,0.0261949,0.00966102,2.12604,10.9661,88.0169,0.262712
0.121563,0.259063,0.480156,0.308281,0.503906,0.216563,0.601719,0.0684375,0.0629687,0.285,0.09875,0.50875,0.0457813,0.003125,0.010625,0.355156,0.21875,0.429375,2.31625,0.340937,1.38594,0.179531,0.102031,0.155781,0.0625,0.048125,0.005,0.0220313,0.0225,0.0225,0.0146875,0,0.00421875,0,0.0420313,0.0378125,0.105938,0,0.0757812,0.00296875,0,0,0.0221875,0.011875,0.214688,0.02625,0,0.0271875,0.00767187,0.103359,0.0160625,0.438406,0.218109,0.04325,8.87014,132.172,331.5,0.859375
0.0257806,0.0105485,0.0880591,0,0.263671,0.0419831,0,0.0468776,0,0.101435,0,0.108861,0,0.0452321,0,0.0752743,0,0.0416034,1.92249,0,0.493629,0,0,0.0938819,0.39654,0.238819,0.463207,0,0.0200844,0,0.0527426,0,0,0,0,0.0324473,0,0.0623629,0.0183122,0,0,0.306624,0,0.318819,1.16468,0.389494,0.00915612,0.0773418,0.00689451,0.0787975,0.040654,0.33035,0,0,1.17539,1.56118,5.23207,0.0464135
0.0388571,0.162,0.0777143,0,0.402857,0.0474286,0.21,0.022,0.0628571,0.179714,0.0131429,0.354286,0,0.0514286,0.0245714,1.05029,0.343143,0.386857,2.15886,0.0231429,1.42857,0.0265714,0.0645714,0.0554286,0.122571,0.144571,0.128571,0.0991429,0,0.022,0.022,0,0.04,0,0.0871429,0.0765714,0,0,0,0.0451429,0,0,0.0182857,0.0171429,0.367714,0.0514286,0,0,0.0155143,0.119286,0.00628571,0.474229,0.0750286,0.0615429,4.41846,32.7143,100.286,0.914286
0.0928986,0.0873913,0.265942,0.277681,0.258841,0.0771014,0.065942,0.0634783,0.295217,0.362899,0.0817391,0.461304,0.134783,0.145797,0.093913,0.283913,0.0591304,0.246812,1.34826,0.248696,0.882464,0.87,0.0985507,0.0943478,0.372899,0.174783,0.0310145,0.0185507,0.00855072,0.016087,0.0324638,0.00130435,0.0776812,0.00130435,0.10058,0.0236232,0.166522,0.00057971,0.0166667,0.0389855,0.00971014,0.0353623,0.00869565,0.0111594,0.0413043,0.0491304,0.015942,0.0382609,0.0344928,0.153725,0.0202754,0.224087,0.127522,0.104116,6.15028,101.159,1231.72,0.594203
0.130777,0.0686408,0.305437,0.0150485,0.286117,0.113592,0.075534,0.139806,0.0581553,0.213981,0.0483495,0.481845,0.0961165,0.0337864,0.000873786,0.217476,0.195243,0.128544,1.48243,0.152913,0.710777,0.717087,0.157961,0.0714563,0.760874,0.285728,0.100874,0.0402913,0.061165,0.0482524,0.0521359,0.0123301,0.0856311,0.0152427,0.0394175,0.0596117,0.243398,0.00184466,0.0164078,0.0318447,0.0480583,0.0323301,0.0372816,0.0690291,0.123786,0.256893,0.00718447,0.0224272,0.245476,0.174728,0.0296311,0.215417,0.0940583,0.158825,3.7923,34.8738,314.825,0.466019
0.137586,0.0963218,0.310805,0,0.20977,0.0581609,0.18954,0.0628736,0.0104598,0.194943,0.0543678,0.680345,0.104023,0,0.0413793,0.271494,0.0749425,0.224253,1.75161,0.0229885,0.619655,0,0.0789655,0.0143678,0.284253,0.126667,0.172874,0.0373563,0.138391,0.0686207,0.0501149,0,0.205862,0,0.0629885,0.10069,0.127011,0.0091954,0.148276,0,0.0158621,0.199655,0.0262069,0.0566667,0.196782,0.0793103,0,0.0211494,0.0164598,0.139402,0,0.162621,0.0252989,0.0247701,1.70603,6.12644,54.1034,0.252874
0.277215,0.0812658,0.331772,0,0.632658,0.0288608,0.136076,0.137468,0.0174684,0.12,0.0282278,0.490886,0.0213924,0.00924051,0.0189873,0.428734,0.22481,0.142278,1.96873,0.0658228,1.12038,0.00696203,0.233924,0.0696203,0.247975,0.137342,0.143924,0.108481,0.0105063,0.0392405,0.0064557,0.0213924,0.0970886,0.0327848,0.0846835,0.0802532,0.119367,0,0.0506329,0.0106329,0.0544304,0.0449367,0.0179747,0.0575949,0.195949,0.107342,0,0.06,0.0117722,0.0886582,0.015443,0.393532,0.150873,0.00994937,2.81952,23.3291,118.633,0.683544
0,0,0,0,1.28875,0,0,0,0,0,0,3.475,0,0,0,0,0,0,0,0,0,0,0,0,0.80875,0.80875,0,0,9.02375,0,0,0,0,0,0,0,0,0,0,0,0,8.4,0,0,0,0,0,0,0,0,0,0.213,0,0,1.41112,3.375,13.75,0
0.116549,0.0785841,0.299381,0.111062,0.303009,0.111504,0.0661062,0.156549,0.19531,0.296903,0.0656637,0.727345,0.119912,0.0959292,0.0200885,0.191416,0.188053,0.126637,1.39982,0.0880531,1.08513,0.235841,0.205752,0.0938053,0.709823,0.184425,0.0123009,0.0184956,0.020885,0.0319469,0.00221239,0,0.0923009,0.00168142,0.0238938,0.0612389,0.161858,0.0110619,0.0290265,0.0115929,0.0653097,0.0702655,0.00743363,0.0178761,0.0700885,0.263363,0.0226549,0.0276991,0.046646,0.164336,0.019885,0.229699,0.0730177,0.0464336,4.40742,59.8761,535.77,0.59292
0.137701,0.115057,0.376322,0.0349425,0.301839,0.103218,0.0729885,0.152184,0.188851,0.34977,0.103333,0.474943,0.118161,0.0314943,0.0981609,0.292069,0.198391,0.257356,1.50414,0.165632,0.924828,0.537586,0.173678,0.0996552,0.475977,0.231494,0.0872414,0.119195,0.0498851,0.0663218,0.0373563,0.0293103,0.0303448,0.0293103,0.0718391,0.0797701,0.12954,0.043908,0.0482759,0.102414,0.0393103,0.0866667,0.0467816,0.0128736,0.0851724,0.0724138,0.0248276,0.0466667,0.24608,0.163529,0.0172874,0.292368,0.0816322,0.117793,3.60985,45.4483,374.655,0.54023
0.124035,0.152982,0.259123,0.809474,0.444561,0.117281,0.0501754,0.0979825,0.233333,0.185789,0.100702,0.697193,0.145263,0.0387719,0.0545614,0.208947,0.259386,0.180526,1.81254,0.0723684,0.792544,0.72114,0.197544,0.152193,0.592018,0.108684,0.0626316,0.0163158,0.0225439,0.00929825,0.0119298,0.0146491,0.0780702,0.0114035,0.0268421,0.0702632,0.0922807,0.0245614,0.015614,0.00719298,0.0114035,0.0376316,0.0166667,0.00535088,0.0594737,0.0473684,0.0077193,0.015,0.0928947,0.109561,0.00657895,0.195377,0.106202,0.0820789,4.559,47.4123,451.43,0.605263
0.0848026,0.171711,0.318289,0,0.390526,0.181053,0.119342,0.0844079,0.0538816,0.217566,0.0461842,0.583553,0.0678289,0.00348684,0.0101974,0.205066,0.119539,0.167697,1.49243,0.0946711,0.986908,0.00815789,0.140987,0.0694079,0.697961,0.360592,0.244474,0.16,0.107632,0.134671,0.0734211,0.0794737,0.102105,0.0794737,0.135395,0.109079,0.261842,0,0.140987,0.0934868,0.140329,0.0778947,0.123684,0.0285526,0.238355,0.263816,0.00447368,0.0295395,0.0556645,0.164342,0.0238289,0.191053,0.0843816,0.0271974,2.69489,20.8882,164.882,0.434211
0.096,0.008,0.196,0.008,0.092,0.118,0,0.058,0.058,0.188,0.074,0.082,0.072,0,0.038,0.088,0.078,0.076,0.608,0.008,0.242,1.906,0.138,0.11,0,0,0,0,0,0,0,0,0,0.028,0,0.008,0,0,0.016,0,0,0,0,0,0.038,0,0,0,0.4302,2.0094,0.009,0.3924,0.375,0.4024,57.5034,2297.8,10648.8,1
0.219062,0.405938,0.650312,0.0734375,0.365938,0.18125,0.319688,0.125625,0.314063,0.860625,0.215625,0.77125,0.14375,0.096875,0.270625,0.930625,0.3275,0.23875,1.85531,0.145,1.52562,0.0053125,0.193438,0.223438,0.299375,0.13875,0.0075,0,0,0.0228125,0,0,0.0421875,0,0.0225,0.0146875,0.12125,0.026875,0.0075,0.0228125,0,0.0228125,0.010625,0.0153125,0.110625,0.0446875,0,0.0240625,0.0094375,0.125656,0.00465625,0.753812,0.231156,0.0675,25.445,340.531,656.719,0.9375
0.0886813,0.141758,0.208681,0,0.241099,0.0584615,0.123956,0.0901099,0,0.211868,0.0502198,0.586374,0.0486813,0,0.0476923,0.137582,0.103187,0.148791,1.62176,0.0243956,0.488791,0,0.0464835,0,1.14242,0.649121,0.187143,0.387582,0.177143,0.358462,0.195055,0.104176,0.206593,0.104176,0.430879,0.146593,0.258681,0,0.0771429,0.111209,0.0428571,0.189011,0.0656044,0.0872527,0.247253,0.587253,0,0.0172527,0.00668132,0.140176,0.00861538,0.292286,0.0125275,0.153637,2.45644,13.2418,52.2198,0.263736
0.089,0.256286,0.289714,0,0.0932857,0.114571,0.212143,0.0962857,0.0698571,0.698429,0.0218571,0.500571,0.0642857,0.0407143,0,0.175857,0,0.052,2.45257,0,0.987143,0,0.016,0.147,0.235143,0.0661429,0.375143,0.322714,0.124429,0.0187143,0.0648571,0,0.0768571,0,0,0.0594286,0.328,0.00585714,0.495714,0.0594286,0.031,0.105714,0.0268571,0.107429,0.655429,0.319571,0,0.0365714,0.0385571,0.197129,0.0133286,0.194,0.0575714,0.0535857,3.19766,19.1143,38.2857,0.385714
0.0292857,0.0775,0.220714,0,0.626786,0.0346429,0.987143,0.474643,0.395357,0.465,0.386786,0.796071,0.00714286,0.0382143,0.00857143,0.776429,1.31643,0.12,1.77821,0.386786,2.045,0,0.161786,0.09,0.0103571,0.0103571,0.235357,0.0207143,0,0,0.225,0,0,0.0103571,0.0707143,0,0.1575,0,0.0382143,0.678571,0,0.00714286,0,0,0.0735714,0,0,0,0,0.156536,0.0212143,0.400286,0.13125,0.0356429,39.8805,251.036,365.893,0.607143
0,0,0.0341026,0,0.0341026,0,0,0,0,0,0,0,0,0,0,0,0,0.254103,0.08,0,0.0341026,0,0,0,10.9664,3.1559,2.02385,2.27795,1.95282,2.33359,2.20692,1.95282,0,1.95282,2.20692,2.20692,0.0341026,0.102564,0.0341026,1.95282,0,0.102564,0,0,1.03513,0,0,0,0.0221795,0.545103,0.00553846,0.0927692,0,0,3.37659,12.9487,28.641,0
0.0943,0.0813,0.2701,0,0.3434,0.091,0.0991,0.1295,0.0668,0.1596,0.0504,0.5596,0.0892,0,0.0221,0.1514,0.1298,0.2125,1.4623,0.0046,0.5339,0.0046,0.0654,0.0172,0.6828,0.5465,0.3423,0.2591,0.1145,0.148,0.0714,0.0646,0.083,0.0646,0.1971,0.1845,0.1914,0.0109,0.1354,0.0814,0.0298,0.0357,0.145,0.0764,0.2674,0.0882,0.0028,0.0758,0.02488,0.15491,0.02982,0.16162,0.03788,0.02975,1.9574,11.56,118.45,0.25
0.0869935,0.0867974,0.246078,0,0.235163,0.0761438,0.134314,0.0468627,0.0168627,0.214902,0.0537255,0.624248,0.136275,0.0265359,0.0146405,0.294248,0.128301,0.104771,1.82248,0.0203922,0.637255,0,0.0905229,0.027451,0.531307,0.309869,0.357843,0.194444,0.123922,0.23183,0.121176,0.0985621,0.163987,0.0985621,0.231569,0.183856,0.196078,0.00359477,0.212353,0.106078,0.115948,0.232026,0.0842484,0.162222,0.248301,0.133203,0,0.05,0.0138627,0.140843,0.020549,0.231987,0.103837,0.0101569,1.89616,8.0719,44.1242,0.20915
0.0692661,0.132661,0.307523,0.0110092,0.349174,0.111651,0.113119,0.12,0.0498165,0.291835,0.0698165,0.523853,0.197431,0.0359633,0.0950459,0.177431,0.121743,0.294312,1.36,0.0533945,0.814679,0.335505,0.138073,0.0753211,0.673303,0.304954,0.173211,0.116055,0.0995413,0.102569,0.0547706,0.0619266,0.0898165,0.0619266,0.0724771,0.0982569,0.16367,0.013945,0.0709174,0.0827523,0.0146789,0.0394495,0.0826606,0.0556881,0.11633,0.0627523,0,0.02,0.0441376,0.178174,0.0264954,0.174798,0.114422,0.0442294,2.98525,24.945,247.661,0.522936
0.0207729,0.0512077,0.27372,0,0.308406,0.042657,0.0764734,0.0373913,0.0078744,0.169517,0.0147343,0.838937,0.0684541,0.109469,0,0.109807,0.044058,0.179662,2.01783,0.0290821,0.487585,0,0,0.058744,0.138116,0.0797101,0.413575,0.049372,0.100145,0.087343,0,0,0.082029,0,0.0469565,0.0156522,0.0877778,0.0209662,0.0907729,0.00463768,0.057971,0.261159,0.0643478,0.112319,0.418019,0.188309,0,0.0361353,0.0310483,0.11856,0.0161208,0.295469,0.00460386,0.00422222,1.67136,4.73913,18.3816,0.135266
0.0871739,0.0491304,0.176304,0,0.406087,0.148478,0.201522,0,0.066087,0.295217,0.0591304,0.351957,0.213043,0.0373913,0,0.574348,0.0763043,0.112609,1.87043,0.260652,0.778261,0.0563043,0,0.220217,0.104565,0.124348,0.0776087,0.0578261,0,0.0321739,0,0,0.0806522,0,0.0258696,0.0623913,0.0295652,0,0,0.0295652,0.00565217,0.0180435,0.0152174,0.058913,0.188913,0.278913,0,0,0.0056087,0.0577609,0.00421739,0.259435,0.0448478,0.450587,5.11022,56.3043,102.435,0.456522
0.121707,0.440976,0.342439,1.72976,0.936341,0.144634,0.696341,0.152683,0.0580488,0.375854,0.0426829,0.635854,0.190976,0.0819512,0,0.730488,1.53659,0.239024,2.09098,0.274146,1.82732,0,0.0192683,0.160976,0,0,0,0,0,0.0236585,0,0,0,0,0,0.0521951,0.113659,0.0380488,0,0.00829268,0,0,0,0,0.00829268,0,0,0,0,0.123293,0,0.729683,0.212683,0.0322927,9.20393,136.756,194.512,0.926829
0.111902,0.0737423,0.292577,0,0.264601,0.0698773,0.100123,0.0522699,0.0468098,0.0956442,0.0178528,0.488221,0.0869939,0.0903068,0.0111656,0.279018,0.0533742,0.231043,1.64583,0.00957055,0.503252,0,0.0147853,0.038773,0.490798,0.358834,0.335337,0.112147,0.188773,0.148221,0.120061,0.0837423,0.0622699,0.0837423,0.13908,0.15589,0.13865,0.00570552,0.0765644,0.0898773,0.0763804,0.220123,0.0456442,0.148405,0.400429,0.16546,0.00625767,0.0376074,0.00981595,0.138012,0.0166626,0.175479,0.0149202,0.00646012,1.74383,6.67485,36.0491,0.190184
0.082,0.088375,0.225125,0,0.2335,0.034,0.15825,0.395,0.12975,0.1275,0.043625,0.328375,0.008625,0.233625,0,0.3055,0.217375,0.105625,1.12763,0.038125,0.808125,0.025,0.178375,0.056125,0.2805,0.278375,0.138375,0.084625,0,0.032,0.01,0.0295,0.039625,0.0295,0.047,0.119125,0.126875,0,0.028375,0,0,0.044625,0.017,0.023625,0.379375,0.037625,0,0.02075,0.00755,0.153488,0.0092875,0.396325,0.123087,0.007625,3.48636,25.4875,81.3375,0.7125
0.103614,0.108434,0.36253,0,0.520843,0.129157,0.110723,0.173012,0.0720482,0.307711,0.101807,0.616506,0.073253,0.013012,0,0.335542,0.360723,0.278795,1.98554,0.138434,1.01952,0.126506,0.199518,0.0848193,0.237108,0.0840964,0.0257831,0.0262651,0.0046988,0.0445783,0.0046988,0.00843373,0.0233735,0.0122892,0.0449398,0.0796386,0.109157,0.000843373,0.0203614,0.0440964,0,0.00493976,0.0177108,0.0207229,0.224337,0.277831,0,0.0266265,0.0588313,0.109904,0.00918072,0.341036,0.121036,0.0558795,4.22006,67.4458,262.867,0.662651
0.0170732,0.0736585,0.193415,0,0.33,0.0190244,0.26439,0.0717073,0.0134146,0.212439,0,0.389756,0.184634,0.0760976,0,0.663902,0.03,0.348049,3.23073,0,1.24829,0.0717073,0,0.0792683,0.375122,0.0209756,0.0634146,0,0,0,0,0,0,0,0,0,0,0,0,0,0,0.124878,0,0.0629268,0.447805,0.456585,0,0,0.00753659,0.0251463,0,0.630293,0.022439,0.0109756,5.60854,49.2927,75.4878,0.414634
0.153478,0.124783,0.265435,0.00804348,0.295435,0.106304,0.0395652,0.230435,0.203696,0.299348,0.0923913,0.540435,0.148261,0.0695652,0.0623913,0.32413,0.210435,0.185652,1.49261,0.128696,0.707826,0.652609,0.261522,0.233478,0.461087,0.0893478,0.00586957,0.00543478,0.00326087,0.023913,0.0104348,0,0.0884783,0.00282609,0.0106522,0.118043,0.160217,0.00934783,0.0213043,0.0245652,0.0193478,0.00326087,0.0073913,0.0245652,0.0297826,0.0973913,0.0023913,0.0397826,0.0394565,0.123587,0.0373696,0.200739,0.163326,0.101739,5.77274,124.522,1677.87,0.543478
0.0620635,0.120794,0.37381,0,0.567302,0.0755556,0.271429,0.174444,0.0874603,0.181111,0.131429,0.652698,0.0619048,0,0.22746,0.257937,0.276349,0.447937,2.09794,0.421111,1.28889,0.18746,0.300317,0.107143,0.286825,0.114444,0.051746,0.102698,0.021746,0.120159,0.021746,0.021746,0.0142857,0.021746,0.0493651,0.0360317,0.0798413,0,0.148889,0.103968,0.0168254,0.0452381,0.00571429,0,0.201587,0.0460317,0,0,0.0041746,0.143857,0.00103175,0.288476,0.106492,0.0313651,5.83571,59.2857,145.937,0.650794
0.124167,0.1385,0.284667,0.0193333,0.242,0.216333,0.160333,0.0368333,0.0108333,0.2435,0.0398333,0.465667,0.169667,0,0.0295,0.4435,0.186667,0.1415,1.95083,0.0353333,0.839167,0.0948333,0.167833,0.1045,0.5515,0.366167,0.236667,0.134833,0.0925,0.153833,0.0823333,0.0823333,0.0901667,0.104833,0.1035,0.118833,0.0425,0,0.149167,0.0898333,0.0055,0,0,0.0108333,0.265167,0.162333,0,0.0055,0.0134667,0.1673,0.01425,0.431183,0.0354,0.0454333,3.84645,38.5,129.6,0.533333
0.151343,0.146716,0.826866,0.00283582,0.707612,0.520149,0.272836,0.136716,0.56597,0.458209,0.203284,0.601194,0.150746,0.0797015,0.967015,0.304776,0.11209,0.760149,1.5091,0.820448,0.926119,0.0862687,0.517612,0.144478,0.051194,0.00134328,0.021791,0.00716418,0,0.00865672,0,0,0.00313433,0.00567164,0.00432836,0,0.0129851,0,0,0.0401493,0,0,0.0835821,0.0119403,0.0447761,0.0364179,0,0,0.00285075,0.0761343,0.0011194,0.448209,0.160104,0.019791,108.883,790.104,1415.94,0.985075
0.110485,0.0285455,0.196545,0.00806061,0.146909,0.0899394,0.0794545,0.127212,0.0212121,0.202727,0.028303,0.496121,0.0692121,0.00139394,0.0223636,0.137333,0.10903,0.252545,1.43891,0.00806061,0.642424,0,0.00436364,0.0117576,1.10042,0.446303,0.230667,0.378242,0.0875152,0.224848,0.0784242,0.0431515,0.298182,0.0431515,0.226182,0.128242,0.284,0.0113939,0.151273,0.0748485,0.0603636,0.14297,0.115394,0.166667,0.304667,0.231455,0,0.0340606,0.0208121,0.169606,0.0266303,0.231745,0.0544727,0.117733,2.11662,10.8848,64.1939,0.272727
0.30617,0.144894,0.280426,0.0917021,0.0723404,0.106809,0.0193617,0.139787,0.221064,0.399574,0.144681,0.630213,0.341064,0.652766,0.0255319,0.158936,0.276596,0.12,1.86936,0.0476596,0.868511,0.0334043,0.447021,0.28766,0.0951064,0.0604255,0.00510638,0.00148936,0.00212766,0.00382979,0,0,0.309362,0,0,0.0297872,0.176383,0.00148936,0.00659574,0.017234,0.0246809,0.00765957,0.00446809,0.0159574,0.0421277,0.0568085,0.00978723,0.0502128,0.0292553,0.115766,0.00757447,0.24734,0.329319,0.0877872,5.44715,185.447,3357.47,0.744681
0.069913,0.0526087,0.311565,0.00756522,0.312348,0.143739,0.0598261,0.135217,0.0936522,0.203391,0.0426087,0.488696,0.0945217,0.0464348,0.0186957,0.246435,0.157391,0.169391,1.39417,0.0901739,0.737304,0,0.0626087,0.10313,0.682609,0.380261,0.145217,0.13713,0.101652,0.126609,0.082087,0.0393043,0.133217,0.0393043,0.0946957,0.119913,0.216087,0.006,0.0610435,0.071913,0.00521739,0.0272174,0.084,0.0814783,0.162783,0.082,0.00947826,0.0426087,0.0250087,0.202565,0.0289478,0.131043,0.0393217,0.0293565,2.47401,18.6957,200.157,0.443478
0.314865,0.276757,0.336486,0.00351351,0.248919,0.0745946,0.0389189,0.149459,0.425676,0.528919,0.214054,0.579189,0.367838,0.723243,0.0859459,0.259189,0.332432,0.11027,2.41297,0.0359459,1.0927,0.0454054,0.393784,0.371622,0.0959459,0.0994595,0.00162162,0.000540541,0.000540541,0,0,0,0.123243,0,0.00189189,0.0321622,0.133784,0.00297297,0.00243243,0.0391892,0.00432432,0.00216216,0.00621622,0.00378378,0.0594595,0.0194595,0.00189189,0.0156757,0.0328378,0.100892,0.0108919,0.335595,0.430541,0.0987568,7.64754,346.757,2344.32,0.864865
0.4672,0.7208,0.7428,0.3664,0.3468,0.2716,0.0656,0.4024,0.4188,1.3644,0.0604,1.4292,0.1212,0.2716,0.3344,0.2872,0.1692,0.6348,2.064,0.3444,3.2556,0.0152,0.5196,0.2464,0,0,0,0,0,0,0,0,0.0132,0,0.0508,0.0168,0.0148,0,0,0,0,0,0.0076,0,0.0248,0,0,0,0.027,0.14768,0.06472,0.95372,0.17836,0.06036,39.2918,602.2,882.64,1
0.0702027,0.0368243,0.245,0.00912162,0.233243,0.0477027,0.0732432,0.110811,0.029527,0.294595,0.0316216,0.54473,0.154122,0.00743243,0.0434459,0.0778378,0.115405,0.131419,1.56966,0.0594595,0.543986,0.00391892,0.0935811,0.0813514,0.641892,0.387027,0.312365,0.230811,0.143243,0.179595,0.108784,0.0895946,0.0575676,0.0895946,0.134932,0.166554,0.217095,0.00675676,0.13223,0.101824,0.0233108,0.0627703,0.116959,0.0770946,0.341351,0.253919,0.0168243,0.0420946,0.0208108,0.224088,0.0128784,0.228446,0.0467365,0.0159459,2.1936,10.8986,75.3581,0.297297
0.129583,0.209722,0.431806,0.594583,0.276389,0.120139,0.0483333,0.112917,0.26,0.315694,0.0713889,0.80875,0.209028,0.125278,0.13,0.149583,0.144306,0.187083,1.73278,0.150972,0.950694,0,0.128194,0.174028,0.717361,0.12875,0.0215278,0.0234722,0.0144444,0.0180556,0.0204167,0.00222222,0.0694444,0.00222222,0.0355556,0.0625,0.0911111,0.00194444,0.0173611,0.035,0.00222222,0.0723611,0.0354167,0.0102778,0.0261111,0.00166667,0,0.0213889,0.140569,0.130917,0.017875,1.03196,0.256306,0.0185694,4.10265,61.0833,755.875,0.597222
0.185824,0.125275,0.328571,0.00120879,0.35033,0.152967,0.0761538,0.167802,0.333187,0.327143,0.0973626,0.646923,0.076044,0.123407,0.090989,0.18044,0.332967,0.0771429,1.45,0.209011,1.05747,0.345055,0.0632967,0.240659,0.866923,0.185495,0.0279121,0.0121978,0.00461538,0.0249451,0.0195604,0.00461538,0.103407,0.00582418,0.0195604,0.0582418,0.160989,0.0206593,0.0167033,0.0325275,0.0508791,0.142418,0.017033,0.0150549,0.0571429,0.0901099,0.00604396,0.0118681,0.125297,0.184692,0.0147582,0.270308,0.13022,0.0888791,4.20715,73.5275,628.11,0.494505
0.0546047,0.0326047,0.242837,0,0.282186,0.0197209,0.0307907,0.0380465,0.0350233,0.10586,0.0153488,0.772326,0.0781395,0.0311163,0.00790698,0.19786,0.0213488,0.0662326,1.9527,0.00586047,0.493721,0,0.0313488,0.116744,0.325163,0.353256,0.331721,0.0275349,0.13693,0.0486047,0.0272558,0,0.0635814,0,0.0362326,0.0235349,0.174558,0.0114419,0.101488,0.0103256,0.101395,0.288512,0.0247907,0.140744,0.445302,0.162233,0,0.044186,0.0316698,0.126512,0.00807907,0.196163,0.026893,0.0159023,1.81249,6.40465,26.893,0.15814
0.0740602,0.0644361,0.343083,0.0157895,0.415639,0.259774,0.127218,0.148045,0.0307519,0.26015,0.0227068,0.505639,0.102632,0.0104511,0.00639098,0.249173,0.133609,0.174361,1.62414,0.0129323,1.24165,0,0.136767,0.126767,0.581579,0.40985,0.190752,0.16797,0.105789,0.144211,0.0699248,0.0498496,0.073609,0.0475188,0.122331,0.119774,0.13609,0.00172932,0.0772932,0.0621805,0.0525564,0.0350376,0.0868421,0.0247368,0.274211,0.126692,0.0148872,0.00503759,0.0350902,0.150391,0.0223233,0.205955,0.061203,0.00942857,2.17116,13.985,140.466,0.496241
