0.0849921,0.0848661,0.220142,0.00422047,0.269055,0.0663307,0.126205,0.153433,0.045685,0.243874,0.0505669,0.538661,0.0933386,0.0487244,0.0418268,0.265622,0.123228,0.19937,1.68611,0.0477795,0.747244,0.0216693,0.0750236,0.0636535,0.623591,0.363764,0.213433,0.249118,0.0805197,0.127228,0.067937,0.0609291,0.0922362,0.0609291,0.131071,0.139811,0.193165,0.00570079,0.109874,0.0557008,0.0300157,0.0763622,0.0911969,0.0989764,0.287811,0.232252,0.00885039,0.0274173,0.0194031,0.161932,0.0162488,0.246299,0.0528961,0.026674,2.71943,17.737,82.0535,0.384252
0.0966667,0.0133333,0.2,0,0.153333,0.133333,0,0.0966667,0.0966667,0.313333,0.06,0.0733333,0.12,0,0.0633333,0.0133333,0.13,0.0633333,0.626667,0.0133333,0.276667,3.17667,0.23,0.183333,0,0,0,0,0,0,0,0,0,0.0466667,0,0.0133333,0,0,0.0266667,0,0,0,0,0,0.0633333,0,0,0,0.372333,0.095,0.014,0.14,0.03,0.00366667,15.1877,493,9113.67,1
0.508,0.12,0.375,0,0.046,0.202,0.004,0.174,0.203,0.337,0.234,0.922,0.535,0.945,0.057,0.322,0.389,0.179,2.513,0.153,1.041,0,0.303,0.5,0,0,0.001,0,0.003,0.001,0,0,0.155,0,0,0.023,0.082,0,0.001,0.038,0.006,0.009,0,0.023,0.06,0.012,0.022,0.057,0.0158,0.1804,0.0002,0.4094,0.3131,0.1134,4.4923,157.3,3591.2,0.9
0.139375,0.0964062,0.312656,0.0025,0.2925,0.106406,0.1025,0.118281,0.475312,0.458281,0.0957813,0.562344,0.13875,0.1625,0.0554687,0.315938,0.0625,0.374062,1.54969,0.216875,1.04875,0.865469,0.100937,0.184063,0.36625,0.153594,0.0328125,0.014375,0.00140625,0.02,0.034375,0.00140625,0.0867187,0.00140625,0.148906,0.02125,0.177031,0.00078125,0.020625,0.0403125,0.0109375,0.044375,0.0084375,0.0214062,0.0325,0.0403125,0.0207813,0.04125,0.0533594,0.117266,0.0553125,0.354172,0.182891,0.0943125,5.43066,81.4688,1091.53,0.625
0,0,0,0.04,0,0,0,0,0,0,0,0,0,0,0,0.02,0,0,0.02,0,0,0,0,0,0,0,0,0,0,0,0,0,0,0,0,0,0,0,0,0,0,0,0,0,0,0,0,0,1.024,9.752,0.003,1.542,1.785,1.998,239.571,9989,10062,1
0.466,0.398,0.343,0,0.252,0.046,0.025,0.169,0.564,0.602,0.302,0.655,0.582,1.108,0.202,0.203,0.393,0.129,2.952,0.032,1.3,0,0.587,0.498,0,0,0,0,0,0,0,0,0,0,0.006,0,0,0,0,0.006,0,0,0.012,0,0.041,0.006,0,0,0.0086,0.0839,0,0.4366,0.6352,0.1195,7.2398,663.1,2384.7,1
0.0766667,0.0611111,0.185556,0,0.0311111,0.0233333,0,0.0477778,0.0433333,0.0933333,0.0477778,0.507778,0.0166667,0.0288889,0.00222222,0.0211111,0.0433333,0.113333,0.325556,0.0211111,0.187778,0.393333,0,0,0.281111,0.11,0.01,0.00888889,0.0144444,0.0511111,0.04,0,0.282222,0,0.0144444,0.0966667,0.294444,0.0177778,0.0355556,0.0188889,0.06,0.00777778,0.0177778,0.0377778,0.0166667,0.257778,0.00555556,0.04,0.099,0.178889,0.0476667,0.0228889,0.00177778,0.0247778,2.93811,73.5556,1794.22,0
0.16,0.148222,0.274444,0,0.150667,0.0882222,0.0117778,0.0828889,0.300667,0.216222,0.0788889,0.666889,0.203778,0.0264444,0.0704444,0.148889,0.142222,0.153111,1.068,0.0533333,0.597778,0,0.0862222,0.189556,1.32444,0.244222,0.0322222,0.00977778,0.0131111,0.0366667,0.0117778,0.006,0.126444,0.006,0.0246667,0.103556,0.168889,0,0.014,0.0408889,0.0424444,0.0162222,0.0333333,0.00266667,0.0328889,0.0904444,0.0102222,0.0353333,0.124422,0.177222,0.0130889,0.445133,0.126111,0.00986667,3.45867,45.5111,692.311,0.377778
0.107297,0.17027,0.929189,0,0.667297,0.817297,0.39027,0.150811,0.699189,0.265946,0.226486,0.764054,0.231892,0,1.50757,0.251622,0.0672973,1.13757,1.6327,0.18973,0.711081,0,0.720541,0.142162,0.00243243,0.00243243,0,0,0,0,0,0,0,0,0.00540541,0,0,0,0,0.0367568,0,0,0.136216,0.0216216,0.0789189,0.0637838,0,0,0.00483784,0.0902703,0,0.400297,0.155324,0.0151892,8.62524,660.973,1383.68,1
0.124783,0.296957,0.505652,0.592609,0.393478,0.163478,0.0873913,0.0452174,0.356522,0.756087,0.153478,0.457826,0.223043,0.0113043,0.213478,0.242609,0.0869565,0.742174,1.33174,0.126087,1.1687,0.697391,0.288261,0.223913,0.0765217,0,0.0669565,0.00695652,0.0026087,0.0191304,0,0,0.026087,0.00521739,0,0.0221739,0,0,0.0191304,0.0565217,0,0.00565217,0.0073913,0,0.0365217,0,0,0,0.0146087,0.0429565,0.050913,0.537043,0.246348,0.0912174,7.72352,169.957,938.043,0.956522
0.2025,0.3005,0.623,0.093,0.367,0.31,0.162,0.1825,0.43,0.687,0.26,0.585,0.1895,0.089,0.2825,0.3615,0.2055,0.3505,1.9635,0.1265,1.4355,0.0085,0.3095,0.284,0.479,0.222,0.012,0,0,0.0365,0,0,0.0675,0,0.036,0.012,0.1635,0.043,0.012,0.0365,0,0.0365,0.017,0.0245,0.0845,0.0715,0,0,0.00875,0.16725,0.0298,0.67755,0.21795,0.05205,10.1934,309.6,736.2,0.9
0.0988235,0.256471,0.561176,0.0288235,0.645882,0.112941,0.595294,0.168235,0.0170588,0.543529,0.0370588,0.678824,0.159412,0.0135294,0,1.37059,0.214706,0.255882,2.52059,0,0.987647,0,0.538235,0.112941,0.0758824,0.0464706,0.0170588,0.0341176,0.0294118,0.0147059,0,0,0,0.0535294,0.0341176,0.0135294,0.142353,0,0,0,0,0.0117647,0,0,0.194118,0,0,0.0588235,0.0360588,0.192941,0,0.478529,0.278059,0.0285294,13.0368,243.588,488.059,0.823529
0.19,0,0.38,0,0,0.19,0,0,0,0,0.19,0.19,0,0,0,0.38,0,0.19,1.14,0,0.38,0,0,0,0,0,0,0,0,0,0,0,0,0,0,0,0,0,0,0,0,0,0,0,0,0,0,0,0.01,0.01,0,0,0,0.003,2.383,21,15841,1
0.0420638,0.545304,0.178425,0,0.227109,0.0310668,0.0242672,0.0404187,0.0128913,0.11332,0.00728814,0.438156,0.0439581,0.0537089,0.00169492,0.161446,0.0174477,0.105783,1.6406,0.0280758,0.41004,0,0.00567298,0.0676271,0.424347,0.160279,2.88336,0.0267398,0.123121,0.0406181,0.0250349,0,0.0885344,0,0.0452841,0.0233699,0.0372084,0.0325424,0.0612861,0.00433699,0.0629312,0.317288,0.0176969,0.150987,0.64343,0.271914,0.00507478,0.0482552,0.0176411,0.0909591,0.0162532,0.208182,0.00576371,0.00284945,1.50325,3.63809,13.0608,0.0757727
0.0890735,0.135527,0.34639,0.00277955,0.343131,0.150479,0.16377,0.0988498,0.068754,0.243131,0.0706709,0.560447,0.1123,0.0291054,0.018115,0.233131,0.143514,0.215016,1.62524,0.104824,0.943419,0.0086901,0.149137,0.0819808,0.587796,0.312524,0.159617,0.138786,0.0822684,0.113962,0.0544409,0.0489776,0.110479,0.0489776,0.116486,0.105815,0.193323,0.00220447,0.0816933,0.0791374,0.0734505,0.0482109,0.0845367,0.0302236,0.184281,0.179681,0.00565495,0.0334824,0.0370735,0.145668,0.020147,0.237383,0.078639,0.024655,3.16271,28.7955,179.118,0.469649
0.0925,0.1075,0.275,0.015,0.7325,0.2425,0.0725,0.5025,0.0925,0.2225,0.09,0.77,0.1525,0.15,0.05,1.415,0.695,0.35,1.9525,0.2975,0.7425,0.65,0.405,0.2425,0,0,0,0,0,0,0,0,0,0,0,0.2,0.065,0,0,0.0725,0,0,0,0,0.0075,0,0,0,0.00275,0.04575,0.02925,0.47925,0.153,0.24975,6.50975,262,1984.75,1
0.574444,0.711667,0.811111,0,0.315556,0.229444,0.0372222,0.447222,0.401667,1.46222,0.00888889,1.555,0.135556,0.336111,0.383333,0.357778,0.0633333,0.711667,2.01667,0.401667,3.58111,0.0211111,0.448333,0.256667,0,0,0,0,0,0,0,0,0.0183333,0,0.0633333,0,0,0,0,0,0,0,0,0,0,0,0,0,0.009,0.165111,0,1.08994,0.175722,0.0691111,43.0392,610,822,1
0.132765,0.0940181,0.264276,0,0.223953,0.0672222,0.119522,0.0617313,0.0236822,0.209897,0.0599483,0.573127,0.0791473,0.0320155,0.016292,0.23655,0.0722093,0.141835,1.67907,0.0114987,0.812171,0,0.0418217,0.060969,0.839444,0.472481,0.366964,0.278036,0.237597,0.270362,0.193902,0.160323,0.140633,0.160323,0.257752,0.216899,0.192687,0.00975452,0.149083,0.169561,0.065,0.199742,0.0503876,0.113411,0.332403,0.212016,0.00131783,0.0309948,0.0185413,0.16441,0.012385,0.224725,0.0493075,0.0544987,2.25671,10.5375,44.9444,0.251938
0.353333,0,1.76667,0,1.06,0,0,0,0.58,0.806667,0,0,0,0,0,0,0,0,0.353333,0.933333,0.453333,0,0,0,0.353333,0,0,0,0,0,0,0,0,0,0,0,0,0,0,0,0,0,0,0,0,0,0,0,0,0,0,0.936333,0.09,0,640,1279,1280,1
0.0580392,0.353529,0.368235,1.17373,0.451373,0.184706,0.608039,0.0135294,0.139412,0.282549,0.0278431,0.711765,0.0303922,0.012549,0.0180392,0.171765,0.273137,0.398039,2.07784,0.0860784,1.20784,0.0535294,0.0484314,0.100392,0.113529,0.0378431,0.231373,0.0276471,0.0282353,0.0282353,0.141961,0,0.00529412,0,0.0801961,0.0207843,0.0368627,0,0.0472549,0.372549,0,0,0,0.014902,0.171176,0.00862745,0,0,0.00268627,0.139882,0.0127843,0.330902,0.0314118,0.0414118,11.3956,150.451,369.784,0.647059
0.22,0.22,0.22,0,1.77,0.22,0.44,0.44,0.22,2.88,0,0.88,0.22,0,1.105,0.44,0,0.44,3.325,0,3.325,0,0.44,0.44,0,0,0,0,0,0,0,0,0,0,0,0,0,0,0,0.44,0,0,0,0,0,0,0,0,0,0,0,0.5755,0.153,0,86.675,1038,1733.5,1
0.195,0.5,0.4,0.095,0.58,0,0,0,0.39,0.19,0,0.2,0,0,0,0.1,0,0,0.195,0.19,0.39,0,0,0.2,0.095,0,0,0.095,0,0,0,0,0,0.19,0,0,0,0,0,0,0,0,0,0,0,0,0,0,0,0.035,0,0.4155,0.7295,0.015,1062,2123,2124,1
0.135248,0.114554,0.252574,0.564554,0.467426,0.118911,0.0735644,0.107723,0.248911,0.267426,0.099901,0.687228,0.124752,0.0467327,0.0546535,0.158119,0.250297,0.18099,1.6704,0.101584,0.78604,0.806733,0.205842,0.164851,0.473663,0.163762,0.0170297,0.0327723,0.0153465,0.0277228,0.0090099,0.0111881,0.0917822,0.00326733,0.0372277,0.0784158,0.0949505,0.0141584,0.0154455,0.00841584,0.0257426,0.0593069,0.00722772,0.010099,0.0476238,0.0788119,0.0313861,0.0262376,0.0644752,0.122901,0.0109208,0.185594,0.0990594,0.0927228,4.36383,46.8911,481.02,0.633663
0.146538,0.0926282,0.334103,0.0180128,0.280256,0.107628,0.0937179,0.160513,0.0739744,0.313974,0.0597436,0.479103,0.0973718,0.0237179,0.0371154,0.277564,0.236667,0.196731,1.60551,0.166154,0.831538,0.651154,0.168269,0.0778846,0.599423,0.225962,0.0689744,0.0464103,0.0427564,0.0466026,0.0382051,0.0105128,0.0603205,0.0124359,0.0574359,0.0596795,0.216987,0.00121795,0.029359,0.0416667,0.0317308,0.0258974,0.0360897,0.0507051,0.134038,0.325577,0.00891026,0.033141,0.219109,0.159853,0.0225513,0.275013,0.159897,0.144006,4.20814,46.5449,316.686,0.5
0,0.0671429,0.143571,0,0.677143,0,1.835,0.867143,0.867143,0.934286,0.773571,0.353571,0,0.0764286,0,0.664286,2.24714,0.0642857,1.34143,0.867143,3.62,0,0.210714,0.0764286,0,0,0,0,0,0,0,0,0,0,0,0,0.315,0,0.0764286,0,0,0,0,0,0,0,0,0,0,0.0412143,0,0.609929,0.315071,0.0712857,67.5797,269.929,292.5,1
0.0485294,0.0985294,0.27,0.563529,0.245,0.0729412,0.0832353,0.0379412,0.322353,0.205294,0.0591176,0.321471,0.0508824,0.0391176,0.129706,0.221176,0.0541176,0.190294,1.13647,0.229706,0.673235,1.13882,0.0797059,0.0397059,0.359118,0.210588,0.0223529,0.0241176,0.0147059,0.0123529,0.0202941,0,0.0676471,0,0.151176,0.0173529,0.144706,0.00117647,0.00617647,0.0252941,0.00205882,0.0429412,0,0.0129412,0.0426471,0.0326471,0.00352941,0.00352941,0.0384706,0.165588,0.0265588,0.170794,0.0917647,0.111059,5.47024,77.6176,1295.68,0.588235
0.005,0.005,0.035,0,0.025,0,0,0.005,0.015,0.065,0.025,0,0,0.025,0,0,0.005,0.035,0.005,0,0.005,0,0,0,0,0,0,0,0,0,0,0,0.035,0,0,0.065,0,0,0,0.005,0.23,0,0,0.015,0,0.4,0.005,0.035,0.036,0.1615,0.075,0.012,0.056,0.012,3.0295,43.5,5648.5,0
0.230566,0.161132,0.404717,0,0.515094,0.217736,0.120943,0.207547,0.39717,0.458113,0.100566,0.645283,0.0677358,0.23,0.138491,0.231509,0.396792,0.12,1.8183,0.288302,1.43679,0.441509,0.0815094,0.336038,0.177736,0.0669811,0.0173585,0.00830189,0.00283019,0.00283019,0.0124528,0.00283019,0.0632075,0.00283019,0.0124528,0.0354717,0.0866038,0.0111321,0.00886792,0.0388679,0.00150943,0.225849,0.00830189,0.0137736,0.0764151,0.0111321,0.00169811,0,0.0158868,0.138245,0.00988679,0.386623,0.172887,0.0552264,4.92036,104.019,628,0.716981
0.191429,0.378571,0.611429,1.30857,0.201429,0.455714,0.177143,0.55,0.635714,1.29429,0.182857,1.28571,0.0571429,0.105714,0.8,0.147143,0.358571,0.794286,1.93,0.234286,1.93429,0,0.46,0.19,0,0,0,0,0,0,0,0,0,0,0.0185714,0,0.0942857,0,0,0.0414286,0,0,0.0571429,0,0,0,0,0,0.0552857,0.118,0,0.590571,0.167,0.0372857,25.2571,733,1128.29,1
0.2365,0.1475,0.226,0,0.063,0.075,0.023,0.111,0.199,0.3815,0.1105,0.548,0.249,0.5525,0.017,0.1055,0.208,0.1235,1.6005,0.035,0.794,0.064,0.4655,0.2235,0.1995,0.1175,0.008,0.0015,0.0015,0.0085,0,0,0.3355,0,0,0.023,0.1635,0.0025,0.0085,0.005,0.016,0.0085,0.003,0.0185,0.038,0.03,0.0065,0.024,0.023,0.0925,0.00695,0.1694,0.2812,0.0769,5.6124,193.65,3256.75,0.8
0.35,0.08,0.35,0,0.35,0,0,0.52,0.61,1.76,0.17,0.26,0.79,0,0.26,0,0.7,0.35,2.64,0,2.03,0,0.61,0.7,0,0,0,0,0,0,0,0,0,0,0,0.08,0,0,0.08,0.17,0,0,0,0,0.17,0,0,0,0,0.081,0,0.556,0.069,0.011,19.234,1170,3116,1
0.123374,0.086748,0.300366,0.00662602,0.459492,0.14185,0.139004,0.110996,0.0421545,0.195488,0.0465447,0.500772,0.0873171,0.0114634,0.0398171,0.339106,0.171707,0.18252,1.70238,0.0681504,0.970386,0.0346138,0.137033,0.0936585,0.511463,0.337053,0.20378,0.167317,0.077561,0.117642,0.0538008,0.0478862,0.0793699,0.0518293,0.114817,0.119654,0.138252,0.00268293,0.105691,0.0642683,0.0362602,0.035935,0.0722561,0.0411992,0.261362,0.121504,0.0045935,0.0295732,0.0206098,0.141165,0.0193069,0.269089,0.0699248,0.0604065,3.03137,25.3557,126.778,0.502033
0.0942857,0.0914286,0.227143,0,0.0971429,0.0928571,0.0542857,0.08,0.0842857,0.258571,0.06,0.287143,0.174286,0.0242857,0.0542857,0.138571,0.0671429,0.142857,1.21286,0.00571429,0.55,0,0.13,0.115714,1.99429,0.11,0.00285714,0,0.00285714,0.0471429,0,0,0.0785714,0,0.0342857,0.124286,0.144286,0.00285714,0.04,0.0457143,0.05,0.0142857,0.0142857,0.0571429,0.0557143,0.21,0,0.127143,0.0321429,0.131429,0.00628571,0.175,0.0868571,0.0161429,5.411,75.1429,2031.14,0.285714
0.177187,0.150312,0.31375,0.0096875,0.367812,0.13625,0.048125,0.271562,0.270313,0.415,0.109687,0.58375,0.184375,0.0771875,0.0915625,0.389375,0.247812,0.220312,1.90562,0.1625,0.970625,1.12313,0.359062,0.304375,0.16125,0.088125,0.005625,0.0053125,0,0.0096875,0.00375,0,0.0340625,0.0040625,0.00375,0.11,0.112813,0.0084375,0.011875,0.0246875,0,0,0.0025,0.0121875,0.03375,0.0228125,0.001875,0.018125,0.02825,0.111219,0.0375937,0.257281,0.224719,0.14975,6.78531,139.594,1562.62,0.75
0,0,0,0,0,0,0,0,0,0,0,0,0,0,0,0.58,0,0,0,0,0,0,0,0,0,0,1.46,0.29,0,0.58,0,0,0,0,0,0,0.58,0,0,0,0,0,0,0,0,0,0,0,0,0.018,0,0,0,0,251,1488,1506,0
0.343333,0.332667,0.370667,0,0.254,0.0593333,0.0473333,0.106667,0.504,0.564667,0.245333,0.678667,0.394667,0.878,0.022,0.188,0.316,0.0286667,2.79667,0.0133333,1.324,0,0.304667,0.42,0.0353333,0.0366667,0.000666667,0,0,0,0,0,0.0333333,0,0.000666667,0.00333333,0.0433333,0.00266667,0,0,0,0,0.000666667,0,0.0466667,0,0.00333333,0,0.0215333,0.0854667,0.0064,0.355,0.525267,0.0973333,5.829,154.267,2253.2,0.933333
0.103679,0.0875472,0.302453,0.0876415,0.318208,0.0964151,0.0479245,0.129151,0.152453,0.202264,0.0964151,0.52566,0.120377,0.0346226,0.0366038,0.282358,0.172736,0.181038,1.54557,0.0768868,0.742736,0.519057,0.128774,0.0908491,0.688774,0.216415,0.0784906,0.0846226,0.0569811,0.055283,0.0301887,0.0256604,0.0461321,0.0256604,0.0578302,0.0845283,0.138491,0.0551887,0.0472642,0.060566,0.0322641,0.0721698,0.0470755,0.00698113,0.0980189,0.074717,0.0142453,0.0403774,0.178038,0.152179,0.0163679,0.210274,0.0739434,0.0747642,3.38401,42.1321,399.792,0.5
0.348,0.202,1.418,0,1.12,0,0.196,0,0.414,0.678,0.134,0.134,0.066,0,0,0.202,0,0.336,0.754,0.698,1.004,0,0,0,0.282,0,0,0,0,0,0,0,0,0,0,0,0,0,0,0,0,0,0,0,0,0,0,0,0,0.024,0,0.758,0.076,0,291.6,1131.8,1243.8,1
0.124842,0.0692632,0.295158,0.00294737,0.254,0.106526,0.0256842,0.167579,0.179474,0.209579,0.0737895,0.761368,0.116316,0.0949474,0.0257895,0.159053,0.217579,0.0914737,1.36,0.102421,1.19947,0.086,0.127474,0.098,1.02832,0.171263,0.0138947,0.00347368,0.00852632,0.0174737,0.0102105,0,0.107368,0.00115789,0.0114737,0.0724211,0.183684,0.0197895,0.0287368,0.0144211,0.0934737,0.0606316,0.0111579,0.0192632,0.0612632,0.304526,0.00284211,0.0111579,0.111158,0.179053,0.0195789,0.230495,0.0659053,0.0706421,3.68636,50.9368,562.126,0.515789
0.185714,0.217857,0.200714,0,0.517857,0.0914286,0.113571,0,0.192143,0.358571,0.370714,0.630714,0.161429,0.381429,0,0.659286,0.419286,0.0835714,2.22643,2.98357,1.74857,0.412857,0.352857,0.217857,0,0,0,0,0,0,0,0,0.0257143,0,0,0,0,0,0.0485714,0,0,0,0.035,0,0.0157143,0,0,0.0157143,0,0.119786,0.00535714,0.365143,0.146143,0.0967857,11.2761,461.929,1405.07,1
0.301429,0.183571,0.320714,0.307857,0.0914286,0.107143,0.0292857,0.148571,0.267143,0.420714,0.145,0.655714,0.350714,0.723571,0.00214286,0.152857,0.302857,0.0685714,2.005,0.000714286,0.892143,0.0207143,0.575714,0.239286,0.0342857,0.035,0.005,0.00285714,0.00285714,0,0,0,0.443571,0,0,0.0357143,0.3,0.00142857,0.00357143,0.0107143,0.0228571,0.00714286,0.0107143,0.00857143,0.0321429,0.0821429,0.00714286,0.0885714,0.0489286,0.0987857,0.00464286,0.2545,0.467286,0.101357,5.25371,143.786,3024.36,0.642857
0.295,0.045,0.275,0,0.145,0.045,0,0.37,0.295,1.045,0.145,0.12,0.145,0,0.195,0.045,0.395,0.425,2.06,0.045,0.845,0,0.925,0.495,0,0,0,0,0,0,0,0,0,0,0,0.12,0,0,0.045,0.465,0,0,0,0,0.095,0,0,0,0.0575,0.0745,0,0.2145,0.078,0.0055,39.1215,1338,2651,1
0.181667,0.14,0.245,0.0216667,0.105,0.0616667,0.0233333,0.0866667,0.243333,0.305,0.095,0.4,0.161667,0.376667,0.0166667,0.0916667,0.158333,0.0616667,1.115,0.00333333,0.491667,0,0.163333,0.173333,0.43,0.443333,0.005,0.00333333,0.00333333,0,0,0,0.658333,0,0,0.0666667,0.69,0.00833333,0,0.00333333,0.0266667,0.01,0.0166667,0.0233333,0.103333,0.103333,0.00333333,0.0966667,0.0843333,0.186333,0.0388333,0.125833,0.185667,0.0445,3.62817,76.1667,2593.17,0.5
0.185,0.095,0.805,0,0.76,0.455,0,0.33,0.625,0.385,0.125,0.625,0.27,0,1.33,0.04,0.095,1.28,1.805,0.27,0.595,0,0.84,0.38,0,0,0,0,0,0,0,0,0,0,0.045,0,0,0,0,0.08,0,0,0.08,0,0.04,0.04,0,0,0.006,0.0675,0,0.4625,0.154,0.023,11.692,680,1761.5,1
0.125526,0.317632,0.424211,0.933158,0.723553,0.190395,0.453684,0.132895,0.0602632,0.281316,0.0968421,0.632105,0.113158,0.0581579,0.0465789,0.587105,0.939079,0.352105,2.14316,0.353158,1.48605,0.0214474,0.164605,0.167763,0.0127632,0.0127632,0,0.0336842,0,0.0255263,0,0,0.218158,0,0.0317105,0.0426316,0.0917105,0.0205263,0,0.0463158,0,0.0127632,0,0.00723684,0.0627632,0.00210526,0,0,0.00585526,0.119237,0.0112105,0.585158,0.138145,0.0355921,6.81368,119.013,214.487,0.881579
0.0889796,0.106531,0.333469,0.0106122,0.263061,0.109388,0.0483673,0.275918,0.295102,0.444694,0.117143,0.553878,0.0955102,0.0959184,0.148367,0.262857,0.232857,0.14449,1.24388,0.150612,0.68551,0.681633,0.11102,0.148571,0.813061,0.215918,0.017551,0.0391837,0.0116327,0.034898,0.0281633,0.00387755,0.192041,0.00530612,0.10449,0.0569388,0.194082,0.00265306,0.0379592,0.0240816,0.017551,0.0189796,0.00265306,0.00428571,0.0512245,0.0706122,0.00632653,0.0532653,0.0720408,0.145184,0.0293878,0.200429,0.131531,0.0950408,3.80194,49.6735,925.163,0.55102
0.0739196,0.121558,0.327538,0.00603015,0.463266,0.124774,0.112513,0.162462,0.0637186,0.272613,0.0829648,0.554925,0.139095,0.0276884,0.0569347,0.23593,0.224121,0.267236,1.59131,0.113317,0.924121,0.236533,0.161307,0.0869347,0.481859,0.213467,0.118291,0.0845729,0.0642211,0.0922613,0.0533668,0.0424623,0.0622111,0.0440704,0.0538693,0.0886935,0.175276,0.00798995,0.0588945,0.0789447,0.00959799,0.0291457,0.0563317,0.0651759,0.152211,0.0360302,0,0.0227638,0.0512563,0.16396,0.0195276,0.242779,0.115176,0.0500101,3.44541,38.6884,246.116,0.613065
0.34,0,1.7,0,1.02,0,0,0,0.68,1.02,0,0,0,0,0,0,0,0,0.34,1.02,0.68,0,0,0,0.34,0,0,0,0,0,0,0,0,0,0,0,0,0,0,0,0,0,0,0,0,0,0,0,0,0,0,0.898,0.105,0,443.499,1325,1330.5,1
0.0995238,0.213095,0.519762,1.01929,0.33381,0.127143,0.0771429,0.119524,0.268333,0.334524,0.067381,0.842143,0.172857,0.158571,0.157381,0.114048,0.128571,0.162857,2.09286,0.216429,1.11476,0,0.138571,0.149048,0.400476,0.130714,0.0221429,0.0402381,0.0157143,0.0252381,0.0297619,0.00380952,0.0569048,0.00380952,0.0419048,0.0221429,0.0778571,0.00333333,0.0280952,0.022619,0,0.119048,0.0433333,0.0147619,0.032619,0.00285714,0,0.00928571,0.174286,0.127286,0.0268571,1.30664,0.318762,0.0214524,4.40033,64.3333,780.405,0.666667
0.351111,0.607778,0.754444,0,0.485556,0,0.484444,0.0633333,0.32,1.26,0.146667,1.13444,0.09,0.121111,0.334444,1.73111,0.561111,0.0277778,1.55111,0.256667,1.95444,0,0,0.178889,0,0,0,0,0,0,0,0,0,0,0,0,0,0,0,0,0,0,0,0,0.09,0,0,0.0855556,0,0.068,0,1.04111,0.354111,0.0923333,65.1439,429.444,560.667,1
