0.0255056,0.0834831,0.244382,0,0.30764,0.0422472,0.0814607,0.112921,0.0965169,0.0889888,0.0102247,0.636854,0.0538202,0.0977528,0.0204494,0.357753,0.0894382,0.240337,1.96281,0,0.752247,0,0.0869663,0.248764,0.582697,0.444719,0.160449,0.170337,0.21382,0.109101,0.0839326,0,0.0401124,0,0.0535955,0.0535955,0.209101,0.0449438,0.156854,0.0249438,0.119326,0.381124,0.0741573,0.140899,0.612697,0.169438,0,0.0442697,0.0319888,0.100719,0.0219775,0.353551,0.0481685,0.0452247,2.4127,11.2921,30.1011,0.348315
0.425405,0.103919,0.412838,0,0.257297,0.0721622,0.164595,0.0752703,0.0251351,0.138784,0.355946,0.87473,0,0.0474324,0.0189189,0.30027,0.142838,0.109865,1.43203,0,2.86486,0,0,0.318514,0.175135,0.173649,0.121486,0.114459,0.0421622,0.0544595,0,0.0774324,0.0160811,0.0774324,0.0372973,0.0363514,0.242432,0,0.0510811,0,0,0.0745946,0.0189189,0.0156757,0.114324,0.133514,0,0.0328378,0.0164865,0.144608,0.00277027,0.529392,0.0730541,0.00256757,4.16015,25.2973,58.9865,0.540541
0.0841429,0.115619,0.290524,0.00385714,0.402571,0.213238,0.120905,0.100048,0.0461905,0.245048,0.0309048,0.582905,0.0808571,0.00914286,0.00461905,0.236381,0.133571,0.176143,1.49324,0.0117143,1.14752,0.00590476,0.108524,0.109667,0.653429,0.372048,0.254286,0.155857,0.115762,0.143143,0.0799524,0.0752857,0.118571,0.0752857,0.129143,0.110286,0.198571,0.00109524,0.0950952,0.0835714,0.0533333,0.051,0.114143,0.019619,0.245714,0.0847619,0.0126667,0.0177619,0.0308524,0.177814,0.0291857,0.167886,0.0607905,0.0139476,2.43451,17.3048,153.057,0.447619
0,0,0,0,0,0,0,0,0,0,0,0,0,0,0,0.449438,0,0,0,0,0,0,0,0,0,0,19.6622,0,0,0,0,0,0,0,0,0,0,0,0,0,0,0,0,0,0,0,0,0,0,0,0,0,0,0,1.07358,1.26966,5.19101,0
0,0,0,0,0,0,0,0,0,0,0,0,0,0,0,0,0,0,3.42375,0,0,0,0,0,0,0,0,0,0,0,0,0,0,0,0,0,0,0,1.38875,0,0,0,0,0,14.6637,0,0,0,0,0.285625,0,5.217,0,0,1.46187,2.875,7.375,0
0.0958462,0.276,0.381231,0,0.116923,0.0827692,0.29,0.103692,0.0752308,0.757231,0.0235385,0.453077,0.0692308,0.0438462,0,0.174154,0,0.0610769,2.59415,0,0.925846,0,0.0344615,0.158308,0.310308,0.0921538,0.404,0.290615,0.0201538,0.0201538,0.0698462,0,0.0827692,0,0,0.064,0.341077,0.00630769,0.542308,0.064,0.0513846,0,0.0289231,0.106154,0.433692,0.362154,0,0,0.0394462,0.206354,0.00389231,0.176631,0.154354,0.0345846,3.31543,19.5077,39.9077,0.415385
0,0,0,0,0,0,0,0,0,0,0,0,0,0,0,0,0,0,0,0,0,0,0,0,0,0,26.666,0,0,0,0,0,0,0,0,0,0,0,0,0,0,0,0,0,0,0,0,0,0,0,0,0,0,0,1.59575,2.8,5.1,0
0.0332903,0.0857419,0.364,0,0.271871,0.0141935,0.0613548,0.0384516,0.0209032,0.118516,0.0196774,0.849355,0.0935484,0.0296129,0,0.134387,0.0588387,0.246387,2.30161,0.0245161,0.617032,0,0,0.023871,0.203806,0.116258,0.430258,0,0.108968,0.0994839,0,0,0.0623226,0,0.0143226,0.015871,0.0904516,0.028,0.0734194,0.00619355,0.0100645,0.265419,0.0629032,0.0964516,0.463871,0.106258,0,0.0410323,0.0187355,0.118529,0.011529,0.137813,0.00701935,0.000793548,1.43276,3.78065,19.471,0.116129
0.115347,0.10901,0.218069,0.00668317,0.297822,0.0575248,0.0941584,0.0977228,0.0310396,0.376337,0.054901,0.620495,0.110743,0.0117822,0.0302475,0.129554,0.0941089,0.133366,1.63277,0.0470297,0.549505,0.00287129,0.049604,0.0675743,0.681436,0.431386,0.30203,0.347129,0.122525,0.174851,0.108267,0.0866832,0.103812,0.0866832,0.169703,0.182772,0.200743,0.0049505,0.145149,0.0890099,0.0317327,0.069703,0.11599,0.118663,0.25396,0.158168,0.0120792,0.0410396,0.0240149,0.184698,0.0142327,0.232139,0.0317475,0.014396,2.15396,10.9307,82.005,0.262376
0.162731,0.0849537,0.315833,0.00597222,0.417824,0.102963,0.12125,0.133148,0.0364815,0.172778,0.0316667,0.425417,0.0782407,0.00337963,0.0294907,0.324583,0.136898,0.156898,1.71639,0.0338889,0.844398,0.0310185,0.151898,0.0488426,0.490185,0.376528,0.227824,0.1825,0.091713,0.108426,0.0583333,0.0586111,0.0846296,0.0675926,0.14412,0.130324,0.140972,0.00333333,0.110093,0.0596296,0.0393519,0.0495833,0.0775926,0.0456944,0.26963,0.142963,0.0012963,0.0532407,0.0228333,0.137444,0.0225324,0.341903,0.0824074,0.0260833,2.58222,19.8194,123.838,0.481481
0.079404,0.063245,0.333377,0.00576159,0.30596,0.163311,0.0915894,0.131391,0.0836424,0.186026,0.0536424,0.484371,0.100927,0.0355629,0.0172848,0.254238,0.166093,0.154238,1.39219,0.140795,0.767351,0,0.119338,0.0876821,0.703907,0.410927,0.122318,0.122185,0.0778146,0.12106,0.043245,0.0286093,0.101192,0.0286093,0.0915232,0.0975497,0.241457,0.00456954,0.0712583,0.0629801,0.109603,0.017351,0.0709272,0.0394702,0.160662,0.244238,0.00721854,0.0465563,0.0499934,0.168669,0.0221854,0.139748,0.0777616,0.033106,2.53633,21.6887,192.272,0.437086
0,0,0,0,0.194583,0,0,0,0,0,0,0.115417,0,0,0,0,0,0.2975,0.355,0,0.109583,0,0,0,7.77917,3.8875,3.59,3.8875,3.70583,3.8875,3.8875,3.59,0,3.59,3.8875,3.8875,0,0,0,3.59,0,0.17,0,0.109583,0,0,0,0,0,1.02562,0,0.0199583,0,0,3.07167,10.9167,32.0833,0
0.096,0.008,0.196,0.008,0.092,0.118,0,0.058,0.058,0.188,0.074,0.082,0.072,0,0.038,0.088,0.078,0.076,0.608,0.008,0.242,1.906,0.138,0.11,0,0,0,0,0,0,0,0,0,0.028,0,0.008,0,0,0.016,0,0,0,0,0,0.038,0,0,0,0.4302,2.0094,0.009,0.3924,0.375,0.4024,57.5034,2297.8,10648.8,1
0.0782955,0.0922727,0.200682,0,0.220114,0.0375,0.146932,0.367841,0.124886,0.153409,0.0326136,0.254886,0.00465909,0.212386,0,0.497386,0.199545,0.126023,1.10966,0.0346591,0.723409,0.0332955,0.218523,0.0698864,0.305568,0.280455,0.176932,0.0856818,0,0.0378409,0.0178409,0.0268182,0.0519318,0.0268182,0.0603409,0.117045,0.115341,0,0.0257955,0.0179545,0,0.00863636,0.0154545,0.0214773,0.373523,0.0310227,0,0.0188636,0.00686364,0.150989,0.0109432,0.399636,0.118432,0.00693182,3.64148,26.0227,83.4773,0.738636
0.4672,0.7208,0.7428,0.3664,0.3468,0.2716,0.0656,0.4024,0.4188,1.3644,0.0604,1.4292,0.1212,0.2716,0.3344,0.2872,0.1692,0.6348,2.064,0.3444,3.2556,0.0152,0.5196,0.2464,0,0,0,0,0,0,0,0,0.0132,0,0.0508,0.0168,0.0148,0,0,0,0,0,0.0076,0,0.0248,0,0,0,0.027,0.14768,0.06472,0.95372,0.17836,0.06036,39.2918,602.2,882.64,1
0.125588,0.151961,0.39049,0.140294,0.297059,0.120784,0.0884314,0.187745,0.431863,0.517843,0.124314,0.535392,0.127157,0.0641176,0.135784,0.270392,0.147059,0.373922,1.41176,0.17598,0.929118,0.848725,0.124608,0.197451,0.475392,0.152059,0.0305882,0.024902,0.00558824,0.0268627,0.019902,0.00186275,0.12402,0.00372549,0.12598,0.0319608,0.137843,0.00176471,0.0329412,0.0316667,0.00941176,0.0273529,0.00529412,0.0122549,0.0356863,0.0368627,0.00647059,0.0289216,0.0591961,0.107961,0.0439608,0.365441,0.181725,0.0970784,4.64325,77.4118,969.873,0.686275
0.0690789,0.181974,0.366447,0.0152632,0.562237,0.113816,0.227237,0.152763,0.0615789,0.219868,0.085,0.765658,0.0814474,0,0.188553,0.292632,0.285132,0.390526,2.14487,0.364868,1.35053,0.155395,0.284079,0.154737,0.297632,0.14,0.0601316,0.125526,0.0238158,0.115132,0.0238158,0.0238158,0.0210526,0.0238158,0.0418421,0.0593421,0.0925,0,0.143026,0.109211,0.0139474,0.0306579,0.00473684,0,0.152237,0.0469737,0,0.00434211,0.00346053,0.121974,0.000855263,0.304645,0.0920395,0.0334605,5.56589,54.7895,146.934,0.684211
0.135642,0.10257,0.317318,0,0.349553,0.078324,0.0244134,0.0754749,0.0109497,0.144469,0.00536313,0.411173,0.0706145,0.102011,0,0.232011,0.0246369,0.175587,1.38911,0.116648,0.49095,0,0.0118436,0.0602235,0.0754749,0.062067,0.44514,0,0.0300559,0.0232402,0,0,0.34933,0,0.111732,0.00994413,0.0199441,0.0617877,0.0725698,0.00653631,0.0575419,0.351844,0.0199441,0.143631,0.643799,0.358324,0.0163128,0,0.0161955,0.098581,0.00993855,0.295017,0.00806145,0,1.41622,3.22905,12.838,0.0837989
0.106752,0.132735,0.249744,0.795385,0.394957,0.130427,0.0318803,0.123932,0.224957,0.148462,0.0691453,0.569573,0.124957,0.0321368,0.0186325,0.192222,0.25188,0.131795,1.68906,0.0982906,0.76906,0.453162,0.181624,0.124957,0.599402,0.132393,0.0750427,0.0230769,0.0376923,0.0244444,0.00982906,0.0178632,0.0416239,0.0110256,0.0276068,0.074188,0.116581,0.0462393,0.0222222,0.0311966,0.0212821,0.0395726,0.031453,0.00615385,0.0704274,0.052735,0.00752137,0.0221368,0.154393,0.122009,0.0107607,0.195222,0.103684,0.0542222,4.21847,44.2222,424.889,0.547009
0.0773846,0.0913846,0.263538,0.294769,0.271077,0.0730769,0.0712308,0.0656923,0.303538,0.353077,0.078,0.440923,0.111538,0.154,0.0967692,0.283385,0.0556923,0.247692,1.27754,0.268,0.847385,0.876615,0.0781538,0.0847692,0.385538,0.174462,0.0321538,0.0196923,0.00907692,0.0170769,0.0344615,0.00138462,0.0793846,0.00138462,0.106769,0.0230769,0.169692,0.000615385,0.00723077,0.0413846,0.0103077,0.0375385,0.00923077,0.0103077,0.0424615,0.0521538,0.0169231,0.0372308,0.0329231,0.153185,0.0207538,0.203277,0.124831,0.102723,6.12071,94.2615,1216.14,0.584615
0.146512,0.224651,0.420698,0,0.533721,0.169535,0.348953,0.122326,0.0652326,0.411512,0.131395,0.687093,0.112442,0.074186,0.052907,0.364884,0.403023,0.284535,1.99791,0.171512,1.17872,0.0189535,0.305349,0.0772093,0.227209,0.0747674,0.0140698,0.123837,0.00697674,0.084186,0.0116279,0.00697674,0.240465,0.00697674,0.111279,0.102442,0.0794186,0.0181395,0.00651163,0.0827907,0,0.042093,0.00604651,0.0172093,0.147209,0.0617442,0,0,0.0133488,0.0960698,0.00117442,0.52464,0.112965,0.0164535,5.14323,75.3372,198.802,0.732558
0.0223077,0.088,0.138154,0,0.246769,0.0367692,0.217692,0.0452308,0.02,0.205846,0,0.472,0.177385,0.048,0,0.501538,0.052,0.303077,2.82892,0.179231,1.21338,0.0850769,0,0.05,0.254923,0.124,0.04,0.0230769,0,0,0,0,0,0,0.0230769,0.00984615,0,0,0,0,0,0.134769,0,0.0516923,0.384308,0.410462,0,0,0.0152615,0.0292,0,0.165538,0.0255385,0.0496923,5.01668,48.0769,82.6,0.415385
0,0,0,0,0.833333,0,0,0,0,0,0,0,0,0,0,0,0,0,0,0,0,0,0,0,8.33333,4.735,0,0,0,0,0,0,0,0,0,0.640833,0,0,0,0,0,1.2075,0,0.1125,0,0,0,0,0,0,0,0,0,0,1.41175,2.41667,6.16667,0
0.133672,0.136484,0.386172,0.0219531,0.312422,0.0721875,0.108438,0.157344,0.111719,0.328125,0.0682031,0.490625,0.0964844,0.0399219,0.0625,0.3,0.218594,0.245547,1.63656,0.184687,0.954687,0.712266,0.149922,0.0798437,0.511328,0.221875,0.0849219,0.0850781,0.0550781,0.0625781,0.0483594,0.0217187,0.0452344,0.0217187,0.0632812,0.0599219,0.176016,0.00679687,0.0400781,0.0689063,0.0253125,0.0457813,0.0435937,0.0560938,0.134844,0.190703,0.0226562,0.0479688,0.262133,0.152297,0.0141797,0.310828,0.158695,0.169977,4.37123,54.3047,341.898,0.5625
0.0562745,0.211569,0.34,0,0.695686,0.183137,1.12078,0.266078,0.232941,0.491765,0.241765,0.650196,0.0303922,0.0209804,0.0180392,0.495686,0.823529,0.298824,2.18118,0.212353,1.67961,0.0168627,0.111765,0.108235,0.0529412,0.0154902,0.129216,0.0390196,0.00980392,0.00490196,0.141961,0,0,0.00568627,0.0664706,0.0103922,0.101176,0,0.0578431,0.372549,0,0.00392157,0,0.0054902,0.17098,0,0,0.0196078,0.0095098,0.149353,0.0116471,0.406412,0.0851961,0.0433333,27.1243,208.529,369.843,0.72549
0.13027,0.20527,0.424324,0.578514,0.281892,0.116892,0.047027,0.109865,0.267703,0.307162,0.0694595,0.790811,0.207568,0.14,0.129054,0.145541,0.146351,0.182027,1.70027,0.146892,0.948649,0,0.12473,0.169324,0.711757,0.134459,0.0221622,0.0228378,0.0140541,0.0175676,0.0198649,0.00216216,0.0714865,0.00216216,0.0345946,0.0608108,0.0912162,0.00189189,0.0168919,0.0340541,0.00216216,0.100541,0.0344595,0.01,0.0254054,0.00162162,0,0.0208108,0.13827,0.131554,0.0183243,1.00588,0.249932,0.0201757,4.07796,61.6216,754.081,0.581081
0.161091,0.0992727,0.255091,0.00563636,0.343091,0.108364,0.0532727,0.173091,0.205818,0.310182,0.150545,0.572182,0.147636,0.148545,0.0536364,0.433091,0.243455,0.166545,1.68982,0.793636,0.969455,0.839636,0.308,0.231636,0.152,0.0823636,0.00581818,0.00454545,0.00236364,0.014,0.00872727,0,0.0734545,0.00236364,0.00454545,0.0852727,0.124,0.00781818,0.0250909,0.0192727,0.00981818,0.00127273,0.00436364,0.0150909,0.0263636,0.0554545,0.002,0.0210909,0.0364364,0.120182,0.0322364,0.247164,0.165073,0.121164,7.02847,201.618,1577,0.672727
0.155263,0.172456,0.949298,0.00333333,0.739123,0.59614,0.29807,0.160702,0.634211,0.498596,0.172632,0.61386,0.173509,0,1.13667,0.216667,0.0670175,0.88614,1.44912,0.300175,0.794035,0,0.542105,0.135088,0.0601754,0.00157895,0.025614,0.00842105,0,0.0101754,0,0,0,0.00666667,0.00508772,0,0.0152632,0,0,0.047193,0,0,0.0982456,0.0140351,0.0526316,0.042807,0,0,0.00335088,0.0722105,0,0.471211,0.162088,0.0120526,125.974,842.053,1409.09,0.982456
0,0,0,0,0.185092,0.0391411,0,0.0681595,0,0.0266258,0,0.162945,0,0.0211043,0,0.0395706,0,0.0471779,0.19319,0,0.263313,0,0,0,0.0266258,0,0.322699,0,0,0,0.0766871,0,0,0,0,0,0,0,0,0,0,0.0880982,0,0.49816,0.748957,0.357607,0,0.112454,0.0041411,0.0962945,0.0591104,0.171215,0,0,1.21729,1.71166,5.18405,0.0490798
0,0,0,0,0,0,0,0,0,0,0,0,0,0,0,0,0,0,1.19111,0,0,0,0,0,0.411481,0.528889,10.7648,0,0,0,0,0,0,0,0,0,0,0,0,0,0,0.822963,0,0,0.246667,0,0,0.308519,0.0967407,0.129926,0,0.130259,0,0,1.45815,2.7037,8.22222,0
0,0,0,0,0,0,0,0,0,0,0,0,0,0,0,0,0,0,0,0,0,0,0,0,16.3043,1.09857,0,0,0,0,0,0,0,0,0,0,0,0,0,0,0,0,0,0,2.88357,0,0,0,0,0,0,0.0802143,0,0,4.16179,16.5714,25.5,0
0.114533,0.0794222,0.2496,0,0.255378,0.0636444,0.115111,0.0276444,0.0148889,0.149911,0.0319556,0.530578,0.134356,0.0501333,0.00995556,0.267911,0.098,0.122889,1.74618,0.0178222,0.564578,0,0.0628444,0.0223556,0.504133,0.334622,0.358356,0.141067,0.118622,0.156756,0.100667,0.0743556,0.0809333,0.0743556,0.167689,0.155067,0.166889,0.00657778,0.105733,0.0839111,0.0602222,0.222311,0.0632889,0.136622,0.305378,0.110889,0.00453333,0.0431556,0.0100222,0.13744,0.0202978,0.223662,0.0482444,0.0104444,1.76745,7.20444,40.5422,0.186667
0,0,0,0,0,0,0,0,0,0,0,0.455,0,0,0,0,0,0,10.591,0,1.2715,0,0,1.1125,0,0,0.4545,0,0,0,0,0,0,0,0,0,0,0,0,0,0,0,0,0,2.5075,0.106,0,0,0.03665,0.01795,0,0,0,0,1.04815,1.3,4.7,0.1
0,14.1478,0,0,0,0,0,0,0,0.132222,0,0,0,0,0,0,0,0,0,0,0,0,0,0,0,0,0,0,0,0,0,0,0,0,0,0,0,0,0,0,0,0,0,0,0.132222,0,0,0,0,0,0,0,0,0,1.77778,4.88889,9.02778,0
0.30617,0.144894,0.280426,0.0917021,0.0723404,0.106809,0.0193617,0.139787,0.221064,0.399574,0.144681,0.630213,0.341064,0.652766,0.0255319,0.158936,0.276596,0.12,1.86936,0.0476596,0.868511,0.0334043,0.447021,0.28766,0.0951064,0.0604255,0.00510638,0.00148936,0.00212766,0.00382979,0,0,0.309362,0,0,0.0297872,0.176383,0.00148936,0.00659574,0.017234,0.0246809,0.00765957,0.00446809,0.0159574,0.0421277,0.0568085,0.00978723,0.0502128,0.0292553,0.115766,0.00757447,0.24734,0.329319,0.0877872,5.44715,185.447,3357.47,0.744681
0.0786538,0.297308,0.451538,1.74327,0.816538,0.106538,0.583269,0.191538,0.0709615,0.228269,0.130192,0.501923,0.160577,0.0398077,0,0.696923,1.0675,0.334808,2.34981,0.421154,1.92154,0,0.0776923,0.160192,0.0109615,0.0109615,0,0,0,0,0,0,0.00519231,0,0,0.0192308,0.153462,0,0.0459615,0,0,0,0,0,0.0623077,0.0269231,0,0,0.00680769,0.120327,0.0163846,0.62125,0.195692,0.0364231,9.34392,140.192,234.538,0.942308
0,0,0.23,0,1.90143,0,0,0,0,0,0,1.98571,0,0,0,0,0,0,0,0,0.23,0,0,0,0.462143,0.462143,0,0,5.49643,0,0,0,0,0,0,0,0,1.05571,0,0,0,8.47929,0,0,0,0,0,0,0,0,0,0.121714,0,0,1.31107,2.71429,10.6429,0
0.19156,0.110092,0.365413,0.00100917,0.32367,0.147523,0.0751376,0.196606,0.303486,0.288807,0.0922936,0.670092,0.0768807,0.104954,0.0742202,0.201651,0.334771,0.0776147,1.35954,0.204679,1.13642,0.288073,0.0855046,0.241927,0.872018,0.170275,0.0234862,0.0101835,0.00477064,0.0217431,0.0163303,0.00385321,0.103303,0.00486239,0.0163303,0.0622936,0.175596,0.0172477,0.0282569,0.0323853,0.0684404,0.103486,0.0142202,0.0144954,0.0498165,0.102752,0.00504587,0.0114679,0.110982,0.195092,0.0145872,0.277349,0.123615,0.0727706,4.15359,69.0917,616.761,0.53211
0.0775287,0.0163793,0.270402,0,0.26954,0.0645977,0.0386207,0.00488506,0.0202874,0.112356,0.0189655,0.75523,0.0716092,0.0315517,0.00977012,0.156552,0.011092,0.0658621,1.86517,0.011092,0.48931,0,0,0.0173563,0.305977,0.363333,0.372816,0,0.135,0.0300575,0.00666667,0,0.0897701,0,0.0205172,0.0175862,0.159195,0.0141379,0.0604023,0,0.077931,0.288046,0.013908,0.142874,0.466264,0.190632,0,0.0418966,0.0314655,0.119218,0.0104598,0.120305,0.014477,0.00594253,1.50853,4.62069,28.0632,0.0977011
0,0.0277358,0.0283019,0,0.176226,0.0141509,0.0856604,0.109057,0,0.281887,0,1.01038,0,0.238302,0,0.431698,0,0.0277358,1.10264,0.0418868,0.0522642,0,0,0.199245,0,0,0.15283,0.19283,0.0724528,0.110943,0,0,0.0141509,0,0.183396,0,0.0335849,0,0.136226,0,0.830189,0.0724528,0.0673585,0.0369811,0.111132,0.907358,0,0.0628302,0.072566,0.143774,0.0292453,0.280698,0,0.0141698,3.06338,9.43396,17.5472,0.169811
0.219062,0.405938,0.650312,0.0734375,0.365938,0.18125,0.319688,0.125625,0.314063,0.860625,0.215625,0.77125,0.14375,0.096875,0.270625,0.930625,0.3275,0.23875,1.85531,0.145,1.52562,0.0053125,0.193438,0.223438,0.299375,0.13875,0.0075,0,0,0.0228125,0,0,0.0421875,0,0.0225,0.0146875,0.12125,0.026875,0.0075,0.0228125,0,0.0228125,0.010625,0.0153125,0.110625,0.0446875,0,0.0240625,0.0094375,0.125656,0.00465625,0.753812,0.231156,0.0675,25.445,340.531,656.719,0.9375
0.1055,0.08025,0.300833,0.00833333,0.335083,0.148333,0.0864167,0.120167,0.0641667,0.19425,0.0868333,0.5135,0.0948333,0.01175,0.00075,0.27875,0.228917,0.256667,1.65758,0.130667,0.751333,0.374167,0.182083,0.093,0.503417,0.17375,0.049,0.0334167,0.031,0.0368333,0.0151667,0.00616667,0.05575,0.0113333,0.0491667,0.078,0.151,0.00158333,0.0103333,0.0269167,0.022,0.0321667,0.031,0.0110833,0.160583,0.235167,0,0.0248333,0.0886417,0.138692,0.02365,0.282008,0.109325,0.060325,3.88088,48,281.825,0.566667
0.0796748,0.125447,0.325935,0.0097561,0.40122,0.105691,0.103902,0.139268,0.0515447,0.310569,0.0634146,0.514146,0.188211,0.0329268,0.087561,0.18252,0.137724,0.249512,1.43309,0.0592683,0.848211,0.191626,0.15,0.0782114,0.60626,0.306098,0.179268,0.128862,0.093252,0.115935,0.0863415,0.0661789,0.0848781,0.0661789,0.0843902,0.104472,0.188374,0.0129268,0.0879675,0.0866667,0.0155285,0.0401626,0.0761789,0.103008,0.126016,0.0570732,0,0.0230081,0.0389024,0.17348,0.0253902,0.177236,0.110707,0.0528293,3.04126,27.6016,242.041,0.528455
0.102553,0.14617,0.308511,0,0.58383,0.196383,0.264468,0,0.0957447,0.290851,0.122128,0.237872,0.19,0.0365957,0.0112766,0.645319,0.0848936,0.234043,1.97532,0.135532,0.831489,0,0.047234,0.229362,0.119574,0.053617,0.0759574,0.0565957,0,0.0314894,0,0,0.0789362,0,0.0425532,0.0474468,0.0557447,0,0.017234,0.0289362,0.00553191,0.0344681,0.0148936,0.0410638,0.259149,0.265319,0,0,0.000957447,0.0793191,0.00580851,0.292191,0.0505532,0.424,5.31464,57.9149,113.277,0.574468
0.291163,0.252791,0.311628,0.0044186,0.228837,0.0727907,0.0388372,0.156279,0.376977,0.486279,0.191628,0.547442,0.344884,0.632093,0.0795349,0.236744,0.296279,0.114884,2.24744,0.0339535,1.01651,0.0390698,0.355581,0.348605,0.396977,0.0925581,0.00139535,0.000465116,0.000930233,0.00767442,0,0,0.116279,0,0.0072093,0.047907,0.138605,0.00255814,0.00860465,0.0353488,0.0118605,0.00372093,0.00767442,0.0125581,0.0544186,0.05,0.00162791,0.034186,0.0294419,0.103326,0.0110233,0.31393,0.385093,0.0861628,7.33907,310.907,2297.05,0.790698
0.0935648,0.0274074,0.22125,0.00615741,0.150972,0.0764815,0.0710185,0.146157,0.0230556,0.177639,0.0216204,0.530139,0.101898,0.00106481,0.0344444,0.111528,0.118519,0.218981,1.48676,0.00615741,0.611019,0,0.0350926,0.0225926,0.986991,0.42037,0.229583,0.312593,0.0934722,0.215787,0.0835648,0.051713,0.28625,0.051713,0.20375,0.130463,0.27125,0.0087037,0.131852,0.0820833,0.0505093,0.120926,0.112454,0.13375,0.326759,0.274074,0.00398148,0.0363426,0.0158981,0.187315,0.0259028,0.205449,0.0554676,0.0909722,2.13596,10.9815,65.713,0.277778
0.0918557,0.0865464,0.253711,0,0.414021,0.105,0.132113,0.107835,0.0378866,0.192887,0.0773196,0.591443,0.0675258,0.0309278,0.0629897,0.31933,0.166804,0.223505,1.75866,0.0247938,0.922216,0.0243299,0.0709794,0.0696392,0.667371,0.369072,0.248608,0.236134,0.0910825,0.143866,0.0640722,0.0790206,0.0595876,0.0790206,0.115773,0.170206,0.138454,0.0101546,0.128041,0.0701031,0.0419072,0.0452577,0.105619,0.118969,0.254381,0.258041,0.0119588,0.0198969,0.0246804,0.14551,0.0141082,0.207031,0.0597423,0.0501701,2.23557,13.232,102.933,0.402062
0.102078,0.0324675,0.287662,0,0.13987,0.0463636,0,0,0.0235065,0.355844,0,0.0777922,0.0902597,0.132727,0,0.178052,0,0.114675,4.95442,0,1.08545,0,0,0,0.18026,0.0341558,0.553506,0,0.0480519,0,0,0,0.0811688,0,0,0,0,0,0.0563636,0,0,0.0301299,0,0.062987,0.772987,0.772208,0.0281818,0.0618182,0.0107013,0.0946753,0.00975325,0.211662,0.00438961,0,1.22584,2,8.15584,0.0779221
0.104179,0.105871,0.258806,0,0.195423,0.0476617,0.136269,0.0816915,0.00781095,0.228557,0.0613433,0.647363,0.069801,0,0.0395025,0.213831,0.0751741,0.201244,1.67886,0.020995,0.549204,0,0.0552239,0.0227861,0.725771,0.421244,0.20408,0.222935,0.162886,0.263433,0.137164,0.0571144,0.198458,0.0571144,0.27393,0.146318,0.207861,0.0039801,0.1901,0.0602985,0.0665174,0.205174,0.0529851,0.0957711,0.217164,0.336368,0,0.0303483,0.0120995,0.143856,0.00464677,0.214567,0.0179104,0.0808756,2.03983,9.35323,52.1542,0.233831
0.121032,0.0980159,0.27119,0.0996032,0.350794,0.104048,0.0684921,0.110556,0.205794,0.336032,0.0956349,0.771032,0.131111,0.083254,0.0543651,0.19619,0.163492,0.184127,1.5854,0.0738889,0.972222,0.591508,0.200079,0.10746,0.60254,0.182937,0.0169841,0.0238095,0.015873,0.0289683,0.00849206,0.00150794,0.105079,0.00642857,0.0279365,0.066746,0.126905,0.012619,0.0150794,0.00698413,0.0464286,0.0719048,0.00738095,0.0150794,0.0692857,0.235,0.0203175,0.0185714,0.0377937,0.140659,0.0177698,0.223365,0.0743651,0.080754,4.45874,58.9206,515.238,0.603175
