0,0,0,0,2,0,0,0,0,0,0,0,0,0,0,0,0,0,0,0,0,0,0,0,9.578,0,0,0,0,0,0,0,0,0,0,1.538,0,0,0,0,0,0,0,0,0,0,0,0,0,0,0,0,0,0,1.3132,2.2,6,0
0,0,0,0,0,0,0,0,0,0,0,0,0,0,0,0,0,0,0,0,0,0,0,0,0,0,8.046,1.176,0,1.176,0,0,0,0,5.176,0,0,0,0,0,1.176,0,0,0,0,1.176,0,0,0.2816,0.1526,0,0,0,0,2.8436,8.6,13.4,0
0,0,0,0,0,0,0,0,0,0,0,0,0,0,0,0,0,0.375789,0,0,0,0,0,0,8.44421,4.22,3.84421,4.22,3.84421,4.22,4.22,3.84421,0,3.84421,4.22,4.22,0,0,0,3.84421,0,0,0,0,0,0,0,0,0,1.05937,0,0.0252105,0,0,3.10211,10.8947,30.4211,0
0.10625,0.08625,0.332361,0.0179167,0.404861,0.168889,0.0690278,0.158056,0.0248611,0.232639,0.0440278,0.446944,0.0951389,0,0.0241667,0.233889,0.109583,0.166667,1.55583,0.09125,0.820694,0.0140278,0.136806,0.03375,0.635139,0.507639,0.2,0.276528,0.119167,0.119167,0.0602778,0.0559722,0.0630556,0.0641667,0.179306,0.136806,0.167639,0,0.113472,0.0530556,0.0498611,0.08875,0.09375,0.0634722,0.280694,0.248472,0.00125,0.0158333,0.0210417,0.138792,0.0231111,0.336472,0.0691806,0.0172917,2.26764,14.8611,130.556,0.430556
0.0966667,0.0133333,0.2,0,0.153333,0.133333,0,0.0966667,0.0966667,0.313333,0.06,0.0733333,0.12,0,0.0633333,0.0133333,0.13,0.0633333,0.626667,0.0133333,0.276667,3.17667,0.23,0.183333,0,0,0,0,0,0,0,0,0,0.0466667,0,0.0133333,0,0,0.0266667,0,0,0,0,0,0.0633333,0,0,0,0.372333,0.095,0.014,0.14,0.03,0.00366667,15.1877,493,9113.67,1
0.203407,0.0883516,0.326593,0,0.458132,0.0518681,0.148462,0.139011,0.0701099,0.151209,0.0221978,0.476154,0.0871429,0,0.0278022,0.230549,0.155495,0.224505,1.70451,0,0.775714,0,0.100769,0.0397802,0.491868,0.35978,0.329341,0.182857,0.105824,0.119451,0.0714286,0.0685714,0.106044,0.0685714,0.149231,0.134176,0.198022,0.00791209,0.0983516,0.0787912,0.0503297,0.0298901,0.126813,0.0707692,0.281868,0.122637,0.00208791,0.0650549,0.0278681,0.142352,0.0234945,0.236011,0.080967,0.0259231,2.13356,14.2527,117.78,0.373626
0.19407,0.130814,0.334651,0.00127907,0.363953,0.16186,0.0752326,0.176744,0.351512,0.345349,0.0898837,0.617558,0.0747674,0.130581,0.0962791,0.186279,0.341163,0.070814,1.48047,0.218488,1.07744,0.365116,0.0632558,0.254651,0.671163,0.177791,0.0295349,0.012907,0.00488372,0.0253488,0.0184884,0.00488372,0.105233,0.00616279,0.0184884,0.0597674,0.158256,0.0210465,0.0143023,0.0333721,0.0538372,0.150698,0.0180233,0.0131395,0.0604651,0.0953488,0.00639535,0.0103488,0.106919,0.167756,0.0146047,0.283802,0.136826,0.0940465,4.22856,74.4186,630.035,0.511628
0.095,0,0.19,0.02,0,0.095,0,0,0,0,0.095,0.095,0,0,0,0.2,0,0.095,0.58,0,0.19,0,0,0,0,0,0,0,0,0,0,0,0,0,0,0,0,0,0,0,0,0,0,0,0,0,0,0,0.517,4.881,0.0015,0.771,0.8925,1.0005,120.977,5005,12951.5,1
0,0,0,0,7.67667,0,0,0,0,0,0,0,0,0,0,0,0,0,0,0,0,0,0,0,0,0,0,0,0,0,0,0,0,0,0,0,0,0,0,0,0,0,0,0,0,0,0,0,0,0.196,0,0,0,0,1.16667,1.33333,3.33333,0.333333
0.13027,0.0567568,0.21027,0.0131081,0.256486,0.119189,0.0535135,0.109865,0.0402703,0.222297,0.0439189,0.522568,0.105676,0.042973,0.00121622,0.138649,0.156216,0.106486,1.25027,0.106216,0.447838,0.822838,0.147838,0.0590541,1.03405,0.383919,0.125,0.0494595,0.0713514,0.0602703,0.0359459,0.0171622,0.103784,0.0171622,0.045,0.082973,0.314324,0.00256757,0.0137838,0.0193243,0.0668919,0.045,0.0518919,0.0366216,0.0993243,0.338784,0,0.0163514,0.332149,0.186446,0.0324189,0.141095,0.0762027,0.0734189,3.25316,26.1351,313.905,0.378378
0.1412,0.0722,0.162,0,0.5946,0.0376,0.1102,0.0784,0.0404,0.124,0.019,0.5582,0.0134,0.0506,0.0172,0.5132,0.2698,0.135,2.2826,0.0088,1.1436,0,0.1994,0.0376,0.0506,0.0318,0.0734,0.094,0,0,0,0.0126,0.0088,0.0126,0.0704,0.0924,0.0282,0,0.0332,0.0066,0,0.0134,0.0128,0.012,0.2656,0.0432,0,0.051,0.0091,0.11916,0.00744,0.45232,0.0949,0.00826,3.29834,27.46,110.84,0.82
0.190682,0.267727,0.199318,0,0.361818,0.0484091,0.0627273,0.170682,0.015,0.383636,0.07,0.656818,0.0609091,0,0.0297727,0.0761364,0.0625,0.106364,1.86341,0.00886364,0.530455,0,0.0688636,0.0438636,1.05955,0.715682,0.4325,0.728636,0.17,0.236591,0.1975,0.173182,0.0215909,0.173182,0.307955,0.3375,0.241136,0,0.222045,0.172955,0.0293182,0.111591,0.199773,0.155,0.2825,0.0875,0,0.0111364,0.0075,0.230977,0.0340227,0.100841,0.0242273,0.0153636,2.27214,12.9318,88.3864,0.204545
0,0.0520833,0.259375,0,0.0991667,0.074375,0,0,0.0377083,0.146458,0,0.059375,0.115625,0,0,0,0,0.154792,7.06146,0,1.99208,0,0,0.203125,0,0,0.620208,0,0.0770833,0,0,0,0.255208,0,0,0,0,0,0.0904167,0,0,0,0,0,1.61667,0.704375,0.0452083,0.0991667,0.0125,0.0558542,0,0.257438,0.00704167,0,1.2484,2.27083,8.47917,0.0833333
0.132414,0.0615517,0.276379,0,0.191552,0.0260345,0.0594828,0.0491379,0.03,0.298276,0.0396552,0.545345,0.100345,0,0.0105172,0.317241,0.162586,0.29431,1.41431,0.0344828,0.55431,0,0.0124138,0.0215517,0.631897,0.434138,0.240345,0.19431,0.133966,0.213793,0.0977586,0,0.199655,0,0.126724,0.125345,0.26431,0.0148276,0.108448,0.0901724,0.0131034,0.107931,0.00689655,0.102069,0.113793,0.0682759,0,0.0312069,0.0204483,0.150655,0.0062931,0.14731,0.0282586,0.0298793,1.9001,8.17241,59.8621,0.241379
0.0417647,0.346471,0.45,0,1.52118,0,0.831176,0,0,0.0482353,0,0.465882,0.402941,0,0,0.501176,1.84235,0.0511765,3.42824,0,1.85706,0,0.0276471,0.0494118,0,0,0,0,0,0,0,0,0,0,0,0,0,0,0,0,0,0,0,0,0,0,0,0,0,0.175824,0,0.927176,0.387353,0,10.1236,155.059,205.824,0.941176
0,0,0,0,0,0,0,0,0,1.085,0,0,0,0,0,0,0,0,0,0,0,0,0,0,14,1.6075,0.5675,0.5675,0.5675,2.7375,0.5675,0.5675,0,0.5675,0.5675,0.5675,0,0,0,0.5675,0,0,0,0,0,0,0,0,0,0.166,0,0,0,3.448,2.749,11.25,61,0
0.0873077,0,0.0873077,0,0,0,0,0,0,0.629615,0,0.240385,0,0,0,0.543846,0,0,6.92231,0,0.408077,0,0,0.480769,0.0696154,0,0,0,0,0,0,0,0,0,0,0,0,0,0,0,0,0,0,0,0.552692,0.405769,0,0,0.0397692,0.0555385,0,0.0926154,0,0,1.11215,1.26923,3.57692,0.192308
0.14907,0.126977,0.280465,0.0072093,0.31093,0.113256,0.0381395,0.221395,0.222093,0.333023,0.0939535,0.565581,0.140698,0.065814,0.0686047,0.339302,0.214884,0.19814,1.53605,0.134651,0.779302,0.939535,0.27907,0.228837,0.194419,0.105349,0.00744186,0.00581395,0.00302326,0.017907,0.0111628,0,0.0890698,0.00302326,0.00581395,0.10907,0.158605,0.01,0.0162791,0.0246512,0.0125581,0.00162791,0.0055814,0.0193023,0.0286047,0.0709302,0.00255814,0.0218605,0.0466047,0.125,0.0394884,0.208302,0.171698,0.124535,5.94228,127.837,1615.47,0.581395
0.0296552,0.134138,0.314138,0,0.441724,0.178621,0.181379,0.047931,0.107241,0.18931,0.0165517,0.581379,0.0555172,0,0,0.363103,0.357586,0.194138,1.60931,0.134483,0.787241,0,0.124483,0.0444828,0.706552,0.324138,0.127241,0.298621,0.0472414,0.25,0.0472414,0.0472414,0.0241379,0.0472414,0.0472414,0.115862,0.192069,0,0.246207,0.0472414,0,0.0424138,0,0,0.126207,0.0986207,0,0.0113793,0.00693103,0.147862,0,0.275,0.0207586,0.0148621,5.22869,50.9655,140.897,0.517241
0.161593,0.162478,0.427965,0,0.264956,0.0543363,0.0229204,0.0623894,0.0173451,0.208496,0.00849558,0.416018,0.0982301,0.123717,0,0.302566,0.0252212,0.270885,1.49584,0.160885,0.678584,0,0,0.0804425,0.215487,0.0752212,0.637611,0,0.0476106,0.0368142,0,0,0.200796,0,0,0,0,0.0323894,0.0782301,0.010354,0.0284956,0.361239,0,0.0828319,0.596814,0.28708,0.0258407,0,0.0224071,0.116487,0.00664602,0.166363,0.0127699,0,1.26103,2.39823,11.5664,0.0884956
0,0,0,0,0,0,0,0,0,0,0,0,0,0,0,0,0,0,0,0,0,0,0,0,7.73333,8.995,0,0,0,0,0,0,0,0,0,0,0,0,0,0,0,2.415,0,0.225,0,0,0,0,0,0,0,0,0,0,1.52083,2.66667,5.66667,0
0,0,0,0,0,0,0,0,0,0,0,0,0,0,0,0,0,0,6.66,0,0,0,0,0,0,0,0,0,0,0,0,0,0,0,0,0,0,0,0,0,0,0,0,0,6.66,0,0,0,0,0,0,32.478,0,0,1.666,3,5,0
0.0581034,0.214655,0.29069,0,0.313103,0.26,0.167069,0.0541379,0.0589655,0.258966,0.0394828,0.558621,0.0703448,0,0.005,0.20069,0.0924138,0.241897,1.77741,0.0984483,1.18397,0.0213793,0.128276,0.137759,0.428103,0.207759,0.269828,0.0913793,0.115862,0.0912069,0.0562069,0.0734483,0.182069,0.0734483,0.102586,0.0725862,0.200862,0,0.112586,0.0796552,0.0122414,0.0724138,0.0903448,0.0112069,0.200517,0.0312069,0,0.0505172,0.00655172,0.194017,0.0315862,0.351172,0.0981034,0.0269483,3.58995,28.8276,158,0.568966
0,0,0,0,0,0.0466667,0,0,0,0,0,0.0528571,0,0,0,0,0,0.122063,0.0466667,0,0.0396825,0,0,0,0,0,0.128413,0,0,0,0,0,0,0,0,0,0,0,0,0,0,0.0609524,0,0,0.166667,0.530794,0,0,0,0.134159,0.0647778,0.227635,0,0,1.05556,1.12698,3.93651,0
0.0453333,0.051,0.242333,0,0.307333,0.069,0.0923333,0.0536667,0.012,0.0693333,0.089,0.505667,0.206,0,0.0413333,0.0656667,0.147,0.238333,2.13333,0,0.571,0,0,0.0133333,0.249667,0.0333333,0.0593333,0,0.0643333,0.078,0,0,0.364667,0,0,0.0803333,0.086,0,0,0,0.0236667,0.117333,0.0223333,0.168,0.167333,0.081,0,0,0.0203667,0.184567,0.0064,0.346367,0,0,1.4694,5.06667,68.7,0.266667
0,0.0512,0.1852,0,0.4104,0,0,0,0.0512,0.0576,0,0.2996,0.072,0.0512,0,0.0912,0,0.2652,0.89,0,0.3508,0,0,0,3.9288,2.2256,1.2984,1.5956,1.2136,1.4544,1.2876,1.1024,0.048,1.1024,1.5156,1.2876,0,0,0,1.1024,0,0.1632,0,0.2156,0.1856,0,0,0,0,0.42548,0.06536,0.09948,0,0.02656,2.52304,11.24,39.16,0
0,0,0,0,0,0,0,0,0,0,0,0,0,0,0,0.366972,0,0,0,0,0,0,0,0,0,0,20.9473,0,0,0,0,0,0,0,0,0,0,0,0,0,0,0,0,0,0,0,0,0,0,0,0,0,0,0,1.16939,1.55046,5.17431,0
0.085,0.0451351,0.333919,0.0117568,0.300541,0.167838,0.0612162,0.111081,0.0763514,0.184595,0.0454054,0.450946,0.0793243,0.0324324,0.0132432,0.246351,0.176081,0.208784,1.23041,0.0894595,0.707027,0,0.0741892,0.0841892,0.859054,0.470676,0.171757,0.153784,0.133784,0.118108,0.0652703,0.0475676,0.187432,0.0475676,0.108649,0.131216,0.188514,0.00189189,0.0333784,0.085,0.00391892,0.0275676,0.111486,0.0375676,0.197027,0.122973,0.0113514,0.0540541,0.0238243,0.16873,0.0251892,0.104041,0.0347432,0.0332973,2.11311,13.7703,195.541,0.364865
0.108197,0.100656,0.33623,0,0.232951,0.0763934,0.205246,0.0667213,0,0.148852,0.0516393,0.708361,0.107049,0,0.0590164,0.237213,0.0777049,0.112951,1.82738,0,0.652787,0,0.112623,0,0.227049,0.042459,0.123934,0,0.0990164,0.0198361,0,0,0.169344,0,0.0365574,0.0603279,0.114754,0.0131148,0.200984,0,0.0485246,0.269016,0.0308197,0.0703279,0.251967,0.139016,0,0.0560656,0.0119016,0.125574,0,0.17941,0.0328033,0.0144262,1.62318,5.59016,52.4426,0.229508
0.110667,0.104667,0.516667,0,0.493333,0.0633333,0.234667,0.0926667,0.084,0.453333,0.058,0.58,0.190667,0.0366667,0,0.514,0.37,0.253333,1.976,0.0653333,0.852667,0,0.518,0.133333,0.360667,0.0746667,0,0,0.0333333,0.0166667,0,0,0,0.0413333,0,0.05,0.149333,0,0,0,0,0.0133333,0,0,0.125333,0,0,0.08,0.0304667,0.182,0,0.448733,0.178,0.0128,8.96667,167.667,514.6,0.733333
0.102308,0.0863462,0.277308,0,0.423846,0.13,0.137692,0.0805769,0.0740385,0.250962,0.1325,0.681538,0.0894231,0.0294231,0.02,0.350962,0.109231,0.157692,1.9125,0.00423077,1.05385,0,0.0663462,0.108269,0.720192,0.519231,0.222115,0.315769,0.0928846,0.189038,0.0628846,0.0726923,0.0455769,0.0726923,0.0973077,0.230769,0.0732692,0.0230769,0.136154,0.07,0.0413462,0.0353846,0.0888462,0.169038,0.233846,0.0513462,0.0307692,0.0273077,0.0181923,0.128519,0.00761538,0.131942,0.0371346,0.00590385,1.94535,9.75,97.0385,0.326923
0.046,0.0411667,0.199667,0.0221667,0.0981667,0.1135,0.0605,0.215,0.0306667,0.1765,0,0.595833,0.166333,0,0.0931667,0.0566667,0.112833,0.0991667,1.55583,0.0106667,0.6125,0,0.153667,0.103167,0.851,0.528,0.253833,0.189167,0.0983333,0.1065,0.0971667,0.0795,0.1975,0.0795,0.1205,0.0971667,0.312833,0,0.144,0.101667,0.0101667,0.0696667,0.161667,0.0386667,0.404833,0.467667,0.0143333,0.0828333,0.00571667,0.196183,0.0324,0.312267,0.0791333,0.00928333,2.43007,13.9,71.4,0.333333
0.0442857,0.236667,0.249286,0,0.309048,0.108571,0.320952,0.175714,0,0.280952,0.0935714,0.238571,0.0290476,0.0919048,0.0261905,0.639762,0.285,0.435476,2.10738,0.0992857,1.05881,0.0357143,0.125238,0.125476,0.584762,0.277143,0.355476,0.149762,0.01,0.139048,0.01,0.179286,0.0507143,0.179286,0.0442857,0.01,0.135476,0,0.126429,0.0330952,0.0404762,0.0509524,0.100238,0.0266667,0.306429,0.641429,0.0171429,0,0.0149762,0.134929,0.00869048,0.382357,0.047,0.188905,2.50376,18.4286,95.2381,0.547619
0.153143,0.0585714,0.272571,0,0.244286,0.0628571,0.322857,0.192286,0.0862857,0.166286,0.096,0.423143,0.0191429,0.0662857,0.04,0.275143,0.208286,0.133714,1.66629,0,0.732,0,0,0.052,0.316571,0.228,0.0845714,0.368857,0.152571,0,0,0.02,0,0.02,0.183714,0.0768571,0.594286,0,0.108,0,0,0.152571,0.04,0.0331429,0.166571,0.064,0,0,0.0409143,0.228143,0.00585714,0.337171,0.0928571,0.00542857,3.72274,25.3429,67.7143,0.6
0.256389,0.239167,0.316944,0.00527778,0.245833,0.0802778,0.0447222,0.143333,0.357778,0.434167,0.180833,0.555833,0.316944,0.586944,0.08,0.250556,0.271667,0.107222,2.12972,0.0380556,0.97,0.0466667,0.298333,0.308889,0.474167,0.110556,0.00166667,0.000555556,0.00111111,0.00916667,0,0,0.138889,0,0.00694444,0.0505556,0.165556,0.00305556,0.00777778,0.0163889,0.0141667,0.00444444,0.00916667,0.015,0.0533333,0.0597222,0.00194444,0.0408333,0.0309722,0.108556,0.0131667,0.291917,0.383389,0.0838611,5.63539,191.417,2263.14,0.75
0.146522,0.0767391,0.254348,0,0.417826,0.036087,0.106957,0.0754348,0.0423913,0.0828261,0.0636957,0.594348,0.150435,0.023913,0.0165217,0.132826,0.138913,0.0995652,1.32891,0.191304,0.504783,0,0.0693478,0.0330435,0.388261,0.237609,0.175652,0.144783,0.0763044,0.0752174,0.00652174,0,0.0693478,0,0.0604348,0.116522,0.0982609,0.01,0.0558696,0,0.0432609,0.085,0.0293478,0.144565,0.226087,0.102391,0.0354348,0.0795652,0.0126522,0.208674,0.00193478,0.204152,0.0348261,0.0121522,1.74224,7.26087,76.8696,0.282609
0.037069,0.0787069,0.424569,0,0.275862,0.0189655,0.0666379,0.0513793,0.0140517,0.112931,0.0262931,0.777931,0.125,0.039569,0,0.142155,0.0786207,0.217414,2.49569,0.0327586,0.523793,0,0,0.0169828,0.1475,0.105431,0.429224,0,0.0787069,0.0898276,0,0,0.0507759,0,0,0.00586207,0.120862,0.0374138,0.0482759,0.00827586,0.0134483,0.280431,0.0553448,0.138362,0.381034,0.133103,0,0.0293966,0.0201983,0.141172,0.00946552,0.161784,0.00677586,0.00106034,1.35677,3.37931,19.8448,0.112069
0.012381,0.0463492,0.31,0,0.337143,0.0596825,0.0798413,0.149048,0.136349,0.0634921,0.0144444,0.473175,0.0549206,0.138095,0.0184127,0.292857,0.126349,0.142222,1.57032,0,0.890794,0,0.122857,0.015873,0.772222,0.517778,0.105238,0.178413,0.191429,0.119683,0.118571,0,0.0566667,0,0.0757143,0.0757143,0.237619,0.0634921,0.221587,0,0.142857,0.319048,0.0919048,0.175397,0.623492,0.142381,0,0.0406349,0.0451905,0.0895238,0.028873,0.247984,0.0747619,0.0558254,2.55724,11.746,30.4286,0.333333
0.1468,0.0778,0.3126,0.0232,0.2172,0.138,0.2018,0.0692,0.0076,0.2122,0.0478,0.4912,0.125,0,0.0248,0.5364,0.141,0.097,1.7634,0.0062,0.9098,0.1138,0.1816,0.1254,0.5666,0.386,0.283,0.135,0.098,0.1568,0.0858,0.0858,0.0936,0.1128,0.1422,0.1474,0.0226,0,0.1624,0.0948,0.0066,0.032,0,0.032,0.213,0.0294,0,0.0444,0.01744,0.1564,0.019,0.4914,0.0671,0.05096,3.53154,33.5,128.4,0.56
0.0866234,0.131818,0.276234,0.00974026,0.341688,0.112078,0.0616883,0.157532,0.0492208,0.314935,0.0667532,0.54961,0.107143,0.024026,0.0249351,0.258442,0.16974,0.16961,1.40857,0.0412987,0.842727,0.0532468,0.0964935,0.078961,0.322857,0.216623,0.106234,0.0841558,0.0835065,0.114416,0.0698701,0.022987,0.0842857,0.022987,0.0503896,0.0783117,0.233506,0.0197403,0.0884416,0.0381818,0.0087013,0.018961,0.0458442,0.137013,0.0925974,0.0253247,0.00324675,0.025974,0.0210779,0.204506,0.0246104,0.182571,0.0628052,0.0274545,2.85936,27.0519,226.688,0.532468
0,0,0,0,1.28875,0,0,0,0,0,0,3.475,0,0,0,0,0,0,0,0,0,0,0,0,0.80875,0.80875,0,0,9.02375,0,0,0,0,0,0,0,0,0,0,0,0,8.4,0,0,0,0,0,0,0,0,0,0.213,0,0,1.41112,3.375,13.75,0
0.125588,0.151961,0.39049,0.140294,0.297059,0.120784,0.0884314,0.187745,0.431863,0.517843,0.124314,0.535392,0.127157,0.0641176,0.135784,0.270392,0.147059,0.373922,1.41176,0.17598,0.929118,0.848725,0.124608,0.197451,0.475392,0.152059,0.0305882,0.024902,0.00558824,0.0268627,0.019902,0.00186275,0.12402,0.00372549,0.12598,0.0319608,0.137843,0.00176471,0.0329412,0.0316667,0.00941176,0.0273529,0.00529412,0.0122549,0.0356863,0.0368627,0.00647059,0.0289216,0.0591961,0.107961,0.0439608,0.365441,0.181725,0.0970784,4.64325,77.4118,969.873,0.686275
0,0,0,0,0,0,0,0,0,0,0,0,0,0,0,0,0,0,1.65,0,0,0,0,0,0.4444,0.5712,10.6156,0,0,0,0,0,0,0,0,0,0,0,0,0,0,0.8888,0,0,0.63,0,0,0.3332,0.04816,0.14032,0,0.14068,0,0,1.23748,1.92,7.48,0
0.0508621,0.0468966,0.191379,0,0.11069,0.0387931,0.0591379,0.442586,0.169483,0.110345,0.0494828,0.232069,0,0.251379,0,0.510517,0.082931,0.0586207,0.867586,0.0525862,0.751552,0.0505172,0.285,0.0412069,0.301207,0.261034,0.189655,0.0132759,0,0.0505172,0.027069,0.0101724,0.0787931,0.0101724,0.0267241,0.159828,0.0427586,0,0.0156897,0.0105172,0,0,0,0.0256897,0.408621,0,0,0,0.00298276,0.140328,0.0130517,0.448707,0.145569,0.00137931,3.81131,27.1552,83.8103,0.775862
0.082963,0.143333,0.4,0,0.376667,0.138148,0.243333,0.13963,0.0448148,0.227407,0.0981481,0.727407,0.115185,0,0.0714815,0.101111,0.139259,0.623704,2.29148,0.135185,1.44556,0.437407,0.222963,0.107037,0.0166667,0.0192593,0,0,0,0.0392593,0,0,0.17037,0,0.0185185,0,0.0133333,0,0.0237037,0.0774074,0.0392593,0,0.0325926,0,0.101852,0.0262963,0,0,0.0022963,0.0705556,0.00240741,0.334333,0.113259,0.0705556,6.19278,60.8519,160.778,0.62963
0.193922,0,0.129804,0,0.248235,0.135294,0.212745,0.135098,0.0292157,0.165882,0.0443137,0.377451,0.054902,0.0233333,0,0.17451,0.108431,0.120196,1.92843,0.0135294,0.935686,0,0,0.0529412,0.396471,0.14098,0.191176,0.462353,0.0317647,0.0431373,0.0480392,0.0256863,0.413137,0.0256863,0.23,0.0256863,0.202549,0,0.03,0.0256863,0.0760784,0.0958824,0.0482353,0.0788235,0.513137,0.568431,0,0,0.0113725,0.205961,0.00813726,0.285275,0.0943333,0.0376863,2.62306,15.2157,61.2745,0.470588
0.0903896,0.175974,0.316623,0,0.431169,0.106364,0.107273,0.0644156,0.0457143,0.235455,0.0251948,0.558442,0.0809091,0.00688312,0.0163636,0.187143,0.158571,0.121818,1.26091,0.0537662,0.846623,0,0.112208,0.0332468,0.852727,0.389481,0.257013,0.185455,0.113247,0.167922,0.0848052,0.0837662,0.0620779,0.0837662,0.142468,0.126753,0.274805,0,0.147662,0.105195,0.235974,0.0748052,0.146234,0.0383117,0.274675,0.456623,0.00883117,0.0025974,0.102519,0.166623,0.0230519,0.0963896,0.0629221,0.00981818,2.13721,15.2078,168.987,0.363636
0,0.598,0.219333,0,0.186667,0,0.390667,0,0,1.304,0,0.590667,0.105333,0.095,0,0.0916667,0,0.095,2.82833,0,0.757,0,0,0.209,0,0,0.698667,0.580667,0,0,0,0,0.165667,0,0,0.095,0.447333,0,0.990667,0.138667,0.0426667,0,0,0.0426667,0.704667,0,0,0,0.0854667,0.306333,0,0.102867,0.0667,0.0268333,3.7044,23.3333,39.8333,0.333333
0.0505882,0,0.12437,0,0.367059,0.0662185,0.029916,0.0692437,0,0.118235,0,0.731849,0.0247059,0.0827731,0,0.232941,0.0131092,0.127647,1.59277,0.0226891,0.436218,0,0.0178151,0.0142017,0.139244,0.0758824,0.216891,0,0.0652101,0.014958,0,0,0.31605,0,0,0.029916,0.044958,0.0621849,0.0923529,0,0.0363025,0.342689,0.0879832,0.154874,0.581429,0.154454,0,0,0.00810924,0.0841261,0.0306218,0.368571,0.00253782,0,1.70132,4.72269,15.1513,0.10084
0.12191,0.0952809,0.26382,0.084382,0.500562,0.126742,0.0570787,0.105393,0.166067,0.176742,0.110787,0.727416,0.162584,0.0447191,0.0568539,0.144719,0.273708,0.168876,1.84112,0.0773034,0.762135,0.923708,0.222247,0.126292,0.589551,0.0908989,0.0126966,0.0178652,0.0102247,0.0088764,0.0122472,0.0157303,0.0983146,0.00674157,0.028764,0.0852809,0.0874157,0.0252809,0.0125843,0.00617978,0.0146067,0.0398876,0.015618,0.00359551,0.0464045,0.0473034,0.00988764,0.0192135,0.112843,0.103629,0.00688764,0.141101,0.0834157,0.0912135,3.29151,35.2584,455.674,0.606742
0,0,0,0,0,0,0,0,0,0,0,0,0,0,0,0,0,0,0,0,0,0,0,0,16.3043,1.09857,0,0,0,0,0,0,0,0,0,0,0,0,0,0,0,0,0,0,2.88357,0,0,0,0,0,0,0.0802143,0,0,4.16179,16.5714,25.5,0
0,0,0,0,0,0,0,0,0,0,0,0,0,0,0,0,0,0,0.421111,0,0,0,0,0,0,0,0,0,0,0,0,0,0,0,0,0,0,0,0,0,0,0,0,0,0,0,0,0,0,0.101,0,1.03856,0,0,1,1,1.44444,0.222222
0.121495,0.0697196,0.270467,0.11729,0.270187,0.108879,0.0471963,0.152991,0.195327,0.261402,0.0717757,0.765514,0.106355,0.0983178,0.021215,0.152336,0.180935,0.106916,1.34972,0.0882243,1.11963,0.249065,0.149533,0.094486,0.91486,0.199159,0.0129907,0.0195327,0.0173832,0.032243,0.00411215,0,0.100841,0,0.0270093,0.0613084,0.161869,0.0123364,0.0333645,0.0130841,0.068972,0.0742056,0.00785047,0.0211215,0.0642056,0.278131,0.0239252,0.0198131,0.0656168,0.174318,0.0218131,0.207888,0.0583925,0.048215,3.80099,49.8879,539.617,0.551402
0,0,0,0,0,0,0,0,0,0,0,0,0,0,0,0,0,0,0,0,0,0,0,0,0,0,0,0,0,0,0,0,0,0,0,0,0,0,0,0,4.165,0,0,0,0,7.6875,0,0,0,0,0,0,0,0,3.857,7.5,12.5,0
0.146,0.124,0.359714,0,0.0887143,0.0854286,0.0532857,0.0962857,0.0698571,0.284286,0.048,0.445571,0.163714,0.068,0,0.725714,0.033,0.15,2.237,0.0381429,1.11829,0,0.0731429,0.0574286,0.141571,0.177,0.304143,0.0425714,0.0187143,0.0187143,0.0648571,0,0.0198571,0,0.0622857,0.0187143,0.336571,0.00585714,0.219571,0.0127143,0.117,0.171429,0.210857,0.329571,0.397,0.517,0,0,0.00862857,0.123914,0.0167143,0.333629,0.179814,0.0266571,2.36186,13.3714,39.9857,0.428571
0.129583,0.209722,0.431806,0.594583,0.276389,0.120139,0.0483333,0.112917,0.26,0.315694,0.0713889,0.80875,0.209028,0.125278,0.13,0.149583,0.144306,0.187083,1.73278,0.150972,0.950694,0,0.128194,0.174028,0.717361,0.12875,0.0215278,0.0234722,0.0144444,0.0180556,0.0204167,0.00222222,0.0694444,0.00222222,0.0355556,0.0625,0.0911111,0.00194444,0.0173611,0.035,0.00222222,0.0723611,0.0354167,0.0102778,0.0261111,0.00166667,0,0.0213889,0.140569,0.130917,0.017875,1.03196,0.256306,0.0185694,4.10265,61.0833,755.875,0.597222
0.0292857,0.0671429,0.253571,0,0.705714,0.0692857,1.59143,0.773571,0.773571,0.880714,0.773571,0.582143,0,0.0764286,0,0.977143,2.15357,0.0642857,1.82643,0.773571,2.815,0,0.309286,0.105714,0.0207143,0.0207143,0.0207143,0.0414286,0,0,0,0,0,0.0207143,0.0414286,0,0.315,0,0.0764286,0,0,0,0,0,0,0,0,0,0,0.0775,0,0.696071,0.255143,0.0712857,64.0539,294.929,330.786,0.928571
0.106389,0.218611,0.581944,0.548056,0.431944,0.181667,0.268611,0.1925,0.0836111,0.240833,0.133889,0.547222,0.0963889,0,0,0.416111,0.355278,0.441389,2.28833,0.490833,1.53056,0.0238889,0.134167,0.199722,0.0558333,0.0694444,0.00888889,0,0.04,0.04,0,0,0.0075,0,0.0355556,0.0202778,0.127778,0,0.0663889,0.00527778,0,0,0.0211111,0.0211111,0.130833,0.0344444,0,0,0.0128611,0.0873056,0.0236667,0.444472,0.0706389,0.0334722,7.42831,132.528,302.5,0.888889
0.088,0.187,0.387,0,1.0375,0.013,0.3005,0.3225,0.0595,0.1945,0.2575,0.734,0.0395,0,0.62,0.3785,0.409,0.399,2.2675,1.0395,1.5595,0,0.53,0.1285,0.0405,0,0,0,0,0,0,0,0,0,0.062,0,0.0295,0,0.1545,0.1545,0,0.081,0,0,0.3145,0,0,0,0,0.1839,0,0.2153,0.16555,0.00495,5.38125,63.9,132.7,0.85
0.1075,0.679375,0.12,0,0.478125,0.349375,0.900625,0.14875,0.14875,0.756875,0.0475,0.79875,0,0.0975,0,0.814375,1.44375,0.0475,0.756875,0.539375,1.17,0,0,0.1075,0,0,0,0,0,0.060625,0,0,0,0,0,0.1075,0.29125,0.0975,0,0,0,0,0,0,0,0,0,0,0,0.123063,0,0.682687,0.072875,0.0713125,9.63475,123.438,171.625,0.9375
0,14.1478,0,0,0,0,0,0,0,0.132222,0,0,0,0,0,0,0,0,0,0,0,0,0,0,0,0,0,0,0,0,0,0,0,0,0,0,0,0,0,0,0,0,0,0,0.132222,0,0,0,0,0,0,0,0,0,1.77778,4.88889,9.02778,0
0.0721429,0.0203571,0.263357,0,0.302571,0.0302857,0.0314286,0.00607143,0.0185,0.134571,0.0235714,0.803214,0.0783571,0.0337857,0.0121429,0.1795,0.009,0.0417857,2.03057,0.009,0.509786,0,0,0.0215714,0.338286,0.392929,0.407786,0,0.163786,0.0373571,0.00828571,0,0.0721429,0,0,0.0218571,0.161143,0.0175714,0.0750714,0,0.068,0.3485,0.0172857,0.122071,0.402071,0.177643,0,0.0520714,0.0311929,0.129979,0.00940714,0.120007,0.0141214,0.00738571,1.52405,4.6,27.1714,0.0857143
0.0842,0.0482,0.1998,0,0.2895,0.0892,0.1755,0.0717,0.013,0.1859,0.0681,0.6943,0.0994,0.0278,0.0224,0.1854,0.1634,0.0611,1.8216,0.0045,0.5536,0,0.0985,0.0087,0.2408,0.0934,0.1773,0.0117,0.0212,0.0964,0,0,0.159,0,0.0192,0.0848,0.1811,0.0055,0.0988,0.0026,0.1355,0.1765,0.0214,0.1091,0.2315,0.1244,0,0.0496,0.01535,0.10381,0.00925,0.25987,0.04967,0.0088,1.66928,6.25,44.06,0.2
0,0,0,0,0,0,0,0,0,0,0,0,0,0,0,0,0,0,0,0,0,0,0,0,0,0,0,0,0,0,0,0,0,0,0,0,0,0,0,0,0,0,0,0,0,0,0,0,0,0,0,0,0,0,0,0,0,0
0.0862136,0.0484466,0.304078,0.00786408,0.429029,0.246214,0.0979612,0.136019,0.0396117,0.220291,0.0314563,0.580194,0.0823301,0.0134951,0.00281553,0.275728,0.132039,0.167961,1.51,0.00504854,1.30699,0,0.12767,0.156796,0.643592,0.469709,0.202427,0.157864,0.0900971,0.158738,0.0747573,0.0531068,0.0909709,0.0531068,0.121942,0.110097,0.154175,0.00223301,0.0546602,0.0657282,0.0802913,0.0129126,0.088932,0.0193204,0.237961,0.0736893,0.0192233,0.00776699,0.0345631,0.154233,0.0261068,0.112049,0.0574272,0.0108447,2.04854,13.0971,144.835,0.436893
0,0,0,0,0,0,0,0,0,0,0,0,0,0,0,0,0,0,0,0,0,0,0,0,0,0,0,0,0,0,0,0,0,0,0,0,0,0,0,0,0,0,0,0,0,0,0,0,0,0,0,0,0,0,0,0,0,0
0.099875,0.1105,0.367125,0,0.55125,0.1125,0.10975,0.1255,0.069625,0.2725,0.07825,0.638375,0.06275,0.010125,0,0.31225,0.331375,0.301125,1.95825,0.12825,1.05425,0.046875,0.207,0.07775,0.28425,0.099,0.05825,0.0535,0.004875,0.069875,0.004875,0.00875,0.026875,0.01275,0.07025,0.07925,0.101125,0.000875,0.0185,0.04575,0,0.021,0.018375,0.0215,0.22575,0.28125,0,0.03575,0.00985,0.118687,0.0088625,0.329963,0.122887,0.05015,4.15071,65.2,261.625,0.65
0,0,0,0,0,0,0,0,0,0,0,0,0,0,0,0,0,0,0,0,0,0,0,0,0,0,0,0,0,0,0,0,0,0,0,0,0,0,0,0,0,0,0,15.83,0,0,0,0,0,0,0,0,0,0,1.475,2.5,5.25,0
0.617179,0.117949,0.658974,0,0.191026,0.0530769,0,0,0,0.0623077,0.564103,1.33385,0,0,0,0.205128,0,0.0102564,1.35359,0,4.66,0,0,0.535128,0.507949,0.110769,0.154615,0,0,0.103333,0,0.128974,0,0.128974,0.0307692,0,0,0,0,0,0,0.0615385,0,0,0.0984615,0,0,0.0623077,0,0.0652308,0,0.656744,0.0848462,0,5.02244,27.7436,53.7949,0.461538
0.0417187,0.0923438,0.302813,0.00703125,0.334844,0.121562,0.142656,0.078125,0.0673438,0.233281,0.048125,0.405313,0.264375,0.05625,0.147031,0.0610938,0.0584375,0.320625,1.38359,0.05625,0.720156,0.612813,0.185312,0.0871875,0.863125,0.349063,0.177969,0.132188,0.104375,0.08875,0.08125,0.0934375,0.0696875,0.0934375,0.0815625,0.121406,0.171563,0,0.0790625,0.117344,0.019375,0.0415625,0.101875,0.0329687,0.141719,0.0853125,0,0.00921875,0.127703,0.195656,0.0345,0.163406,0.148656,0.0645938,3.32664,22.375,260.516,0.53125
0.124762,0.255714,0.255714,2.0369,0.278095,0.0711905,0.0285714,0.112857,0.434286,0.240476,0.0638095,0.505,0.0707143,0.0152381,0.0592857,0.35,0.11119,0.263333,1.68976,0.0819048,0.999048,0.198333,0.0728571,0.209762,0.444286,0.139048,0.161429,0.02,0.0440476,0.0338095,0.0109524,0.0109524,0.00357143,0.0109524,0.0254762,0.0557143,0.112857,0.0442857,0.0202381,0.0652381,0.00904762,0.017619,0.0538095,0.00690476,0.0871429,0.0414286,0,0.027619,0.091,0.144286,0.0142857,0.338548,0.137595,0.0586667,6.95871,81.5476,416.381,0.619048
0.110405,0.0418919,0.248108,0,0.380541,0.114865,0.0444595,0.0905405,0.0210811,0.111757,0.045,0.639324,0.057973,0.0116216,0.143108,0.210676,0.105,0.160676,1.30473,0.00567568,0.619595,0.0435135,0.0864865,0.0531081,0.765405,0.41027,0.192162,0.246757,0.132162,0.124459,0.0898649,0.05,0.0875676,0.05,0.161216,0.214189,0.233784,0.0104054,0.144459,0.0918919,0.0578378,0.0660811,0.142027,0.138243,0.247568,0.288919,0,0.0285135,0.0403514,0.157959,0.0260135,0.119635,0.0748514,0.0103784,2.22355,11.2027,106.23,0.310811
0,0,0,0,0,0,0,0,0,0,0,0,0,0,0,0,0,0,0,0,0,0,0,0,0,0,0,0,0,0,0,0,0,0,0,0,0,0,0,0,0,0,0,0,0,0,0,0,0,0,0,0,0,0,0,0,0,0
0.155846,0.204462,0.217077,0,0.243077,0.0603077,0.195385,0.0972308,0,0.214308,0.056,0.594154,0.0495385,0,0.0563077,0.159385,0.0821538,0.194615,1.98323,0.0198462,0.667692,0,0.0650769,0,0.425692,0.252154,0.0756923,0.185538,0.0723077,0.0592308,0.0404615,0,0.132923,0,0.171692,0,0.330154,0,0.0901538,0.00984615,0.06,0.264615,0.0918462,0.0338462,0.240769,0.774154,0,0.0241538,0.00935385,0.0943538,0.0101385,0.368062,0.0151692,0.210369,2.54942,13.7077,52.6615,0.307692
0.486667,0.750833,0.77375,0,0.35,0.282917,0.0454167,0.407917,0.425,1.41,0.0629167,1.4775,0.12625,0.282917,0.348333,0.299167,0.13,0.66125,2.12708,0.3475,3.35667,0.0158333,0.54125,0.256667,0,0,0,0,0,0,0,0,0.01375,0,0.0529167,0.0175,0.0154167,0,0,0,0,0,0.00791667,0,0.0258333,0,0,0,0.012,0.153833,0.0674167,0.980917,0.185792,0.0610833,40.1172,598.375,872.333,1
0.0985185,0.0109259,0.222778,0,0.0575926,0.075,0.0272222,0.168148,0.0151852,0.115185,0,0.573704,0.0311111,0.00425926,0,0.0692593,0.101852,0.439074,0.999074,0,0.628704,0,0,0.00425926,1.04167,0.561481,0.336667,0.445556,0.0962963,0.290741,0.127963,0.0655556,0.31463,0.0655556,0.291852,0.250926,0.374815,0.0188889,0.247778,0.0655556,0.0916667,0.136111,0.231852,0.284259,0.260556,0.160185,0,0,0.0262963,0.184259,0.0522222,0.151481,0.0305741,0.0540926,1.96335,10.537,65.8704,0.222222
0.0841935,0.0874194,0.277742,0,0.350645,0.0693548,0.117742,0.153226,0.0193548,0.174516,0.0712903,1.14516,0.0703226,0.0412903,0.0148387,0.226452,0.107419,0.154516,1.44774,0.01,0.567419,0,0,0.0754839,0.23129,0.256452,0.11129,0,0.0270968,0.0687097,0.0190323,0,0.489677,0,0.0109677,0.0483871,0.12,0,0,0,0.0190323,0.0229032,0,0.208065,0.0483871,0.0180645,0.026129,0.122581,0.0138065,0.0864516,0.00554839,0.129484,0.0241935,0.00309677,1.62358,6.58065,87.9355,0.193548
0.21814,0.116279,0.507442,0.0427907,0.313023,0.0895349,0.166047,0.26093,0.0965116,0.306744,0.0976744,0.379535,0.0316279,0.00697674,0,0.52186,0.404884,0.223023,2.11326,0.426744,1.38558,0.548837,0.094186,0.131395,0.0872093,0.0725581,0.00465116,0.0260465,0.0174419,0.0213953,0.00465116,0.00465116,0,0.0116279,0.0306977,0.0316279,0.118837,0,0.0181395,0.0713953,0,0,0.02,0.0186047,0.179767,0.0360465,0.0323256,0.0706977,0.0217209,0.136977,0.016093,0.488302,0.347,0.34086,5.35695,70.4186,327.581,0.744186
0.269231,0.113846,0.526923,5.45538,0.717692,0.151538,0.259231,0.34,0,0.228462,0.117692,0.623077,0.1,0.159231,0,0.682308,0.753077,0.67,2.10308,0.200769,2.10615,0,0.242308,0.310769,0,0,0,0,0,0,0,0,0,0,0.0361538,0.0530769,0.0123077,0,0,0.0261538,0,0,0,0,0.110769,0.0123077,0,0,0,0.0440769,0,0.589923,0.115615,0.0140769,5.67285,114.923,217.154,0.846154
0.305217,0.146304,0.278913,0.0936957,0.0663043,0.10913,0.0197826,0.131522,0.212609,0.37,0.14413,0.638261,0.331304,0.666957,0.0204348,0.162391,0.267391,0.115,1.85261,0.0486957,0.843261,0.0341304,0.443478,0.278696,0.0971739,0.0617391,0.00521739,0.00152174,0.00217391,0.00391304,0,0,0.316087,0,0,0.0286957,0.180217,0.00152174,0.005,0.013913,0.0252174,0.00782609,0.00456522,0.0163043,0.0393478,0.0580435,0.01,0.0513043,0.0298913,0.116522,0.00773913,0.24063,0.334978,0.0894565,5.14743,164.043,3362.72,0.73913
0,0,0.46,0,2.33,0,0,0,0,0,0,0,0,0,0,0,0,0,0,0,0.46,0,0,0,0,0,0,0,0.68,0,0,0,0,0,0,0,0,2.11143,0,0,0,7.76286,0,0,0.751429,0,0,0,0,0,0,0,0,0,1.13086,1.42857,5.28571,0
0.403,0.334,0.314,0.019,0.25,0.024,0.006,0.208,0.472,0.742,0.19,0.419,0.421,0.605,0.08,0.136,0.366,0.143,2.3,0.047,1.16,0,0.516,0.497,0.019,0,0,0.019,0,0,0,0,0,0.038,0.006,0.032,0,0,0.017,0.11,0,0,0,0,0.059,0,0,0,0.0151,0.0686,0,0.4377,0.4285,0.0727,225.594,1189.4,2466.4,1
0.0642529,0,0.0762069,0,0.0690805,0.0395402,0,0,0,0.0498851,0,0.331034,0,0.123218,0,0.0763218,0,0,0.577701,0,0.316667,0,0,0,0.0801149,0.0302299,0.577701,0,0,0,0.143678,0,0,0,0,0,0,0,0.0337931,0,0,0,0,0.237356,0.611839,0.308966,0,0.21069,0,0.0821494,0.0638391,0.0406437,0,0,1.36939,2.29885,7.11494,0.0229885
0.0148276,0.097069,0.0918966,0,0.200862,0.012931,0.116552,0.0689655,0.0277586,0.282069,0,0.919138,0,0.172414,0,0.107241,0,0.092931,1.86328,0.0382759,0.062931,0,0,0.556379,0.072069,0.072069,0.235172,0.142414,0.0981034,0.0555172,0,0,0.012931,0,0.166034,0,0.0318966,0,0.0555172,0.0382759,0.130345,0.185517,0,0.0148276,0.421379,0.0815517,0,0.108276,0.0812069,0.125621,0.00644828,0.353845,0.00756897,0.0193448,2.62479,9.81034,22.1552,0.275862
0.0504878,0.0718293,0.203902,0.0164634,0.250976,0.0284146,0.125488,0.112073,0.0329268,0.638293,0.035,0.39561,0.105732,0.025122,0.037439,0.122195,0.15622,0.184512,1.5678,0,0.494146,0.00707317,0.017561,0.0721951,0.823415,0.474634,0.321585,0.431341,0.14878,0.252561,0.141098,0.111829,0.00756098,0.111829,0.265854,0.189268,0.266585,0.00658537,0.198293,0.117683,0.0309756,0.0391463,0.149146,0.0210976,0.350732,0.224146,0,0.037439,0.0428171,0.197293,0.0119024,0.252402,0.0363415,0.0256951,2.64799,14.3537,79.5244,0.317073
0.147761,0.131791,0.821791,0.136716,0.703433,0.520149,0.285522,0.140746,0.57209,0.46791,0.214627,0.612985,0.150746,0.0797015,0.967015,0.301791,0.128657,0.762388,1.52985,0.871493,0.956716,0.0862687,0.517612,0.140746,0.0483582,0.00134328,0.021791,0.00432836,0,0.00865672,0,0,0.00537313,0,0.00432836,0,0.0129851,0,0,0.0401493,0,0,0.0880597,0.0119403,0.0447761,0.0364179,0,0,0.00862687,0.0791343,0.0011194,0.443,0.141358,0.0203134,77.618,743.731,1388.16,0.985075
0.0915152,0.09,0.262879,0.290303,0.261061,0.075303,0.0656061,0.064697,0.285,0.343182,0.0722727,0.448485,0.13803,0.151667,0.095303,0.296667,0.0618182,0.245,1.36652,0.210455,0.85,0.863333,0.0945455,0.0951515,0.379697,0.171818,0.0316667,0.0193939,0.00893939,0.0168182,0.0339394,0.00136364,0.0759091,0.00136364,0.105152,0.0227273,0.167121,0.000606061,0.0174242,0.0407576,0.0101515,0.0369697,0.00454545,0.0101515,0.0451515,0.0513636,0.0166667,0.04,0.0324242,0.150545,0.0204394,0.219667,0.123015,0.110985,6.12858,95.9697,1219.88,0.590909
0.154576,0.0644068,0.28178,0,0.235254,0.0914407,0.059322,0.0208475,0.0200847,0.0860169,0.00576271,0.532797,0.103983,0.0272881,0.00559322,0.160424,0.0344915,0.183305,1.67297,0.0132203,0.450339,0,0.0119492,0.0450847,0.264746,0.24839,0.271017,0,0.121525,0.0498305,0.0109322,0,0.0758475,0,0.0372034,0.0604237,0.138305,0.00788136,0.0580508,0.00847458,0.0511864,0.249322,0,0.111525,0.393898,0.150763,0.00864407,0.0519492,0.00872881,0.119102,0.0140424,0.139686,0.00858475,0.00440678,1.5732,5.16102,35.8898,0.135593
0,0,0,0,0.44625,0,0,0.694375,0,0,0,0,0,0,0,0,0,0,1.29563,0,0.694375,0,0,0,0,0,0,0,0,0,0,0,0,0,0,0,0,0,0.694375,0,0,0,0,0,10.9544,0.480625,0,0,0,0.19125,0,0.578625,0,0,1.30406,2.4375,7,0.0625
0,0,0,0,0,0,0,0,0,0,0,0,0,0,0,0,0,0,0,0,0,0,0,0,0,0,0,0,0,0,0,0,0,0,0,0,0,0,0,0,0,0,0,0,0,0,0,0,0,0,0,0,0,0,0,0,0,0
0,0,0,0,0,0,0,0,0,0,0,0,0,0,0,0,0,0,0,0,0,0,0,0,0,0,0,0,0,0,0,0,0,0,0,0,0,0,0,0,0,0,0,0,0,0,0,0,0,0,0,0,0,0,0,0,0,0
0,0,0,0,0,0,0,0,0,0,0,0,0,0,0,0,0,0,0,0,0,0,0,0,0,0,0,0,0,0,0,0,0,0,0,0,0,0,0,0,0,0,0,0,0,0,0,0,0,0,0,0,0,0,0,0,0,0
0.124286,0.106032,0.38127,0.015873,0.317937,0.109841,0.0631746,0.104286,0.142857,0.329683,0.113016,0.505556,0.149048,0.0434921,0.114444,0.290476,0.19746,0.225397,1.39429,0.107619,0.778413,0.610159,0.234762,0.0903175,0.54,0.263016,0.115714,0.145556,0.0626984,0.0668254,0.0884127,0.0342857,0.0525397,0.0342857,0.0769841,0.0765079,0.138254,0.0398413,0.0711111,0.0828571,0.048254,0.119683,0.0336508,0.0749206,0.108571,0.098254,0.0239683,0.0428571,0.284206,0.15746,0.0148095,0.235524,0.0841429,0.0926984,3.42535,35.619,371.952,0.47619
0.10025,0.09,0.2405,0,0.5855,0.19325,0.2455,0,0.08275,0.3355,0.068,0.3275,0.212,0.043,0.01325,0.6655,0.09825,0.185,1.886,0.02875,0.7745,0,0.00825,0.25325,0.12025,0.063,0.08925,0.0665,0,0.037,0,0,0.09275,0,0.02975,0.05575,0.05075,0,0.02025,0.034,0.0065,0,0.0175,0.04825,0.266,0.3295,0,0,0.001125,0.068,0.006825,0.269675,0.051575,0.495725,5.3509,57.05,109.55,0.525
0.226129,0.419032,0.663871,0.0758065,0.377742,0.187097,0.322581,0.129677,0.324194,0.857742,0.222581,0.780968,0.148387,0.0925806,0.279355,0.953226,0.307419,0.246452,1.83839,0.149677,1.51355,0.00548387,0.199677,0.215484,0.309032,0.143226,0.00774194,0,0,0.0235484,0,0,0.0435484,0,0.0232258,0.00774194,0.117742,0.0277419,0.00774194,0.0235484,0,0.0235484,0.0109677,0.0158065,0.114194,0.046129,0,0.0248387,0.00974194,0.125742,0.00480645,0.771774,0.238613,0.0689032,26.1033,342.484,661.161,0.935484
0.0957778,0.024,0.267778,0,0.126444,0.0357778,0.148667,0.0417778,0,0.217111,0.0406667,0.559778,0,0,0.0151111,0.0937778,0.084,0.257778,1.12089,0.0206667,0.193778,0,0,0.074,2.12089,1.29311,0.588444,0.600667,0.388222,0.929111,0.508222,0.306,0.205333,0.306,0.851778,0.493333,0.054,0,0.370444,0.306,0,0.13,0.054,0.156444,0.165111,0.0515556,0,0.0246667,0.00628889,0.214222,0.00775556,0.103778,0.0101333,0.00948889,2.1448,10.8222,48.5778,0.155556
0.082,0.0714,0.3474,0,0.278,0.1802,0.2182,0.217,0.1026,0.1606,0.1614,0.6052,0.162,0.0836,0.0094,0.3028,0.1414,0.1604,1.639,0.2338,0.9998,0,0.1396,0.114,0.5746,0.2846,0.0664,0.1232,0.0206,0.0926,0.025,0.0206,0.018,0.0206,0.1046,0.1612,0.2222,0.011,0.0732,0.0552,0.0062,0.0266,0.016,0.0112,0.1054,0.0312,0,0.0496,0.0176,0.10096,0.01306,0.19584,0.12134,0.03996,3.28754,43.14,187.98,0.56
0.01,0.301935,0.303548,0,0.682903,0.237742,1.03226,0.0793548,0.0248387,0.359677,0.0403226,0.706129,0,0,0.0296774,0.321935,0.203226,0.399677,2.20161,0,1.26097,0,0.0145161,0.0170968,0.0454839,0,0.203226,0.0454839,0,0,0.233548,0,0,0,0.0906452,0.0170968,0,0,0.0606452,0.612903,0,0,0,0,0.254516,0,0,0,0.000903226,0.187097,0.0191613,0.266968,0.0105161,0.0337419,14.5259,174.516,385.871,0.645161
0.0114754,0.0937705,0.147213,0,0.262951,0.0391803,0.231967,0.0481967,0.00901639,0.195902,0,0.398361,0.189016,0.0511475,0,0.534426,0.0277049,0.322951,2.97918,0.190984,1.28131,0.0906557,0,0.0532787,0.0195082,0.132131,0.0426229,0,0,0,0,0,0,0,0,0.0104918,0,0,0,0,0,0.143607,0,0.055082,0.397869,0.425738,0,0,0.0162623,0.0277705,0,0.169705,0.0272131,0.0529508,4.90348,48.1148,82.2459,0.442623
0.115417,0.246875,0.507708,0,0.471875,0.08875,0.3225,0.168333,0.0964583,0.440417,0.13625,0.551875,0.144375,0.0425,0.0891667,0.424375,0.269167,0.369375,2.23833,0.1575,1.17333,0.0339583,0.392083,0.0689583,0.149167,0.0735417,0,0.150208,0,0.0685417,0.00833333,0,0.35375,0,0.137292,0.013125,0.100833,0,0,0.120833,0,0.070625,0,0.0191667,0.121042,0.099375,0,0,0.01075,0.0893542,0.00127083,0.625208,0.12625,0.0185417,5.58469,71.125,200.208,0.75
