0.0971698,0.070566,0.212573,0.00459691,0.243156,0.0616123,0.118525,0.157444,0.0428988,0.248491,0.0424357,0.522178,0.0923499,0.0462607,0.0256432,0.213808,0.116947,0.184974,1.61319,0.0272384,0.692298,0.00946827,0.0603431,0.0539451,0.691818,0.36952,0.222007,0.259897,0.0892967,0.147547,0.0698456,0.0534134,0.156895,0.0534134,0.143413,0.132624,0.2194,0.00493997,0.109022,0.0629331,0.0297084,0.089211,0.0855575,0.100326,0.301012,0.202985,0.00566038,0.0346998,0.0177015,0.17101,0.0160086,0.278885,0.0543808,0.0419931,2.67153,16.3208,74.2058,0.367067
0,0,0,0.04,0,0,0,0,0,0,0,0,0,0,0,0.02,0,0,0.02,0,0,0,0,0,0,0,0,0,0,0,0,0,0,0,0,0,0,0,0,0,0,0,0,0,0,0,0,0,1.024,9.752,0.003,1.542,1.785,1.998,239.571,9989,10062,1
0.181364,0.167273,0.293182,0.0140909,0.39,0.138182,0.0477273,0.308182,0.275,0.337273,0.115,0.555,0.190455,0.0859091,0.0768182,0.487273,0.306818,0.203636,1.84545,0.225455,0.888636,0.954091,0.339545,0.297727,0.115,0.0795455,0.00636364,0.00227273,0,0.0104545,0,0,0.0431818,0.00590909,0.00363636,0.133182,0.155,0.0122727,0.0122727,0.0290909,0,0,0.00363636,0.01,0.035,0.0331818,0.00272727,0.0227273,0.0284091,0.108,0.0458182,0.250227,0.196318,0.145727,6.66595,150.727,1603.36,0.727273
0.19,0,0.38,0,0,0.19,0,0,0,0,0.19,0.19,0,0,0,0.38,0,0.19,1.14,0,0.38,0,0,0,0,0,0,0,0,0,0,0,0,0,0,0,0,0,0,0,0,0,0,0,0,0,0,0,0.01,0.01,0,0,0,0.003,2.383,21,15841,1
0.35,0.08,0.35,0,0.35,0,0,0.52,0.61,1.76,0.17,0.26,0.79,0,0.26,0,0.7,0.35,2.64,0,2.03,0,0.61,0.7,0,0,0,0,0,0,0,0,0,0,0,0.08,0,0,0.08,0.17,0,0,0,0,0.17,0,0,0,0,0.081,0,0.556,0.069,0.011,19.234,1170,3116,1
0.120638,0.0987943,0.249362,0.15461,0.44539,0.118582,0.0612057,0.12078,0.17461,0.237943,0.0995035,0.688085,0.129858,0.0453901,0.0435461,0.204681,0.250993,0.151348,1.63007,0.0795745,0.731915,0.829929,0.18234,0.129929,0.650993,0.201135,0.0301418,0.0259574,0.0285816,0.0312057,0.0131915,0.0147518,0.0868085,0.00907801,0.0368085,0.0787943,0.125106,0.024539,0.0160284,0.012766,0.0360993,0.0511348,0.02,0.0116312,0.0584397,0.0899291,0.0205674,0.0241844,0.113,0.125972,0.0133475,0.181,0.0894255,0.0902411,3.84786,40.5957,464.355,0.567376
0.301429,0.183571,0.320714,0.307857,0.0914286,0.107143,0.0292857,0.148571,0.267143,0.420714,0.145,0.655714,0.350714,0.723571,0.00214286,0.152857,0.302857,0.0685714,2.005,0.000714286,0.892143,0.0207143,0.575714,0.239286,0.0342857,0.035,0.005,0.00285714,0.00285714,0,0,0,0.443571,0,0,0.0357143,0.3,0.00142857,0.00357143,0.0107143,0.0228571,0.00714286,0.0107143,0.00857143,0.0321429,0.0821429,0.00714286,0.0885714,0.0489286,0.0987857,0.00464286,0.2545,0.467286,0.101357,5.25371,143.786,3024.36,0.642857
0,0,0.28,0,0.16,0.18,0,0,0,0,0.02,0.09,0.11,0,0,0,0,0,0.14,0,0.02,0,0,0.04,0,0,0,0,0,0,0,0,0,0.07,0,0,0,0,0.02,0,0,0,0,0,0,0,0,0,0,0.116,0.021,0.032,0,0,16.6155,154,9089,1
0.2,0,0.186923,0,0.47,0.0838462,0.122308,0,0.206923,0.269231,0.384615,0.620769,0.159231,0.410769,0,0.71,0.319231,0.0607692,2.16308,3.18385,1.67769,0.444615,0.38,0.234615,0,0,0,0,0,0,0,0,0.0276923,0,0,0,0,0,0.0523077,0,0,0,0.0230769,0,0.0169231,0,0,0.0169231,0,0.115846,0.00576923,0.370615,0.146077,0.102385,10.8302,464.385,1425.15,1
0.106923,0.176923,0.902051,0,0.643333,0.821538,0.380513,0.168718,0.704359,0.293333,0.225128,0.765897,0.22,0,1.50974,0.238718,0.0741026,1.16385,1.66179,0.190256,0.725897,0,0.688718,0.145128,0.00230769,0.00230769,0,0,0,0,0,0,0,0,0.00512821,0,0,0,0,0.0348718,0,0,0.139487,0.0205128,0.0748718,0.0605128,0,0,0.00458974,0.0945897,0,0.396205,0.156308,0.0151282,8.53762,661.385,1374.62,1
0,0.0783333,0.261667,0,0.775,0.0466667,1.85667,0.9025,0.9025,1.0275,0.9025,0.506667,0,0.0891667,0,1.10583,2.5125,0.075,1.47083,0.9025,3.05333,0,0.2925,0.0891667,0,0,0,0,0,0,0,0,0,0,0,0,0.3675,0,0.0891667,0,0,0,0,0,0,0,0,0,0,0.0720833,0,0.73125,0.115417,0.0831667,70.9209,286.917,312.25,1
0.134884,0.0839535,0.252558,0,0.264419,0.0693023,0.054186,0.0962791,0.305116,0.38814,0.0827907,0.526279,0.153488,0.22814,0.0509302,0.312791,0.0732558,0.283023,1.26233,0.193023,0.857674,1.22,0.0869767,0.146047,0.41907,0.181163,0.0393023,0.0176744,0.00209302,0.0218605,0.0406977,0.00209302,0.117209,0.00209302,0.121163,0.0260465,0.218372,0.00116279,0.00604651,0.052093,0.0139535,0.0451163,0.0111628,0.027907,0.0425581,0.0567442,0.0276744,0.0534884,0.056186,0.130442,0.0226512,0.244977,0.148605,0.123767,6.30321,90.5116,1117.58,0.55814
0.19,0.19,0.19,0.19,1.16,0,0,0,0.58,0.38,0,0,0,0,0,0,0,0,0.19,0.38,0.58,0,0,0,0.19,0,0,0.19,0,0,0,0,0,0.38,0,0,0,0,0,0,0,0,0,0,0,0,0,0,0,0.07,0,0,1.121,0,1021.5,2042,2043,1
0.0921721,0.102172,0.364631,0.00356557,0.365615,0.14041,0.153443,0.152541,0.0723361,0.244713,0.0932787,0.498893,0.112377,0.0409426,0.027623,0.292418,0.171475,0.215984,1.57049,0.122008,0.899221,0.0142623,0.159098,0.0834426,0.553402,0.30082,0.0993852,0.132008,0.0578689,0.108279,0.0514754,0.027418,0.15791,0.027418,0.103525,0.10082,0.206721,0.00905738,0.0576639,0.0733607,0.069918,0.0360656,0.0583197,0.0578279,0.148893,0.177377,0.00446721,0.0327049,0.0401066,0.146279,0.0156598,0.246754,0.0820041,0.0287787,3.21149,34.6066,198.627,0.508197
0.132143,0.0828571,0.28,0,0.256429,0.103571,0.035,0.14,0.285714,0.418571,0.07,0.499286,0.122143,0.0414286,0.0885714,0.124286,0.111429,0.189286,1.495,0.0171429,0.847143,1.06786,0.287143,0.227857,0.304286,0.202143,0.0185714,0.00857143,0.0135714,0.00571429,0.00857143,0,0.112143,0,0.00285714,0.0692857,0.085,0,0.00785714,0.0171429,0.005,0,0,0.0192857,0.0221429,0,0,0.00571429,0.0702857,0.119357,0.0499286,0.194857,0.207857,0.1155,6.11457,102.643,1451.79,0.571429
0.35,0,1.75444,0,1.05222,0,0.0722222,0,0.574444,0.872222,0,0,0,0,0,0,0,0,0.35,0.925556,0.447778,0,0,0,0.35,0,0,0,0,0,0,0,0,0,0,0,0,0,0,0,0,0,0,0,0,0,0,0,0,0,0,0.926111,0.0888889,0,452.389,1237,1284.33,1
0.49,0.880909,0.846364,0,0.455455,0.0345455,0,0.420909,0,1.73091,0,2.26091,0,0.55,0,0.420909,0,0,1.87091,0,5.03455,0.0345455,0,0,0,0,0,0,0,0,0,0,0,0,0,0,0,0,0,0,0,0,0,0,0,0,0,0,0,0.238818,0,1.53055,0.173909,0.0812727,61.8823,664.091,764.636,1
0.252778,0.245556,0.342778,0,0.291111,0.0872222,0.055,0.135556,0.374444,0.446111,0.192778,0.581667,0.316667,0.621667,0.0338889,0.348889,0.330556,0.0827778,2.37778,0.05,1.11722,0.0933333,0.277778,0.31,0.748889,0.0261111,0.00111111,0,0,0.0155556,0,0,0.0305556,0,0.0133333,0.0388889,0.0322222,0.00111111,0.0155556,0.0244444,0,0.00111111,0,0.0133333,0.045,0.00222222,0,0,0.0165,0.0792222,0.00588889,0.334056,0.302444,0.108944,6.23139,150.667,2167.28,0.833333
0.137654,0.178889,0.379012,0,0.264938,0.12963,0.0411111,0.110247,0.304568,0.307778,0.0767901,0.724198,0.165556,0.149506,0.191728,0.119383,0.194198,0.142593,1.52802,0.116049,0.933333,0,0.140247,0.19037,0.820123,0.157778,0.0285185,0.0220988,0.0117284,0.0255556,0.017037,0.00530864,0.0671605,0.00530864,0.0269136,0.0648148,0.12,0.0017284,0.00975309,0.0412346,0.0235802,0.14358,0.0385185,0.00839506,0.0430864,0.0517284,0.00567901,0.0196296,0.148975,0.153173,0.0130741,0.941741,0.244642,0.0184321,4.03432,64.963,709.975,0.518519
0.214,0.56,0.51,1.832,0.472,0.118,0.234,0.41,0.41,1.252,0.31,1.454,0.066,0.148,0.208,0.408,0.37,0.336,1.814,0.142,2.838,0,0.444,0,0,0,0,0,0,0,0,0,0,0,0,0,0.132,0,0,0.058,0,0,0,0,0,0,0,0,0.0774,0.1194,0,0.592,0.1326,0.0388,69.0008,856.2,1106.6,1
0.0438486,0.581642,0.175267,0,0.234104,0.0304797,0.0247335,0.0387633,0.0102345,0.113284,0.00779318,0.419979,0.043049,0.0549574,0.00181237,0.163582,0.0151066,0.0976546,1.63049,0.0300213,0.398945,0,0.00226013,0.0717164,0.279467,0.146311,3.06889,0.0108955,0.127761,0.0299147,0.0133262,0,0.0923134,0,0.0378571,0.0127186,0.0314712,0.0336674,0.0549574,0.00463753,0.0613433,0.321983,0.0189232,0.146493,0.646887,0.282932,0.00542644,0.0476546,0.0180235,0.0885928,0.0172676,0.21295,0.00452132,0.00201493,1.47064,3.34222,12.0672,0.075693
0.2025,0.1575,0.5125,0,1.265,0.3375,0.22,0.385,0.4225,1.6325,0.0625,0.7525,0.245,0,1.2175,0.24,0.0475,0.86,2.565,0.135,1.96,0,0.64,0.41,0,0,0,0,0,0,0,0,0,0,0.0225,0,0,0,0,0.26,0,0,0.04,0,0.02,0.02,0,0,0.003,0.03375,0,0.519,0.1535,0.0115,49.1835,859,1747.5,1
0.466,0.398,0.343,0,0.252,0.046,0.025,0.169,0.564,0.602,0.302,0.655,0.582,1.108,0.202,0.203,0.393,0.129,2.952,0.032,1.3,0,0.587,0.498,0,0,0,0,0,0,0,0,0,0,0.006,0,0,0,0,0.006,0,0,0.012,0,0.041,0.006,0,0,0.0086,0.0839,0,0.4366,0.6352,0.1195,7.2398,663.1,2384.7,1
0.110357,0.152321,0.466071,0.0121429,0.293929,0.121786,0.12,0.175536,0.436607,0.538393,0.149107,0.4525,0.127143,0.0226786,0.122857,0.338929,0.134643,0.365357,1.46643,0.162321,0.990357,0.2025,0.0925,0.227143,0.349286,0.116786,0.0125,0.02375,0.00321429,0.0246429,0.0158929,0,0.0571429,0.00517857,0.149107,0.0266071,0.124643,0.00232143,0.0392857,0.0323214,0.0148214,0.0276786,0.00178571,0.005,0.0383929,0.0617857,0.00696429,0.0217857,0.0423214,0.114018,0.0496964,0.423,0.234161,0.0491429,4.11287,75.9464,993.982,0.767857
0.0434545,0.361636,0.328545,1.50655,0.512909,0.160364,0.628545,0.0645455,0.229273,0.309273,0.0272727,0.629636,0.0745455,0.0116364,0.0243636,0.331273,0.191273,0.388364,2.16455,0.0230909,1.132,0.0156364,0.0721818,0.0756364,0.197818,0.00909091,0.208727,0.0256364,0.00909091,0.00454545,0.131636,0,0,0.00781818,0.0565455,0.00963636,0.0425455,0,0.0461818,0.355455,0,0.00363636,0.01,0.00509091,0.203273,0.008,0,0.0181818,0.0163636,0.168109,0.0175636,0.306673,0.0644182,0.0374545,12.3225,156.091,402.836,0.618182
0.162014,0.101799,0.345396,0.00201439,0.329353,0.137842,0.062518,0.170719,0.231151,0.28777,0.0807914,0.734029,0.102302,0.104173,0.0243165,0.19554,0.250288,0.11,1.4805,0.145108,1.20957,0.227122,0.141799,0.166403,0.798993,0.146906,0.0134532,0.0125899,0.00690647,0.0161871,0.0101439,0.00107914,0.100935,0.00323741,0.018777,0.0634532,0.154604,0.0177698,0.0223022,0.0182014,0.0644604,0.0807914,0.01,0.0169784,0.0605036,0.206619,0.00453237,0.00906475,0.0825108,0.170561,0.0173597,0.273784,0.0999424,0.0656475,4.3166,66.1871,577.576,0.589928
0.203333,0.126667,0.24,0.0433333,0.0933333,0.0866667,0.0166667,0.09,0.266667,0.21,0.103333,0.483333,0.133333,0.393333,0.0233333,0.08,0.12,0.0733333,1.09,0,0.453333,0,0.21,0.173333,0.466667,0.48,0.01,0.00666667,0.00666667,0,0,0,0.596667,0,0,0.0833333,0.7,0.0166667,0,0,0.02,0.0133333,0.00666667,0.04,0.0266667,0.0966667,0.00666667,0.05,0.086,0.161333,0.0603333,0.122,0.182333,0.044,3.70867,90.6667,2696.67,0.333333
0.122593,0.0831713,0.257685,0,0.413796,0.100162,0.134815,0.100486,0.0425694,0.179606,0.0497685,0.462153,0.0824769,0.0217824,0.0400926,0.389444,0.151366,0.187847,1.74597,0.0545833,0.859583,0.0330093,0.105556,0.0758333,0.488102,0.335069,0.226991,0.196157,0.0750463,0.103519,0.0513657,0.0588426,0.0754398,0.0609259,0.122407,0.135069,0.128866,0.00622685,0.107037,0.0566667,0.0362037,0.0383796,0.0806019,0.0786111,0.267292,0.215833,0.00601852,0.0346528,0.019838,0.128875,0.0168935,0.261069,0.0694051,0.0856343,2.82266,22.3241,109.819,0.451389
0,0,0,0,0,0,0,0,0,0,0,0,0,0,0,0,0,0,0,0,0,0,0,0,0,0,0,0,0,0,0,0,0,0,0,0,0,0,0,0,0,0,0,0,0,0,0,0,0.022,0.022,0.019,0.022,0.022,0.022,3.482,5,5902,0
0.122673,0.0987788,0.272822,0,0.217558,0.0606242,0.110353,0.054654,0.0262415,0.199783,0.0596472,0.613338,0.0810312,0.035156,0.0162822,0.230149,0.0629715,0.146635,1.71631,0.00936228,0.799946,0,0.0477883,0.0606106,0.980095,0.479566,0.365427,0.276662,0.237612,0.270285,0.212605,0.162008,0.0967028,0.162008,0.260597,0.230109,0.185047,0.0105156,0.159037,0.164613,0.0715875,0.216852,0.0473948,0.121479,0.356893,0.200176,0.00138399,0.0318182,0.0178562,0.161159,0.0119878,0.194997,0.0448128,0.032867,2.20887,10.0787,41.1886,0.225237
0.121154,0.155192,0.334038,1.08538,0.340962,0.125577,0.0488462,0.197115,0.416731,0.516923,0.0815385,0.720385,0.156731,0.121923,0.138846,0.155,0.181731,0.337692,1.64538,0.255385,1.03019,0.783077,0.131154,0.162885,0.665962,0.204038,0.0490385,0.0240385,0.0144231,0.0336538,0.03,0.00365385,0.185577,0.00173077,0.0384615,0.0386538,0.125577,0,0.0419231,0.0261538,0.0025,0.0117308,0.00711538,0.00307692,0.0336538,0.00269231,0.00115385,0.0407692,0.0616731,0.109019,0.0368462,0.258327,0.110058,0.0984808,4.86502,74.4615,863.962,0.576923
0.135321,0.112179,0.373205,0.0230128,0.300577,0.0830128,0.0930769,0.160385,0.124487,0.302436,0.0732051,0.488077,0.0944231,0.0335256,0.0547436,0.276218,0.214423,0.210256,1.58776,0.182756,0.907372,0.665192,0.150256,0.0941026,0.458205,0.189551,0.0765385,0.0759615,0.0558974,0.0566026,0.0409615,0.0191026,0.0424359,0.0191026,0.0512821,0.0667949,0.162436,0.0244872,0.0392949,0.0694231,0.0207692,0.0504487,0.0403846,0.0473077,0.115769,0.165705,0.0185897,0.0462179,0.262615,0.149212,0.0120128,0.287494,0.145673,0.149263,4.03807,49.7564,350.596,0.551282
0.0934597,0.102844,0.316682,0.0104265,0.390521,0.130095,0.0988626,0.102749,0.0647393,0.229005,0.0678673,0.546303,0.140806,0.0252607,0.0487204,0.218815,0.212796,0.256209,1.56645,0.103602,0.80346,0.305118,0.178531,0.0808531,0.577014,0.243175,0.110711,0.0738389,0.0636019,0.0754502,0.0351185,0.0336967,0.0664455,0.0366351,0.0633175,0.0872038,0.161232,0.00123223,0.0371564,0.0581991,0.0191469,0.0347867,0.0478199,0.0333649,0.156635,0.157156,0,0.0220853,0.053436,0.157403,0.0263365,0.23828,0.117986,0.0587583,3.60821,40.7299,266.668,0.56872
0.508889,0.105556,0.37,0,0.0422222,0.198889,0.00222222,0.154444,0.186667,0.297778,0.236667,0.924444,0.538889,0.947778,0.0611111,0.321111,0.385556,0.196667,2.45333,0.17,0.997778,0,0.232222,0.504444,0,0,0.00111111,0,0.00333333,0.00111111,0,0,0.172222,0,0,0.0255556,0.0911111,0,0.00111111,0.04,0.00666667,0.01,0,0.0255556,0.0644444,0.0133333,0.0222222,0.0633333,0.0175556,0.192778,0.000222222,0.418778,0.289778,0.112222,4.24444,125.333,3531.56,0.888889
0.29,0.04,0.04,0,0.14,0.04,0,0.29,0.29,0.94,0.14,0.04,0.14,0,0.19,0.04,0.39,0.19,1.6,0.04,0.79,9.53,0.69,0.47,0,0,0,0,0,0,0,0,0,0,0,0.04,0,0,0.04,0,0,0,0,0,0.19,0,0,0,1.117,0.053,0,0.356,0.09,0.011,12.332,1171,9163,1
0.295,0.045,0.275,0,0.145,0.045,0,0.37,0.295,1.045,0.145,0.12,0.145,0,0.195,0.045,0.395,0.425,2.06,0.045,0.845,0,0.925,0.495,0,0,0,0,0,0,0,0,0,0,0,0.12,0,0,0.045,0.465,0,0,0,0,0.095,0,0,0,0.0575,0.0745,0,0.2145,0.078,0.0055,39.1215,1338,2651,1
0.01,0.01,0.07,0,0.05,0,0,0.01,0.03,0.13,0.05,0,0,0.05,0,0,0.01,0.07,0.01,0,0.01,0,0,0,0,0,0,0,0,0,0,0,0.07,0,0,0.13,0,0,0,0.01,0.46,0,0,0.03,0,0.8,0.01,0.07,0.05,0.301,0.131,0.002,0.09,0.002,2.577,82,5395,0
0.5,0.25,0.42,0,0.08,0.23,0.02,0.35,0.35,0.69,0.21,0.9,0.5,0.92,0.02,0.33,0.42,0.02,3.05,0,1.43,0,0.94,0.46,0,0,0,0,0,0,0,0,0,0,0,0,0,0,0,0.02,0,0,0,0,0.02,0,0.02,0,0,0.069,0,0.325,0.523,0.124,6.723,445,4128,1
0.2,0.81,0.61,0,0,0,0,0,0.2,0,0,0.4,0,0,0,0.2,0,0,0.2,0,0.2,0,0,0.4,0,0,0,0,0,0,0,0,0,0,0,0,0,0,0,0,0,0,0,0,0,0,0,0,0,0,0,0.831,0.338,0.03,1102.5,2204,2205,1
0.153571,0.319286,0.419714,1.295,0.738429,0.178571,0.558286,0.194143,0.0717143,0.385857,0.101571,0.608857,0.129857,0.0565714,0.0142857,0.627429,1.08386,0.286571,2.285,0.402143,1.73,0,0.144571,0.188429,0.00814286,0.00814286,0,0,0,0.0138571,0,0,0.00857143,0,0.00671429,0.0448571,0.114,0.0222857,0.0341429,0.00485714,0,0,0,0,0.0692857,0.02,0,0,0.00505714,0.125071,0.0121714,0.617643,0.168571,0.0319286,8.38504,133.914,227.8,0.928571
0.278235,0.17,0.257059,0,0.0705882,0.0882353,0.0270588,0.121765,0.234118,0.387059,0.13,0.641176,0.292941,0.65,0.02,0.115294,0.227059,0.0782353,1.87059,0.00588235,0.904118,0.0752941,0.547647,0.262941,0.231176,0.138235,0.00941176,0.00176471,0.00176471,0.01,0,0,0.394706,0,0,0.0270588,0.192353,0.00294118,0.01,0.00588235,0.0188235,0.01,0.00352941,0.0217647,0.0447059,0.0352941,0.00764706,0.0282353,0.0270588,0.108118,0.00817647,0.180118,0.327765,0.0874118,5.91071,141.529,3254.24,0.764706
0,0.02,0.05,0,0.02,0,0,0.05,0,0.35,0,0.02,0,0,0,0.05,0.1,0.38,0.07,0.2,0.17,0,0,0,0.02,0,0,0,0,0,0,0,0,0,0,0,0,0,0,0,0,0,0,0,0,0,0,0,0,0.004,0,0.108667,0.0173333,0.0173333,3.922,489,3271,1
0.22,0.228333,0.263333,0,0.16,0.0633333,0.025,0.065,0.33,0.48,0.138333,0.453333,0.246667,0.551667,0.015,0.158333,0.225,0.0383333,1.60833,0.00333333,0.725,0,0.203333,0.28,0.285,0.295,0.00166667,0,0,0,0,0,0.443333,0,0.00166667,0.0266667,0.415,0.00666667,0,0.00333333,0.0166667,0.00333333,0.015,0.00333333,0.118333,0.055,0.00833333,0.0716667,0.0765,0.153333,0.0193333,0.213333,0.571833,0.0603333,4.38583,104.833,2427.83,0.666667
0.0815143,0.133886,0.3208,0.00931429,0.424257,0.186486,0.157457,0.110486,0.045,0.245143,0.0498857,0.594229,0.0872,0.00548571,0.0488571,0.249771,0.168314,0.229086,1.69903,0.108171,1.14266,0.0392286,0.148457,0.108286,0.553343,0.302029,0.192057,0.143486,0.0890857,0.134371,0.0634571,0.0594,0.0815714,0.0623714,0.104686,0.0992571,0.153457,0.000657143,0.102257,0.0851714,0.0386,0.0494286,0.0801714,0.0174571,0.231857,0.0978857,0.0076,0.0132857,0.0249086,0.15856,0.0202229,0.240257,0.0695314,0.01916,3.21065,26.5857,148.929,0.514286
0.4625,0.595,0.618333,0,0.220833,0.5425,0.0908333,0.411667,0.805833,0.9625,0.0641667,0.485,0.305,0.00833333,0.705,0.168333,0.285833,1.34,2.3725,0.73,1.48417,0.0258333,1.02083,0.521667,0,0,0,0,0,0,0,0,0.0275,0,0.105833,0.035,0,0,0,0,0,0,0.0158333,0,0.06,0,0,0,0.024,0.0573333,0.134833,0.424917,0.182083,0.0409167,13.6958,473.917,960.833,1
0,0,0,0,0,0,0,0,0,0,0,0,0,0,0,0.58,0,0,0,0,0,0,0,0,0,0,1.46,0.29,0,0.58,0,0,0,0,0,0,0.58,0,0,0,0,0,0,0,0,0,0,0,0,0.018,0,0,0,0,251,1488,1506,0
0.226471,0.315294,0.601765,0.0558824,0.431765,0.341176,0.164118,0.202941,0.421765,0.688824,0.260588,0.661765,0.222941,0.104706,0.332353,0.263529,0.241765,0.412353,1.98588,0.137059,1.48529,0.01,0.364118,0.298235,0.548824,0.231176,0.0141176,0,0,0.0429412,0,0,0.0794118,0,0.0423529,0.0141176,0.192353,0.0505882,0.0141176,0.0429412,0,0.0429412,0.02,0.0288235,0.0876471,0.0841176,0,0,0.000705882,0.186,0.00876471,0.645235,0.247647,0.0516471,9.96018,302.059,738.765,0.941176
0.21,0.448824,0.646471,0.0823529,0.291176,0.0241176,0.437647,0.0335294,0.169412,0.931176,0.145294,0.911765,0.0476471,0.0776471,0.177059,1.51235,0.374706,0.0370588,1.97235,0.135882,1.54941,0,0.0482353,0.146471,0.0317647,0.0470588,0.0170588,0.0341176,0,0,0,0,0,0.0170588,0.0341176,0.0135294,0.0358824,0,0,0,0,0,0,0,0.120588,0,0,0.0452941,0.0170588,0.0634706,0,0.830765,0.316118,0.0754118,40.6247,379.294,549.412,0.882353
0.105714,0.0914286,0.208571,0.00428571,0.132143,0.0628571,0.0235714,0.144286,0.0607143,0.164286,0.0607143,0.542857,0.0921429,0.0557143,0.0185714,0.194286,0.119286,0.162857,0.867857,0.0514286,0.392857,0.318571,0.0878571,0.0957143,0.215,0.0921429,0.00642857,0.00571429,0.0107143,0.0364286,0.0257143,0,0.181429,0,0.00928571,0.134286,0.252857,0.0114286,0.0228571,0.0242857,0.0635714,0.0107143,0.0185714,0.0357143,0.0207143,0.267857,0.00357143,0.0892857,0.0672857,0.163071,0.0368571,0.126357,0.0576429,0.0433571,3.56836,99.5714,1856.71,0.214286
0.0493333,0.110667,0.295,0.638667,0.264333,0.0783333,0.0943333,0.0413333,0.318667,0.232667,0.067,0.347,0.0576667,0.0443333,0.147,0.250667,0.0486667,0.213,1.26967,0.260333,0.751333,1.29067,0.0903333,0.045,0.352667,0.18,0.018,0.0273333,0.0103333,0.014,0.023,0,0.029,0,0.171333,0.007,0.131,0.00133333,0.007,0.0256667,0,0.0486667,0,0.0113333,0.0483333,0.037,0.004,0.004,0.0201,0.1714,0.0133,0.193567,0.102733,0.124833,5.69543,78.4333,1281.93,0.666667
