0.0605263,0.244211,0.36807,0.00859649,0.639825,0.164035,1.06333,0.240175,0.208596,0.519123,0.222982,0.648947,0.0478947,0.022807,0.0161404,0.638246,0.785439,0.300526,2.20333,0.19,1.61053,0,0.135789,0.100175,0.0473684,0.0138596,0.115614,0.0349123,0.00877193,0.00438596,0.127018,0,0,0.0126316,0.0594737,0.0133333,0.108246,0,0.0517544,0.333333,0,0.00350877,0,0,0.174737,0,0,0.0175439,0.0112456,0.153632,0.0104211,0.423193,0.095614,0.0428246,25.2799,214.281,388.439,0.754386
0.0957346,0.103507,0.346019,0.00412322,0.352607,0.113365,0.157062,0.15128,0.0710427,0.269953,0.100142,0.505735,0.120664,0.0449289,0.015782,0.299763,0.191327,0.20346,1.59915,0.115355,0.853128,0.0164929,0.137773,0.0812796,0.542038,0.277156,0.101232,0.133744,0.048436,0.100047,0.0534597,0.0299526,0.180758,0.0299526,0.104502,0.103697,0.200758,0.0104739,0.0510427,0.0667773,0.00526066,0.0337441,0.0610427,0.0612796,0.140379,0.0812322,0.00516588,0.0279147,0.0200142,0.148355,0.0168531,0.259962,0.0678199,0.028346,3.33705,36.0521,202.123,0.516588
0.123173,0.152212,0.386827,0.137596,0.296442,0.119135,0.0879808,0.184135,0.423558,0.510385,0.121923,0.540481,0.127885,0.0642308,0.134423,0.267692,0.150288,0.367981,1.41615,0.175096,0.925096,0.902885,0.124135,0.196154,0.495385,0.149135,0.03,0.0244231,0.00548077,0.0263462,0.0195192,0.00182692,0.121635,0.00365385,0.123558,0.0320192,0.137212,0.00173077,0.0323077,0.0310577,0.00923077,0.0268269,0.00519231,0.0120192,0.03625,0.0361538,0.00634615,0.0283654,0.0588654,0.107587,0.0431154,0.358625,0.178442,0.10376,4.69535,77.2019,969.981,0.682692
0.0553268,0.873922,0.152614,0,0.257222,0.0414869,0.0159641,0.0490686,0.00616013,0.134395,0.00156863,0.372647,0.043317,0.0550163,0,0.147386,0.00867647,0.108154,1.8176,0.0341176,0.486324,0,0.00346405,0.0539706,0.24348,0.125425,0.54781,0.00960784,0.145327,0.0193137,0.0204248,0,0.120441,0,0.0422876,0.0183824,0.00874183,0.0478431,0.062451,0.00191176,0.0763725,0.372288,0.0246895,0.190621,0.83433,0.381078,0.00831699,0.0556373,0.0145245,0.0843987,0.0229248,0.253972,0.00446732,0,1.41115,2.90523,9.92484,0.0653595
0.155429,0.161857,0.823714,0.133571,0.691714,0.497857,0.269,0.145286,0.556143,0.496286,0.205143,0.654857,0.144286,0.0868571,0.925571,0.302286,0.123143,0.727571,1.517,0.789143,1.02771,0.0825714,0.506,0.138286,0.049,0.00128571,0.0208571,0.00685714,0,0.00828571,0,0,0.003,0.00542857,0.00414286,0,0.0177143,0,0,0.0384286,0,0,0.08,0.0114286,0.0428571,0.0348571,0,0,0.00825714,0.0784857,0.00107143,0.468929,0.158857,0.0214143,106.227,790.257,1399.94,0.985714
0,0,0,0,0,0,0,0,0,0,0,0,0,0,0,0.325203,0,0,0,0,0,0,0,0,0.0903252,0.116098,20.068,0,0,0,0,0,0,0,0,0,0,0,0,0,0,0.18065,0,0,0.0541463,0,0,0,0,0.0285203,0,0.00934146,0,0,1.20634,1.6748,5.45528,0
0.0910096,0.102933,0.315288,0.0105769,0.38649,0.130769,0.0990865,0.0948077,0.0656731,0.232308,0.0664423,0.537212,0.142837,0.025625,0.0494231,0.216779,0.196538,0.257308,1.54808,0.0995192,0.786587,0.309519,0.17875,0.0820192,0.585337,0.246683,0.112308,0.0749038,0.0645192,0.0765385,0.035625,0.0341827,0.0674038,0.0371635,0.0642308,0.0884615,0.163558,0.00125,0.0376923,0.0590385,0.0194231,0.0352885,0.0485096,0.0338462,0.156538,0.159423,0,0.0224038,0.0542067,0.159106,0.0267163,0.234639,0.118082,0.0593846,3.60435,40.4808,267.154,0.5625
0.157181,0.0943624,0.34302,0.00187919,0.321208,0.140336,0.0628859,0.178389,0.236443,0.277181,0.088255,0.738993,0.0983221,0.0980537,0.0226846,0.188792,0.273356,0.0995973,1.44503,0.169799,1.22128,0.211879,0.137315,0.164094,0.793221,0.154899,0.0146309,0.00563758,0.00644295,0.0131544,0.0112081,0.00100671,0.10349,0.00302013,0.0120134,0.0624832,0.16094,0.0165772,0.0227517,0.0208054,0.0679195,0.0768456,0.00932886,0.0158389,0.0603356,0.213356,0.00241611,0.00711409,0.0814564,0.169054,0.0170134,0.281946,0.0977584,0.0612416,4.25561,64.7315,584.624,0.577181
0.129028,0.327917,0.404861,1.25903,0.792917,0.192639,0.532778,0.18875,0.0783333,0.375139,0.09875,0.613056,0.12625,0.055,0.0491667,0.6175,1.025,0.346667,2.24583,0.390972,1.73861,0,0.145972,0.170278,0.00791667,0.00791667,0,0.00861111,0,0.0134722,0,0,0.00833333,0,0.00652778,0.0436111,0.110833,0.0216667,0.0331944,0.0488889,0,0,0,0,0.0741667,0.0194444,0,0,0.00491667,0.125319,0.0118333,0.621139,0.179556,0.0310417,8.26861,129.847,223.847,0.930556
0.102346,0.0934396,0.277039,0,0.219248,0.0593166,0.144146,0.0637358,0.0185649,0.257517,0.0443508,0.592369,0.102005,0.0285877,0.021344,0.245262,0.0715034,0.139453,1.83651,0.0141913,0.609499,0,0.0625968,0.0424829,0.692961,0.397039,0.324055,0.232528,0.159613,0.227335,0.148178,0.097631,0.120866,0.097631,0.227267,0.167654,0.200752,0.00612756,0.209909,0.111185,0.0707062,0.195786,0.0588155,0.127221,0.297198,0.234169,0,0.0301822,0.0153394,0.161237,0.0131139,0.220458,0.0531913,0.0436902,2.1209,10.0683,44.8907,0.234624
0.361,0.581,0.80175,0.02275,0.39725,0.2195,0.1945,0.274,0.3905,1.216,0.1315,1.16,0.12675,0.21475,0.3365,0.7075,0.205,0.43325,1.90525,0.26125,2.49825,0.01375,0.44725,0.24475,0.00625,0.01275,0,0,0,0,0,0,0.01625,0,0.04375,0.0105,0.08175,0.009,0,0,0,0,0.0045,0,0.06725,0.012,0,0.01925,0.01055,0.12565,0.044175,0.94615,0.234025,0.0672,38.5337,490.925,750.35,0.975
0.096,0.008,0.196,0.008,0.092,0.118,0,0.058,0.058,0.188,0.074,0.082,0.072,0,0.038,0.088,0.078,0.076,0.608,0.008,0.242,1.906,0.138,0.11,0,0,0,0,0,0,0,0,0,0.028,0,0.008,0,0,0.016,0,0,0,0,0,0.038,0,0,0,0.4302,2.0094,0.009,0.3924,0.375,0.4024,57.5034,2297.8,10648.8,1
0.0600454,0.0560317,0.277959,0,0.266735,0.0439229,0.0619048,0.0390703,0.0365306,0.105329,0.0164626,0.675601,0.0580726,0.070839,0.00798186,0.16576,0.04678,0.145397,1.77726,0.0180272,0.464717,0,0.017551,0.0893878,1.14288,0.491859,0.430408,0.222562,0.303741,0.246735,0.197914,0.162154,0.055941,0.162154,0.210998,0.210726,0.145624,0.0166893,0.0870522,0.171633,0.0737415,0.275533,0.0226531,0.12161,0.492426,0.149161,0.00231293,0.0472789,0.0315782,0.15985,0.0115896,0.184782,0.0179615,0.0138322,1.94325,6.85261,27.0045,0.15873
0.1563,0.079125,0.240925,0.003325,0.191775,0.066,0.10635,0.106775,0.0261,0.172925,0.09215,0.578625,0.090675,0.0121,0.024125,0.187875,0.12025,0.185325,1.57033,0.01315,1.0927,0,0.043575,0.0855,0.737475,0.3355,0.2363,0.24985,0.089,0.1577,0.067825,0.05405,0.1882,0.05405,0.160825,0.105875,0.26415,0.00585,0.095325,0.056125,0.033525,0.0989,0.091625,0.092575,0.27615,0.2382,0.0044,0.031075,0.016745,0.168335,0.0171825,0.268665,0.0553075,0.05822,2.64564,15,65.6325,0.345
0.0612,0.0896,0.24776,0,0.536,0.1172,0.25912,0.08624,0.05168,0.27904,0.06968,0.45232,0.15824,0.03872,0.10344,0.48336,0.16064,0.2748,2.17576,0.28544,0.90976,0.04424,0.13144,0.1276,0.08352,0.08432,0.03616,0.0916,0,0.02496,0,0,0.02968,0,0.03144,0.04728,0.04176,0,0.04872,0.0356,0.00208,0.0704,0.0056,0.04232,0.27192,0.30536,0,0.00264,0.008296,0.08404,0.002184,0.207376,0.051744,0.185856,4.99894,54.04,106.208,0.528
0.148723,0.0802492,0.296636,0.0076324,0.4219,0.128879,0.115109,0.11514,0.0307788,0.157695,0.0328349,0.483427,0.0854206,0.00909657,0.0198442,0.294393,0.16,0.163988,1.71153,0.0228037,0.935732,0.0208723,0.133988,0.0621807,0.540748,0.380935,0.237196,0.184112,0.0884424,0.12972,0.05919,0.0545483,0.0865109,0.0605919,0.138006,0.133364,0.149346,0.00339564,0.109969,0.0611838,0.042866,0.041215,0.084891,0.0541121,0.286324,0.124579,0.000872274,0.0442991,0.0243115,0.142318,0.0224984,0.297486,0.0803333,0.0206293,2.46002,17.9034,122.673,0.476636
0.30617,0.144894,0.280426,0.0917021,0.0723404,0.106809,0.0193617,0.139787,0.221064,0.399574,0.144681,0.630213,0.341064,0.652766,0.0255319,0.158936,0.276596,0.12,1.86936,0.0476596,0.868511,0.0334043,0.447021,0.28766,0.0951064,0.0604255,0.00510638,0.00148936,0.00212766,0.00382979,0,0,0.309362,0,0,0.0297872,0.176383,0.00148936,0.00659574,0.017234,0.0246809,0.00765957,0.00446809,0.0159574,0.0421277,0.0568085,0.00978723,0.0502128,0.0292553,0.115766,0.00757447,0.24734,0.329319,0.0877872,5.44715,185.447,3357.47,0.744681
0.0753788,0.138523,0.337879,0.00306818,0.379318,0.183106,0.139205,0.103106,0.0561364,0.236705,0.0455682,0.619621,0.0768561,0.00772727,0.0142803,0.247879,0.132159,0.22803,1.62436,0.0765909,1.11155,0.0494318,0.129053,0.105682,0.586818,0.315833,0.199848,0.129394,0.1025,0.129697,0.0670833,0.0616667,0.083447,0.0616667,0.107879,0.0981818,0.183485,0.000871212,0.112235,0.0821212,0.0992803,0.0454545,0.0895076,0.0201136,0.201742,0.172424,0.0100758,0.0217424,0.04175,0.151636,0.01975,0.212371,0.0720606,0.0238674,3.11583,25.1364,158.595,0.473485
0.160521,0.188021,0.38625,0.455833,0.290208,0.147292,0.0482292,0.1125,0.335729,0.350833,0.0761458,0.692708,0.200937,0.150729,0.205729,0.123854,0.158229,0.200625,1.74552,0.140417,1.00625,0,0.122396,0.214271,0.755208,0.178646,0.0279167,0.0204167,0.0136458,0.0332292,0.018125,0.00447917,0.074375,0.00447917,0.0319792,0.0539583,0.0946875,0.00666667,0.0183333,0.0401042,0.0078125,0.129896,0.0353125,0.0128125,0.041875,0.0215625,0.00479167,0.020625,0.127104,0.154135,0.0161562,0.853125,0.239729,0.0252396,4.39967,85.2812,739.562,0.59375
0.116104,0.137792,0.234935,0.67961,0.409351,0.111429,0.0611039,0.110584,0.222662,0.228182,0.0911039,0.675325,0.120909,0.0444156,0.0425974,0.199805,0.232922,0.166039,1.63429,0.0744156,0.727143,0.75987,0.17526,0.133961,0.668896,0.193442,0.0612338,0.0307792,0.0261688,0.0320779,0.0120779,0.0135065,0.0812338,0.00831169,0.0407143,0.0734416,0.120714,0.0224675,0.018961,0.0116883,0.0330519,0.0468182,0.0183117,0.0106494,0.0623377,0.0823377,0.0205844,0.0234416,0.105701,0.125617,0.0127338,0.173851,0.091026,0.0872338,4.46466,46.6818,463.273,0.558442
0.0915714,0.129714,0.267571,0.273714,0.271429,0.0787143,0.065,0.0625714,0.291,0.379429,0.0832857,0.465571,0.135571,0.143714,0.0925714,0.279857,0.0828571,0.248714,1.37257,0.250571,0.908,0.857571,0.0971429,0.093,0.367571,0.172286,0.0305714,0.0182857,0.00842857,0.0158571,0.032,0.00128571,0.0765714,0.00128571,0.0991429,0.0232857,0.164143,0.000571429,0.0164286,0.0384286,0.00957143,0.0348571,0.0112857,0.011,0.0407143,0.0484286,0.0157143,0.0377143,0.034,0.153971,0.0199857,0.225086,0.1278,0.102971,6.30633,105.857,1230.47,0.6
0.0855331,0.11147,0.231556,0.00389049,0.314294,0.0710951,0.118386,0.186916,0.0590778,0.304323,0.0612968,0.52317,0.0616427,0.0696542,0.0528242,0.302046,0.130231,0.172738,1.58628,0.0444669,0.757752,0.0237176,0.0891354,0.0774928,0.607262,0.400115,0.236023,0.268617,0.0879251,0.137839,0.0775793,0.0787896,0.0882709,0.0787896,0.127291,0.172565,0.133458,0.00616715,0.114524,0.0674063,0.0253026,0.0527378,0.0796542,0.102421,0.27121,0.184841,0.0111239,0.0265706,0.0205389,0.163173,0.0130432,0.252461,0.0595533,0.0307176,2.55474,14.7464,89.6455,0.417867
0.153478,0.124783,0.265435,0.00804348,0.295435,0.106304,0.0395652,0.230435,0.203696,0.299348,0.0923913,0.540435,0.148261,0.0695652,0.0623913,0.32413,0.210435,0.185652,1.49261,0.128696,0.707826,0.652609,0.261522,0.233478,0.461087,0.0893478,0.00586957,0.00543478,0.00326087,0.023913,0.0104348,0,0.0884783,0.00282609,0.0106522,0.118043,0.160217,0.00934783,0.0213043,0.0245652,0.0193478,0.00326087,0.0073913,0.0245652,0.0297826,0.0973913,0.0023913,0.0397826,0.0394565,0.123587,0.0373696,0.200739,0.163326,0.101739,5.77274,124.522,1677.87,0.543478
0.132454,0.117975,0.374172,0.0220245,0.300552,0.083865,0.0907975,0.15773,0.132331,0.300307,0.0700613,0.493742,0.0968712,0.0333129,0.0523926,0.272331,0.20773,0.223497,1.59699,0.181227,0.921472,0.641902,0.143804,0.0917791,0.441902,0.181411,0.0732515,0.0726994,0.0534969,0.0541718,0.0392025,0.0182822,0.0406135,0.0182822,0.0509202,0.0639264,0.15816,0.0234356,0.0376074,0.069816,0.0198773,0.0482822,0.0420245,0.0469939,0.117546,0.161288,0.0177914,0.0442331,0.252006,0.148252,0.0137791,0.297227,0.141742,0.144227,4.1172,52.7485,351.27,0.552147
0.314865,0.276757,0.336486,0.00351351,0.248919,0.0745946,0.0389189,0.149459,0.425676,0.528919,0.214054,0.579189,0.367838,0.723243,0.0859459,0.259189,0.332432,0.11027,2.41297,0.0359459,1.0927,0.0454054,0.393784,0.371622,0.0959459,0.0994595,0.00162162,0.000540541,0.000540541,0,0,0,0.123243,0,0.00189189,0.0321622,0.133784,0.00297297,0.00243243,0.0391892,0.00432432,0.00216216,0.00621622,0.00378378,0.0594595,0.0194595,0.00189189,0.0156757,0.0328378,0.100892,0.0108919,0.335595,0.430541,0.0987568,7.64754,346.757,2344.32,0.864865
