0.120903,0.135613,0.239548,0.675226,0.410516,0.112581,0.0625806,0.109871,0.223097,0.238194,0.0905161,0.672839,0.120129,0.044129,0.0423226,0.204065,0.240774,0.162839,1.67032,0.0739355,0.739355,0.754968,0.174129,0.133097,0.648516,0.188194,0.0608387,0.0305806,0.026,0.031871,0.012,0.0134194,0.0807097,0.0110323,0.0404516,0.0716774,0.118645,0.0223226,0.0188387,0.0116129,0.0328387,0.0465161,0.0181935,0.0105806,0.0619355,0.0818065,0.0204516,0.022,0.105019,0.126677,0.0126516,0.184406,0.0938323,0.0871871,4.54206,47.6387,463.181,0.567742
0,0,0,0,0,0,0,0,0,0,0,0,0,0,0,0.325203,0,0,0,0,0,0,0,0,0.0903252,0.116098,20.068,0,0,0,0,0,0,0,0,0,0,0,0,0,0,0.18065,0,0,0.0541463,0,0,0,0,0.0285203,0,0.00934146,0,0,1.20634,1.6748,5.45528,0
0.4672,0.7208,0.7428,0.3664,0.3468,0.2716,0.0656,0.4024,0.4188,1.3644,0.0604,1.4292,0.1212,0.2716,0.3344,0.2872,0.1692,0.6348,2.064,0.3444,3.2556,0.0152,0.5196,0.2464,0,0,0,0,0,0,0,0,0.0132,0,0.0508,0.0168,0.0148,0,0,0,0,0,0.0076,0,0.0248,0,0,0,0.027,0.14768,0.06472,0.95372,0.17836,0.06036,39.2918,602.2,882.64,1
0.0854462,0.142585,0.3208,0.00606154,0.427723,0.187938,0.164954,0.108092,0.0479077,0.241662,0.0520923,0.628585,0.0908923,0.00590769,0.0516615,0.245938,0.162708,0.236154,1.69763,0.112338,1.15683,0.0401538,0.153108,0.113662,0.536,0.298431,0.1912,0.137446,0.0827692,0.125323,0.0596308,0.0575692,0.0868,0.0607692,0.101292,0.0911385,0.159631,0.000707692,0.103169,0.0839385,0.0387385,0.0458769,0.0759077,0.0152,0.215785,0.0783385,0.00818462,0.0131077,0.0225446,0.15816,0.0207538,0.234422,0.0717077,0.0175046,3.25174,27.16,150.363,0.510769
0.0928986,0.0873913,0.265942,0.277681,0.258841,0.0771014,0.065942,0.0634783,0.295217,0.362899,0.0817391,0.461304,0.134783,0.145797,0.093913,0.283913,0.0591304,0.246812,1.34826,0.248696,0.882464,0.87,0.0985507,0.0943478,0.372899,0.174783,0.0310145,0.0185507,0.00855072,0.016087,0.0324638,0.00130435,0.0776812,0.00130435,0.10058,0.0236232,0.166522,0.00057971,0.0166667,0.0389855,0.00971014,0.0353623,0.00869565,0.0111594,0.0413043,0.0491304,0.015942,0.0382609,0.0344928,0.153725,0.0202754,0.224087,0.127522,0.104116,6.15028,101.159,1231.72,0.594203
0.30617,0.144894,0.280426,0.0917021,0.0723404,0.106809,0.0193617,0.139787,0.221064,0.399574,0.144681,0.630213,0.341064,0.652766,0.0255319,0.158936,0.276596,0.12,1.86936,0.0476596,0.868511,0.0334043,0.447021,0.28766,0.0951064,0.0604255,0.00510638,0.00148936,0.00212766,0.00382979,0,0,0.309362,0,0,0.0297872,0.176383,0.00148936,0.00659574,0.017234,0.0246809,0.00765957,0.00446809,0.0159574,0.0421277,0.0568085,0.00978723,0.0502128,0.0292553,0.115766,0.00757447,0.24734,0.329319,0.0877872,5.44715,185.447,3357.47,0.744681
0.0939048,0.103333,0.315333,0.0104762,0.383762,0.134238,0.0993333,0.117333,0.0650476,0.24419,0.0681905,0.539619,0.145,0.025381,0.0489524,0.219857,0.215095,0.257429,1.57538,0.104095,0.794667,0.306571,0.174762,0.0812381,0.579762,0.244333,0.111238,0.0741905,0.0639048,0.0758095,0.0352857,0.0338571,0.0667619,0.0368095,0.063619,0.087619,0.162,0.0012381,0.0373333,0.0584762,0.0192381,0.0349524,0.0480476,0.0335238,0.152762,0.157905,0,0.0221905,0.0536905,0.158062,0.0264619,0.239405,0.116138,0.0590381,3.60057,40.6714,267.067,0.566667
0.0551923,0.2075,0.333462,0,0.7075,0.179615,1.12442,0.286154,0.253654,0.5075,0.237115,0.637692,0.0298077,0.0205769,0.0176923,0.486154,0.832885,0.293077,2.16442,0.233462,1.72308,0.0165385,0.109615,0.106154,0.0519231,0.0151923,0.126731,0.0382692,0.00961538,0.00480769,0.139231,0,0,0.00557692,0.0651923,0.0101923,0.0992308,0,0.0567308,0.365385,0,0.00384615,0,0.00538462,0.167692,0,0,0.0192308,0.00932692,0.146481,0.0114231,0.400846,0.0858077,0.0425,27.5354,208.096,368.327,0.730769
0.119103,0.320513,0.419359,1.16218,0.760769,0.177051,0.491026,0.143974,0.0642308,0.300256,0.0911538,0.631667,0.107051,0.0507692,0.0453846,0.599231,0.97141,0.367051,2.22833,0.387949,1.7259,0.0208974,0.169487,0.157179,0.00730769,0.00730769,0,0.00794872,0,0.0124359,0,0,0.00769231,0,0.00602564,0.0402564,0.102308,0.02,0.030641,0.0538462,0,0,0,0.00705128,0.0808974,0.0179487,0,0,0.00453846,0.117821,0.0109231,0.609154,0.187231,0.0377564,7.5571,124.397,220.808,0.935897
0.0819204,0.106651,0.220843,0.00316159,0.293653,0.0695785,0.153044,0.158548,0.0507494,0.290984,0.0578689,0.477471,0.0868384,0.0644731,0.0181265,0.316581,0.123536,0.188946,1.81098,0.0651522,0.797611,0.0246838,0.0806089,0.0749649,0.508361,0.350047,0.232248,0.231874,0.0683138,0.124052,0.0635363,0.067377,0.0679391,0.067377,0.111897,0.135363,0.130304,0.00608899,0.0983138,0.0553162,0.0245199,0.0610773,0.0740515,0.0870492,0.294707,0.217822,0.0102342,0.0254801,0.0182272,0.145487,0.0101522,0.250953,0.0539696,0.0354614,2.85939,19.911,85.5012,0.419204
0.129773,0.186477,0.391477,0.486477,0.268523,0.113636,0.0422727,0.0998864,0.310114,0.31125,0.0609091,0.724318,0.190795,0.157841,0.160227,0.122386,0.148068,0.157273,1.63489,0.12875,0.912159,0,0.115114,0.178409,0.786705,0.156705,0.0286364,0.0222727,0.0148864,0.0279545,0.0197727,0.00488636,0.0759091,0.00488636,0.0321591,0.0576136,0.108182,0.00159091,0.0172727,0.0342045,0.00852273,0.133409,0.0367045,0.00840909,0.0398864,0.0127273,0.00522727,0.0225,0.141011,0.148398,0.0182727,0.860818,0.21575,0.0219432,4.01706,64.3636,741.216,0.534091
0.137085,0.0703207,0.276589,0.00376093,0.454694,0.101924,0.11102,0.101983,0.0438484,0.169971,0.0388921,0.480671,0.083586,0.014898,0.0466472,0.352711,0.153032,0.161778,1.65172,0.0259184,0.819708,0.0289213,0.117026,0.0708455,0.497318,0.341166,0.224052,0.194781,0.091691,0.106443,0.0599417,0.0524781,0.0797085,0.055102,0.133994,0.144723,0.151312,0.00317784,0.110262,0.0651604,0.0346939,0.0467055,0.0897376,0.0724198,0.272741,0.17312,0.000816327,0.0406414,0.0227085,0.136598,0.0197405,0.27177,0.0762857,0.078688,2.82602,22.4344,116.178,0.463557
0.153478,0.124783,0.265435,0.00804348,0.295435,0.106304,0.0395652,0.230435,0.203696,0.299348,0.0923913,0.540435,0.148261,0.0695652,0.0623913,0.32413,0.210435,0.185652,1.49261,0.128696,0.707826,0.652609,0.261522,0.233478,0.461087,0.0893478,0.00586957,0.00543478,0.00326087,0.023913,0.0104348,0,0.0884783,0.00282609,0.0106522,0.118043,0.160217,0.00934783,0.0213043,0.0245652,0.0193478,0.00326087,0.0073913,0.0245652,0.0297826,0.0973913,0.0023913,0.0397826,0.0394565,0.123587,0.0373696,0.200739,0.163326,0.101739,5.77274,124.522,1677.87,0.543478
0.131543,0.118704,0.374753,0.0221605,0.302407,0.0826543,0.0896296,0.156975,0.13142,0.295062,0.0704938,0.491481,0.0921605,0.0335185,0.052716,0.274012,0.209012,0.224877,1.58901,0.182346,0.918272,0.640556,0.144691,0.0906173,0.44463,0.182531,0.0737037,0.0731481,0.0538272,0.0545062,0.0394444,0.0183951,0.0408642,0.0183951,0.0512346,0.064321,0.159136,0.0235802,0.0378395,0.0702469,0.02,0.0485802,0.042284,0.0455556,0.118272,0.162284,0.0179012,0.0445062,0.253562,0.149167,0.0138642,0.295642,0.141253,0.144093,4.10972,52.2099,351.333,0.549383
0.314865,0.276757,0.336486,0.00351351,0.248919,0.0745946,0.0389189,0.149459,0.425676,0.528919,0.214054,0.579189,0.367838,0.723243,0.0859459,0.259189,0.332432,0.11027,2.41297,0.0359459,1.0927,0.0454054,0.393784,0.371622,0.0959459,0.0994595,0.00162162,0.000540541,0.000540541,0,0,0,0.123243,0,0.00189189,0.0321622,0.133784,0.00297297,0.00243243,0.0391892,0.00432432,0.00216216,0.00621622,0.00378378,0.0594595,0.0194595,0.00189189,0.0156757,0.0328378,0.100892,0.0108919,0.335595,0.430541,0.0987568,7.64754,346.757,2344.32,0.864865
0,14.1478,0,0,0,0,0,0,0,0.132222,0,0,0,0,0,0,0,0,0,0,0,0,0,0,0,0,0,0,0,0,0,0,0,0,0,0,0,0,0,0,0,0,0,0,0.132222,0,0,0,0,0,0,0,0,0,1.77778,4.88889,9.02778,0
0.151343,0.146716,0.826866,0.00283582,0.707612,0.520149,0.272836,0.136716,0.56597,0.458209,0.203284,0.601194,0.150746,0.0797015,0.967015,0.304776,0.11209,0.760149,1.5091,0.820448,0.926119,0.0862687,0.517612,0.144478,0.051194,0.00134328,0.021791,0.00716418,0,0.00865672,0,0,0.00313433,0.00567164,0.00432836,0,0.0129851,0,0,0.0401493,0,0,0.0835821,0.0119403,0.0447761,0.0364179,0,0,0.00285075,0.0761343,0.0011194,0.448209,0.160104,0.019791,108.883,790.104,1415.94,0.985075
0.0796399,0.0740098,0.245434,0,0.234517,0.0567921,0.0835025,0.0464975,0.0370376,0.191637,0.0237152,0.574386,0.0868412,0.0463502,0.00942717,0.225908,0.0538789,0.129313,1.79681,0.00972177,0.568003,0,0.0394763,0.0614894,1.03327,0.500524,0.451522,0.270671,0.268478,0.260344,0.220262,0.171669,0.0853846,0.171669,0.248707,0.238363,0.18018,0.0136661,0.158085,0.178822,0.0860556,0.237005,0.0433552,0.128183,0.434337,0.167643,0.00166939,0.0342717,0.0221489,0.16847,0.0143142,0.197149,0.0455941,0.01482,2.05431,8.60065,34.5794,0.193126
0.096,0.008,0.196,0.008,0.092,0.118,0,0.058,0.058,0.188,0.074,0.082,0.072,0,0.038,0.088,0.078,0.076,0.608,0.008,0.242,1.906,0.138,0.11,0,0,0,0,0,0,0,0,0,0.028,0,0.008,0,0,0.016,0,0,0,0,0,0.038,0,0,0,0.4302,2.0094,0.009,0.3924,0.375,0.4024,57.5034,2297.8,10648.8,1
0.219062,0.405938,0.650312,0.0734375,0.365938,0.18125,0.319688,0.125625,0.314063,0.860625,0.215625,0.77125,0.14375,0.096875,0.270625,0.930625,0.3275,0.23875,1.85531,0.145,1.52562,0.0053125,0.193438,0.223438,0.299375,0.13875,0.0075,0,0,0.0228125,0,0,0.0421875,0,0.0225,0.0146875,0.12125,0.026875,0.0075,0.0228125,0,0.0228125,0.010625,0.0153125,0.110625,0.0446875,0,0.0240625,0.0094375,0.125656,0.00465625,0.753812,0.231156,0.0675,25.445,340.531,656.719,0.9375
0.0949785,0.0956223,0.36073,0.00373391,0.347554,0.13515,0.149013,0.151545,0.0686266,0.253348,0.0961373,0.484936,0.117682,0.0428755,0.0180258,0.29103,0.157468,0.183133,1.55142,0.11309,0.867167,0.00793991,0.154378,0.0819742,0.577983,0.313476,0.104077,0.135579,0.0606009,0.113391,0.0539056,0.0287124,0.165365,0.0287124,0.108412,0.105579,0.21176,0.00948498,0.0603863,0.0602575,0.0732189,0.0330472,0.061073,0.0581974,0.15382,0.185751,0.00467811,0.0342489,0.042,0.149597,0.0163991,0.235845,0.0749828,0.0270901,3.11885,32.4249,198.725,0.48927
0.151344,0.0736253,0.270061,0.00270876,0.191527,0.061833,0.123218,0.105764,0.0165784,0.179043,0.0852342,0.637373,0.0766802,0.00761711,0.0341752,0.178921,0.0987576,0.181874,1.5577,0.0128717,0.92222,0,0.0397556,0.0731976,0.782424,0.367658,0.195356,0.233218,0.106517,0.190448,0.0817923,0.0537271,0.192566,0.0537271,0.188106,0.116701,0.235051,0.00545825,0.116884,0.0651935,0.0374134,0.136354,0.0712627,0.102261,0.254949,0.264582,0.00254582,0.0343585,0.0137454,0.159151,0.0135275,0.262238,0.040831,0.0744297,2.45302,12.6986,59.7312,0.305499
0.158278,0.105166,0.345563,0.0018543,0.333046,0.142384,0.0674172,0.178013,0.240265,0.291523,0.0878146,0.73457,0.111854,0.0993377,0.0362252,0.209073,0.272583,0.110464,1.47377,0.16755,1.22874,0.209073,0.156556,0.173974,0.779139,0.153179,0.0139073,0.00556291,0.00635762,0.0129801,0.0110596,0.000993378,0.0983444,0.00298013,0.0118543,0.0625828,0.161325,0.0163576,0.0224503,0.0212583,0.0670199,0.0758278,0.0092053,0.0156291,0.0613907,0.21053,0.00238411,0.00834437,0.0794834,0.171066,0.0164106,0.286536,0.11549,0.060596,4.33286,67.6424,583.517,0.589404
0.124369,0.15301,0.389223,0.138932,0.297961,0.119612,0.088835,0.185922,0.42767,0.51534,0.123107,0.532718,0.128447,0.0634951,0.135728,0.270291,0.145631,0.371553,1.42854,0.176796,0.934078,0.91165,0.12466,0.198058,0.470777,0.150583,0.0302913,0.0246602,0.00553398,0.0266019,0.0197087,0.00184466,0.122816,0.00368932,0.124757,0.0316505,0.136505,0.00174757,0.0326214,0.0313592,0.00932039,0.0270874,0.00524272,0.0121359,0.0366019,0.0365049,0.00640777,0.0286408,0.0586214,0.106913,0.043534,0.362107,0.180175,0.104767,4.71909,77.699,971.097,0.68932
0.0544526,0.052,0.202161,0,0.279723,0.0392993,0.0268905,0.0472409,0.00788321,0.132715,0.00585401,0.473591,0.0497664,0.0717372,0,0.148029,0.0197518,0.127898,1.94247,0.0392701,0.498453,0,0.00309489,0.0690365,0.298146,0.135518,0.531854,0.0149197,0.155854,0.0324672,0.0182482,0,0.115606,0,0.0433869,0.0174161,0.0282774,0.0440584,0.0686715,0.00310949,0.0742482,0.376409,0.0246569,0.18981,0.803533,0.362876,0.00743066,0.0600146,0.0211577,0.0990219,0.0226307,0.256927,0.00418832,0.00127591,1.44703,3.17664,11.6759,0.0788321
