0.0434778,0.576723,0.173784,0,0.23408,0.0316385,0.0245243,0.0384355,0.010148,0.113214,0.00772727,0.427949,0.042685,0.0544926,0.00179704,0.162199,0.0149789,0.097537,1.62596,0.0297674,0.397357,0,0.00224101,0.0711099,0.277104,0.145074,3.04365,0.0108034,0.126681,0.0296617,0.0132135,0,0.0929493,0,0.037537,0.012611,0.0312051,0.0333827,0.0556871,0.00459831,0.0608245,0.32481,0.0187632,0.145962,0.642125,0.282326,0.00538055,0.0472516,0.0180803,0.0888214,0.0171216,0.211649,0.00448309,0.00199789,1.47295,3.36469,12.1913,0.0750529
0.05,0.101515,0.273939,0.580606,0.243636,0.0751515,0.0815152,0.0390909,0.314545,0.211515,0.0521212,0.331212,0.0524242,0.040303,0.133636,0.201515,0.0557576,0.151818,1.15333,0.236667,0.693636,1.17333,0.0821212,0.0409091,0.37,0.21697,0.0230303,0.0118182,0.0151515,0.0127273,0.0209091,0,0.069697,0,0.155758,0.0178788,0.140303,0.00121212,0.00636364,0.0260606,0.00212121,0.0442424,0,0.0133333,0.0439394,0.0336364,0.00363636,0.00363636,0.0396364,0.168182,0.0273636,0.152818,0.0707879,0.113818,5.48512,78.6061,1298.58,0.575758
0.19,0,0.38,0,0,0.19,0,0,0,0,0.19,0.19,0,0,0,0.38,0,0.19,1.14,0,0.38,0,0,0,0,0,0,0,0,0,0,0,0,0,0,0,0,0,0,0,0,0,0,0,0,0,0,0,0.01,0.01,0,0,0,0.003,2.383,21,15841,1
0,0,0.28,0,0.16,0.18,0,0,0,0,0.02,0.09,0.11,0,0,0,0,0,0.14,0,0.02,0,0,0.04,0,0,0,0,0,0,0,0,0,0.07,0,0,0,0,0.02,0,0,0,0,0,0,0,0,0,0,0.116,0.021,0.032,0,0,16.6155,154,9089,1
0,0,0,0.04,0,0,0,0,0,0,0,0,0,0,0,0.02,0,0,0.02,0,0,0,0,0,0,0,0,0,0,0,0,0,0,0,0,0,0,0,0,0,0,0,0,0,0,0,0,0,1.024,9.752,0.003,1.542,1.785,1.998,239.571,9989,10062,1
0,0.02,0.05,0,0.02,0,0,0.05,0,0.35,0,0.02,0,0,0,0.05,0.1,0.38,0.07,0.2,0.17,0,0,0,0.02,0,0,0,0,0,0,0,0,0,0,0,0,0,0,0,0,0,0,0,0,0,0,0,0,0.004,0,0.108667,0.0173333,0.0173333,3.922,489,3271,1
0.2,0,0.186923,0,0.47,0.0838462,0.122308,0,0.206923,0.269231,0.384615,0.620769,0.159231,0.410769,0,0.71,0.319231,0.0607692,2.16308,3.18385,1.67769,0.444615,0.38,0.234615,0,0,0,0,0,0,0,0,0.0276923,0,0,0,0,0,0.0523077,0,0,0,0.0230769,0,0.0169231,0,0,0.0169231,0,0.115846,0.00576923,0.370615,0.146077,0.102385,10.8302,464.385,1425.15,1
0.214762,0.135714,0.361111,0,0.422857,0.195238,0.0839683,0.184762,0.399048,0.387619,0.0944444,0.626825,0.0728571,0.19873,0.118571,0.164127,0.364921,0.0696825,1.5881,0.244921,1.2019,0.498413,0.072381,0.309524,0.433175,0.132698,0.0201587,0.0106349,0.00238095,0.00634921,0.0146032,0.00238095,0.0939683,0.00238095,0.0146032,0.0377778,0.104921,0.00936508,0.0120635,0.0326984,0.0196825,0.191746,0.011746,0.01,0.0652381,0.0665079,0.00873016,0,0.101587,0.141667,0.0118889,0.300302,0.151222,0.0540952,4.46319,85.6349,638.429,0.555556
0.392,0.362,0.398,0,0.364,0.062,0.038,0.174,0.58,0.566,0.316,0.652,0.538,1.006,0.374,0.192,0.352,0.212,2.734,0.064,1.18,0,0.634,0.42,0,0,0,0,0,0,0,0,0,0,0,0,0,0,0,0.012,0,0,0.024,0,0.036,0.012,0,0,0.01,0.0906,0,0.361,0.7502,0.104,7.587,565.8,2369.8,1
0.426923,0.549231,0.584615,0,0.217692,0.500769,0.0838462,0.38,0.785385,0.916154,0.0869231,0.516923,0.281538,0.0353846,0.650769,0.210769,0.263846,1.25077,2.39769,0.687692,1.42538,0.0238462,0.942308,0.523077,0,0,0,0,0,0,0,0,0.0253846,0,0.0976923,0.0323077,0,0.0276923,0,0,0,0,0.0284615,0,0.0553846,0,0,0,0.0221538,0.0529231,0.124462,0.440923,0.172923,0.0377692,13.3378,465.385,951.615,1
0.471538,0.860769,0.89,0,0.442308,0.0292308,0,0.413077,0.0569231,1.75462,0.0569231,2.32,0,0.522308,0,0.413077,0,0,1.93154,0,4.95692,0.0292308,0.0569231,0,0,0,0,0,0,0,0,0,0,0,0,0,0.0284615,0,0,0,0,0,0,0,0,0,0,0,0,0.232308,0,1.48692,0.177385,0.0787692,61.6854,691.692,800.692,1
0.225714,0.128571,0.182857,0,0.0728571,0.0728571,0.0328571,0.0685714,0.194286,0.23,0.107143,0.5,0.175714,0.541429,0.0442857,0.08,0.18,0.155714,1.43,0.00142857,0.491429,0.182857,0.4,0.242857,0.561429,0.335714,0.0157143,0,0.00285714,0.0242857,0,0,0.485714,0,0,0.0342857,0.208571,0.00714286,0.0242857,0.00285714,0.0185714,0.00428571,0.00142857,0.03,0.0728571,0.0471429,0.01,0.0142857,0.0548571,0.124143,0.0191429,0.135429,0.110429,0.0838571,7.99914,133.571,3321,0.714286
0.052,0.064,0.102,0,0.118,0.038,0,0.018,0.044,0.072,0,0.366,0.028,0.048,0.004,0.096,0.058,0.034,0.43,0.018,0.608,0,0.054,0.074,0.096,0.098,0.018,0.006,0.002,0,0,0,0.734,0,0,0.046,0.452,0,0,0.018,0.038,0.028,0.014,0.032,0.012,0.054,0.012,0.08,0.0594,0.1494,0.0122,0.0074,0.0278,0.001,2.2438,67.8,3171.2,0.4
0.131864,0.232542,0.438983,0,0.250508,0.125254,0.0432203,0.0976271,0.239322,0.289831,0.069661,0.820847,0.19339,0.0881356,0.153051,0.144915,0.118475,0.199322,1.60847,0.0645763,0.862034,0,0.145254,0.157966,0.899153,0.132203,0.0281356,0.0274576,0.0161017,0.0308475,0.0152542,0.00728814,0.0667797,0.00728814,0.0288136,0.0732203,0.104746,0.00237288,0.00847458,0.0413559,0.0127119,0.0918644,0.0528814,0.0115254,0.0261017,0.0171186,0,0.0269492,0.189644,0.154847,0.0134576,1.19636,0.28722,0.0151356,3.98783,54.678,733.373,0.576271
0.0981802,0.0712998,0.214783,0.00464471,0.241352,0.0598267,0.119757,0.159081,0.0433449,0.251075,0.0428769,0.526534,0.0933102,0.0467418,0.0259099,0.204229,0.115997,0.186898,1.62109,0.0240555,0.698423,0.00956672,0.0609705,0.0545061,0.699012,0.373362,0.217383,0.2626,0.0832929,0.149081,0.0705719,0.0539688,0.151594,0.0539688,0.144905,0.134003,0.221681,0.00499133,0.110156,0.0635875,0.0300173,0.0901386,0.0864471,0.101369,0.304142,0.205095,0.00571924,0.0350607,0.0178856,0.170603,0.016175,0.279376,0.0549463,0.0412617,2.67265,16.3813,74.3709,0.363951
0.236667,0.232381,0.324762,0,0.264762,0.0842857,0.0566667,0.127619,0.325238,0.424762,0.175714,0.568571,0.296667,0.536667,0.0309524,0.302857,0.284286,0.0957143,2.25381,0.0428571,1.04524,0.08,0.259524,0.290952,0.664762,0.0366667,0.000952381,0,0.000952381,0.0157143,0,0,0.0261905,0,0.0114286,0.0671429,0.0652381,0.000952381,0.0133333,0.0228571,0.0166667,0.0047619,0.0047619,0.0190476,0.0438095,0.07,0,0.042381,0.0160476,0.0957143,0.00504762,0.318048,0.282714,0.0954762,5.91224,141.905,2143.43,0.761905
0.1117,0.1274,0.2492,0.5293,0.3382,0.1085,0.0393,0.1326,0.2226,0.1757,0.0697,0.5537,0.113,0.0263,0.0297,0.2234,0.2081,0.1556,1.5557,0.0823,0.7385,0.5329,0.1385,0.1118,0.6633,0.1889,0.1084,0.0739,0.0563,0.052,0.0231,0.0231,0.0408,0.0231,0.0528,0.0781,0.1311,0.0508,0.0489,0.051,0.0249,0.0545,0.0428,0.0062,0.0887,0.0702,0.0088,0.0216,0.17553,0.13921,0.01438,0.19248,0.09848,0.06293,4.14903,47.36,413.41,0.51
0.0175556,0.315556,0.375556,0.891778,0.586222,0.189556,0.724444,0.07,0.0891111,0.294222,0.0277778,0.695778,0.0344444,0.0142222,0.0204444,0.299556,0.195556,0.436667,2.12489,0.0922222,1.26711,0.0606667,0.0206667,0.0473333,0.0633333,0.0428889,0.147111,0.0313333,0.032,0.032,0.160889,0,0,0,0.0908889,0.0117778,0.0417778,0,0.0417778,0.422222,0,0,0,0.0168889,0.214222,0.00977778,0,0,0.00304444,0.155911,0.0144889,0.348111,0.0217778,0.0375556,12.075,158.311,378.622,0.666667
0.112874,0.296667,0.395287,0,0.476322,0.133793,0.419425,0.151149,0.0874713,0.425632,0.135172,0.627241,0.119425,0.0713793,0.0483908,0.426897,0.439195,0.323678,1.89563,0.196897,1.18276,0.0187356,0.273218,0.0895402,0.181494,0.0708046,0.013908,0.116092,0.00689655,0.0922988,0.0114943,0.00689655,0.237701,0.00689655,0.11,0.101264,0.130115,0.017931,0.00643678,0.0755172,0.0121839,0.0416092,0.0101149,0.0170115,0.103908,0.057931,0,0,0.0114368,0.0893333,0.00116092,0.562391,0.100897,0.0299425,6.50984,80.3678,189.195,0.735632
0.195,0.5,0.4,0.095,0.58,0,0,0,0.39,0.19,0,0.2,0,0,0,0.1,0,0,0.195,0.19,0.39,0,0,0.2,0.095,0,0,0.095,0,0,0,0,0,0.19,0,0,0,0,0,0,0,0,0,0,0,0,0,0,0,0.035,0,0.4155,0.7295,0.015,1062,2123,2124,1
0.0791053,0.0616316,0.327105,0.00457895,0.333,0.158,0.0949474,0.144579,0.0704737,0.216579,0.0614737,0.485632,0.105368,0.0298421,0.0197895,0.257684,0.155263,0.139684,1.38168,0.112579,0.814316,0.00973684,0.112632,0.0897368,0.707263,0.369579,0.124053,0.122526,0.0740526,0.113368,0.0608421,0.0320526,0.108105,0.0320526,0.0881053,0.0987895,0.238895,0.0116316,0.0879474,0.0614211,0.0887368,0.0283684,0.0789474,0.068,0.165421,0.204316,0.00573684,0.0430526,0.0488368,0.167895,0.0204737,0.145405,0.0757263,0.0318,2.50459,22.0474,196.937,0.447368
0.108421,0.154211,0.471579,0.0119298,0.293333,0.127193,0.119298,0.192105,0.436491,0.554737,0.151053,0.456667,0.127895,0.0236842,0.132807,0.34807,0.142807,0.358947,1.47263,0.17,0.997368,0.198947,0.0922807,0.227719,0.343158,0.114737,0.0122807,0.0233333,0.00315789,0.0242105,0.015614,0,0.0575439,0.00508772,0.146491,0.0261404,0.122456,0.0022807,0.0385965,0.0317544,0.0145614,0.027193,0.00175439,0.00491228,0.0422807,0.0621053,0.00684211,0.0214035,0.0432807,0.115912,0.0488246,0.423368,0.234439,0.0502281,4.09577,75.5614,992.842,0.77193
0.005,0.005,0.035,0,0.025,0,0,0.005,0.015,0.065,0.025,0,0,0.025,0,0,0.005,0.035,0.005,0,0.005,0,0,0,0,0,0,0,0,0,0,0,0.035,0,0,0.065,0,0,0,0.005,0.23,0,0,0.015,0,0.4,0.005,0.035,0.036,0.1615,0.075,0.012,0.056,0.012,3.0295,43.5,5648.5,0
0.169315,0.0980822,0.363973,0.0260959,0.303151,0.102603,0.0978082,0.146918,0.100753,0.309589,0.0808219,0.467534,0.109315,0.0389041,0.05,0.303014,0.23863,0.191096,1.60014,0.172945,0.826164,0.718356,0.176096,0.0965068,0.658493,0.25089,0.0823973,0.0525342,0.0321918,0.0414384,0.0469178,0.0140411,0.0605479,0.0160959,0.0449315,0.0584247,0.209178,0.00726027,0.0209589,0.0524658,0.040274,0.0429452,0.0393151,0.0506164,0.125822,0.189795,0.019863,0.044726,0.260664,0.159144,0.019363,0.271842,0.163267,0.163849,4.03095,43.1301,330.082,0.527397
0.353333,0,1.76667,0,1.06,0,0,0,0.58,0.806667,0,0,0,0,0,0,0,0,0.353333,0.933333,0.453333,0,0,0,0.353333,0,0,0,0,0,0,0,0,0,0,0,0,0,0,0,0,0,0,0,0,0,0,0,0,0,0,0.936333,0.09,0,640,1279,1280,1
0.175,0.04,0.405,0,0.175,0,0,0.335,0.305,0.88,0.085,0.205,0.395,0,0.13,0,0.35,0.405,1.785,0,1.015,0,0.535,0.35,0,0,0,0,0,0,0,0,0,0,0,0.115,0,0,0.04,0.55,0,0,0,0,0.085,0,0,0,0.0355,0.076,0,0.3255,0.046,0.0055,40.992,1337.5,2938.5,1
0.231852,0.458148,0.733333,0.087037,0.38963,0.185185,0.366667,0.136667,0.292963,0.923704,0.23,0.78037,0.125926,0.0892593,0.308519,1.0763,0.388148,0.27037,1.72519,0.16037,1.61852,0.0062963,0.21963,0.202593,0.00925926,0.0188889,0,0,0,0,0,0,0.05,0,0.0177778,0.00851852,0.143704,0,0,0.0222222,0,0,0,0,0.131111,0.052963,0,0.0285185,0.0107407,0.140222,0.00551852,0.783556,0.252667,0.0747037,28.8587,353.185,630.815,0.962963
0.485,0.291667,0.446667,0,0.0616667,0.145,0.0383333,0.25,0.423333,0.768333,0.243333,0.936667,0.601667,1.17333,0.00333333,0.156667,0.385,0.0133333,3.28167,0,1.48833,0,1.04,0.4,0,0,0,0,0,0,0,0,0,0,0,0,0,0,0,0,0,0,0.00333333,0,0.0333333,0,0,0,0,0.0623333,0,0.346167,0.777333,0.149,5.98317,195,3217.5,1
0.130741,0.0801235,0.278642,0.00345679,0.233333,0.087284,0.0301235,0.170988,0.168272,0.169877,0.0671605,0.684321,0.129136,0.105556,0.0211111,0.137778,0.200741,0.0554321,1.20049,0.0735802,1.17395,0.00209877,0.141235,0.104074,1.12716,0.173704,0.0162963,0.00333333,0.01,0.0192593,0.0119753,0,0.125926,0.00135802,0.0109877,0.0817284,0.20037,0.0232099,0.0312346,0.0169136,0.10963,0.06,0.0054321,0.0238272,0.0616049,0.351975,0.00333333,0.0130864,0.0711481,0.179407,0.0183457,0.133827,0.0697778,0.071037,3.37858,44.8272,565.012,0.481481
0.17625,0.17625,0.2375,0.01625,0.1375,0.05875,0.01875,0.065,0.29,0.37375,0.10375,0.41,0.185,0.41625,0.01375,0.135,0.185,0.0425,1.2525,0.0025,0.57625,0,0.1525,0.21,0.38875,0.40125,0.005,0.0025,0.0025,0,0,0,0.55625,0,0.00125,0.05125,0.57375,0.01125,0,0.0025,0.02,0.0075,0.01375,0.0175,0.08875,0.0775,0.00875,0.0725,0.089625,0.166375,0.037125,0.160375,0.430375,0.04525,3.90875,92.75,2485.75,0.5
0.29,0.04,0.04,0,0.14,0.04,0,0.29,0.29,0.94,0.14,0.04,0.14,0,0.19,0.04,0.39,0.19,1.6,0.04,0.79,9.53,0.69,0.47,0,0,0,0,0,0,0,0,0,0,0,0.04,0,0,0.04,0,0,0,0,0,0.19,0,0,0,1.117,0.053,0,0.356,0.09,0.011,12.332,1171,9163,1
0.548333,0.376667,0.255,0,0.165,0.04,0.01,0.235,0.555,0.88,0.288333,0.563333,0.57,1.00833,0.09,0.193333,0.493333,0.103333,3.17333,0.015,1.465,0,0.681667,0.645,0,0,0,0,0,0,0,0,0,0,0.01,0.015,0,0,0.015,0,0,0,0,0,0.07,0,0,0,0.0133333,0.0773333,0,0.4825,0.455667,0.114333,8.326,828.833,2423.17,1
0.101707,0.175366,0.865122,0.223415,0.618537,0.795854,0.382439,0.192439,0.701951,0.339756,0.217561,0.760488,0.209268,0,1.46146,0.234146,0.11561,1.10707,1.6339,0.198293,0.725122,0,0.69122,0.138049,0.00219512,0.00219512,0,0,0,0,0,0,0,0,0.00487805,0,0.00707317,0,0,0.0402439,0,0,0.132683,0.0195122,0.0712195,0.057561,0,0,0.0138049,0.0920244,0,0.38678,0.153805,0.0159512,8.86015,667.683,1365.46,1
0.131279,0.109302,0.255116,0.143953,0.45593,0.115349,0.0653488,0.0966279,0.208023,0.276977,0.114767,0.74186,0.120465,0.0475581,0.0572093,0.16093,0.230814,0.167326,1.6257,0.0947674,0.758023,0.864651,0.206628,0.143256,0.529767,0.185116,0.02,0.0384884,0.0180233,0.0337209,0.0105814,0.0131395,0.107791,0.00383721,0.0410465,0.0909302,0.102442,0.0154651,0.0155814,0.00988372,0.0302326,0.0594186,0.00662791,0.0118605,0.0377907,0.0925581,0.0266279,0.0269767,0.0392674,0.130581,0.0128256,0.180674,0.0757907,0.0993953,4.01321,40.5349,486.035,0.604651
0.120941,0.0845412,0.259106,0,0.415506,0.0994824,0.137035,0.100188,0.0432706,0.179553,0.0505882,0.465224,0.0832471,0.0221412,0.0407529,0.393035,0.152588,0.190941,1.75447,0.0554824,0.853718,0.0335529,0.106024,0.0770824,0.482965,0.330447,0.222494,0.190494,0.0712,0.101106,0.0501647,0.0577647,0.0758118,0.0577647,0.119341,0.133412,0.124988,0.00632941,0.101741,0.0555529,0.0362118,0.0381412,0.0798824,0.0766588,0.264847,0.219106,0.00611765,0.0352235,0.0201647,0.127722,0.0168847,0.259951,0.0698,0.0870447,2.8333,22.4541,109.489,0.454118
0.108824,0.22451,0.50098,1.77745,0.828039,0.137255,0.483922,0.206667,0.0256863,0.213529,0.117843,0.493529,0.193137,0.0405882,0,0.531373,0.972549,0.380588,2.57314,0.397647,1.88804,0,0.0933333,0.206275,0.0111765,0.0111765,0,0,0,0,0,0,0.00529412,0,0,0.0196078,0.065098,0,0.0468627,0,0,0,0.014902,0,0.0698039,0.027451,0,0,0.00694118,0.116608,0.0167059,0.600784,0.19151,0.021451,8.31373,140.431,248.902,0.941176
0.0883333,0.0766667,0.215,0.0133333,0.215,0.0916667,0.0108333,0.174167,0.0633333,0.125833,0.0608333,0.580833,0.0633333,0.0666667,0.0183333,0.386667,0.2075,0.164167,0.775833,0.0858333,0.330833,0.371667,0.108333,0.0758333,0.210833,0.0825,0.0075,0.00666667,0.0108333,0.0383333,0.03,0,0.211667,0,0.0108333,0.123333,0.229167,0.0133333,0.0266667,0.0333333,0.045,0.00583333,0.0133333,0.0283333,0.015,0.193333,0.00416667,0.03,0.0751667,0.146083,0.043,0.123917,0.0413333,0.0636667,3.90133,118.75,1809.92,0.25
0.508,0.12,0.375,0,0.046,0.202,0.004,0.174,0.203,0.337,0.234,0.922,0.535,0.945,0.057,0.322,0.389,0.179,2.513,0.153,1.041,0,0.303,0.5,0,0,0.001,0,0.003,0.001,0,0,0.155,0,0,0.023,0.082,0,0.001,0.038,0.006,0.009,0,0.023,0.06,0.012,0.022,0.057,0.0158,0.1804,0.0002,0.4094,0.3131,0.1134,4.4923,157.3,3591.2,0.9
0.345714,0.144286,1.49857,0,1.09143,0,0.14,0,0.49,0.775714,0.0957143,0.0957143,0.0471429,0,0,0.144286,0,0.24,0.635714,0.79,0.911429,0,0,0,0.298571,0,0,0,0,0,0,0,0,0,0,0,0,0,0,0,0,0,0,0,0,0,0,0,0,0.0171429,0,0.798,0.0842857,0,335,1187,1268.57,1
0.131818,0.0820455,0.25,0,0.265,0.0677273,0.0561364,0.0940909,0.311364,0.379318,0.0875,0.514318,0.15,0.222955,0.0497727,0.325455,0.0715909,0.309773,1.24682,0.188636,0.838182,1.19227,0.085,0.142727,0.409545,0.177045,0.0384091,0.0270455,0.00204545,0.0213636,0.0397727,0.00204545,0.114545,0.00204545,0.118409,0.0254545,0.22,0.00113636,0.00590909,0.0509091,0.0136364,0.0440909,0.0109091,0.0272727,0.0415909,0.0554545,0.0270455,0.0522727,0.0549091,0.129295,0.0221364,0.256773,0.163045,0.121409,6.27311,89.4773,1119.45,0.568182
0.075,0.120054,0.328424,0.00652174,0.412663,0.123315,0.10663,0.111739,0.0620652,0.248098,0.0652717,0.570272,0.13413,0.0247826,0.0553804,0.231522,0.207337,0.293587,1.63353,0.0886957,0.89212,0.275924,0.176467,0.0733696,0.450054,0.199348,0.107717,0.0744565,0.069837,0.0766304,0.0303804,0.0363043,0.0590217,0.0380435,0.0613043,0.0857065,0.129891,0.000380435,0.0407609,0.0644022,0.00869565,0.0282065,0.0446196,0.0345109,0.157174,0.155435,0,0.0232065,0.0517337,0.148902,0.0234946,0.241598,0.120853,0.0548913,3.62855,43.1359,258.185,0.586957
0.2025,0.1575,0.5125,0,1.265,0.3375,0.22,0.385,0.4225,1.6325,0.0625,0.7525,0.245,0,1.2175,0.24,0.0475,0.86,2.565,0.135,1.96,0,0.64,0.41,0,0,0,0,0,0,0,0,0,0,0.0225,0,0,0,0,0.26,0,0,0.04,0,0.02,0.02,0,0,0.003,0.03375,0,0.519,0.1535,0.0115,49.1835,859,1747.5,1
0,0,0,0,0,0,0,0,0,0,0,0,0,0,0,0.58,0,0,0,0,0,0,0,0,0,0,1.46,0.29,0,0.58,0,0,0,0,0,0,0.58,0,0,0,0,0,0,0,0,0,0,0,0,0.018,0,0,0,0,251,1488,1506,0
0.0292857,0.0671429,0.253571,0,0.705714,0.0692857,1.59143,0.773571,0.773571,0.880714,0.773571,0.582143,0,0.0764286,0,0.977143,2.15357,0.0642857,1.82643,0.773571,2.815,0,0.309286,0.105714,0.0207143,0.0207143,0.0207143,0.0414286,0,0,0,0,0,0.0207143,0.0414286,0,0.315,0,0.0764286,0,0,0,0,0,0,0,0,0,0,0.0775,0,0.696071,0.255143,0.0712857,64.0539,294.929,330.786,0.928571
0.123007,0.0990476,0.273565,0,0.219034,0.0608707,0.110653,0.0548027,0.0263129,0.199184,0.0598095,0.60102,0.0812517,0.0352517,0.0163265,0.240041,0.0648435,0.146122,1.71603,0.0121088,0.800667,0,0.0479184,0.0607755,0.982762,0.480871,0.370952,0.277415,0.243701,0.27102,0.213184,0.162449,0.100585,0.162449,0.261306,0.230735,0.185551,0.0105442,0.157932,0.165061,0.0717823,0.210299,0.0475238,0.120898,0.356952,0.198422,0.00138776,0.0319048,0.0176354,0.162054,0.0120204,0.196776,0.0449347,0.0338735,2.21684,10.1265,41.4857,0.231293
0.0899703,0.131217,0.315282,0.00967359,0.420623,0.186766,0.156053,0.112493,0.0478042,0.245015,0.0501484,0.585104,0.0824332,0.00569733,0.0500593,0.251217,0.173086,0.221929,1.69294,0.10908,1.13955,0.0407418,0.14638,0.105519,0.54638,0.317626,0.208279,0.156766,0.0972997,0.138279,0.0684866,0.064273,0.0788131,0.0700297,0.113412,0.10549,0.161128,0.000682493,0.105608,0.0910386,0.0376855,0.0518101,0.0809496,0.021365,0.240742,0.0991098,0.00789318,0.0132047,0.0244214,0.163312,0.0208605,0.24138,0.0661958,0.0179703,3.06779,25.8398,147.356,0.507418
0.337143,0.202143,0.342143,0.307857,0.0821429,0.114286,0.0328571,0.158571,0.29,0.457857,0.167143,0.715714,0.379286,0.805,0.005,0.159286,0.319286,0.0757143,2.20857,0.000714286,0.967857,0.0207143,0.620714,0.276429,0,0,0.00214286,0.00285714,0.00285714,0,0,0,0.417857,0,0,0.035,0.267857,0.00142857,0.00357143,0.01,0.0228571,0.00714286,0.00785714,0.00857143,0.0371429,0.0821429,0.00714286,0.0871429,0.0331429,0.0931429,0.000642857,0.280429,0.505214,0.110786,5.50664,152.429,3001.86,0.714286
0.182903,0.151935,0.313871,0.00677419,0.345806,0.127097,0.0496774,0.270323,0.279032,0.425161,0.11,0.575484,0.190323,0.0764516,0.0945161,0.337419,0.22871,0.220645,1.91258,0.157742,0.991935,1.15935,0.353871,0.310968,0.166452,0.0909677,0.00580645,0.00548387,0,0.01,0.00387097,0,0.0351613,0.00419355,0.00387097,0.103548,0.116452,0.00870968,0.0122581,0.0222581,0,0,0.00258065,0.0125806,0.0348387,0.0235484,0.00193548,0.0187097,0.0291613,0.113065,0.0388065,0.253194,0.226097,0.148097,6.71868,134.452,1557.35,0.741935
0.108929,0.0657143,0.486071,0,0.411071,0.138214,0.151429,0.130714,0.17,0.468929,0.0871429,0.8925,0.131786,0.0114286,0.03,0.4525,0.284286,0.329643,2.2825,0.191071,1.16821,0,0.312143,0.108571,0.3125,0.122143,0,0,0.0178571,0.00892857,0,0,0,0.0221429,0.00714286,0.0267857,0.14,0,0.00714286,0,0,0.0392857,0.0146429,0,0.100714,0,0,0.0428571,0.0307143,0.186286,0.0146786,0.661964,0.125143,0.0236429,7.42686,129.143,530.393,0.821429
0.131538,0.147885,0.3025,1.08538,0.335769,0.121538,0.0509615,0.173077,0.423269,0.5175,0.0801923,0.697885,0.171154,0.126731,0.129231,0.138462,0.163462,0.3225,1.66212,0.246346,1.0125,0.783077,0.134615,0.175769,0.832115,0.265,0.0523077,0.0240385,0.0144231,0.0476923,0.03,0.00365385,0.169423,0.00173077,0.0430769,0.0432692,0.120192,0.00961538,0.0465385,0.0286538,0.0025,0.0257692,0.0101923,0.0125,0.0286538,0.00115385,0.00115385,0.0407692,0.0553654,0.103173,0.0362308,0.288385,0.108423,0.0987308,5.11498,89.7692,860.596,0.576923
