0.102152,0.119111,0.306932,0.0709074,0.425669,0.137905,0.159242,0.117549,0.0515061,0.230318,0.0585407,0.529149,0.0937418,0.0212067,0.0389616,0.315295,0.217353,0.203218,1.6852,0.0933115,0.980374,0.0292703,0.133517,0.0893452,0.50754,0.307371,0.169308,0.153134,0.0756688,0.113508,0.0526286,0.0438728,0.0950234,0.0456876,0.106829,0.110365,0.156118,0.00625819,0.086015,0.0680355,0.0427409,0.0386342,0.0694107,0.0491955,0.211646,0.155108,0.00444341,0.0257156,0.0255164,0.142672,0.0177839,0.264742,0.076754,0.0512283,3.24965,30.8775,149.983,0.503274
0.284545,0.249318,0.311364,0.00431818,0.246818,0.0779545,0.0402273,0.161818,0.368409,0.479773,0.189545,0.555909,0.337045,0.62,0.0777273,0.275455,0.310455,0.121364,2.24045,0.0422727,1.00727,0.0590909,0.359091,0.342955,0.387955,0.0904545,0.00136364,0.000454545,0.000909091,0.0075,0,0,0.113636,0,0.00704545,0.0536364,0.137727,0.0025,0.00840909,0.0368182,0.0115909,0.00363636,0.0075,0.0122727,0.0531818,0.0488636,0.00159091,0.0334091,0.0287727,0.102068,0.0111364,0.318568,0.380023,0.0919318,7.3582,310.273,2287.8,0.795455
0.166986,0.163973,0.808904,0.128082,0.676849,0.493562,0.262055,0.150274,0.556849,0.507945,0.207123,0.672466,0.143836,0.0832877,0.907534,0.289863,0.121644,0.730685,1.53068,0.812329,1.06945,0.0843836,0.496164,0.147397,0.0469863,0.00123288,0.02,0.00657534,0,0.00794521,0,0,0.00493151,0.00520548,0.00575342,0,0.0169863,0,0,0.0368493,0,0,0.0808219,0.0109589,0.0410959,0.0334247,0,0,0.00791781,0.0806712,0.0010274,0.461959,0.158082,0.0222192,103.383,781.137,1387.18,0.986301
0.096,0.008,0.196,0.008,0.092,0.118,0,0.058,0.058,0.188,0.074,0.082,0.072,0,0.038,0.088,0.078,0.076,0.608,0.008,0.242,1.906,0.138,0.11,0,0,0,0,0,0,0,0,0,0.028,0,0.008,0,0,0.016,0,0,0,0,0,0.038,0,0,0,0.4302,2.0094,0.009,0.3924,0.375,0.4024,57.5034,2297.8,10648.8,1
0.120658,0.114605,0.281974,0.256184,0.267237,0.0956579,0.0556579,0.136974,0.255526,0.283684,0.0805263,0.474211,0.126842,0.0534211,0.0968421,0.269211,0.139737,0.175,1.45197,0.173684,0.771842,1.02895,0.202105,0.158026,0.261842,0.144342,0.0135526,0.00842105,0.00828947,0.0156579,0.0153947,0,0.0780263,0.00171053,0.0709211,0.0655263,0.143289,0.00618421,0.0209211,0.0239474,0.00802632,0.0201316,0.00315789,0.0153947,0.0381579,0.0547368,0.00302632,0.0168421,0.0408289,0.144329,0.0333553,0.196684,0.128303,0.124224,5.80218,110.197,1470.07,0.592105
0.0841488,0.289475,0.21758,0.00117287,0.232481,0.049523,0.0794092,0.0753435,0.0243195,0.175996,0.0342407,0.507746,0.0688972,0.0467921,0.0131028,0.207418,0.0591641,0.139112,1.65933,0.0229803,0.611033,0.00347921,0.0324595,0.0634923,0.611575,0.311497,1.43972,0.162254,0.152473,0.137707,0.0924683,0.0688053,0.109886,0.0688053,0.137177,0.114985,0.129829,0.0184726,0.104057,0.0716586,0.0561488,0.225484,0.0465514,0.126932,0.462144,0.234779,0.00481838,0.0390678,0.0177982,0.133893,0.0150932,0.225801,0.0302556,0.0223624,2.02649,8.95886,38.2814,0.203063
0.157562,0.149877,0.356975,0.0463272,0.330679,0.126543,0.0913272,0.131975,0.238611,0.34466,0.0976235,0.740802,0.124938,0.0974691,0.0973457,0.260988,0.234506,0.149198,1.53216,0.12534,1.05009,0.327469,0.159136,0.17642,0.683858,0.148673,0.017716,0.0148765,0.0114198,0.0213889,0.0114198,0.00527778,0.089321,0.00506173,0.0229321,0.0624691,0.127963,0.011142,0.0160802,0.0221605,0.0415741,0.0853395,0.0153395,0.0126543,0.0573457,0.130741,0.00959877,0.0200926,0.0845988,0.151759,0.0143241,0.463361,0.13979,0.0646759,6.33229,84.4506,590.469,0.601852
0.158251,0.218415,0.426885,0.312131,0.300164,0.131639,0.0718579,0.197923,0.403115,0.59929,0.10377,0.658361,0.145519,0.138525,0.132459,0.27224,0.135082,0.367322,1.57689,0.216011,1.26415,0.572842,0.15,0.190929,0.445574,0.15776,0.0291803,0.0240984,0.00557377,0.0262295,0.0229508,0.00153005,0.0995628,0.00256831,0.0925683,0.0288525,0.14459,0.00568306,0.0266667,0.0302732,0.00852459,0.0263934,0.00808743,0.0125137,0.0420219,0.0330055,0.00896175,0.0308197,0.0453169,0.129683,0.0398415,0.423825,0.17659,0.0810984,8.75674,145.47,959.082,0.693989
0.30617,0.144894,0.280426,0.0917021,0.0723404,0.106809,0.0193617,0.139787,0.221064,0.399574,0.144681,0.630213,0.341064,0.652766,0.0255319,0.158936,0.276596,0.12,1.86936,0.0476596,0.868511,0.0334043,0.447021,0.28766,0.0951064,0.0604255,0.00510638,0.00148936,0.00212766,0.00382979,0,0,0.309362,0,0,0.0297872,0.176383,0.00148936,0.00659574,0.017234,0.0246809,0.00765957,0.00446809,0.0159574,0.0421277,0.0568085,0.00978723,0.0502128,0.0292553,0.115766,0.00757447,0.24734,0.329319,0.0877872,5.44715,185.447,3357.47,0.744681
0.102646,0.129838,0.331111,0.236465,0.411657,0.127737,0.212141,0.146061,0.132788,0.267414,0.0950707,0.538162,0.113253,0.0305455,0.0416162,0.278626,0.285354,0.245131,1.73277,0.171111,0.983495,0.423071,0.16703,0.0992121,0.485414,0.173253,0.092404,0.0596364,0.0410707,0.0468889,0.0430505,0.0209293,0.0438182,0.0227677,0.0542626,0.0676162,0.145798,0.0132121,0.0396162,0.0851919,0.0194141,0.0360202,0.0371717,0.0244444,0.135354,0.131859,0.00763636,0.0254747,0.13204,0.144402,0.0185333,0.272861,0.130602,0.0820949,6.61085,67.3333,331.491,0.6
