0.144696,0.101989,0.316519,0.0699448,0.324862,0.127238,0.0744751,0.165359,0.225525,0.303923,0.0780663,0.712762,0.100552,0.0921547,0.0205525,0.204696,0.239834,0.116243,1.42033,0.130276,1.05155,0.345525,0.148232,0.144696,0.764751,0.171878,0.0157459,0.0165746,0.0145304,0.0253591,0.00828729,0.000828729,0.101989,0.00248619,0.0218232,0.0672376,0.153149,0.0185083,0.0234254,0.0171271,0.0566851,0.080221,0.00944751,0.0187293,0.0604972,0.189282,0.0146409,0.0216022,0.0770111,0.169851,0.0174641,0.248144,0.0943702,0.072895,4.35457,63.3039,560.89,0.574586
0,0,0,0.04,0,0,0,0,0,0,0,0,0,0,0,0.02,0,0,0.02,0,0,0,0,0,0,0,0,0,0,0,0,0,0,0,0,0,0,0,0,0,0,0,0,0,0,0,0,0,1.024,9.752,0.003,1.542,1.785,1.998,239.571,9989,10062,1
0.0875,0.141186,0.326715,0.120272,0.420128,0.171426,0.186458,0.116731,0.0555288,0.24851,0.0591987,0.54726,0.0960577,0.0233814,0.0387821,0.299471,0.236827,0.207933,1.65067,0.11492,1.04018,0.0326442,0.150449,0.0952404,0.549199,0.322356,0.162067,0.151795,0.0798718,0.125609,0.0591987,0.0483974,0.109183,0.0515064,0.110224,0.106715,0.174311,0.00397436,0.087484,0.0783013,0.0490705,0.0417147,0.0661218,0.0341506,0.199824,0.125048,0.00600962,0.0198878,0.028734,0.157788,0.0177436,0.273396,0.0739968,0.0258702,3.47162,34.766,164.716,0.525641
0.005,0.005,0.035,0,0.025,0,0,0.005,0.015,0.065,0.025,0,0,0.025,0,0,0.005,0.035,0.005,0,0.005,0,0,0,0,0,0,0,0,0,0,0,0.035,0,0,0.065,0,0,0,0.005,0.23,0,0,0.015,0,0.4,0.005,0.035,0.036,0.1615,0.075,0.012,0.056,0.012,3.0295,43.5,5648.5,0
0.14907,0.126977,0.280465,0.0072093,0.31093,0.113256,0.0381395,0.221395,0.222093,0.333023,0.0939535,0.565581,0.140698,0.065814,0.0686047,0.339302,0.214884,0.19814,1.53605,0.134651,0.779302,0.939535,0.27907,0.228837,0.194419,0.105349,0.00744186,0.00581395,0.00302326,0.017907,0.0111628,0,0.0890698,0.00302326,0.00581395,0.10907,0.158605,0.01,0.0162791,0.0246512,0.0125581,0.00162791,0.0055814,0.0193023,0.0286047,0.0709302,0.00255814,0.0218605,0.0466047,0.125,0.0394884,0.208302,0.171698,0.124535,5.94228,127.837,1615.47,0.581395
0.0966667,0.0133333,0.2,0,0.153333,0.133333,0,0.0966667,0.0966667,0.313333,0.06,0.0733333,0.12,0,0.0633333,0.0133333,0.13,0.0633333,0.626667,0.0133333,0.276667,3.17667,0.23,0.183333,0,0,0,0,0,0,0,0,0,0.0466667,0,0.0133333,0,0,0.0266667,0,0,0,0,0,0.0633333,0,0,0,0.372333,0.095,0.014,0.14,0.03,0.00366667,15.1877,493,9113.67,1
0.323333,0.156889,0.292444,0.0957778,0.0697778,0.115333,0.0213333,0.137333,0.226889,0.386889,0.153111,0.672222,0.347556,0.706444,0.022,0.168444,0.278222,0.118444,1.958,0.0497778,0.886222,0.0348889,0.467333,0.296444,0.0993333,0.0631111,0.00533333,0.00155556,0.00222222,0.004,0,0,0.321556,0,0,0.0264444,0.184222,0.00155556,0.00511111,0.014,0.0155556,0.008,0.00466667,0.016,0.042,0.0415556,0.01,0.0508889,0.0289556,0.113556,0.00457778,0.253511,0.351822,0.0938444,5.26431,169.289,3247.98,0.777778
0.195,0.5,0.4,0.095,0.58,0,0,0,0.39,0.19,0,0.2,0,0,0,0.1,0,0,0.195,0.19,0.39,0,0,0.2,0.095,0,0,0.095,0,0,0,0,0,0.19,0,0,0,0,0,0,0,0,0,0,0,0,0,0,0,0.035,0,0.4155,0.7295,0.015,1062,2123,2124,1
0.512727,0.668636,0.784545,0,0.33,0.263636,0.0495455,0.408636,0.427273,1.41455,0.06,1.54091,0.110909,0.308636,0.313636,0.326364,0.0518182,0.601364,2.07273,0.337727,3.49227,0.0172727,0.554091,0.237727,0,0,0,0,0,0,0,0,0.015,0,0.0518182,0.0190909,0.0168182,0,0,0,0,0,0,0,0.0281818,0,0,0,0.0130909,0.160045,0.0735455,1.02977,0.186136,0.0637727,42.4671,609.364,849.091,1
0.19,0,0.38,0,0,0.19,0,0,0,0,0.19,0.19,0,0,0,0.38,0,0.19,1.14,0,0.38,0,0,0,0,0,0,0,0,0,0,0,0,0,0,0,0,0,0,0,0,0,0,0,0,0,0,0,0.01,0.01,0,0,0,0.003,2.383,21,15841,1
0.466,0.398,0.343,0,0.252,0.046,0.025,0.169,0.564,0.602,0.302,0.655,0.582,1.108,0.202,0.203,0.393,0.129,2.952,0.032,1.3,0,0.587,0.498,0,0,0,0,0,0,0,0,0,0,0.006,0,0,0,0,0.006,0,0,0.012,0,0.041,0.006,0,0,0.0086,0.0839,0,0.4366,0.6352,0.1195,7.2398,663.1,2384.7,1
0.05,0.202632,0.384868,0.259605,0.575526,0.181053,0.890132,0.224605,0.185658,0.365,0.218289,0.618553,0.0402632,0.0140789,0.0121053,0.459737,0.621579,0.334605,2.14605,0.365,1.74105,0.0113158,0.130263,0.130526,0.0413158,0.0292105,0.0909211,0.0261842,0.0189474,0.0189474,0.0952632,0,0.00355263,0.00381579,0.0614474,0.0125,0.102237,0,0.0210526,0.25,0,0.00263158,0,0.01,0.1525,0,0,0,0.00551316,0.117079,0.0190263,0.408461,0.119921,0.0389868,21.3784,186.039,340.013,0.789474
0.124476,0.14981,0.39181,0.136286,0.30419,0.119905,0.0859048,0.185238,0.425905,0.515048,0.123619,0.546476,0.126381,0.063619,0.132857,0.268381,0.150762,0.36419,1.40848,0.17219,0.938,0.824476,0.121714,0.192381,0.490667,0.147714,0.0297143,0.0251429,0.006,0.0260952,0.0193333,0.00180952,0.120476,0.00361905,0.122381,0.0317143,0.135905,0.00171429,0.032,0.0317143,0.00914286,0.0278095,0.00514286,0.0119048,0.0352381,0.0358095,0.00628571,0.0280952,0.0586667,0.109095,0.0427048,0.360962,0.18121,0.0955714,4.6571,77.619,966.457,0.685714
0.316364,0.0918182,1.43545,0,0.983636,0,0.0890909,0,0.47,0.713636,0.0609091,0.0609091,0.03,0,0,0.144545,0,0.152727,0.500909,0.757273,0.703636,0,0,0,0.286364,0,0.132727,0.0263636,0,0.0527273,0,0,0,0,0,0,0.0527273,0,0,0,0,0,0,0,0,0,0,0,0,0.0125455,0,0.763182,0.0781818,0,410.545,1239.45,1293.27,0.909091
0.219062,0.405938,0.650312,0.0734375,0.365938,0.18125,0.319688,0.125625,0.314063,0.860625,0.215625,0.77125,0.14375,0.096875,0.270625,0.930625,0.3275,0.23875,1.85531,0.145,1.52562,0.0053125,0.193438,0.223438,0.299375,0.13875,0.0075,0,0,0.0228125,0,0,0.0421875,0,0.0225,0.0146875,0.12125,0.026875,0.0075,0.0228125,0,0.0228125,0.010625,0.0153125,0.110625,0.0446875,0,0.0240625,0.0094375,0.125656,0.00465625,0.753812,0.231156,0.0675,25.445,340.531,656.719,0.9375
0.102333,0.105636,0.34403,0.00833333,0.410879,0.114424,0.109758,0.150455,0.0637576,0.267606,0.0714242,0.53503,0.123212,0.0282424,0.034697,0.245788,0.247121,0.253212,1.65433,0.128061,0.920091,0.393,0.163152,0.0813939,0.533939,0.217485,0.0976061,0.059,0.0546364,0.0616364,0.0288182,0.0279091,0.0612424,0.0297879,0.0514545,0.0760909,0.172606,0.00539394,0.0405152,0.054697,0.0198485,0.0245758,0.0499091,0.0318182,0.15603,0.175545,0.00224242,0.0255758,0.107061,0.149891,0.0207909,0.262982,0.109409,0.0784242,3.81701,45.2818,273.376,0.572727
0.111296,0.194444,0.713519,0.16963,0.599815,0.638704,0.319815,0.160926,0.597593,0.36463,0.252778,0.721296,0.173704,0.0988889,1.13667,0.327222,0.192778,0.9,1.70704,0.933889,0.967593,0.107037,0.60963,0.161481,0.00166667,0.00166667,0,0,0,0,0,0,0.00666667,0,0.00611111,0,0.00537037,0,0,0.0305556,0,0,0.109815,0.0148148,0.0540741,0.0437037,0,0,0.0104815,0.0962963,0.00138889,0.372167,0.154833,0.0255185,9.55946,624.352,1371.24,1
0.0648667,0.372331,0.208903,0,0.230192,0.0438934,0.0622133,0.046646,0.0173776,0.149876,0.0171668,0.486925,0.0600744,0.0480223,0.00799132,0.192393,0.0355425,0.118097,1.67433,0.0217359,0.477458,0,0.0231494,0.0564786,0.59969,0.298977,1.94402,0.127781,0.181624,0.136658,0.102188,0.0709051,0.0938872,0.0709051,0.135586,0.110217,0.0971234,0.0243831,0.103583,0.0779107,0.0683819,0.283249,0.0309237,0.139802,0.536206,0.249101,0.00378797,0.0422505,0.0180167,0.121178,0.0154358,0.207484,0.0210825,0.0156727,1.7336,5.83261,23.713,0.132052
0.0915152,0.09,0.262879,0.290303,0.261061,0.075303,0.0656061,0.064697,0.285,0.343182,0.0722727,0.448485,0.13803,0.151667,0.095303,0.296667,0.0618182,0.245,1.36652,0.210455,0.85,0.863333,0.0945455,0.0951515,0.379697,0.171818,0.0316667,0.0193939,0.00893939,0.0168182,0.0339394,0.00136364,0.0759091,0.00136364,0.105152,0.0227273,0.167121,0.000606061,0.0174242,0.0407576,0.0101515,0.0369697,0.00454545,0.0101515,0.0451515,0.0513636,0.0166667,0.04,0.0324242,0.150545,0.0204394,0.219667,0.123015,0.110985,6.12858,95.9697,1219.88,0.590909
0.2025,0.1575,0.5125,0,1.265,0.3375,0.22,0.385,0.4225,1.6325,0.0625,0.7525,0.245,0,1.2175,0.24,0.0475,0.86,2.565,0.135,1.96,0,0.64,0.41,0,0,0,0,0,0,0,0,0,0,0.0225,0,0,0,0,0.26,0,0,0.04,0,0.02,0.02,0,0,0.003,0.03375,0,0.519,0.1535,0.0115,49.1835,859,1747.5,1
0.313333,0.0566667,0.3,0,0.213333,0.03,0,0.42,0.4,1.28333,0.153333,0.166667,0.36,0,0.216667,0.03,0.496667,0.4,2.25333,0.03,1.24,0,0.82,0.563333,0,0,0,0,0,0,0,0,0,0,0,0.106667,0,0,0.0566667,0.366667,0,0,0,0,0.12,0,0,0,0.0383333,0.0766667,0,0.328333,0.075,0.00733333,32.4923,1282,2806,1
0.225,0.215333,0.300667,0.00633333,0.229667,0.0803333,0.0456667,0.138333,0.317333,0.409333,0.154,0.528667,0.277333,0.498,0.032,0.265,0.259667,0.0896667,2.00333,0.035,0.930667,0.056,0.231333,0.283333,0.569,0.132667,0.002,0.000666667,0.00133333,0.011,0,0,0.166667,0,0.00833333,0.0606667,0.198667,0.00366667,0.00933333,0.0176667,0.017,0.00533333,0.007,0.018,0.0553333,0.0696667,0.00233333,0.049,0.0355,0.112733,0.0158,0.278033,0.3172,0.0789,5.29227,130.1,2228.43,0.7
0.128314,0.0885153,0.245785,0.00256705,0.3034,0.0728448,0.120747,0.129674,0.0420785,0.217261,0.0657759,0.532002,0.0880939,0.0348467,0.0311782,0.278621,0.130105,0.186782,1.66989,0.0375,0.901063,0.0141475,0.071092,0.0808716,0.577414,0.327002,0.216485,0.220651,0.0772797,0.126609,0.0611494,0.055182,0.12182,0.055182,0.131121,0.126667,0.179071,0.00533525,0.0999425,0.0553065,0.0313314,0.0700958,0.0819253,0.0868966,0.272136,0.211207,0.00565134,0.0335057,0.0189722,0.148663,0.0157011,0.261717,0.0614885,0.058113,2.76619,18.5527,86.158,0.400383
0.134845,0.172062,0.379072,0.44134,0.269072,0.124433,0.0453608,0.115876,0.32,0.308041,0.0730928,0.724433,0.176495,0.147113,0.165876,0.116392,0.191443,0.146186,1.61856,0.168351,0.972887,0,0.123196,0.193608,0.758763,0.178454,0.0283505,0.0209278,0.0128866,0.0279381,0.0206186,0.00443299,0.0801031,0.00443299,0.0318557,0.0580412,0.121443,0.0014433,0.0186598,0.0370103,0.0196907,0.121959,0.033299,0.00762887,0.044433,0.0431959,0.00474227,0.0204124,0.132567,0.148629,0.0180619,0.821619,0.21899,0.0187938,4.01744,65.1443,726.969,0.525773
0.144208,0.138119,0.315248,0.471881,0.383465,0.109851,0.0640594,0.114109,0.205198,0.258267,0.101881,0.597673,0.133366,0.0364356,0.0730693,0.270594,0.231832,0.208317,1.70866,0.122079,0.876436,0.625545,0.187327,0.141089,0.517822,0.15396,0.0756436,0.0593564,0.0336139,0.0332178,0.0362376,0.0208911,0.0535644,0.0190594,0.0460891,0.0698515,0.10901,0.0316832,0.0422277,0.0468317,0.0233663,0.0567327,0.0295545,0.0303465,0.0708416,0.0582673,0.0150495,0.0278713,0.157787,0.134906,0.0112673,0.249683,0.146842,0.0990693,4.2766,48.6535,415.158,0.584158
