0.0801754,0.123596,0.29807,0.0181579,0.370702,0.094386,0.0921053,0.150351,0.0808772,0.314035,0.0507895,0.525526,0.182544,0.0296491,0.0847368,0.185439,0.137632,0.265439,1.37842,0.0348246,0.824386,0.0359649,0.114123,0.077807,0.570702,0.361228,0.159649,0.138333,0.0953509,0.12386,0.0777193,0.0460526,0.094386,0.0460526,0.0714912,0.0983333,0.239211,0.0133333,0.101842,0.0845614,0.0192982,0.0344737,0.0778947,0.101667,0.110789,0.0394737,0.00622807,0.0267544,0.0254912,0.1965,0.0219561,0.180184,0.0777456,0.0356491,2.88707,24.9474,230.632,0.508772
0.107625,0.0595,0.258625,0.00525,0.252375,0.155375,0.078125,0.036625,0.05275,0.1205,0.0645,0.44175,0.12925,0.033375,0.02425,0.14225,0.10475,0.16175,1.34825,0.104875,0.54475,0.673375,0.180625,0.08425,0.885625,0.325,0.11875,0.0505,0.065625,0.04725,0.050875,0.04325,0.10825,0.04325,0.056625,0.09875,0.21575,0.002375,0.01875,0.024125,0.033,0.04625,0.057625,0.0345,0.115125,0.096625,0,0.01625,0.1013,0.206038,0.0440625,0.161875,0.125025,0.0834,3.30896,23.5625,286.95,0.4875
0.219062,0.405938,0.650312,0.0734375,0.365938,0.18125,0.319688,0.125625,0.314063,0.860625,0.215625,0.77125,0.14375,0.096875,0.270625,0.930625,0.3275,0.23875,1.85531,0.145,1.52562,0.0053125,0.193438,0.223438,0.299375,0.13875,0.0075,0,0,0.0228125,0,0,0.0421875,0,0.0225,0.0146875,0.12125,0.026875,0.0075,0.0228125,0,0.0228125,0.010625,0.0153125,0.110625,0.0446875,0,0.0240625,0.0094375,0.125656,0.00465625,0.753812,0.231156,0.0675,25.445,340.531,656.719,0.9375
0.113178,0.124393,0.377664,0.0262617,0.312897,0.0821495,0.0976636,0.191776,0.118318,0.376075,0.0778505,0.456449,0.102336,0.0453271,0.0673832,0.285888,0.228879,0.201402,1.53607,0.177664,0.91757,0.830561,0.177383,0.0613084,0.573271,0.241963,0.0959813,0.101776,0.0524299,0.0614019,0.0578505,0.0259813,0.0468224,0.0259813,0.0637383,0.0584112,0.17514,0.00813084,0.0425234,0.0796262,0.0302804,0.0547664,0.0395327,0.0626168,0.125607,0.222991,0.0271028,0.0411215,0.312327,0.155271,0.0153178,0.272271,0.0869626,0.199439,4.00643,43.1776,344.43,0.542056
0.124369,0.15301,0.389223,0.138932,0.297961,0.119612,0.088835,0.185922,0.42767,0.51534,0.123107,0.532718,0.128447,0.0634951,0.135728,0.270291,0.145631,0.371553,1.42854,0.176796,0.934078,0.91165,0.12466,0.198058,0.470777,0.150583,0.0302913,0.0246602,0.00553398,0.0266019,0.0197087,0.00184466,0.122816,0.00368932,0.124757,0.0316505,0.136505,0.00174757,0.0326214,0.0313592,0.00932039,0.0270874,0.00524272,0.0121359,0.0366019,0.0365049,0.00640777,0.0286408,0.0586214,0.106913,0.043534,0.362107,0.180175,0.104767,4.71909,77.699,971.097,0.68932
0.116124,0.097191,0.262753,0,0.381404,0.118876,0.129326,0.120393,0.0351685,0.235843,0.0817978,0.585169,0.063764,0.029382,0.0763483,0.334663,0.119944,0.216573,1.73034,0.028764,0.858876,0.0265169,0.0887079,0.0820787,0.73573,0.404663,0.240393,0.255955,0.0953371,0.153652,0.0689888,0.0852809,0.0917978,0.0852809,0.118708,0.180899,0.166011,0.0110674,0.131742,0.0719101,0.0456742,0.0493258,0.119101,0.141067,0.242753,0.271124,0.0130337,0.0216854,0.0248708,0.143225,0.015573,0.184933,0.0554607,0.0513315,2.15354,11.9157,100.275,0.370787
0.0112903,0.0922581,0.144839,0,0.25871,0.0385484,0.228226,0.0474194,0.00887097,0.192742,0,0.391935,0.185968,0.0503226,0,0.525806,0.0272581,0.317742,2.93113,0.187903,1.26065,0.0891935,0,0.0524194,0.267258,0.13,0.0419355,0,0,0,0,0,0,0,0,0.0103226,0,0,0,0,0,0.14129,0,0.0541935,0.391452,0.418871,0,0,0.016,0.0273226,0,0.166968,0.0267742,0.0520968,5.05019,48.1935,81.8226,0.435484
0,0,0.0886667,0,0.0886667,0,0,0,0,0,0,0,0,0,0,0,0,0,0,0,0.0886667,0,0,0,15.7507,1.55867,0,0,0,0,0,0,0,0,0,0,0.0886667,0.266667,0.0886667,0,0,0.266667,0,0,2.69133,0,0,0,0.0576667,0,0.0144,0.0748667,0,0,3.99413,16.2667,25.6667,0
0.159342,0.0795175,0.297149,0.00565789,0.441842,0.0739474,0.127105,0.122675,0.0407895,0.151886,0.0323684,0.451096,0.0702632,0.0110965,0.0254825,0.346316,0.181228,0.16636,1.75807,0.0321053,0.869167,0.029386,0.138246,0.0489912,0.480614,0.356754,0.248289,0.190175,0.092807,0.109254,0.0587719,0.0576754,0.0796491,0.0675439,0.142456,0.137544,0.134298,0.00315789,0.112632,0.0628509,0.0372807,0.0458772,0.0830263,0.055614,0.265526,0.128114,0.00122807,0.0504386,0.021057,0.139254,0.0214254,0.338614,0.0821009,0.0254605,2.59259,19.9956,120.741,0.504386
0.0236893,0.0590291,0.278689,0,0.27267,0.0182039,0.0682039,0.0483495,0.0157282,0.177961,0.0148058,0.793592,0.0781068,0.091068,0,0.136214,0.0442718,0.192524,2.03073,0.0353398,0.475243,0,0,0.0692233,0.238058,0.142039,0.367621,0.0496117,0.0870874,0.104757,0,0,0.050534,0,0.0579612,0.0119417,0.0680583,0.021068,0.0902913,0.00466019,0.0825243,0.238641,0.0353398,0.0954369,0.395049,0.203447,0,0.0470388,0.0391456,0.131549,0.0104903,0.164131,0.00898544,0.00424272,1.7115,5.02427,20.0777,0.126214
0,0,0,0,0.833333,0,0,0,0,0,0,0,0,0,0,0,0,0,0,0,0,0,0,0,8.33333,4.735,0,0,0,0,0,0,0,0,0,0.640833,0,0,0,0,0,1.2075,0,0.1125,0,0,0,0,0,0,0,0,0,0,1.41175,2.41667,6.16667,0
0.0282759,0.0748276,0.247586,0,0.605172,0.0334483,0.953103,0.458276,0.381724,0.457586,0.382069,0.785862,0.00689655,0.0368966,0.00827586,0.749655,1.27103,0.115862,1.75138,0.373448,2.00034,0,0.156207,0.0868966,0.0444828,0.0272414,0.227241,0.02,0.0172414,0.00862069,0.217241,0,0,0.01,0.0682759,0,0.177931,0,0.0368966,0.655172,0,0.00689655,0,0,0.0710345,0,0,0.0344828,0.0157586,0.161276,0.0204828,0.386483,0.126724,0.0344138,38.6563,249.552,370.793,0.586207
0.0746552,0.03875,0.267069,0,0.280259,0.0550862,0.0481034,0.0469828,0.0328017,0.106293,0.0142241,0.711552,0.0675,0.0322845,0.0101724,0.203103,0.0292241,0.156552,1.97659,0.00288793,0.52694,0,0.0290517,0.104138,0.388621,0.337284,0.331466,0.0801724,0.152888,0.0914224,0.0679741,0,0.0827155,0,0.0667241,0.0783621,0.185603,0.0106034,0.0913362,0.00956897,0.0898276,0.29056,0.0192672,0.155431,0.442845,0.156853,0,0.0373707,0.0247371,0.114164,0.010681,0.186547,0.0259655,0.0147371,1.75348,6.25862,29.194,0.168103
0,0,0,0,1.47286,0,0,0,0,0,0,3.97143,0,0,0,0,0,0,0,0,0,0,0,0,0.924286,0.924286,0,0,8.27286,0,0,0,0,0,0,0,0,0,0,0,0,7.56,0,0,0,0,0,0,0,0,0,0.083,0,0,1.427,3.28571,13.8571,0
0,0,0,0,0,0,0,0,0,0,0,0,0,0,0,0,0,0,0,0,0,0,0,0,0,0,26.666,0,0,0,0,0,0,0,0,0,0,0,0,0,0,0,0,0,0,0,0,0,0,0,0,0,0,0,1.59575,2.8,5.1,0
0.13027,0.20527,0.424324,0.578514,0.281892,0.116892,0.047027,0.109865,0.267703,0.307162,0.0694595,0.790811,0.207568,0.14,0.129054,0.145541,0.146351,0.182027,1.70027,0.146892,0.948649,0,0.12473,0.169324,0.711757,0.134459,0.0221622,0.0228378,0.0140541,0.0175676,0.0198649,0.00216216,0.0714865,0.00216216,0.0345946,0.0608108,0.0912162,0.00189189,0.0168919,0.0340541,0.00216216,0.100541,0.0344595,0.01,0.0254054,0.00162162,0,0.0208108,0.13827,0.131554,0.0183243,1.00588,0.249932,0.0201757,4.07796,61.6216,754.081,0.581081
0.101364,0.0269091,0.202409,0.00604545,0.173182,0.0750909,0.082,0.145909,0.0188636,0.182545,0.0305455,0.5045,0.0895909,0.00104545,0.0393636,0.116045,0.116318,0.221136,1.44859,0.00604545,0.626136,0,0.0344545,0.0344545,0.948227,0.413364,0.234455,0.310364,0.105955,0.202955,0.0820455,0.0539545,0.269409,0.0539545,0.200455,0.136636,0.331364,0.00854545,0.136318,0.0616818,0.0461364,0.115455,0.116773,0.128864,0.331182,0.295409,0.00390909,0.0356818,0.0211545,0.198845,0.0245909,0.232514,0.0546,0.0893182,2.26137,11.8545,66.0273,0.304545
0.097967,0.10533,0.222967,0.00741758,0.293352,0.0564835,0.0856593,0.066978,0.0326374,0.360275,0.0423077,0.616264,0.117692,0.00741758,0.0235714,0.101758,0.0934615,0.119725,1.55011,0.0504945,0.525659,0.00318681,0.0384066,0.0655495,0.679615,0.441868,0.298626,0.352582,0.12533,0.178297,0.109505,0.0855495,0.0857692,0.0855495,0.175824,0.17956,0.199725,0.00549451,0.151593,0.0846703,0.0352198,0.0773626,0.111044,0.102198,0.262473,0.175549,0.0134066,0.0455495,0.0264945,0.188258,0.0141923,0.233615,0.0325714,0.0156758,2.15115,10.7747,81.0275,0.236264
0.0725263,0.102526,0.197158,0,0.229579,0.0461053,0.179263,0.386947,0.115684,0.142421,0.0696842,0.281263,0.0109474,0.196737,0.00663158,0.490211,0.254526,0.151579,1.31516,0.0321053,0.787789,0.0308421,0.198737,0.0647368,0.268842,0.245579,0.163895,0.0793684,0,0.0350526,0.0165263,0.0248421,0.0481053,0.0248421,0.0558947,0.108421,0.106842,0,0.0238947,0.0232632,0,0.008,0.0143158,0.0198947,0.346,0.0401053,0,0.0174737,0.00635789,0.146874,0.0101368,0.381326,0.113305,0.00642105,3.56645,25.8947,82.8,0.747368
0,0,0,0,0,0,0,0,0,0,0,0,0,0,0,0,0,0,0,0,0,0,0,0,0,0,0,0,14.28,0,0,0,0,0,0,0,0,0,0,0,0,14.28,0,0,0,0,0,0,0,0,0,1.123,0,0,1.3,4,13,0
0,0,0,0,0,0,0,0,0,0,0,0,0,0,0,0.454545,0,0,0,0,0,0,0,0,0,0,19.6964,0,0,0,0,0,0,0,0,0,0,0,0,0,0,0,0,0,0,0,0,0,0,0,0,0,0,0,1.06533,1.22727,5.14773,0
0.104545,0.0967045,0.365341,0.00659091,0.537386,0.121818,0.0988636,0.163182,0.0679545,0.311364,0.0994318,0.616136,0.0725,0.0156818,0,0.340341,0.355227,0.283864,1.99125,0.130568,1.03568,0.119318,0.188182,0.0834091,0.258409,0.09,0.0529545,0.0486364,0.00443182,0.0635227,0.00443182,0.00795455,0.0244318,0.015,0.0638636,0.0695455,0.107955,0.000795455,0.0215909,0.0415909,0,0.0190909,0.0167045,0.0195455,0.215,0.272045,0,0.0325,0.0558068,0.119034,0.00932955,0.327455,0.115932,0.0562159,4.18524,66.8523,263.58,0.636364
0.0793506,0.0324675,0.243117,0,0.111688,0.0463636,0,0,0.0235065,0.355844,0,0.134805,0.0720779,0,0,0.147922,0,0.0281818,6.99961,0,1.27468,0,0,0.288961,0.0235065,0,0.922338,0,0.0480519,0,0,0,0.0811688,0,0,0,0,0,0.0563636,0,0,0,0,0,1.20571,0.615974,0.0281818,0.0618182,0.0148182,0.0484545,0,0.168909,0,0,1.18151,1.79221,6.67532,0.0779221
0.151343,0.146716,0.826866,0.00283582,0.707612,0.520149,0.272836,0.136716,0.56597,0.458209,0.203284,0.601194,0.150746,0.0797015,0.967015,0.304776,0.11209,0.760149,1.5091,0.820448,0.926119,0.0862687,0.517612,0.144478,0.051194,0.00134328,0.021791,0.00716418,0,0.00865672,0,0,0.00313433,0.00567164,0.00432836,0,0.0129851,0,0,0.0401493,0,0,0.0835821,0.0119403,0.0447761,0.0364179,0,0,0.00285075,0.0761343,0.0011194,0.448209,0.160104,0.019791,108.883,790.104,1415.94,0.985075
0.115616,0.0957078,0.279635,0,0.285708,0.0640183,0.0199543,0.0698174,0.00894977,0.118082,0.00438356,0.5179,0.0641096,0.0968037,0,0.252283,0.020137,0.173927,1.57,0.0953425,0.488447,0,0.00968036,0.0492237,0.104795,0.0507306,0.416712,0,0.0452968,0.0189954,0,0,0.285525,0,0.0913242,0.00812785,0.0244292,0.0505023,0.0458904,0.00534247,0.177443,0.327443,0.0478082,0.126895,0.612831,0.465753,0.0133333,0,0.0132374,0.0939315,0.0169224,0.278128,0.00813242,0,1.55261,3.54338,12.9087,0.086758
0,0,0,0,0,0,0,0,0,0,0,0,0,0,0,0,0,0,3.42375,0,0,0,0,0,0,0,0,0,0,0,0,0,0,0,0,0,0,0,1.38875,0,0,0,0,0,14.6637,0,0,0,0,0.285625,0,5.217,0,0,1.46187,2.875,7.375,0
0.124416,0.174026,0.427922,0,0.501169,0.121039,0.348182,0.14987,0.0755844,0.342987,0.152727,0.545584,0.165584,0.0624675,0.0590909,0.328312,0.241299,0.300909,1.98818,0.153636,1.1187,0.0211688,0.308312,0.0641558,0.236364,0.0964935,0.0157143,0.138312,0.00779221,0.0814286,0.0158442,0.00779221,0.268571,0.00779221,0.124286,0.0866234,0.137143,0,0.00727273,0.0968831,0,0.047013,0.00675325,0.0192208,0.127532,0.0733766,0,0.00532468,0.0142338,0.0865195,0.00131169,0.502247,0.10726,0.0151039,4.80703,65.8571,196.338,0.675325
0.0102941,0,0.0154706,0,0.0547647,0.0375294,0,0.0653529,0,0.0255294,0,0.189,0,0.0630588,0,0.0688824,0,0.0452353,0.304824,0,0.280059,0,0,0,0.041,0.0154706,0.385235,0,0,0,0.0735294,0,0,0,0,0,0,0,0.0172941,0,0,0.0671765,0,0.493941,0.744706,0.377471,0,0.107824,0.00641765,0.104341,0.0566765,0.170553,0,0,1.21135,1.71176,5.41176,0.0352941
0.0551327,0.176903,0.225221,0,0.159646,0.0709735,0.108496,0.059646,0.089823,0.297345,0.0215929,0.381416,0.039823,0.0848673,0.0102655,0.246106,0.0409735,0.137788,1.82381,0,0.721504,0,0.0187611,0.0568142,1.98319,1.10345,1.15301,0.996106,0.942389,0.900708,0.910089,0.840708,0.039469,0.840708,0.869912,0.906726,0.258761,0.00362832,0.387522,0.840708,0.0759292,0.122655,0.0824779,0.114248,0.595221,0.284159,0,0.0226549,0.0274602,0.366673,0.0140531,0.170478,0.0412301,0.0290796,2.80999,15.1504,35.8761,0.265487
0.112281,0.138947,0.247895,0.816316,0.402632,0.127544,0.0358772,0.118596,0.228509,0.151404,0.0722807,0.581754,0.122719,0.0323684,0.0260526,0.191842,0.254474,0.146228,1.69272,0.0984211,0.776667,0.465088,0.164035,0.129561,0.615175,0.135877,0.0770175,0.0236842,0.0386842,0.0250877,0.0100877,0.0183333,0.0427193,0.0113158,0.0283333,0.0761404,0.11886,0.0474561,0.022807,0.0329825,0.0218421,0.040614,0.0316667,0.00631579,0.0707018,0.0550877,0.0077193,0.0227193,0.158518,0.122947,0.0110439,0.203868,0.104009,0.055693,4.28827,45.4474,426.07,0.54386
0.07125,0.20325,0.354625,0.0145,0.532,0.108125,0.2315,0.137375,0.068875,0.208875,0.084375,0.695,0.077375,0,0.179125,0.295125,0.287125,0.410375,2.11438,0.411875,1.32112,0.147625,0.269875,0.155125,0.307625,0.141375,0.076375,0.132125,0.029,0.11575,0.029,0.029,0.02,0.029,0.06275,0.06275,0.0815,0,0.135875,0.110125,0.01325,0.035625,0.0045,0,0.16,0.044625,0,0.004125,0.0032875,0.129237,0.0008125,0.299325,0.09135,0.0379125,5.54118,55.4625,144.938,0.6625
0.0928986,0.0873913,0.265942,0.277681,0.258841,0.0771014,0.065942,0.0634783,0.295217,0.362899,0.0817391,0.461304,0.134783,0.145797,0.093913,0.283913,0.0591304,0.246812,1.34826,0.248696,0.882464,0.87,0.0985507,0.0943478,0.372899,0.174783,0.0310145,0.0185507,0.00855072,0.016087,0.0324638,0.00130435,0.0776812,0.00130435,0.10058,0.0236232,0.166522,0.00057971,0.0166667,0.0389855,0.00971014,0.0353623,0.00869565,0.0111594,0.0413043,0.0491304,0.015942,0.0382609,0.0344928,0.153725,0.0202754,0.224087,0.127522,0.104116,6.15028,101.159,1231.72,0.594203
0.30617,0.144894,0.280426,0.0917021,0.0723404,0.106809,0.0193617,0.139787,0.221064,0.399574,0.144681,0.630213,0.341064,0.652766,0.0255319,0.158936,0.276596,0.12,1.86936,0.0476596,0.868511,0.0334043,0.447021,0.28766,0.0951064,0.0604255,0.00510638,0.00148936,0.00212766,0.00382979,0,0,0.309362,0,0,0.0297872,0.176383,0.00148936,0.00659574,0.017234,0.0246809,0.00765957,0.00446809,0.0159574,0.0421277,0.0568085,0.00978723,0.0502128,0.0292553,0.115766,0.00757447,0.24734,0.329319,0.0877872,5.44715,185.447,3357.47,0.744681
0.314865,0.276757,0.336486,0.00351351,0.248919,0.0745946,0.0389189,0.149459,0.425676,0.528919,0.214054,0.579189,0.367838,0.723243,0.0859459,0.259189,0.332432,0.11027,2.41297,0.0359459,1.0927,0.0454054,0.393784,0.371622,0.0959459,0.0994595,0.00162162,0.000540541,0.000540541,0,0,0,0.123243,0,0.00189189,0.0321622,0.133784,0.00297297,0.00243243,0.0391892,0.00432432,0.00216216,0.00621622,0.00378378,0.0594595,0.0194595,0.00189189,0.0156757,0.0328378,0.100892,0.0108919,0.335595,0.430541,0.0987568,7.64754,346.757,2344.32,0.864865
0.0703311,0.0906623,0.348344,0,0.275232,0.16649,0.100728,0.125166,0.0529139,0.179934,0.0476159,0.53894,0.0856954,0.0252318,0.0158278,0.276291,0.157285,0.149735,1.37556,0.112914,0.80053,0,0.133576,0.0796689,0.785099,0.371656,0.165629,0.138609,0.101325,0.121788,0.0600662,0.0456954,0.11755,0.0456954,0.108146,0.116623,0.220265,0.00456954,0.0821192,0.078543,0.107682,0.0430464,0.110861,0.0334437,0.208278,0.24351,0.00251656,0.0413907,0.0636159,0.151722,0.0223113,0.128629,0.0748477,0.0213377,2.49867,19.5497,183.669,0.417219
0.111667,0.0773333,0.264667,0,0.252857,0.062381,0.122095,0.029619,0.0155238,0.159,0.037381,0.567429,0.149095,0.0461905,0.0106667,0.262571,0.102429,0.124857,1.778,0.0190952,0.581333,0,0.0726667,0.0239524,0.438714,0.287476,0.29719,0.110762,0.0927143,0.133476,0.0717619,0.0470952,0.13581,0.0470952,0.15181,0.114762,0.171,0.00704762,0.14419,0.0573333,0.0864762,0.247619,0.056381,0.126667,0.25281,0.128524,0.00485714,0.0462381,0.0113905,0.13551,0.0212571,0.239214,0.0767143,0.0111905,1.7667,7.22381,41.6286,0.2
0.153478,0.124783,0.265435,0.00804348,0.295435,0.106304,0.0395652,0.230435,0.203696,0.299348,0.0923913,0.540435,0.148261,0.0695652,0.0623913,0.32413,0.210435,0.185652,1.49261,0.128696,0.707826,0.652609,0.261522,0.233478,0.461087,0.0893478,0.00586957,0.00543478,0.00326087,0.023913,0.0104348,0,0.0884783,0.00282609,0.0106522,0.118043,0.160217,0.00934783,0.0213043,0.0245652,0.0193478,0.00326087,0.0073913,0.0245652,0.0297826,0.0973913,0.0023913,0.0397826,0.0394565,0.123587,0.0373696,0.200739,0.163326,0.101739,5.77274,124.522,1677.87,0.543478
0.096,0.008,0.196,0.008,0.092,0.118,0,0.058,0.058,0.188,0.074,0.082,0.072,0,0.038,0.088,0.078,0.076,0.608,0.008,0.242,1.906,0.138,0.11,0,0,0,0,0,0,0,0,0,0.028,0,0.008,0,0,0.016,0,0,0,0,0,0.038,0,0,0,0.4302,2.0094,0.009,0.3924,0.375,0.4024,57.5034,2297.8,10648.8,1
0,0,0,0,0,0,0,0,0,0,0,0,0,0,0,0,0,0,0,0,0,0,0,0,0.483043,0.62087,11.6526,0,0,0,0,0,0,0,0,0,0,0,0,0,0,0.966087,0,0,0.289565,0,0,0.362174,0.113565,0.152522,0,0.105696,0,0,1.53543,3.04348,8.52174,0
0.0884772,0.0994416,0.294822,0.00411168,0.421827,0.24198,0.117665,0.113249,0.0462437,0.258985,0.0337056,0.578782,0.0915736,0.00974619,0.0051269,0.222843,0.114772,0.187716,1.56766,0.0124873,1.16898,0.00629442,0.115431,0.111878,0.576954,0.37269,0.232843,0.138325,0.10264,0.134873,0.0707107,0.07,0.0988325,0.0684264,0.120914,0.0971066,0.158832,0.00116751,0.084264,0.0708629,0.0568528,0.038934,0.0832995,0.0177157,0.24335,0.102893,0.0135025,0.0137056,0.0229137,0.174223,0.0277208,0.198706,0.0663147,0.0140102,2.40932,17.0609,148.518,0.461929
0.122118,0.104828,0.268276,0,0.208079,0.0540887,0.125271,0.0808867,0.00857143,0.216601,0.0574877,0.632709,0.0705911,0,0.0391133,0.226749,0.0872906,0.176897,1.69424,0.0207882,0.559015,0,0.0546798,0.0225616,0.728325,0.421379,0.192956,0.229261,0.142956,0.238571,0.11335,0.0466995,0.152414,0.0466995,0.247488,0.126404,0.198473,0.00394089,0.123793,0.0703448,0.0375369,0.20064,0.0458128,0.0942857,0.218424,0.314138,0,0.0300493,0.0106404,0.137704,0.00578325,0.223921,0.0196749,0.0800788,2.05169,9.5665,53,0.256158
0.121032,0.0980159,0.27119,0.0996032,0.350794,0.104048,0.0684921,0.110556,0.205794,0.336032,0.0956349,0.771032,0.131111,0.083254,0.0543651,0.19619,0.163492,0.184127,1.5854,0.0738889,0.972222,0.591508,0.200079,0.10746,0.60254,0.182937,0.0169841,0.0238095,0.015873,0.0289683,0.00849206,0.00150794,0.105079,0.00642857,0.0279365,0.066746,0.126905,0.012619,0.0150794,0.00698413,0.0464286,0.0719048,0.00738095,0.0150794,0.0692857,0.235,0.0203175,0.0185714,0.0377937,0.140659,0.0177698,0.223365,0.0743651,0.080754,4.45874,58.9206,515.238,0.603175
0,0,0.357778,0,4.37111,0,0,0,0,0,0,0,0,0,0,0,0,0,0,0,0.357778,0,0,0,0,0,0,0,0.528889,0,0,0,0,0,0,0,0,1.64222,0,0,0,5.45333,0,0,0,0,0,0,0,0.0653333,0,0,0,0,1.12956,1.33333,4.66667,0.111111
0.123492,0.263175,0.487778,0.313175,0.511905,0.22,0.61127,0.0695238,0.0639683,0.289524,0.100317,0.516825,0.0465079,0.0031746,0.0107937,0.360794,0.222222,0.43619,2.35302,0.346349,1.39778,0.0501587,0.103651,0.158254,0.0634921,0.0488889,0.00507936,0.022381,0.0228571,0.0228571,0.0149206,0,0.00428571,0,0.0426984,0.0384127,0.107619,0,0.0769841,0.00301587,0,0,0.0225397,0.0120635,0.218095,0.0266667,0,0.027619,0.00779365,0.105,0.0163175,0.441667,0.221571,0.0402381,8.86014,132.937,331.635,0.857143
0.121707,0.440976,0.342439,1.72976,0.936341,0.144634,0.696341,0.152683,0.0580488,0.375854,0.0426829,0.635854,0.190976,0.0819512,0,0.730488,1.53659,0.239024,2.09098,0.274146,1.82732,0,0.0192683,0.160976,0,0,0,0,0,0.0236585,0,0,0,0,0,0.0521951,0.113659,0.0380488,0,0.00829268,0,0,0,0,0.00829268,0,0,0,0,0.123293,0,0.729683,0.212683,0.0322927,9.20393,136.756,194.512,0.926829
0,14.1478,0,0,0,0,0,0,0,0.132222,0,0,0,0,0,0,0,0,0,0,0,0,0,0,0,0,0,0,0,0,0,0,0,0,0,0,0,0,0,0,0,0,0,0,0.132222,0,0,0,0,0,0,0,0,0,1.77778,4.88889,9.02778,0
0.4672,0.7208,0.7428,0.3664,0.3468,0.2716,0.0656,0.4024,0.4188,1.3644,0.0604,1.4292,0.1212,0.2716,0.3344,0.2872,0.1692,0.6348,2.064,0.3444,3.2556,0.0152,0.5196,0.2464,0,0,0,0,0,0,0,0,0.0132,0,0.0508,0.0168,0.0148,0,0,0,0,0,0.0076,0,0.0248,0,0,0,0.027,0.14768,0.06472,0.95372,0.17836,0.06036,39.2918,602.2,882.64,1
0.105778,0.0986667,0.278,0,0.550444,0.205111,0.248444,0,0.0902222,0.335556,0.113111,0.357778,0.198444,0.0382222,0.0117778,0.643556,0.0973333,0.174444,1.91778,0.0255556,0.737111,0,0.0493333,0.225111,0.106889,0.056,0.0793333,0.0924444,0,0.0328889,0,0,0.0824444,0,0.0597778,0.0495556,0.0451111,0,0.018,0.0302222,0.00577778,0,0.0155556,0.0428889,0.270444,0.292889,0,0,0.001,0.0678222,0.00606667,0.292644,0.0458444,0.440644,5.31287,56.1778,110.578,0.555556
0.19156,0.110092,0.365413,0.00100917,0.32367,0.147523,0.0751376,0.196606,0.303486,0.288807,0.0922936,0.670092,0.0768807,0.104954,0.0742202,0.201651,0.334771,0.0776147,1.35954,0.204679,1.13642,0.288073,0.0855046,0.241927,0.872018,0.170275,0.0234862,0.0101835,0.00477064,0.0217431,0.0163303,0.00385321,0.103303,0.00486239,0.0163303,0.0622936,0.175596,0.0172477,0.0282569,0.0323853,0.0684404,0.103486,0.0142202,0.0144954,0.0498165,0.102752,0.00504587,0.0114679,0.110982,0.195092,0.0145872,0.277349,0.123615,0.0727706,4.15359,69.0917,616.761,0.53211
0.418689,0.11377,0.533934,0,0.18541,0.0468852,0.292459,0.082623,0.0304918,0.415246,0.380492,0.99377,0,0.057541,0,0.216066,0.0190164,0.0552459,1.41689,0,3.2818,0,0,0.421967,0.149672,0.109344,0.0988525,0.17459,0,0.0660656,0,0.082459,0.0542623,0.082459,0.0196721,0,0.0263934,0,0.0372131,0.0681967,0,0.0393443,0,0.0190164,0.0772131,0.0190164,0,0.0398361,0,0.11877,0,0.473541,0.0783115,0.0129836,4.64334,26.4098,54.1803,0.491803
