0.106753,0.0755172,0.239923,0.00256705,0.31523,0.079751,0.125211,0.133764,0.0429598,0.227979,0.0456992,0.496408,0.0881034,0.0348467,0.0312069,0.287059,0.131897,0.187117,1.67432,0.03909,0.776456,0.0189464,0.0794828,0.066092,0.606743,0.351379,0.222318,0.236351,0.0845307,0.130738,0.064387,0.056705,0.121437,0.057567,0.136753,0.135527,0.180498,0.00533525,0.107337,0.0600958,0.0324521,0.0693487,0.0843774,0.0896935,0.288448,0.20431,0.00565134,0.03409,0.0185421,0.153452,0.016249,0.270082,0.060614,0.0592069,2.72608,18.7778,89.6849,0.407088
0.133883,0.189806,0.392039,0.547961,0.303883,0.129903,0.0504854,0.141456,0.334369,0.411942,0.0803883,0.769515,0.188738,0.126796,0.151068,0.151748,0.145146,0.276311,1.76184,0.161359,0.991845,0.39534,0.150388,0.179223,0.675243,0.173204,0.0378641,0.0252427,0.0107767,0.0281553,0.0233981,0.00339806,0.116117,0.00242718,0.0321359,0.037767,0.0969903,0.00621359,0.0257282,0.035534,0.00281553,0.0596116,0.024466,0.0117476,0.0230097,0.00174757,0.000582524,0.0228155,0.118621,0.115961,0.0243689,0.830883,0.217777,0.0585146,4.66017,75.3301,801.33,0.621359
0.005,0.005,0.035,0,0.025,0,0,0.005,0.015,0.065,0.025,0,0,0.025,0,0,0.005,0.035,0.005,0,0.005,0,0,0,0,0,0,0,0,0,0,0,0.035,0,0,0.065,0,0,0,0.005,0.23,0,0,0.015,0,0.4,0.005,0.035,0.036,0.1615,0.075,0.012,0.056,0.012,3.0295,43.5,5648.5,0
0,0,0,0.04,0,0,0,0,0,0,0,0,0,0,0,0.02,0,0,0.02,0,0,0,0,0,0,0,0,0,0,0,0,0,0,0,0,0,0,0,0,0,0,0,0,0,0,0,0,0,1.024,9.752,0.003,1.542,1.785,1.998,239.571,9989,10062,1
0.219677,0.208387,0.313871,0.00612903,0.261935,0.083871,0.0503226,0.137742,0.327742,0.404194,0.16129,0.526129,0.272258,0.481935,0.0874194,0.258387,0.253226,0.12,1.98258,0.0441935,0.917097,0.0541935,0.26129,0.276129,0.550645,0.128387,0.00193548,0.000645161,0.00129032,0.0106452,0,0,0.16129,0,0.00806452,0.0587097,0.192258,0.00354839,0.00903226,0.0190323,0.0164516,0.00516129,0.0106452,0.0174194,0.0554839,0.0693548,0.00225806,0.0474194,0.0346774,0.11371,0.0152903,0.277968,0.312903,0.0766774,5.43835,141.548,2229.42,0.709677
0.155235,0.101882,0.325176,0.00164706,0.320118,0.136353,0.0565294,0.162059,0.264294,0.291824,0.0792941,0.700412,0.102176,0.118353,0.0600588,0.167176,0.261294,0.0894706,1.41429,0.151529,1.16082,0.185706,0.132824,0.173176,0.874118,0.167471,0.0180588,0.00652941,0.00911765,0.0197647,0.0114118,0.00247059,0.0988824,0.00423529,0.0155294,0.0719412,0.162059,0.0145294,0.0215294,0.0217647,0.063,0.106235,0.0148235,0.0145882,0.0648235,0.192882,0.00482353,0.0142353,0.0847118,0.173224,0.0164647,0.259282,0.101541,0.0573176,4.20515,66.5647,596.259,0.541176
0.163143,0.128286,0.271714,0.00885714,0.316857,0.111429,0.04,0.267429,0.215714,0.334857,0.103429,0.534286,0.145429,0.0757143,0.0702857,0.388571,0.257429,0.205429,1.49029,0.163143,0.726571,0.727143,0.292571,0.237714,0.144571,0.0782857,0.00657143,0.00371429,0.00371429,0.0197143,0.0102857,0,0.0997143,0.00371429,0.006,0.129143,0.176,0.0122857,0.02,0.0302857,0.0154286,0.002,0.00685714,0.016,0.0328571,0.0871429,0.00314286,0.0245714,0.0459143,0.123971,0.0434,0.201371,0.176343,0.119971,5.92063,136.371,1651.71,0.571429
0.0782562,0.371094,0.215081,0,0.227444,0.0434155,0.0617258,0.0455382,0.0168551,0.146969,0.0304811,0.503373,0.0592724,0.0465785,0.00823812,0.192405,0.0356765,0.117871,1.66783,0.0210824,0.56923,0,0.0224534,0.065009,0.587511,0.29386,1.89229,0.124696,0.177366,0.134817,0.100541,0.0711545,0.0934937,0.0711545,0.134215,0.107956,0.0985989,0.02365,0.101479,0.0755683,0.0663259,0.277523,0.0316777,0.135983,0.522556,0.247817,0.00367408,0.0409802,0.0180463,0.119968,0.0150523,0.205898,0.0220716,0.015546,1.79226,6.25075,24.647,0.139507
0.0966667,0.0133333,0.2,0,0.153333,0.133333,0,0.0966667,0.0966667,0.313333,0.06,0.0733333,0.12,0,0.0633333,0.0133333,0.13,0.0633333,0.626667,0.0133333,0.276667,3.17667,0.23,0.183333,0,0,0,0,0,0,0,0,0,0.0466667,0,0.0133333,0,0,0.0266667,0,0,0,0,0,0.0633333,0,0,0,0.372333,0.095,0.014,0.14,0.03,0.00366667,15.1877,493,9113.67,1
0.0795455,0.100227,0.287955,0.435455,0.240227,0.0884091,0.0706818,0.0329545,0.282955,0.241364,0.0677273,0.441591,0.103409,0.0343182,0.111364,0.222727,0.0584091,0.181136,1.40932,0.179318,0.795682,1.21977,0.128864,0.0861364,0.357727,0.199318,0.0181818,0.0222727,0.0113636,0.0154545,0.0225,0,0.0554545,0,0.121818,0.0181818,0.123409,0.000909091,0.0252273,0.0195455,0.0025,0.0331818,0,0.0138636,0.0427273,0.0261364,0.00272727,0.0115909,0.0342955,0.158682,0.0234545,0.209295,0.102977,0.127318,5.652,89.9773,1322.66,0.613636
0.461667,0.345833,0.301667,0,0.160833,0.03,0.005,0.235833,0.516667,0.801667,0.258333,0.55,0.565,0.923333,0.0766667,0.171667,0.446667,0.121667,2.91,0.0075,1.35083,0,0.5975,0.550833,0,0,0,0,0,0,0,0,0,0,0.005,0.0266667,0,0,0.0141667,0.0916667,0,0,0,0,0.0591667,0,0,0,0.0159167,0.0771667,0,0.422917,0.53275,0.100583,13.3378,832.667,2500.5,1
0.1194,0.1262,0.3785,0.0068,0.2805,0.1011,0.0909,0.1561,0.3821,0.4825,0.1208,0.4801,0.1452,0.1126,0.0986,0.3337,0.1156,0.3284,1.3945,0.1841,0.9425,0.6411,0.0896,0.1936,0.3668,0.1379,0.0239,0.0205,0.0027,0.0214,0.0246,0.0009,0.0832,0.0038,0.1338,0.0257,0.1606,0.0018,0.0224,0.0405,0.0139,0.0349,0.0058,0.0148,0.0421,0.0594,0.0158,0.0343,0.0487,0.12008,0.03757,0.35526,0.19779,0.08234,5.06159,84.88,1044.59,0.69
0.19,0,0.38,0,0,0.19,0,0,0,0,0.19,0.19,0,0,0,0.38,0,0.19,1.14,0,0.38,0,0,0,0,0,0,0,0,0,0,0,0,0,0,0,0,0,0,0,0,0,0,0,0,0,0,0,0.01,0.01,0,0,0,0.003,2.383,21,15841,1
0.326744,0.158372,0.296279,0.100233,0.0681395,0.115349,0.0218605,0.135581,0.229302,0.385814,0.155349,0.681163,0.352093,0.717907,0.0225581,0.168605,0.281395,0.123488,1.97349,0.052093,0.892791,0.0365116,0.467209,0.299535,0.103953,0.0660465,0.0055814,0.00162791,0.00232558,0.00418605,0,0,0.336512,0,0,0.0276744,0.192791,0.00162791,0.00534884,0.014186,0.0162791,0.00837209,0.00488372,0.0167442,0.0434884,0.0434884,0.01,0.0532558,0.0300698,0.0932791,0.0047907,0.257744,0.318558,0.095093,5.17726,160.349,3215.79,0.767442
0.316364,0.0918182,1.43545,0,0.983636,0,0.0890909,0,0.47,0.713636,0.0609091,0.0609091,0.03,0,0,0.144545,0,0.152727,0.500909,0.757273,0.703636,0,0,0,0.286364,0,0.132727,0.0263636,0,0.0527273,0,0,0,0,0,0,0.0527273,0,0,0,0,0,0,0,0,0,0,0,0,0.0125455,0,0.763182,0.0781818,0,410.545,1239.45,1293.27,0.909091
0.195,0.5,0.4,0.095,0.58,0,0,0,0.39,0.19,0,0.2,0,0,0,0.1,0,0,0.195,0.19,0.39,0,0,0.2,0.095,0,0,0.095,0,0,0,0,0,0.19,0,0,0,0,0,0,0,0,0,0,0,0,0,0,0,0.035,0,0.4155,0.7295,0.015,1062,2123,2124,1
0.0905873,0.145759,0.339739,0.122431,0.438206,0.165514,0.189625,0.125498,0.0563785,0.250098,0.0659543,0.569592,0.101958,0.0249103,0.038385,0.298809,0.259511,0.226166,1.67039,0.116623,1.07055,0.028075,0.149119,0.10075,0.516949,0.284568,0.143442,0.128369,0.0677488,0.117015,0.0529364,0.0422675,0.108874,0.0439641,0.0986297,0.0940457,0.172724,0.00652529,0.0776509,0.0747145,0.0483687,0.0368842,0.0634584,0.0323491,0.178434,0.124992,0.00611746,0.0199674,0.0295122,0.152511,0.0172365,0.273365,0.0791468,0.0242626,3.53097,36.1158,171.489,0.531811
0.105849,0.193208,0.709434,0.17283,0.611132,0.63566,0.325849,0.148868,0.593774,0.348868,0.257547,0.719811,0.169434,0.100755,1.13057,0.333396,0.191509,0.87434,1.69396,0.941509,0.965849,0.109057,0.606038,0.146981,0.00169811,0.00169811,0,0,0,0,0,0,0.00679245,0,0.00377358,0,0.0054717,0,0,0.0311321,0,0,0.111887,0.0150943,0.0550943,0.0445283,0,0,0.0106792,0.0981132,0.00141509,0.368,0.15366,0.0252642,9.52355,626.226,1376.13,1
0.110824,0.116193,0.357045,0.014233,0.36642,0.122074,0.11321,0.135455,0.0808523,0.281364,0.0819318,0.525114,0.123977,0.0307955,0.0525284,0.27392,0.232301,0.258352,1.67241,0.187784,0.923466,0.4475,0.177784,0.0930682,0.510028,0.212102,0.0889489,0.0599148,0.0531534,0.0605398,0.0345455,0.0240057,0.0572727,0.025767,0.0526705,0.0695739,0.166392,0.00321023,0.0348864,0.0565625,0.0206818,0.0321875,0.0405682,0.0403977,0.140966,0.162017,0.00823864,0.0306818,0.136043,0.149986,0.0226023,0.272085,0.136545,0.100068,3.99347,50.1506,290.338,0.590909
0.223571,0.441786,0.713571,0.0839286,0.382143,0.178571,0.353571,0.131786,0.301786,0.903571,0.234643,0.784643,0.121429,0.0989286,0.2975,1.06357,0.374286,0.267143,1.76,0.161071,1.58643,0.00607143,0.211786,0.214643,0.00892857,0.0182143,0,0,0,0,0,0,0.0482143,0,0.0171429,0.00821429,0.138571,0.0128571,0,0.0214286,0,0,0.00642857,0,0.126429,0.0510714,0,0.0275,0.0103571,0.135214,0.00532143,0.778179,0.245893,0.0720357,28.151,353.536,638.321,0.964286
0.119495,0.126313,0.256919,0.532525,0.380556,0.109747,0.0580808,0.12197,0.210909,0.224949,0.0855556,0.639949,0.119697,0.0361616,0.0398485,0.213182,0.220101,0.170101,1.59722,0.0876768,0.738788,0.644697,0.17,0.127828,0.595101,0.184747,0.0677778,0.0559596,0.0376768,0.0423232,0.0176768,0.0187879,0.0686364,0.0169192,0.0459091,0.0813636,0.116667,0.0323737,0.0326768,0.0314646,0.0257071,0.0560101,0.0276768,0.00929293,0.0677778,0.0811111,0.0160101,0.0236364,0.106,0.137404,0.0131414,0.197091,0.0912626,0.0756919,4.25812,48.2121,448.101,0.555556
0.0684127,0.19873,0.328095,0.313175,0.630635,0.155238,1.00635,0.242698,0.230317,0.446032,0.195714,0.624762,0.0485714,0.0201587,0.0146032,0.431746,0.693968,0.290794,2.07238,0.209048,1.76317,0.0136508,0.0979365,0.100952,0.0428571,0.0125397,0.104603,0.0315873,0.00793651,0.00396825,0.114921,0,0,0.00460317,0.0585714,0.0168254,0.0888889,0,0.0552381,0.301587,0,0.0031746,0,0.00444444,0.175556,0.00698413,0,0.015873,0.00942857,0.142476,0.0103492,0.426651,0.123921,0.036,24.6794,198.492,357.143,0.746032
0.25,0.125,0.21,0,0.105,0.115,0.01,0.175,0.175,0.41,0.105,0.48,0.25,0.46,0.01,0.165,0.21,0.01,1.625,0,0.745,0,0.47,0.23,0,0,0,0,0,0,0,0,0,0,0,0,0,0,0,0.01,0,0,0,0,0.01,0,0.01,0,0.005,0.5495,0,0.1625,1.067,0.067,7.136,361.5,3940,1
0.2025,0.1575,0.5125,0,1.265,0.3375,0.22,0.385,0.4225,1.6325,0.0625,0.7525,0.245,0,1.2175,0.24,0.0475,0.86,2.565,0.135,1.96,0,0.64,0.41,0,0,0,0,0,0,0,0,0,0,0.0225,0,0,0,0,0.26,0,0,0.04,0,0.02,0.02,0,0,0.003,0.03375,0,0.519,0.1535,0.0115,49.1835,859,1747.5,1
0.507826,0.65087,0.79087,0,0.315652,0.286957,0.0473913,0.425652,0.443478,1.40522,0.0573913,1.5087,0.123478,0.295217,0.363478,0.312174,0.0608696,0.673478,2.08696,0.346087,3.38652,0.0165217,0.564783,0.267826,0,0,0,0,0,0,0,0,0.0143478,0,0.0552174,0.0182609,0.016087,0,0,0,0,0,0,0,0.0269565,0,0,0,0.0125217,0.153087,0.0703478,1.01078,0.187478,0.0626957,41.1191,605.696,860.522,1
