0.104123,0.135965,0.326667,0.0101754,0.512544,0.174825,0.238246,0.0898246,0.0604386,0.230965,0.0994737,0.517632,0.131491,0,0.113421,0.498596,0.254737,0.294649,1.95132,0.255702,1.00228,0.126228,0.216842,0.177982,0.39114,0.228421,0.133333,0.115175,0.0462281,0.138509,0.042807,0.042807,0.0669298,0.0546491,0.0725439,0.077807,0.0752632,0,0.148333,0.0999123,0.0022807,0.025,0.00315789,0.0169298,0.195702,0.117368,0,0.00289474,0.00829825,0.12836,0.00126316,0.38214,0.0714561,0.205877,5.15262,52.9123,132.202,0.631579
0.05,0.0333333,0.146667,0,0.126667,0.0566667,0,0.05,0.0366667,0.0833333,0,0.363333,0.03,0,0.00666667,0.00333333,0.0766667,0.17,0.266667,0.00333333,0.156667,0.0966667,0.01,0,0,0,0.01,0.0133333,0.01,0,0,0,1.42667,0,0,0.126667,0.936667,0.00666667,0.0166667,0.0366667,0.106667,0.0233333,0.0266667,0.0266667,0.02,0.306667,0.0233333,0.356667,0.031,0.178333,0.003,0.0176667,0.0146667,0.004,2.247,57,2987.67,0
0.087619,0.0915873,0.248571,0.119206,0.513333,0.139524,0.0457143,0.11746,0.106667,0.143651,0.0742857,0.587302,0.152698,0.0460317,0.0193651,0.221111,0.300635,0.0979365,1.85222,0.0739683,0.70127,0.677143,0.226349,0.0725397,0.798254,0.22619,0.0401587,0.0336508,0.0434921,0.032381,0.0150794,0.03,0.0630159,0.0150794,0.0444444,0.0846032,0.145238,0.0336508,0.0179365,0.0173016,0.0395238,0.0436508,0.0344444,0.00206349,0.067619,0.0639683,0.0139683,0.024127,0.207603,0.11754,0.0136825,0.125714,0.0879206,0.0604603,3.05365,29.9048,436,0.539683
0,0,0,0.04,0,0,0,0,0,0,0,0,0,0,0,0.02,0,0,0.02,0,0,0,0,0,0,0,0,0,0,0,0,0,0,0,0,0,0,0,0,0,0,0,0,0,0,0,0,0,1.024,9.752,0.003,1.542,1.785,1.998,239.571,9989,10062,1
0,0,0.28,0,0.16,0.18,0,0,0,0,0.02,0.09,0.11,0,0,0,0,0,0.14,0,0.02,0,0,0.04,0,0,0,0,0,0,0,0,0,0.07,0,0,0,0,0.02,0,0,0,0,0,0,0,0,0,0,0.116,0.021,0.032,0,0,16.6155,154,9089,1
0.01,0.01,0.07,0,0.05,0,0,0.01,0.03,0.13,0.05,0,0,0.05,0,0,0.01,0.07,0.01,0,0.01,0,0,0,0,0,0,0,0,0,0,0,0.07,0,0,0.13,0,0,0,0.01,0.46,0,0,0.03,0,0.8,0.01,0.07,0.05,0.301,0.131,0.002,0.09,0.002,2.577,82,5395,0
0.0451429,0.697701,0.151701,0,0.21361,0.032974,0.0185844,0.0405065,0.00587013,0.112325,0.00284416,0.321091,0.040026,0.0497922,0,0.173519,0.00957143,0.0940909,1.54349,0.03,0.404896,0,0.00275325,0.0547013,0.209649,0.118234,3.65874,0.0132727,0.118156,0.021987,0.0162338,0,0.0957273,0,0.0336104,0.0146104,0.0150909,0.0391948,0.0527273,0.00151948,0.0607013,0.335779,0.0196234,0.15639,0.688519,0.31113,0.00661039,0.0495584,0.0119922,0.0779325,0.0201325,0.211764,0.00355065,0,1.38704,2.79481,9.62727,0.0584416
0.0996875,0.165625,0.922187,0,0.713125,0.842812,0.390313,0.12,0.6975,0.217188,0.2375,0.76625,0.22375,0,1.56281,0.257187,0.0628125,1.09406,1.61031,0.1775,0.696875,0,0.731875,0.103125,0.0028125,0.0028125,0,0,0,0,0,0,0,0,0,0,0,0,0,0.04,0,0,0.14625,0.025,0.083125,0.068125,0,0,0.00559375,0.0949375,0,0.394125,0.151625,0.0143125,8.34738,656.594,1367,1
0.100495,0.0845545,0.213837,0.00663366,0.254901,0.0535891,0.1,0.185693,0.0352723,0.26255,0.0437129,0.559777,0.0978713,0.0372525,0.035495,0.123045,0.130223,0.175792,1.47384,0.0286881,0.573762,0.00638614,0.0679455,0.0538614,0.674802,0.381064,0.226856,0.289876,0.0945792,0.147698,0.0776238,0.0619554,0.117005,0.0619554,0.160495,0.155,0.25854,0.005,0.129604,0.0603218,0.0351238,0.0818812,0.108193,0.0957673,0.298713,0.18802,0.00816832,0.0395792,0.0198812,0.191584,0.0209827,0.238045,0.0545545,0.0116757,2.4304,13.505,76.6609,0.346535
0.127273,0.0881818,0.256364,0.0190909,0.283636,0.0727273,0.0418182,0.0363636,0.263636,0.0845455,0.109091,0.526364,0.0763636,0.0118182,0.0136364,0.106364,0.144545,0.133636,1.36727,0.271818,0.62,0.983636,0.204545,0.177273,0.23,0.159091,0.0127273,0.00454545,0,0.0209091,0,0,0.0690909,0,0.00727273,0.174545,0.200909,0.00727273,0.0145455,0.00727273,0,0,0.00727273,0.02,0.0309091,0.0181818,0.00545455,0.0336364,0.0447273,0.139818,0.0659091,0.159727,0.197273,0.141455,5.39182,85,1607.27,0.545455
0.2075,0.155833,0.418333,0,0.3875,0.136667,0.0775,0.0675,0.269167,1.035,0.1375,0.8625,0.474167,0.0916667,0.186667,0.456667,0.0891667,0.42,2.13167,0.469167,1.29333,3.46667,0.145,0.260833,0,0,0,0.0125,0,0,0,0,0.0125,0,0,0.0133333,0,0,0,0.103333,0,0,0.00583333,0.0433333,0.06,0,0,0.0325,0.0854167,0.120917,0.0208333,0.408417,0.0878333,0.2825,7.58933,128.5,1104.83,1
0.56,0.436667,0.286667,0,0.14,0.03,0.02,0.153333,0.553333,0.65,0.286667,0.663333,0.61,1.21667,0.03,0.216667,0.436667,0.0566667,3.27333,0,1.46667,0,0.56,0.6,0,0,0,0,0,0,0,0,0,0,0.02,0,0,0,0,0,0,0,0,0,0.0566667,0,0,0,0.004,0.076,0,0.554667,0.522667,0.135333,7.09433,774.667,2444,1
0.109608,0.0560784,0.167255,0.00215686,0.196863,0.0627451,0.0139216,0.204902,0.142353,0.112941,0.0537255,0.701961,0.105882,0.0903922,0.0101961,0.120588,0.310588,0.0347059,0.72902,0.0909804,0.799804,0.156863,0.102549,0.0701961,1.65922,0.178627,0.0213725,0.0045098,0.0158824,0.0268627,0.0158824,0,0.111961,0.00215686,0.0158824,0.114706,0.223137,0.0298039,0.0117647,0.0252941,0.110392,0.0711765,0.00627451,0.0272549,0.0286275,0.13,0,0.0192157,0.185941,0.185902,0.0176863,0.111216,0.0722745,0.106275,3.16737,34.4314,585.431,0.294118
0.195,0.5,0.4,0.095,0.58,0,0,0,0.39,0.19,0,0.2,0,0,0,0.1,0,0,0.195,0.19,0.39,0,0,0.2,0.095,0,0,0.095,0,0,0,0,0,0.19,0,0,0,0,0,0,0,0,0,0,0,0,0,0,0,0.035,0,0.4155,0.7295,0.015,1062,2123,2124,1
0.054,0.058,0.088,0,0.082,0.034,0,0.02,0.048,0.072,0,0.374,0.03,0.044,0.002,0.094,0.06,0.034,0.434,0.02,0.61,0,0.054,0.074,0.112,0.116,0.012,0.006,0.002,0,0,0,0.948,0,0,0.054,0.46,0.006,0,0.016,0.044,0.03,0.008,0.046,0.01,0.054,0.014,0.076,0.0594,0.1448,0.0136,0.0074,0.028,0.001,2.3906,73.4,3220.8,0.4
0.19,0,0.38,0,0,0.19,0,0,0,0,0.19,0.19,0,0,0,0.38,0,0.19,1.14,0,0.38,0,0,0,0,0,0,0,0,0,0,0,0,0,0,0,0,0,0,0,0,0,0,0,0,0,0,0,0.01,0.01,0,0,0,0.003,2.383,21,15841,1
0.106,0.1245,0.534,0,0.2425,0.0985,0.0585,0.132,0.2915,0.243,0.1015,0.689,0.209,0.1245,0.034,0.1795,0.1475,0.1375,1.833,0.109,1.1125,0,0.039,0.14,0.4855,0.233,0.022,0.012,0.025,0.045,0.0375,0,0.1165,0,0.0415,0.029,0.1095,0.003,0.051,0.0155,0,0.01,0.0625,0.006,0.0355,0,0,0.0125,0.0866,0.1061,0.03465,0.55035,0.13195,0.0156,3.49,47.45,801.05,0.6
0.364615,0.346923,0.396923,0,0.256923,0.0553846,0.0523077,0.117692,0.521538,0.6,0.260769,0.707692,0.421538,0.933077,0.0230769,0.186923,0.336154,0.0269231,2.97846,0.0153846,1.41538,0,0.314615,0.439231,0,0,0,0,0,0,0,0,0,0,0,0.00307692,0.0153846,0,0,0,0,0,0,0,0.0484615,0,0,0,0.00946154,0.0825385,0.00246154,0.376308,0.565,0.103538,6.028,164.308,2236.15,1
0.463,0.931,0.931,0,0.463,0,0,0.463,0,1.866,0,2.334,0,0.605,0,0.463,0,0,1.866,0,5.231,0,0,0,0,0,0,0,0,0,0,0,0,0,0,0,0,0,0,0,0,0,0,0,0,0,0,0,0,0.2503,0,1.6712,0.1913,0.0832,59.0805,657,751.2,1
0.707143,0.445714,0.755714,0,0.0957143,0.535714,0.0957143,0.488571,1.03286,1.04,0.0228571,0.445714,0.348571,0,0.985714,0.258571,0.162857,1.83,2.24571,1.03286,1.29714,0,1.15286,0.66,0,0,0,0,0,0,0,0,0.0471429,0,0.162857,0,0,0,0,0,0,0,0,0,0,0,0,0,0.0231429,0.0492857,0,0.397571,0.178571,0.05,13.4287,525,912.143,1
0.0595349,0.135465,0.289302,0.0139535,0.330581,0.123605,0.10686,0.0982558,0.0590698,0.25093,0.0419767,0.51314,0.212558,0.0436047,0.118488,0.110349,0.126163,0.286512,1.33186,0.0562791,0.705,0.482209,0.134767,0.0734884,0.723256,0.325349,0.189419,0.133953,0.117209,0.11907,0.0604651,0.0695349,0.0876744,0.0695349,0.0798837,0.106279,0.149884,0,0.0724419,0.0933721,0.0162791,0.0456977,0.0783721,0.034186,0.118488,0.0634884,0,0.0172093,0.0994419,0.189233,0.0317326,0.148279,0.119023,0.0564884,3.10856,24.6512,253.291,0.523256
0.0771,0.0708,0.3277,0.0087,0.3135,0.1113,0.0576,0.124,0.0977,0.236,0.0543,0.5436,0.0846,0.0456,0.0152,0.258,0.1376,0.1596,1.3826,0.082,0.8045,0.0185,0.0777,0.0917,0.7585,0.3747,0.1689,0.1302,0.0789,0.1332,0.0903,0.0447,0.1351,0.0447,0.0946,0.1329,0.2558,0.0152,0.0823,0.0655,0.008,0.035,0.1029,0.0972,0.1718,0.0942,0.0109,0.0293,0.02352,0.19065,0.02413,0.13418,0.04648,0.03357,2.48582,20.65,211.03,0.41
0.149344,0.0511475,0.262623,0.0159016,0.251803,0.153607,0.0542623,0.0680328,0.0542623,0.126066,0.0501639,0.521475,0.143443,0.0434426,0.00147541,0.146885,0.16082,0.133279,1.35574,0.0959016,0.57918,0.453934,0.208852,0.0801639,0.857049,0.277049,0.114426,0.052459,0.0790164,0.0619672,0.0360656,0.0132787,0.117049,0.0132787,0.0491803,0.0859016,0.246393,0.00311475,0.0167213,0.0159016,0.0432787,0.0491803,0.0472131,0.0262295,0.0998361,0.4,0,0.0159016,0.105672,0.178557,0.034623,0.15918,0.082459,0.0547213,3.09892,23.541,307.164,0.409836
0.38,0,1.9,0,1.14,0,0,0,0.38,0.38,0,0,0,0,0,0,0,0,0.38,0.76,0,0,0,0,0.38,0,0,0,0,0,0,0,0,0,0,0,0,0,0,0,0,0,0,0,0,0,0,0,0,0,0,1.008,0.059,0,589,1177,1178,1
0.123333,0.11,0.266667,0.02,0.636667,0.223333,0.0633333,0.536667,0.123333,0.23,0.0866667,0.72,0.203333,0.166667,0.0666667,1.24,0.62,0.333333,1.95667,0.263333,0.786667,0.56,0.37,0.29,0,0,0,0,0,0,0,0,0,0,0,0.166667,0.0533333,0,0,0.0633333,0,0,0,0,0.01,0,0,0,0.00366667,0.045,0.0336667,0.466333,0.15,0.219667,5.95267,255,2016.33,1
0.131546,0.0893092,0.263454,0,0.435822,0.0820066,0.139605,0.118717,0.0440461,0.164507,0.0563158,0.529704,0.0603618,0.0288816,0.0513487,0.335296,0.174539,0.208849,1.78253,0.0172697,0.874375,0.0155263,0.112664,0.066875,0.534803,0.324342,0.235428,0.195263,0.0811184,0.116283,0.0553947,0.068125,0.0801645,0.068125,0.115954,0.148618,0.147138,0.00884868,0.105954,0.0635855,0.0418092,0.0430921,0.0988158,0.0933553,0.264441,0.211546,0.00825658,0.0467763,0.0244441,0.140204,0.0160658,0.24372,0.0742763,0.0387533,2.35756,15.3092,107.628,0.444079
0.0554545,0.116364,0.295909,0.870909,0.260455,0.107273,0.0945455,0.0363636,0.411818,0.171818,0.0586364,0.378636,0.0577273,0.0604545,0.111364,0.265455,0.0572727,0.162727,1.08864,0.0118182,0.565455,1.03727,0.0922727,0.0536364,0.304545,0.203182,0.015,0.0122727,0.0227273,0.005,0.0154545,0,0.0936364,0,0.03,0.0227273,0.160909,0.00181818,0,0.0140909,0.00318182,0.0254545,0,0.00454545,0.0227273,0.0413636,0,0.00363636,0.0475909,0.203409,0.0387727,0.127273,0.0860909,0.100545,5.49014,81.7727,1323.09,0.545455
0.166757,0.262162,0.471081,0,0.283784,0.152973,0.0548649,0.108108,0.27973,0.347297,0.0708108,0.880541,0.252162,0.118919,0.223243,0.170811,0.138108,0.276486,2.03297,0.0886486,1.00486,0,0.222432,0.239459,0.377838,0.0656757,0.0178378,0.0191892,0.00432432,0.00432432,0.0135135,0.00432432,0.0186486,0.00432432,0.0213514,0.0218919,0.0578378,0.00216216,0.00621622,0.057027,0.00432432,0.12973,0.0189189,0.00918919,0.0237838,0.00324324,0,0,0.210838,0.110649,0.0151892,1.68611,0.395297,0.0236216,4.53795,63.2432,734.189,0.72973
0.392,0.362,0.398,0,0.364,0.062,0.038,0.174,0.58,0.566,0.316,0.652,0.538,1.006,0.374,0.192,0.352,0.212,2.734,0.064,1.18,0,0.634,0.42,0,0,0,0,0,0,0,0,0,0,0,0,0,0,0,0.012,0,0,0.024,0,0.036,0.012,0,0,0.01,0.0906,0,0.361,0.7502,0.104,7.587,565.8,2369.8,1
0,0.02,0.05,0,0.02,0,0,0.05,0,0.35,0,0.02,0,0,0,0.05,0.1,0.38,0.07,0.2,0.17,0,0,0,0.02,0,0,0,0,0,0,0,0,0,0,0,0,0,0,0,0,0,0,0,0,0,0,0,0,0.004,0,0.108667,0.0173333,0.0173333,3.922,489,3271,1
0.15375,0.245625,0.625,0,0.33125,0.068125,0.099375,0.05125,0.089375,0.508125,0.2275,0.259375,0.203125,0,0.09875,0.36,0.230625,0.4875,1.03938,0.124375,0.7625,0.525625,0.0825,0.310625,0,0,0,0.046875,0,0,0,0,0.01,0.0075,0,0.011875,0,0,0,0.075625,0,0,0,0,0.04125,0,0,0,0.013625,0.0434375,0,0.539375,0.347188,0.064375,5.89931,130.188,971.125,1
0.42,0,0.42,0,1.71,0,0.42,0,0,0.21,0.21,0.85,0.21,0,0,0,1.92,0.42,3.21,0,1.49,5.78,0.21,0.21,0,0,0,0,0,0,0,0,0.21,0,0,0,0,0,0,0,0,0,0,0,0,0,0,0,0,0,0.075,0.263,0.075,0.639,53.433,494,1603,1
0.5,0.25,0.42,0,0.08,0.23,0.02,0.35,0.35,0.69,0.21,0.9,0.5,0.92,0.02,0.33,0.42,0.02,3.05,0,1.43,0,0.94,0.46,0,0,0,0,0,0,0,0,0,0,0,0,0,0,0,0.02,0,0,0,0,0.02,0,0.02,0,0,0.069,0,0.325,0.523,0.124,6.723,445,4128,1
0.38,0,1.9,0,1.14,0,0,0,0.38,0.38,0,0,0,0,0,0,0,0,0.38,0.76,0,0,0,0,0.38,0,0,0,0,0,0,0,0,0,0,0,0,0,0,0,0,0,0,0,0,0,0,0,0,0,0,1.0065,0.059,0,295,1177,1180,1
0.226471,0.315294,0.601765,0.0558824,0.431765,0.341176,0.164118,0.202941,0.421765,0.688824,0.260588,0.661765,0.222941,0.104706,0.332353,0.263529,0.241765,0.412353,1.98588,0.137059,1.48529,0.01,0.364118,0.298235,0.548824,0.231176,0.0141176,0,0,0.0429412,0,0,0.0794118,0,0.0423529,0.0141176,0.192353,0.0505882,0.0141176,0.0429412,0,0.0429412,0.02,0.0288235,0.0876471,0.0841176,0,0,0.000705882,0.186,0.00876471,0.645235,0.247647,0.0516471,9.96018,302.059,738.765,0.941176
0.1,0.498636,0.262727,3.85318,0.291818,0.155,0.0790909,0.0613636,0.611818,0.146818,0.0509091,0.492727,0.102727,0.02,0.227273,0.0727273,0.187273,0.540909,1.73409,0.0731818,0.964545,1.27091,0.124545,0.256364,0.272727,0,0.235455,0,0,0,0,0,0,0,0.0104545,0.0218182,0.0445455,0.0154545,0.03,0,0,0,0.00454545,0,0.0409091,0,0,0,0.0139091,0.0910455,0,0.358182,0.193364,0.190318,9.75014,91.9545,452.727,0.863636
0,0.42,0.621111,0.101111,0.146667,0,0.558889,0.0633333,0.06,0.614444,0.274444,0.65,0.09,0.121111,0,1.24444,0.258889,0.07,1.9,0.256667,1.37,0,0,0,0.0277778,0.0566667,0,0,0,0,0,0,0,0,0,0,0.0422222,0,0,0,0,0,0,0,0.173333,0,0,0,0.0148889,0.0668889,0,0.648556,0.0498889,0.129556,12.4478,384.556,584.778,0.888889
0.0373333,0.0733333,0.241333,0,0.178,0.026,0.0586667,0.0353333,0.17,0.272667,0.0626667,0.363333,0.0546667,0,0.130667,0.129333,0.044,0.201333,1.37467,0.54,0.922,1.06,0.048,0.0353333,0.524,0.234,0.0286667,0.0546667,0,0.0446667,0.0473333,0,0.0513333,0,0.326,0.0146667,0.131333,0,0.0313333,0.0393333,0.00266667,0.072,0,0.0246667,0.078,0.016,0.0113333,0.0113333,0.019,0.108733,0.00393333,0.228133,0.0918667,0.104267,5.043,64.8667,1215.93,0.6
0.35,0.08,0.35,0,0.35,0,0,0.52,0.61,1.76,0.17,0.26,0.79,0,0.26,0,0.7,0.35,2.64,0,2.03,0,0.61,0.7,0,0,0,0,0,0,0,0,0,0,0,0.08,0,0,0.08,0.17,0,0,0,0,0.17,0,0,0,0,0.081,0,0.556,0.069,0.011,19.234,1170,3116,1
0.0966667,0,0.0966667,0,0.396667,0.0966667,0.0966667,0,0.196667,0.23,0.396667,0.493333,0,0.593333,0,0.896667,0.196667,0,1.7,4.20667,1.7,0,0.396667,0.196667,0,0,0,0,0,0,0,0,0,0,0,0,0,0,0,0,0,0,0,0,0,0,0,0,0,0.109444,0,0.323111,0.157,0,6.80344,494,1438.56,1
0.1025,0,0.385,0,0.4275,0.2425,1.49,0,0,0.14,0,0.8,0,0,0,2.445,0,0.225,3.14,0,1.0575,0,0.345,0.1025,0.0725,0.0725,0.0725,0.145,0,0,0,0,0,0.0725,0.145,0,0,0,0,0,0,0,0,0,0,0,0,0,0,0.127,0,0.64475,0.59925,0,20.5435,319.25,410,0.75
0,0,0.46,0,0,0,0,0.15,0,0,0,0.15,0,0,0,0,0,0.46,0.93,0,0,0,0.46,0,0,0,0,0,0,0,0,0,0,0,0,0.15,0,0,0,0.93,0,0,0,0,0,0,0,0,0.071,0.071,0,0.095,0.023,0,62.75,1505,2761,1
0.074303,0.162485,0.323152,0,0.352,0.192242,0.12303,0.110061,0.0545455,0.230485,0.0598182,0.546,0.0992121,0.0089697,0.0259394,0.230667,0.147879,0.228545,1.47939,0.105394,0.984667,0,0.160303,0.0796364,0.623333,0.340182,0.203273,0.145091,0.11097,0.126667,0.0672121,0.0630303,0.10103,0.0630303,0.129152,0.0970303,0.220303,0.00418182,0.114121,0.0948485,0.128121,0.058303,0.103394,0.0283636,0.195333,0.241818,0.00412121,0.0429697,0.0559455,0.171927,0.0237333,0.180327,0.0915939,0.0231273,2.60808,20.2303,171.345,0.460606
0.508889,0.105556,0.37,0,0.0422222,0.198889,0.00222222,0.154444,0.186667,0.297778,0.236667,0.924444,0.538889,0.947778,0.0611111,0.321111,0.385556,0.196667,2.45333,0.17,0.997778,0,0.232222,0.504444,0,0,0.00111111,0,0.00333333,0.00111111,0,0,0.172222,0,0,0.0255556,0.0911111,0,0.00111111,0.04,0.00666667,0.01,0,0.0255556,0.0644444,0.0133333,0.0222222,0.0633333,0.0175556,0.192778,0.000222222,0.418778,0.289778,0.112222,4.24444,125.333,3531.56,0.888889
0.203333,0.126667,0.24,0.0433333,0.0933333,0.0866667,0.0166667,0.09,0.266667,0.21,0.103333,0.483333,0.133333,0.393333,0.0233333,0.08,0.12,0.0733333,1.09,0,0.453333,0,0.21,0.173333,0.466667,0.48,0.01,0.00666667,0.00666667,0,0,0,0.596667,0,0,0.0833333,0.7,0.0166667,0,0,0.02,0.0133333,0.00666667,0.04,0.0266667,0.0966667,0.00666667,0.05,0.086,0.161333,0.0603333,0.122,0.182333,0.044,3.70867,90.6667,2696.67,0.333333
0.295429,0.189714,0.468857,0,0.476571,0.267143,0.142857,0.283429,0.420571,0.471429,0.116,0.81,0.0471429,0.126286,0.0237143,0.260571,0.435714,0.113714,1.83429,0.419429,1.618,0.668571,0.0554286,0.392,0.172,0.0985714,0.02,0.00428571,0.00428571,0.00428571,0.00428571,0.00428571,0.0957143,0.00428571,0.00428571,0.0388571,0.0562857,0.0151429,0.0134286,0.0482857,0.00228571,0.143714,0.0125714,0.018,0.0514286,0.0168571,0,0,0.0179143,0.1466,0.0125429,0.459971,0.1746,0.0615143,5.06783,90.4,624.343,0.771429
0.273333,0.245556,0.368889,0,0.49,0.202222,0.0655556,0.674444,0.35,0.651111,0.136667,0.62,0.372222,0.184444,0.171111,0.838889,0.465556,0.311111,2.56333,0.184444,1.32111,1.13,0.522222,0.5,0,0,0,0,0,0,0,0,0.0211111,0,0,0.0777778,0,0.0211111,0.0122222,0.0511111,0,0,0,0,0.0477778,0,0,0,0.0147778,0.0593333,0.0314444,0.372222,0.171111,0.156111,8.113,215.444,1592.22,1
0.16,0.153333,0.25,0,0.116667,0.0366667,0.03,0.0833333,0.22,0.4,0.0866667,0.316667,0.19,0.36,0.01,0.103333,0.196667,0.05,1.14,0.00666667,0.53,0,0.116667,0.173333,0.393333,0.406667,0,0,0,0,0,0,0.72,0,0,0.05,0.68,0,0,0.00666667,0.0333333,0.00666667,0.0266667,0.00666667,0.18,0.11,0,0.143333,0.0826667,0.211333,0.0173333,0.129667,0.189,0.045,3.54767,61.6667,2489.67,0.666667
0.156,0.2,0.974,0,0.374,0.654,0.39,0.348,0.71,0.578,0.156,0.75,0.284,0,1.154,0.216,0.096,1.416,1.776,0.268,0.802,0,0.648,0.392,0,0,0,0,0,0,0,0,0,0,0.04,0,0,0,0,0.016,0,0,0.072,0,0.052,0.036,0,0,0,0.0604,0,0.4398,0.179,0.0208,10.4036,689,1490.4,1
0.116471,0.166471,0.424824,0,0.447765,0.117412,0.318118,0.148706,0.0464706,0.304941,0.145765,0.497294,0.166471,0.0527059,0.0417647,0.298235,0.171059,0.267059,2.028,0.0989412,1.08635,0.0191765,0.260941,0.0801176,0.200353,0.0845882,0.0142353,0.125294,0.00705882,0.0862353,0.0117647,0.00705882,0.242118,0.00705882,0.118471,0.0784706,0.133529,0,0.00658824,0.0797647,0.0161176,0.0425882,0.00611765,0.0174118,0.118588,0.0744706,0,0.0128235,0.0138,0.0840235,0.00118824,0.466788,0.108482,0.0173059,5.22071,63.6353,191.094,0.682353
0.15295,0.108891,0.271715,0,0.201841,0.0637238,0.14159,0.0667155,0.0121548,0.266485,0.0886402,0.646778,0.0825523,0.0217992,0.0225732,0.217029,0.0998536,0.139247,1.70358,0.0167992,0.981088,0,0.0433682,0.0698326,0.651925,0.329038,0.25523,0.216715,0.111067,0.2041,0.10159,0.0638285,0.196506,0.0638285,0.190795,0.120293,0.185921,0.00548117,0.141967,0.0766946,0.0573849,0.166339,0.0610669,0.12069,0.263954,0.239184,0,0.0320084,0.0124644,0.135441,0.00711925,0.214508,0.0608431,0.0796255,2.35652,11.682,51.682,0.278243
0.015,0.045,0.115,0,0.2,0.04,0,0,0.075,0.065,0.015,0.25,0.015,0.045,0.005,0.065,0.265,0.04,0.06,0,0.035,0,0.005,0,0.24,0.245,0.02,0,0.005,0,0,0,0.965,0,0,0.06,0.655,0,0,0.02,0,0.015,0.035,0.005,0.01,0.115,0,0.085,0.1145,0.1315,0.028,0.001,0.002,0.005,2.368,48,3056.5,0
0.29,0.04,0.04,0,0.14,0.04,0,0.29,0.29,0.94,0.14,0.04,0.14,0,0.19,0.04,0.39,0.19,1.6,0.04,0.79,9.53,0.69,0.47,0,0,0,0,0,0,0,0,0,0,0,0.04,0,0,0.04,0,0,0,0,0,0.19,0,0,0,1.117,0.053,0,0.356,0.09,0.011,12.332,1171,9163,1
0.51,0.43,0.29,0,0.14,0.03,0,0.18,0.54,0.62,0.29,0.65,0.65,1.2,0.03,0.21,0.43,0.03,3.015,0,1.35,0,0.51,0.54,0,0,0,0,0,0,0,0,0,0,0,0,0,0,0,0,0,0,0,0,0.03,0,0,0,0.012,0.079,0,0.4485,0.5165,0.1345,6.59,739,2333,1
0.5,0.626667,0.753333,0,0.373333,0.126667,0,0.246667,0.246667,1.38333,0.246667,2.27333,0,0.246667,0,0.246667,0,0,2.15,0,4.04333,0.126667,0.246667,0,0,0,0,0,0,0,0,0,0,0,0,0,0.123333,0,0,0,0,0,0,0,0,0,0,0,0,0.172333,0,0.872667,0.131,0.064,70.3683,807.333,965.667,1
0,0.094,0.201,0,0.817,0,1.632,1.083,1.083,1.177,1.083,0.495,0,0.107,0,0.39,3.015,0,1.301,1.083,3.518,0,0.295,0.107,0,0,0,0,0,0,0,0,0,0,0,0,0.441,0,0.107,0,0,0,0,0,0,0,0,0,0,0.0577,0,0.7166,0.1175,0.0998,81.4581,285.2,299.1,1
0.148,0.15,0.454,0,0.566,0.112,0.038,0.184,0.242,1.174,0.116,0.6,0.2,0,0.312,0.478,0.094,0.63,1.446,0.038,1.294,1.866,0.124,0.106,0.112,0.132,0.018,0.02,0,0,0,0,0.074,0,0,0.018,0.056,0,0,0.076,0,0,0,0,0,0,0,0,0.0394,0.0854,0.0102,0.4656,0.095,0.274,8.7942,107.4,878,0.8
0.492222,0.298889,0.441111,0,0.0522222,0.135556,0.0422222,0.234444,0.433333,0.696667,0.242222,0.924444,0.56,1.25222,0,0.224444,0.438889,0.00555556,3.16778,0,1.43,0,0.983333,0.383333,0,0,0,0,0,0,0,0,0,0,0,0,0,0,0,0,0,0,0,0.00333333,0.0255556,0,0.00333333,0,0.00211111,0.0648889,0,0.365111,0.807778,0.155889,5.82844,178.444,3055.78,1
0.17,0.108545,0.422909,0.0334545,0.320182,0.0743636,0.146,0.264909,0.0816364,0.39,0.0810909,0.420727,0.0247273,0.0114545,0,0.427091,0.353273,0.172727,1.834,0.317818,1.08909,1.00418,0.0867273,0.0961818,0.361818,0.227273,0.0534545,0.0287273,0.0305455,0.0250909,0.012,0.012,0.0103636,0.0174545,0.0323636,0.0330909,0.223091,0,0.0141818,0.0772727,0,0,0.0330909,0.0267273,0.163455,0.0447273,0.0252727,0.0596364,0.340327,0.156709,0.0211091,0.407564,0.295764,0.301818,5.19911,62.7455,327.473,0.618182
0.0232353,0.29,0.322059,0,0.502647,0.237941,0.803824,0.0202941,0.0697059,0.38,0.0367647,0.771471,0.0311765,0.00588235,0.0270588,0.113824,0.197353,0.382647,2.11206,0.0302941,1.28324,0.0252941,0.0132353,0.0238235,0.0414706,0,0.185294,0.0414706,0,0,0.212941,0,0,0,0.0914706,0.0155882,0.0129412,0,0.0552941,0.558824,0,0,0,0.00823529,0.228235,0.0129412,0,0,0.00402941,0.170265,0.0191765,0.331706,0.0192059,0.0373529,12.8499,160.912,376.412,0.617647
0.33,1.01,0,0,1.35,0,0.33,0,0,0,0.67,0.67,0.33,0,0,1.01,0,1.68,2.36,0,3.71,0,0,0,0,0,0,0,0,0,0,0,0,0,0,0,0,0,0,0,0,0,0,0,0,0,0,0,0,0.12,0,0.06,0.06,0,193.5,1013,1161,1
0.17697,0.0781818,0.377879,0.0412121,0.231515,0.0845455,0.0309091,0.141212,0.307273,0.207879,0.0821212,0.548485,0.0645455,0,0.0439394,0.223333,0.230606,0.220909,1.95394,0.292424,1.18727,0.375455,0.059697,0.204545,0.161212,0.0106061,0.0157576,0.0133333,0.00606061,0.00606061,0.0206061,0.00606061,0.0169697,0.00606061,0.0169697,0.0572727,0.0506061,0.113636,0.0239394,0.0751515,0,0.060303,0.0521212,0.0154545,0.0436364,0.0224242,0,0.0360606,0.122909,0.150091,0.0111515,0.394212,0.0802424,0.0636667,3.80142,70,389.545,0.666667
0,0,0,0,0,0,0,0,0,0,0,0,0,0,0,0.58,0,0,0,0,0,0,0,0,0,0,1.46,0.29,0,0.58,0,0,0,0,0,0,0.58,0,0,0,0,0,0,0,0,0,0,0,0,0.018,0,0,0,0,251,1488,1506,0
0.3325,0,1.6725,0,1.0025,0,0.1625,0,0.6675,1.1675,0,0,0,0,0,0,0,0,0.3325,1.0025,0.6675,0,0,0,0.3325,0,0,0,0,0,0,0,0,0,0,0,0,0,0,0,0,0,0,0,0,0,0,0,0,0,0,0.87825,0.103,0,390.375,1235.5,1339.75,1
0.143433,0.0602985,0.184925,0.184776,0.364179,0.0868657,0.061194,0.111493,0.238358,0.327313,0.122836,0.793134,0.1,0.0534328,0.01,0.221642,0.18403,0.0850746,1.2694,0.0685075,0.667463,0.692537,0.149104,0.148209,0.689403,0.273731,0.0302985,0.0286567,0.0192537,0.0380597,0.0135821,0.00283582,0.182985,0.00492537,0.0322388,0.0808955,0.179552,0.0149254,0.0237313,0.010597,0.0873134,0.0685075,0.0061194,0.018209,0.0449254,0.440597,0.0341791,0.028209,0.0533582,0.157806,0.0197463,0.149269,0.0630746,0.0789701,3.74501,38.4328,500.045,0.477612
0.099814,0.0735814,0.304698,0.00976744,0.415349,0.198047,0.119209,0.128,0.0286047,0.23707,0.0318605,0.510047,0.0787442,0.00646512,0.0152093,0.287349,0.113302,0.155256,1.57088,0.0344186,1.09758,0.0249302,0.115767,0.0997674,0.617674,0.437349,0.216837,0.196,0.0976279,0.122047,0.062093,0.0550698,0.0889302,0.057814,0.129488,0.115953,0.152326,0.00106977,0.0914884,0.0566512,0.046186,0.0426047,0.0843721,0.0335349,0.266465,0.112093,0.00962791,0.00902326,0.0242465,0.15294,0.0294186,0.22593,0.0571953,0.0188233,2.37656,16.693,139.019,0.455814
0.149318,0.0902273,0.493182,0.00386364,0.358409,0.138409,0.0572727,0.121818,0.228409,0.365455,0.0970455,0.798864,0.138864,0.095,0.0386364,0.228636,0.134773,0.176591,2.18386,0.125,1.69227,0.00386364,0.163182,0.144545,0.2,0.0968182,0,0.0245455,0,0.0122727,0.00363636,0,0.0286364,0,0.0309091,0.0302273,0.0834091,0.00954545,0.04,0.00181818,0,0.0406818,0.0122727,0.00772727,0.115455,0,0.00613636,0.00181818,0.0176136,0.161341,0.0181818,0.418045,0.06675,0.03025,4.49525,80.6818,545.636,0.863636
0.10375,0.100833,0.179167,0,0.111667,0.0504167,0.0120833,0.0716667,0.284167,0.140417,0.0475,0.599583,0.100417,0.04,0.0175,0.04,0.102917,0.01375,0.575417,0.03125,0.288333,0,0.02875,0.0966667,2.07292,0.3675,0.0433333,0.0183333,0.0245833,0.06875,0.0220833,0.01125,0.18,0.01125,0.04625,0.17125,0.258333,0,0.0233333,0.01125,0.0729167,0.0304167,0.0570833,0.005,0.0445833,0.169583,0.0191667,0.06625,0.124625,0.207333,0.0174167,0.029375,0.0322917,0.00075,2.96654,35.5,676.833,0.125
0.362727,0.208182,0.314545,0,0.0672727,0.109091,0.0372727,0.155455,0.301818,0.496364,0.177273,0.732727,0.387273,0.872727,0.03,0.126364,0.280909,0.105455,2.4,0,0.984545,0.116364,0.731818,0.341818,0.306364,0.160909,0.00909091,0,0.00181818,0.0154545,0,0,0.179091,0,0,0.0172727,0.0881818,0.00181818,0.0154545,0.00181818,0.00909091,0.00181818,0.00181818,0.0127273,0.0627273,0.03,0.00545455,0.00909091,0.0148182,0.0951818,0.00645455,0.245182,0.415818,0.120364,7.50918,167.273,3278,0.909091
0.22,0.22,0.22,0,1.77,0.22,0.44,0.44,0.22,2.88,0,0.88,0.22,0,1.105,0.44,0,0.44,3.325,0,3.325,0,0.44,0.44,0,0,0,0,0,0,0,0,0,0,0,0,0,0,0,0.44,0,0,0,0,0,0,0,0,0,0,0,0.5755,0.153,0,86.675,1038,1733.5,1
0.0226364,0.0623636,0.215727,0,0.218455,0.0448182,0.181818,0.0556364,0.0901818,0.209636,0.0260909,0.371182,0.121545,0.0821818,0,0.621364,0.0415455,0.244455,2.28745,0.123545,1.13218,0.0587273,0.0541818,0.0585455,0.320364,0.223,0.0712727,0.0448182,0,0.013,0.0142727,0,0.02,0,0.0277273,0.0565455,0.00727273,0,0,0.00554545,0,0.0796364,0.00636364,0.0440909,0.297545,0.278636,0,0,0.00942727,0.0581818,0.00376364,0.468782,0.0428818,0.0293636,4.57108,44.0455,86.3364,0.490909
0.155,0.1275,0.303333,0,0.290833,0.11,0.0408333,0.159167,0.259167,0.5325,0.0816667,0.551667,0.1425,0.0483333,0.103333,0.145,0.109167,0.218333,1.78167,0.02,1.01583,1.24583,0.335,0.265833,0.275,0.149167,0.0075,0.01,0,0.00666667,0.01,0,0.0283333,0.0108333,0.00333333,0.0491667,0.155,0,0.00916667,0.0125,0,0,0,0.0225,0.0258333,0.0441667,0,0.0175,0.0406667,0.132583,0.0204167,0.2285,0.276083,0.135833,6.643,114.917,1474.25,0.666667
0.59,0.09,0.09,0,0.29,0.09,0,0.59,0.59,2.09,0.29,0.09,0.29,0,0.39,0.09,0.79,0.39,3.19,0.09,1.69,0,1.39,0.99,0,0,0,0,0,0,0,0,0,0,0,0.09,0,0,0.09,0,0,0,0,0,0.19,0,0,0,0.044,0.078,0,0.334,0.133,0.011,15.493,1171,2541,1
0.0942857,0.0914286,0.227143,0,0.0971429,0.0928571,0.0542857,0.08,0.0842857,0.258571,0.06,0.287143,0.174286,0.0242857,0.0542857,0.138571,0.0671429,0.142857,1.21286,0.00571429,0.55,0,0.13,0.115714,1.99429,0.11,0.00285714,0,0.00285714,0.0471429,0,0,0.0785714,0,0.0342857,0.124286,0.144286,0.00285714,0.04,0.0457143,0.05,0.0142857,0.0142857,0.0571429,0.0557143,0.21,0,0.127143,0.0321429,0.131429,0.00628571,0.175,0.0868571,0.0161429,5.411,75.1429,2031.14,0.285714
0.0939773,0.102273,0.369545,0,0.544091,0.114545,0.111818,0.145,0.0915909,0.285,0.0828409,0.669545,0.0606818,0.0160227,0.0113636,0.306477,0.3525,0.276364,1.96034,0.155455,1.03034,0.0426136,0.210909,0.0706818,0.245795,0.0939773,0.0243182,0.0247727,0.00443182,0.0420455,0.00443182,0.00795455,0.0257955,0.0115909,0.0453409,0.0751136,0.111136,0.000795455,0.0144318,0.0493182,0,0.00465909,0.0167045,0.0314773,0.219091,0.2575,0,0.0280682,0.00863636,0.109739,0.00805682,0.35175,0.123443,0.0455909,4.13812,66.7841,258.261,0.670455
0.0789655,0.0824138,0.242069,0,0.267931,0.101724,0.0441379,0.246897,0.241724,0.322414,0.0855172,0.568621,0.0855172,0.138621,0.120345,0.0906897,0.224138,0.202414,1.1431,0.183448,0.645517,0.83,0.116897,0.0810345,1.19483,0.233103,0.0248276,0.0441379,0.0182759,0.0517241,0.042069,0.00655172,0.22931,0.00310345,0.160345,0.0727586,0.214138,0,0.0575862,0.0251724,0.00724138,0.0282759,0.00310345,0.00344828,0.0434483,0.0158621,0.00758621,0.0848276,0.0854828,0.142759,0.0446897,0.135759,0.0957241,0.09,3.53193,40.9655,896.621,0.37931
0.185,0.095,0.805,0,0.76,0.455,0,0.33,0.625,0.385,0.125,0.625,0.27,0,1.33,0.04,0.095,1.28,1.805,0.27,0.595,0,0.84,0.38,0,0,0,0,0,0,0,0,0,0,0.045,0,0,0,0,0.08,0,0,0.08,0,0.04,0.04,0,0,0.006,0.0675,0,0.4625,0.154,0.023,11.692,680,1761.5,1
0.160455,0.0327273,0.205,0,0.219545,0.0577273,0.0481818,0.124545,0.389545,0.105,0.0918182,0.435455,0.0704545,0.117727,0.00227273,0.307273,0.0936364,0.315909,0.974091,0.0963636,0.742273,0,0.113182,0.114091,0.55,0.262273,0.0240909,0.0154545,0.00409091,0.0263636,0.02,0.00409091,0.189091,0.00409091,0.0290909,0.0377273,0.282273,0.00227273,0,0.0436364,0.0254545,0.0363636,0.0186364,0.025,0.0259091,0.101818,0.0445455,0.0809091,0.0526364,0.158545,0.0302273,0.270409,0.206318,0.021,3.74373,45.4545,1114.45,0.5
0,0,0,0,0,0,0,0,0,0,0,0,0,0,0,0,0,0,0,0,0,0,0,0,0,0,0,0,0,0,0,0,0,0,0,0,0,0,0,0,0,0,0,0,0,0,0,0,0.022,0.022,0.019,0.022,0.022,0.022,3.482,5,5902,0
0.34,0,1.7,0,1.02,0,0,0,0.68,1.02,0,0,0,0,0,0,0,0,0.34,1.02,0.68,0,0,0,0.34,0,0,0,0,0,0,0,0,0,0,0,0,0,0,0,0,0,0,0,0,0,0,0,0,0,0,0.9005,0.1055,0,665.5,1330,1331,1
0.0719065,0.0568785,0.259645,0,0.260579,0.053028,0.0651589,0.046,0.0391215,0.117626,0.0171028,0.62572,0.0655514,0.0602056,0.00657944,0.202542,0.0363551,0.143682,1.78854,0.0123738,0.494897,0,0.0284299,0.0738692,1.13843,0.52985,0.454486,0.251813,0.307925,0.255944,0.218112,0.17757,0.0560935,0.17757,0.241607,0.231757,0.164617,0.0138131,0.133065,0.185383,0.0733832,0.251925,0.0271963,0.120673,0.465869,0.157178,0.00190654,0.0353832,0.0315009,0.177768,0.0130523,0.187529,0.0232766,0.0137701,1.98955,7.73271,30.2056,0.179439
0.05125,0.15375,0.6025,0.06125,0.97625,0.02375,0.76,0.3075,0,0.32125,0.03125,0.51875,0.025,0.02875,0,1.37375,0.17,0.3075,2.1,0,0.9725,0,0.12125,0.18875,0.125,0.0625,0,0,0.0625,0.03125,0,0,0,0.02375,0,0.02875,0.14625,0,0,0,0,0.025,0,0,0.31875,0,0,0.125,0.076625,0.186125,0,0.36075,0.051875,0.003,10.2293,230.5,495.125,0.75
0.1275,0.108333,0.248333,0,0.615,0.163333,0.0383333,0.0458333,0.406667,0.519167,0.105833,0.345,0.123333,0.634167,0.534167,0.0508333,0.316667,0.0958333,2.05,0,1.28167,0,0.173333,0.288333,0.183333,0,0.0183333,0.0241667,0,0,0.0425,0,0,0,0.0425,0.0108333,0.1,0,0,0.0308333,0,0.573333,0,0,0.118333,0,0.0075,0,0.0164167,0.119833,0.004,0.180583,0.211083,0.0611667,4.59758,146.333,661.5,0.5
0.12475,0.452,0.33,1.773,0.93875,0.14825,0.69275,0.1565,0.0595,0.38525,0.04375,0.65175,0.17475,0.084,0,0.74875,1.575,0.245,2.07975,0.281,1.83075,0,0.01975,0.144,0,0,0,0,0,0.02425,0,0,0,0,0,0.0535,0.1165,0.039,0,0.0085,0,0,0,0,0.0085,0,0,0,0,0.116675,0,0.728525,0.214775,0.0331,9.17465,135.975,193.15,0.925
0,0.1,0.3,0,1.02,0.3,0.1,0.4,0,0.2,0.1,0.92,0,0.1,0,1.94,0.92,0.4,1.94,0.4,0.61,0.92,0.51,0.1,0,0,0,0,0,0,0,0,0,0,0,0.3,0.1,0,0,0.1,0,0,0,0,0,0,0,0,0,0.048,0.016,0.518,0.162,0.34,8.181,283,1890,1
0.0902857,0.118571,0.448571,0.0194286,0.307429,0.155143,0.144857,0.244,0.656,0.595143,0.121714,0.540857,0.0805714,0.0362857,0.144,0.361714,0.098,0.36,1.69914,0.201429,1.16029,0.0837143,0.0951429,0.212571,0.314571,0.162286,0.0177143,0.006,0.00114286,0.0157143,0.0174286,0,0.0828571,0.00485714,0.228571,0.0208571,0.146286,0.00371429,0.0357143,0.0171429,0.0214286,0.0562857,0.00285714,0.008,0.0405714,0.0942857,0.0111429,0.014,0.0534286,0.1242,0.0759714,0.398857,0.209657,0.0475429,3.47654,55.2857,1013.31,0.742857
0.1375,0.1775,0.4825,0,0.33625,0.095,0.3025,0.17375,0.03625,0.65125,0,0.61375,0.31375,0,0,0.6825,0.42375,0.35875,2.18375,0.1225,0.56125,0,0.85,0.06125,0.55125,0.0775,0,0,0,0,0,0,0,0.05375,0,0.025,0.13375,0,0,0,0,0,0,0,0.09125,0,0,0.025,0,0.193625,0,0.496375,0.281875,0.021,11.8451,146.125,493.75,0.75
0.05,0.2225,0.2725,2.29,0.1675,0.5975,0.31,0.5775,0.7275,1.0225,0.135,0.7275,0,0,1.035,0.0725,0.5625,0.825,1.645,0.2775,0.855,0,0.42,0.1,0,0,0,0,0,0,0,0,0,0,0,0,0.0725,0,0,0.0725,0,0,0.1,0,0,0,0,0,0.09675,0.10825,0,0.26175,0.13975,0.023,11.033,729.75,1197,1
0.79,0.9625,0.945,0,0.7625,0,0.4225,0,0.585,2.0925,0,1.5325,0,0,0.7525,2.7325,0.7725,0,1.165,0,2.335,0,0,0.4025,0,0,0,0,0,0,0,0,0,0,0,0,0,0,0,0,0,0,0,0,0,0,0,0.1925,0,0.0335,0,1.56425,0.6845,0.023,128.925,437.25,525.75,1
0.183333,1.10333,0.59,0,0.583333,0.33,0.1,0.266667,0.573333,1.16,0.316667,0.826667,0.196667,0,0.486667,0,0.66,0.93,2.22667,1.48,1.91,0,0.266667,0.36,0,0,0,0,0,0,0,0,0.05,0,0.0433333,0,0,0,0,0,0,0,0.163333,0,0,0,0,0,0,0.147333,0,0.356,0.189,0.0283333,12.7603,466.667,1171,1
0.102549,0.111373,0.338039,0.00823529,0.321765,0.0915686,0.0778431,0.0939216,0.0917647,0.351176,0.112157,0.441176,0.153725,0.0533333,0.13902,0.291961,0.104118,0.248431,1.18902,0.0262745,0.607255,0.541569,0.257843,0.0382353,0.688235,0.261569,0.119804,0.159412,0.0692157,0.0786274,0.0915686,0.0341176,0.0596078,0.0341176,0.0819608,0.0852941,0.133529,0.00137255,0.0723529,0.08,0.0635294,0.112745,0.0331373,0.0968627,0.122745,0.08,0.0296078,0.0486275,0.268353,0.149275,0.0130588,0.140216,0.0724314,0.0939804,3.29908,28.3725,365.745,0.431373
0.0266667,0.126667,0.296667,0.0333333,0.376667,0.166667,0,0.163333,0,0.16,0.0933333,0.97,0,0.0333333,0,0.666667,0.28,0.23,0.623333,0.103333,0.13,0,0.173333,0.0333333,0.0266667,0,0,0,0,0.0766667,0,0,0,0,0,0.163333,0.16,0,0,0.0333333,0,0,0.0266667,0,0,0,0,0,0.0133333,0.123667,0.00633333,0.128,0.0606667,0.069,4.72433,223,1758.67,0.333333
0.08,0,0.32,4.31,0.08,0.16,0.08,0.08,0,0,0.08,0.24,0.32,0,0,0.08,0,0.32,1.87,0,0.57,0,0.16,0.24,0,0,0,0,0,0,0,0,0,0,0,0,0.08,0,0,0,0,0,0,0,0.16,0,0,0,0.344,0.068,0,0.55,0.082,0.151,15.547,339,2923,1
0,0.19,0.054,0,0.298,0,0.054,0.144,0,0.442,0,0.154,0,1.224,0,0.27,0,0,1.048,0,0.488,2.172,0,0.108,0.388,0,0.19,0,0,0,0.19,0,0,0,0.19,0,0.394,0,0,0,0,0,0,0,0,0,0,0,0,0,0,0.0658,0.1564,0.282,16.6504,238.4,1108.8,0.2
0.0666667,0.236667,0.273333,0,0.28,0.59,0.14,0.24,0.546667,0.516667,0.14,0.38,0.21,0.0333333,0.0333333,0.07,0.103333,0.21,2.43333,0.206667,1.66667,0.103333,1.12667,0.236667,0,0,0,0,0,0,0,0,0,0,0,0.14,0,0,0,0,0,0,0,0,0.24,0,0,0,0.042,0.0573333,0.539333,0.476333,0.190333,0.026,13.937,352.333,963,1
0.173,0.385,0.302,5.644,0.459,0.182,0.028,0.016,0.828,0.826,0.054,0.983,0.124,0.016,0.209,0.172,0.043,0.629,2.121,0.617,1.602,0.732,0.222,0.309,0.176,0,0.17,0.064,0.006,0.044,0,0,0.044,0,0.014,0,0,0,0.044,0,0,0.013,0.017,0.016,0.017,0,0,0.014,0.0047,0.2044,0,0.4072,0.166,0.0947,7.4751,173.4,859.7,0.8
0.0871429,0.0385714,0.155714,0,0.0285714,0.0185714,0,0.0357143,0.0557143,0.0657143,0.0357143,0.357143,0.0214286,0.0371429,0.00285714,0.0271429,0.0557143,0.0771429,0.392857,0.0271429,0.23,0.505714,0,0,0.35,0.141429,0.0128571,0.0114286,0.0185714,0.0328571,0.0514286,0,0.362857,0,0.0185714,0.0985714,0.31,0.0228571,0.0457143,0.0242857,0.0771429,0.01,0.0114286,0.0485714,0.0214286,0.331429,0.00714286,0.0514286,0.121571,0.184714,0.0585714,0.0294286,0.00228571,0.031,3.01729,41.7143,1799.71,0
0.58,0,0.34,0,0.11,0.11,0,0,0,0.23,0.23,0.93,0.93,0,0,0.58,0.23,0.11,4.19,0,1.51,0,0.58,0.46,0,0,0,0,0,0,0,0,0,0,0,0,0,0,0.34,0,0,0,0,0,0.11,0,0,0.11,0,0.125,0,0.733,0.104,0.335,8.192,326,1360,1
0.205,0.24,0.2,0,0.235,0.085,0.015,0.035,0.39,0.335,0.145,0.49,0.22,0.52,0.015,0.195,0.185,0.04,1.615,0,0.73,0,0.24,0.295,0.265,0.275,0.005,0,0,0,0,0,0.25,0,0.005,0.005,0.225,0.02,0,0,0,0,0.005,0,0.035,0,0.025,0,0.1,0.1045,0.032,0.2165,0.267,0.057,4.5355,89,2364,0.5
0.107576,0.198485,0.582424,0.597879,0.476667,0.189697,0.31,0.201515,0.0551515,0.227879,0.146061,0.521818,0.104545,0,0,0.433939,0.387576,0.401515,2.33576,0.535455,1.59727,0,0.146364,0.234848,0.0609091,0.0757576,0.00969697,0,0.0436364,0.0436364,0,0,0.00818182,0,0.029697,0.0221212,0.139394,0,0.0724242,0.00575758,0,0,0.0230303,0.0145455,0.122727,0.0375758,0,0,0.0107273,0.0960909,0.0258182,0.429515,0.0742727,0.0314848,7.87388,134.485,295.212,0.909091
