0.0953388,0.096206,0.281545,0,0.235745,0.0677507,0.15439,0.0709485,0.00883469,0.26122,0.0511382,0.617724,0.0996748,0.0187263,0.025393,0.219458,0.0826829,0.134472,1.79488,0.0144715,0.611734,0,0.0706504,0.0479946,0.619512,0.340515,0.299079,0.232764,0.139621,0.216477,0.132412,0.0812195,0.143794,0.0812195,0.214607,0.151897,0.203333,0.00476965,0.206125,0.0973442,0.0741734,0.202493,0.0617615,0.128943,0.262683,0.259675,0,0.0319512,0.0157724,0.160645,0.0146504,0.233436,0.053439,0.0505339,2.12449,10.0027,46.3957,0.230352
0,0,0,0,0,0,0,0,0,0,0,0,0,0,0,0,0,0,0,0,0,0,0,0,0,0,0,0,0,0,0,0,0,0,0,0,0,0,0,0,0,0,0,0,0,0,0,0,0.022,0.022,0.019,0.022,0.022,0.022,3.482,5,5902,0
0.185,0.095,0.805,0,0.76,0.455,0,0.33,0.625,0.385,0.125,0.625,0.27,0,1.33,0.04,0.095,1.28,1.805,0.27,0.595,0,0.84,0.38,0,0,0,0,0,0,0,0,0,0,0.045,0,0,0,0,0.08,0,0,0.08,0,0.04,0.04,0,0,0.006,0.0675,0,0.4625,0.154,0.023,11.692,680,1761.5,1
0.348333,0,1.74833,0,1.04833,0,0.108333,0,0.571667,0.905,0,0,0,0,0,0,0,0,0.348333,0.921667,0.445,0,0,0,0.348333,0,0,0,0,0,0,0,0,0,0,0,0,0,0,0,0,0,0,0,0,0,0,0,0,0,0,0.921,0.0883333,0,358.583,1216,1286.5,1
0.139839,0.0904839,0.212258,0.196935,0.372258,0.0729032,0.0566129,0.109516,0.220161,0.344355,0.128548,0.795323,0.107097,0.0583871,0.00548387,0.208871,0.165806,0.0766129,1.25226,0.0569355,0.660645,0.745645,0.159032,0.169839,0.659839,0.225161,0.0277419,0.0309677,0.0208065,0.0380645,0.0146774,0.0182258,0.130968,0.00532258,0.0348387,0.0880645,0.136935,0.016129,0.0212903,0.0114516,0.0419355,0.0740323,0.00741935,0.0196774,0.0417742,0.129355,0.0325806,0.0304839,0.0502742,0.148306,0.0164516,0.140984,0.0627903,0.0842903,3.72537,37.6774,492.516,0.516129
0.5725,0.11875,0.41625,0,0.03125,0.22375,0.0025,0.17375,0.21,0.31875,0.26625,1.0325,0.60625,1.06625,0.06875,0.36125,0.43375,0.22125,2.735,0.19125,1.115,0,0.26125,0.5675,0,0,0.00125,0,0.00375,0.00125,0,0,0.19375,0,0,0.02875,0.1025,0,0.00125,0.045,0.0075,0.01125,0,0.02875,0.0725,0.015,0.025,0.07125,0.0185,0.088125,0.00025,0.471125,0.124625,0.125,3.83137,106.25,3504,0.875
0.258571,0.179524,0.458095,0,0.45881,0.235238,0.145714,0.27,0.377619,0.44881,0.105,0.782857,0.0502381,0.105238,0.0221429,0.265476,0.445238,0.124048,1.78167,0.402143,1.55595,0.557143,0.0533333,0.35,0.175,0.106905,0.0166667,0.00357143,0.00357143,0.00357143,0.00357143,0.00357143,0.0797619,0.00357143,0.00357143,0.0378571,0.0935714,0.0140476,0.0111905,0.0442857,0.00190476,0.12119,0.0135714,0.017381,0.0588095,0.0140476,0,0,0.0170952,0.139381,0.0113333,0.450286,0.159214,0.0522143,5.00567,89.8571,618.333,0.761905
0.19,0,0.38,0,0,0.19,0,0,0,0,0.19,0.19,0,0,0,0.38,0,0.19,1.14,0,0.38,0,0,0,0,0,0,0,0,0,0,0,0,0,0,0,0,0,0,0,0,0,0,0,0,0,0,0,0.01,0.01,0,0,0,0.003,2.383,21,15841,1
0,0.688333,0.961667,0,0.386667,0,0.276667,0.095,0.34,1.62333,0.0933333,1.35,0.0933333,0.181667,0.501667,0.565,0.66,0,1.505,0.385,2.17,0,0,0,0,0,0,0,0,0,0,0,0,0,0,0,0,0,0,0,0,0,0,0,0.0933333,0,0,0,0,0.0608333,0,1.23283,0.484833,0.098,45.8038,414.167,560.5,1
0,0,0,0.04,0,0,0,0,0,0,0,0,0,0,0,0.02,0,0,0.02,0,0,0,0,0,0,0,0,0,0,0,0,0,0,0,0,0,0,0,0,0,0,0,0,0,0,0,0,0,1.024,9.752,0.003,1.542,1.785,1.998,239.571,9989,10062,1
0.181,0.149,0.334,0,0.315,0.128,0.049,0.191,0.244,0.631,0.078,0.585,0.171,0.058,0.124,0.158,0.127,0.257,2.047,0.024,1.163,1.495,0.39,0.319,0.062,0.066,0.004,0,0,0,0,0,0.014,0.013,0,0.059,0.12,0,0.011,0.015,0,0,0,0.009,0.023,0.053,0,0.017,0.0267,0.1159,0.0183,0.2711,0.3243,0.163,7.4122,127.1,1478.9,0.8
0,0,0.28,0,0.16,0.18,0,0,0,0,0.02,0.09,0.11,0,0,0,0,0,0.14,0,0.02,0,0,0.04,0,0,0,0,0,0,0,0,0,0.07,0,0,0,0,0.02,0,0,0,0,0,0,0,0,0,0,0.116,0.021,0.032,0,0,16.6155,154,9089,1
0.392,0.362,0.398,0,0.364,0.062,0.038,0.174,0.58,0.566,0.316,0.652,0.538,1.006,0.374,0.192,0.352,0.212,2.734,0.064,1.18,0,0.634,0.42,0,0,0,0,0,0,0,0,0,0,0,0,0,0,0,0.012,0,0,0.024,0,0.036,0.012,0,0,0.01,0.0906,0,0.361,0.7502,0.104,7.587,565.8,2369.8,1
0.0175,0.06,0.0375,0,0.065,0.0175,0.0425,0.065,0.04,0.08,0.005,0.1475,0.0175,0.0875,0.005,0.0075,0.0375,0.0325,0.08,0.0025,0.1025,0,0.0525,0,0.9825,0.5875,0.0275,0,0.005,0.0425,0,0,0.85,0,0,0.06,0.365,0.0125,0.0425,0.005,0.0325,0.0075,0.0025,0.0525,0.0875,0.0825,0.0075,0.025,0.08825,0.14375,0.031,0.0155,0.01325,0.00075,8.607,91.75,3326,0.5
0.0956667,0.152667,0.888333,0,0.727333,0.85,0.381,0.114667,0.690667,0.179,0.222,0.666333,0.252667,0,1.67867,0.165333,0.052,1.06267,1.45567,0.194,0.608667,0,0.670667,0.141333,0.003,0.003,0,0,0,0,0,0,0,0,0.00666667,0,0,0,0,0.0293333,0,0,0.161333,0.0266667,0.0813333,0.0786667,0,0,0.0028,0.0860667,0,0.433767,0.141433,0.0146333,9.12913,675.767,1394.77,1
0.5,0.25,0.42,0,0.08,0.23,0.02,0.35,0.35,0.69,0.21,0.9,0.5,0.92,0.02,0.33,0.42,0.02,3.05,0,1.43,0,0.94,0.46,0,0,0,0,0,0,0,0,0,0,0,0,0,0,0,0.02,0,0,0,0,0.02,0,0.02,0,0,0.069,0,0.325,0.523,0.124,6.723,445,4128,1
0,0,0.46,0,0,0,0,0.15,0,0,0,0.15,0,0,0,0,0,0.46,0.93,0,0,0,0.46,0,0,0,0,0,0,0,0,0,0,0,0,0.15,0,0,0,0.93,0,0,0,0,0,0,0,0,0.071,0.071,0,0.095,0.023,0,62.75,1505,2761,1
0.110526,0.214737,0.621053,0.0273684,0.264211,0.136316,0.101053,0.338421,0.318947,0.855789,0.212105,0.605263,0.14,0.0368421,0.254737,0.556842,0.230526,0.230526,1.72421,0.130526,0.984737,0,0.111053,0.282105,0.122105,0.0626316,0,0.0310526,0,0.00526316,0,0,0.0994737,0.00894737,0.00736842,0.0278947,0.0784211,0.00473684,0.01,0.0410526,0.0394737,0,0,0,0.0789474,0.157895,0.00473684,0.00526316,0.0336316,0.136526,0.00489474,0.419316,0.212579,0.0586316,4.10163,81.2632,984.211,0.947368
0.103147,0.0803448,0.319095,0.0105603,0.379483,0.206595,0.117155,0.122672,0.0378017,0.217284,0.0315948,0.49306,0.0980172,0.00599138,0.0140948,0.330819,0.146164,0.153448,1.60603,0.0390517,1.09603,0.0315517,0.136466,0.101078,0.629655,0.401207,0.215388,0.181293,0.102112,0.155948,0.0689224,0.0635345,0.0765948,0.0718966,0.135819,0.116078,0.139009,0.000991379,0.112888,0.0713793,0.0419828,0.0452586,0.0627586,0.0319828,0.254181,0.115,0.00724138,0.0171121,0.0234655,0.149522,0.0232112,0.283966,0.0628017,0.0224526,2.65584,21.7328,136.254,0.482759
0.107576,0.198485,0.582424,0.597879,0.476667,0.189697,0.31,0.201515,0.0551515,0.227879,0.146061,0.521818,0.104545,0,0,0.433939,0.387576,0.401515,2.33576,0.535455,1.59727,0,0.146364,0.234848,0.0609091,0.0757576,0.00969697,0,0.0436364,0.0436364,0,0,0.00818182,0,0.029697,0.0221212,0.139394,0,0.0724242,0.00575758,0,0,0.0230303,0.0145455,0.122727,0.0375758,0,0,0.0107273,0.0960909,0.0258182,0.429515,0.0742727,0.0314848,7.87388,134.485,295.212,0.909091
0.01,0.01,0.07,0,0.05,0,0,0.01,0.03,0.13,0.05,0,0,0.05,0,0,0.01,0.07,0.01,0,0.01,0,0,0,0,0,0,0,0,0,0,0,0.07,0,0,0.13,0,0,0,0.01,0.46,0,0,0.03,0,0.8,0.01,0.07,0.05,0.301,0.131,0.002,0.09,0.002,2.577,82,5395,0
0.29,0.04,0.04,0,0.14,0.04,0,0.29,0.29,0.94,0.14,0.04,0.14,0,0.19,0.04,0.39,0.19,1.6,0.04,0.79,9.53,0.69,0.47,0,0,0,0,0,0,0,0,0,0,0,0.04,0,0,0.04,0,0,0,0,0,0.19,0,0,0,1.117,0.053,0,0.356,0.09,0.011,12.332,1171,9163,1
0.491111,0.267778,0.423333,0,0.0688889,0.145556,0.0322222,0.191111,0.415556,0.655556,0.243333,0.947778,0.53,1.16444,0.0344444,0.163333,0.38,0.115556,3.26444,0,1.32889,0.142222,0.981111,0.455556,0,0,0,0,0,0,0,0,0,0,0,0,0,0,0,0,0,0,0.00222222,0,0.04,0,0.00444444,0,0.00344444,0.0742222,0.00111111,0.329222,0.598222,0.164222,6.385,193.111,3249.78,1
0.49,0.880909,0.846364,0,0.455455,0.0345455,0,0.420909,0,1.73091,0,2.26091,0,0.55,0,0.420909,0,0,1.87091,0,5.03455,0.0345455,0,0,0,0,0,0,0,0,0,0,0,0,0,0,0,0,0,0,0,0,0,0,0,0,0,0,0,0.238818,0,1.53055,0.173909,0.0812727,61.8823,664.091,764.636,1
0.35,0.08,0.35,0,0.35,0,0,0.52,0.61,1.76,0.17,0.26,0.79,0,0.26,0,0.7,0.35,2.64,0,2.03,0,0.61,0.7,0,0,0,0,0,0,0,0,0,0,0,0.08,0,0,0.08,0.17,0,0,0,0,0.17,0,0,0,0,0.081,0,0.556,0.069,0.011,19.234,1170,3116,1
0.359167,0.34,0.394167,0,0.266667,0.0516667,0.0541667,0.121667,0.52,0.565833,0.259167,0.700833,0.4175,0.911667,0.0225,0.181667,0.331667,0.0291667,2.97667,0.0166667,1.425,0,0.308333,0.428333,0,0,0,0,0,0,0,0,0,0,0,0.00333333,0.0166667,0,0,0,0,0,0,0,0.0441667,0,0,0,0.00933333,0.083,0.00266667,0.3695,0.417917,0.10275,5.98025,155.833,2225,1
0.195,0.5,0.4,0.095,0.58,0,0,0,0.39,0.19,0,0.2,0,0,0,0.1,0,0,0.195,0.19,0.39,0,0,0.2,0.095,0,0,0.095,0,0,0,0,0,0.19,0,0,0,0,0,0,0,0,0,0,0,0,0,0,0,0.035,0,0.4155,0.7295,0.015,1062,2123,2124,1
0.045,0.02,0.16,0.065,0.07,0.045,0,0.065,0.17,0.055,0,0.28,0,0.01,0.01,0.065,0.065,0.055,0.185,0,0.13,0,0,0,0.7,0.72,0.015,0.01,0.01,0,0,0,0.895,0,0,0.125,1.05,0.025,0,0,0.03,0.02,0.01,0.06,0,0.145,0.01,0.075,0.129,0.2055,0.0905,0.0015,0.006,0,2.4775,56.5,2659.5,0
0.0793377,0.172848,0.305232,0.00536424,0.376755,0.17702,0.12298,0.0859603,0.05,0.231589,0.0425166,0.587682,0.0682781,0.00350993,0.0102649,0.189603,0.118344,0.180265,1.47828,0.095298,0.967285,0.00410596,0.137815,0.0876821,0.681589,0.396556,0.255364,0.166556,0.105166,0.142649,0.0761589,0.0737086,0.11245,0.0737086,0.140132,0.116358,0.229007,0,0.145166,0.0859603,0.141258,0.0615894,0.118212,0.0287417,0.223046,0.265563,0.00708609,0.0297351,0.059053,0.16306,0.0233444,0.189318,0.0842318,0.0206821,2.64042,19.6755,164.563,0.430464
0,0,0,0,0.13,0,0,0,0,0.13,0,0.06,0,0,0,0,0,0,0.2,0,0.06,0,0,0,0,0,0,0,0,0,0,0,0,0,0,0,0,0,0,0,0,0,0,0,0,0,0,0,0.01,1.03,0,0,1.611,0.01,7.549,278,3752,1
0.0232353,0.29,0.322059,0,0.502647,0.237941,0.803824,0.0202941,0.0697059,0.38,0.0367647,0.771471,0.0311765,0.00588235,0.0270588,0.113824,0.197353,0.382647,2.11206,0.0302941,1.28324,0.0252941,0.0132353,0.0238235,0.0414706,0,0.185294,0.0414706,0,0,0.212941,0,0,0,0.0914706,0.0155882,0.0129412,0,0.0552941,0.558824,0,0,0,0.00823529,0.228235,0.0129412,0,0,0.00402941,0.170265,0.0191765,0.331706,0.0192059,0.0373529,12.8499,160.912,376.412,0.617647
0.0691667,0.204167,0.4375,0,0.44,0.1575,0.158333,0.055,0.5375,0.253333,0.100833,0.4775,0.103333,0.100833,0.204167,0.306667,0.04,0.286667,1.73333,0.0216667,0.864167,1.11167,0.165833,0.0833333,0,0,0,0,0.0166667,0,0,0,0,0,0,0,0.04,0,0,0.0158333,0,0.0433333,0,0,0.0216667,0.0758333,0,0,0.00858333,0.089,0.0124167,0.225083,0.144917,0.156333,5.63183,103.417,1305.92,0.916667
0.183333,1.10333,0.59,0,0.583333,0.33,0.1,0.266667,0.573333,1.16,0.316667,0.826667,0.196667,0,0.486667,0,0.66,0.93,2.22667,1.48,1.91,0,0.266667,0.36,0,0,0,0,0,0,0,0,0.05,0,0.0433333,0,0,0,0,0,0,0,0.163333,0,0,0,0,0,0,0.147333,0,0.356,0.189,0.0283333,12.7603,466.667,1171,1
0.0871429,0.0385714,0.155714,0,0.0285714,0.0185714,0,0.0357143,0.0557143,0.0657143,0.0357143,0.357143,0.0214286,0.0371429,0.00285714,0.0271429,0.0557143,0.0771429,0.392857,0.0271429,0.23,0.505714,0,0,0.35,0.141429,0.0128571,0.0114286,0.0185714,0.0328571,0.0514286,0,0.362857,0,0.0185714,0.0985714,0.31,0.0228571,0.0457143,0.0242857,0.0771429,0.01,0.0114286,0.0485714,0.0214286,0.331429,0.00714286,0.0514286,0.121571,0.184714,0.0585714,0.0294286,0.00228571,0.031,3.01729,41.7143,1799.71,0
0.052,0.064,0.102,0,0.118,0.038,0,0.018,0.044,0.072,0,0.366,0.028,0.048,0.004,0.096,0.058,0.034,0.43,0.018,0.608,0,0.054,0.074,0.096,0.098,0.018,0.006,0.002,0,0,0,0.734,0,0,0.046,0.452,0,0,0.018,0.038,0.028,0.014,0.032,0.012,0.054,0.012,0.08,0.0594,0.1494,0.0122,0.0074,0.0278,0.001,2.2438,67.8,3171.2,0.4
0.0930275,0.119541,0.223303,0.00412844,0.282141,0.0622936,0.129327,0.183242,0.0573089,0.308685,0.0631804,0.49682,0.0782875,0.0721101,0.0236697,0.299083,0.129908,0.173242,1.62199,0.0420183,0.715291,0.0153211,0.0908869,0.0719572,0.602477,0.406208,0.289664,0.254373,0.0807034,0.146361,0.0792355,0.0826911,0.0853211,0.0826911,0.129021,0.158104,0.148624,0.0030581,0.117309,0.0685015,0.0250459,0.0545872,0.0919572,0.098685,0.295046,0.121315,0.0123547,0.0316514,0.0188073,0.166456,0.0127615,0.27033,0.0505107,0.034948,2.57031,15.4037,84.8716,0.415902
0.03,0.194286,0.172857,0,0.392857,0.0285714,0.0385714,0.177143,0.09,0.464286,0.03,0.258571,0.15,0.888571,0.0142857,0.222857,0.118571,0.03,1.75714,0.06,0.875714,1.59571,0.0442857,0.301429,0.277143,0,0.135714,0,0,0,0.135714,0,0,0,0.135714,0,0.281429,0,0,0,0,0,0,0,0.0142857,0,0,0,0,0.00628571,0,0.193857,0.588429,0.208429,13.998,243.286,1080.43,0.428571
0.13,0.253333,0.443333,4.75667,0.373333,0.0744444,0.0866667,0.27,0.415556,0.345556,0.08,0.593333,0.172222,0.15,0.386667,0.118889,0.247778,0.451111,2.37111,0.704444,1.62889,0,0.414444,0.275556,0.0855556,0.0111111,0.0177778,0.0711111,0.00666667,0,0,0,0,0,0.0155556,0,0.0611111,0,0.0477778,0.0533333,0,0.238889,0,0.0177778,0.108889,0,0,0.0155556,0.00522222,0.269778,0.0336667,0.392333,0.143333,0.0446667,5.50589,132.333,790.889,0.777778
0,0.0723077,0.154615,0,0.628462,0,1.87538,0.833077,0.833077,0.905385,0.833077,0.380769,0,0.0823077,0,0.715385,2.31923,0.0692308,1.34385,0.833077,3.59538,0,0.226923,0.0823077,0,0,0,0,0,0,0,0,0,0,0,0,0.339231,0,0.0823077,0,0,0,0,0,0,0,0,0,0,0.0443846,0,0.647846,0.330308,0.0767692,69.0474,276.385,292.615,1
0,0,0,0,0,0,0,0,0,0,0,0,0,0,0,0.330579,0,0,0,0,0,0,0,0,0.0918182,0.118017,20.2161,0,0,0,0,0,0,0,0,0,0,0,0,0,0,0,0,0,0.0550413,0,0,0,0,0.0289917,0,0.00949587,0,0,1.20975,1.68595,5.43802,0
0.136872,0.0711934,0.263128,0,0.469959,0.0714403,0.104321,0.106461,0.0415638,0.148395,0.0381481,0.55823,0.0541564,0.0173663,0.0575309,0.274198,0.161811,0.176626,1.66868,0.015144,0.82823,0.013251,0.115144,0.0495885,0.501523,0.330823,0.217202,0.218971,0.0883539,0.1007,0.0561728,0.0502881,0.0727572,0.0502881,0.12465,0.162099,0.163457,0.01107,0.102222,0.0609054,0.0425103,0.0393004,0.0994239,0.0817284,0.260741,0.214568,0.00374486,0.0457202,0.0262181,0.147407,0.0191564,0.232601,0.0813416,0.01593,2.37303,15.3498,110.786,0.432099
0.214,0.56,0.51,1.832,0.472,0.118,0.234,0.41,0.41,1.252,0.31,1.454,0.066,0.148,0.208,0.408,0.37,0.336,1.814,0.142,2.838,0,0.444,0,0,0,0,0,0,0,0,0,0,0,0,0,0.132,0,0,0.058,0,0,0,0,0,0,0,0,0.0774,0.1194,0,0.592,0.1326,0.0388,69.0008,856.2,1106.6,1
0.1124,0.0832,0.282,0,0.3328,0.1032,0.048,0.2216,0.3164,0.3712,0.0872,0.6168,0.0928,0.1448,0.1096,0.0936,0.1744,0.2388,1.3584,0.1868,0.7876,0.9628,0.1308,0.0984,1.1292,0.3348,0.0252,0.046,0.0128,0.0444,0.0624,0.0036,0.2532,0.0036,0.0668,0.0444,0.2136,0,0.0488,0.0292,0.0052,0.016,0.0036,0,0.034,0.0024,0.0024,0.0552,0.07652,0.12344,0.05084,0.16304,0.1142,0.09968,3.99584,45.44,877.12,0.4
0,0.398889,0.932222,0.101111,0.442222,0.194444,0.308889,0.121111,0.302222,0.681111,0.366667,0.645556,0.0277778,0.161111,0,0.828889,0.222222,0.204444,1.84222,0.02,1.44889,0,0.108889,0.133333,0.0277778,0.0566667,0,0,0,0,0,0,0.0355556,0,0,0,0.363333,0.04,0,0,0,0,0.02,0,0.148889,0,0,0,0.0148889,0.143333,0.0165556,0.802556,0.174111,0.0647778,12.0256,374.444,711,0.888889
0.0976471,0.128627,0.315686,0.00823529,0.352157,0.0811765,0.102157,0.107451,0.0894118,0.358235,0.117255,0.445098,0.142549,0.0533333,0.13902,0.278235,0.104314,0.285098,1.16176,0.0670588,0.563922,0.541569,0.242745,0.0347059,0.715686,0.292941,0.123725,0.163333,0.0468627,0.082549,0.0954902,0.0380392,0.0596078,0.0380392,0.0898039,0.0892157,0.14451,0.00137255,0.0713725,0.0839216,0.0635294,0.104118,0.0370588,0.112549,0.138431,0.08,0.0296078,0.052549,0.267667,0.152902,0.0136471,0.153745,0.0628039,0.0942353,3.30176,28.3922,363.784,0.431373
0.131316,0.475789,0.347368,1.86632,0.988158,0.156053,0.659211,0.164737,0.0626316,0.405526,0.0460526,0.686053,0.183947,0.088421,0,0.788158,1.65789,0.257895,2.11921,0.295789,1.64658,0,0.0207895,0.151579,0,0,0,0,0,0.0255263,0,0,0,0,0,0.0563158,0.122632,0.0410526,0,0.00894737,0,0,0,0,0.00894737,0,0,0,0,0.122816,0,0.755947,0.149526,0.0348421,8.12463,131.395,191.053,0.921053
0.0731193,0.130092,0.303119,0.0110092,0.336422,0.115505,0.111651,0.139174,0.0526606,0.261376,0.0689908,0.529817,0.21156,0.0359633,0.0950459,0.195046,0.121743,0.284404,1.43835,0.0725688,0.795596,0.397431,0.166972,0.0925688,0.670917,0.295321,0.179908,0.116055,0.0995413,0.102569,0.0547706,0.0647706,0.0898165,0.0677064,0.0700917,0.0982569,0.154587,0.013945,0.0747706,0.0807339,0.0146789,0.037156,0.0826606,0.046055,0.12211,0.0627523,0,0.0176147,0.0819633,0.175229,0.0274312,0.165725,0.120138,0.0501835,3.06383,25.2844,249.294,0.522936
0.0880952,0.0638095,0.222063,0.119206,0.496825,0.129841,0.0449206,0.115079,0.100159,0.140794,0.0757143,0.617619,0.14619,0.0433333,0.0193651,0.22127,0.280952,0.106667,1.79714,0.0553968,0.664921,0.677143,0.213492,0.0526984,0.813651,0.228571,0.0401587,0.0336508,0.0647619,0.032381,0.0150794,0.0150794,0.0653968,0.0150794,0.0444444,0.0850794,0.154603,0.0336508,0.0179365,0.0173016,0.0395238,0.0546032,0.035873,0.00666667,0.071746,0.0739683,0.0139683,0.024127,0.204317,0.112175,0.0136825,0.118714,0.0855238,0.0620794,3.07949,31.9683,431.81,0.47619
0.572222,0.391111,0.632222,0,0.167778,0.602222,0.121111,0.402222,0.962222,0.923333,0.0644444,0.415556,0.271111,0,0.766667,0.201111,0.126667,1.47,2.27667,0.825556,1.37667,0,1.27222,0.581111,0,0,0,0,0,0,0,0,0.0366667,0,0.126667,0.0466667,0,0,0,0,0,0,0,0,0.0688889,0,0,0,0.032,0.0556667,0.179778,0.369444,0.198778,0.0421111,14.7073,490.444,919,1
0.16788,0.0799427,0.250946,0.00381089,0.174069,0.0681089,0.101605,0.113754,0.0255301,0.171175,0.0966762,0.581834,0.0832378,0.0107163,0.0276504,0.178052,0.12467,0.192808,1.57415,0.0106304,1.16576,0,0.0306017,0.0925788,0.75894,0.32192,0.201261,0.242751,0.0884241,0.157908,0.0662751,0.0504871,0.213381,0.0504871,0.161862,0.102693,0.265043,0.00538682,0.0944986,0.0528653,0.0329799,0.101175,0.0807163,0.0898567,0.271948,0.252837,0.00246418,0.0308596,0.0155817,0.163307,0.0170029,0.273636,0.0585759,0.0611662,2.69563,15.0258,64.1232,0.34957
0.115455,0.129091,0.543636,0,0.547273,0.0863636,0.212727,0.0363636,0.114545,0.51,0.0227273,0.581818,0.246364,0.0290909,0,0.563636,0.270909,0.193636,1.92818,0,0.673636,0,0.706364,0.0945455,0.317273,0.101818,0,0,0.0454545,0.0227273,0,0,0,0.0563636,0,0.0472727,0.182727,0,0,0,0,0.0181818,0,0,0.170909,0,0,0.109091,0.0415455,0.212364,0,0.505818,0.235727,0.0152727,10.2865,162,511.727,0.727273
0.041,0.314,0.473,0.049,0.789,0.097,0.814,0.246,0,0.363,0.038,0.617,0,0.023,0,1.876,0.132,0.284,2.697,0,1.035,0,0.138,0.088,0.029,0.029,0.029,0.058,0,0,0,0,0,0.029,0.058,0.023,0.061,0,0,0,0,0,0,0,0.247,0,0,0,0.0156,0.1426,0,0.3834,0.2187,0.0317,14.1101,287.6,478.2,0.9
0,0.02,0.05,0,0.02,0,0,0.05,0,0.35,0,0.02,0,0,0,0.05,0.1,0.38,0.07,0.2,0.17,0,0,0,0.02,0,0,0,0,0,0,0,0,0,0,0,0,0,0,0,0,0,0,0,0,0,0,0,0,0.004,0,0.108667,0.0173333,0.0173333,3.922,489,3271,1
0.0942857,0.0914286,0.227143,0,0.0971429,0.0928571,0.0542857,0.08,0.0842857,0.258571,0.06,0.287143,0.174286,0.0242857,0.0542857,0.138571,0.0671429,0.142857,1.21286,0.00571429,0.55,0,0.13,0.115714,1.99429,0.11,0.00285714,0,0.00285714,0.0471429,0,0,0.0785714,0,0.0342857,0.124286,0.144286,0.00285714,0.04,0.0457143,0.05,0.0142857,0.0142857,0.0571429,0.0557143,0.21,0,0.127143,0.0321429,0.131429,0.00628571,0.175,0.0868571,0.0161429,5.411,75.1429,2031.14,0.285714
0.123333,0.11,0.266667,0.02,0.636667,0.223333,0.0633333,0.536667,0.123333,0.23,0.0866667,0.72,0.203333,0.166667,0.0666667,1.24,0.62,0.333333,1.95667,0.263333,0.786667,0.56,0.37,0.29,0,0,0,0,0,0,0,0,0,0,0,0.166667,0.0533333,0,0,0.0633333,0,0,0,0,0.01,0,0,0,0.00366667,0.045,0.0336667,0.466333,0.15,0.219667,5.95267,255,2016.33,1
0.0566667,0.022381,0.180476,0,0.205714,0.0414286,0.0557143,0.0847619,0.27381,0.103333,0.0695238,0.361905,0.0466667,0.0695238,0.00238095,0.292857,0.0457143,0.319048,0.982381,0.13619,0.843333,0.19381,0.062381,0.0285714,0.648571,0.285238,0.0204762,0.0442857,0.00428571,0.0419048,0.0352381,0.00428571,0.140476,0.00428571,0.0542857,0.04,0.249048,0,0.012381,0.0280952,0.0285714,0.0466667,0.0109524,0.0157143,0.0371429,0.108571,0.0466667,0.0909524,0.0449048,0.157905,0.019619,0.247,0.192571,0.0349524,3.95933,46.7619,1155.1,0.47619
0,0,0,0,0,0,0,0,0,0,0,0,0,0,0,0.58,0,0,0,0,0,0,0,0,0,0,1.46,0.29,0,0.58,0,0,0,0,0,0,0.58,0,0,0,0,0,0,0,0,0,0,0,0,0.018,0,0,0,0,251,1488,1506,0
0.169545,0.0797727,0.461364,0.00772727,0.335682,0.174773,0.0502273,0.136591,0.249773,0.341364,0.105227,0.837045,0.138636,0.0888636,0.0438636,0.199091,0.163864,0.1625,2.26682,0.157727,1.74364,0.00772727,0.177727,0.145,0.253182,0.14,0.00522727,0.0245455,0,0.0122727,0.00363636,0,0.0761364,0,0.0309091,0.0177273,0.0779545,0.00954545,0.0461364,0.00181818,0.0156818,0.0406818,0.00931818,0.00545455,0.105909,0.0597727,0.0122727,0.00181818,0.0235227,0.168932,0.0221364,0.393341,0.0692955,0.0308182,4.23468,71.25,538.159,0.818182
0.0886207,0.226552,0.583103,0,0.32069,0.152069,0.0848276,0.0727586,0.254483,0.32931,0.0624138,0.972414,0.195862,0.13931,0.104483,0.113103,0.0910345,0.0903448,2.1831,0.0993103,0.98,0,0.07,0.117931,0.365172,0.103448,0.0244828,0.0172414,0.0182759,0.0144828,0.0217241,0.00551724,0.0710345,0.00551724,0.0251724,0.0275862,0.0603448,0.00482759,0.00862069,0.0127586,0,0.0255172,0.0627586,0.0158621,0.00724138,0.00413793,0,0,0.244655,0.0749655,0.0267931,1.74697,0.403586,0.00703448,4.11934,46.9655,773.241,0.724138
0.225,0.10875,0.278125,0.013125,0.29,0.105,0.036875,0.3275,0.330625,0.32875,0.121875,0.54625,0.220625,0.098125,0.101875,0.22625,0.234375,0.21,1.89625,0.223125,0.8825,0.67625,0.33625,0.373125,0.158125,0.109375,0.00875,0.003125,0,0.014375,0,0,0.0475,0,0.005,0.12,0.138125,0.005,0.016875,0.02,0,0,0.005,0.01375,0.048125,0.0125,0.00375,0.023125,0.038375,0.114625,0.063,0.22325,0.186938,0.09825,5.163,113.938,1610.12,0.6875
0.3,0.182667,0.443333,0,0.311333,0.152667,0.0233333,0.106667,0.432,0.433333,0.0766667,0.626667,0.38,0.189333,0.198667,0.241333,0.196,0.38,2.03533,0.140667,1.41733,0,0.156667,0.455333,0.106667,0.0453333,0.00733333,0.014,0,0,0,0,0.0226667,0,0.014,0.016,0.0146667,0,0,0.0686667,0,0.29,0.004,0,0.022,0.00733333,0.0306667,0,0.0100667,0.1038,0.00313333,0.506733,0.126,0.0556667,4.5676,86.5333,703.933,0.733333
0.59,0.09,0.09,0,0.29,0.09,0,0.59,0.59,2.09,0.29,0.09,0.29,0,0.39,0.09,0.79,0.39,3.19,0.09,1.69,0,1.39,0.99,0,0,0,0,0,0,0,0,0,0,0,0.09,0,0,0.09,0,0,0,0,0,0.19,0,0,0,0.044,0.078,0,0.334,0.133,0.011,15.493,1171,2541,1
0.353333,0,1.76667,0,1.06,0,0,0,0.58,0.806667,0,0,0,0,0,0,0,0,0.353333,0.933333,0.453333,0,0,0,0.353333,0,0,0,0,0,0,0,0,0,0,0,0,0,0,0,0,0,0,0,0,0,0,0,0,0,0,0.936333,0.09,0,640,1279,1280,1
0.02,0.285,0.2225,0.025,0.2825,0.125,0,0.1225,0.1425,0.1675,0.07,0.7275,0,0.025,0,0.6425,0.21,0.22,0.515,0.1725,0.24,2.5425,0.13,0.025,0.02,0,0,0,0,0.0575,0,0,0.0475,0,0,0.1225,0.12,0.0475,0,0.025,0,0,0.02,0,0,0,0,0,0.01,0.1175,0.00475,0.154,0.062,0.28375,8.65125,220.5,1732.75,0.5
0,0.1,0.3,0,1.02,0.3,0.1,0.4,0,0.2,0.1,0.92,0,0.1,0,1.94,0.92,0.4,1.94,0.4,0.61,0.92,0.51,0.1,0,0,0,0,0,0,0,0,0,0,0,0.3,0.1,0,0,0.1,0,0,0,0,0,0,0,0,0,0.048,0.016,0.518,0.162,0.34,8.181,283,1890,1
0.22,0.22,0.22,0,1.77,0.22,0.44,0.44,0.22,2.88,0,0.88,0.22,0,1.105,0.44,0,0.44,3.325,0,3.325,0,0.44,0.44,0,0,0,0,0,0,0,0,0,0,0,0,0,0,0,0.44,0,0,0,0,0,0,0,0,0,0,0,0.5755,0.153,0,86.675,1038,1733.5,1
0.0233333,0.0233333,0.14,0,0.183333,0.0166667,0,0.0633333,0.133333,0.1,0,0.163333,0.05,0,0,0.06,0.0566667,0.0433333,0.246667,0.00666667,0.123333,0,0.01,0,0.57,0.59,0.00333333,0,0,0,0,0,0.876667,0,0.00333333,0.0533333,0.83,0.00333333,0,0.00666667,0.0333333,0.00666667,0.03,0.00666667,0.15,0.11,0.0166667,0.143333,0.138667,0.219,0.0333333,0.0146667,0.019,0.00866667,2.53333,29.6667,2439,0.333333
0.448889,0.264444,0.424444,0.478889,0.0555556,0.138889,0.0455556,0.214444,0.386667,0.612222,0.222222,0.843333,0.532222,1.11556,0,0.222222,0.386667,0.0411111,3.01667,0,1.32778,0,0.891111,0.372222,0,0,0,0,0,0,0,0,0,0,0,0,0.00888889,0,0,0,0,0,0,0.00333333,0.0411111,0,0.00333333,0,0.0403333,0.065,0,0.389778,0.721556,0.155222,6.89722,194,3029.44,1
0.0817706,0.0501995,0.237481,0,0.231172,0.0470823,0.0622444,0.0416459,0.0483042,0.123915,0.011995,0.582793,0.0649127,0.0533915,0.00877805,0.220923,0.0331421,0.135411,1.76925,0.00703242,0.50616,0,0.022818,0.0650873,1.39915,0.62217,0.480424,0.274314,0.33586,0.295037,0.25803,0.210474,0.0478554,0.210474,0.273791,0.273815,0.157855,0.0184289,0.113865,0.218504,0.0799751,0.256209,0.0280299,0.121047,0.534813,0.143167,0.00254364,0.0380299,0.0230324,0.164142,0.00995012,0.178474,0.0284738,0.0143616,2.02722,7.94015,30.4688,0.184539
0.118382,0.101176,0.403824,0,0.698676,0.146471,0.142794,0.1575,0.109412,0.3125,0.0992647,0.698382,0.0435294,0.0282353,0.0147059,0.315441,0.442059,0.244559,2.03412,0.163088,1.15868,0.0551471,0.244559,0.0616176,0.234412,0.100588,0.0175,0.0151471,0.00573529,0.0291176,0.00573529,0.00573529,0.0333824,0.00573529,0.0205882,0.0685294,0.116912,0.00102941,0.0186765,0.0705882,0,0.00602941,0.0216176,0.0407353,0.223971,0.00235294,0,0.0279412,0.00547059,0.0983676,0.00741176,0.394382,0.1305,0.0493676,4.22035,68.6912,246.985,0.75
0.0688889,0.193889,0.198889,0,0.141667,0.0661111,0,0.0844444,0.203333,0.144444,0.0644444,0.732222,0.122222,0.035,0.0105556,0.12,0.130556,0.0516667,0.565556,0,0.276667,0,0.055,0.0105556,1.76111,0.247778,0.0272222,0,0.0177778,0.0133333,0,0,0.161111,0,0.0322222,0.194444,0.156667,0,0.00388889,0.03,0.00888889,0.00444444,0.0372222,0.00666667,0.00666667,0,0,0.0638889,0.152722,0.167667,0.0126667,0.677,0.181722,0,3.03094,34.5,712.333,0.222222
0.04,0.0275,0.1425,0,0.1275,0.045,0,0.0375,0.03,0.095,0.0075,0.385,0.03,0.0175,0.005,0.03,0.19,0.145,0.2175,0.0025,0.125,0.0725,0.01,0,0,0,0.0075,0.01,0.01,0,0,0,1.4625,0,0,0.1225,0.9175,0.005,0.0125,0.035,0.08,0.025,0.0275,0.0225,0.0175,0.2875,0.0175,0.305,0.02525,0.1615,0.00225,0.01375,0.011,0.0055,2.21175,57.25,2997.5,0
0.129,0,0.129,0,0.528,0.087,0.129,0,0.177,0.228,0.378,0.529,0.021,0.534,0,0.807,0.369,0.042,1.851,3.786,1.679,0.578,0.378,0.198,0,0,0,0,0,0,0,0,0.021,0,0,0,0,0,0,0,0,0,0,0,0,0,0,0,0,0.0985,0.0075,0.3171,0.1488,0.0639,11.4664,494,1455,1
0.35,0.229091,0.356364,0.0863636,0.350909,0.368182,0.133636,0.214545,0.404545,0.705455,0.241818,0.562727,0.344545,0.03,0.513636,0.0936364,0.214545,0.492727,1.98182,0.195455,1.35364,0.0154545,0.473636,0.351818,0.848182,0.357273,0.0218182,0,0,0.0663636,0,0,0.0936364,0,0.0654545,0.0218182,0,0.0454545,0.0218182,0.0663636,0,0.0663636,0.0145455,0.0445455,0.0363636,0.13,0,0,0.00109091,0.191727,0,0.565364,0.240273,0.0527273,8.42273,263,732.909,0.909091
0.0353846,0.0430769,0.146923,0,0.12,0.0869231,0.00615385,0.164615,0.115385,0.125385,0.0546154,0.370769,0.0669231,0.0453846,0.0653846,0.0946154,0.235385,0.00846154,0.416154,0.05,0.31,0,0.0707692,0.0269231,1.11846,0.262308,0.0223077,0.04,0.0292308,0.0876923,0.0338462,0.00769231,0.116923,0,0.306923,0.0984615,0.286154,0.00307692,0.0730769,0.0146154,0.00615385,0.05,0.00307692,0.0161538,0.0569231,0.0307692,0.0123077,0.106154,0.0905385,0.174846,0.00953846,0.0403077,0.0373077,0.0185385,2.39638,32.2308,938.769,0.307692
0.13411,0.0560274,0.227671,0.0132877,0.263836,0.133973,0.0587671,0.0956164,0.05,0.219726,0.0442466,0.509315,0.119863,0.0408219,0.00123288,0.136986,0.138904,0.11137,1.29493,0.0824658,0.529589,0.854795,0.174521,0.0693151,0.937397,0.36,0.133151,0.050137,0.0787671,0.0580822,0.0364384,0.0173973,0.105616,0.0173973,0.0473973,0.0780822,0.303973,0.00260274,0.0139726,0.019589,0.0361644,0.0410959,0.0526027,0.0310959,0.100685,0.346712,0,0.0165753,0.331918,0.187014,0.0353562,0.147493,0.0833151,0.0759863,3.45001,26.7397,310.425,0.369863
0.1054,0.1669,0.4112,0,0.3983,0.1195,0.3313,0.109,0.049,0.2919,0.1355,0.5691,0.1496,0.0397,0.0548,0.2996,0.1746,0.3729,2.0334,0.116,1.0939,0.1344,0.2493,0.0857,0.2387,0.1099,0.0207,0.1108,0.0103,0.0776,0.0143,0.0103,0.2148,0.0103,0.1003,0.071,0.1193,0,0.0163,0.0884,0.0137,0.0472,0.0131,0.0148,0.1131,0.0704,0,0.0109,0.01296,0.08659,0.00231,0.43927,0.11048,0.04121,5.32877,61.83,182.32,0.65
0.131,0.13,0.25,0,0.645,0.183,0.046,0.055,0.466,0.623,0.127,0.362,0.126,0.627,0.641,0.061,0.297,0.115,2.288,0,1.277,0,0.208,0.346,0.137,0,0.022,0.029,0,0,0.051,0,0,0,0.051,0,0.12,0,0,0.037,0,0.465,0,0,0.142,0,0.009,0,0.018,0.1193,0.0031,0.1998,0.248,0.0525,4.6902,152.8,656,0.6
0.175185,0.0888889,0.394815,0.00592593,0.312963,0.135556,0.145185,0.144074,0.802222,0.365926,0.112593,0.565185,0.0503704,0.0559259,0.022963,0.278148,0.0774074,0.465926,1.65407,0.283333,1.15185,0.108519,0.0825926,0.251111,0.367407,0.182593,0.0266667,0.0114815,0,0.0218519,0.0240741,0,0.0922222,0,0.286296,0.0166667,0.173704,0.00185185,0.0392593,0.0277778,0,0.0688889,0.00888889,0.0192593,0.0211111,0.0111111,0.012963,0.0125926,0.0541111,0.106222,0.106593,0.468,0.234926,0.0342222,3.46096,51.9259,1051.15,0.62963
0.0385714,0.0114286,0.157143,0,0.0414286,0.0485714,0,0.0542857,0.257143,0.111429,0.0114286,0.432857,0.01,0.0171429,0,0.0385714,0.0685714,0.0157143,0.445714,0,0.357143,0,0.0171429,0,1.09143,0.561429,0.0228571,0.05,0.0157143,0.0328571,0.0785714,0,0.118571,0,0.105714,0.0171429,0.391429,0.00571429,0.03,0.00428571,0,0.00571429,0,0.0257143,0.0342857,0,0,0.0171429,0.0694286,0.456,0.0357143,0.0204286,0.026,0.00157143,2.612,29.1429,1323.86,0
0.10875,0.0275,0.19125,0,0.0725,0.054375,0.01125,0.069375,0.23875,0.039375,0.0775,0.531875,0.100625,0.024375,0,0.0575,0.165625,0.01625,0.5875,0.018125,0.270625,0,0.03375,0.094375,1.8375,0.365625,0.053125,0.0275,0.016875,0.088125,0.033125,0.016875,0.156875,0.016875,0.033125,0.1125,0.28875,0,0.035,0.016875,0.109375,0.044375,0.048125,0.00375,0.064375,0.2475,0,0.03125,0.17625,0.242188,0.0206875,0.035875,0.038125,0,2.86244,31.3125,656.062,0.125
0.105918,0.0587755,0.146122,0.0022449,0.170816,0.0557143,0.0110204,0.17898,0.127959,0.106735,0.0467347,0.675918,0.10449,0.0944898,0.0106122,0.123878,0.259796,0.0440816,0.729592,0.0657143,0.765102,0.163265,0.106735,0.0659184,1.69388,0.203673,0.0222449,0.00469388,0.0165306,0.0318367,0.0165306,0,0.142041,0.0022449,0.0165306,0.103878,0.263673,0.0297959,0.0122449,0.0228571,0.167143,0.0716327,0.00653061,0.0271429,0.025102,0.520408,0,0.0187755,0.191469,0.195755,0.0193878,0.0926939,0.0704286,0.110612,3.18649,33.0816,579.143,0.285714
0.0696639,0.0545378,0.308739,0.00731092,0.309748,0.14084,0.0617647,0.130672,0.0905042,0.218908,0.0546218,0.497983,0.0989076,0.0448739,0.0180672,0.244202,0.155882,0.176723,1.3942,0.0871429,0.743529,0,0.0605042,0.0996639,0.671092,0.367479,0.142185,0.132521,0.0982353,0.122353,0.0811765,0.0379832,0.128739,0.0379832,0.0915126,0.115882,0.220672,0.00579832,0.0589916,0.0713445,0.00504202,0.0284034,0.0811765,0.0787395,0.157311,0.0792437,0.00915966,0.0471429,0.0241681,0.197193,0.0279748,0.127941,0.0401513,0.0290168,2.46532,19.1261,200.714,0.436975
0.0601667,0.0933333,0.2545,0,0.527583,0.10775,0.261167,0.0898333,0.0538333,0.283417,0.0725833,0.467583,0.164833,0.0403333,0.10775,0.5035,0.13825,0.281917,2.242,0.297333,0.928833,0.0460833,0.126,0.132917,0.0826667,0.0835,0.02975,0.0866667,0,0.0216667,0,0,0.0309167,0,0.03275,0.0405,0.0381667,0,0.04,0.0370833,0.00216667,0.069,0.00583333,0.0440833,0.2725,0.296333,0,0,0.00864167,0.0858083,0.002275,0.211967,0.0526583,0.192983,5.06933,54.35,105.225,0.533333
0.54,0.434,0.288,0,0.14,0.03,0.012,0.164,0.548,0.638,0.288,0.658,0.626,1.21,0.03,0.214,0.434,0.046,3.17,0,1.42,0,0.54,0.576,0,0,0,0,0,0,0,0,0,0,0.012,0,0,0,0,0,0,0,0,0,0.046,0,0,0,0.0072,0.0772,0,0.5122,0.5202,0.135,6.8926,760.4,2399.6,1
0.0976,0.4512,0.2928,3.3908,0.306,0.1364,0.0892,0.0936,0.5384,0.1512,0.0448,0.482,0.1028,0.0176,0.2,0.128,0.2236,0.518,1.852,0.1036,0.9328,1.1184,0.1096,0.2452,0.3168,0,0.2072,0,0,0,0,0,0,0,0.0092,0.0192,0.0392,0.0136,0.0264,0,0,0,0.004,0,0.0612,0,0,0,0.01224,0.0964,0,0.35088,0.17324,0.16928,9.30648,95.08,453.48,0.8
0.0515508,1.41278,0.243797,0,0.271604,0.038877,0.0492513,0.0410963,0.00959893,0.145882,0.0107219,0.630241,0.0658824,0.0653476,0,0.151818,0.0285561,0.154599,1.69987,0.0233155,0.45016,0,0.00566845,0.0426471,0.134973,0.0679679,0.430535,0.0273262,0.0631283,0.0483422,0,0,0.16385,0,0.0794652,0.0113369,0.0517914,0.0335562,0.0766043,0.00569519,0.12738,0.221043,0.0451604,0.096631,0.415214,0.318396,0.00780749,0.0481818,0.0295642,0.0963316,0.0136791,0.214439,0.00290909,0.0023369,1.67136,4.45455,15.9813,0.0935829
0.0475,0.09875,0.24625,2.395,0.22875,0.01,0.09875,0.025,0.08625,0.395,0.04875,0.12,0.0525,0,0.245,0.32,0.03875,0.1725,1.2925,0.66125,0.865,2.66375,0.05625,0.04375,0.1125,0.0475,0.0475,0,0,0,0,0,0,0,0.51375,0,0.01,0,0,0.06875,0,0.1125,0,0.02,0.095,0.025,0.015,0,0,0.075375,0,0.24125,0.032125,0.171375,8.95075,100,1235.12,0.875
0.245714,0.105238,0.457143,0.062381,0.246667,0.12381,0.0890476,0.24119,0.287381,0.327143,0.0840476,0.54,0.0619048,0,0.0345238,0.33881,0.408333,0.239524,2.02714,0.427857,1.40762,0.312143,0.101905,0.216905,0.0707143,0.015,0.012381,0.0207143,0.0047619,0.0097619,0.0161905,0.0047619,0.0097619,0.0047619,0.0235714,0.0414286,0.0333333,0.0892857,0.0247619,0.107143,0,0.0414286,0.037619,0.0052381,0.0130952,0.00261905,0.0154762,0.0283333,0.101881,0.160952,0.012,0.545929,0.34469,0.13819,4.16145,68.5952,372.857,0.833333
0.034,0.014,0.116,0,0.088,0.034,0,0.01,0.312,0.016,0.04,0.228,0,0,0,0.032,0.084,0.016,0.252,0,0.152,0,0.024,0,0.728,0.434,0.044,0.024,0.038,0.016,0.024,0,0.286,0,0.008,0.076,0.238,0,0,0.018,0.014,0,0,0.036,0.016,0,0,0.008,0.1434,0.1524,0.1032,0.0062,0.0188,0.0062,3.391,61.8,1414.8,0
0.2075,0.155833,0.418333,0,0.3875,0.136667,0.0775,0.0675,0.269167,1.035,0.1375,0.8625,0.474167,0.0916667,0.186667,0.456667,0.0891667,0.42,2.13167,0.469167,1.29333,3.46667,0.145,0.260833,0,0,0,0.0125,0,0,0,0,0.0125,0,0,0.0133333,0,0,0,0.103333,0,0,0.00583333,0.0433333,0.06,0,0,0.0325,0.0854167,0.120917,0.0208333,0.408417,0.0878333,0.2825,7.58933,128.5,1104.83,1
0.152941,0.323529,0.458235,0.801765,0.365882,0.134706,0.0688235,0.0458824,0.405882,0.858235,0.137059,0.529412,0.222941,0.00941176,0.258235,0.310588,0.0688235,0.841176,1.18941,0.113529,1.10941,1.47412,0.204118,0.222353,0.103529,0,0.0905882,0.00941176,0,0.0258824,0,0,0.0352941,0.00705882,0,0.00529412,0,0,0.0258824,0.0517647,0,0,0.01,0,0.00705882,0,0,0,0.0128235,0.0435294,0,0.559176,0.105,0.178647,8.04947,153.059,920.529,0.941176
0,0,0.169474,0,1.40105,0,0,0,0,0,0,1.46316,0,0,0,0,0,0,0,0,0.169474,0,0,0,0.961053,1.10316,1.16947,0,4.05,0,0,0,0,0,0,0,0,0.777895,0,0,0,8.47211,0,0,0,0,0,0,0,0,0,0.0896842,0,0,1.28316,2.57895,9.73684,0
0.52,0.34,0.4,0,0.14,0.17,0.05,0.14,0.46,0.52,0.31,0.89,0.4,1.16,0.05,0.11,0.23,0.11,2.9,0,1.1,0,0.63,0.52,0,0,0,0,0,0,0,0,0,0,0,0,0,0,0,0,0,0,0,0,0.08,0,0,0,0,0.073,0,0.363,0.535,0.132,6.171,159,2771,1
1.58,0.42,0.385,0,0.775,0,0.845,0,0.42,0.42,0,0.805,0,0,0,5.465,0.42,0,1.58,0,1.655,0,0,0.805,0,0,0,0,0,0,0,0,0,0,0,0,0,0,0,0,0,0,0,0,0,0,0,0.385,0,0.067,0,0.892,0.139,0.046,151.25,466.5,518.5,1
0.416667,0.433333,0.386667,0,0.136667,0.11,0.05,0.0666667,0.526667,0.86,0.276667,0.743333,0.443333,1.10333,0.03,0.256667,0.393333,0.0333333,2.97,0,1.32667,0,0.396667,0.56,0,0,0,0,0,0,0,0,0.01,0,0,0,0,0.01,0,0,0,0,0,0,0.0866667,0,0,0,0.0143333,0.0876667,0.00533333,0.412,1.12467,0.112,6.23833,180,2416.67,1
0.0544411,0.0500302,0.133172,0,0.191571,0.0374018,0,0.0513293,0.00546828,0.124199,0,0.183988,0.0285498,0.0746224,0,0.134804,0.00861027,0.09,2.09921,0.0549245,0.513172,0,0,0.0946828,0.29858,0.140332,0.614199,0,0.0187311,0.012568,0.0377644,0,0.0541088,0,0,0.0232326,0,0.00861027,0.0555589,0,0.0097281,0.11003,0,0.283625,1.18296,0.391208,0.00655589,0.0697583,0.0103807,0.0960785,0.0313776,0.284263,0.00538066,0,1.23067,1.90937,6.65559,0.0574018
0.0938776,0.0926531,0.466531,0.0118367,0.254694,0.0495918,0.0979592,0.147755,0.0510204,0.206939,0.06,0.394082,0.0406122,0.00612245,0,0.417143,0.241633,0.255918,1.93388,0.160612,1.07286,0.404082,0.0987755,0.072449,0.155306,0.0514286,0,0.0334694,0.0112245,0.0455102,0,0,0,0.00612245,0.072449,0.0634694,0.143061,0,0.0118367,0.0320408,0,0,0.0134694,0,0.230408,0.490816,0.015102,0.0695918,0.0223061,0.13102,0.0128367,0.36398,0.118143,0.222408,4.76714,68.9796,303.449,0.591837
0.144444,0.257778,0.947778,0,0.363333,0.726667,0.378889,0.348889,0.75,0.674444,0.235556,1.09778,0.111111,0,0.946667,0.483333,0.147778,1.50111,2.34889,0.177778,1.11667,0,0.748889,0.157778,0,0,0,0,0,0,0,0,0,0,0,0,0,0,0,0.0533333,0,0,0.0666667,0,0.0533333,0,0,0,0.0105556,0.123,0,0.271,0.205889,0.0167778,6.56589,613.444,1307.44,1
0.284,0.136,0.474,0,0.622,0.232,0.092,0.246,0.038,0.36,0.188,0.898,0.504,0.044,0.012,1.138,0.498,0.188,3.192,0.14,1.408,0,0.546,0.28,0,0,0,0,0,0,0,0,0,0,0,0.14,0,0,0.136,0.044,0,0,0,0,0.044,0,0,0.044,0.0022,0.0778,0,0.5538,0.1722,0.2262,9.1342,298,1462.6,1
