0.0508405,0.674388,0.199716,0,0.266972,0.0353399,0.0286774,0.0449444,0.0118665,0.129753,0.00766378,0.483807,0.0491471,0.0637206,0.00210136,0.140222,0.0175155,0.113226,1.88497,0.0348084,0.462559,0,0.00262052,0.083152,0.302522,0.144215,0.501162,0.0126329,0.146588,0.0346848,0.0154512,0,0.105661,0,0.0438937,0.0147466,0.0364895,0.0373053,0.0637206,0.00537701,0.0703585,0.343115,0.0219407,0.168307,0.74068,0.327281,0.00629172,0.0552534,0.0207738,0.0961669,0.0191619,0.245262,0.00524227,0.00153894,1.50971,3.58591,12.9629,0.0877627
0.156512,0.13093,0.286279,0.00860465,0.309302,0.117209,0.0388372,0.243488,0.218837,0.341628,0.0962791,0.576977,0.154884,0.0737209,0.0732558,0.351163,0.222791,0.204884,1.59535,0.137674,0.807442,0.939535,0.285349,0.245349,0.178837,0.0886047,0.00627907,0.00581395,0.00302326,0.017907,0.0111628,0,0.0844186,0.00302326,0.00581395,0.10907,0.147907,0.01,0.0162791,0.0253488,0.0125581,0.00162791,0.0055814,0.0169767,0.0293023,0.0709302,0.00255814,0.0218605,0.042,0.122279,0.0399767,0.217116,0.174535,0.124535,5.93244,130.07,1627.84,0.604651
0.096,0.008,0.196,0.008,0.092,0.118,0,0.058,0.058,0.188,0.074,0.082,0.072,0,0.038,0.088,0.078,0.076,0.608,0.008,0.242,1.906,0.138,0.11,0,0,0,0,0,0,0,0,0,0.028,0,0.008,0,0,0.016,0,0,0,0,0,0.038,0,0,0,0.4302,2.0094,0.009,0.3924,0.375,0.4024,57.5034,2297.8,10648.8,1
0.120903,0.135613,0.239548,0.675226,0.410516,0.112581,0.0625806,0.109871,0.223097,0.238194,0.0905161,0.672839,0.120129,0.044129,0.0423226,0.204065,0.240774,0.162839,1.67032,0.0739355,0.739355,0.754968,0.174129,0.133097,0.648516,0.188194,0.0608387,0.0305806,0.026,0.031871,0.012,0.0134194,0.0807097,0.0110323,0.0404516,0.0716774,0.118645,0.0223226,0.0188387,0.0116129,0.0328387,0.0465161,0.0181935,0.0105806,0.0619355,0.0818065,0.0204516,0.022,0.105019,0.126677,0.0126516,0.184406,0.0938323,0.0871871,4.54206,47.6387,463.181,0.567742
0.112679,0.204286,0.700179,0.163571,0.629643,0.617857,0.314286,0.152679,0.584286,0.343929,0.260179,0.715536,0.175893,0.0953571,1.1175,0.335,0.184643,0.903214,1.70982,0.900714,1.00161,0.103214,0.603571,0.152679,0.00160714,0.00160714,0,0,0,0,0,0,0.00642857,0,0.00517857,0,0.00517857,0,0,0.0323214,0,0,0.10875,0.0142857,0.0535714,0.0435714,0,0,0.0103214,0.0974107,0.00133929,0.365875,0.152,0.0247321,12.8863,635.054,1386.05,1
0.0816434,0.126049,0.294545,0.00734266,0.394755,0.196434,0.128462,0.113462,0.0395455,0.259056,0.0361888,0.561294,0.0845804,0.00671329,0.0164336,0.217483,0.120455,0.182413,1.56427,0.0294406,1.07986,0.00433566,0.111923,0.0996503,0.630769,0.391748,0.251958,0.184231,0.116014,0.130594,0.0751399,0.0720979,0.106469,0.0741608,0.138112,0.12021,0.190245,0.000804196,0.103357,0.0837063,0.0465734,0.0597902,0.108601,0.0280769,0.255559,0.109615,0.00961538,0.017028,0.0276678,0.169234,0.0286084,0.195381,0.0611678,0.0124615,2.46152,17.5734,148.503,0.444056
0.125588,0.151961,0.39049,0.140294,0.297059,0.120784,0.0884314,0.187745,0.431863,0.517843,0.124314,0.535392,0.127157,0.0641176,0.135784,0.270392,0.147059,0.373922,1.41176,0.17598,0.929118,0.848725,0.124608,0.197451,0.475392,0.152059,0.0305882,0.024902,0.00558824,0.0268627,0.019902,0.00186275,0.12402,0.00372549,0.12598,0.0319608,0.137843,0.00176471,0.0329412,0.0316667,0.00941176,0.0273529,0.00529412,0.0122549,0.0356863,0.0368627,0.00647059,0.0289216,0.0591961,0.107961,0.0439608,0.365441,0.181725,0.0970784,4.64325,77.4118,969.873,0.686275
0.154901,0.10404,0.348808,0.0018543,0.321788,0.140132,0.0674172,0.178013,0.234636,0.292053,0.0894702,0.733377,0.110728,0.0970861,0.0362252,0.207947,0.271457,0.110464,1.46119,0.16755,1.22013,0.209073,0.152053,0.164967,0.785762,0.15649,0.0139073,0.00556291,0.00966887,0.0146358,0.0110596,0.000993378,0.0983444,0.00298013,0.0118543,0.0625828,0.166291,0.0163576,0.0224503,0.0212583,0.0670199,0.0758278,0.0092053,0.0156291,0.0613907,0.21053,0.00238411,0.0149669,0.0825099,0.173013,0.0164106,0.283974,0.102503,0.0604305,4.28901,67.8079,582.51,0.582781
0.225517,0.422069,0.698621,0.0810345,0.37,0.177241,0.332069,0.122759,0.253103,0.863103,0.226552,0.795517,0.107931,0.0955172,0.282759,1.04103,0.361379,0.257931,1.83759,0.151034,1.53586,0.00586207,0.228276,0.202414,0.0186207,0.0275862,0.01,0.02,0,0,0,0,0.0465517,0.01,0.0365517,0.00793103,0.133793,0.0124138,0,0.0162069,0,0,0.0062069,0,0.122069,0.0493103,0,0.0265517,0.01,0.137517,0.00513793,0.740172,0.306552,0.0695517,28.5927,357,621.759,0.931034
0.507826,0.65087,0.79087,0,0.315652,0.286957,0.0473913,0.425652,0.443478,1.40522,0.0573913,1.5087,0.123478,0.295217,0.363478,0.312174,0.0608696,0.673478,2.08696,0.346087,3.38652,0.0165217,0.564783,0.267826,0,0,0,0,0,0,0,0,0.0143478,0,0.0552174,0.0182609,0.016087,0,0,0,0,0,0,0,0.0269565,0,0,0,0.0125217,0.153087,0.0703478,1.01078,0.187478,0.0626957,41.1191,605.696,860.522,1
0.136277,0.184362,0.382128,0.455426,0.286064,0.121383,0.0459574,0.0984043,0.328191,0.319894,0.0605319,0.724468,0.196064,0.154894,0.154894,0.116383,0.140426,0.148936,1.71032,0.123298,0.950745,0,0.119149,0.199468,0.835745,0.188511,0.0293617,0.0208511,0.0139362,0.0339362,0.0185106,0.00457447,0.0710638,0.00457447,0.0326596,0.0564894,0.101277,0.00680851,0.0187234,0.0347872,0.00797872,0.13266,0.0360638,0.0130851,0.0373404,0.0119149,0.00489362,0.0210638,0.132138,0.141617,0.0171064,0.848574,0.230223,0.0223298,4.20486,75.2872,742.074,0.553191
0.30617,0.144894,0.280426,0.0917021,0.0723404,0.106809,0.0193617,0.139787,0.221064,0.399574,0.144681,0.630213,0.341064,0.652766,0.0255319,0.158936,0.276596,0.12,1.86936,0.0476596,0.868511,0.0334043,0.447021,0.28766,0.0951064,0.0604255,0.00510638,0.00148936,0.00212766,0.00382979,0,0,0.309362,0,0,0.0297872,0.176383,0.00148936,0.00659574,0.017234,0.0246809,0.00765957,0.00446809,0.0159574,0.0421277,0.0568085,0.00978723,0.0502128,0.0292553,0.115766,0.00757447,0.24734,0.329319,0.0877872,5.44715,185.447,3357.47,0.744681
0.296341,0.260976,0.308293,0.00317073,0.23439,0.0721951,0.04,0.137073,0.386341,0.500976,0.198537,0.554878,0.346829,0.654634,0.0785366,0.235854,0.302439,0.100976,2.26732,0.032439,1.03293,0.0409756,0.355122,0.348293,0.416341,0.0970732,0.00146341,0.000487805,0.00097561,0.00804878,0,0,0.121951,0,0.00756098,0.0465854,0.145366,0.00268293,0.00902439,0.0136585,0.012439,0.00390244,0.00804878,0.0131707,0.0563415,0.052439,0.00170732,0.0358537,0.028878,0.105634,0.00982927,0.317683,0.4,0.0903659,6.0851,284.951,2294.07,0.780488
0.148224,0.102303,0.359737,0.0236184,0.296513,0.0851974,0.0884211,0.164605,0.129276,0.311645,0.0763816,0.490132,0.0891447,0.0356579,0.0561842,0.268684,0.220066,0.192829,1.55526,0.182566,0.894737,0.682697,0.151053,0.0909868,0.474803,0.189671,0.0764474,0.0792105,0.0478947,0.0511842,0.0432895,0.0196053,0.0474342,0.0196053,0.04875,0.0711184,0.165066,0.0251316,0.0415789,0.0748684,0.0213158,0.0530263,0.0413158,0.0453947,0.112434,0.170066,0.0190789,0.05,0.271368,0.154368,0.0145789,0.279961,0.148586,0.152717,3.91334,46.5987,351.566,0.532895
0.08625,0.104327,0.322933,0.00985577,0.383702,0.136683,0.0991346,0.120096,0.0656731,0.245625,0.0702885,0.53976,0.146394,0.0239904,0.0494231,0.222019,0.215096,0.260144,1.59995,0.105096,0.799375,0.309519,0.174135,0.0820192,0.567404,0.239519,0.112308,0.0739904,0.0630769,0.0702404,0.0347115,0.0341827,0.0645673,0.0371635,0.0623558,0.0851442,0.157115,0.00125,0.0367788,0.0590385,0.0194231,0.034375,0.0475962,0.0338462,0.151202,0.159423,0,0.0205288,0.0528606,0.157471,0.0265817,0.244303,0.116255,0.0593365,3.61494,41,266.562,0.576923
0.144023,0.308851,0.42977,0.815172,0.751954,0.135172,0.49092,0.127816,0.0763218,0.382414,0.0736782,0.641609,0.176782,0.0566667,0.0406897,0.52977,0.894368,0.281954,2.25207,0.173793,1.36598,0.0187356,0.285747,0.11046,0.0572414,0.0465517,0,0.0828736,0,0.0489655,0,0,0.233103,0,0.0811494,0.0349425,0.0794253,0.017931,0,0.0587356,0,0.0389655,0.00597701,0.00632184,0.0932184,0.0566667,0,0,0.00516092,0.110805,0,0.699713,0.148897,0.0254483,6.84722,102.494,197.667,0.816092
0.130515,0.106887,0.255098,0,0.408186,0.0838971,0.131324,0.107868,0.0376961,0.191471,0.0470343,0.549412,0.0629412,0.0240441,0.0451961,0.355196,0.154093,0.194975,1.76547,0.0598529,0.833578,0.0226716,0.102083,0.0601961,0.54098,0.345221,0.22799,0.218358,0.0730882,0.109485,0.0625245,0.0677451,0.0790686,0.0677451,0.122721,0.149363,0.137328,0.00659314,0.0950735,0.060049,0.0368873,0.041201,0.087402,0.106029,0.246029,0.196495,0.00615196,0.0409804,0.0212745,0.135321,0.0161471,0.240676,0.0672353,0.0389461,2.49595,17.1789,105.176,0.426471
0.126964,0.0784391,0.236998,0.00459691,0.21578,0.0561921,0.111098,0.151921,0.0422298,0.228508,0.0772384,0.533328,0.0913208,0.0426244,0.0242024,0.206947,0.117753,0.183225,1.58326,0.0232933,0.966981,0.00946827,0.0534991,0.080789,0.636569,0.329811,0.217273,0.232847,0.084717,0.145523,0.064494,0.0501544,0.152127,0.0501544,0.141973,0.117221,0.215317,0.00493997,0.100961,0.0534305,0.0287822,0.091681,0.0801715,0.0786449,0.293379,0.217427,0.00566038,0.0304117,0.0178662,0.162633,0.0149828,0.27787,0.0573053,0.042518,2.80482,17.0172,70.6038,0.379074
0.0826415,0.0808962,0.336792,0.00481132,0.348019,0.143113,0.114953,0.155142,0.069434,0.224245,0.0882547,0.501604,0.108868,0.0432547,0.0198113,0.277264,0.15033,0.195425,1.46495,0.127311,0.868349,0.00872641,0.116651,0.0870283,0.640283,0.336934,0.114387,0.123443,0.0680189,0.117642,0.0592453,0.0315566,0.0876415,0.0315566,0.0908019,0.115849,0.231509,0.0104245,0.0733019,0.061934,0.0804717,0.0255189,0.0646698,0.0653302,0.152311,0.184575,0.00514151,0.0385849,0.0440425,0.156344,0.0180236,0.162637,0.0751557,0.030066,2.68186,26.5943,198.292,0.471698
0.0579268,0.226585,0.406829,0.24061,0.566463,0.168171,0.817317,0.213171,0.180854,0.365976,0.206098,0.595732,0.0381707,0.0154878,0.0112195,0.479024,0.581098,0.36122,2.05878,0.360122,1.7339,0.0104878,0.105,0.119878,0.0417073,0.0304878,0.0807317,0.0171951,0.017561,0.017561,0.0882927,0,0.00329268,0,0.049878,0.0153659,0.115244,0,0.065122,0.231707,0,0.00243902,0.00926829,0.00926829,0.169146,0.0204878,0,0,0.0059878,0.123427,0.0183415,0.41322,0.0899024,0.0403293,19.9676,174.512,338.085,0.792683
0.265333,0.096,1.166,0.0126667,0.944667,0.0293333,0.102,0.0686667,0.426,0.932667,0,0.154,0.0293333,0,0.147333,0.110667,0,0.0893333,0.741333,0.580667,0.764,0,0.0893333,0.0853333,0.222667,0,0.0973333,0.032,0,0.0386667,0,0,0,0.0253333,0,0.01,0.0386667,0,0,0.120667,0,0,0,0,0,0,0,0,0.00473333,0.0106,0,0.694133,0.172533,0.002,445.507,1363.2,1569.4,0.933333
0,0,0,0,0,0,0,0,0,0,0,0,0,0,0,0.325203,0,0,0,0,0,0,0,0,0.0903252,0.116098,20.068,0,0,0,0,0,0,0,0,0,0,0,0,0,0,0.18065,0,0,0.0541463,0,0,0,0,0.0285203,0,0.00934146,0,0,1.20634,1.6748,5.45528,0
0.0985,0.110714,0.328571,0.00828571,0.488143,0.159286,0.216071,0.0731429,0.0625,0.2355,0.0867857,0.4835,0.122786,0.0122857,0.0923571,0.453143,0.207429,0.262857,1.95993,0.212857,1.05136,0.125,0.176571,0.158714,0.344357,0.1955,0.108571,0.112786,0.0376429,0.120357,0.0348571,0.0348571,0.0545,0.0445,0.0648571,0.0728571,0.0638571,0,0.120786,0.0813571,0.00942857,0.0203571,0.00757143,0.0137857,0.227214,0.129,0,0.00235714,0.00797143,0.123664,0.00241429,0.356436,0.0681929,0.175221,5.17259,52.8429,130.107,0.614286
0.0939092,0.0805124,0.257731,0,0.227408,0.0618009,0.112958,0.0569253,0.0269839,0.200264,0.0314641,0.577818,0.0836603,0.0379356,0.0163836,0.230644,0.0631918,0.14631,1.72391,0.0101025,0.579693,0,0.0515666,0.0348902,1.04318,0.514348,0.383441,0.286808,0.2553,0.281654,0.223031,0.167452,0.0965739,0.167452,0.268214,0.242826,0.187672,0.0133968,0.171611,0.177628,0.0781552,0.230922,0.0485652,0.131742,0.379253,0.20063,0.00149341,0.0343338,0.0186574,0.168565,0.013757,0.198073,0.0435798,0.0351903,2.09416,9.25183,39.8287,0.207906
0.0908955,0.0886567,0.259701,0.28597,0.261642,0.0741791,0.0646269,0.0637313,0.288358,0.33806,0.071194,0.44403,0.13597,0.149403,0.0938806,0.292239,0.0608955,0.24209,1.3491,0.207313,0.839552,0.850448,0.0931343,0.0937313,0.38403,0.18,0.0319403,0.0191045,0.00880597,0.0165672,0.0334328,0.00134328,0.0777612,0.00134328,0.103582,0.0223881,0.171493,0.000597015,0.0171642,0.0401493,0.01,0.0364179,0.00447761,0.0114925,0.0444776,0.050597,0.0164179,0.039403,0.0350597,0.150657,0.0208806,0.216388,0.121388,0.109328,6.09328,95.806,1222.91,0.58209
