0.0894811,0.236899,0.245071,0.023448,0.292751,0.0774299,0.105243,0.087816,0.0322655,0.19156,0.0417315,0.512434,0.0763348,0.0389472,0.0210588,0.241885,0.105894,0.15895,1.67008,0.0444525,0.725336,0.0111584,0.0638703,0.0720573,0.580896,0.310627,1.04582,0.160727,0.128127,0.130443,0.0805038,0.0613695,0.105279,0.0619548,0.128637,0.114229,0.138103,0.0147511,0.0990709,0.0706516,0.0524374,0.167882,0.0541991,0.102446,0.385762,0.211777,0.00475415,0.0349864,0.0203499,0.136666,0.0158558,0.23809,0.044737,0.0309315,2.40242,15.6136,71.9807,0.295324
0.19,0,0.38,0,0,0.19,0,0,0,0,0.19,0.19,0,0,0,0.38,0,0.19,1.14,0,0.38,0,0,0,0,0,0,0,0,0,0,0,0,0,0,0,0,0,0,0,0,0,0,0,0,0,0,0,0.01,0.01,0,0,0,0.003,2.383,21,15841,1
0.331667,0.214103,0.309231,0.0569231,0.135897,0.0875641,0.0257692,0.142436,0.328333,0.475128,0.183462,0.628077,0.372179,0.732564,0.0517949,0.166154,0.3,0.109103,2.18115,0.0367949,1.00397,0.0201282,0.439487,0.343974,0.0971795,0.0775641,0.00358974,0.00115385,0.00153846,0.00230769,0,0,0.242564,0,0.000897436,0.0251282,0.167692,0.00205128,0.00512821,0.0232051,0.0110256,0.00538462,0.00564103,0.0110256,0.05,0.0326923,0.00666667,0.0367949,0.0299103,0.109051,0.00685897,0.288154,0.395731,0.0901923,6.53592,265.474,2884.74,0.820513
0.123381,0.155971,0.471079,0.206403,0.412518,0.31777,0.156906,0.164532,0.387842,0.331511,0.153669,0.613885,0.152662,0.0784892,0.506475,0.32446,0.174101,0.481007,1.54741,0.419137,0.860863,0.508489,0.378633,0.166187,0.223094,0.0745324,0.00482014,0.00431655,0.00467626,0.00956835,0.00741007,0,0.0489209,0.000935252,0.0118705,0.0471942,0.0897842,0.00352518,0.0134532,0.0274101,0.00690647,0.0052518,0.046259,0.0170504,0.0386331,0.0566187,0.000791367,0.0156115,0.0280791,0.124058,0.0199353,0.291504,0.141683,0.0764101,8.10408,333.827,1482.83,0.755396
0.0966667,0.0133333,0.2,0,0.153333,0.133333,0,0.0966667,0.0966667,0.313333,0.06,0.0733333,0.12,0,0.0633333,0.0133333,0.13,0.0633333,0.626667,0.0133333,0.276667,3.17667,0.23,0.183333,0,0,0,0,0,0,0,0,0,0.0466667,0,0.0133333,0,0,0.0266667,0,0,0,0,0,0.0633333,0,0,0,0.372333,0.095,0.014,0.14,0.03,0.00366667,15.1877,493,9113.67,1
0.175646,0.20085,0.419014,0.200612,0.302925,0.154048,0.0822789,0.170612,0.37619,0.514048,0.102449,0.675102,0.146633,0.131293,0.159116,0.253878,0.159014,0.287211,1.59537,0.217789,1.1818,0.435476,0.15466,0.213639,0.525748,0.149116,0.0267687,0.0190476,0.00670068,0.0240136,0.0194558,0.00241497,0.0861224,0.00306122,0.0816327,0.0372109,0.124218,0.00401361,0.0192857,0.0354762,0.0118027,0.0590476,0.0153061,0.00955782,0.0435714,0.0403401,0.00785714,0.0245918,0.0702517,0.13483,0.0291565,0.570956,0.200173,0.0653912,7.55561,127.52,869.83,0.663265
0.112829,0.125936,0.329376,0.173904,0.389163,0.115857,0.168287,0.143466,0.146892,0.288433,0.0930013,0.607716,0.11239,0.0450598,0.0437716,0.275286,0.279216,0.212842,1.64829,0.149363,1.00851,0.412815,0.162005,0.106627,0.539309,0.174037,0.0706374,0.046255,0.0366932,0.0420319,0.0322842,0.0163612,0.0627357,0.0174768,0.0436255,0.0666534,0.145618,0.0132935,0.0336388,0.0626162,0.0283267,0.0449535,0.0279681,0.024834,0.112696,0.13579,0.00841965,0.0243161,0.107449,0.146964,0.0178898,0.272918,0.114845,0.0824104,6.58379,69.2643,387.068,0.598938
0,0,0,0.04,0,0,0,0,0,0,0,0,0,0,0,0.02,0,0,0.02,0,0,0,0,0,0,0,0,0,0,0,0,0,0,0,0,0,0,0,0,0,0,0,0,0,0,0,0,0,1.024,9.752,0.003,1.542,1.785,1.998,239.571,9989,10062,1
0.287333,0.163333,1.13533,0.0126667,1.03467,0.0293333,0.124,0.0586667,0.426,0.932667,0.0446667,0.188667,0.0513333,0,0.147333,0.178,0,0.170667,0.836667,0.580667,1.01133,0,0.0586667,0.0853333,0.222667,0,0.0973333,0.032,0,0.0386667,0,0,0,0.0253333,0,0,0.0386667,0,0,0.0586667,0,0,0,0,0,0,0,0,0,0.0138667,0,0.6918,0.175,0.002,454.223,1330.4,1462.73,0.933333
0.005,0.005,0.035,0,0.025,0,0,0.005,0.015,0.065,0.025,0,0,0.025,0,0,0.005,0.035,0.005,0,0.005,0,0,0,0,0,0,0,0,0,0,0,0.035,0,0,0.065,0,0,0,0.005,0.23,0,0,0.015,0,0.4,0.005,0.035,0.036,0.1615,0.075,0.012,0.056,0.012,3.0295,43.5,5648.5,0
