0.219062,0.405938,0.650312,0.0734375,0.365938,0.18125,0.319688,0.125625,0.314063,0.860625,0.215625,0.77125,0.14375,0.096875,0.270625,0.930625,0.3275,0.23875,1.85531,0.145,1.52562,0.0053125,0.193438,0.223438,0.299375,0.13875,0.0075,0,0,0.0228125,0,0,0.0421875,0,0.0225,0.0146875,0.12125,0.026875,0.0075,0.0228125,0,0.0228125,0.010625,0.0153125,0.110625,0.0446875,0,0.0240625,0.0094375,0.125656,0.00465625,0.753812,0.231156,0.0675,25.445,340.531,656.719,0.9375
0.126961,0.0665686,0.305588,0.0151961,0.287647,0.111961,0.0762745,0.127451,0.0559804,0.206961,0.0460784,0.489216,0.0947059,0.0341176,0.000882353,0.219608,0.183431,0.124314,1.48784,0.135098,0.689608,0.724118,0.15951,0.0721569,0.775,0.287647,0.101863,0.0388235,0.0617647,0.0463725,0.0526471,0.012451,0.0864706,0.0153922,0.035,0.0601961,0.247255,0.00186275,0.0165686,0.0294118,0.0485294,0.0326471,0.0376471,0.0697059,0.125,0.259412,0,0.0226471,0.247598,0.175078,0.0287549,0.204961,0.0940588,0.160637,3.78626,34.1373,314.696,0.460784
0.14907,0.126977,0.280465,0.0072093,0.31093,0.113256,0.0381395,0.221395,0.222093,0.333023,0.0939535,0.565581,0.140698,0.065814,0.0686047,0.339302,0.214884,0.19814,1.53605,0.134651,0.779302,0.939535,0.27907,0.228837,0.194419,0.105349,0.00744186,0.00581395,0.00302326,0.017907,0.0111628,0,0.0890698,0.00302326,0.00581395,0.10907,0.158605,0.01,0.0162791,0.0246512,0.0125581,0.00162791,0.0055814,0.0193023,0.0286047,0.0709302,0.00255814,0.0218605,0.0466047,0.125,0.0394884,0.208302,0.171698,0.124535,5.94228,127.837,1615.47,0.581395
0.106145,0.108434,0.363133,0,0.538072,0.120241,0.110723,0.137349,0.0720482,0.272048,0.101807,0.629157,0.0643373,0.013012,0,0.335542,0.336506,0.278795,1.92313,0.138434,0.992771,0.126506,0.199518,0.0848193,0.239639,0.0840964,0.0333735,0.0287952,0.0046988,0.0445783,0.0046988,0.00843373,0.0259036,0.0122892,0.0449398,0.0796386,0.109157,0.000843373,0.0228916,0.0440964,0,0.020241,0.0177108,0.0207229,0.224337,0.277831,0,0.0291566,0.0591687,0.109494,0.00918072,0.327831,0.121036,0.0558795,4.18749,66.6988,262.494,0.650602
0.119727,0.0696364,0.281273,0.114091,0.299636,0.110182,0.0579091,0.157182,0.198,0.277455,0.0676364,0.741364,0.107091,0.0985455,0.0206364,0.166909,0.190273,0.116364,1.37845,0.0904545,1.09436,0.242273,0.185818,0.0963636,0.747909,0.184909,0.0126364,0.019,0.0169091,0.0305455,0.00227273,0,0.0972727,0,0.0245455,0.0629091,0.155727,0.0113636,0.0298182,0.0119091,0.0670909,0.0721818,0.00763636,0.0183636,0.072,0.270545,0.0232727,0.0193636,0.0450636,0.158255,0.0204273,0.226427,0.0648455,0.0477,4.25983,54.9636,537.164,0.581818
0.290976,0.262927,0.313415,0.00463415,0.232927,0.0741463,0.0407317,0.145854,0.380976,0.459024,0.193902,0.568293,0.354634,0.662927,0.0739024,0.246098,0.291463,0.0997561,2.25659,0.0334146,1.02488,0.0409756,0.327805,0.341463,0.416341,0.0970732,0.00146341,0.000487805,0.00097561,0.00804878,0,0,0.121951,0,0.00756098,0.0443902,0.145366,0.00268293,0.00682927,0.0143902,0.012439,0.00390244,0.00804878,0.0131707,0.052439,0.052439,0.00170732,0.0358537,0.0280732,0.104732,0.011561,0.31878,0.400073,0.0900976,5.78871,260.805,2279.78,0.780488
0.245,0.2725,0.3375,0.0475,0.3625,0.0225,0,0.185,0.3425,0.6175,0.0725,0.16,0.0725,0,0.0975,0.0725,0.1975,0.2125,1.1275,0.1175,0.6175,0,0.4625,0.3475,0.0475,0,0,0.0475,0,0,0,0,0,0.095,0,0.06,0,0,0.0225,0.2325,0,0,0,0,0.0475,0,0,0,0.02875,0.05475,0,0.315,0.40375,0.01025,550.561,1730.5,2387.5,1
0,0,0,0,0,0,0,0,0,0,0,0,0,0,0,0.330579,0,0,0,0,0,0,0,0,0.0918182,0.118017,20.2161,0,0,0,0,0,0,0,0,0,0,0,0,0,0,0,0,0,0.0550413,0,0,0,0,0.0289917,0,0.00949587,0,0,1.20975,1.68595,5.43802,0
0.0315278,0.0609722,0.194028,0,0.30875,0.0522222,0.100694,0.185972,0.04625,0.0748611,0.0126389,0.549722,0.0355556,0.120833,0,0.311806,0.0740278,0.160833,1.92486,0,0.713194,0,0.1075,0.311806,0.234444,0.155556,0.102083,0.172083,0.209028,0.06625,0.0652778,0,0.0495833,0,0.0811111,0.0277778,0.09,0,0.166806,0.0308333,0.194444,0.360278,0.0643056,0.165556,0.6175,0.154722,0,0.0355556,0.0809444,0.0957639,0.0189583,0.349597,0.0595417,0.0586528,2.75268,12.1111,28.0833,0.430556
0.0386957,0.37913,0.308478,0.872391,0.553696,0.189783,0.728478,0.071087,0.236304,0.333043,0.0326087,0.707826,0.0530435,0.013913,0.02,0.349565,0.196739,0.328261,2.0513,0.0276087,1.15217,0,0.0752174,0.0843478,0.116304,0.0108696,0.249565,0.0306522,0.0108696,0.00543478,0.157391,0,0,0.0134783,0.061087,0.0115217,0.0386957,0,0.0408696,0.413043,0,0.00434783,0,0,0.19913,0.00956522,0,0.0217391,0.0105435,0.186043,0.0141739,0.3,0.0691304,0.0401957,13.2332,165.022,408.63,0.630435
0.187889,0.126667,0.330222,0.00122222,0.353222,0.154667,0.077,0.169667,0.336889,0.330778,0.0954444,0.628444,0.0738889,0.124778,0.092,0.182444,0.333667,0.078,1.46611,0.211333,1.06722,0.348889,0.064,0.243333,0.842556,0.187556,0.0282222,0.0123333,0.00466667,0.0252222,0.0197778,0.00466667,0.101556,0.00588889,0.0197778,0.0588889,0.160778,0.0208889,0.0168889,0.0328889,0.0514444,0.144,0.0172222,0.0152222,0.0577778,0.0911111,0.00611111,0.012,0.1251,0.185444,0.0149222,0.273311,0.131233,0.0898667,4.2282,74.0778,628.533,0.5
0.481887,0.114528,0.527736,0,0.163396,0.0539623,0.117358,0.0950943,0.0350943,0.461509,0.437925,1.09755,0,0.0662264,0,0.237925,0.0218868,0.0826415,1.40226,0,3.65283,0,0,0.393774,0.373774,0.0815094,0.113774,0.0437736,0,0.0760377,0,0.0949057,0.0224528,0.0949057,0.0226415,0,0.0303774,0,0.0428302,0,0,0.045283,0,0.0218868,0.0724528,0.0218868,0,0.0458491,0,0.098717,0,0.523245,0.0875283,0.00358491,5.05838,28.1698,55.7736,0.433962
0.129583,0.209722,0.431806,0.594583,0.276389,0.120139,0.0483333,0.112917,0.26,0.315694,0.0713889,0.80875,0.209028,0.125278,0.13,0.149583,0.144306,0.187083,1.73278,0.150972,0.950694,0,0.128194,0.174028,0.717361,0.12875,0.0215278,0.0234722,0.0144444,0.0180556,0.0204167,0.00222222,0.0694444,0.00222222,0.0355556,0.0625,0.0911111,0.00194444,0.0173611,0.035,0.00222222,0.0723611,0.0354167,0.0102778,0.0261111,0.00166667,0,0.0213889,0.140569,0.130917,0.017875,1.03196,0.256306,0.0185694,4.10265,61.0833,755.875,0.597222
0.110391,0.106927,0.251899,0,0.384525,0.113631,0.140335,0.118101,0.0349721,0.240391,0.0843575,0.565642,0.0651397,0.0406704,0.0759218,0.355307,0.113464,0.226816,1.75626,0.0286034,0.863296,0.0263687,0.0882123,0.0816201,0.701341,0.390559,0.246201,0.262123,0.0948045,0.143575,0.0686034,0.0881564,0.082905,0.0881564,0.115251,0.170894,0.159777,0.0110056,0.119609,0.0698883,0.045419,0.0461453,0.118883,0.129162,0.247207,0.28486,0.0129609,0.0163687,0.0254469,0.143838,0.0154916,0.183994,0.0551508,0.0510447,2.19603,12.3743,99.9441,0.385475
0.0997838,0.107459,0.269027,0,0.214162,0.0540541,0.128486,0.0778919,0.0174595,0.237135,0.0502703,0.663081,0.0835135,0,0.0332432,0.208757,0.0986486,0.187189,1.71449,0.0228108,0.576865,0,0.06,0.00675676,0.904649,0.403946,0.178324,0.235459,0.150324,0.264216,0.117622,0.0493514,0.15773,0.0493514,0.238162,0.122324,0.210973,0.00432432,0.126757,0.0752973,0.0251892,0.212378,0.0445946,0.082,0.210919,0.346649,0,0.0231892,0.0117784,0.139497,0.00567027,0.238086,0.0206973,0.161773,2.06242,9.68649,54.1514,0.259459
0.0757447,0.0625532,0.33078,0.00617021,0.303972,0.156738,0.0714184,0.146667,0.0882979,0.185248,0.0463121,0.486454,0.0848936,0.0378723,0.0214184,0.241844,0.155745,0.165035,1.38284,0.120284,0.749645,0,0.125603,0.076383,0.751206,0.447447,0.13461,0.149716,0.0869504,0.139078,0.0714894,0.0342553,0.112979,0.0342553,0.107447,0.116879,0.240284,0.00489362,0.0891489,0.0635461,0.117376,0.0258156,0.0759574,0.0768794,0.170284,0.254326,0.0077305,0.0421277,0.0569362,0.185716,0.0249645,0.131879,0.0589291,0.0387943,2.45279,19.383,194.525,0.425532
0.102874,0.0827586,0.253218,0.0133333,0.305402,0.108966,0.147701,0.0713793,0.016092,0.163563,0.0324138,0.396437,0.0985057,0.0206897,0.0302299,0.50931,0.146552,0.10092,1.92276,0.0128736,0.878736,0.0654023,0.181034,0.0865517,0.344943,0.221839,0.19023,0.0913793,0.0537931,0.0901149,0.0493103,0.0493103,0.0486207,0.0648276,0.104943,0.129425,0.0206897,0,0.121724,0.0582759,0.0037931,0.0183908,0.00735632,0.0252874,0.265287,0.137011,0,0.0293103,0.0101494,0.138724,0.0161034,0.427529,0.0706437,0.0324598,3.60577,34.1264,121.103,0.62069
0.121707,0.440976,0.342439,1.72976,0.936341,0.144634,0.696341,0.152683,0.0580488,0.375854,0.0426829,0.635854,0.190976,0.0819512,0,0.730488,1.53659,0.239024,2.09098,0.274146,1.82732,0,0.0192683,0.160976,0,0,0,0,0,0.0236585,0,0,0,0,0,0.0521951,0.113659,0.0380488,0,0.00829268,0,0,0,0,0.00829268,0,0,0,0,0.123293,0,0.729683,0.212683,0.0322927,9.20393,136.756,194.512,0.926829
0.065974,0.0644156,0.193247,0,0.418312,0.112468,0.279091,0.0381818,0.0563636,0.318961,0.0353247,0.436753,0.175974,0.0628571,0,0.624026,0.0455844,0.286494,2.32195,0.155714,0.851818,0.0718182,0,0.173766,0.0779221,0.0897403,0.0463636,0.054026,0,0.0192208,0,0,0.0481818,0,0.0349351,0.0372727,0.0176623,0,0,0.0176623,0.00337662,0.0772727,0.00909091,0.0687013,0.265455,0.327662,0,0,0.0134675,0.0429091,0.00251948,0.239221,0.0364026,0.299468,5.18632,53.6364,94.2338,0.467532
0.16871,0.113978,0.379892,0.0326882,0.285591,0.101398,0.0808602,0.157419,0.179677,0.353118,0.101505,0.455914,0.116452,0.0294624,0.091828,0.325914,0.223763,0.253871,1.58419,0.209677,0.966344,0.523011,0.17129,0.116559,0.437957,0.217527,0.0816129,0.113548,0.0466667,0.0646237,0.0349462,0.0274194,0.0283871,0.0274194,0.0724731,0.0746237,0.11957,0.0410753,0.0451613,0.0988172,0.0367742,0.0810753,0.0437634,0.012043,0.0864516,0.0677419,0.0311828,0.0436559,0.230516,0.162194,0.0174516,0.323548,0.192473,0.112828,3.78257,48.8495,373.624,0.55914
0.30617,0.144894,0.280426,0.0917021,0.0723404,0.106809,0.0193617,0.139787,0.221064,0.399574,0.144681,0.630213,0.341064,0.652766,0.0255319,0.158936,0.276596,0.12,1.86936,0.0476596,0.868511,0.0334043,0.447021,0.28766,0.0951064,0.0604255,0.00510638,0.00148936,0.00212766,0.00382979,0,0,0.309362,0,0,0.0297872,0.176383,0.00148936,0.00659574,0.017234,0.0246809,0.00765957,0.00446809,0.0159574,0.0421277,0.0568085,0.00978723,0.0502128,0.0292553,0.115766,0.00757447,0.24734,0.329319,0.0877872,5.44715,185.447,3357.47,0.744681
0.111287,0.0900585,0.218713,0,0.24538,0.0703509,0.141754,0.0419298,0.0150877,0.204386,0.0522807,0.591754,0.12193,0.0237427,0.0235673,0.295322,0.114795,0.103743,1.71813,0.0182456,0.598304,0,0.0809942,0.0245614,0.605497,0.352456,0.387485,0.228713,0.174094,0.262164,0.163158,0.135146,0.164035,0.135146,0.272164,0.21924,0.177661,0.00321637,0.183158,0.141871,0.104971,0.207602,0.0753801,0.152164,0.245263,0.134795,0,0.0447368,0.0124035,0.153158,0.019117,0.248632,0.0939123,0.00908772,1.88993,8.12865,44.1228,0.216374
0.0915152,0.09,0.262879,0.290303,0.261061,0.075303,0.0656061,0.064697,0.285,0.343182,0.0722727,0.448485,0.13803,0.151667,0.095303,0.296667,0.0618182,0.245,1.36652,0.210455,0.85,0.863333,0.0945455,0.0951515,0.379697,0.171818,0.0316667,0.0193939,0.00893939,0.0168182,0.0339394,0.00136364,0.0759091,0.00136364,0.105152,0.0227273,0.167121,0.000606061,0.0174242,0.0407576,0.0101515,0.0369697,0.00454545,0.0101515,0.0451515,0.0513636,0.0166667,0.04,0.0324242,0.150545,0.0204394,0.219667,0.123015,0.110985,6.12858,95.9697,1219.88,0.590909
0.0929851,0.267761,0.369851,0,0.113433,0.0635821,0.281343,0.100597,0.0729851,0.458358,0.0228358,0.484776,0.0671642,0.0425373,0,0.183731,0,0.0543284,2.58851,0,0.946567,0,0.0167164,0.153582,0.341493,0.207015,0.39194,0.28194,0.0195522,0.0195522,0.0677612,0,0.0802985,0,0,0.0620895,0.342687,0.0061194,0.535373,0.0620895,0.0498507,0,0.0280597,0.112239,0.453582,0.351343,0,0,0.0402836,0.205955,0.00377612,0.188164,0.0601493,0.0335522,2.97787,18.9701,39.597,0.38806
0.0292857,0.0671429,0.253571,0,0.705714,0.0692857,1.59143,0.773571,0.773571,0.880714,0.773571,0.582143,0,0.0764286,0,0.977143,2.15357,0.0642857,1.82643,0.773571,2.815,0,0.309286,0.105714,0.0207143,0.0207143,0.0207143,0.0414286,0,0,0,0,0,0.0207143,0.0414286,0,0.315,0,0.0764286,0,0,0,0,0,0,0,0,0,0,0.0775,0,0.696071,0.255143,0.0712857,64.0539,294.929,330.786,0.928571
0.486667,0.750833,0.77375,0,0.35,0.282917,0.0454167,0.407917,0.425,1.41,0.0629167,1.4775,0.12625,0.282917,0.348333,0.299167,0.13,0.66125,2.12708,0.3475,3.35667,0.0158333,0.54125,0.256667,0,0,0,0,0,0,0,0,0.01375,0,0.0529167,0.0175,0.0154167,0,0,0,0,0,0.00791667,0,0.0258333,0,0,0,0.012,0.153833,0.0674167,0.980917,0.185792,0.0610833,40.1172,598.375,872.333,1
0.0626667,0.153333,0.4092,0,0.572267,0.115333,0.237867,0.146533,0.0782667,0.206933,0.1152,0.699333,0.0734667,0,0.191067,0.277733,0.306267,0.406,2.16973,0.439333,1.32773,0.157467,0.269733,0.125067,0.2948,0.130133,0.0492,0.115467,0.0182667,0.1108,0.0182667,0.0182667,0.0213333,0.0182667,0.0414667,0.0448,0.1016,0,0.144933,0.1048,0.0141333,0.0526667,0.0048,0,0.169333,0.0386667,0,0,0.00350667,0.130693,0.000866667,0.303667,0.0947733,0.03128,5.6484,57.0267,145.773,0.666667
0.126476,0.101714,0.267905,0.496667,0.480381,0.123143,0.0544762,0.106381,0.16381,0.195714,0.109333,0.711048,0.154762,0.0379048,0.0592381,0.203905,0.268857,0.18581,1.8041,0.0762857,0.794667,0.782952,0.214476,0.143238,0.614762,0.118,0.0186667,0.0177143,0.0244762,0.0100952,0.0129524,0.0159048,0.0847619,0.00828571,0.0291429,0.0762857,0.10019,0.0266667,0.0169524,0.00780952,0.012381,0.0408571,0.0180952,0.00580952,0.0585714,0.0514286,0.00838095,0.0162857,0.100857,0.10739,0.00714286,0.18681,0.101133,0.0815905,3.86972,41.1714,452.543,0.609524
0.082619,0.138286,0.296286,0.00385714,0.396429,0.221476,0.128333,0.100048,0.0461905,0.250381,0.032619,0.573476,0.0835714,0.00914286,0.00461905,0.238095,0.128714,0.19019,1.52424,0.0169524,1.17614,0.00590476,0.115524,0.112381,0.616333,0.352333,0.250857,0.155857,0.10981,0.130524,0.0799524,0.0752857,0.115143,0.0752857,0.127619,0.106476,0.197333,0.00109524,0.0950952,0.0835714,0.0533333,0.051,0.114143,0.019619,0.244476,0.0847619,0.0126667,0.0177619,0.0302429,0.170876,0.0291857,0.172424,0.0681476,0.0142143,2.4832,17.7095,153.662,0.466667
0.138457,0.0976596,0.277926,0,0.237926,0.0432979,0.0137766,0.0718617,0.0104255,0.128085,0.00510638,0.435745,0.0590426,0.0838298,0,0.318138,0.0234574,0.202606,1.34356,0.111064,0.459096,0,0.0112766,0.0573404,0.197074,0.0705319,0.628936,0,0.028617,0.0221277,0,0,0.29766,0,0.106383,0.00531915,0,0.0588298,0.0626596,0.0062234,0.206702,0.299043,0.0189894,0.134309,0.586702,0.543777,0.0155319,0.0443085,0.0302606,0.103165,0.0134574,0.13466,0.0094734,0,1.5138,3.23936,11.8245,0.0691489
0.125588,0.151961,0.39049,0.140294,0.297059,0.120784,0.0884314,0.187745,0.431863,0.517843,0.124314,0.535392,0.127157,0.0641176,0.135784,0.270392,0.147059,0.373922,1.41176,0.17598,0.929118,0.848725,0.124608,0.197451,0.475392,0.152059,0.0305882,0.024902,0.00558824,0.0268627,0.019902,0.00186275,0.12402,0.00372549,0.12598,0.0319608,0.137843,0.00176471,0.0329412,0.0316667,0.00941176,0.0273529,0.00529412,0.0122549,0.0356863,0.0368627,0.00647059,0.0289216,0.0591961,0.107961,0.0439608,0.365441,0.181725,0.0970784,4.64325,77.4118,969.873,0.686275
0.0142391,0.0496196,0.26125,0,0.334457,0.0396739,0.0860326,0.0357065,0.0088587,0.182717,0.0119022,0.829457,0.0770109,0.123152,0,0.119837,0.0286957,0.160978,2.04332,0.0327174,0.511848,0,0,0.0580978,0.140815,0.0733696,0.439728,0.0555435,0.127554,0.0781522,0,0,0.0826087,0,0.0319565,0.013913,0.0631522,0.023587,0.0967391,0.00521739,0.0652174,0.303967,0.0723913,0.121141,0.4375,0.188533,0,0.0366304,0.0119783,0.0913533,0.0181359,0.299,0.00517935,0.000668478,1.63936,4.61413,17.75,0.13587
0.096,0.008,0.196,0.008,0.092,0.118,0,0.058,0.058,0.188,0.074,0.082,0.072,0,0.038,0.088,0.078,0.076,0.608,0.008,0.242,1.906,0.138,0.11,0,0,0,0,0,0,0,0,0,0.028,0,0.008,0,0,0.016,0,0,0,0,0,0.038,0,0,0,0.4302,2.0094,0.009,0.3924,0.375,0.4024,57.5034,2297.8,10648.8,1
0,0,0.035,0,0.035,0,0,0,0,0,0,0,0,0,0,0,0,0.260789,0.0821053,0,0.035,0,0,0,11.1089,3.16605,2.00421,2.265,2.00421,2.32211,2.265,2.00421,0,2.00421,2.265,2.265,0.035,0.105263,0.035,2.00421,0,0.105263,0,0,1.06237,0,0,0,0.0227632,0.559447,0.00568421,0.0952105,0,0,3.41658,13,28.7105,0
0,14.1478,0,0,0,0,0,0,0,0.132222,0,0,0,0,0,0,0,0,0,0,0,0,0,0,0,0,0,0,0,0,0,0,0,0,0,0,0,0,0,0,0,0,0,0,0.132222,0,0,0,0,0,0,0,0,0,1.77778,4.88889,9.02778,0
0.0654639,0.0959794,0.187629,0,0.142268,0.0343299,0.107732,0.328144,0.113299,0.0838144,0.0407217,0.300309,0.0436082,0.171546,0,0.502268,0.206289,0.100722,1.49041,0.0314433,1.00567,0.0302062,0.170412,0.0634021,0.263299,0.278351,0.168763,0.0637113,0,0.0343299,0.0161856,0.0181443,0.0471134,0.0181443,0.0547423,0.106186,0.0928866,0,0.0172165,0.0162887,0,0.0368041,0.00783505,0.0194845,0.414124,0.0723711,0,0.0171134,0.00521649,0.134299,0.00905155,0.349742,0.120454,0.00628866,3.90996,29.0619,81.0722,0.701031
0.0793506,0.0324675,0.243117,0,0.111688,0.0463636,0,0,0.0235065,0.355844,0,0.134805,0.0720779,0,0,0.147922,0,0.0281818,6.98182,0,1.27468,0,0,0.288961,0.0235065,0,0.723117,0,0.0480519,0,0,0,0,0,0,0,0,0,0.0563636,0,0,0,0,0,1.04974,0.659221,0.0281818,0.0618182,0.0148182,0.0554286,0,0.18287,0,0,1.18968,1.83117,6.79221,0.0779221
0,0,0.189412,0,1.56588,0,0,0,0,0,0,1.18294,0,0,0,0,0,0,0,0,0.189412,0,0,0,0.848235,1.00706,1.30706,0,4.07412,0,0,0,0,0,0,0,0,0.869412,0,0,0,8.69,0,0,0,0,0,0,0,0,0,0.0660588,0,0,1.25824,2.41176,9,0
0,0,0.0165409,0,0.221384,0.0401258,0,0,0,0.0272956,0,0.105031,0,0.0674214,0,0.040566,0,0.0483648,0.280063,0,0.185472,0,0,0,0.505535,0.264843,0.469497,0,0,0,0.0786164,0,0,0,0,0.0483648,0,0,0,0,0,0.0903145,0,0.47522,0.298113,0.303899,0,0.115283,0.00424528,0.0911887,0.0605975,0.190415,0,0,1.19609,1.59119,5.03145,0.0377358
0,0,0,0,0.357,0,0,0.5555,0,0,0,0,0,0,0,0,0,0,1.8035,0,0.8185,0,0,0,0,0,1.0445,0,0,0,0,0,0.3125,0,0,0,0,0,0.5555,0,0,0,0,0,10.071,0.3845,0,0,0,0.153,0,0.4629,0,0,1.2575,2.25,6.9,0.05
0.126687,0.0566258,0.28865,0,0.233436,0.0698773,0.0466258,0.015092,0.0468098,0.116074,0.00785276,0.502209,0.100736,0.0489571,0.0111656,0.243436,0.044908,0.197178,1.70724,0.00957055,0.491902,0,0.00865031,0.0477301,0.460307,0.351595,0.332454,0.0707975,0.161902,0.110982,0.0858282,0.0505521,0.054908,0.0505521,0.0977301,0.118344,0.199448,0.00570552,0.0660123,0.0566871,0.0711043,0.222086,0.035092,0.155031,0.404847,0.158037,0.00625767,0.0376074,0.014411,0.129589,0.0163313,0.134153,0.013,0.0107914,1.64585,5.90798,35.3926,0.134969
0.104313,0.0280569,0.203365,0.00630332,0.174882,0.0782938,0.0854976,0.148626,0.0126066,0.159052,0.0318483,0.490806,0.0924645,0.00109005,0.0418957,0.116114,0.120521,0.232322,1.45815,0.00630332,0.634645,0,0.0359242,0.0359242,0.8,0.408626,0.229526,0.312844,0.0997156,0.159716,0.0747867,0.0454976,0.2809,0.0454976,0.198246,0.125024,0.332227,0.00890995,0.125403,0.0535545,0.0481043,0.116209,0.121754,0.126019,0.341801,0.28545,0.00407583,0.0330332,0.0213981,0.197322,0.0256398,0.23845,0.0562796,0.027763,2.27313,11.9573,66.3365,0.317536
0.147761,0.131791,0.821791,0.136716,0.703433,0.520149,0.285522,0.140746,0.57209,0.46791,0.214627,0.612985,0.150746,0.0797015,0.967015,0.301791,0.128657,0.762388,1.52985,0.871493,0.956716,0.0862687,0.517612,0.140746,0.0483582,0.00134328,0.021791,0.00432836,0,0.00865672,0,0,0.00537313,0,0.00432836,0,0.0129851,0,0,0.0401493,0,0,0.0880597,0.0119403,0.0447761,0.0364179,0,0,0.00862687,0.0791343,0.0011194,0.443,0.141358,0.0203134,77.618,743.731,1388.16,0.985075
0.17,0.0795722,0.319947,0.0068984,0.48123,0.0970053,0.117701,0.13631,0.0436898,0.174599,0.0293048,0.506417,0.0790374,0.00390374,0.0228342,0.234652,0.173422,0.186524,1.66396,0.0374866,0.819626,0.00540107,0.117647,0.0356684,0.557326,0.410749,0.250695,0.20615,0.104064,0.127005,0.0579679,0.0582888,0.090107,0.0614439,0.146043,0.136417,0.174545,0.00385027,0.105668,0.0603209,0.0436898,0.0514973,0.102406,0.0695187,0.279893,0.157273,0.00149733,0.0545989,0.024262,0.14338,0.0207807,0.283701,0.0751711,0.0203102,2.20411,14.8128,122.888,0.42246
0.0655752,0.127965,0.308053,0.0106195,0.355044,0.11115,0.109115,0.119823,0.0480531,0.286549,0.0679646,0.517257,0.194513,0.0346903,0.0916814,0.184956,0.116195,0.283894,1.38283,0.0515044,0.82823,0.323628,0.133186,0.0864602,0.664602,0.300619,0.174513,0.114425,0.100354,0.103274,0.0571681,0.0640708,0.0847788,0.0640708,0.0771681,0.099115,0.159204,0.0134513,0.070885,0.0841593,0.0141593,0.0274336,0.0861947,0.0537168,0.126991,0.0634513,0,0.0174336,0.0448053,0.176062,0.0259204,0.169965,0.115283,0.0430265,2.98773,24.6106,246.434,0.530973
0.0995122,0.196098,0.529756,0.48122,0.414634,0.161463,0.250976,0.169024,0.0753659,0.213415,0.119512,0.501463,0.0846341,0,0,0.377805,0.333171,0.40878,2.23146,0.430976,1.42829,0.234634,0.128293,0.177317,0.0631707,0.0751219,0.00780488,0,0.035122,0.035122,0,0,0.00658537,0,0.0312195,0.0460976,0.154634,0,0.072439,0.00463415,0,0,0.0346341,0.0185366,0.161951,0.0302439,0,0.042439,0.0112927,0.0799756,0.0236585,0.418341,0.0688537,0.0350732,7.21668,127.366,304.585,0.853659
0.0514118,0.0362353,0.291647,0,0.272765,0.0339412,0.0258824,0.0118824,0.0247059,0.0827647,0.0244706,0.902118,0.0705882,0.0278235,0.01,0.128588,0.0263529,0.0848235,1.97535,0.00741176,0.434412,0,0,0.0156471,0.322647,0.364176,0.400471,0,0.134882,0.0675294,0,0,0.0698824,0,0.0340588,0.0183529,0.162882,0.0144706,0.0736471,0,0.0509412,0.288176,0.0142353,0.119059,0.426294,0.166,0,0.0602353,0.0262059,0.162053,0.00650588,0.152088,0.00962353,0.00437647,1.57392,4.82353,25.5824,0.0823529
0.0966842,0.113526,0.213474,0.00710526,0.32,0.0541053,0.111158,0.0901053,0.0312632,0.367842,0.0545789,0.598684,0.111211,0.00710526,0.0249474,0.110105,0.116,0.141105,1.60237,0.0483684,0.574789,0.00305263,0.0491579,0.0627895,0.651,0.423263,0.286053,0.337737,0.120053,0.170789,0.104895,0.0819474,0.0821579,0.0819474,0.168421,0.172,0.194158,0.00526316,0.145211,0.0844211,0.0337368,0.0741053,0.106368,0.0978947,0.251421,0.168158,0.0128421,0.0436316,0.0253789,0.1827,0.0135947,0.239542,0.0312,0.0150158,2.17769,11.1842,81.1053,0.268421
0,0,0,0,0,0,0,0,0,0,0,0,0,0,0,0,0,0,6.66,0,0,0,0,0,0,0,0,0,0,0,0,0,0,0,0,0,0,0,0,0,0,0,0,0,6.66,0,0,0,0,0,0,32.478,0,0,1.666,3,5,0
0.117738,0.163214,0.412381,0,0.467262,0.121071,0.319167,0.140238,0.0692857,0.32,0.142857,0.527738,0.151786,0.0572619,0.0541667,0.327024,0.226786,0.275833,1.93214,0.140833,1.04357,0.0194048,0.282619,0.0730952,0.239048,0.0884524,0.0144048,0.126786,0.00714286,0.0746429,0.0145238,0.00714286,0.24619,0.00714286,0.113929,0.0794048,0.150357,0,0.00666667,0.0888095,0.00369048,0.0430952,0.00619048,0.017619,0.120595,0.0753571,0,0.0214286,0.0130476,0.084119,0.00120238,0.470417,0.116238,0.0138452,4.69696,64.1786,195.976,0.654762
