0.0981172,0.0725941,0.249456,0,0.243849,0.0501255,0.116569,0.0260251,0.0387866,0.166025,0.0328452,0.519498,0.131004,0.0471967,0.0142259,0.310209,0.107364,0.136946,1.70816,0.0167782,0.570669,0,0.0591632,0.021046,0.512008,0.352427,0.360753,0.148117,0.121297,0.174686,0.110084,0.0783682,0.120586,0.0783682,0.17318,0.161297,0.180962,0.00619247,0.154268,0.087364,0.0907113,0.210544,0.0734728,0.126444,0.305314,0.134979,0.00426778,0.0464017,0.0101172,0.139732,0.0203096,0.220623,0.0454184,0.0104059,1.80276,7.37657,40.7113,0.188285
0.133632,0.129009,0.269717,0,0.222972,0.0615566,0.119953,0.0774528,0.00820755,0.21434,0.0550472,0.633726,0.0675943,0,0.0374528,0.217123,0.0835849,0.173632,1.65934,0.0199057,0.560047,0,0.0523585,0.0216038,0.717547,0.407736,0.213208,0.219528,0.141132,0.238208,0.112783,0.0684434,0.150189,0.0684434,0.255047,0.125283,0.190047,0.00377358,0.118538,0.0673585,0.0359434,0.220094,0.0438679,0.0933491,0.213868,0.300802,0,0.0287736,0.0107028,0.143835,0.00553774,0.221849,0.0188396,0.0766792,2.05336,9.89623,52.967,0.245283
0.0998895,0.0435359,0.29221,0,0.280221,0.0750276,0.0371271,0.00834254,0.0195028,0.108011,0.018232,0.777735,0.068895,0.0303315,0.0130387,0.15337,0.010663,0.116464,1.9353,0.010663,0.571271,0,0,0.0230939,0.262873,0.289669,0.232099,0,0.175856,0.028895,0.00640884,0,0.0862983,0,0,0.0169061,0.123204,0.0135912,0.0472376,0,0.0749171,0.332818,0.0133702,0.152762,0.424365,0.199337,0,0.0198343,0.0285746,0.121796,0.00649171,0.127983,0.0139171,0.00444751,1.51487,4.65746,28.5304,0.0994475
0.314865,0.276757,0.336486,0.00351351,0.248919,0.0745946,0.0389189,0.149459,0.425676,0.528919,0.214054,0.579189,0.367838,0.723243,0.0859459,0.259189,0.332432,0.11027,2.41297,0.0359459,1.0927,0.0454054,0.393784,0.371622,0.0959459,0.0994595,0.00162162,0.000540541,0.000540541,0,0,0,0.123243,0,0.00189189,0.0321622,0.133784,0.00297297,0.00243243,0.0391892,0.00432432,0.00216216,0.00621622,0.00378378,0.0594595,0.0194595,0.00189189,0.0156757,0.0328378,0.100892,0.0108919,0.335595,0.430541,0.0987568,7.64754,346.757,2344.32,0.864865
0.0995122,0.196098,0.529756,0.48122,0.414634,0.161463,0.250976,0.169024,0.0753659,0.213415,0.119512,0.501463,0.0846341,0,0,0.377805,0.333171,0.40878,2.23146,0.430976,1.42829,0.234634,0.128293,0.177317,0.0631707,0.0751219,0.00780488,0,0.035122,0.035122,0,0,0.00658537,0,0.0312195,0.0460976,0.154634,0,0.072439,0.00463415,0,0,0.0346341,0.0185366,0.161951,0.0302439,0,0.042439,0.0112927,0.0799756,0.0236585,0.418341,0.0688537,0.0350732,7.21668,127.366,304.585,0.853659
0.0995536,0.0264286,0.20125,0.0059375,0.175045,0.07375,0.0805357,0.143304,0.0268304,0.179286,0.03,0.495491,0.0920982,0.00633929,0.0394643,0.113973,0.115893,0.224152,1.44504,0.0059375,0.652366,0,0.0338393,0.0338393,0.931295,0.405982,0.230268,0.304821,0.104062,0.19933,0.0805804,0.0529911,0.269911,0.0529911,0.196875,0.134196,0.325446,0.00839286,0.133884,0.0605804,0.0453125,0.113393,0.114687,0.126562,0.325268,0.290134,0.00383929,0.0350446,0.0207768,0.197348,0.0241518,0.235196,0.053625,0.0877232,2.2562,11.9598,66.0268,0.3125
0.069913,0.0526087,0.311565,0.00756522,0.312348,0.143739,0.0598261,0.135217,0.0936522,0.203391,0.0426087,0.488696,0.0945217,0.0464348,0.0186957,0.246435,0.157391,0.169391,1.39417,0.0901739,0.737304,0,0.0626087,0.10313,0.682609,0.380261,0.145217,0.13713,0.101652,0.126609,0.082087,0.0393043,0.133217,0.0393043,0.0946957,0.119913,0.216087,0.006,0.0610435,0.071913,0.00521739,0.0272174,0.084,0.0814783,0.162783,0.082,0.00947826,0.0426087,0.0250087,0.202565,0.0289478,0.131043,0.0393217,0.0293565,2.47401,18.6957,200.157,0.443478
0,14.1478,0,0,0,0,0,0,0,0.132222,0,0,0,0,0,0,0,0,0,0,0,0,0,0,0,0,0,0,0,0,0,0,0,0,0,0,0,0,0,0,0,0,0,0,0.132222,0,0,0,0,0,0,0,0,0,1.77778,4.88889,9.02778,0
0.124369,0.15301,0.389223,0.138932,0.297961,0.119612,0.088835,0.185922,0.42767,0.51534,0.123107,0.532718,0.128447,0.0634951,0.135728,0.270291,0.145631,0.371553,1.42854,0.176796,0.934078,0.91165,0.12466,0.198058,0.470777,0.150583,0.0302913,0.0246602,0.00553398,0.0266019,0.0197087,0.00184466,0.122816,0.00368932,0.124757,0.0316505,0.136505,0.00174757,0.0326214,0.0313592,0.00932039,0.0270874,0.00524272,0.0121359,0.0366019,0.0365049,0.00640777,0.0286408,0.0586214,0.106913,0.043534,0.362107,0.180175,0.104767,4.71909,77.699,971.097,0.68932
0.151343,0.146716,0.826866,0.00283582,0.707612,0.520149,0.272836,0.136716,0.56597,0.458209,0.203284,0.601194,0.150746,0.0797015,0.967015,0.304776,0.11209,0.760149,1.5091,0.820448,0.926119,0.0862687,0.517612,0.144478,0.051194,0.00134328,0.021791,0.00716418,0,0.00865672,0,0,0.00313433,0.00567164,0.00432836,0,0.0129851,0,0,0.0401493,0,0,0.0835821,0.0119403,0.0447761,0.0364179,0,0,0.00285075,0.0761343,0.0011194,0.448209,0.160104,0.019791,108.883,790.104,1415.94,0.985075
0.096,0.008,0.196,0.008,0.092,0.118,0,0.058,0.058,0.188,0.074,0.082,0.072,0,0.038,0.088,0.078,0.076,0.608,0.008,0.242,1.906,0.138,0.11,0,0,0,0,0,0,0,0,0,0.028,0,0.008,0,0,0.016,0,0,0,0,0,0.038,0,0,0,0.4302,2.0094,0.009,0.3924,0.375,0.4024,57.5034,2297.8,10648.8,1
0.349206,0.0593651,0.427143,0,0.256032,0.0296825,0.249524,0.08,0,0.101111,0.385556,0.981111,0.0606349,0.0863492,0,0.550635,0.124603,0.240794,2.30889,0,3.48794,0,0,0.33127,0.250476,0.02,0.0412698,0.0368254,0,0,0,0,0,0,0,0,0.0255556,0,0.0360317,0,0,0,0,0.0507936,0.159524,0.129841,0,0.0385714,0.00490476,0.053127,0,0.447429,0.0936667,0.00301587,5.17087,34.4921,60.8571,0.507937
0,0,0,0,0,0,0,0,0,0,0,0,0,0,0,0,0,0,0,0,0,0,0,0,0,0,0,0,0,0,0,0,0,0,0,0,0,0,0,0,0,0,0,15.83,0,0,0,0,0,0,0,0,0,0,1.475,2.5,5.25,0
0.117738,0.163214,0.409524,0,0.461429,0.12381,0.319167,0.137381,0.0692857,0.317143,0.14,0.527381,0.151786,0.0572619,0.0541667,0.320714,0.229405,0.278571,1.93845,0.140833,1.04298,0.0194048,0.282619,0.0730952,0.239048,0.0884524,0.0144048,0.126786,0.00714286,0.0746429,0.0145238,0.00714286,0.248929,0.00714286,0.113929,0.0794048,0.150357,0,0.00666667,0.0888095,0.00369048,0.0430952,0.00619048,0.017619,0.120595,0.0753571,0,0.0214286,0.0139643,0.0845714,0.00120238,0.464726,0.116238,0.0142976,4.69377,64.1548,196.06,0.654762
0.187889,0.126667,0.330222,0.00122222,0.353222,0.154667,0.077,0.169667,0.336889,0.330778,0.0954444,0.628444,0.0738889,0.124778,0.092,0.182444,0.333667,0.078,1.46611,0.211333,1.06722,0.348889,0.064,0.243333,0.842556,0.187556,0.0282222,0.0123333,0.00466667,0.0252222,0.0197778,0.00466667,0.101556,0.00588889,0.0197778,0.0588889,0.160778,0.0208889,0.0168889,0.0328889,0.0514444,0.144,0.0172222,0.0152222,0.0577778,0.0911111,0.00611111,0.012,0.1251,0.185444,0.0149222,0.273311,0.131233,0.0898667,4.2282,74.0778,628.533,0.5
0.126961,0.0665686,0.305588,0.0151961,0.287647,0.111961,0.0762745,0.127451,0.0559804,0.206961,0.0460784,0.489216,0.0947059,0.0341176,0.000882353,0.219608,0.183431,0.124314,1.48784,0.135098,0.689608,0.724118,0.15951,0.0721569,0.775,0.287647,0.101863,0.0388235,0.0617647,0.0463725,0.0526471,0.012451,0.0864706,0.0153922,0.035,0.0601961,0.247255,0.00186275,0.0165686,0.0294118,0.0485294,0.0326471,0.0376471,0.0697059,0.125,0.259412,0,0.0226471,0.247598,0.175078,0.0287549,0.204961,0.0940588,0.160637,3.78626,34.1373,314.696,0.460784
0,0,0,0,0,0,0,0,0,0,0,0,0,0,0,0,0,0,0,0,0,0,0,0,16.3043,1.09857,0,0,0,0,0,0,0,0,0,0,0,0,0,0,0,0,0,0,2.88357,0,0,0,0,0,0,0.0802143,0,0,4.16179,16.5714,25.5,0
0.0966842,0.113526,0.213474,0.00710526,0.32,0.0541053,0.111158,0.0901053,0.0312632,0.367842,0.0545789,0.598684,0.111211,0.00710526,0.0249474,0.110105,0.116,0.141105,1.60237,0.0483684,0.574789,0.00305263,0.0491579,0.0627895,0.651,0.423263,0.286053,0.337737,0.120053,0.170789,0.104895,0.0819474,0.0821579,0.0819474,0.168421,0.172,0.194158,0.00526316,0.145211,0.0844211,0.0337368,0.0741053,0.106368,0.0978947,0.251421,0.168158,0.0128421,0.0436316,0.0253789,0.1827,0.0135947,0.239542,0.0312,0.0150158,2.17769,11.1842,81.1053,0.268421
0.0759355,0.0749677,0.31871,0.0135484,0.383484,0.228968,0.139871,0.155226,0.0303871,0.264323,0.0386452,0.553548,0.100194,0.00896774,0.0134839,0.257806,0.119484,0.183871,1.68439,0.0110968,1.15806,0,0.117355,0.127097,0.594129,0.42,0.216,0.168774,0.105871,0.139935,0.0692258,0.052,0.0948387,0.05,0.121871,0.125548,0.118452,0.00148387,0.0747742,0.0625806,0.0512258,0.0400645,0.0745161,0.0279355,0.267548,0.111226,0.0133548,0.00774194,0.0304452,0.156245,0.0247032,0.203677,0.0548581,0.00950968,2.25808,15.0516,139.561,0.464516
0.121707,0.440976,0.342439,1.72976,0.936341,0.144634,0.696341,0.152683,0.0580488,0.375854,0.0426829,0.635854,0.190976,0.0819512,0,0.730488,1.53659,0.239024,2.09098,0.274146,1.82732,0,0.0192683,0.160976,0,0,0,0,0,0.0236585,0,0,0,0,0,0.0521951,0.113659,0.0380488,0,0.00829268,0,0,0,0,0.00829268,0,0,0,0,0.123293,0,0.729683,0.212683,0.0322927,9.20393,136.756,194.512,0.926829
0,0,0,0,0,0,0,0,0,0,0,0,0,0,0,0.327869,0,0,0,0,0,0,0,0,0,0.117049,20.1415,0,0,0,0,0,0,0,0,0,0,0,0,0,0,0.182131,0,0,0.0545902,0,0,0,0,0.0287541,0,0.00941803,0,0,1.20803,1.68033,5.45902,0
0.0292857,0.0671429,0.253571,0,0.705714,0.0692857,1.59143,0.773571,0.773571,0.880714,0.773571,0.582143,0,0.0764286,0,0.977143,2.15357,0.0642857,1.82643,0.773571,2.815,0,0.309286,0.105714,0.0207143,0.0207143,0.0207143,0.0414286,0,0,0,0,0,0.0207143,0.0414286,0,0.315,0,0.0764286,0,0,0,0,0,0,0,0,0,0,0.0775,0,0.696071,0.255143,0.0712857,64.0539,294.929,330.786,0.928571
0.129583,0.209722,0.431806,0.594583,0.276389,0.120139,0.0483333,0.112917,0.26,0.315694,0.0713889,0.80875,0.209028,0.125278,0.13,0.149583,0.144306,0.187083,1.73278,0.150972,0.950694,0,0.128194,0.174028,0.717361,0.12875,0.0215278,0.0234722,0.0144444,0.0180556,0.0204167,0.00222222,0.0694444,0.00222222,0.0355556,0.0625,0.0911111,0.00194444,0.0173611,0.035,0.00222222,0.0723611,0.0354167,0.0102778,0.0261111,0.00166667,0,0.0213889,0.140569,0.130917,0.017875,1.03196,0.256306,0.0185694,4.10265,61.0833,755.875,0.597222
0.106145,0.108434,0.363133,0,0.538072,0.120241,0.110723,0.137349,0.0720482,0.272048,0.101807,0.629157,0.0643373,0.013012,0,0.335542,0.336506,0.278795,1.92313,0.138434,0.992771,0.126506,0.199518,0.0848193,0.239639,0.0840964,0.0333735,0.0287952,0.0046988,0.0445783,0.0046988,0.00843373,0.0259036,0.0122892,0.0449398,0.0796386,0.109157,0.000843373,0.0228916,0.0440964,0,0.020241,0.0177108,0.0207229,0.224337,0.277831,0,0.0291566,0.0591687,0.109494,0.00918072,0.327831,0.121036,0.0558795,4.18749,66.6988,262.494,0.650602
0,0.0516471,0.18,0,0.277176,0.0442353,0.0852941,0.157529,0.0391765,0.0831765,0.0107059,0.584588,0.0301176,0.102353,0,0.264118,0.0627059,0.168824,1.80106,0,0.507765,0,0.0910588,0.264118,0.665059,0.553647,0.161529,0.178353,0.177059,0.114235,0.0878824,0,0.042,0,0.143294,0.0561176,0.172941,0.0470588,0.156941,0.0261176,0.164706,0.331294,0.0544706,0.113529,0.570588,0.131059,0,0.0736471,0.0823059,0.104165,0.0289882,0.355953,0.0504353,0.0572706,2.68564,11.7412,27.8824,0.4
0.153478,0.124783,0.265435,0.00804348,0.295435,0.106304,0.0395652,0.230435,0.203696,0.299348,0.0923913,0.540435,0.148261,0.0695652,0.0623913,0.32413,0.210435,0.185652,1.49261,0.128696,0.707826,0.652609,0.261522,0.233478,0.461087,0.0893478,0.00586957,0.00543478,0.00326087,0.023913,0.0104348,0,0.0884783,0.00282609,0.0106522,0.118043,0.160217,0.00934783,0.0213043,0.0245652,0.0193478,0.00326087,0.0073913,0.0245652,0.0297826,0.0973913,0.0023913,0.0397826,0.0394565,0.123587,0.0373696,0.200739,0.163326,0.101739,5.77274,124.522,1677.87,0.543478
0,0,0,0,0.194583,0,0,0,0,0,0,0.115417,0,0,0,0,0,0.2975,0.355,0,0.109583,0,0,0,7.77917,3.8875,3.59,3.8875,3.70583,3.8875,3.8875,3.59,0,3.59,3.8875,3.8875,0,0,0,3.59,0,0.17,0,0.109583,0,0,0,0,0,1.02562,0,0.0199583,0,0,3.07167,10.9167,32.0833,0
0.067963,0.133889,0.306481,0.0111111,0.328889,0.112685,0.114167,0.121111,0.0502778,0.294537,0.070463,0.518981,0.199259,0.0362963,0.0959259,0.179074,0.120926,0.297037,1.37259,0.0538889,0.822222,0.338611,0.139352,0.0760185,0.677593,0.307778,0.168981,0.115185,0.100463,0.103519,0.0552778,0.0625,0.0887037,0.0625,0.0731481,0.0991667,0.165185,0.0140741,0.0696296,0.0835185,0.0148148,0.0280556,0.0834259,0.0562037,0.117407,0.0633333,0,0.0182407,0.044287,0.178759,0.0267407,0.176417,0.115481,0.0446389,2.99014,24.7593,247.565,0.527778
0.16871,0.113978,0.379892,0.0326882,0.285591,0.101398,0.0808602,0.157419,0.179677,0.353118,0.101505,0.455914,0.116452,0.0294624,0.091828,0.325914,0.223763,0.253871,1.58419,0.209677,0.966344,0.523011,0.17129,0.116559,0.437957,0.217527,0.0816129,0.113548,0.0466667,0.0646237,0.0349462,0.0274194,0.0283871,0.0274194,0.0724731,0.0746237,0.11957,0.0410753,0.0451613,0.0988172,0.0367742,0.0810753,0.0437634,0.012043,0.0864516,0.0677419,0.0311828,0.0436559,0.230516,0.162194,0.0174516,0.323548,0.192473,0.112828,3.78257,48.8495,373.624,0.55914
0.185204,0.0796939,0.298724,0,0.456684,0.0688265,0.113418,0.10898,0.0415306,0.134898,0.0211224,0.44949,0.0705612,0.0129082,0.0233163,0.364898,0.191429,0.167143,1.72847,0.0304592,0.890153,0.0341837,0.157092,0.0446429,0.45852,0.355,0.238776,0.166684,0.0741837,0.100918,0.0520918,0.0546429,0.0710204,0.0661224,0.134898,0.123622,0.140306,0.00367347,0.114949,0.0573469,0.032551,0.0318367,0.0775,0.0597449,0.254847,0.101531,0.000969388,0.0583163,0.0212092,0.141071,0.0210102,0.351403,0.0923316,0.0275969,2.63657,20.8929,118.505,0.520408
0.130804,0.0922613,0.279849,0,0.28191,0.0409045,0.0130151,0.0678894,0.00984925,0.121005,0.00482412,0.522513,0.0557789,0.079196,0,0.300553,0.0221608,0.191407,1.42548,0.104925,0.495327,0,0.0106533,0.0541709,0.125025,0.0655276,0.624171,0,0.327236,0.0209045,0,0,0.281206,0,0.100503,0.00502513,0,0.0555779,0.059196,0.0058794,0.195276,0.584322,0.0179397,0.143065,0.610201,0.513719,0.0146734,0.0418593,0.0285879,0.102749,0.0127136,0.153286,0.00894975,0,1.52307,3.33668,12.1457,0.0653266
0.0721519,0.162911,0.355823,0.0146835,0.53557,0.109494,0.265316,0.139114,0.0697468,0.22443,0.115443,0.66924,0.0783544,0,0.188101,0.291519,0.282405,0.392152,2.08886,0.358734,1.22101,0.149494,0.283924,0.11481,0.311519,0.143165,0.0773418,0.133797,0.0293671,0.117215,0.0293671,0.0293671,0.0202532,0.0293671,0.0635443,0.054557,0.0825316,0,0.137595,0.0949367,0.0134177,0.0360759,0.00455696,0,0.188101,0.0451899,0,0.00417722,0.00332911,0.132646,0.00182278,0.297633,0.0907722,0.0383924,5.63576,56.2785,143.557,0.658228
0.104713,0.0945977,0.255517,0,0.378966,0.119195,0.132299,0.123161,0.035977,0.241264,0.0836782,0.574138,0.0613793,0.0300575,0.0781034,0.337529,0.122701,0.21431,1.71345,0.0294253,0.861724,0.0271264,0.0883333,0.0815517,0.735575,0.396897,0.242931,0.261839,0.0975287,0.157184,0.0705747,0.0872414,0.093908,0.0872414,0.121437,0.182069,0.159943,0.0113218,0.119598,0.0735632,0.0467241,0.0436207,0.118851,0.13523,0.238621,0.277356,0.0133333,0.0172989,0.0244023,0.144425,0.0154483,0.182494,0.0530977,0.0525115,2.14888,11.8046,100.063,0.367816
0.119727,0.0696364,0.281273,0.114091,0.299636,0.110182,0.0579091,0.157182,0.198,0.277455,0.0676364,0.741364,0.107091,0.0985455,0.0206364,0.166909,0.190273,0.116364,1.37845,0.0904545,1.09436,0.242273,0.185818,0.0963636,0.747909,0.184909,0.0126364,0.019,0.0169091,0.0305455,0.00227273,0,0.0972727,0,0.0245455,0.0629091,0.155727,0.0113636,0.0298182,0.0119091,0.0670909,0.0721818,0.00763636,0.0183636,0.072,0.270545,0.0232727,0.0193636,0.0450636,0.158255,0.0204273,0.226427,0.0648455,0.0477,4.25983,54.9636,537.164,0.581818
0.0386957,0.37913,0.308478,0.872391,0.553696,0.189783,0.728478,0.071087,0.236304,0.333043,0.0326087,0.707826,0.0530435,0.013913,0.02,0.349565,0.196739,0.328261,2.0513,0.0276087,1.15217,0,0.0752174,0.0843478,0.116304,0.0108696,0.249565,0.0306522,0.0108696,0.00543478,0.157391,0,0,0.0134783,0.061087,0.0115217,0.0386957,0,0.0408696,0.413043,0,0.00434783,0,0,0.19913,0.00956522,0,0.0217391,0.0105435,0.186043,0.0141739,0.3,0.0691304,0.0401957,13.2332,165.022,408.63,0.630435
0.0848026,0.171711,0.318289,0,0.390526,0.181053,0.119342,0.0844079,0.0538816,0.217566,0.0461842,0.583553,0.0678289,0.00348684,0.0101974,0.205066,0.119539,0.167697,1.49243,0.0946711,0.986908,0.00815789,0.140987,0.0694079,0.697961,0.360592,0.244474,0.16,0.107632,0.134671,0.0734211,0.0794737,0.102105,0.0794737,0.135395,0.109079,0.261842,0,0.140987,0.0934868,0.140329,0.0778947,0.123684,0.0285526,0.238355,0.263816,0.00447368,0.0295395,0.0556645,0.164342,0.0238289,0.191053,0.0843816,0.0271974,2.69489,20.8882,164.882,0.434211
0.4672,0.7208,0.7428,0.3664,0.3468,0.2716,0.0656,0.4024,0.4188,1.3644,0.0604,1.4292,0.1212,0.2716,0.3344,0.2872,0.1692,0.6348,2.064,0.3444,3.2556,0.0152,0.5196,0.2464,0,0,0,0,0,0,0,0,0.0132,0,0.0508,0.0168,0.0148,0,0,0,0,0,0.0076,0,0.0248,0,0,0,0.027,0.14768,0.06472,0.95372,0.17836,0.06036,39.2918,602.2,882.64,1
0.0773418,0.0316456,0.236962,0,0.108861,0.0451899,0,0,0.0229114,0.346835,0,0.131392,0.0702532,0,0,0.144177,0,0.0274684,6.99924,0,1.24241,0,0,0.281646,0.0229114,0,0.898987,0,0.0468354,0,0,0,0.0791139,0,0,0,0,0,0.0549367,0,0,0,0,0,1.21734,0.642532,0.0274684,0.0602532,0.014443,0.0540253,0,0.178241,0,0,1.18848,1.83544,6.81013,0.0759494
0.30617,0.144894,0.280426,0.0917021,0.0723404,0.106809,0.0193617,0.139787,0.221064,0.399574,0.144681,0.630213,0.341064,0.652766,0.0255319,0.158936,0.276596,0.12,1.86936,0.0476596,0.868511,0.0334043,0.447021,0.28766,0.0951064,0.0604255,0.00510638,0.00148936,0.00212766,0.00382979,0,0,0.309362,0,0,0.0297872,0.176383,0.00148936,0.00659574,0.017234,0.0246809,0.00765957,0.00446809,0.0159574,0.0421277,0.0568085,0.00978723,0.0502128,0.0292553,0.115766,0.00757447,0.24734,0.329319,0.0877872,5.44715,185.447,3357.47,0.744681
0.024689,0.0635885,0.280574,0,0.326603,0.0422488,0.0757416,0.0370335,0.0155024,0.160861,0.0145933,0.908038,0.083445,0.108421,0,0.113636,0.0436364,0.179904,1.9733,0.0288038,0.451914,0,0,0.0611962,0.172871,0.107943,0.342488,0.0488995,0.140383,0.101914,0,0,0.081244,0,0.038756,0.0155024,0.0810526,0.0207656,0.0947847,0.0045933,0.0574163,0.311244,0.0637321,0.124354,0.426124,0.186507,0,0.0463636,0.0150335,0.117416,0.0159665,0.284201,0.00520574,0.000588517,1.60358,4.55981,18.7799,0.124402
0.0916176,0.263824,0.393235,0,0.111765,0.0791176,0.277206,0.0991176,0.0719118,0.723824,0.0225,0.523676,0.0661765,0.0419118,0,0.181029,0,0.0583824,2.56015,0,0.914118,0,0.0329412,0.151324,0.34,0.160294,0.386176,0.277794,0.0192647,0.0480882,0.0667647,0,0.0791176,0,0,0.0611765,0.326029,0.00602941,0.5275,0.0611765,0.0491176,0,0.0276471,0.110588,0.423676,0.346176,0,0,0.0377059,0.209485,0.00372059,0.181426,0.147544,0.0330588,3.25751,19.4559,39.9265,0.397059
0,0,0,0,0.769231,0,0,0,0,0,0,0,0,0,0,0,0,0,0,0,0,0,0,0,8.54692,4.37077,0.854615,0,0,0,0,0,0,0,0,0.591538,0,0,0,0,0,1.11462,0,0.103846,0,0,0,0,0,0,0,0,0,0,1.38008,2.30769,6.07692,0
0,0,0,0,0,0,0,0,0,0,0,0,0,0,0,0,0,0,3.42375,0,0,0,0,0,0,0,0,0,0,0,0,0,0,0,0,0,0,0,1.38875,0,0,0,0,0,14.6637,0,0,0,0,0.285625,0,5.217,0,0,1.46187,2.875,7.375,0
0.219062,0.405938,0.650312,0.0734375,0.365938,0.18125,0.319688,0.125625,0.314063,0.860625,0.215625,0.77125,0.14375,0.096875,0.270625,0.930625,0.3275,0.23875,1.85531,0.145,1.52562,0.0053125,0.193438,0.223438,0.299375,0.13875,0.0075,0,0,0.0228125,0,0,0.0421875,0,0.0225,0.0146875,0.12125,0.026875,0.0075,0.0228125,0,0.0228125,0.010625,0.0153125,0.110625,0.0446875,0,0.0240625,0.0094375,0.125656,0.00465625,0.753812,0.231156,0.0675,25.445,340.531,656.719,0.9375
0,0,0.0346154,0,0.28787,0.0377515,0,0.0657396,0,0.0256805,0,0.119941,0,0.063432,0,0.0381657,0,0.045503,0.263491,0,0.290414,0,0,0,0.0412426,0.0155621,0.474556,0,0.0281657,0,0.0739645,0,0,0,0,0,0,0.0874556,0,0,0,0.34426,0,0.0644379,0.684556,0.33142,0,0.108462,0.00399408,0.0929704,0.0570118,0.179148,0,0,1.19094,1.6213,5.21302,0.0414201
0.126476,0.101714,0.267905,0.496667,0.480381,0.123143,0.0544762,0.106381,0.16381,0.195714,0.109333,0.711048,0.154762,0.0379048,0.0592381,0.203905,0.268857,0.18581,1.8041,0.0762857,0.794667,0.782952,0.214476,0.143238,0.614762,0.118,0.0186667,0.0177143,0.0244762,0.0100952,0.0129524,0.0159048,0.0847619,0.00828571,0.0291429,0.0762857,0.10019,0.0266667,0.0169524,0.00780952,0.012381,0.0408571,0.0180952,0.00580952,0.0585714,0.0514286,0.00838095,0.0162857,0.100857,0.10739,0.00714286,0.18681,0.101133,0.0815905,3.86972,41.1714,452.543,0.609524
0.0721591,0.0752273,0.200682,0,0.163636,0.0255682,0.0936364,0.395114,0.124886,0.08625,0.0326136,0.307159,0.0156818,0.212386,0,0.470114,0.151364,0.110682,1.21114,0.0346591,0.7825,0.0667045,0.187841,0.0698864,0.290227,0.297045,0.176932,0.0856818,0,0.0378409,0.0178409,0.0268182,0.0519318,0.0268182,0.0603409,0.117045,0.109205,0,0.0257955,0.0179545,0,0.0405682,0.0154545,0.0214773,0.388182,0.0420455,0,0.0188636,0.00686364,0.146841,0.0109432,0.37867,0.118432,0.0120455,3.94894,27.5568,83.0227,0.715909
0.0928986,0.0873913,0.265942,0.277681,0.258841,0.0771014,0.065942,0.0634783,0.295217,0.362899,0.0817391,0.461304,0.134783,0.145797,0.093913,0.283913,0.0591304,0.246812,1.34826,0.248696,0.882464,0.87,0.0985507,0.0943478,0.372899,0.174783,0.0310145,0.0185507,0.00855072,0.016087,0.0324638,0.00130435,0.0776812,0.00130435,0.10058,0.0236232,0.166522,0.00057971,0.0166667,0.0389855,0.00971014,0.0353623,0.00869565,0.0111594,0.0413043,0.0491304,0.015942,0.0382609,0.0344928,0.153725,0.0202754,0.224087,0.127522,0.104116,6.15028,101.159,1231.72,0.594203
0.07,0.0739744,0.207308,0,0.335128,0.148974,0.206795,0,0.0591026,0.319231,0.0348718,0.365897,0.200897,0.0220513,0,0.504872,0.0620513,0.170513,2.15397,0.164103,0.798333,0.0332051,0.00423077,0.171538,0.0769231,0.0885897,0.0457692,0.0533333,0,0.0189744,0,0,0.0475641,0,0.0344872,0.0367949,0.0260256,0,0.0103846,0.0174359,0.00333333,0.076282,0.00897436,0.0416667,0.331795,0.413333,0,0,0.00933333,0.0483974,0.00248718,0.229192,0.0359359,0.289859,4.82238,52.8333,99.6538,0.461538
0,0,0,0,0,0,0,0,0,0,0,0,0.444,0,0,0,0,0,3.234,0,0,0,0,0,0,0,7.59,0,0,0,0,0,0,0,0,0,1.91,0,0.392,0,0,0,0,0,1.91,0,0,0,0,0,0,0,0,0,1.7216,6,22,0
