0.0904371,0.233937,0.247841,0.0232693,0.298098,0.0782339,0.106019,0.0895304,0.0335794,0.195192,0.041834,0.516288,0.0794005,0.0383255,0.023228,0.241267,0.111155,0.162531,1.6712,0.04601,0.734303,0.0115889,0.0668133,0.0721441,0.580106,0.309773,1.02713,0.159755,0.127611,0.129947,0.0796426,0.0609096,0.104312,0.0614826,0.127224,0.11337,0.138048,0.0144625,0.0984318,0.0714146,0.0517513,0.164962,0.0543621,0.101403,0.380591,0.207773,0.00465446,0.0344832,0.0203178,0.136974,0.0159084,0.238713,0.0461607,0.0313565,2.42714,16.1937,75.5065,0.302422
0.12,0.01,0.245,0,0.115,0.1475,0,0.0725,0.0725,0.235,0.0925,0.1025,0.09,0,0.0475,0.105,0.0975,0.095,0.755,0.01,0.3025,2.3825,0.1725,0.1375,0,0,0,0,0,0,0,0,0,0.035,0,0.01,0,0,0.02,0,0,0,0,0,0.0475,0,0,0,0.28175,0.07375,0.0105,0.105,0.0225,0.0035,11.9865,375,10795.5,1
0,0,0,0.04,0,0,0,0,0,0,0,0,0,0,0,0.02,0,0,0.02,0,0,0,0,0,0,0,0,0,0,0,0,0,0,0,0,0,0,0,0,0,0,0,0,0,0,0,0,0,1.024,9.752,0.003,1.542,1.785,1.998,239.571,9989,10062,1
0.10307,0.153596,0.371316,0.334561,0.287982,0.105614,0.0738158,0.127851,0.353421,0.419254,0.0935088,0.5825,0.136228,0.104211,0.129123,0.242368,0.115702,0.29,1.50781,0.180439,0.925351,0.695175,0.115263,0.148991,0.450921,0.152982,0.0284211,0.024693,0.00824561,0.021886,0.0247368,0.00192982,0.0907018,0.00276316,0.094693,0.0280263,0.129868,0.00157895,0.0222807,0.0363596,0.00785088,0.0454386,0.0119737,0.0123246,0.034693,0.031886,0.0077193,0.025614,0.0791272,0.127425,0.0317149,0.529364,0.194789,0.0819298,5.02782,77.2061,1009.39,0.644737
0.171667,0.166458,0.672813,0.0986458,0.607083,0.410937,0.212813,0.195417,0.482187,0.470938,0.18875,0.601042,0.182188,0.0794792,0.715521,0.342188,0.195417,0.621979,1.70437,0.671042,0.978958,0.278854,0.483021,0.203125,0.0601042,0.0191667,0.0166667,0.00354167,0,0.0084375,0,0,0.0136458,0.00135417,0.00520833,0.0348958,0.0445833,0.0028125,0.0110417,0.03625,0,0,0.0642708,0.010625,0.0439583,0.0330208,0.000625,0.0075,0.0134792,0.0875417,0.0119687,0.399562,0.167052,0.0596875,56.4367,575.677,1434.95,0.927083
0.305217,0.146304,0.278913,0.0936957,0.0663043,0.10913,0.0197826,0.131522,0.212609,0.37,0.14413,0.638261,0.331304,0.666957,0.0204348,0.162391,0.267391,0.115,1.85261,0.0486957,0.843261,0.0341304,0.443478,0.278696,0.0971739,0.0617391,0.00521739,0.00152174,0.00217391,0.00391304,0,0,0.316087,0,0,0.0286957,0.180217,0.00152174,0.005,0.013913,0.0252174,0.00782609,0.00456522,0.0163043,0.0393478,0.0580435,0.01,0.0513043,0.0298913,0.116522,0.00773913,0.24063,0.334978,0.0894565,5.14743,164.043,3362.72,0.73913
0.120342,0.122814,0.321954,0.177445,0.36627,0.125628,0.158402,0.144781,0.172568,0.274645,0.0956284,0.597158,0.104317,0.0556011,0.039918,0.253689,0.268333,0.192077,1.62199,0.157937,0.986107,0.430806,0.154249,0.129112,0.57597,0.168265,0.0598361,0.0370902,0.0285109,0.0351366,0.0304098,0.0133743,0.0661202,0.0145219,0.0407514,0.0676913,0.14724,0.0135792,0.0287158,0.0565437,0.0296175,0.0528005,0.0247131,0.0206011,0.104904,0.143224,0.00941257,0.0250683,0.113708,0.149385,0.0174495,0.268171,0.116141,0.0805765,5.94883,68.0751,422.329,0.581967
0.247451,0.224118,0.290588,0.00372549,0.212745,0.0696078,0.0347059,0.133529,0.313922,0.389412,0.166275,0.56451,0.288039,0.54,0.0598039,0.239608,0.26,0.108039,1.90961,0.0384314,0.86902,0.120392,0.273529,0.276471,0.384314,0.097451,0.00294118,0.00196078,0.00333333,0.0154902,0.00705882,0,0.147843,0,0.00862745,0.0586275,0.170784,0.00529412,0.0117647,0.0168627,0.0205882,0.0045098,0.00960784,0.0172549,0.045098,0.0876471,0.00235294,0.0358824,0.0400392,0.116706,0.0180196,0.270471,0.325118,0.0834706,5.33257,228.196,2186.45,0.647059
0.351731,0.532692,0.708846,0.0357692,0.364808,0.223077,0.203846,0.250192,0.374038,1.09096,0.158077,1.09865,0.135385,0.185769,0.299231,0.649808,0.205192,0.401346,1.94462,0.232115,2.37981,0.0105769,0.353462,0.229038,0.184231,0.0853846,0.00461538,0,0,0.0140385,0,0,0.0323077,0,0.0357692,0.0126923,0.0773077,0.0165385,0.00461538,0.0140385,0,0.0140385,0.00653846,0.00942308,0.0705769,0.0275,0,0.0148077,0.00834615,0.142673,0.0339808,0.879192,0.221,0.0680577,33.2948,456.75,742.404,0.961538
0.266,0.234,0.34,0.038,0.36,0.018,0,0.252,0.396,0.846,0.092,0.18,0.216,0,0.13,0.058,0.298,0.24,1.43,0.094,0.9,0,0.492,0.418,0.038,0,0,0.038,0,0,0,0,0,0.076,0,0.064,0,0,0.034,0.22,0,0,0,0,0.072,0,0,0,0.023,0.06,0,0.3632,0.3368,0.0104,444.295,1618.4,2533.2,1
