0.0853571,0.0874838,0.219886,0.00435065,0.277354,0.0662987,0.130097,0.146786,0.0470942,0.246867,0.0521266,0.535308,0.0962175,0.046461,0.0431169,0.269269,0.125146,0.191672,1.70813,0.0481331,0.756104,0.0223377,0.0773377,0.0656169,0.598084,0.364838,0.210617,0.247127,0.0815909,0.12974,0.0667695,0.0613961,0.0877922,0.0613961,0.133701,0.139286,0.194529,0.00422078,0.102873,0.0560065,0.0309416,0.0717045,0.089789,0.0964286,0.290828,0.237532,0.00912338,0.028263,0.0197273,0.162133,0.0139919,0.247437,0.0529107,0.0268669,2.7225,17.8701,82.6786,0.383117
0.295,0.045,0.275,0,0.145,0.045,0,0.37,0.295,1.045,0.145,0.12,0.145,0,0.195,0.045,0.395,0.425,2.06,0.045,0.845,0,0.925,0.495,0,0,0,0,0,0,0,0,0,0,0,0.12,0,0,0.045,0.465,0,0,0,0,0.095,0,0,0,0.0575,0.0745,0,0.2145,0.078,0.0055,39.1215,1338,2651,1
0.19,0,0.38,0,0,0.19,0,0,0,0,0.19,0.19,0,0,0,0.38,0,0.19,1.14,0,0.38,0,0,0,0,0,0,0,0,0,0,0,0,0,0,0,0,0,0,0,0,0,0,0,0,0,0,0,0.01,0.01,0,0,0,0.003,2.383,21,15841,1
0.151455,0.0825455,0.308182,0.00290909,0.3,0.109273,0.109636,0.122,0.534,0.439273,0.101091,0.547455,0.108909,0.0578182,0.0592727,0.324727,0.0649091,0.421636,1.54582,0.249636,1.07473,0.808364,0.106182,0.184909,0.412,0.190545,0.0209091,0.0132727,0.00163636,0.0218182,0.0194545,0.00163636,0.121818,0.00163636,0.152727,0.0258182,0.184182,0.000909091,0.02,0.0272727,0.0238182,0.0516364,0.00854545,0.0249091,0.0247273,0.0934545,0.0241818,0.0410909,0.0644,0.135836,0.0660545,0.380255,0.1912,0.0782909,4.31489,62.8,1084.07,0.636364
0.21,0.448824,0.646471,0.0823529,0.291176,0.0241176,0.437647,0.0335294,0.169412,0.931176,0.145294,0.911765,0.0476471,0.0776471,0.177059,1.51235,0.374706,0.0370588,1.97235,0.135882,1.54941,0,0.0482353,0.146471,0.0317647,0.0470588,0.0170588,0.0341176,0,0,0,0,0,0.0170588,0.0341176,0.0135294,0.0358824,0,0,0,0,0,0,0,0.120588,0,0,0.0452941,0.0170588,0.0634706,0,0.830765,0.316118,0.0754118,40.6247,379.294,549.412,0.882353
0.29,0.04,0.04,0,0.14,0.04,0,0.29,0.29,0.94,0.14,0.04,0.14,0,0.19,0.04,0.39,0.19,1.6,0.04,0.79,9.53,0.69,0.47,0,0,0,0,0,0,0,0,0,0,0,0.04,0,0,0.04,0,0,0,0,0,0.19,0,0,0,1.117,0.053,0,0.356,0.09,0.011,12.332,1171,9163,1
0.182903,0.151935,0.313871,0.00677419,0.345806,0.127097,0.0496774,0.270323,0.279032,0.425161,0.11,0.575484,0.190323,0.0764516,0.0945161,0.337419,0.22871,0.220645,1.91258,0.157742,0.991935,1.15935,0.353871,0.310968,0.166452,0.0909677,0.00580645,0.00548387,0,0.01,0.00387097,0,0.0351613,0.00419355,0.00387097,0.103548,0.116452,0.00870968,0.0122581,0.0222581,0,0,0.00258065,0.0125806,0.0348387,0.0235484,0.00193548,0.0187097,0.0291613,0.113065,0.0388065,0.253194,0.226097,0.148097,6.71868,134.452,1557.35,0.741935
0.311429,0.207143,1.07571,0,1.30571,0.0628571,0.265714,0.125714,0.358571,1.30714,0.0957143,0.347143,0.11,0,0.315714,0.27,0,0.365714,1.48857,0.498571,1.66714,0,0.125714,0.125714,0.201429,0,0,0,0,0,0,0,0,0,0,0,0,0,0,0.125714,0,0,0,0,0,0,0,0,0,0.0171429,0,0.705857,0.098,0,233.05,1105,1383.71,1
0,0,0,0.04,0,0,0,0,0,0,0,0,0,0,0,0.02,0,0,0.02,0,0,0,0,0,0,0,0,0,0,0,0,0,0,0,0,0,0,0,0,0,0,0,0,0,0,0,0,0,1.024,9.752,0.003,1.542,1.785,1.998,239.571,9989,10062,1
0.0936364,0.0972727,0.244545,0.00545455,0.328182,0.147273,0.0609091,0.233636,0.0872727,0.245455,0.0709091,0.462727,0.166364,0.07,0.0527273,0.602727,0.295455,0.218182,1.48182,0.111818,0.62,0.236364,0.23,0.161818,1.26909,0.07,0.00181818,0,0.00181818,0.03,0,0,0.05,0,0.0218182,0.151818,0.115455,0.00181818,0.0254545,0.0554545,0.0318182,0.00909091,0.00909091,0.0363636,0.0381818,0.133636,0,0.0809091,0.0214545,0.100273,0.0146364,0.285636,0.110909,0.101091,5.81055,143.091,2014.27,0.545455
0,0.02,0.05,0,0.02,0,0,0.05,0,0.35,0,0.02,0,0,0,0.05,0.1,0.38,0.07,0.2,0.17,0,0,0,0.02,0,0,0,0,0,0,0,0,0,0,0,0,0,0,0,0,0,0,0,0,0,0,0,0,0.004,0,0.108667,0.0173333,0.0173333,3.922,489,3271,1
0.11766,0.13383,0.782128,0,0.657447,0.638723,0.330426,0.119574,0.592553,0.263191,0.259787,0.715319,0.192553,0.113617,1.20809,0.371489,0.125319,0.928085,1.70574,0.962128,0.909787,0.122979,0.659149,0.165957,0.00191489,0.00191489,0,0,0,0,0,0,0.00446808,0,0.00617021,0,0,0,0,0.0323404,0,0,0.106383,0.0170213,0.0638298,0.0519149,0,0,0.000255319,0.0891702,0.00159574,0.39517,0.156766,0.0258723,8.98434,623.298,1418.36,1
0.069,0.065,0.198,0.01,0.133,0.063,0,0.074,0.039,0.094,0.053,0.541,0.015,0.036,0.002,0.219,0.123,0.123,0.462,0.05,0.2,0.354,0.052,0.01,0.253,0.099,0.009,0.008,0.013,0.046,0.036,0,0.254,0,0.013,0.118,0.265,0.016,0.032,0.027,0.054,0.007,0.016,0.034,0.015,0.232,0.005,0.036,0.0891,0.1664,0.0429,0.059,0.0198,0.0424,3.5294,96.1,1787.4,0.1
0.142989,0.103793,0.351667,0.0218966,0.302184,0.0983333,0.100057,0.15092,0.0863218,0.324483,0.0731034,0.466667,0.107759,0.0326437,0.041954,0.301839,0.233506,0.214655,1.6219,0.172931,0.852529,0.645402,0.16,0.0875862,0.589483,0.227414,0.0694828,0.0490805,0.0446552,0.0522414,0.0377586,0.0101724,0.0567816,0.0118966,0.0547126,0.0556897,0.209138,0.00609195,0.0274713,0.0433333,0.0337931,0.0401724,0.0348851,0.048908,0.12569,0.29408,0.0166667,0.0426437,0.221172,0.155966,0.0199483,0.284339,0.151,0.146483,4.1689,48.6437,323.759,0.534483
0.278235,0.17,0.257059,0,0.0705882,0.0882353,0.0270588,0.121765,0.234118,0.387059,0.13,0.641176,0.292941,0.65,0.02,0.115294,0.227059,0.0782353,1.87059,0.00588235,0.904118,0.0752941,0.547647,0.262941,0.231176,0.138235,0.00941176,0.00176471,0.00176471,0.01,0,0,0.394706,0,0,0.0270588,0.192353,0.00294118,0.01,0.00588235,0.0188235,0.01,0.00352941,0.0217647,0.0447059,0.0352941,0.00764706,0.0282353,0.0270588,0.108118,0.00817647,0.180118,0.327765,0.0874118,5.91071,141.529,3254.24,0.764706
0,0,0,0,0,0,0,0,0,0,0,0,0,0,0,0.3125,0,0,0.142031,0,0,0,0,0,0.0867969,0.111562,19.613,0,0,0,0,0,0,0,0,0,0,0,0,0,0,0.173594,0,0,0.123047,0,0,0,0,0.0274062,0,0.0274766,0,0,1.19828,1.64844,5.44531,0
0.466,0.398,0.343,0,0.252,0.046,0.025,0.169,0.564,0.602,0.302,0.655,0.582,1.108,0.202,0.203,0.393,0.129,2.952,0.032,1.3,0,0.587,0.498,0,0,0,0,0,0,0,0,0,0,0.006,0,0,0,0,0.006,0,0,0.012,0,0.041,0.006,0,0,0.0086,0.0839,0,0.4366,0.6352,0.1195,7.2398,663.1,2384.7,1
0.01,0.01,0.07,0,0.05,0,0,0.01,0.03,0.13,0.05,0,0,0.05,0,0,0.01,0.07,0.01,0,0.01,0,0,0,0,0,0,0,0,0,0,0,0.07,0,0,0.13,0,0,0,0.01,0.46,0,0,0.03,0,0.8,0.01,0.07,0.05,0.301,0.131,0.002,0.09,0.002,2.577,82,5395,0
0.114643,0.0701786,0.253571,0.472589,0.423304,0.129107,0.0383036,0.134018,0.134196,0.161071,0.06875,0.565893,0.13,0.02875,0.0265179,0.201875,0.258571,0.147054,1.71179,0.0942857,0.739018,0.475804,0.186875,0.0951786,0.647232,0.189196,0.0582143,0.0721429,0.0550893,0.0489286,0.023125,0.023125,0.0464286,0.023125,0.0522321,0.0900893,0.126161,0.0461607,0.0459821,0.0492857,0.0222321,0.0580357,0.0452679,0.00553571,0.0859821,0.0717857,0.00785714,0.023125,0.160152,0.130911,0.0134196,0.173286,0.0944554,0.0508393,3.32118,40.6786,417.607,0.517857
0,0,0.28,0,0.16,0.18,0,0,0,0,0.02,0.09,0.11,0,0,0,0,0,0.14,0,0.02,0,0,0.04,0,0,0,0,0,0,0,0,0,0.07,0,0,0,0,0.02,0,0,0,0,0,0,0,0,0,0,0.116,0.021,0.032,0,0,16.6155,154,9089,1
0.5,0.626667,0.753333,0,0.373333,0.126667,0,0.246667,0.246667,1.38333,0.246667,2.27333,0,0.246667,0,0.246667,0,0,2.15,0,4.04333,0.126667,0.246667,0,0,0,0,0,0,0,0,0,0,0,0,0,0.123333,0,0,0,0,0,0,0,0,0,0,0,0,0.172333,0,0.872667,0.131,0.064,70.3683,807.333,965.667,1
0.130263,0.206316,0.413684,0,0.246316,0.112632,0.0435526,0.103684,0.302105,0.295263,0.0636842,0.756711,0.197368,0.157237,0.127368,0.128816,0.141447,0.177895,1.65211,0.147368,0.929474,0,0.119737,0.163684,0.765921,0.153158,0.0321053,0.0213158,0.0147368,0.0239474,0.0147368,0.00565789,0.0796053,0.00565789,0.0264474,0.0632895,0.11,0.00184211,0.0134211,0.0353947,0.00986842,0.126711,0.0425,0.00973684,0.0278947,0.0147368,0.00605263,0.0209211,0.158711,0.149618,0.0204079,0.971987,0.238605,0.0209868,4.01221,61.5921,739.158,0.539474
0.11719,0.107686,0.262231,0.103719,0.329091,0.106364,0.0622314,0.111653,0.216529,0.324793,0.104628,0.78843,0.118182,0.0638843,0.0566116,0.159587,0.15,0.177603,1.57455,0.0827273,0.978678,0.61595,0.184298,0.125868,0.605372,0.19157,0.017686,0.0247934,0.0141322,0.0277686,0.00884298,0.00933884,0.110496,0.00272727,0.0290909,0.0646281,0.123802,0.0145455,0.0157025,0.00727273,0.0483471,0.0597521,0.00768595,0.015124,0.0717355,0.244711,0.021157,0.0179339,0.0399752,0.13824,0.0180165,0.232413,0.0699339,0.0820744,4.55546,53.2314,509.744,0.61157
0.0690909,0.177273,0.335455,0,0.321818,0.0709091,0.0445455,0.125455,0.152727,0.511818,0.0627273,0.531818,0.358182,0.665455,0.0354545,0.221818,0.110909,0.0872727,1.81091,0.0518182,0.957273,1.02182,0.0809091,0.289091,0.176364,0,0.0863636,0.0136364,0,0,0.0863636,0,0.0136364,0,0.0863636,0,0.179091,0,0,0.0981818,0,0,0.00636364,0,0.0627273,0,0,0.0354545,0,0.0321818,0,0.250364,0.410909,0.161727,11.5685,208.455,1096.73,0.636364
0.08,0.127644,0.33199,0.00628272,0.408272,0.123037,0.114764,0.15356,0.0643455,0.281571,0.0825654,0.520105,0.145288,0.0219372,0.0593194,0.240209,0.178482,0.28178,1.61031,0.101414,0.88,0.24644,0.16377,0.0905759,0.475759,0.220471,0.125707,0.0847644,0.0693717,0.0784293,0.0556021,0.0442408,0.0571204,0.0459162,0.0573822,0.0949738,0.18178,0.00832461,0.0588482,0.0786911,0.01,0.0303665,0.0586911,0.0663351,0.142461,0.0387958,0,0.0237173,0.0535969,0.171387,0.0219058,0.234864,0.110508,0.0524921,3.36527,35.7382,248.052,0.596859
0.195,0.5,0.4,0.095,0.58,0,0,0,0.39,0.19,0,0.2,0,0,0,0.1,0,0,0.195,0.19,0.39,0,0,0.2,0.095,0,0,0.095,0,0,0,0,0,0.19,0,0,0,0,0,0,0,0,0,0,0,0,0,0,0,0.035,0,0.4155,0.7295,0.015,1062,2123,2124,1
0,0.0626667,0.209333,0,0.707333,0.0373333,1.75,0.809333,0.809333,0.909333,0.722,0.405333,0,0.0713333,0,0.884667,2.09733,0.06,1.44133,0.809333,3.416,0,0.234,0.0713333,0,0,0,0,0,0,0,0,0,0,0,0,0.294,0,0.0713333,0,0,0,0,0,0,0,0,0,0,0.0576667,0,0.620467,0.294067,0.0665333,63.8534,271.667,300.267,1
0.0885113,0.134369,0.342104,0.00281553,0.345534,0.153916,0.16246,0.100129,0.069644,0.224013,0.0725566,0.560518,0.105405,0.0294822,0.0183495,0.232039,0.144693,0.214142,1.60754,0.106181,0.943269,0.00880259,0.143139,0.0830421,0.592136,0.309061,0.161683,0.125534,0.0875728,0.120453,0.0551456,0.0496117,0.111909,0.0496117,0.102945,0.109288,0.196343,0.00223301,0.0827508,0.0801618,0.0744013,0.0410032,0.0856311,0.0315858,0.185469,0.16657,0.00572816,0.0339159,0.0370939,0.144246,0.0204078,0.224084,0.0788188,0.0243916,3.04937,27.8867,178.864,0.472492
0.05,0.181667,0.268333,1.52667,0.21,0.731667,0.24,0.488333,0.658333,0.768333,0.123333,0.683333,0.0466667,0,0.966667,0.0483333,0.455,0.791667,1.49,0.218333,0.825,0,0.47,0.1,0,0,0,0,0,0,0,0,0,0,0,0,0.0483333,0,0,0.0483333,0,0,0.1,0,0,0,0,0,0.0943333,0.117,0,0.230167,0.122333,0.0205,13.175,730,1232.33,1
0.25,0.125,0.21,0,0.105,0.115,0.01,0.175,0.175,0.41,0.105,0.48,0.25,0.46,0.01,0.165,0.21,0.01,1.625,0,0.745,0,0.47,0.23,0,0,0,0,0,0,0,0,0,0,0,0,0,0,0,0.01,0,0,0,0,0.01,0,0.01,0,0.005,0.5495,0,0.1625,1.067,0.067,7.136,361.5,3940,1
0.0651852,0.368333,0.372037,0.743148,0.541667,0.176667,0.672222,0.0657407,0.229259,0.301481,0.0277778,0.66463,0.0701852,0.0118519,0.017037,0.338333,0.262778,0.394444,2.12519,0.0235185,1.17222,0.0159259,0.0631481,0.117593,0.0990741,0.00925926,0.218519,0.0261111,0.00925926,0.00462963,0.134074,0,0,0.00796296,0.0757407,0.00981481,0.0294444,0,0.0348148,0.351852,0,0.0037037,0,0.00518519,0.187778,0.00814815,0,0.0185185,0.011,0.169111,0.0120741,0.330667,0.0594815,0.0396852,12.0488,160.611,393.667,0.648148
0.105567,0.261237,0.415052,0.934536,0.727526,0.17299,0.376289,0.135052,0.0591753,0.301443,0.0828866,0.691031,0.11701,0.0591753,0.0364948,0.50433,0.852062,0.306392,2.0434,0.311959,1.44691,0.0168041,0.188763,0.131443,0.0909278,0.0429897,0,0.0809278,0,0.0439175,0,0,0.190928,0,0.0727835,0.038866,0.0835052,0.0160825,0.0104124,0.043299,0,0.0349485,0,0.0056701,0.101546,0.0508247,0,0,0.00678351,0.116794,0.00878351,0.563433,0.13633,0.0297423,6.60878,110.794,217.804,0.814433
0.572222,0.391111,0.632222,0,0.167778,0.602222,0.121111,0.402222,0.962222,0.923333,0.0644444,0.415556,0.271111,0,0.766667,0.201111,0.126667,1.47,2.27667,0.825556,1.37667,0,1.27222,0.581111,0,0,0,0,0,0,0,0,0.0366667,0,0.126667,0.0466667,0,0,0,0,0,0,0,0,0.0688889,0,0,0,0.032,0.0556667,0.179778,0.369444,0.198778,0.0421111,14.7073,490.444,919,1
0.188182,0.103182,0.372545,0.001,0.350273,0.148,0.0734545,0.201273,0.279818,0.281273,0.0914545,0.669364,0.0825455,0.114273,0.0714545,0.214,0.336636,0.0773636,1.35736,0.198636,1.15036,0.285455,0.099,0.234,0.798182,0.139,0.016,0.00763636,0.00490909,0.0136364,0.0137273,0.00136364,0.0949091,0.00409091,0.0137273,0.0682727,0.161818,0.0177273,0.0255455,0.0296364,0.0624545,0.097,0.00790909,0.0159091,0.0497273,0.0927273,0.000818182,0.00890909,0.0946,0.181609,0.0132182,0.289609,0.124018,0.0724545,4.19062,69.6909,607.609,0.563636
0.181667,0.14,0.245,0.0216667,0.105,0.0616667,0.0233333,0.0866667,0.243333,0.305,0.095,0.4,0.161667,0.376667,0.0166667,0.0916667,0.158333,0.0616667,1.115,0.00333333,0.491667,0,0.163333,0.173333,0.43,0.443333,0.005,0.00333333,0.00333333,0,0,0,0.658333,0,0,0.0666667,0.69,0.00833333,0,0.00333333,0.0266667,0.01,0.0166667,0.0233333,0.103333,0.103333,0.00333333,0.0966667,0.0843333,0.186333,0.0388333,0.125833,0.185667,0.0445,3.62817,76.1667,2593.17,0.5
0.343333,0.332667,0.370667,0,0.254,0.0593333,0.0473333,0.106667,0.504,0.564667,0.245333,0.678667,0.394667,0.878,0.022,0.188,0.316,0.0286667,2.79667,0.0133333,1.324,0,0.304667,0.42,0.0353333,0.0366667,0.000666667,0,0,0,0,0,0.0333333,0,0.000666667,0.00333333,0.0433333,0.00266667,0,0,0,0,0.000666667,0,0.0466667,0,0.00333333,0,0.0215333,0.0854667,0.0064,0.355,0.525267,0.0973333,5.829,154.267,2253.2,0.933333
0.133137,0.0964075,0.272212,0,0.206153,0.0714611,0.12307,0.073445,0.024571,0.215121,0.0621984,0.569799,0.0773861,0.0363271,0.0169035,0.221046,0.0756434,0.154316,1.67816,0.0128552,0.821448,0,0.0433914,0.062185,0.841702,0.458686,0.381408,0.294517,0.237627,0.276206,0.20193,0.168244,0.146488,0.168244,0.266649,0.225134,0.196233,0.00612601,0.156836,0.177828,0.0644102,0.179316,0.0544102,0.114115,0.321059,0.213727,0.00136729,0.0321582,0.0147306,0.167851,0.0142668,0.2277,0.0512614,0.0560871,2.28985,10.8365,46.4357,0.260054
0.103611,0.163889,0.391111,0.791111,0.310556,0.109861,0.0588889,0.201667,0.305972,0.544028,0.124167,0.532639,0.123889,0.0675,0.169167,0.264306,0.179167,0.328056,1.2225,0.136944,0.834028,0.682361,0.117222,0.1625,0.611667,0.152361,0.0333333,0.0336111,0.0105556,0.0373611,0.0277778,0.00263889,0.121806,0.00527778,0.0825,0.0404167,0.124028,0.00180556,0.0388889,0.0358333,0.00291667,0.0163889,0.00416667,0.00291667,0.0426389,0.0119444,0.00430556,0.0402778,0.051125,0.11175,0.0187083,0.300722,0.122833,0.0948472,4.71304,79.0417,920.347,0.666667
0.348,0,1.74,0,1.044,0,0,0,0.62,0.892,0,0,0,0,0,0,0,0,0.348,0.968,0.544,0,0,0,0.348,0,0,0,0,0,0,0,0,0,0,0,0,0,0,0,0,0,0,0,0,0,0,0,0,0,0,0.921,0.096,0,561.4,1297.4,1300.2,1
0.35,0.08,0.35,0,0.35,0,0,0.52,0.61,1.76,0.17,0.26,0.79,0,0.26,0,0.7,0.35,2.64,0,2.03,0,0.61,0.7,0,0,0,0,0,0,0,0,0,0,0,0.08,0,0,0.08,0.17,0,0,0,0,0.17,0,0,0,0,0.081,0,0.556,0.069,0.011,19.234,1170,3116,1
0.463,0.931,0.931,0,0.463,0,0,0.463,0,1.866,0,2.334,0,0.605,0,0.463,0,0,1.866,0,5.231,0,0,0,0,0,0,0,0,0,0,0,0,0,0,0,0,0,0,0,0,0,0,0,0,0,0,0,0,0.2503,0,1.6712,0.1913,0.0832,59.0805,657,751.2,1
0.0482857,0.0982857,0.271143,0.547429,0.239143,0.0771429,0.082,0.0368571,0.313143,0.216,0.06,0.345714,0.0494286,0.038,0.126,0.218571,0.0537143,0.184857,1.14114,0.223143,0.687429,1.10629,0.0785714,0.0385714,0.374571,0.22,0.0217143,0.0245714,0.0142857,0.0171429,0.0248571,0,0.0657143,0,0.152,0.018,0.149429,0.00114286,0.0122857,0.0245714,0.00314286,0.0417143,0,0.0125714,0.0451429,0.0328571,0.00342857,0.006,0.0377429,0.167257,0.0258,0.166686,0.0893143,0.107886,5.36491,76.2286,1292.71,0.571429
0,0,0,0,0,0,0,0,0,0,0,0,0,0,0,0.58,0,0,0,0,0,0,0,0,0,0,1.46,0.29,0,0.58,0,0,0,0,0,0,0.58,0,0,0,0,0,0,0,0,0,0,0,0,0.018,0,0,0,0,251,1488,1506,0
0.0509426,0.593489,0.200195,0,0.267974,0.0337595,0.0271289,0.043922,0.0140087,0.12831,0.00791983,0.509534,0.0515926,0.058364,0.00184182,0.154843,0.0196316,0.118407,1.83659,0.0305092,0.472189,0,0.00616468,0.0743554,0.506826,0.193369,0.419697,0.0312243,0.142514,0.0491549,0.0293716,0,0.100607,0,0.0513759,0.0291441,0.0470748,0.0396966,0.0717876,0.00471289,0.0708342,0.347963,0.0209209,0.170683,0.705894,0.301788,0.00551463,0.0524377,0.0229957,0.100745,0.0184561,0.231537,0.00725894,0.00388624,1.56537,4.09317,14.9827,0.092091
0.342,0.662,0.49,0,0.394,0.242,0.06,0.16,0.344,0.788,0.282,0.868,0.49,0,0.292,0.232,0.488,0.602,3.012,0.888,1.75,0,0.392,0.4,0,0,0,0,0,0,0,0,0.03,0,0.026,0,0,0,0.136,0,0,0,0.098,0,0.044,0,0,0.044,0,0.1384,0,0.5068,0.155,0.151,10.933,410.4,1246.6,1
0.301429,0.183571,0.320714,0.307857,0.0914286,0.107143,0.0292857,0.148571,0.267143,0.420714,0.145,0.655714,0.350714,0.723571,0.00214286,0.152857,0.302857,0.0685714,2.005,0.000714286,0.892143,0.0207143,0.575714,0.239286,0.0342857,0.035,0.005,0.00285714,0.00285714,0,0,0,0.443571,0,0,0.0357143,0.3,0.00142857,0.00357143,0.0107143,0.0228571,0.00714286,0.0107143,0.00857143,0.0321429,0.0821429,0.00714286,0.0885714,0.0489286,0.0987857,0.00464286,0.2545,0.467286,0.101357,5.25371,143.786,3024.36,0.642857
0.226471,0.315294,0.601765,0.0558824,0.431765,0.341176,0.164118,0.202941,0.421765,0.688824,0.260588,0.661765,0.222941,0.104706,0.332353,0.263529,0.241765,0.412353,1.98588,0.137059,1.48529,0.01,0.364118,0.298235,0.548824,0.231176,0.0141176,0,0,0.0429412,0,0,0.0794118,0,0.0423529,0.0141176,0.192353,0.0505882,0.0141176,0.0429412,0,0.0429412,0.02,0.0288235,0.0876471,0.0841176,0,0,0.000705882,0.186,0.00876471,0.645235,0.247647,0.0516471,9.96018,302.059,738.765,0.941176
0,0,0,0,0,0,0,0,0,0,0,0,0,0,0,0,0,0,0,0,0,0,0,0,0,0,0,0,0,0,0,0,0,0,0,0,0,0,0,0,0,0,0,0,0,0,0,0,0.022,0.022,0.019,0.022,0.022,0.022,3.482,5,5902,0
0.123878,0.087102,0.300939,0.00665306,0.460367,0.142102,0.139571,0.111449,0.0423265,0.196286,0.0467347,0.499796,0.0876735,0.0115102,0.0399796,0.34049,0.171755,0.183265,1.70559,0.0684286,0.97402,0.0347551,0.137592,0.0940408,0.502898,0.333878,0.20349,0.166878,0.0740816,0.116,0.052898,0.0469592,0.0796939,0.0509184,0.114163,0.117694,0.137367,0.00269388,0.106122,0.0634082,0.0364082,0.0360816,0.0714286,0.0413673,0.26098,0.122,0.00461224,0.0296939,0.0206939,0.141135,0.0192,0.269439,0.0702102,0.0606531,3.0359,25.4204,126.765,0.504082
0.5725,0.11875,0.41625,0,0.03125,0.22375,0.0025,0.17375,0.21,0.31875,0.26625,1.0325,0.60625,1.06625,0.06875,0.36125,0.43375,0.22125,2.735,0.19125,1.115,0,0.26125,0.5675,0,0,0.00125,0,0.00375,0.00125,0,0,0.19375,0,0,0.02875,0.1025,0,0.00125,0.045,0.0075,0.01125,0,0.02875,0.0725,0.015,0.025,0.07125,0.0185,0.088125,0.00025,0.471125,0.124625,0.125,3.83137,106.25,3504,0.875
