0,0,0,0,0,0,0,0,0,0,0,0,0,0,0,0.37037,0,0,0,0,0,0,0,0,0,0,20.987,0,0,0,0,0,0,0,0,0,0,0,0,0,0,0,0,0,0,0,0,0,0,0,0,0,0,0,1.16356,1.51852,5.13889,0
0.594595,0.0883784,0.638649,0,0.109459,0,0.0481081,0,0,0.605135,0.594595,1.34108,0,0,0,0.264324,0,0.0589189,1.51189,0,4.92405,0,0,0.564054,0.479459,0.116757,0.0440541,0,0,0.052973,0,0.0440541,0,0.0440541,0,0,0,0,0,0,0,0,0,0,0.0767568,0,0,0.0656757,0,0.0271081,0,0.667946,0.0894324,0,5.78668,28.8649,53.5135,0.486486
0.131136,0.229318,0.5075,0,0.450455,0.117273,0.371136,0.0920455,0.0402273,0.335909,0.101591,0.525682,0.172727,0.0388636,0.0577273,0.356136,0.194773,0.346818,2.29795,0.0745455,1.10091,0.0370455,0.456591,0.0563636,0.0747727,0.0865909,0,0.163864,0,0.0747727,0,0,0.453409,0,0.160455,0.0143182,0.0622727,0,0,0.0929545,0,0.0770455,0.0118182,0.0209091,0.123864,0.108409,0,0,0.0102045,0.0819318,0,0.705114,0.118364,0.0202273,5.99468,74.5909,192.795,0.727273
0.096,0.008,0.196,0.008,0.092,0.118,0,0.058,0.058,0.188,0.074,0.082,0.072,0,0.038,0.088,0.078,0.076,0.608,0.008,0.242,1.906,0.138,0.11,0,0,0,0,0,0,0,0,0,0.028,0,0.008,0,0,0.016,0,0,0,0,0,0.038,0,0,0,0.4302,2.0094,0.009,0.3924,0.375,0.4024,57.5034,2297.8,10648.8,1
0.147727,0.133788,0.827273,0.138788,0.704848,0.52803,0.285303,0.142879,0.566818,0.463485,0.206364,0.608333,0.15303,0.0809091,0.981667,0.306364,0.130606,0.771667,1.53439,0.831212,0.940909,0.0875758,0.525455,0.140606,0.0490909,0.00136364,0.0221212,0.00439394,0,0.00878788,0,0,0.00318182,0,0.00439394,0,0.0131818,0,0,0.0407576,0,0,0.0848485,0.0121212,0.0454545,0.0369697,0,0,0.00875758,0.0762273,0.00113636,0.44697,0.140424,0.0202879,78.6464,748.258,1390.15,0.984848
0.0765306,0.0922449,0.274286,0,0.34898,0.127551,0.222653,0.149796,0.097551,0.217551,0.16551,0.567143,0.178571,0.0853061,0.0246939,0.297143,0.143878,0.174898,1.72551,0.157143,1.01347,0,0.045102,0.123878,0.598776,0.245918,0.0534694,0.113469,0.0210204,0.0822449,0.0336735,0.0210204,0.0265306,0.0210204,0.0944898,0.152245,0.18449,0.0112245,0.05,0.0679592,0.00632653,0.00469388,0.0163265,0.0114286,0.112449,0.0318367,0,0.0506122,0.0193265,0.098,0.00993878,0.179224,0.0888367,0.0352041,3.31096,45.5306,190.449,0.591837
0,0,0.1075,0,0,0,0,0,0,0.1075,0,0.523333,0,0,0,0,0,0,0.631667,0,0,0,0,0,2.695,4.7575,0.308333,0,0,0.1075,0,0,0,0,0,0,1.07083,0,0,0,0,0.37,0,0,0.286667,0,0,0.308333,0,0.0341667,0.05375,0.04675,0,0.05375,1.93875,6.33333,27.5833,0
0.128125,0.0646875,0.320938,0.00171875,0.216562,0.0684375,0.0401562,0.204375,0.178281,0.142969,0.0767188,0.691875,0.101094,0.0720313,0.008125,0.147656,0.348906,0.0465625,0.945469,0.149219,0.974062,0.128437,0.0865625,0.112188,1.37422,0.159688,0.0170312,0.00359375,0.0126563,0.0214063,0.0126563,0,0.105625,0.00171875,0.0126563,0.110625,0.203906,0.0303125,0.03375,0.0278125,0.0892187,0.0567188,0.0084375,0.0217188,0.031875,0.112812,0,0.0153125,0.152203,0.209297,0.0140937,0.179609,0.069625,0.0880469,3.53095,40.7031,587.453,0.375
0.270222,0.0506667,0.320889,0.0286667,0.826667,0.0235556,0.144667,0.182222,0.0211111,0.144,0.0215556,0.412222,0.0133333,0,0.0333333,0.608667,0.240444,0.0408889,1.60422,0.105778,1.22378,0.0122222,0.223778,0.00933333,0.293333,0.190889,0.171111,0.118889,0.0184444,0.0602222,0.0113333,0.0235556,0.02,0.0435556,0.0902222,0.0737778,0.144889,0,0.052,0.0113333,0.084,0.0557778,0.0315556,0.0788889,0.189556,0.155333,0,0.056,0.0159556,0.0885556,0.0154889,0.479467,0.144022,0.0143333,2.78869,22.7778,122.444,0.644444
0.178333,0.111667,0.5,5.91,0.801667,0.0933333,0.403333,0.34,0,0.251667,0.0991667,0.543333,0.2625,0.1725,0,0.601667,0.87,0.725833,2.1825,0.2175,2.19833,0,0.0658333,0.371667,0,0,0,0,0,0,0,0,0,0,0,0.0225,0.0133333,0,0,0,0,0,0,0,0.0133333,0.0133333,0,0,0,0.0839167,0,0.544667,0.125167,0.01525,6.32292,130.833,224.417,0.916667
0.154857,0.124,0.247714,0.0105714,0.232857,0.0851429,0.0262857,0.231429,0.197143,0.258571,0.0902857,0.511714,0.158857,0.07,0.0557143,0.262,0.184857,0.18,1.378,0.142286,0.682857,0.727143,0.214857,0.219143,0.530857,0.0868571,0.00657143,0.00371429,0.00428571,0.0291429,0.0102857,0,0.112286,0,0.0128571,0.122,0.170571,0.0122857,0.0248571,0.0217143,0.0254286,0.00428571,0.00971429,0.0274286,0.0302857,0.112857,0.00314286,0.0462857,0.0447714,0.125086,0.0435429,0.184086,0.123171,0.0956857,5.49631,116.886,1736.83,0.485714
0.0475439,0.0936842,0.290877,0,0.312982,0.122281,0.0950877,0.0678947,0.0473684,0.133684,0.0978947,0.459474,0.137368,0.0480702,0.0412281,0.191754,0.0515789,0.196842,1.67895,0.0998246,0.76386,0.785439,0.19807,0.103158,0.529474,0.218246,0.127368,0.0415789,0.0596491,0.034386,0.0394737,0.0585965,0.0808772,0.0642105,0.0429825,0.102982,0.145965,0,0.0314035,0.0263158,0,0.0345614,0.0510526,0.0363158,0.134386,0.0645614,0,0.0196491,0.133018,0.175193,0.0439825,0.176474,0.15414,0.092,3.49433,29.614,271.877,0.526316
0.137727,0.0834848,0.31697,0.00242424,0.284091,0.105,0.102879,0.106818,0.480758,0.447424,0.1,0.553182,0.137121,0.0648485,0.0777273,0.306364,0.064697,0.384848,1.61212,0.318485,1.10606,0.915606,0.10697,0.172879,0.370303,0.171212,0.0231818,0.0210606,0.00136364,0.0222727,0.0210606,0.00136364,0.084697,0.00136364,0.196667,0.0219697,0.151364,0.000757576,0.02,0.0456061,0.0106061,0.0566667,0.00818182,0.0207576,0.0459091,0.0421212,0.0219697,0.04,0.0519545,0.123348,0.0536364,0.3665,0.182515,0.0929091,4.6743,66.303,1103.79,0.666667
0.0370833,0.031875,0.212083,0,0.24125,0.055625,0.0577083,0.16625,0.0075,0.0960417,0.055625,0.46625,0.148542,0,0.0258333,0.104375,0.12,0.326667,1.49896,0,0.427917,0,0,0.00833333,0.369167,0.09375,0.179375,0,0.0941667,0.0575,0,0,0.552083,0,0.0125,0.113958,0.118958,0,0.0533333,0,0.0147917,0.0983333,0.0139583,0.18625,0.135625,0.050625,0,0.019375,0.0168125,0.174833,0.0300417,0.264125,0.00735417,0.006125,1.5725,5.875,67.2917,0.270833
0.150222,0.0895556,0.173333,0,0.514222,0.0417778,0.108222,0.0591111,0.0448889,0.130889,0.0211111,0.608444,0.0148889,0.0562222,0.0191111,0.474889,0.251333,0.168667,2.35978,0.00977778,1.16578,0,0.186889,0.0511111,0.0562222,0.0353333,0.0815556,0.104444,0,0,0,0.014,0.00977778,0.014,0.0782222,0.102667,0.0313333,0,0.0368889,0.00733333,0,0.0148889,0.0142222,0.0133333,0.269556,0.048,0,0.0566667,0.0101111,0.117511,0.00826667,0.411644,0.100778,0.00917778,3.31453,27.8444,110.022,0.8
0.0950769,0.141231,0.246308,0,0.263538,0.0327692,0.102923,0.0486154,0.0196923,0.178923,0.0327692,0.368923,0.241077,0.0196923,0.0104615,0.404308,0.0506154,0.214462,1.44538,0.0410769,0.616769,0,0.0172308,0.0512308,1.17923,0.742769,0.638923,0.470769,0.286,0.482769,0.341692,0.262308,0.127538,0.262308,0.612923,0.341692,0.221077,0,0.387231,0.276,0.0681538,0.272308,0.143231,0.216769,0.197538,0.125846,0,0,0.0115692,0.175015,0.00998462,0.221477,0.214292,0.00852308,2.24137,11.3231,45.1846,0.276923
0,0.0636364,0.399818,0,0.18,0.0325455,0.0981818,0.066,0,0.233636,0,0.709818,0.0481818,0.0454545,0,0.192545,0.0538182,0.259091,4.68164,0,0.765636,0,0,0,0.0238182,0,0.465455,0,0.0278182,0.0854545,0,0,0,0,0,0.0323636,0.114,0,0.022,0,0,0.0238182,0.0823636,0,0.628545,0.226,0,0.0165455,0.0216,0.0656182,0,0.586018,0.0173273,0,1.41749,3.54545,16.8182,0.2
0,0,0,0,0,0,0,0.156479,0,0,0,0.0469014,0,0,0,0,0,0.10831,0,0,0.19169,0,0,0,0,0,0.113944,0,0,0,0.176056,0,0,0,0,0,0,0,0,0,0,0.0540845,0,0,0.226056,0.470986,0,0,0,0.119042,0.0574789,0.201986,0,0,1.11268,1.23944,4.11268,0.0140845
0.21,0.448824,0.646471,0.0823529,0.291176,0.0241176,0.437647,0.0335294,0.169412,0.931176,0.145294,0.911765,0.0476471,0.0776471,0.177059,1.51235,0.374706,0.0370588,1.97235,0.135882,1.54941,0,0.0482353,0.146471,0.0317647,0.0470588,0.0170588,0.0341176,0,0,0,0,0,0.0170588,0.0341176,0.0135294,0.0358824,0,0,0,0,0,0,0,0.120588,0,0,0.0452941,0.0170588,0.0634706,0,0.830765,0.316118,0.0754118,40.6247,379.294,549.412,0.882353
0.104638,0.16913,0.399855,0.205072,0.301449,0.112754,0.0573913,0.207826,0.319275,0.564058,0.129565,0.521304,0.127391,0.0684058,0.176522,0.27029,0.176087,0.342319,1.23014,0.142899,0.84087,0.712029,0.120435,0.157391,0.558986,0.153333,0.0347826,0.0315942,0.00913043,0.0311594,0.02,0.00275362,0.145072,0.00550725,0.0742029,0.0407246,0.134783,0.00188406,0.0333333,0.0373913,0.0124638,0.0153623,0.00434783,0.00304348,0.0410145,0.0501449,0.00449275,0.0378261,0.0536522,0.115116,0.0208696,0.310594,0.127391,0.098971,4.78736,80.1014,926.203,0.681159
0.107662,0.091039,0.234416,0.122338,0.483247,0.138571,0.0374026,0.11961,0.128961,0.139351,0.0701299,0.599351,0.152338,0.038961,0.0158442,0.20039,0.306364,0.107532,1.76961,0.0727273,0.74039,0.554026,0.204156,0.101948,0.814805,0.188701,0.0328571,0.0225974,0.0355844,0.0264935,0.0123377,0.0245455,0.0551948,0.0141558,0.0393506,0.077013,0.129481,0.0319481,0.0207792,0.0141558,0.0323377,0.034026,0.0312987,0.00675325,0.0741558,0.0605195,0.0114286,0.0197403,0.176597,0.114649,0.0111948,0.180506,0.107455,0.0556493,3.75257,37.1688,438.078,0.545455
0.183922,0.0880392,0.466471,0.0113725,0.27,0.0823529,0.123922,0.25098,0.087451,0.288039,0.0823529,0.352745,0.0386275,0.00588235,0,0.439608,0.375098,0.231765,1.93098,0.378627,1.27137,0.462745,0.0929412,0.112745,0.13451,0.0462745,0,0.0290196,0.0107843,0.0305882,0,0,0,0.00588235,0.0664706,0.0227451,0.111765,0,0.0113725,0.0562745,0,0,0.0129412,0,0.202157,0.471569,0.0272549,0.0611765,0.0182353,0.143745,0.0142941,0.454118,0.317471,0.216686,5.18451,72.2353,317.529,0.666667
0.0837838,0.125135,0.415946,0,0.487568,0.122973,0.09,0.102703,0.182162,0.324324,0.1,0.730811,0.134054,0.138649,0.0281081,0.300541,0.168108,0.303514,1.85649,0.150541,1.04541,0.438108,0.28973,0.142432,0.312973,0.14027,0.0127027,0.0118919,0.0175676,0.0108108,0.0118919,0.00405405,0.0716216,0.00918919,0.0172973,0.0243243,0.155405,0.0143243,0.0181081,0.00405405,0,0.157027,0.022973,0.0197297,0.0764865,0,0,0.0324324,0.0210811,0.127027,0.0115676,0.456811,0.157054,0.0685946,6.39573,121.459,569.946,0.783784
0.105952,0.114524,0.30881,0.45619,0.299524,0.115238,0.0780952,0.0880952,0.291667,0.277143,0.0761905,0.473095,0.122143,0.0507143,0.0969048,0.317619,0.124762,0.196667,1.41762,0.0383333,0.722143,0.899286,0.201667,0.13119,0.283333,0.160952,0.01,0.0111905,0.0119048,0.00738095,0.0159524,0,0.0571429,0.00309524,0.0185714,0.042619,0.135476,0.000952381,0.0238095,0.0190476,0.00166667,0.0133333,0,0.0145238,0.0245238,0.0342857,0,0.0130952,0.0374524,0.161738,0.0261429,0.214714,0.140286,0.118976,5.95671,114.214,1369.6,0.642857
0,0,0,0,0,0,0,0,0,0,0,0,0,0,0,0,0,0,0.854444,0,0,0,0,0,0.411481,0.528889,11.0452,0,0,0,0,0,0,0,0,0,0,0,0,0,0,0.822963,0,0,0.246667,0,0,0.308519,0.0967407,0.129926,0,0.130259,0,0,1.48778,2.85185,8.37037,0
0.0863462,0.148077,0.32,0,0.341538,0.135769,0.133654,0.0644231,0.0375,0.215385,0.0294231,0.504231,0.0882692,0,0.0211538,0.200385,0.137885,0.105962,1.08308,0.0844231,0.713269,0,0.158462,0.00903846,0.949808,0.445,0.261154,0.188846,0.105769,0.1725,0.0834615,0.0669231,0.0784615,0.0669231,0.1325,0.134615,0.301923,0,0.147885,0.0953846,0.306731,0.0478846,0.160769,0.0505769,0.304038,0.533846,0,0.00384615,0.146231,0.170846,0.0197115,0.100865,0.0740769,0.00942308,2.23233,16.0769,173.462,0.307692
0,0,0,0,1.28875,0,0,0,0,0,0,3.475,0,0,0,0,0,0,0,0,0,0,0,0,0.80875,0.80875,0,0,9.02375,0,0,0,0,0,0,0,0,0,0,0,0,8.4,0,0,0,0,0,0,0,0,0,0.213,0,0,1.41112,3.375,13.75,0
0.130658,0.114605,0.388158,0.04,0.317763,0.0953947,0.0755263,0.114079,0.191711,0.337368,0.107632,0.488158,0.129605,0.0331579,0.112368,0.312895,0.168816,0.259868,1.52882,0.106053,0.868553,0.505789,0.198816,0.111184,0.393421,0.1625,0.0810526,0.116447,0.0517105,0.0551316,0.0373684,0.0281579,0.0307895,0.0281579,0.0661842,0.0794737,0.106842,0.0502632,0.0552632,0.0984211,0.0122368,0.0992105,0.0456579,0.0147368,0.0896053,0.0551316,0.0198684,0.0509211,0.23175,0.148816,0.0124737,0.273763,0.0850658,0.127053,3.56009,44.5789,374.724,0.565789
0,14.1478,0,0,0,0,0,0,0,0.132222,0,0,0,0,0,0,0,0,0,0,0,0,0,0,0,0,0,0,0,0,0,0,0,0,0,0,0,0,0,0,0,0,0,0,0.132222,0,0,0,0,0,0,0,0,0,1.77778,4.88889,9.02778,0
0.0325714,0,0.296857,0,0.304286,0.0251429,0,0.0334286,0,0.0242857,0,0.732286,0.104857,0.0688571,0.0485714,0.0291429,0.109714,0.114571,1.16057,0.036,0.485714,0,0,0,0.158571,0.268571,0.375714,0,0.0971429,0.008,0,0,0.0622857,0,0,0,0.0342857,0,0.0291429,0,0,0.0774286,0.0245714,0.319143,0.378286,0.0517143,0,0,0.0439143,0.255257,0,0.172629,0,0,1.33046,3.2,23.6571,0.0285714
0.0769091,0.173091,0.305091,0.0218182,0.350182,0.106,0.118364,0.154182,0.0629091,0.308909,0.0203636,0.598364,0.261818,0.0183636,0.142545,0.190545,0.165636,0.436,1.32964,0.0269091,0.872364,0.0409091,0.148909,0.0683636,0.656,0.318,0.206727,0.166364,0.141455,0.153455,0.0536364,0.0536364,0.0703636,0.0536364,0.088,0.0925455,0.130182,0,0.0807273,0.121636,0.0290909,0.0356364,0.0761818,0.0274545,0.102909,0.044,0,0.0123636,0.0242909,0.172327,0.0226364,0.167673,0.0946364,0.0175091,3.01098,26.7273,243.4,0.509091
0,0,0,0,0,5.88,0,0,0,0,0,0,0,0,0,0,0,0,0,0,0,0,0,0,0,0,0,0,0,0,0,0,0,0,0,0,0,0,0,0,0,0,0,0,0,0,0,0,0,0,0,0,0,0,2.666,5,16,0
0.08,0.4225,0.281667,0,0.445,0.238333,0.0825,0.186667,0.315,0.646667,0.131667,0.409167,0.136667,0.518333,0.13,0.13,0.234167,0.285,1.97917,0.421667,1.26417,0.930833,0.374167,0.316667,0.161667,0,0.0791667,0,0,0,0.0791667,0,0.0125,0,0.09,0.035,0.164167,0,0,0,0,0,0.0408333,0,0.06,0,0,0,0.0105,0.0535,0.134833,0.24725,0.435417,0.131083,14.5527,320.167,1080.17,0.666667
0,0,0.41625,0,0.16625,0,0,0,0,0,0,0,0,0,0,0,0,1.48875,0,0,0.16625,0,0,0,6.3775,4.1925,0.34625,1.835,0,2.10625,1.48875,0,0,0,1.48875,1.48875,0.16625,0.5,0.16625,0,0,0.5,0,0,0,0,0,0,0.108125,0.109625,0.027,0.311875,0,0,2.00162,10.625,28.375,0
0,0,0.279524,0,0,0,0,0,0,0,0,0.433333,0,0,0,0,0,0.103333,10.5443,0,1.32333,0,0,1.05952,0,0,0.865714,0,0,0,0,0,0,0,0,0,0,0,0,0,0,0,0,0,2.69286,0.100952,0.103333,0,0.0178095,0,0,0,0,0,1.09981,1.57143,6,0.0952381
0.0761111,0.0818056,0.215139,0.01875,0.275417,0.0366667,0.138889,0.225139,0.0375,0.665833,0.0648611,0.345833,0.117083,0.0286111,0.0513889,0.109722,0.191389,0.21125,1.71333,0,0.611944,0,0.0526389,0.09,0.704583,0.376389,0.205833,0.332917,0.0372222,0.15375,0.04625,0.0379167,0,0.0379167,0.198056,0.0822222,0.213889,0.0075,0.105278,0.0529167,0.0456944,0.0236111,0.102222,0.0376389,0.303611,0.202222,0,0.0305556,0.0394444,0.163222,0.0207639,0.300375,0.0474167,0.00934722,2.72919,15.5972,80.5694,0.402778
0.316,0.29,0.34,0.00371429,0.254857,0.0762857,0.0411429,0.136857,0.433143,0.499429,0.218,0.605429,0.380571,0.764571,0.0797143,0.271429,0.328857,0.0922857,2.43314,0.0354286,1.10686,0.048,0.363429,0.364571,0.101429,0.105143,0.00171429,0.000571429,0.000571429,0,0,0,0.130286,0,0.002,0.0271429,0.141429,0.00314286,0,0.0148571,0.00457143,0.00228571,0.00657143,0.004,0.0574286,0.0205714,0.002,0.0165714,0.0314286,0.1024,0.0115143,0.342514,0.450686,0.104086,5.84903,290.114,2326.8,0.857143
0.260508,0.145254,0.354746,0,0.279492,0.215763,0.0777966,0.167797,0.429661,0.368475,0.0737288,0.67339,0.132712,0.160169,0.137458,0.187966,0.259153,0.0698305,1.41441,0.196102,1.04,0.118136,0.0825424,0.340678,0.865932,0.191186,0.0266102,0.0110169,0.01,0.0279661,0.0127119,0.00457627,0.0862712,0.00457627,0.0261017,0.0847458,0.137797,0,0.00949153,0.0311864,0.029661,0.151695,0.0227119,0.0020339,0.0528814,0.068983,0.00932203,0.0269492,0.0614576,0.171712,0.0102712,0.30822,0.129492,0.0254407,3.94076,73.4407,671.61,0.491525
0.095098,0.244118,0.475098,0.839412,0.277451,0.11451,0.0635294,0.103333,0.29098,0.327843,0.0707843,0.851176,0.189216,0.112941,0.170784,0.150392,0.139608,0.207843,1.96314,0.178235,0.985686,0,0.131961,0.135098,0.504902,0.122353,0.0231373,0.0270588,0.0129412,0.0207843,0.0245098,0.00313725,0.052549,0.00313725,0.0303922,0.0286275,0.0756863,0.0027451,0.0245098,0.0445098,0.00313725,0.0564706,0.0370588,0.0121569,0.0268627,0.00235294,0,0.00764706,0.184863,0.135137,0.023902,1.32729,0.318882,0.0127843,4.32127,57.8824,771.51,0.647059
0,0.560625,0.205625,0,0.175,0,0.36625,0,0,0.688125,0,0.5875,0.09875,0.0890625,0,0.0859375,0,0.0890625,2.71938,0,0.7775,0,0,0.195938,0,0.0678125,0.655,0.544375,0,0,0,0,0.155312,0,0,0.0890625,0.499375,0,0.9875,0.13,0.04,0,0.05875,0.07375,0.660625,0.240313,0,0,0.080125,0.325156,0,0.0964375,0.0625312,0.0251562,3.09475,22.3438,39.9375,0.3125
0.171728,0.104444,0.298519,0,0.336543,0.0618519,0.127531,0.097284,0.0748148,0.13679,0.0390123,0.515679,0.094321,0,0.027284,0.147531,0.152716,0.275556,1.63037,0,0.511358,0,0.0564198,0.0395062,0.568642,0.414321,0.351111,0.188272,0.108642,0.136296,0.0739506,0.0707407,0.137654,0.0707407,0.166296,0.159877,0.201111,0.00888889,0.130247,0.0858025,0.0320988,0.0287654,0.136049,0.0881481,0.258642,0.107037,0.00234568,0.0808642,0.0300741,0.151049,0.0244815,0.185321,0.0557037,0.0291235,2.06644,12.5679,116.556,0.320988
0.027931,0.0717241,0.195517,0,0.363793,0.0498276,0.0351724,0,0,0.03,0.0346552,1.18724,0.0393103,0,0,0.0712069,0,0.0753448,1.05552,0,0.229483,0,0,0.0298276,0.167414,0.072069,0.228276,0,0.175517,0.0815517,0,0,0.125517,0,0.0998276,0,0.116034,0.0241379,0.0194828,0,0.0106897,0.330345,0,0.0656897,0.452931,0.132069,0,0.0508621,0.0287931,0.151052,0.000862069,0.15769,0,0,1.87212,6.39655,24.931,0.103448
0.150833,0.0396875,0.270625,0,0.274792,0.07125,0.0871875,0.01875,0.0246875,0.0983333,0.0145833,0.454479,0.124479,0.025625,0,0.213646,0.0354167,0.0782292,1.6299,0.00927083,0.429792,0,0.0146875,0.0554167,0.306667,0.291146,0.291875,0,0.0902083,0.06125,0.0134375,0,0.0853125,0,0.0457292,0.0742708,0.143021,0.0096875,0.0713542,0.0104167,0.030625,0.206667,0,0.138021,0.338125,0.120729,0.010625,0.0638542,0.00407292,0.124781,0.014875,0.197365,0.00690625,0.00541667,1.56229,5.27083,37,0.145833
0,0,0,0,0,0,0,0,0,0,0,0,0,0,0,0,0,0,0,0,0,0,0,0,4.85556,5.39667,0,0,0,0,0,0,0,0,0,0,0,0,0,0,0,1.01,0,7.18556,0,0,0,0,0,0,0,0,0,0,1.51389,2.55556,5.33333,0
0.0830508,0.030678,0.312203,0,0.282712,0.18339,0.0511864,0.123729,0.0362712,0.180169,0.0415254,0.452034,0.0889831,0.040678,0.0135593,0.190339,0.193559,0.195593,1.21203,0.107288,0.700169,0,0.0871186,0.100508,0.684407,0.336949,0.155085,0.130847,0.141525,0.0945763,0.0615254,0.039322,0.177288,0.039322,0.102542,0.119492,0.136102,0.00237288,0.0135593,0.0825424,0,0.0211864,0.0947458,0.0410169,0.177627,0.0676271,0.00644068,0.05,0.0229322,0.164797,0.0287966,0.110847,0.0368136,0.0113559,2.12507,13.5763,192.22,0.389831
0,0,0,0,0,0,0,0,0,0,0,0,0,0,0,0,0,0,0,0,0,0,0,0,16.3043,1.09857,0,0,0,0,0,0,0,0,0,0,0,0,0,0,0,0,0,0,2.88357,0,0,0,0,0,0,0.0802143,0,0,4.16179,16.5714,25.5,0
0.110725,0.103333,0.384058,0,0.225797,0.082029,0.181449,0.066087,0,0.172174,0.0736232,0.668841,0.11087,0,0.0521739,0.218986,0.109275,0.134928,1.87145,0.0134783,0.636957,0,0.0995652,0,0.223333,0.052029,0.15029,0,0.116522,0.0314493,0.00811594,0,0.178696,0,0.0323188,0.0604348,0.109565,0.0115942,0.186957,0,0.0428986,0.247101,0.0330435,0.0714493,0.250725,0.122899,0,0.0495652,0.0186957,0.132319,0,0.172464,0.0312319,0.0194348,1.63643,5.63768,52.8116,0.231884
0.0982759,0.582759,0.294138,0,1.02966,0.171379,0.725862,0.0937931,0.082069,0.444138,0.037931,0.735862,0.172414,0.0537931,0,0.783793,1.82172,0.0562069,2.08138,0.297586,1.33586,0,0,0.0737931,0,0,0,0,0,0.0334483,0,0,0,0,0,0.0737931,0.16069,0.0537931,0,0.0117241,0,0,0,0,0.0117241,0,0,0,0,0.150862,0,0.802793,0.151448,0.0393448,8.58397,131.448,182.862,0.896552
0,0,0,0,0.476,0,0,0,0,0,0,0,0,0,0,0,0,0,1.826,0,0,0,0,0,0,0,0,0,0,0,0,0,0,0,0,0,0,0,0.740667,0,0,0,0,0,11.342,0.512667,0,0,0,0.204,0,2.7824,0,0,1.36873,2.66667,7.06667,0
0,0,0,0,7.68667,0,0,0,0,0,0,0,0,0,0,0,0,0,0,0,0,0,0,0,1.66667,0,0,0,0.793333,0,0,0,0,0,0,0,0,1.38833,0,0,0,2.18167,0,0,0,0,0,0,0,0.098,0,0,0,0,1.13883,1.33333,3.66667,0.166667
0.0415873,0.0893651,0.363968,0,0.337302,0,0.0349206,0.0184127,0.025873,0.0619048,0.0195238,0.471905,0.13619,0.101905,0,0.147937,0.0368254,0.263968,1.23889,0.0352381,0.438413,0,0,0,0.12381,0.0855556,0.410952,0,0.103016,0.0603175,0,0,0.136984,0,0,0,0,0.0688889,0.0569841,0,0.0653968,0.464127,0.0828571,0.158571,0.357143,0.124762,0,0.0396825,0.0141905,0.100857,0.0233651,0.0970952,0,0.00195238,1.42595,3.73016,19.2222,0.0952381
0.0386885,0.0695082,0.162459,0,0.11459,0.017377,0.0880328,0.42082,0.161148,0.117377,0.0470492,0.254098,0,0.239016,0,0.550984,0.160328,0.0557377,0.931148,0.05,0.798361,0.0480328,0.270984,0.0709836,0.30918,0.314098,0.185738,0.012623,0,0.044918,0.0257377,0.012459,0.074918,0.012459,0.0254098,0.151967,0.0559016,0,0.027377,0.0259016,0,0.012459,0.012459,0.0309836,0.425082,0,0,0,0.00481967,0.144754,0.0143934,0.44523,0.140541,0.00131148,3.81702,27.0492,84.4262,0.770492
0.0938158,0.0464474,0.232763,0,0.327105,0.0723684,0.0878947,0.0503947,0.0303947,0.133158,0.05,0.606184,0.114474,0.0144737,0.01,0.108289,0.112763,0.0952632,1.31842,0.115789,0.508289,0.00763158,0.0575,0.0351316,0.616711,0.400789,0.363158,0.298289,0.180921,0.218947,0.121842,0.101974,0.0636842,0.101974,0.166053,0.206316,0.200658,0.00605263,0.170921,0.101974,0.0261842,0.0713158,0.123553,0.105132,0.294474,0.140526,0.0321053,0.0596053,0.0207632,0.226224,0.00488158,0.259526,0.0272368,0.0262237,1.89883,9,77.1184,0.236842
0,0,0,0,0,0,0,0,0,0,0,0,0,0,0,0,0,0,0.757273,0,0,0,0,0,0.909091,0,0,0,0,0,0,0,0,0,0,0,0,0,0,0,0,0,0,0,0,0,0,0,0,0.144818,0,0.911909,0,0,1,1,1.36364,0.181818
0.0114754,0.0937705,0.147213,0,0.262951,0.0391803,0.231967,0.0481967,0.00901639,0.195902,0,0.398361,0.189016,0.0511475,0,0.534426,0.0277049,0.322951,2.97918,0.190984,1.28131,0.0906557,0,0.0532787,0.0195082,0.132131,0.0426229,0,0,0,0,0,0,0,0,0.0104918,0,0,0,0,0,0.143607,0,0.055082,0.397869,0.425738,0,0,0.0162623,0.0277705,0,0.169705,0.0272131,0.0529508,4.90348,48.1148,82.2459,0.442623
0.305217,0.146304,0.278913,0.0936957,0.0663043,0.10913,0.0197826,0.131522,0.212609,0.37,0.14413,0.638261,0.331304,0.666957,0.0204348,0.162391,0.267391,0.115,1.85261,0.0486957,0.843261,0.0341304,0.443478,0.278696,0.0971739,0.0617391,0.00521739,0.00152174,0.00217391,0.00391304,0,0,0.316087,0,0,0.0286957,0.180217,0.00152174,0.005,0.013913,0.0252174,0.00782609,0.00456522,0.0163043,0.0393478,0.0580435,0.01,0.0513043,0.0298913,0.116522,0.00773913,0.24063,0.334978,0.0894565,5.14743,164.043,3362.72,0.73913
0.208529,0.0667647,0.369265,0,0.268529,0.0357353,0,0.0864706,0.0170588,0.0845588,0,0.516471,0.0442647,0.0870588,0,0.380294,0.0419118,0.178529,0.333971,0.267353,0.197059,0,0,0.133676,0.239559,0.0638235,0.421765,0,0,0,0,0,0.0419118,0,0.294118,0,0,0.0538235,0.128676,0,0.117353,0.380147,0,0.0952941,0.642647,0.334412,0,0,0.00548529,0.12,0,0.156971,0.0212206,0,1.44981,3.05882,10.4118,0.0735294
0.13198,0.0255446,0.225644,0,0.134851,0.0945545,0.117426,0.118416,0.0319802,0.27495,0.020198,0.462079,0.0516832,0,0.0060396,0.188119,0.103762,0.165842,1.5703,0.0266337,0.691881,0,0.00712871,0.0123762,1.07119,0.488911,0.297426,0.349901,0.111485,0.276832,0.122376,0.060495,0.242673,0.060495,0.21802,0.134356,0.244851,0.0186139,0.118218,0.112277,0.0273267,0.13495,0.0714851,0.144257,0.31297,0.215347,0,0.00871287,0.0207327,0.173149,0.015198,0.201069,0.0698812,0.18902,2.20673,11.0693,60.9703,0.306931
0,0,0,0,0,0,0,0,0,0,0,0,0,0,0,0,0,0,0,0,0,0,0,0,0,0,0,0,0,0,0,0,0,0,0,0,0,0,0,0,0,0,0,0,0,0,0,0,0,0,0,0,0,0,0,0,0,0
0.139681,0.102021,0.242021,0.133511,0.37734,0.104787,0.0668085,0.118511,0.20766,0.363298,0.113085,0.758298,0.118298,0.0780851,0.0639362,0.17234,0.157766,0.168191,1.58702,0.0674468,1.04096,0.792872,0.169149,0.13766,0.493085,0.203511,0.0215957,0.0319149,0.0137234,0.0328723,0.011383,0.00202128,0.134149,0.00202128,0.0353191,0.0559574,0.125957,0.0106383,0.0169149,0.00840426,0.062234,0.0678723,0.0043617,0.0144681,0.0704255,0.314043,0.027234,0.0209574,0.0418617,0.141021,0.0215957,0.171277,0.0654468,0.0963936,3.8932,49.4255,507.223,0.617021
0.118182,0.145455,0.319273,0.0147273,0.522,0.138909,0.106909,0.0816364,0.0470909,0.227273,0.0518182,0.675091,0.0587273,0.00963636,0.00290909,0.260727,0.12,0.206182,1.63836,0.038,1.05127,0,0.0910909,0.228,0.623091,0.410364,0.223455,0.158,0.116909,0.119273,0.0687273,0.101636,0.0445455,0.101636,0.107455,0.112182,0.182364,0,0.118364,0.09,0.0849091,0.0736364,0.0996364,0.0310909,0.181091,0.191455,0.0194545,0.00945455,0.014,0.141345,0.0239455,0.111309,0.0389091,0.00949091,2.13142,14.6909,158.2,0.418182
0.0608696,0.171739,0.291159,0,0.153188,0.0173913,0.0375362,0,0.0262319,0.182609,0.013913,0.198261,0.171449,0.116812,0,0.0891304,0,0.332319,4.13725,0,1.58725,0,0,0,0.222319,0.034058,0.713623,0,0.12,0,0,0,0,0,0,0,0,0,0.106812,0.0169565,0,0.0436232,0,0.0442029,0.611884,0.459565,0,0.0689855,0.00731884,0.0696957,0.0156667,0.266812,0.00489855,0,1.289,2.6087,11.0435,0.130435
0.0693333,0.189667,0.330333,0,0.301833,0.237333,0.164333,0.102833,0.081,0.232,0.0576667,0.616833,0.0618333,0,0.037,0.210833,0.0941667,0.2085,1.79933,0.131833,1.1655,0.0206667,0.198167,0.106167,0.425333,0.2225,0.222167,0.0805,0.112,0.0981667,0.0543333,0.0538333,0.1605,0.0538333,0.1175,0.0713333,0.226833,0,0.11,0.085,0.0118333,0.0883333,0.0755,0.0108333,0.205833,0.0355,0,0.0488333,0.00633333,0.17615,0.0268833,0.34425,0.1337,0.0305167,3.62663,33.1167,160.1,0.583333
0,0,0,0,0,0,0,0,0,0,0,0,0,0,0,0,0,0,0,0,0,0,0,0,0,0,0,0,0,0,0,0,0,0,0,0,0,0,0,0,0,0,0,0,0,0,0,0,0,0,0,0,0,0,0,0,0,0
0.120282,0.0311268,0.258451,0,0.269296,0.0729577,0.0425352,0.0119718,0,0.114366,0,0.641127,0.0659155,0.0433803,0,0.270423,0.018169,0.0957746,2.00775,0.00943662,0.550282,0,0,0.0191549,0.218028,0.0711268,0.212676,0,0.14662,0.0370423,0.016338,0,0.0298592,0,0,0.0430986,0.109577,0.0149296,0,0,0.154085,0.272394,0.0219718,0.13338,0.487324,0.207465,0,0,0.040338,0.134268,0.0143239,0.105732,0.0196338,0.00139437,1.36661,3.94366,30.2817,0.140845
0.0877049,0.0639344,0.322623,0.0142623,0.364098,0.0963934,0.0627869,0.145082,0.0944262,0.326557,0.0765574,0.452787,0.0981967,0.0278689,0.0216393,0.266557,0.131803,0.140164,1.47426,0.032623,0.838033,0.0303279,0.0847541,0.0811475,0.661475,0.415902,0.157213,0.150492,0.067377,0.152459,0.107869,0.0486885,0.107541,0.0486885,0.0919672,0.117049,0.330492,0.024918,0.123279,0.0593443,0.00983607,0.0368852,0.094918,0.148033,0.15623,0.105246,0.0116393,0.0418033,0.0275738,0.234902,0.0240656,0.153541,0.0588361,0.0509836,2.68339,21.4918,217.148,0.459016
0.154535,0.182558,0.232209,0,0.263721,0.0859302,0.161744,0.0734884,0,0.187442,0.0537209,0.623023,0.0515116,0,0.0425581,0.178605,0.0766279,0.17314,1.74767,0.015,0.577791,0,0.049186,0,0.85814,0.464419,0.15,0.279302,0.0962791,0.239767,0.092907,0.0665116,0.140116,0.0665116,0.297674,0.0416279,0.258837,0,0.0681395,0.0344186,0.0453488,0.227907,0.0694186,0.0763953,0.230233,0.632791,0,0.0182558,0.00706977,0.122407,0.00766279,0.312477,0.0114651,0.16257,2.48428,13.9186,53.0233,0.290698
0.0760494,0.0377778,0.230123,0.0164198,0.0861728,0.0538272,0.0350617,0.154815,0.0283951,0.16284,0.00666667,0.659506,0.134198,0.00283951,0.0690123,0.0735802,0.127531,0.244198,1.45457,0.00790123,0.611111,0,0.0992593,0.0650617,1.12914,0.547531,0.192716,0.382593,0.0764198,0.217037,0.11716,0.0624691,0.182963,0.0624691,0.229877,0.152963,0.401852,0,0.172593,0.0788889,0.0918519,0.0890123,0.195926,0.0664198,0.418272,0.55679,0.0106173,0.061358,0.00833333,0.206049,0.032321,0.180136,0.0607654,0.0148025,2.34567,13.3704,69.3457,0.234568
0,0,0,0,0.52,0,0,0,0,0,0,0.52,0,0,0,0,0,0,2.34125,0,0,0,0,0,0,0,1.2975,0,0,0.52,0,0,6.80375,0,0,0,0,0,0,0,0,0.52,0,0,1.8175,0,0,0,0,0.174125,0.181125,0.086125,0,0,1.40512,3.375,11.75,0
0.0395556,0.367333,0.260444,1.84133,0.548667,0.189778,0.736,0.0637778,0.241556,0.328889,0.0277778,0.687111,0.0157778,0.0142222,0.0297778,0.298667,0.201111,0.343778,2.21533,0.0282222,1.20511,0,0.0428889,0.0862222,0.0966667,0,0.255111,0.0313333,0,0,0.160889,0,0,0.00955556,0.0624444,0.0117778,0.0191111,0,0.0417778,0.422222,0,0.00444444,0,0,0.217556,0.00977778,0,0,0.000622222,0.169867,0.0144889,0.285356,0.0537111,0.0420889,13.4283,160.267,402.133,0.622222
0.095,0.0168421,0.537368,0,0.251053,0.0202632,0.0939474,0,0.110526,0.274211,0.0818421,0.8,0.095,0.0210526,0,0.158684,0.0168421,0.152895,4.57553,0.1,0.833684,0,0,0.0518421,0.0568421,0,0.759737,0,0.0160526,0.0847368,0,0,0.0278947,0,0,0.0178947,0.262368,0,0.272895,0.0252632,0.0278947,0.107895,0,0,0.370789,0.309211,0,0.0944737,0.0122105,0.0846316,0,0.227763,0.0281053,0,1.48124,4.65789,23.7895,0.184211
0.0736667,0.0573333,0.337444,0,0.434778,0.280333,0.120889,0.156333,0.0394444,0.235222,0.0236667,0.522556,0.124333,0.0154444,0.00322222,0.252444,0.144889,0.177556,1.55178,0.00411111,1.43411,0,0.170444,0.0831111,0.557556,0.372667,0.185111,0.145556,0.0674444,0.152778,0.0678889,0.0431111,0.0846667,0.0431111,0.119222,0.094,0.143444,0.00255556,0.0557778,0.0575556,0.0646667,0.00611111,0.081,0.0107778,0.272,0.0835556,0.0176667,0.00311111,0.0378667,0.157922,0.0242556,0.129333,0.0746667,0.0106111,2.01491,13.4,142.267,0.488889
0.0540476,0.176905,0.202143,0,0.333571,0,0.0454762,0.16,0,0.04,0.0216667,0.981667,0.0530952,0.075,0.0157143,0.155,0.047619,0.302381,2.07738,0,0.946429,0,0.184286,0.0633333,0.161905,0.0964286,0.170952,0.0880952,0.409048,0,0,0,0.085,0,0,0,0.190714,0,0.110238,0,0.214286,0.547619,0.110238,0.0909524,0.196667,0.143571,0,0.0609524,0.0211429,0.0733571,0.0219762,0.223762,0.0723571,0.0699524,2.20995,9.88095,31.0714,0.285714
0,0,0,0,0,0,0,0,0,0,0,0,0,0,0,0,0,0,0,0,0,0,0,0,0,0,0,0,0,0,0,0,0,0,0,0,0,0,0,0,0,0,0,0,0,0,0,0,0,0,0,0,0,0,0,0,0,0
0,0,0.0860294,0,0.0792647,0.0505882,0,0,0,0.0638235,0,0.266618,0,0.157647,0,0.0341176,0,0,0.3325,0,0.383529,0,0,0,0.418676,0.118088,0.739118,0,0,0,0,0,0,0,0,0.113088,0,0.0948529,0,0,0,0.720147,0,0.257794,0.819265,0.132353,0,0.269559,0.00611765,0.0805735,0.0816765,0.0451324,0,0,1.29943,2.07353,7.01471,0.0294118
0,0.0671429,0.224286,0,0.664286,0.04,1.78143,0.773571,0.773571,0.880714,0.773571,0.434286,0,0.0764286,0,0.947857,2.15357,0.0642857,1.45071,0.773571,3.37857,0,0.250714,0.0764286,0,0,0,0,0,0,0,0,0,0,0,0,0.315,0,0.0764286,0,0,0,0,0,0,0,0,0,0,0.0617857,0,0.656429,0.306714,0.0712857,64.9501,277.786,300.929,1
0.226471,0.315294,0.601765,0.0558824,0.431765,0.341176,0.164118,0.202941,0.421765,0.688824,0.260588,0.661765,0.222941,0.104706,0.332353,0.263529,0.241765,0.412353,1.98588,0.137059,1.48529,0.01,0.364118,0.298235,0.548824,0.231176,0.0141176,0,0,0.0429412,0,0,0.0794118,0,0.0423529,0.0141176,0.192353,0.0505882,0.0141176,0.0429412,0,0.0429412,0.02,0.0288235,0.0876471,0.0841176,0,0,0.000705882,0.186,0.00876471,0.645235,0.247647,0.0516471,9.96018,302.059,738.765,0.941176
0.266,0.234,0.34,0.038,0.36,0.018,0,0.252,0.396,0.846,0.092,0.18,0.216,0,0.13,0.058,0.298,0.24,1.43,0.094,0.9,0,0.492,0.418,0.038,0,0,0.038,0,0,0,0,0,0.076,0,0.064,0,0,0.034,0.22,0,0,0,0,0.072,0,0,0,0.023,0.06,0,0.3632,0.3368,0.0104,444.295,1618.4,2533.2,1
0,0.0408333,0.124722,0,0.318889,0.104444,0.0616667,0.203611,0.0925,0.242222,0,0.505556,0.0711111,0,0,0.274444,0.0925,0.149722,2.57472,0,0.531389,0,0,0.595833,0.154167,0.0661111,0.0894444,0.108889,0.158056,0,0.075,0,0,0,0.106667,0,0.0513889,0,0.205,0.0616667,0.138889,0.298889,0,0.225,0.738889,0.141944,0,0,0.126,0.121806,0.0188889,0.446194,0.0346667,0.0553056,2.97425,12.9444,25,0.472222
0,0,0,0,0,0,0.156552,0,0,0.349655,0,1.49483,0,0,0,0.574483,0,0,0.478966,0,0.0955172,0,0,0.313448,0,0,0.202759,0.352414,0,0.202759,0,0,0,0,0.202759,0,0,0,0.248966,0,1.25655,0,0,0,0,2.22828,0,0.114828,0,0.166276,0.0405517,0.271621,0,0,3.05252,8.7931,15.1724,0.0689655
0,0,0,0,0,0,0,0,0,0,0,0.145789,0,0,0,0,0,0,0.31,0,0,0,0,0,8.31368,4.15421,4.15421,4.15421,4.30053,4.15421,4.15421,4.15421,0,4.15421,4.15421,4.15421,0,0,0,4.15421,0,0,0,0,0,0,0,0,0,1.14689,0,0,0,0,3.27737,11,31.6316,0
0.105538,0.115077,0.384154,0,0.667692,0.142923,0.125077,0.156462,0.114462,0.32,0.0838462,0.699692,0.034,0.0175385,0.0153846,0.326923,0.436,0.275846,1.93523,0.170615,1.08108,0.0576923,0.197846,0.0606154,0.257846,0.0946154,0.0183077,0.0249231,0.006,0.044,0.006,0.006,0.0349231,0.006,0.0233846,0.0723077,0.123385,0.00107692,0.0195385,0.0738462,0,0.00630769,0.0198462,0.0426154,0.219385,0,0,0.0336923,0.00596923,0.0979692,0.00775385,0.381431,0.113338,0.0556462,4.14186,66.9846,249.723,0.753846
0.135429,0.06,0.212143,0.0138571,0.249286,0.113286,0.0512857,0.104286,0.0425714,0.221714,0.0332857,0.514429,0.105286,0.0454286,0.00128571,0.100429,0.161286,0.086,1.15614,0.112286,0.397429,0.790571,0.156286,0.0585714,1.104,0.405714,0.128571,0.0565714,0.0664286,0.0614286,0.0767143,0.0181429,0.112571,0.0181429,0.045,0.0877143,0.328429,0.00271429,0.0241429,0.0181429,0.0707143,0.0475714,0.0548571,0.0924286,0.101143,0.358143,0,0.0127143,0.348486,0.187286,0.0258857,0.131671,0.0728714,0.0717714,3.19394,25.3286,316.771,0.357143
0.0697531,0.0411111,0.246296,0,0.418148,0.106049,0.0514815,0.0975309,0.0292593,0.15037,0.0383951,0.66,0.0524691,0.0106173,0.130741,0.233827,0.0912346,0.118025,1.22852,0.00518519,0.693704,0.0397531,0.0975309,0.0576543,0.708765,0.413457,0.193704,0.295556,0.146173,0.132222,0.0882716,0.0581481,0.0614815,0.0581481,0.113457,0.214938,0.203704,0.0193827,0.120494,0.0865432,0.0485185,0.0696296,0.129506,0.124815,0.252593,0.221358,0,0.0211111,0.0347901,0.154086,0.024321,0.130988,0.0737531,0.00996296,2.15299,10.5309,104.321,0.271605
0,0,0,0,0,0,0,0,0,0,0,0,0,10,0,0,0,0,0,0,0,0,0,0,0,0,0,0,0,0,0,0,0,0,0,0,0,0,0,0,0,0,0,0,0,0,0,0,0,0,0,0,0,0,4.75,8,19,0
0.1554,0.1556,0.2914,0.0232,0.2296,0.1836,0.1754,0.0442,0.0076,0.2552,0.0478,0.505,0.125,0,0.0248,0.5146,0.239,0.1416,1.9212,0.0424,0.9954,0.1138,0.2078,0.1254,0.5874,0.3782,0.2412,0.105,0.098,0.1716,0.0858,0.0858,0.1082,0.1128,0.1112,0.1078,0.0376,0,0.1628,0.0948,0.0066,0,0,0,0.2012,0.0428,0,0.0066,0.01744,0.15992,0.01266,0.50568,0.04722,0.0558,3.8098,36.3,130.86,0.6
0,0,0,0,0,0,0,0,0,0,0,0,0,0,0,0,0,0,0,0,0,0,0,0,0,0,0,0,0,0,0,0,0,0,0,0,0,0,0,0,0,0,0,0,0,0,0,0,0,0,0,0,0,0,0,0,0,0
0.165135,0,0.347297,0,0.103784,0.175946,0,0,0,0.532432,0,0,0,0,0,0.482162,0,0,5.19216,0,0.857027,0,0,0,0.0489189,0,0.0748649,0,0,0,0,0,0,0,0,0,0,0,0,0,0,0,0,0.0843243,0.461081,1.0827,0,0,0.0340541,0.0704865,0,0.114649,0,0,1.07654,1.18919,5.10811,0.0810811
0.0507407,0.0644444,0.307593,0,0.337963,0.19537,0.0555556,0.190741,0.0214815,0.25537,0.0485185,0.507593,0.0766667,0,0.0103704,0.179259,0.0790741,0.163333,1.555,0.0335185,0.764444,0.00851852,0.0687037,0.045,0.73,0.58963,0.216667,0.333704,0.158889,0.146667,0.0803704,0.0644444,0.0840741,0.0587037,0.214444,0.195741,0.160741,0,0.146296,0.0707407,0.0331481,0.118333,0.117963,0.0655556,0.305926,0.191296,0.00166667,0.0211111,0.0142037,0.15663,0.0311296,0.258278,0.0477778,0.0134815,2.14252,13.037,130.704,0.388889
0.0921687,0.0538554,0.0933735,0,0.453133,0.0498795,0.0214458,0.113373,0.00963855,0.168193,0,0.579398,0.0572289,0.0568675,0,0.114699,0.0187952,0.00963855,0.524337,0.0325301,0.280482,0,0.0255422,0.0203614,0.221446,0.130602,0.348795,0,0.103133,0,0,0,0.138554,0,0,0.0214458,0.0644578,0.0891566,0.0696386,0,0.0279518,0.557349,0.0860241,0.22,0.651566,0.144819,0.0351807,0,0.0236747,0.0826506,0.0083012,0.133337,0,0,1.48851,3.78313,14.9157,0.0361446
0.136438,0.245342,0.237808,0,0.368904,0.0826027,0.0993151,0.0820548,0.0268493,0.316438,0.0852055,0.956164,0.10863,0.0324658,0.0156164,0.263151,0.0819178,0.173836,1.83205,0.00958904,0.697534,0,0.0160274,0.0710959,0.630548,0.49411,0.246438,0.366986,0.0991781,0.163014,0.112329,0.089589,0.229315,0.089589,0.139863,0.199315,0.153562,0,0.119041,0.0782192,0.0154795,0.0586301,0.0839726,0.219863,0.13274,0.0293151,0,0.0587671,0.00593151,0.153836,0.0113288,0.0990274,0.0251644,0.00926027,1.86964,8.89041,89.4795,0.219178
0.554,0.7155,0.843,0,0.321,0.2065,0.0335,0.4395,0.3985,1.5045,0.045,1.664,0.122,0.3395,0.345,0.359,0.057,0.6405,2.0415,0.3615,3.676,0.019,0.4405,0.231,0,0,0,0,0,0,0,0,0.0165,0,0.057,0,0.0185,0,0,0,0,0,0,0,0,0,0,0,0.0081,0.16825,0,1.10565,0.1778,0.0687,44.7956,633.35,839.7,1
0.24175,0.05125,0.2385,0,0.29425,0.055,0.3055,0.16825,0.0755,0.101,0.084,0.37025,0.01675,0.08775,0.035,0.21625,0.24975,0.16975,1.5405,0,0.84025,0,0,0.113,0.277,0.1995,0.074,0.32275,0.1335,0,0,0.0175,0.02975,0.0175,0.16075,0.06725,0.54,0,0.0945,0,0,0.1335,0.035,0.029,0.17975,0.056,0,0,0.0358,0.205,0.005125,0.348975,0.086625,0.00475,3.51845,24.2,67.075,0.65
0.0946067,0.0460674,0.188989,0,0.21382,0.100225,0.15573,0.0661798,0.0146067,0.208202,0.068427,0.793258,0.0258427,0.031236,0.0251685,0.124157,0.183596,0.078764,1.87,0.00505618,0.564494,0,0.110674,0.00977528,0.287865,0.109775,0.186067,0,0.0339326,0.14573,0.0101124,0,0.188764,0,0,0.117865,0.175618,0.00617978,0.0952809,0.00292135,0.115618,0.165281,0.0240449,0.0998876,0.260112,0.103146,0,0.0682022,0.015382,0.118865,0.00852809,0.216247,0.0159101,0.00988764,1.64543,5.85393,44.3596,0.146067
0.0561818,0.130364,0.414545,0,0.575818,0.0996364,0.285273,0.174545,0.0781818,0.185091,0.132727,0.674727,0.058,0,0.225455,0.266364,0.299636,0.464,2.05709,0.482364,1.21818,0.214727,0.266364,0.119818,0.348364,0.150909,0.0592727,0.157455,0.0249091,0.137636,0.0249091,0.0249091,0.0163636,0.0249091,0.0474545,0.0610909,0.0849091,0,0.158909,0.110364,0.0192727,0.0518182,0.00654545,0,0.188182,0.0469091,0,0,0.00478182,0.156418,0.00118182,0.318218,0.0958545,0.0359273,6.18598,59.8182,142.527,0.636364
0.0994521,0.0106849,0.357808,0,0.177808,0.0665753,0.0938356,0.0923288,0.139041,0.246301,0.0291781,0.35137,0.0578082,0.141233,0.0158904,0.56,0.0360274,0.173014,1.80178,0,0.84274,0,0.0547945,0.0550685,0.938904,0.525205,0.416438,0.375068,0.238082,0.301507,0.345753,0.220137,0.0220548,0.220137,0.354932,0.301507,0.158082,0.00561644,0.0960274,0.220137,0.0961644,0.148904,0.0980822,0.238082,0.498219,0.323014,0,0,0.00738356,0.186192,0.0343014,0.242178,0.0462055,0.0270685,2.55389,13.0822,37.7534,0.342466
0,0,0,0,0,0,0,0,0,0,0,0,0,0,0,0,0,0,0,0,0,0,0,0,0,0,0,0,0,0,0,0,0,0,0,0,0,0,0,0,0,0,0,0,0,0,0,0,0,0,0,0,0,0,0,0,0,0
0.109091,0.127576,0.27303,0,0.329242,0.124848,0.24697,0.141364,0.0354545,0.273485,0.0890909,0.244242,0.0287879,0.0651515,0.0324242,0.411061,0.119545,0.312727,2.03682,0.0665152,0.90197,0.0227273,0.0954545,0.0957576,0.804848,0.386818,0.375152,0.281212,0.064697,0.150909,0.064697,0.160909,0.0589394,0.160909,0.16197,0.149394,0.132879,0.00606061,0.151212,0.064697,0.0636364,0.0498485,0.131061,0.0736364,0.303788,0.518333,0.0351515,0.0134848,0.0215758,0.151924,0.0105,0.261348,0.0307727,0.125727,2.36295,15.6364,95.697,0.454545
0.10025,0.09,0.2405,0,0.5855,0.19325,0.2455,0,0.08275,0.3355,0.068,0.3275,0.212,0.043,0.01325,0.6655,0.09825,0.185,1.886,0.02875,0.7745,0,0.00825,0.25325,0.12025,0.063,0.08925,0.0665,0,0.037,0,0,0.09275,0,0.02975,0.05575,0.05075,0,0.02025,0.034,0.0065,0,0.0175,0.04825,0.266,0.3295,0,0,0.001125,0.068,0.006825,0.269675,0.051575,0.495725,5.3509,57.05,109.55,0.525
0.106389,0.218611,0.581944,0.548056,0.431944,0.181667,0.268611,0.1925,0.0836111,0.240833,0.133889,0.547222,0.0963889,0,0,0.416111,0.355278,0.441389,2.28833,0.490833,1.53056,0.0238889,0.134167,0.199722,0.0558333,0.0694444,0.00888889,0,0.04,0.04,0,0,0.0075,0,0.0355556,0.0202778,0.127778,0,0.0663889,0.00527778,0,0,0.0211111,0.0211111,0.130833,0.0344444,0,0,0.0128611,0.0873056,0.0236667,0.444472,0.0706389,0.0334722,7.42831,132.528,302.5,0.888889
