0.0587837,0.407851,0.198265,0,0.230677,0.0425847,0.0466344,0.0416171,0.0193711,0.144333,0.0121631,0.464368,0.0602281,0.0535314,0.00398065,0.191071,0.0321009,0.114527,1.67086,0.0226952,0.470207,0,0.0181341,0.0572909,0.580304,0.281451,2.14769,0.119537,0.186551,0.122156,0.101023,0.0724879,0.0907809,0.0724879,0.122737,0.108272,0.0890878,0.0266275,0.0992605,0.07698,0.0714858,0.292018,0.0299793,0.143531,0.571679,0.242571,0.00422253,0.0428818,0.0192101,0.120187,0.0167574,0.204902,0.0210263,0.00686178,1.68757,5.3414,20.557,0.117484
0,0,0,0.04,0,0,0,0,0,0,0,0,0,0,0,0.02,0,0,0.02,0,0,0,0,0,0,0,0,0,0,0,0,0,0,0,0,0,0,0,0,0,0,0,0,0,0,0,0,0,1.024,9.752,0.003,1.542,1.785,1.998,239.571,9989,10062,1
0.351613,0.316452,0.337419,0.00419355,0.224516,0.0554839,0.0354839,0.122903,0.472903,0.526452,0.234516,0.617097,0.41,0.855161,0.0790323,0.174194,0.310323,0.0674194,2.52129,0.0174194,1.15516,0,0.368387,0.397419,0.100323,0.103548,0.00129032,0.000645161,0.000645161,0,0,0,0.143548,0,0.00225806,0.0145161,0.154516,0.00290323,0,0.00258065,0.00516129,0.00193548,0.00741935,0.00451613,0.0558065,0.0219355,0.00225806,0.0187097,0.0295161,0.104484,0.0106129,0.336968,0.495,0.0942581,5.85813,303.29,2361.42,0.870968
0.122143,0.155816,0.375918,0.14602,0.276837,0.125204,0.0885714,0.155102,0.411429,0.483776,0.131122,0.499286,0.123776,0.0936735,0.113163,0.290714,0.135204,0.315408,1.4202,0.205306,0.901327,0.996735,0.151327,0.205408,0.38051,0.128571,0.0384694,0.0204082,0.00387755,0.025102,0.0240816,0.00102041,0.109082,0.00295918,0.133265,0.03,0.147245,0.00183673,0.0306122,0.0244898,0.00846939,0.0256122,0.00459184,0.0127551,0.0379592,0.0377551,0.00612245,0.0197959,0.054949,0.107755,0.0484286,0.354561,0.190561,0.112918,5.64098,93.0102,993.561,0.693878
0.546667,0.69381,0.847143,0,0.305714,0.234762,0.0319048,0.456667,0.417619,1.49,0.0428571,1.62286,0.135238,0.323333,0.398095,0.341905,0.0666667,0.717619,2.05857,0.369524,3.55143,0.0180952,0.457619,0.264286,0,0,0,0,0,0,0,0,0.0157143,0,0.0604762,0,0.017619,0,0,0,0,0,0,0,0,0,0,0,0.00771429,0.160238,0,1.08124,0.179667,0.0672857,43.2083,628.19,852.667,1
0.0966667,0.0133333,0.2,0,0.153333,0.133333,0,0.0966667,0.0966667,0.313333,0.06,0.0733333,0.12,0,0.0633333,0.0133333,0.13,0.0633333,0.626667,0.0133333,0.276667,3.17667,0.23,0.183333,0,0,0,0,0,0,0,0,0,0.0466667,0,0.0133333,0,0,0.0266667,0,0,0,0,0,0.0633333,0,0,0,0.372333,0.095,0.014,0.14,0.03,0.00366667,15.1877,493,9113.67,1
0.195,0.5,0.4,0.095,0.58,0,0,0,0.39,0.19,0,0.2,0,0,0,0.1,0,0,0.195,0.19,0.39,0,0,0.2,0.095,0,0,0.095,0,0,0,0,0,0.19,0,0,0,0,0,0,0,0,0,0,0,0,0,0,0,0.035,0,0.4155,0.7295,0.015,1062,2123,2124,1
0.318864,0.152727,0.29,0.0979545,0.0681818,0.114091,0.0206818,0.137273,0.221591,0.383864,0.149545,0.667273,0.346364,0.696136,0.0213636,0.169773,0.279318,0.118636,1.93659,0.0509091,0.881364,0.0356818,0.463636,0.291364,0.101591,0.0645455,0.00545455,0.00159091,0.00227273,0.00409091,0,0,0.328864,0,0,0.0270455,0.188409,0.00159091,0.00522727,0.0143182,0.0159091,0.00818182,0.00477273,0.0163636,0.0411364,0.0425,0.0102273,0.0520455,0.0296136,0.114477,0.00468182,0.251023,0.347659,0.0929773,5.2437,169.523,3258.82,0.772727
0.118649,0.134973,0.232378,0.567784,0.398811,0.12627,0.0622162,0.12027,0.213027,0.285676,0.0877838,0.664973,0.144432,0.0518919,0.0483784,0.211676,0.216703,0.185027,1.69757,0.0652432,0.862757,0.633459,0.21173,0.122541,0.597784,0.185297,0.0526486,0.0276757,0.0217838,0.0277297,0.0100541,0.0112432,0.09,0.00924324,0.0338919,0.0698919,0.128162,0.0187027,0.0182703,0.0184865,0.0450811,0.0458919,0.0152432,0.00886486,0.0706486,0.184757,0.0185946,0.0195135,0.0944595,0.132189,0.0153405,0.192746,0.0976595,0.0763405,4.66262,50.8703,472.054,0.589189
0.005,0.005,0.035,0,0.025,0,0,0.005,0.015,0.065,0.025,0,0,0.025,0,0,0.005,0.035,0.005,0,0.005,0,0,0,0,0,0,0,0,0,0,0,0.035,0,0,0.065,0,0,0,0.005,0.23,0,0,0.015,0,0.4,0.005,0.035,0.036,0.1615,0.075,0.012,0.056,0.012,3.0295,43.5,5648.5,0
0.086,0.081,0.218,0.003,0.1945,0.0915,0.0335,0.15,0.0675,0.177,0.0605,0.483,0.099,0.0515,0.03,0.341,0.182,0.171,0.9615,0.071,0.4255,0.307,0.1265,0.089,0.8245,0.088,0.0055,0.004,0.0075,0.0395,0.018,0,0.1545,0,0.0185,0.127,0.196,0.009,0.03,0.039,0.0445,0.0085,0.013,0.037,0.0285,0.1895,0.0025,0.0625,0.05635,0.13565,0.0295,0.1674,0.0618,0.06675,4.51795,111.8,1915.25,0.3
0.0950882,0.148942,0.337406,0.183854,0.471184,0.12995,0.196196,0.137758,0.074005,0.286549,0.0807305,0.554156,0.142771,0.0453401,0.0429723,0.309849,0.342594,0.247078,1.69572,0.122317,0.959723,0.121662,0.156902,0.0895718,0.474408,0.23204,0.100227,0.103401,0.0516877,0.086398,0.0424937,0.0327456,0.120781,0.0335516,0.0755164,0.0952645,0.166599,0.00967254,0.0460202,0.0733753,0.00632242,0.0275567,0.0531234,0.0469521,0.137456,0.05733,0.00274559,0.0224937,0.0320403,0.146932,0.0173577,0.304859,0.100781,0.0400504,3.90497,48.4509,218.491,0.599496
0.163813,0.0952518,0.357338,0.000791367,0.320576,0.123813,0.0619424,0.17223,0.286331,0.247266,0.0854676,0.708345,0.0770504,0.113453,0.0601439,0.18036,0.292014,0.0643165,1.36885,0.182302,1.10424,0.225899,0.0904317,0.197122,0.9,0.162158,0.0198561,0.00798561,0.00884892,0.0210791,0.0139568,0.00302158,0.0891367,0.00517986,0.0148201,0.0700719,0.162518,0.0177698,0.0243885,0.0266187,0.0536691,0.106835,0.0148921,0.0169784,0.0534532,0.081223,0.00395683,0.0107914,0.0946691,0.177468,0.0141007,0.276029,0.104705,0.0645971,4.05265,68.2662,603.583,0.52518
0.218485,0.405758,0.642727,0.0712121,0.354848,0.187879,0.31,0.127879,0.347879,0.85303,0.209091,0.753939,0.139394,0.0939394,0.262424,0.902424,0.317576,0.231515,1.8797,0.146667,1.54121,0.00515152,0.187576,0.235152,0.290303,0.134545,0.00727273,0,0,0.0221212,0,0,0.0409091,0,0.0218182,0.0142424,0.117576,0.0260606,0.00727273,0.0221212,0,0.0221212,0.010303,0.0148485,0.113333,0.0433333,0,0.0233333,0.0100303,0.123636,0.0180606,0.74,0.228667,0.0663333,25.0363,341.606,664.364,0.939394
0.12212,0.1096,0.37676,0.01752,0.29232,0.10972,0.09572,0.13584,0.09956,0.25112,0.08328,0.4884,0.09156,0.0248,0.03236,0.29132,0.20756,0.2402,1.60436,0.21068,0.89716,0.49332,0.15256,0.1002,0.48,0.19124,0.06748,0.05936,0.04736,0.05012,0.03284,0.01364,0.04572,0.01484,0.0568,0.0558,0.17364,0.01604,0.03256,0.04208,0.02352,0.04404,0.03492,0.03484,0.12468,0.22092,0.0116,0.03532,0.176572,0.155132,0.021128,0.29128,0.126872,0.112608,4.10547,53.924,329,0.56
0.11239,0.107139,0.313044,0.00496195,0.433607,0.152222,0.141659,0.108219,0.045449,0.203242,0.0476103,0.527854,0.0849467,0.0101674,0.0351142,0.300304,0.159833,0.196545,1.6846,0.0784932,0.994642,0.0300609,0.141659,0.0917199,0.52003,0.325784,0.203912,0.15793,0.0852359,0.121081,0.0567123,0.0522679,0.0831659,0.0552207,0.115312,0.11347,0.155479,0.00200913,0.108097,0.0705023,0.0612329,0.0427397,0.0793455,0.0374581,0.247991,0.153105,0.00447489,0.0308828,0.028723,0.144621,0.0194825,0.254808,0.0761507,0.0506286,3.03123,25.0639,136.574,0.490107
0.075,0.0826786,0.2675,0.342143,0.247679,0.07875,0.0701786,0.0633929,0.309107,0.343929,0.0648214,0.431607,0.112679,0.0694643,0.11,0.279464,0.0628571,0.276429,1.20375,0.150179,0.825,0.692679,0.0823214,0.0692857,0.412857,0.2025,0.0203571,0.0228571,0.0105357,0.0198214,0.0230357,0.00160714,0.0894643,0.00160714,0.106964,0.0267857,0.161786,0.000714286,0.00839286,0.0480357,0.0119643,0.0435714,0.00535714,0.0119643,0.0469643,0.0605357,0.0196429,0.0432143,0.0382143,0.165732,0.0240893,0.221857,0.120339,0.0768214,5.07046,73.5893,1231.04,0.589286
0.316364,0.0918182,1.43545,0,0.983636,0,0.0890909,0,0.47,0.713636,0.0609091,0.0609091,0.03,0,0,0.144545,0,0.152727,0.500909,0.757273,0.703636,0,0,0,0.286364,0,0.132727,0.0263636,0,0.0527273,0,0,0,0,0,0,0.0527273,0,0,0,0,0,0,0,0,0,0,0,0,0.0125455,0,0.763182,0.0781818,0,410.545,1239.45,1293.27,0.909091
0.19,0,0.38,0,0,0.19,0,0,0,0,0.19,0.19,0,0,0,0.38,0,0.19,1.14,0,0.38,0,0,0,0,0,0,0,0,0,0,0,0,0,0,0,0,0,0,0,0,0,0,0,0,0,0,0,0.01,0.01,0,0,0,0.003,2.383,21,15841,1
0.11799,0.0864663,0.244984,0.0027772,0.246829,0.066,0.134207,0.130083,0.0334093,0.230187,0.0706943,0.573244,0.0802798,0.0332953,0.0363834,0.245813,0.109005,0.183171,1.65603,0.0358135,0.864249,0.0142591,0.0616166,0.075171,0.654539,0.362891,0.211254,0.235482,0.0917927,0.159617,0.0747668,0.0599896,0.129389,0.0599896,0.15601,0.127907,0.186746,0.0054715,0.106736,0.0617306,0.0301036,0.102363,0.0738653,0.0978031,0.267544,0.241772,0.00582383,0.0287565,0.0171699,0.152748,0.0123917,0.251452,0.0488176,0.0539368,2.63148,15.8953,72.7927,0.357513
0.112632,0.190702,0.695614,0.160702,0.657018,0.614737,0.318421,0.165439,0.581754,0.438947,0.24386,0.722105,0.174737,0.0936842,1.13667,0.326842,0.181404,0.873333,1.75509,0.884912,1.03561,0.101404,0.608421,0.165439,0.00157895,0.00157895,0,0,0,0,0,0,0.00631579,0,0.00508772,0,0.00508772,0,0,0.047193,0,0,0.106842,0.0140351,0.0526316,0.042807,0,0,0.0101404,0.0935965,0.00131579,0.378596,0.153649,0.0242982,12.3067,642.561,1402.19,1
0.0721053,0.189298,0.318947,0.34614,0.660175,0.16386,1.08719,0.261053,0.231404,0.47386,0.216316,0.612807,0.0419298,0.0187719,0.0161404,0.454386,0.759825,0.267368,2.09842,0.212982,1.84298,0.0150877,0.1,0.111579,0.0473684,0.0138596,0.115614,0.0349123,0.00877193,0.00438596,0.127018,0,0,0.00508772,0.0594737,0.0185965,0.0905263,0,0.0610526,0.333333,0,0.00350877,0,0.00491228,0.174737,0,0,0.0175439,0.00850877,0.143719,0.0104211,0.405965,0.135105,0.0387719,26.6343,206,358.439,0.754386
0.196571,0.137429,0.307714,0.00885714,0.351143,0.130857,0.044,0.248286,0.261714,0.392571,0.113429,0.591143,0.221714,0.0705714,0.0837143,0.389143,0.239714,0.209143,1.98743,0.148571,0.978,1.02686,0.361429,0.304571,0.166571,0.101143,0.00657143,0.00485714,0,0.00885714,0.00342857,0,0.0368571,0.00371429,0.00342857,0.100571,0.116286,0.00771429,0.0302857,0.0225714,0,0,0.00228571,0.014,0.0371429,0.0208571,0.00171429,0.0228571,0.0318,0.113343,0.0358,0.277114,0.2118,0.156057,6.77937,148.686,1547.06,0.742857
0.128721,0.193488,0.418488,0.497791,0.322326,0.119884,0.0539535,0.148837,0.281047,0.366163,0.0705814,0.789535,0.198256,0.16093,0.142442,0.14686,0.147442,0.251047,1.70651,0.164884,0.983721,0.0823256,0.127442,0.163023,0.758488,0.141628,0.0215116,0.0259302,0.0143023,0.0183721,0.0243023,0.00290698,0.0809302,0.00290698,0.0383721,0.0609302,0.0948837,0.00162791,0.0187209,0.0389535,0.00337209,0.0897674,0.0306977,0.00860465,0.0273256,0.00209302,0.000697674,0.0296512,0.126407,0.122512,0.0255349,0.904826,0.231128,0.031186,4.06777,60.7442,773.314,0.581395
0.313333,0.0566667,0.3,0,0.213333,0.03,0,0.42,0.4,1.28333,0.153333,0.166667,0.36,0,0.216667,0.03,0.496667,0.4,2.25333,0.03,1.24,0,0.82,0.563333,0,0,0,0,0,0,0,0,0,0,0,0.106667,0,0,0.0566667,0.366667,0,0,0,0,0.12,0,0,0,0.0383333,0.0766667,0,0.328333,0.075,0.00733333,32.4923,1282,2806,1
