0.0934597,0.102844,0.316114,0.0104265,0.388815,0.133602,0.0988626,0.116777,0.0647393,0.243033,0.0678673,0.541659,0.144313,0.0252607,0.0487204,0.218815,0.218673,0.256209,1.57938,0.103602,0.80237,0.305118,0.176209,0.0808531,0.577014,0.243175,0.110711,0.0738389,0.0636019,0.0754502,0.0351185,0.0336967,0.0664455,0.0366351,0.0633175,0.0872038,0.161232,0.00123223,0.0371564,0.0581991,0.0191469,0.0347867,0.0478199,0.0333649,0.154313,0.157156,0,0.0220853,0.053436,0.157711,0.0263365,0.240265,0.116782,0.0587583,3.60802,40.8578,266.929,0.56872
0.125541,0.326486,0.413919,1.225,0.794865,0.177432,0.525,0.151081,0.0762162,0.325,0.0960811,0.624865,0.112838,0.0535135,0.0478378,0.622432,0.991622,0.34473,2.21514,0.380405,1.7427,0.022027,0.149459,0.165676,0.0077027,0.0077027,0,0.00837838,0,0.0131081,0,0,0.00810811,0,0.00635135,0.0424324,0.107838,0.0210811,0.0322973,0.0475676,0,0,0,0.00743243,0.0787838,0.0189189,0,0,0.00478378,0.121027,0.0115135,0.606311,0.178014,0.039,8.34011,128.257,222.203,0.932432
0.155429,0.161857,0.823714,0.133571,0.691714,0.497857,0.269,0.145286,0.556143,0.496286,0.205143,0.654857,0.144286,0.0868571,0.925571,0.302286,0.123143,0.727571,1.517,0.789143,1.02771,0.0825714,0.506,0.138286,0.049,0.00128571,0.0208571,0.00685714,0,0.00828571,0,0,0.003,0.00542857,0.00414286,0,0.0177143,0,0,0.0384286,0,0,0.08,0.0114286,0.0428571,0.0348571,0,0,0.00825714,0.0784857,0.00107143,0.468929,0.158857,0.0214143,106.227,790.257,1399.94,0.985714
0.0937712,0.0979661,0.352712,0.00368644,0.344746,0.136314,0.150339,0.155381,0.0695339,0.253008,0.0949153,0.478432,0.116186,0.0423305,0.0177966,0.290212,0.167034,0.194025,1.5678,0.126144,0.879788,0.00783898,0.159534,0.0809322,0.569534,0.307246,0.102754,0.133856,0.0587288,0.111949,0.0532203,0.0283475,0.162161,0.0283475,0.107034,0.104237,0.209068,0.00936441,0.0596186,0.0612712,0.0722881,0.0326271,0.0602966,0.0574576,0.151864,0.18339,0.00461864,0.0338136,0.0414661,0.146894,0.0161907,0.242775,0.0795212,0.0269958,3.13536,33.3093,198.979,0.5
0.314865,0.276757,0.336486,0.00351351,0.248919,0.0745946,0.0389189,0.149459,0.425676,0.528919,0.214054,0.579189,0.367838,0.723243,0.0859459,0.259189,0.332432,0.11027,2.41297,0.0359459,1.0927,0.0454054,0.393784,0.371622,0.0959459,0.0994595,0.00162162,0.000540541,0.000540541,0,0,0,0.123243,0,0.00189189,0.0321622,0.133784,0.00297297,0.00243243,0.0391892,0.00432432,0.00216216,0.00621622,0.00378378,0.0594595,0.0194595,0.00189189,0.0156757,0.0328378,0.100892,0.0108919,0.335595,0.430541,0.0987568,7.64754,346.757,2344.32,0.864865
0.116104,0.137792,0.234935,0.67961,0.409351,0.111429,0.0611039,0.110584,0.222662,0.228182,0.0911039,0.675325,0.120909,0.0444156,0.0425974,0.199805,0.232922,0.166039,1.63429,0.0744156,0.727143,0.75987,0.17526,0.133961,0.668896,0.193442,0.0612338,0.0307792,0.0261688,0.0320779,0.0120779,0.0135065,0.0812338,0.00831169,0.0407143,0.0734416,0.120714,0.0224675,0.018961,0.0116883,0.0330519,0.0468182,0.0183117,0.0106494,0.0623377,0.0823377,0.0205844,0.0234416,0.105701,0.125617,0.0127338,0.173851,0.091026,0.0872338,4.46466,46.6818,463.273,0.558442
0.160521,0.188021,0.38625,0.455833,0.290208,0.147292,0.0482292,0.1125,0.335729,0.350833,0.0761458,0.692708,0.200937,0.150729,0.205729,0.123854,0.158229,0.200625,1.74552,0.140417,1.00625,0,0.122396,0.214271,0.755208,0.178646,0.0279167,0.0204167,0.0136458,0.0332292,0.018125,0.00447917,0.074375,0.00447917,0.0319792,0.0539583,0.0946875,0.00666667,0.0183333,0.0401042,0.0078125,0.129896,0.0353125,0.0128125,0.041875,0.0215625,0.00479167,0.020625,0.127104,0.154135,0.0161562,0.853125,0.239729,0.0252396,4.39967,85.2812,739.562,0.59375
0.139881,0.0693433,0.278776,0.00731343,0.441672,0.104985,0.111522,0.0968358,0.0360597,0.173284,0.0398209,0.448269,0.0858209,0.0126567,0.0195224,0.344746,0.146627,0.154896,1.65836,0.0265373,0.781821,0.0296119,0.103343,0.0748657,0.50194,0.348149,0.224746,0.194955,0.0938806,0.109731,0.0613731,0.0518209,0.0867164,0.0585373,0.132716,0.144687,0.151104,0.00325373,0.110985,0.0612239,0.0355224,0.0485672,0.0888955,0.0746269,0.273015,0.172478,0.000835821,0.0416119,0.0227522,0.132704,0.0205701,0.293707,0.0670328,0.0803493,2.66967,21.5821,117.603,0.459701
0.361,0.581,0.80175,0.02275,0.39725,0.2195,0.1945,0.274,0.3905,1.216,0.1315,1.16,0.12675,0.21475,0.3365,0.7075,0.205,0.43325,1.90525,0.26125,2.49825,0.01375,0.44725,0.24475,0.00625,0.01275,0,0,0,0,0,0,0.01625,0,0.04375,0.0105,0.08175,0.009,0,0,0,0,0.0045,0,0.06725,0.012,0,0.01925,0.01055,0.12565,0.044175,0.94615,0.234025,0.0672,38.5337,490.925,750.35,0.975
0.0804444,0.144381,0.330127,0.00257143,0.43019,0.191175,0.162857,0.108,0.050254,0.235651,0.053746,0.638635,0.0898095,0.00609524,0.0525079,0.253746,0.167365,0.242857,1.68187,0.115905,1.16517,0.0414286,0.157968,0.106952,0.552254,0.308794,0.194063,0.14181,0.0862222,0.128508,0.0615238,0.0593968,0.0849524,0.0584127,0.104508,0.0932381,0.164698,0.000730159,0.106444,0.0874286,0.0399683,0.0465397,0.0772381,0.0151746,0.22054,0.0795238,0.00844444,0.0135238,0.0228857,0.161079,0.020181,0.216451,0.0734635,0.0180603,3.23708,27.3143,151.013,0.507937
0.132454,0.117975,0.374172,0.0220245,0.300552,0.083865,0.0907975,0.15773,0.132331,0.300307,0.0700613,0.493742,0.0968712,0.0333129,0.0523926,0.272331,0.20773,0.223497,1.59699,0.181227,0.921472,0.641902,0.143804,0.0917791,0.441902,0.181411,0.0732515,0.0726994,0.0534969,0.0541718,0.0392025,0.0182822,0.0406135,0.0182822,0.0509202,0.0639264,0.15816,0.0234356,0.0376074,0.069816,0.0198773,0.0482822,0.0420245,0.0469939,0.117546,0.161288,0.0177914,0.0442331,0.252006,0.148252,0.0137791,0.297227,0.141742,0.144227,4.1172,52.7485,351.27,0.552147
0.0997382,0.0405759,0.225393,0.00701571,0.198377,0.0674869,0.104084,0.124215,0.0293717,0.24144,0.0391623,0.512382,0.0984031,0.0133246,0.0301571,0.138665,0.125445,0.203848,1.49497,0.0317539,0.625157,0.00151832,0.0381414,0.0469372,0.775419,0.391623,0.244503,0.283482,0.112723,0.176859,0.0850785,0.0551832,0.189686,0.0551832,0.163639,0.139372,0.270838,0.00753927,0.124948,0.0717801,0.0357592,0.0950785,0.100654,0.104895,0.29288,0.224555,0.00863874,0.0316754,0.0220864,0.194901,0.0170288,0.232848,0.0482042,0.0600812,2.27477,12.0288,68.877,0.311518
0,0,0,0,0,0,0,0,0,0,0,0,0,0,0,0.325203,0,0,0,0,0,0,0,0,0.0903252,0.116098,20.068,0,0,0,0,0,0,0,0,0,0,0,0,0,0,0.18065,0,0,0.0541463,0,0,0,0,0.0285203,0,0.00934146,0,0,1.20634,1.6748,5.45528,0
0.0848387,0.12305,0.209971,0,0.321437,0.0653666,0.162375,0.179941,0.0631965,0.261584,0.0582111,0.519384,0.0769208,0.0793255,0.0433138,0.384135,0.125279,0.202287,1.9088,0.0580352,0.904487,0.0292082,0.0990909,0.0744282,0.472757,0.322258,0.194633,0.205865,0.0417889,0.105308,0.0446334,0.0592375,0.0721408,0.0592375,0.103314,0.12261,0.105337,0.00469208,0.0796188,0.0462463,0.0243988,0.058827,0.0604106,0.0841935,0.292727,0.226481,0.00680352,0.0208798,0.0133548,0.124965,0.0116012,0.248633,0.0644135,0.0377859,3.21908,23.3842,88.7595,0.457478
0.146147,0.122489,0.307121,0,0.216255,0.0629221,0.143117,0.0566667,0.0176407,0.245649,0.090974,0.654351,0.0962121,0.0252597,0.0220346,0.229978,0.0730736,0.132965,1.78364,0.0115584,0.966407,0,0.0564286,0.0855411,0.637273,0.332944,0.310779,0.226255,0.139935,0.208636,0.137013,0.0959307,0.128745,0.0959307,0.220173,0.152965,0.192359,0.00380952,0.198463,0.0979221,0.0611688,0.174307,0.0570779,0.121623,0.259329,0.237186,0,0.0339394,0.0150628,0.152933,0.0119913,0.261054,0.0569416,0.0424589,2.38671,11.8268,46.5606,0.25974
0.096,0.008,0.196,0.008,0.092,0.118,0,0.058,0.058,0.188,0.074,0.082,0.072,0,0.038,0.088,0.078,0.076,0.608,0.008,0.242,1.906,0.138,0.11,0,0,0,0,0,0,0,0,0,0.028,0,0.008,0,0,0.016,0,0,0,0,0,0.038,0,0,0,0.4302,2.0094,0.009,0.3924,0.375,0.4024,57.5034,2297.8,10648.8,1
0.123173,0.152212,0.386827,0.137596,0.296442,0.119135,0.0879808,0.184135,0.423558,0.510385,0.121923,0.540481,0.127885,0.0642308,0.134423,0.267692,0.150288,0.367981,1.41615,0.175096,0.925096,0.902885,0.124135,0.196154,0.495385,0.149135,0.03,0.0244231,0.00548077,0.0263462,0.0195192,0.00182692,0.121635,0.00365385,0.123558,0.0320192,0.137212,0.00173077,0.0323077,0.0310577,0.00923077,0.0268269,0.00519231,0.0120192,0.03625,0.0361538,0.00634615,0.0283654,0.0588654,0.107587,0.0431154,0.358625,0.178442,0.10376,4.69535,77.2019,969.981,0.682692
0.0915714,0.129714,0.267571,0.273714,0.271429,0.0787143,0.065,0.0625714,0.291,0.379429,0.0832857,0.465571,0.135571,0.143714,0.0925714,0.279857,0.0828571,0.248714,1.37257,0.250571,0.908,0.857571,0.0971429,0.093,0.367571,0.172286,0.0305714,0.0182857,0.00842857,0.0158571,0.032,0.00128571,0.0765714,0.00128571,0.0991429,0.0232857,0.164143,0.000571429,0.0164286,0.0384286,0.00957143,0.0348571,0.0112857,0.011,0.0407143,0.0484286,0.0157143,0.0377143,0.034,0.153971,0.0199857,0.225086,0.1278,0.102971,6.30633,105.857,1230.47,0.6
0.157181,0.0943624,0.34302,0.00187919,0.321208,0.140336,0.0628859,0.178389,0.236443,0.277181,0.088255,0.738993,0.0983221,0.0980537,0.0226846,0.188792,0.273356,0.0995973,1.44503,0.169799,1.22128,0.211879,0.137315,0.164094,0.793221,0.154899,0.0146309,0.00563758,0.00644295,0.0131544,0.0112081,0.00100671,0.10349,0.00302013,0.0120134,0.0624832,0.16094,0.0165772,0.0227517,0.0208054,0.0679195,0.0768456,0.00932886,0.0158389,0.0603356,0.213356,0.00241611,0.00711409,0.0814564,0.169054,0.0170134,0.281946,0.0977584,0.0612416,4.25561,64.7315,584.624,0.577181
0.30617,0.144894,0.280426,0.0917021,0.0723404,0.106809,0.0193617,0.139787,0.221064,0.399574,0.144681,0.630213,0.341064,0.652766,0.0255319,0.158936,0.276596,0.12,1.86936,0.0476596,0.868511,0.0334043,0.447021,0.28766,0.0951064,0.0604255,0.00510638,0.00148936,0.00212766,0.00382979,0,0,0.309362,0,0,0.0297872,0.176383,0.00148936,0.00659574,0.017234,0.0246809,0.00765957,0.00446809,0.0159574,0.0421277,0.0568085,0.00978723,0.0502128,0.0292553,0.115766,0.00757447,0.24734,0.329319,0.0877872,5.44715,185.447,3357.47,0.744681
0.0605263,0.244211,0.36807,0.00859649,0.639825,0.164035,1.06333,0.240175,0.208596,0.519123,0.222982,0.648947,0.0478947,0.022807,0.0161404,0.638246,0.785439,0.300526,2.20333,0.19,1.61053,0,0.135789,0.100175,0.0473684,0.0138596,0.115614,0.0349123,0.00877193,0.00438596,0.127018,0,0,0.0126316,0.0594737,0.0133333,0.108246,0,0.0517544,0.333333,0,0.00350877,0,0,0.174737,0,0,0.0175439,0.0112456,0.153632,0.0104211,0.423193,0.095614,0.0428246,25.2799,214.281,388.439,0.754386
0.0639783,0.0537174,0.251783,0,0.261717,0.0430652,0.0593478,0.0413696,0.0350217,0.113717,0.0157826,0.652674,0.0614565,0.0641087,0.00765217,0.187717,0.0422826,0.131783,1.78004,0.0192174,0.464957,0,0.0198913,0.0856957,1.16863,0.520022,0.430565,0.22113,0.307326,0.249565,0.1975,0.163217,0.0536304,0.163217,0.213,0.21113,0.148239,0.0180217,0.0844565,0.172304,0.0767391,0.276522,0.0234783,0.117587,0.498457,0.1505,0.00221739,0.0436304,0.0296935,0.160893,0.0118739,0.178909,0.017987,0.0135587,1.95565,6.92391,27.8826,0.16087
0,14.1478,0,0,0,0,0,0,0,0.132222,0,0,0,0,0,0,0,0,0,0,0,0,0,0,0,0,0,0,0,0,0,0,0,0,0,0,0,0,0,0,0,0,0,0,0.132222,0,0,0,0,0,0,0,0,0,1.77778,4.88889,9.02778,0
0.057585,0.0434014,0.177024,0,0.272347,0.0431803,0.0166156,0.0510714,0.00641156,0.131786,0.00163265,0.40267,0.045085,0.0617347,0,0.155425,0.012534,0.121684,1.93012,0.0355102,0.517126,0,0.00360544,0.0561735,0.255646,0.130544,0.572194,0.01,0.151259,0.0223299,0.0212585,0,0.125357,0,0.0440136,0.0191327,0.00909864,0.0497959,0.065,0.0019898,0.0794898,0.393827,0.0256973,0.198401,0.865255,0.398146,0.00865646,0.0592347,0.0157041,0.0896224,0.0238605,0.269663,0.00464966,0,1.39005,2.80612,10.1633,0.0731293
0.153478,0.124783,0.265435,0.00804348,0.295435,0.106304,0.0395652,0.230435,0.203696,0.299348,0.0923913,0.540435,0.148261,0.0695652,0.0623913,0.32413,0.210435,0.185652,1.49261,0.128696,0.707826,0.652609,0.261522,0.233478,0.461087,0.0893478,0.00586957,0.00543478,0.00326087,0.023913,0.0104348,0,0.0884783,0.00282609,0.0106522,0.118043,0.160217,0.00934783,0.0213043,0.0245652,0.0193478,0.00326087,0.0073913,0.0245652,0.0297826,0.0973913,0.0023913,0.0397826,0.0394565,0.123587,0.0373696,0.200739,0.163326,0.101739,5.77274,124.522,1677.87,0.543478
