0.0587837,0.407851,0.198265,0,0.230677,0.0425847,0.0466344,0.0416171,0.0193711,0.144333,0.0121631,0.464368,0.0602281,0.0535314,0.00398065,0.191071,0.0321009,0.114527,1.67086,0.0226952,0.470207,0,0.0181341,0.0572909,0.580304,0.281451,2.14769,0.119537,0.186551,0.122156,0.101023,0.0724879,0.0907809,0.0724879,0.122737,0.108272,0.0890878,0.0266275,0.0992605,0.07698,0.0714858,0.292018,0.0299793,0.143531,0.571679,0.242571,0.00422253,0.0428818,0.0192101,0.120187,0.0167574,0.204902,0.0210263,0.00686178,1.68757,5.3414,20.557,0.117484
0.263235,0.162353,0.265,0.126765,0.0747059,0.0882353,0.0255882,0.126471,0.227059,0.397647,0.124706,0.592353,0.290882,0.622941,0.0108824,0.125,0.247059,0.100882,1.76706,0.0208824,0.834412,0.0461765,0.510882,0.23,0.131471,0.0835294,0.00676471,0.00205882,0.00205882,0.005,0,0,0.38,0,0,0.0282353,0.219706,0.00205882,0.00647059,0.00735294,0.0188235,0.00794118,0.00617647,0.0144118,0.0355882,0.0514706,0.00676471,0.0505882,0.0336765,0.0950882,0.006,0.204441,0.357824,0.0869706,5.46471,173.118,3161.06,0.735294
0.183219,0.108836,0.349178,0.00410959,0.309178,0.135068,0.0645205,0.174795,0.273699,0.274932,0.0811644,0.665068,0.113562,0.122603,0.0621233,0.198493,0.292877,0.0782877,1.26541,0.164726,1.03356,0.215068,0.0957534,0.225753,0.977466,0.154452,0.0206849,0.00760274,0.0106164,0.0217123,0.0136986,0.00287671,0.0975342,0.00493151,0.0176712,0.0870548,0.164041,0.0169178,0.0223288,0.0252055,0.0510959,0.111438,0.0163699,0.0134247,0.0486986,0.0767123,0.00376712,0.0176027,0.0938082,0.176411,0.0123973,0.269904,0.109671,0.0616644,4.06395,69.911,623.63,0.506849
0.0966667,0.0133333,0.2,0,0.153333,0.133333,0,0.0966667,0.0966667,0.313333,0.06,0.0733333,0.12,0,0.0633333,0.0133333,0.13,0.0633333,0.626667,0.0133333,0.276667,3.17667,0.23,0.183333,0,0,0,0,0,0,0,0,0,0.0466667,0,0.0133333,0,0,0.0266667,0,0,0,0,0,0.0633333,0,0,0,0.372333,0.095,0.014,0.14,0.03,0.00366667,15.1877,493,9113.67,1
0.119615,0.133269,0.734231,0,0.685385,0.624231,0.325192,0.136923,0.581731,0.373269,0.253269,0.720962,0.187885,0.102692,1.16635,0.352692,0.1225,0.886538,1.73865,0.941346,1.01808,0.111154,0.634615,0.173654,0.00173077,0.00173077,0,0,0,0,0,0,0.00692308,0,0.00557692,0,0,0,0,0.0461538,0,0,0.105769,0.0153846,0.0576923,0.0469231,0,0,0.00367308,0.0909808,0.00144231,0.389212,0.154846,0.0244038,12.313,639.942,1422.94,1
0.329512,0.603415,0.789268,0.0221951,0.395366,0.190976,0.241951,0.282195,0.367073,1.18707,0.143171,1.12341,0.113902,0.209512,0.292683,0.782927,0.237073,0.388293,1.89707,0.288049,2.48195,0.00414634,0.416829,0.216098,0.00609756,0.012439,0,0,0,0,0,0,0.0158537,0,0.0395122,0.0102439,0.0890244,0.00878049,0,0.0114634,0,0,0.00439024,0,0.0895122,0.0117073,0,0.0187805,0.0102927,0.12139,0.0430976,0.947756,0.226707,0.0702439,35.7406,471.146,725.195,0.97561
0.19,0,0.38,0,0,0.19,0,0,0,0,0.19,0.19,0,0,0,0.38,0,0.19,1.14,0,0.38,0,0,0,0,0,0,0,0,0,0,0,0,0,0,0,0,0,0,0,0,0,0,0,0,0,0,0,0.01,0.01,0,0,0,0.003,2.383,21,15841,1
0,0,0,0.04,0,0,0,0,0,0,0,0,0,0,0,0.02,0,0,0.02,0,0,0,0,0,0,0,0,0,0,0,0,0,0,0,0,0,0,0,0,0,0,0,0,0,0,0,0,0,1.024,9.752,0.003,1.542,1.785,1.998,239.571,9989,10062,1
0.0941975,0.146988,0.339062,0.180222,0.456469,0.125062,0.192889,0.131136,0.0751358,0.279432,0.0790123,0.554815,0.137383,0.0444444,0.0421235,0.304049,0.336642,0.247432,1.65486,0.120494,0.921728,0.120247,0.161284,0.0900988,0.47242,0.231037,0.0994074,0.101111,0.0554074,0.0846914,0.0416543,0.0320988,0.120346,0.0328889,0.0754568,0.0960741,0.166148,0.00948148,0.0445432,0.0715062,0.00619753,0.0303951,0.0520741,0.0460247,0.136519,0.0551358,0.00269136,0.0228889,0.0327358,0.147933,0.0177506,0.306175,0.100578,0.0396074,3.92717,48.0642,221.741,0.595062
0.124375,0.127083,0.386146,0.00708333,0.289479,0.100833,0.0938542,0.148437,0.391875,0.487292,0.123125,0.490625,0.149479,0.116458,0.0938542,0.338646,0.113333,0.342083,1.42865,0.185521,0.964167,0.667813,0.0925,0.198958,0.319062,0.137812,0.0223958,0.0180208,0.00135417,0.0177083,0.025625,0.0009375,0.084375,0.00395833,0.103958,0.0223958,0.150313,0.001875,0.0171875,0.0421875,0.0136458,0.0313542,0.00604167,0.0154167,0.038125,0.0577083,0.0147917,0.0321875,0.0469375,0.111187,0.0378437,0.365437,0.203427,0.083625,5.12808,86.5729,1049.29,0.708333
0.115971,0.129515,0.253107,0.508883,0.407961,0.116893,0.0845146,0.11801,0.20767,0.263592,0.0879126,0.70267,0.132379,0.0538835,0.0412136,0.239078,0.209223,0.176117,1.76374,0.0728641,0.911408,0.568883,0.201214,0.122961,0.593883,0.183835,0.0478155,0.0248544,0.0219903,0.0261165,0.00980583,0.0100971,0.0834951,0.00830097,0.0317961,0.0602427,0.126019,0.0167961,0.0265049,0.00956311,0.0404854,0.0465049,0.0156796,0.0104854,0.0795631,0.166359,0.016699,0.022767,0.0889175,0.134981,0.014699,0.215495,0.0910485,0.0717961,4.90215,59.165,477.641,0.597087
0.461667,0.345833,0.301667,0,0.160833,0.03,0.005,0.235833,0.516667,0.801667,0.258333,0.55,0.565,0.923333,0.0766667,0.171667,0.446667,0.121667,2.91,0.0075,1.35083,0,0.5975,0.550833,0,0,0,0,0,0,0,0,0,0,0.005,0.0266667,0,0,0.0141667,0.0916667,0,0,0,0,0.0591667,0,0,0,0.0159167,0.0771667,0,0.422917,0.53275,0.100583,13.3378,832.667,2500.5,1
0.225,0.214583,0.33875,0.0025,0.335,0.10125,0.0629167,0.172917,0.326667,0.405833,0.177917,0.58125,0.29,0.487917,0.108333,0.369583,0.30375,0.1575,2.22417,0.0729167,1.01792,0.108333,0.307917,0.290833,0.581667,0.0320833,0.000833333,0,0.000833333,0.01375,0,0,0.0229167,0,0.01,0.07125,0.06125,0.000833333,0.0116667,0.0279167,0.0145833,0.00416667,0.00916667,0.0166667,0.0420833,0.06375,0,0.0370833,0.0149167,0.0934167,0.00804167,0.327167,0.267458,0.098125,6.0625,163.708,2129.83,0.791667
0.316364,0.0918182,1.43545,0,0.983636,0,0.0890909,0,0.47,0.713636,0.0609091,0.0609091,0.03,0,0,0.144545,0,0.152727,0.500909,0.757273,0.703636,0,0,0,0.286364,0,0.132727,0.0263636,0,0.0527273,0,0,0,0,0,0,0.0527273,0,0,0,0,0,0,0,0,0,0,0,0,0.0125455,0,0.763182,0.0781818,0,410.545,1239.45,1293.27,0.909091
0.233333,0.675556,0.517778,1.01778,0.325556,0.417778,0.137778,0.427778,0.494444,1.21778,0.163333,1.25444,0.0655556,0.0822222,0.622222,0.114444,0.47,0.66,2.05333,0.224444,2.14222,0.0422222,0.357778,0.147778,0,0,0,0,0,0,0,0,0,0,0.0144444,0,0.0733333,0,0,0.0322222,0,0,0.0655556,0,0,0,0,0,0.043,0.124556,0,0.505778,0.146222,0.0385556,31.5304,699.556,1104.56,1
0.117867,0.0863768,0.244731,0.00277433,0.246573,0.0659317,0.134068,0.129948,0.0333747,0.229948,0.0706211,0.57265,0.0801967,0.0332609,0.0363458,0.245559,0.108892,0.182981,1.65605,0.0357764,0.863354,0.0142443,0.0615528,0.0750932,0.657909,0.364824,0.211605,0.235807,0.0922671,0.160021,0.0752588,0.0604969,0.129255,0.0604969,0.156418,0.128344,0.187122,0.00546584,0.106625,0.062236,0.0300725,0.102257,0.0743582,0.0977019,0.267836,0.241522,0.00581781,0.0287267,0.0171522,0.152875,0.0124731,0.251571,0.0487671,0.053881,2.63104,15.8923,72.8271,0.357143
0.005,0.005,0.035,0,0.025,0,0,0.005,0.015,0.065,0.025,0,0,0.025,0,0,0.005,0.035,0.005,0,0.005,0,0,0,0,0,0,0,0,0,0,0,0.035,0,0,0.065,0,0,0,0.005,0.23,0,0,0.015,0,0.4,0.005,0.035,0.036,0.1615,0.075,0.012,0.056,0.012,3.0295,43.5,5648.5,0
0.195,0.5,0.4,0.095,0.58,0,0,0,0.39,0.19,0,0.2,0,0,0,0.1,0,0,0.195,0.19,0.39,0,0,0.2,0.095,0,0,0.095,0,0,0,0,0,0.19,0,0,0,0,0,0,0,0,0,0,0,0,0,0,0,0.035,0,0.4155,0.7295,0.015,1062,2123,2124,1
0.115315,0.122028,0.366049,0.085035,0.34965,0.123007,0.274266,0.167832,0.128392,0.315175,0.111993,0.50458,0.0845804,0.0254196,0.0333916,0.308112,0.328182,0.23979,1.7099,0.225769,1.08881,0.432832,0.137902,0.0983217,0.41507,0.163112,0.0803846,0.0576573,0.0346853,0.0438112,0.054021,0.0119231,0.0367832,0.013986,0.0594755,0.0523077,0.163497,0.014021,0.0340559,0.108287,0.0205594,0.0337063,0.0305245,0.0314336,0.131993,0.192273,0.0101399,0.0296853,0.152563,0.148843,0.0196364,0.312654,0.131661,0.104832,8.37626,81.5175,334.913,0.590909
0.508,0.12,0.375,0,0.046,0.202,0.004,0.174,0.203,0.337,0.234,0.922,0.535,0.945,0.057,0.322,0.389,0.179,2.513,0.153,1.041,0,0.303,0.5,0,0,0.001,0,0.003,0.001,0,0,0.155,0,0,0.023,0.082,0,0.001,0.038,0.006,0.009,0,0.023,0.06,0.012,0.022,0.057,0.0158,0.1804,0.0002,0.4094,0.3131,0.1134,4.4923,157.3,3591.2,0.9
0.0795349,0.100698,0.283488,0.445581,0.242093,0.0848837,0.0723256,0.0337209,0.283953,0.245116,0.0693023,0.438837,0.105814,0.0351163,0.113953,0.227907,0.0597674,0.183488,1.42163,0.181628,0.803023,1.14186,0.122558,0.0713953,0.366047,0.203953,0.0186047,0.0227907,0.0116279,0.015814,0.0230233,0,0.0567442,0,0.124651,0.0186047,0.126279,0.000930233,0.025814,0.02,0.00255814,0.0339535,0,0.014186,0.0437209,0.0267442,0.0027907,0.0118605,0.035093,0.162372,0.024,0.208744,0.100674,0.122698,5.57965,89.6977,1318.98,0.604651
0.214444,0.194444,0.255556,0.0144444,0.137778,0.0711111,0.0222222,0.0733333,0.308889,0.39,0.126667,0.463333,0.208889,0.498889,0.0177778,0.132222,0.19,0.05,1.43556,0.00222222,0.634444,0,0.205556,0.244444,0.345556,0.356667,0.00444444,0.00222222,0.00222222,0,0,0,0.494444,0,0.00111111,0.0455556,0.51,0.01,0,0.00222222,0.0177778,0.00666667,0.0122222,0.0155556,0.0877778,0.0688889,0.00777778,0.0644444,0.0796667,0.156,0.033,0.182889,0.442,0.0548889,4.16011,100.111,2517.44,0.555556
0.165429,0.127714,0.276857,0.00885714,0.292286,0.109714,0.0371429,0.256,0.222571,0.331429,0.100571,0.524,0.145429,0.0728571,0.0702857,0.333143,0.231143,0.196286,1.46,0.154,0.722857,0.831429,0.289429,0.255429,0.144571,0.0782857,0.00657143,0.00371429,0.00371429,0.0197143,0.0102857,0,0.0997143,0.00371429,0.006,0.120571,0.173143,0.0122857,0.02,0.0274286,0.0154286,0.002,0.00685714,0.016,0.0328571,0.0871429,0.00314286,0.0245714,0.0459143,0.1226,0.0429429,0.193229,0.177486,0.119571,5.93726,131.2,1640.03,0.571429
0.124375,0.199583,0.39,0.597813,0.302917,0.142083,0.0553125,0.144896,0.355938,0.42875,0.0845833,0.737292,0.159896,0.118021,0.196354,0.156875,0.143958,0.3175,1.73958,0.163542,0.993646,0.424167,0.136042,0.1525,0.661875,0.174375,0.0392708,0.0304167,0.0130208,0.0347917,0.0228125,0.00364583,0.115521,0.00260417,0.0676042,0.0360417,0.100104,0.00666667,0.0330208,0.0379167,0.00385417,0.0689583,0.0233333,0.0126042,0.0269792,0.0159375,0.00229167,0.025625,0.12424,0.139146,0.026625,0.85251,0.23076,0.0634583,4.89008,80.3021,817.906,0.625
0.111717,0.108042,0.311491,0.00490964,0.439036,0.154217,0.142515,0.109458,0.0449699,0.202756,0.0486596,0.528464,0.0872741,0.0100602,0.034744,0.300377,0.159051,0.19872,1.69291,0.0776657,1.01105,0.029744,0.141009,0.0916566,0.50866,0.318991,0.200934,0.156099,0.083509,0.118976,0.0552861,0.0508886,0.0824699,0.0538102,0.113268,0.111446,0.153193,0.00198795,0.107304,0.0694428,0.0605873,0.0422892,0.0776807,0.0370633,0.245452,0.1525,0.00442771,0.0305572,0.0284202,0.144167,0.0191401,0.2532,0.0765587,0.0503855,3.02288,25.1431,137.148,0.495482
