0.0786434,0.140349,0.327636,0.00313953,0.387054,0.170581,0.141279,0.0967442,0.0560465,0.243605,0.0451163,0.63376,0.0745736,0.00790698,0.0146124,0.252093,0.130349,0.225155,1.61031,0.0698837,1.08992,0.0505814,0.130233,0.102403,0.548915,0.296124,0.204264,0.12655,0.102907,0.126395,0.0660078,0.0631008,0.0973256,0.0631008,0.104535,0.0982171,0.177984,0.000891473,0.113566,0.084031,0.0964341,0.0465116,0.0902713,0.0205814,0.198295,0.164845,0.0103101,0.0187984,0.0379961,0.151829,0.020438,0.218787,0.0707713,0.0224845,3.15259,25.5504,157.205,0.468992
0.160521,0.188021,0.38625,0.455833,0.290208,0.147292,0.0482292,0.1125,0.335729,0.350833,0.0761458,0.692708,0.200937,0.150729,0.205729,0.123854,0.158229,0.200625,1.74552,0.140417,1.00625,0,0.122396,0.214271,0.755208,0.178646,0.0279167,0.0204167,0.0136458,0.0332292,0.018125,0.00447917,0.074375,0.00447917,0.0319792,0.0539583,0.0946875,0.00666667,0.0183333,0.0401042,0.0078125,0.129896,0.0353125,0.0128125,0.041875,0.0215625,0.00479167,0.020625,0.127104,0.154135,0.0161562,0.853125,0.239729,0.0252396,4.39967,85.2812,739.562,0.59375
0.123173,0.152212,0.386827,0.137596,0.296442,0.119135,0.0879808,0.184135,0.423558,0.510385,0.121923,0.540481,0.127885,0.0642308,0.134423,0.267692,0.150288,0.367981,1.41615,0.175096,0.925096,0.902885,0.124135,0.196154,0.495385,0.149135,0.03,0.0244231,0.00548077,0.0263462,0.0195192,0.00182692,0.121635,0.00365385,0.123558,0.0320192,0.137212,0.00173077,0.0323077,0.0310577,0.00923077,0.0268269,0.00519231,0.0120192,0.03625,0.0361538,0.00634615,0.0283654,0.0588654,0.107587,0.0431154,0.358625,0.178442,0.10376,4.69535,77.2019,969.981,0.682692
0.0612,0.0896,0.24776,0,0.536,0.1172,0.25912,0.08624,0.05168,0.27904,0.06968,0.45232,0.15824,0.03872,0.10344,0.48336,0.16064,0.2748,2.17576,0.28544,0.90976,0.04424,0.13144,0.1276,0.08352,0.08432,0.03616,0.0916,0,0.02496,0,0,0.02968,0,0.03144,0.04728,0.04176,0,0.04872,0.0356,0.00208,0.0704,0.0056,0.04232,0.27192,0.30536,0,0.00264,0.008296,0.08404,0.002184,0.207376,0.051744,0.185856,4.99894,54.04,106.208,0.528
0.096,0.008,0.196,0.008,0.092,0.118,0,0.058,0.058,0.188,0.074,0.082,0.072,0,0.038,0.088,0.078,0.076,0.608,0.008,0.242,1.906,0.138,0.11,0,0,0,0,0,0,0,0,0,0.028,0,0.008,0,0,0.016,0,0,0,0,0,0.038,0,0,0,0.4302,2.0094,0.009,0.3924,0.375,0.4024,57.5034,2297.8,10648.8,1
0.0915714,0.129714,0.267571,0.273714,0.271429,0.0787143,0.065,0.0625714,0.291,0.379429,0.0832857,0.465571,0.135571,0.143714,0.0925714,0.279857,0.0828571,0.248714,1.37257,0.250571,0.908,0.857571,0.0971429,0.093,0.367571,0.172286,0.0305714,0.0182857,0.00842857,0.0158571,0.032,0.00128571,0.0765714,0.00128571,0.0991429,0.0232857,0.164143,0.000571429,0.0164286,0.0384286,0.00957143,0.0348571,0.0112857,0.011,0.0407143,0.0484286,0.0157143,0.0377143,0.034,0.153971,0.0199857,0.225086,0.1278,0.102971,6.30633,105.857,1230.47,0.6
0.155429,0.161857,0.823714,0.133571,0.691714,0.497857,0.269,0.145286,0.556143,0.496286,0.205143,0.654857,0.144286,0.0868571,0.925571,0.302286,0.123143,0.727571,1.517,0.789143,1.02771,0.0825714,0.506,0.138286,0.049,0.00128571,0.0208571,0.00685714,0,0.00828571,0,0,0.003,0.00542857,0.00414286,0,0.0177143,0,0,0.0384286,0,0,0.08,0.0114286,0.0428571,0.0348571,0,0,0.00825714,0.0784857,0.00107143,0.468929,0.158857,0.0214143,106.227,790.257,1399.94,0.985714
0.100888,0.0934396,0.276651,0,0.213576,0.0604556,0.148292,0.0595216,0.0305467,0.262802,0.0429841,0.580524,0.100547,0.0412301,0.0239863,0.249408,0.0774943,0.135786,1.83062,0.0112528,0.619681,0,0.0625968,0.0424829,0.692574,0.412392,0.335718,0.227631,0.159613,0.227335,0.148178,0.097631,0.120866,0.097631,0.222369,0.173485,0.207699,0.00612756,0.206082,0.109727,0.0707062,0.184487,0.0590888,0.125763,0.302847,0.216925,0,0.0360137,0.0139727,0.1578,0.0131139,0.223768,0.054369,0.0432369,2.13095,10.0114,44.4943,0.234624
0.361,0.581,0.80175,0.02275,0.39725,0.2195,0.1945,0.274,0.3905,1.216,0.1315,1.16,0.12675,0.21475,0.3365,0.7075,0.205,0.43325,1.90525,0.26125,2.49825,0.01375,0.44725,0.24475,0.00625,0.01275,0,0,0,0,0,0,0.01625,0,0.04375,0.0105,0.08175,0.009,0,0,0,0,0.0045,0,0.06725,0.012,0,0.01925,0.01055,0.12565,0.044175,0.94615,0.234025,0.0672,38.5337,490.925,750.35,0.975
0.159362,0.0807398,0.247143,0.00339286,0.18898,0.0666837,0.0994388,0.112372,0.0266327,0.170918,0.0955612,0.594439,0.0839286,0.0123469,0.0246173,0.189566,0.119566,0.187449,1.56867,0.0167092,1.10066,0,0.0380102,0.0853571,0.71773,0.316939,0.217423,0.245179,0.0867347,0.155536,0.0651276,0.0510714,0.192041,0.0510714,0.155714,0.102577,0.257832,0.00596939,0.0962755,0.0548214,0.0315561,0.111658,0.0890816,0.0904337,0.273903,0.254949,0.0044898,0.0274745,0.017074,0.170661,0.0160102,0.273574,0.0554745,0.0551403,2.645,14.8903,64.8929,0.346939
0.157181,0.0943624,0.34302,0.00187919,0.321208,0.140336,0.0628859,0.178389,0.236443,0.277181,0.088255,0.738993,0.0983221,0.0980537,0.0226846,0.188792,0.273356,0.0995973,1.44503,0.169799,1.22128,0.211879,0.137315,0.164094,0.793221,0.154899,0.0146309,0.00563758,0.00644295,0.0131544,0.0112081,0.00100671,0.10349,0.00302013,0.0120134,0.0624832,0.16094,0.0165772,0.0227517,0.0208054,0.0679195,0.0768456,0.00932886,0.0158389,0.0603356,0.213356,0.00241611,0.00711409,0.0814564,0.169054,0.0170134,0.281946,0.0977584,0.0612416,4.25561,64.7315,584.624,0.577181
0.131543,0.118704,0.374753,0.0221605,0.302407,0.0826543,0.0896296,0.156975,0.13142,0.295062,0.0704938,0.491481,0.0921605,0.0335185,0.052716,0.274012,0.209012,0.224877,1.58901,0.182346,0.918272,0.640556,0.144691,0.0906173,0.44463,0.182531,0.0737037,0.0731481,0.0538272,0.0545062,0.0394444,0.0183951,0.0408642,0.0183951,0.0512346,0.064321,0.159136,0.0235802,0.0378395,0.0702469,0.02,0.0485802,0.042284,0.0455556,0.118272,0.162284,0.0179012,0.0445062,0.253562,0.149167,0.0138642,0.295642,0.141253,0.144093,4.10972,52.2099,351.333,0.549383
0.145126,0.0810063,0.297296,0.0077044,0.424434,0.129371,0.11761,0.116226,0.0310692,0.156132,0.0331447,0.474371,0.084088,0.00918239,0.0200314,0.295723,0.165063,0.165535,1.72642,0.0230189,0.938113,0.0210692,0.130975,0.0627673,0.556667,0.388679,0.238113,0.187579,0.0910063,0.131195,0.0607547,0.0567925,0.0807862,0.0628931,0.141038,0.136352,0.151761,0.00342767,0.111006,0.0634906,0.0432704,0.0416038,0.0874214,0.0546226,0.286478,0.125755,0.000880503,0.044717,0.0242075,0.142752,0.0224843,0.296082,0.0804623,0.0223302,2.45928,17.805,122.296,0.481132
0.0918932,0.103932,0.313689,0.0106796,0.376214,0.132039,0.0977184,0.0957282,0.0663107,0.234563,0.0670874,0.533058,0.144223,0.0258738,0.0499029,0.216553,0.189078,0.259806,1.53966,0.100485,0.770777,0.312524,0.175825,0.0828155,0.591019,0.249078,0.113398,0.0756311,0.0651456,0.0772816,0.0359709,0.0345146,0.0680583,0.0375243,0.0648544,0.0893204,0.165146,0.00126214,0.0380583,0.0596117,0.0196117,0.0356311,0.0489806,0.0341748,0.153398,0.160971,0,0.0226214,0.054733,0.15985,0.0269757,0.232515,0.116825,0.0599612,3.58933,40.1068,267.447,0.558252
0.0632203,0.235932,0.360339,0.00830508,0.640339,0.16322,1.05424,0.258983,0.228475,0.54322,0.215424,0.641525,0.0608475,0.0220339,0.0155932,0.61661,0.781017,0.290339,2.19983,0.205763,1.64712,0.0145763,0.131186,0.101525,0.0457627,0.0133898,0.111695,0.0337288,0.00847458,0.00423729,0.122712,0,0,0.0122034,0.0574576,0.0128814,0.104576,0,0.05,0.322034,0,0.00338983,0,0.00474576,0.168814,0,0,0.0169492,0.0108644,0.148424,0.0100678,0.42022,0.0981017,0.0441864,25.3353,212.542,385.983,0.762712
0,0,0,0,0,0,0,0,0,0,0,0,0,0,0,0.325203,0,0,0,0,0,0,0,0,0.0903252,0.116098,20.068,0,0,0,0,0,0,0,0,0,0,0,0,0,0,0.18065,0,0,0.0541463,0,0,0,0,0.0285203,0,0.00934146,0,0,1.20634,1.6748,5.45528,0
0.0995349,0.0967907,0.348419,0.00404651,0.339767,0.129302,0.152884,0.150093,0.0682326,0.264605,0.100093,0.497442,0.126465,0.044093,0.0154884,0.292837,0.172558,0.192419,1.57121,0.107488,0.842465,0.00860465,0.133349,0.0866512,0.596,0.308698,0.10414,0.138279,0.049907,0.107953,0.0566977,0.0293953,0.178,0.0293953,0.109581,0.104465,0.209814,0.0102791,0.0516279,0.0623721,0.0113488,0.0331163,0.0614884,0.0575814,0.151581,0.0936279,0.00506977,0.0315349,0.0258047,0.152623,0.0170233,0.244619,0.0638791,0.0268419,3.1836,33.4837,200.977,0.497674
0.116125,0.3125,0.4195,1.13312,0.773625,0.181875,0.48475,0.177375,0.062625,0.32975,0.088875,0.627875,0.113625,0.0495,0.04425,0.59025,0.986875,0.357875,2.2675,0.37825,1.74063,0.020375,0.17125,0.15325,0.007125,0.007125,0,0.00775,0,0.012125,0,0,0.0075,0,0.005875,0.03925,0.09975,0.0195,0.029875,0.0525,0,0,0,0.006875,0.084875,0.0175,0,0,0.004425,0.11775,0.01065,0.6137,0.185588,0.0368125,7.4968,123.6,221.85,0.9375
0.0611547,0.057067,0.277737,0,0.273533,0.0435797,0.0573672,0.0397921,0.0250577,0.101917,0.0167667,0.686513,0.0610162,0.0593303,0.00545035,0.163141,0.0415704,0.146928,1.79778,0.0183603,0.46,0,0.0178753,0.0910393,1.15889,0.477945,0.430277,0.226674,0.309353,0.251293,0.20157,0.16515,0.0569746,0.16515,0.214896,0.208707,0.138868,0.0169977,0.0886605,0.174804,0.0751039,0.280624,0.0203926,0.123857,0.494804,0.148476,0.00235566,0.0422402,0.0321617,0.162663,0.0118037,0.18263,0.0163025,0.0140878,1.925,6.79446,26.8083,0.157044
0.314865,0.276757,0.336486,0.00351351,0.248919,0.0745946,0.0389189,0.149459,0.425676,0.528919,0.214054,0.579189,0.367838,0.723243,0.0859459,0.259189,0.332432,0.11027,2.41297,0.0359459,1.0927,0.0454054,0.393784,0.371622,0.0959459,0.0994595,0.00162162,0.000540541,0.000540541,0,0,0,0.123243,0,0.00189189,0.0321622,0.133784,0.00297297,0.00243243,0.0391892,0.00432432,0.00216216,0.00621622,0.00378378,0.0594595,0.0194595,0.00189189,0.0156757,0.0328378,0.100892,0.0108919,0.335595,0.430541,0.0987568,7.64754,346.757,2344.32,0.864865
0.116104,0.137792,0.234935,0.67961,0.409351,0.111429,0.0611039,0.110584,0.222662,0.228182,0.0911039,0.675325,0.120909,0.0444156,0.0425974,0.199805,0.232922,0.166039,1.63429,0.0744156,0.727143,0.75987,0.17526,0.133961,0.668896,0.193442,0.0612338,0.0307792,0.0261688,0.0320779,0.0120779,0.0135065,0.0812338,0.00831169,0.0407143,0.0734416,0.120714,0.0224675,0.018961,0.0116883,0.0330519,0.0468182,0.0183117,0.0106494,0.0623377,0.0823377,0.0205844,0.0234416,0.105701,0.125617,0.0127338,0.173851,0.091026,0.0872338,4.46466,46.6818,463.273,0.558442
0.0554173,0.875352,0.152864,0,0.256318,0.0415548,0.0159902,0.0491489,0.00617021,0.134615,0.00157119,0.371931,0.0420622,0.0551064,0,0.147627,0.00869067,0.108331,1.81792,0.0341735,0.487119,0,0.00346972,0.0540589,0.242553,0.12563,0.546056,0.00962357,0.145565,0.0193453,0.0204583,0,0.120638,0,0.0423568,0.0184124,0.00875614,0.0479214,0.0625532,0.00191489,0.0764975,0.372897,0.02473,0.190933,0.83437,0.381702,0.00833061,0.0557283,0.0145483,0.0843028,0.0229624,0.254154,0.00447463,0,1.41173,2.90671,9.90998,0.0654664
0.153478,0.124783,0.265435,0.00804348,0.295435,0.106304,0.0395652,0.230435,0.203696,0.299348,0.0923913,0.540435,0.148261,0.0695652,0.0623913,0.32413,0.210435,0.185652,1.49261,0.128696,0.707826,0.652609,0.261522,0.233478,0.461087,0.0893478,0.00586957,0.00543478,0.00326087,0.023913,0.0104348,0,0.0884783,0.00282609,0.0106522,0.118043,0.160217,0.00934783,0.0213043,0.0245652,0.0193478,0.00326087,0.0073913,0.0245652,0.0297826,0.0973913,0.0023913,0.0397826,0.0394565,0.123587,0.0373696,0.200739,0.163326,0.101739,5.77274,124.522,1677.87,0.543478
0.083895,0.106851,0.227431,0.00372928,0.312293,0.0688674,0.121961,0.18058,0.0566298,0.297707,0.0587569,0.515635,0.0701657,0.066768,0.0506354,0.290497,0.12511,0.173204,1.57566,0.0426243,0.745442,0.0227348,0.0924309,0.076326,0.61779,0.413785,0.250387,0.272486,0.0871823,0.136436,0.0772652,0.0784254,0.0814917,0.0784254,0.135525,0.169807,0.141961,0.0059116,0.115497,0.0675138,0.0271271,0.0526243,0.0824862,0.104309,0.270414,0.189337,0.010663,0.0300552,0.0213591,0.160704,0.0139006,0.244646,0.0590801,0.0332928,2.5466,14.7983,88.9613,0.40884
0.30617,0.144894,0.280426,0.0917021,0.0723404,0.106809,0.0193617,0.139787,0.221064,0.399574,0.144681,0.630213,0.341064,0.652766,0.0255319,0.158936,0.276596,0.12,1.86936,0.0476596,0.868511,0.0334043,0.447021,0.28766,0.0951064,0.0604255,0.00510638,0.00148936,0.00212766,0.00382979,0,0,0.309362,0,0,0.0297872,0.176383,0.00148936,0.00659574,0.017234,0.0246809,0.00765957,0.00446809,0.0159574,0.0421277,0.0568085,0.00978723,0.0502128,0.0292553,0.115766,0.00757447,0.24734,0.329319,0.0877872,5.44715,185.447,3357.47,0.744681
