0.118108,0.187703,0.320676,0,0.187297,0.0212162,0.035,0,0.0244595,0.154189,0.012973,0.440946,0.0337838,0.170811,0,0.144459,0,0.464865,4.13905,0,1.56703,0,0,0.122838,0.118919,0.0317568,0.482297,0,0.111892,0,0,0,0.200135,0,0,0,0,0,0.0409459,0.0158108,0,0.0968919,0,0.0412162,0.67473,0.471622,0,0,0.00682432,0.0797162,0.00445946,0.311486,0.00456757,0,1.3075,2.74324,11.7432,0.135135
0,0.527647,0.193529,0,0.164706,0,0.344706,0,0,0.647647,0,0.552941,0.0929412,0.0838235,0,0.124118,0,0.0838235,2.55941,0,0.731765,0,0,0.184412,0.367647,0.0638235,0.616471,0.555588,0,0,0,0,0.146176,0,0,0.0838235,0.47,0,0.929412,0.122353,0.0376471,0,0.0552941,0.0694118,0.621765,0.226176,0,0,0.0754118,0.313471,0.00744118,0.0907647,0.0588529,0.0236765,3.15415,22.0588,39.9706,0.294118
0.243077,0.586923,0.720769,0.07,0.336154,0,0.516923,0.0438462,0.221538,1.06923,0.19,0.921538,0.0623077,0.0838462,0.231538,1.70231,0.416923,0.0484615,1.67385,0.177692,1.66692,0,0,0.123846,0.0192308,0.0392308,0,0,0,0,0,0,0,0,0,0,0.0292308,0,0,0,0,0,0,0,0.12,0,0,0.0592308,0.0103077,0.0566154,0,0.930308,0.245154,0.0967692,48.2869,400.769,566.615,0.923077
0,0.0854545,0.182727,0,0.742727,0,1.97455,0.984545,0.984545,1.07,0.984545,0.45,0,0.0972727,0,0.845455,2.74091,0.0818182,1.34636,0.984545,3.28,0,0.268182,0.0972727,0,0,0,0,0,0,0,0,0,0,0,0,0.400909,0,0.0972727,0,0,0,0,0,0,0,0,0,0,0.0524545,0,0.727909,0.125909,0.0907273,76.306,286.091,303.455,1
0.131139,0.0502532,0.327848,0,0.442785,0.104557,0.046962,0.196962,0.0267089,0.196582,0.0396203,0.451519,0.0498734,0,0.0275949,0.286962,0.133291,0.139873,1.48291,0.0831646,0.87038,0.0127848,0.130506,0.0307595,0.711392,0.588987,0.232278,0.343165,0.145949,0.125696,0.0802532,0.0724051,0.0824051,0.0837975,0.228734,0.161266,0.220759,0,0.127848,0.065443,0.0968354,0.0801266,0.136709,0.084557,0.278101,0.144557,0.0035443,0.0172152,0.0166329,0.155,0.0340253,0.279823,0.0723038,0.0165063,2.13846,14.8861,126.076,0.367089
0.0169444,0.106667,0.275278,0,0.09,0.0586111,0.147222,0.0547222,0.2,0.194722,0.0461111,0.254167,0,0.116667,0,0.8725,0.171111,0.245278,1.53583,0.0444444,1.35833,0.0258333,0.165556,0.0855556,0.396111,0.400833,0.170278,0.0213889,0,0.0213889,0.0436111,0,0.106389,0,0.0430556,0.0997222,0.0222222,0,0,0.0438889,0,0.0780556,0,0,0.236389,0,0,0,0.0130556,0.111194,0.0136667,0.608639,0.0781944,0.0522778,4.17569,32.0833,89.8611,0.777778
0.0716216,0.124054,0.262568,0,0.277703,0.0597297,0.107838,0.0172973,0.0172973,0.22527,0.0343243,0.422432,0.256216,0.0172973,0,0.40027,0.0444595,0.121892,1.68216,0.0360811,0.772027,0,0.0713514,0.0505405,0.888243,0.611216,0.587027,0.437432,0.268514,0.357162,0.335135,0.239189,0.141351,0.239189,0.537838,0.291486,0.198514,0.00554054,0.339054,0.251216,0.0793243,0.305405,0.14527,0.276622,0.223784,0.170946,0,0,0.0101622,0.171,0.0339189,0.228378,0.195554,0.0199865,2.28908,11.5135,43.6622,0.283784
0,14.1478,0,0,0,0,0,0,0,0.132222,0,0,0,0,0,0,0,0,0,0,0,0,0,0,0,0,0,0,0,0,0,0,0,0,0,0,0,0,0,0,0,0,0,0,0.132222,0,0,0,0,0,0,0,0,0,1.77778,4.88889,9.02778,0
0.146364,0.215,0.258788,0,0.386364,0.0913636,0.109848,0.0907576,0.029697,0.303939,0.0942424,1.0097,0.111061,0.0359091,0.0172727,0.291061,0.0906061,0.192273,1.96697,0.0106061,0.738485,0,0.0177273,0.0786364,0.548485,0.453788,0.170303,0.315758,0.0815152,0.134848,0.0960606,0.0709091,0.240152,0.0709091,0.0971212,0.192273,0.114848,0,0.0806061,0.0583333,0.0171212,0.0366667,0.0463636,0.243182,0.0960606,0.0324242,0,0.065,0.00656061,0.150909,0.00640909,0.107909,0.0278333,0.0102424,1.84824,8.65152,89.4848,0.242424
0.30617,0.144894,0.280426,0.0917021,0.0723404,0.106809,0.0193617,0.139787,0.221064,0.399574,0.144681,0.630213,0.341064,0.652766,0.0255319,0.158936,0.276596,0.12,1.86936,0.0476596,0.868511,0.0334043,0.447021,0.28766,0.0951064,0.0604255,0.00510638,0.00148936,0.00212766,0.00382979,0,0,0.309362,0,0,0.0297872,0.176383,0.00148936,0.00659574,0.017234,0.0246809,0.00765957,0.00446809,0.0159574,0.0421277,0.0568085,0.00978723,0.0502128,0.0292553,0.115766,0.00757447,0.24734,0.329319,0.0877872,5.44715,185.447,3357.47,0.744681
0.107662,0.0687013,0.270649,0.107662,0.34987,0.114805,0.0364935,0.134805,0.154026,0.175844,0.0854545,0.586753,0.109351,0.034026,0.0228571,0.243636,0.22,0.122208,1.56299,0.0916883,0.721169,0.688571,0.124805,0.0954545,0.685195,0.184545,0.0467532,0.0297403,0.0538961,0.0371429,0.0149351,0.0149351,0.0488312,0.0149351,0.0351948,0.0784416,0.148831,0.0646753,0.0236364,0.0384416,0.0323377,0.0481818,0.0345455,0.00805195,0.0785714,0.0705195,0.0114286,0.0280519,0.221351,0.134052,0.012026,0.197818,0.0807273,0.0681299,3.27222,39.3896,415.442,0.480519
0.155263,0.172456,0.949298,0.00333333,0.739123,0.59614,0.29807,0.160702,0.634211,0.498596,0.172632,0.61386,0.173509,0,1.13667,0.216667,0.0670175,0.88614,1.44912,0.300175,0.794035,0,0.542105,0.135088,0.0601754,0.00157895,0.025614,0.00842105,0,0.0101754,0,0,0,0.00666667,0.00508772,0,0.0152632,0,0,0.047193,0,0,0.0982456,0.0140351,0.0526316,0.042807,0,0,0.00335088,0.0722105,0,0.471211,0.162088,0.0120526,125.974,842.053,1409.09,0.982456
0.05096,0.0384,0.32696,0,0.32168,0.03632,0.04488,0.00936,0.04064,0.12648,0.04096,0.8784,0.07648,0.02568,0.0136,0.07792,0.03584,0.11352,1.97344,0.04048,0.47688,0,0,0.0296,0.17784,0.14712,0.42208,0,0.11352,0.06584,0,0,0.08416,0,0.01776,0.00544,0.1432,0.0112,0.0612,0.00768,0.02592,0.22344,0.02112,0.14128,0.43016,0.18224,0,0.05232,0.029368,0.160936,0.0004,0.161328,0.008544,0.000984,1.54598,4.68,24.016,0.096
0.0439062,0.0239062,0.263438,0,0.224687,0.0515625,0.0432813,0.124687,0.005625,0.116562,0.0417187,0.604688,0.140312,0.00359375,0.019375,0.100156,0.206719,0.415156,1.50984,0,0.49375,0,0,0.00984375,0.590469,0.224375,0.163437,0.0829688,0.070625,0.148906,0.0526563,0,0.420469,0,0.0870313,0.1725,0.226562,0.0159375,0.128281,0,0.0110938,0.103438,0.0104688,0.183437,0.120781,0.0489063,0,0.0282813,0.0154531,0.154688,0.0225312,0.243656,0.0151562,0.00459375,1.57958,6.53125,66.7188,0.25
0,0,0.187879,0,0,0,0,0,0,0,0,0.375455,0.168182,0,0,0.121212,0,0,2.05212,0,0,0,0,0,0.205758,0.079697,6.03273,0,0,0,0,0,0.189394,0,0,0,0,0,0,0,0,0.121212,0,0.447273,1.54,0,0,0.396667,0.0791515,0.0735152,0.0227576,0.0997879,0,0,1.25933,2.30303,8.87879,0
0,0,0,0,0,0,0,0,0,0,0,0,0,0,0,0,0,0,6.66,0,0,0,0,0,0,0,0,0,0,0,0,0,0,0,0,0,0,0,0,0,0,0,0,0,6.66,0,0,0,0,0,0,32.478,0,0,1.666,3,5,0
0.0472727,0.181818,0.463636,0,0.34,0.213636,0.206364,0.102727,0,0.202727,0.0327273,0.64,0.156364,0,0,0.105455,0.0363636,0.421818,1.82182,0,1.32818,0.826364,0.04,0.212727,0,0.0472727,0,0,0,0.0963636,0,0,0.336364,0,0,0,0,0,0,0,0.0963636,0,0.08,0,0.0363636,0,0,0,0,0.0200909,0,0.375818,0.057,0.106455,10.1658,74.1818,162.091,0.636364
0.137647,0.12,0.300196,0.0480392,0.190196,0.12902,0.185098,0.0433333,0.00745098,0.201765,0.0468627,0.435686,0.116275,0,0.0243137,0.574706,0.12549,0.0639216,1.7651,0.00607843,0.847255,0.111569,0.165294,0.122941,0.55549,0.378431,0.277451,0.132353,0.0917647,0.153725,0.0841176,0.0841176,0.0829412,0.110588,0.139412,0.14451,0.0221569,0,0.159216,0.0929412,0.00647059,0.0313725,0,0.0313725,0.208824,0.0419608,0,0.05,0.0207647,0.139745,0.0186275,0.484882,0.0423333,0.0499608,3.81684,34.2157,128.51,0.568627
0.49913,0.766087,0.79,0.398261,0.340435,0.222609,0.0530435,0.428696,0.393043,1.43826,0.0473913,1.52652,0.131739,0.295217,0.363478,0.312174,0.183913,0.671739,2.03609,0.365652,3.39478,0.0165217,0.417826,0.241304,0,0,0,0,0,0,0,0,0.0143478,0,0.0552174,0,0.016087,0,0,0,0,0,0.00826087,0,0,0,0,0,0.0238696,0.153739,0,1.01309,0.170435,0.0643478,41.0404,622.435,877.391,1
0.0148936,0.0642553,0.179362,0,0.287872,0.0410638,0.251915,0.0625532,0.0117021,0.219574,0,0.415532,0.214468,0.066383,0,0.579574,0.0261702,0.282128,3.14957,0.113404,1.19255,0.0908511,0,0.0691489,0,0.0182979,0.0553191,0,0,0,0,0,0,0,0,0,0,0,0,0,0,0.126596,0,0.0548936,0.40766,0.514894,0,0,0.00657447,0.0313191,0,0.164553,0.0195745,0.0194894,4.81983,49.234,79.6383,0.404255
0.0727273,0.135273,0.275636,0,0.32,0.101818,0.104545,0.0316364,0.0281818,0.202182,0.0278182,0.533091,0.0834545,0,0.0252727,0.199091,0.134727,0.086,1.12218,0,0.665818,0,0.0885455,0.00854545,0.94,0.429091,0.246909,0.178545,0.1,0.171455,0.0789091,0.0632727,0.0934545,0.0632727,0.125273,0.136727,0.340727,0,0.148182,0.0949091,0.29,0.0790909,0.168182,0.0478182,0.285091,0.522364,0,0.0223636,0.138945,0.171891,0.0195273,0.0800182,0.0569636,0.0102727,2.25775,16.4909,172.564,0.290909
0.103016,0.141111,0.348413,0.035873,0.344127,0.0742857,0.116825,0.171746,0.135873,0.461905,0.100159,0.456032,0.122381,0.0392064,0.114444,0.298095,0.18746,0.264762,1.42841,0.144286,0.803016,0.597619,0.224444,0.0677778,0.702063,0.333492,0.121746,0.137302,0.0506349,0.0642857,0.0922222,0.0380952,0.0449206,0.0380952,0.0857143,0.0634921,0.17254,0.0138095,0.0584127,0.0922222,0.0514286,0.0930159,0.0373016,0.0914286,0.105238,0.0407937,0.0239683,0.0444444,0.287825,0.171492,0.0169683,0.252556,0.0836667,0.154302,3.84386,39.0794,356.444,0.571429
0.0568675,0.0345783,0.209639,0,0.420361,0.0922892,0.0538554,0.104337,0.0333735,0.171566,0.0410843,0.616506,0.046747,0.0103614,0.12759,0.226265,0.0846988,0.102048,1.20735,0.00506024,0.670361,0.0387952,0.0896386,0.0654217,0.664458,0.40241,0.164578,0.311566,0.136627,0.133614,0.0801205,0.0507229,0.0593976,0.0507229,0.134819,0.207229,0.186988,0.0192771,0.125301,0.0728916,0.0659036,0.0748193,0.107831,0.146265,0.222289,0.273133,0,0.0172289,0.0353253,0.161289,0.0226747,0.118108,0.0692892,0.00972289,2.19528,10.5783,103.024,0.26506
0.179143,0.0462857,0.272571,0,0.231714,0.0628571,0.348,0.192286,0.0862857,0.154,0.096,0.346286,0.0191429,0.100286,0.04,0.298,0.285429,0.192857,1.45771,0,0.848857,0,0,0.0771429,0.279143,0.215714,0.0845714,0.368857,0.152571,0,0,0.02,0.034,0.02,0.171429,0.0768571,0.512571,0,0.108,0,0,0.152571,0.04,0.0331429,0.166571,0.064,0,0,0.0409143,0.222714,0.00585714,0.389886,0.0659714,0.00542857,3.68351,24.1143,66.1714,0.628571
0.0427586,0.380345,0.441379,0,0.738621,0.278966,0.961724,0.0458621,0.0989655,0.45069,0.0506897,0.521724,0.06,0.00689655,0.0506897,0.197241,0.09,0.546897,2.40069,0.143103,1.32034,0.0941379,0.0193103,0.0355172,0.0675862,0,0,0.0486207,0,0,0.0324138,0,0,0,0.0589655,0.0248276,0.0151724,0,0.0713793,0.0227586,0,0,0.032069,0.00965517,0.274138,0.0189655,0,0,0.00537931,0.125828,0.0128276,0.476724,0.0315172,0.0522414,10.4566,137.931,374.345,0.827586
0.0784444,0.255111,0.161556,0,0.357778,0.260444,0.125333,0.0815556,0.0817778,0.304,0.0453333,0.562444,0.0688889,0,0.00644444,0.18,0.107333,0.275556,1.43289,0,0.87,0.0275556,0.104889,0.0588889,0.500444,0.257556,0.332667,0.117778,0.154222,0.107333,0.0724444,0.0795556,0.193333,0.0795556,0.132222,0.082,0.191333,0,0.134889,0.0677778,0.0157778,0.0626667,0.107333,0.0144444,0.235111,0.0402222,0,0.0422222,0.00317778,0.226044,0.0396222,0.372333,0.0961333,0.0294222,3.5248,29.0889,153.756,0.466667
0.0747475,0.0681818,0.350707,0,0.431919,0.289495,0.119697,0.131111,0.0286869,0.258384,0.0176768,0.535859,0.121818,0.0140404,0.00565657,0.227374,0.112929,0.144747,1.63747,0.00373737,1.35798,0,0.147778,0.0732323,0.501414,0.349091,0.135657,0.123838,0.0613131,0.132424,0.0486869,0.0423232,0.0608081,0.0391919,0.099899,0.0780808,0.125657,0.00232323,0.0414141,0.0588889,0.0587879,0.00808081,0.0594949,0.0114141,0.269495,0.159697,0.0160606,0.00282828,0.0358283,0.156202,0.0208586,0.166737,0.0693939,0.00645455,2.06497,13.1919,141.04,0.505051
0.188235,0.132941,0.152353,0,0.769412,0.231176,0.431765,0,0.126471,0.5,0.25,0.331176,0.276471,0,0,1.20588,0.08,0.227647,1.85353,0,0.789412,0,0,0.518824,0.07,0.07,0.21,0,0,0.0364706,0,0,0.218235,0,0.07,0.0529412,0.08,0,0,0.08,0.0152941,0,0.0411765,0.113529,0.131176,0.0717647,0,0,0,0.0264706,0,0.616588,0.0709412,1.16641,7.98318,70.1176,109.529,0.764706
0.0784444,0.158,0.374889,0.0128889,0.297111,0.100444,0.100667,0.118222,0.0622222,0.195111,0.062,0.543556,0.0902222,0,0,0.350889,0.169333,0.391778,2.03222,0.125778,0.903111,0.15,0.197111,0.111778,0.142444,0.0802222,0,0.0255556,0,0.0488889,0,0,0,0,0.068,0.0508889,0.0804444,0,0.00933333,0.0271111,0,0.00755556,0.0186667,0,0.179333,0.5,0,0.0233333,0.102822,0.117289,0.0108667,0.363422,0.127689,0.0211778,4.08942,62.5333,274.356,0.644444
0.0948148,0.0506173,0.16642,0,0.201481,0.094321,0.160247,0.072716,0.0160494,0.228765,0.0751852,0.855679,0.0283951,0.034321,0.0276543,0.131975,0.201728,0.0865432,1.91185,0.00555556,0.562099,0,0.0966667,0.00481481,0.316296,0.120617,0.171111,0,0.037284,0.160123,0.0111111,0,0.176914,0,0,0.11,0.201111,0.00679012,0.102469,0.00320988,0.127037,0.132716,0.0264198,0.109753,0.270741,0.113333,0,0.0749383,0.0152469,0.107877,0.00937037,0.217988,0.0174815,0.0108642,1.60357,5.75309,44.679,0.135802
0,0,0,0,0,0,0,0,0,0,0,0,0,0,0,1.51455,0,0,0,0,0,0,0,0,0,0,0.534545,0.534545,0,0.534545,0,0,0,0,2.35273,0,0,0,0,0,3.56364,0,0,0,0,6.12545,0,0,0,0.0693636,0,0,0,0,3.634,8,12.6364,0.0909091
0.210714,0.0997619,0.52119,0,0.30381,0.0988095,0.130714,0.237381,0.0919048,0.27881,0.0871429,0.412619,0.0780952,0.00714286,0,0.517143,0.391905,0.244048,2.20452,0.275952,1.31476,0.471429,0.116905,0.141905,0.0902381,0.0821429,0.00761905,0.0219048,0.047381,0.0514286,0,0,0,0.00714286,0.0452381,0.027619,0.132143,0,0.0138095,0.0378571,0,0,0.0338095,0.0114286,0.188095,0.0369048,0.0330952,0.067619,0.0175952,0.113738,0.0157619,0.462476,0.353619,0.253714,5.5405,81.881,323.286,0.714286
0.168913,0.048587,0.271196,0,0.387283,0.071413,0,0.0829348,0.0213043,0.157065,0,0.396848,0.0782609,0.061087,0,0.252174,0.0479348,0.0248913,0.502609,0.226957,0.158804,0,0.0230435,0.0183696,0.100978,0.0876087,0.178261,0,0.00869565,0.0452174,0,0,0.447283,0,0,0.0108696,0,0.120217,0.0631522,0,0.0602174,0.548043,0.0388043,0.145,0.511739,0.175,0.0317391,0,0.025413,0.126283,0.01575,0.14325,0.0156848,0,1.47043,3.29348,12.5652,0.0434783
0.0233333,0,0,0,0.0289333,0.0458667,0,0.226533,0,0.0834667,0,0.163333,0.0186667,0.103733,0,0.0701333,0,0.0186667,0.2464,0,0.476267,0,0,0,0.0578667,0,0.189067,0,0,0,0.166667,0,0,0,0,0,0,0,0.0392,0,0,0.304533,0,0.0678667,0.684533,0,0,0.2444,0.00554667,0.0626533,0.0740533,0.04092,0,0,1.43683,2.52,7.16,0.04
0.0630556,0.0694444,0.300278,0,0.106667,0.180833,0,0,0,0.658333,0,0,0,0.0816667,0,0.495556,0,0,5.05278,0,0.953889,0,0,0,0.0502778,0,0.196111,0,0,0,0,0,0,0,0,0,0,0,0.120556,0,0,0,0,0.0866667,0.406667,0.2975,0,0,0.0287222,0.06775,0,0.03,0,0,1.10322,1.30556,5.41667,0.0833333
0,0,0.153922,0,0.301373,0.0737255,0.0435294,0.262549,0.0652941,0.0768627,0,0.625098,0.0501961,0.0384314,0,0.321373,0.0652941,0.0768627,2.14706,0,0.666471,0,0.132157,0.391765,0.108824,0.0466667,0.109804,0.149412,0.219804,0,0.0529412,0,0,0,0.07,0,0.0933333,0,0.201765,0.0435294,0.240784,0.351765,0.0570588,0.189216,0.625294,0.184706,0,0.0501961,0.0309412,0.0985098,0.0215686,0.430333,0.0813725,0.0680784,2.64992,12.0392,27.4706,0.431373
0,0,0,0,0,0,0,0,0,0,0,0.0555,0,0,0,0,0,0.128167,0,0,0.0416667,0,0,0,0,0,0.134833,0,0,0,0,0,0,0,0,0,0,0,0,0,0,0.064,0,0,0.175,0,0,0,0,0.117633,0.0680167,0.322933,0,0,1.05833,1.13333,3.8,0.0333333
0.0654167,0.0504167,0.306875,0.018125,0.294167,0.123333,0.0216667,0.08625,0.141667,0.247083,0.0175,0.566667,0.078125,0.0291667,0.0154167,0.210833,0.131875,0.125208,1.325,0.0183333,0.642917,0,0.0402083,0.063125,0.884375,0.475,0.155625,0.153125,0.08125,0.178958,0.0560417,0.0441667,0.101875,0.0441667,0.0858333,0.105208,0.376042,0,0.0922917,0.053125,0.00604167,0.0539583,0.088125,0.0466667,0.177917,0.116667,0.0147917,0.0439583,0.0268125,0.272917,0.0378958,0.131917,0.0337292,0.044,2.68685,23.75,209.312,0.395833
0.222,0.149,0.341857,0,0.403,0.193571,0.0774286,0.186571,0.389143,0.402857,0.100571,0.617714,0.0952857,0.163714,0.114143,0.178143,0.338429,0.068,1.52729,0.214286,1.13171,0.448571,0.0705714,0.299714,0.614714,0.148714,0.0281429,0.00928571,0.006,0.0222857,0.0128571,0.006,0.0927143,0.006,0.0211429,0.0651429,0.118143,0.00842857,0.0147143,0.0354286,0.0261429,0.168429,0.022,0.00842857,0.0658571,0.0725714,0.00785714,0.0154286,0.1177,0.167471,0.0126571,0.2906,0.154929,0.0495286,4.31739,79.0571,645.757,0.542857
0,0,0,0,0,0,0,0,0,1.085,0,0,0,0,0,0,0,0,0,0,0,0,0,0,14,1.6075,0.5675,0.5675,0.5675,2.7375,0.5675,0.5675,0,0.5675,0.5675,0.5675,0,0,0,0.5675,0,0,0,0,0,0,0,0,0,0.166,0,0,0,3.448,2.749,11.25,61,0
0.135618,0.0834831,0.224607,0,0.243483,0.0597753,0.156292,0.0921348,0,0.216629,0.0513483,0.60573,0.0497753,0,0.048764,0.161573,0.105506,0.211573,1.68876,0.0249438,0.514157,0,0.0475281,0,1.06978,0.594944,0.131236,0.366854,0.151685,0.337079,0.17,0.0770787,0.135393,0.0770787,0.391461,0.120449,0.234831,0,0.0788764,0.0842697,0.0438202,0.193258,0.0517978,0.0892135,0.223146,0.600449,0,0.0176404,0.00683146,0.128573,0.00740449,0.302124,0.012809,0.154483,2.4608,13.0899,52.3596,0.303371
0.0569565,0.135217,0.319783,0,0.731739,0.124783,0.258913,0.170435,0.0934783,0.216087,0.107391,0.715217,0.0521739,0,0.281087,0.32087,0.419783,0.354565,1.95652,0.536739,1.19457,0,0.308913,0.083913,0.343043,0.177826,0.0536957,0.175,0.0165217,0.117609,0.0165217,0.0165217,0.0152174,0.0165217,0.0434783,0.0597826,0.133913,0,0.19587,0.0891304,0,0.0619565,0,0,0.181304,0.0476087,0,0,0.00436957,0.181043,0.00171739,0.226413,0.0834565,0.0142174,5.08161,57.3261,137.543,0.652174
0.110306,0.0685714,0.267449,0,0.24602,0.0604082,0.0308163,0.0154082,0,0.1,0,0.827143,0.0857143,0.0314286,0.00673469,0.195918,0.0131633,0.156224,2.13347,0.00683673,0.639082,0,0,0.0426531,0.227347,0.0928571,0.227041,0,0.18602,0.0268367,0.0118367,0,0.106633,0,0,0.0312245,0.113878,0.0108163,0.0496939,0,0.111633,0.319286,0.0159184,0.18449,0.438265,0.17398,0,0,0.0292245,0.11999,0.0128061,0.125429,0.0161837,0.00821429,1.5011,4.85714,30.5204,0.112245
0,0,0,0,0,0,0,0,0,0,0,0,0,0,0,0,0,0,0,0,0,0,0,0,0.483043,0.62087,14.5674,0,0,0,0,0,0,0,0,0,0,0,0,0,0,0.966087,0,0,0.289565,0,0,0,0,0.152522,0,0.0499565,0,0,1.3753,2.30435,6.95652,0
0.1025,0.160588,0.391765,0.208088,0.273529,0.1025,0.0582353,0.213529,0.258382,0.508529,0.125147,0.472206,0.117353,0.0714706,0.153088,0.264853,0.189706,0.277353,1.16118,0.138676,0.758824,0.7225,0.0914706,0.152941,0.640147,0.165294,0.0352941,0.0347059,0.00926471,0.0333824,0.0247059,0.00279412,0.147206,0.00558824,0.0814706,0.0423529,0.1425,0.00191176,0.0373529,0.0379412,0.0126471,0.0173529,0.00441176,0.00308824,0.0442647,0.0508824,0.00455882,0.0401471,0.0556765,0.12125,0.0211765,0.270838,0.120015,0.0983088,4.6259,72.5147,925.206,0.647059
0.110833,0.266111,0.311667,0.00861111,0.440556,0.1425,0.100278,0.104722,0.0955556,0.305,0.0144444,0.811944,0.0636111,0.0197222,0.0619444,0.168333,0.191944,0.305,1.6425,0.0438889,1.02361,0.104167,0.0138889,0.104444,0.405556,0.304167,0.169444,0.128333,0.0822222,0.144722,0.0258333,0.0344444,0.0808333,0.0433333,0.0933333,0.0583333,0.1875,0.00194444,0.0630556,0.0430556,0.04,0.0372222,0.0194444,0.0897222,0.0713889,0.0522222,0,0.0575,0.00252778,0.146889,0.0055,0.200083,0.0327222,0.0285833,3.69406,42.3333,242.583,0.5
0.0989189,0.124324,0.413514,0,0.231622,0.178108,0.241081,0.275676,0.0997297,0.184595,0.112973,0.389189,0.140541,0.0424324,0.00540541,0.399189,0.181081,0.144865,1.78946,0.37973,1.11081,0,0.232432,0.118919,0.505946,0.344865,0.0897297,0.0897297,0.0278378,0.0767568,0.0278378,0.0278378,0.0581081,0.0278378,0.0897297,0.0540541,0.238919,0.0148649,0.067027,0.0745946,0.00837838,0.0297297,0.0216216,0,0.0986486,0.0275676,0,0.067027,0.014,0.0812703,0.0127568,0.259919,0.158162,0.0540541,3.76938,38.8919,182.541,0.621622
0.134727,0.0801818,0.0552727,0,0.283636,0.0216364,0.154364,0.531636,0.0478182,0.125818,0.022,0.290182,0.0361818,0.226182,0,0.218727,0.216909,0.125818,1.17545,0.0263636,0.649091,0.0363636,0.192182,0.0609091,0.206182,0.191455,0.0885455,0.0983636,0,0.0392727,0,0.0107273,0.0134545,0.0107273,0.0683636,0.122,0.131455,0,0.0165455,0,0,0,0,0.0270909,0.463455,0.00509091,0,0.0301818,0.00314545,0.161709,0.00481818,0.283345,0.152418,0.0110909,3.49813,23.7273,79.2727,0.709091
0,0,0.46,0,7.04857,0,0,0,0,0,0,0,0,0,0,0,0,0,0,0,0.46,0,0,0,1.42857,0,0,0,0.68,0,0,0,0,0,0,0,0,2.11143,0,0,0,2.79143,0,0,0,0,0,0,0,0.084,0,0,0,0,1.119,1.28571,4.28571,0.142857
0.134865,0.488649,0.356757,1.91676,1.01486,0.16027,0.638378,0.169189,0.0643243,0.403784,0.0472973,0.678919,0.176216,0.0908108,0,0.809459,1.7027,0.264865,2.09892,0.303784,1.67838,0,0.00864865,0.155676,0,0,0,0,0,0.0262162,0,0,0,0,0,0.0578378,0.125946,0.0421622,0,0.00918919,0,0,0,0,0.00918919,0,0,0,0,0.126135,0,0.757622,0.153568,0.0357838,8.13586,130.514,189.757,0.918919
0,0,0,0,1.14556,0,0,0,0,0,0,3.08889,0,0,0,0,0,0,0,0,0,0,0,0,0.718889,0.718889,0,0,8.02111,0,0,0,0,0,0,0,0,0,0,0,0,9.05333,0,0,0,0,0,0,0,0,0,0.189333,0,0,1.36544,3.11111,12.6667,0
0.0868657,0.0552239,0.355522,0,0.17,0.0574627,0.124627,0.100597,0.151493,0.172687,0.0392537,0.319104,0.0138806,0.171642,0.0173134,0.557164,0.0691045,0.251045,2.00224,0,0.819403,0,0.0316418,0.068806,0.677612,0.408955,0.413284,0.231493,0.162388,0.231493,0.231493,0.162388,0.0179104,0.162388,0.276716,0.231493,0.192836,0,0.0932836,0.162388,0.108955,0.151642,0.111045,0.143731,0.521493,0.310896,0,0.020597,0.00804478,0.159119,0.0129701,0.248358,0.0442985,0.0156866,2.45063,12.6269,36.4925,0.373134
0.19625,0.314167,0.525417,0.0395833,0.455417,0.356667,0.13375,0.17375,0.587083,0.7875,0.224583,0.84125,0.230417,0.0783333,0.313333,0.232083,0.18875,0.516667,2.1975,0.3475,1.63167,0.02,0.49125,0.287083,0.38875,0.16375,0.01,0,0,0.0304167,0,0,0.05625,0,0.03,0.0275,0.13625,0.0358333,0.01,0.0304167,0,0.0304167,0.0141667,0.0204167,0.0966667,0.0595833,0,0,0.00575,0.149625,0.073625,0.649417,0.2335,0.0465833,9.866,292.417,788.958,0.958333
0,0,0,0,0,0,0,0,0,0,0,0,0,0,0,0,0,0,0,0,0,0,0,0,16.3043,1.09857,0,0,0,0,0,0,0,0,0,0,0,0,0,0,0,0,0,0,2.88357,0,0,0,0,0,0,0.0802143,0,0,4.16179,16.5714,25.5,0
0,0,0,0,0,0,0,0,0,4.122,0,0.486,0,0,0,0.202,0,0.202,1.502,0,0.688,0,0,0,3.076,0,0,0,0,0,0,0,0,0,0,0,0,0,0,0,0,0,0,0,0.246,0,0,0.486,0,0,0,3.8262,0,0,12.51,47,52.4,0
0,0,0,0,0,0,0,0,0,0,0,0,0,0,0,0,0,0,1.04125,0,0,0,0,0,0,0,0,0,0,0,0,0,0,0,0,0,0,0,0,0,0,0,0,0,0,0,0,0,0,0.199125,0,0.0855,0,0,1,1,1.25,0
0.102407,0.128333,0.325185,0.015,0.48963,0.135,0.117407,0.0831481,0.047963,0.215185,0.0527778,0.658333,0.0533333,0.00981481,0.00296296,0.256667,0.122222,0.233889,1.60944,0.0387037,1.05093,0,0.0927778,0.232222,0.71037,0.461296,0.291111,0.165,0.119074,0.14537,0.0938889,0.097037,0.087963,0.097037,0.133333,0.128333,0.18963,0,0.10463,0.0916667,0.0864815,0.0661111,0.10537,0.0316667,0.189444,0.177037,0.0198148,0.00962963,0.0172778,0.142093,0.0268519,0.114259,0.0396296,0.0133704,2.08594,14.2037,157.981,0.425926
0.096,0.008,0.196,0.008,0.092,0.118,0,0.058,0.058,0.188,0.074,0.082,0.072,0,0.038,0.088,0.078,0.076,0.608,0.008,0.242,1.906,0.138,0.11,0,0,0,0,0,0,0,0,0,0.028,0,0.008,0,0,0.016,0,0,0,0,0,0.038,0,0,0,0.4302,2.0094,0.009,0.3924,0.375,0.4024,57.5034,2297.8,10648.8,1
0.143582,0.0531343,0.254627,0.0144776,0.244776,0.14597,0.0459701,0.0877612,0.0544776,0.150448,0.0456716,0.522985,0.120299,0.0444776,0.00134328,0.136269,0.151343,0.121343,1.36209,0.0873134,0.544328,0.794776,0.190149,0.0626866,0.854478,0.290299,0.116567,0.0477612,0.0719403,0.0564179,0.0328358,0.0120896,0.115075,0.0120896,0.0447761,0.078209,0.264925,0.00283582,0.0152239,0.0283582,0.039403,0.0447761,0.0504478,0.0338806,0.0958209,0.377761,0,0.0180597,0.292328,0.174269,0.0325224,0.147627,0.0783582,0.0724776,3.22843,25.6567,309,0.373134
0.138333,0.095,0.313182,0.00242424,0.307121,0.104697,0.101515,0.114697,0.476061,0.452273,0.100455,0.553182,0.140909,0.157576,0.0537879,0.319545,0.0684848,0.384848,1.58015,0.210303,1.04727,0.839242,0.102576,0.200758,0.355152,0.148939,0.0318182,0.0204545,0.00136364,0.0193939,0.0333333,0.00136364,0.0840909,0.00136364,0.144394,0.0206061,0.176061,0.000757576,0.02,0.0390909,0.0106061,0.0430303,0.00818182,0.0207576,0.0315152,0.0390909,0.0201515,0.04,0.0517424,0.115348,0.0536364,0.357152,0.239303,0.0917576,5.51256,82.6061,1092.03,0.636364
0,0,0,0,0.549231,0,0,0,0,0,0,0,0,0,0,0,0,0,1.59462,0,0,0,0,0,0,0,0,0,0,0,0,0,0,0,0,0,0,0,0.854615,0,0,0,0,0,11.9831,0,0,0,0,0.175769,0,0.712154,0,0,1.37423,2.76923,7.38462,0
0.109242,0.105455,0.252576,0,0.390303,0.0801515,0.145606,0.0980303,0.0918182,0.146515,0.0413636,0.57803,0.090303,0,0.0231818,0.13303,0.170455,0.252121,1.37667,0,0.478788,0,0.0762121,0,0.648333,0.4,0.395758,0.184242,0.101061,0.158636,0.0680303,0.0640909,0.133788,0.0640909,0.145455,0.193788,0.214091,0.0165152,0.152576,0.0895455,0.0121212,0.0324242,0.149697,0.0919697,0.265455,0.0916667,0,0.100152,0.0292424,0.141318,0.0183333,0.154985,0.0347727,0.0348485,2.02539,11.7424,114.712,0.287879
0.0905263,0.0715789,0.470526,0,0.535263,0.134211,0.354211,0.138947,0.0636842,0.204211,0.0763158,0.660526,0.0731579,0,0.101579,0.129474,0.171579,0.527895,2.66737,0.434737,1.78474,0.143158,0.293684,0.167368,0.314211,0.0642105,0.0642105,0.0321053,0.0321053,0.0968421,0.0321053,0.0321053,0.0473684,0.0321053,0.0584211,0.0321053,0.0189474,0,0.0978947,0.197895,0,0,0,0,0.155789,0.0373684,0,0,0.00326316,0.0799474,0.00342105,0.414368,0.139053,0.0321053,3.56226,51.2105,161.105,0.684211
0.0839535,0.100465,0.294884,0.445581,0.252326,0.0853488,0.0751163,0.0337209,0.297442,0.251163,0.0781395,0.446047,0.105814,0.0351163,0.113953,0.204651,0.0588372,0.154884,1.42698,0.265581,0.833488,1.24814,0.13093,0.0916279,0.345116,0.191395,0.0186047,0.0118605,0.0116279,0.0116279,0.0188372,0,0.0602326,0,0.120465,0.0176744,0.112326,0.000930233,0.0206977,0.02,0.00162791,0.0339535,0.00697674,0.014186,0.0406977,0.025814,0.0027907,0.00976744,0.0347907,0.161605,0.024,0.199977,0.0917209,0.130326,5.85277,100.698,1327.02,0.627907
0.69027,0.164054,0.694595,0,0.201351,0.0559459,0,0,0,0.0397297,0.594595,1.34027,0,0,0,0.216216,0,0.0108108,1.4,0,4.84622,0,0,0.564054,0.11973,0.116757,0.162973,0,0,0.108919,0,0.135946,0,0.135946,0.0324324,0,0,0,0,0,0,0.0648649,0,0,0.0705405,0,0,0,0,0.0687568,0,0.175189,0.0894324,0,4.47881,26,53.8108,0.486486
0.27746,0.09,0.271905,0,0.601587,0.0274603,0.128095,0.0887302,0.0201587,0.0879365,0.0266667,0.522857,0.0374603,0.0401587,0.0136508,0.44873,0.267937,0.184921,2.48444,0.00698413,1.30619,0,0.188571,0.0939683,0.0855556,0.03,0.0907936,0.0588889,0.00809524,0.0325397,0.00809524,0.0180952,0.00698413,0.0180952,0.0401587,0.0944444,0.0319048,0,0.0263492,0.0133333,0,0.0250794,0.0101587,0.00952381,0.288095,0.042381,0,0.0452381,0.0120159,0.112524,0.00590476,0.453429,0.15454,0.00655556,3.09494,25.254,112.603,0.84127
0.0858491,0.0341509,0.309245,0,0.295094,0.193396,0.0569811,0.137736,0.0403774,0.163774,0.0462264,0.496604,0.0990566,0.045283,0.0150943,0.20566,0.215472,0.217736,1.25057,0.119434,0.763585,0,0.0969811,0.111887,0.628302,0.336038,0.12283,0.137925,0.137736,0.0975472,0.0607547,0.0360377,0.174151,0.0360377,0.106415,0.125283,0.136226,0.00264151,0.0150943,0.0841509,0,0.0101887,0.0816981,0.0424528,0.16434,0.0660377,0.00716981,0.0556604,0.0204906,0.15983,0.0200377,0.113566,0.0409811,0.0106792,2.04838,12.8679,191.396,0.415094
0.140395,0.0768421,0.220658,0.162895,0.463421,0.109737,0.0557895,0.1075,0.195658,0.293553,0.117763,0.778947,0.126053,0.0530263,0.00447368,0.178947,0.245395,0.0789474,1.54789,0.0977632,0.710658,0.610526,0.213553,0.151842,0.590132,0.198816,0.0226316,0.0306579,0.0203947,0.0310526,0.0119737,0.0148684,0.119737,0.00434211,0.0322368,0.0965789,0.119868,0.0143421,0.0189474,0.0111842,0.0342105,0.0725,0.00934211,0.0160526,0.0396053,0.115263,0.0265789,0.0305263,0.0439868,0.135013,0.0136711,0.139355,0.0718289,0.0696184,3.42288,35.3289,488.224,0.552632
0.289286,0.254762,0.311905,0.00309524,0.22881,0.0704762,0.0390476,0.137381,0.377143,0.489048,0.19381,0.545238,0.338571,0.639048,0.0766667,0.230238,0.295238,0.109524,2.23548,0.0316667,1.00833,0.04,0.357619,0.34,0.406429,0.0947619,0.00142857,0.00047619,0.000952381,0.00785714,0,0,0.119048,0,0.00738095,0.0490476,0.141905,0.00261905,0.00880952,0.0354762,0.0121429,0.00380952,0.00785714,0.0128571,0.055,0.0511905,0.00166667,0.035,0.029881,0.10481,0.00959524,0.312381,0.391024,0.0882143,7.43426,314,2305.19,0.785714
0.165435,0.041413,0.292065,0,0.289565,0.0663043,0.0909783,0.0195652,0.0257609,0.0869565,0.0152174,0.387717,0.113696,0.0267391,0,0.213152,0.0369565,0.0816304,1.50033,0.00967391,0.430217,0,0.0233696,0.0504348,0.288478,0.303804,0.296413,0,0.0941304,0.063913,0.0140217,0,0.045,0,0.0147826,0.0946739,0.142283,0.0101087,0.0916304,0.0108696,0.0319565,0.213478,0,0.0751087,0.310109,0.100761,0.011087,0.0516304,0.00570652,0.137261,0.0131957,0.187772,0.00511957,0.00565217,1.5601,5.1087,37.3804,0.152174
0,0,0,0,0,0,0,0,0,0,0,0,0,0,0,0,0,0,0,0,0,0,0,0,0,0,0,0,0,0,0,0,0,0,0,0,0,0,0,0,0,0,0,0,0,0,0,0,0,0,0,0,0,0,0,0,0,0
0.160217,0.101304,0.241304,0.00804348,0.36087,0.107391,0.0591304,0.22413,0.210652,0.312391,0.163043,0.535435,0.128478,0.181087,0.0578261,0.482174,0.283478,0.172826,1.59609,0.95,0.947391,0.678913,0.310652,0.239348,0.11,0.0595652,0.005,0.00282609,0.00282609,0.015,0.00782609,0,0.0804348,0.00282609,0.00456522,0.0982609,0.133913,0.00934783,0.0152174,0.0236957,0.0117391,0.00152174,0.00521739,0.0121739,0.0256522,0.0663043,0.0023913,0.0186957,0.0351739,0.11663,0.0361957,0.230391,0.169478,0.105174,7.07015,215.087,1615.54,0.673913
0.136053,0.0621053,0.408684,0,0.874737,0.151842,0.170263,0.244474,0.119474,0.339474,0.116842,0.807105,0.03,0.0371053,0.0263158,0.306842,0.602895,0.190526,2.18816,0.212105,1.25447,0,0.329474,0.0323684,0.214737,0.0231579,0,0.0168421,0,0.00631579,0,0,0.0597368,0,0.0123684,0.0997368,0.0702632,0,0.0126316,0.0728947,0,0,0.00631579,0.0152632,0.291053,0.00421053,0,0.00631579,0.00673684,0.0878158,0.00173684,0.422474,0.147763,0.0662368,4.33329,76.2105,240.816,0.815789
0,0,0,0,0,0,0,0,0,0,0,0,0,0,0,0,0,0,0,0,0,0,0,0,0,0,0,0,0,0,0,0,0,0,0,0,0,0,0,0,0,0,0,0,0,0,0,0,0,0,0,0,0,0,0,0,0,0
0.137708,0.076875,0.227187,0,0.135208,0.0982292,0.109583,0.121146,0.0302083,0.238125,0.0370833,0.415833,0.0505208,0,0.00635417,0.205625,0.0745833,0.167396,1.62948,0.0280208,0.817188,0,0.0075,0.0130208,0.719062,0.432708,0.316875,0.419375,0.0936458,0.157187,0.105104,0.04,0.292708,0.04,0.242187,0.100104,0.254687,0.00895833,0.0708333,0.0944792,0.0796875,0.131875,0.113021,0.136562,0.398125,0.363229,0,0,0.0197917,0.186354,0.0199375,0.216396,0.0737813,0.0570417,2.31087,12.0521,61.2604,0.322917
0.110694,0.108333,0.359583,0,0.216389,0.0786111,0.1925,0.0679167,0.00458333,0.130694,0.0576389,0.700694,0.110694,0,0.05,0.209861,0.0751389,0.152361,1.80347,0,0.616111,0,0.0954167,0,0.226528,0.100278,0.153333,0,0.111667,0.0301389,0.00777778,0,0.17125,0,0.0309722,0.0579167,0.130139,0.0111111,0.179167,0,0.0411111,0.24125,0.0316667,0.0684722,0.246111,0.117778,0,0.0475,0.0186806,0.131444,0,0.161722,0.0284583,0.0193889,1.63881,5.625,53.1667,0.222222
0.0414286,0.0834694,0.31,0.00285714,0.342857,0.103061,0.142653,0.0769388,0.0469388,0.257347,0.0579592,0.358776,0.287347,0.062449,0.15,0.0746939,0.0628571,0.345714,1.33367,0.0685714,0.694286,0.662653,0.188367,0.074898,0.90449,0.351429,0.180204,0.134898,0.101837,0.0863265,0.0812245,0.0971429,0.0814286,0.0971429,0.0767347,0.127347,0.187755,0,0.0814286,0.124286,0,0.0542857,0.112857,0.0320408,0.154082,0.0812245,0,0.0120408,0.079898,0.201286,0.0356735,0.161429,0.173347,0.0736939,3.08355,20.4286,261.755,0.571429
0.103846,0.158077,0.491154,0.758846,0.353462,0.197692,0.509231,0.134615,0.0503846,0.193462,0.185385,0.481538,0.0580769,0,0,0.445385,0.342692,0.328077,2.13577,0.650385,1.97846,0,0.170769,0.265385,0.0219231,0.0219231,0,0,0,0,0,0,0.0103846,0,0,0.0280769,0.121538,0,0.0919231,0,0,0,0,0,0.118462,0.0476923,0,0,0.0136154,0.106385,0.0327692,0.419038,0.198769,0.0350385,9.80846,148.769,278.692,0.961538
0.052,0.027,0.303667,0,0.356,0.142,0.0603333,0,0.0636667,0.161,0,0.367333,0.174333,0.0573333,0,0.219333,0.101,0.1,1.89467,0.249,0.676333,0.042,0.011,0.0436667,0.120667,0.151,0,0.138667,0,0.0286667,0,0,0,0,0.05,0.0656667,0.0223333,0,0.027,0,0,0,0,0.026,0.354333,0.457667,0,0,0.0086,0.0751,0.00646667,0.0823333,0.0285667,0.0144,3.49027,47.9,106.467,0.333333
0,0,0,0,0,0,0,0,0,0,0,0,0,0,0,0,0,0,0,0,0,0,0,0,0,0,0,0,0,0,0,0,0,0,0,0,0,0,0,0,0,0,0,0,0,0,0,0,0,0,0,0,0,0,0,0,0,0
0.125158,0.0734737,0.312211,0.00294737,0.236632,0.0996842,0.0350526,0.154632,0.185263,0.213895,0.0681053,0.764105,0.111789,0.0893684,0.0257895,0.164316,0.201263,0.116737,1.418,0.113263,1.24747,0.00178947,0.132421,0.104211,0.984421,0.193579,0.0138947,0.0131579,0.00852632,0.0221053,0.0102105,0,0.108526,0.00115789,0.0228421,0.0642105,0.192947,0.0197895,0.0276842,0.0144211,0.0934737,0.0557895,0.00821053,0.0186316,0.0634737,0.291684,0.00568421,0.0105263,0.0647158,0.178326,0.0206421,0.234211,0.0604842,0.0650842,3.76578,55.0842,561.4,0.547368
0.0593407,0.0867033,0.223407,0.0148352,0.228022,0.038022,0.0782418,0.141758,0.0382418,0.532418,0.0525275,0.375275,0.115824,0,0.0420879,0.0838462,0.0761538,0.131429,1.50813,0.0754945,0.458022,0.00637363,0.0465934,0.0848352,0.781429,0.470659,0.375165,0.377033,0.149451,0.205385,0.124505,0.0948352,0.0394506,0.0948352,0.217692,0.184945,0.233077,0.00593407,0.210879,0.106264,0.041978,0.0557143,0.134176,0.0740659,0.324505,0.233956,0.0169231,0.0385714,0.0397253,0.192846,0.0211868,0.225198,0.0395275,0.0227143,2.36893,11.4505,80.5714,0.285714
0.117857,0.41,0.299286,3.0275,0.273214,0.121786,0.0925,0.0835714,0.480714,0.135,0.04,0.4825,0.0917857,0.0157143,0.178571,0.157857,0.230357,0.484643,1.91,0.0925,0.894643,0.998571,0.0978571,0.218929,0.371786,0.0221429,0.185,0,0,0,0,0,0,0.0153571,0.00821429,0.0242857,0.0421429,0.0121429,0.0235714,0,0,0,0.00357143,0,0.0807143,0,0,0.00714286,0.0109286,0.09775,0,0.378214,0.17375,0.154,9.31743,99.8929,457.786,0.785714
0.115185,0.213704,0.455185,0,0.428889,0.107222,0.368704,0.107407,0.0396296,0.364259,0.182222,0.519444,0.175926,0.08,0.0657407,0.362963,0.168704,0.383889,2.17593,0.0855556,1.14019,0.0301852,0.342593,0.065,0.204074,0.0825926,0,0.186111,0,0.0825926,0.00740741,0,0.308333,0,0.157407,0.112407,0.0888889,0,0.0103704,0.0862963,0,0.067037,0,0.0274074,0.117778,0.0983333,0,0,0.0199444,0.0953889,0.00187037,0.526556,0.109667,0.0198889,5.22733,67.1481,194.796,0.703704
0,0,0.175263,0,0.07,0,0,0,0,0,0,0.262632,0,0,0,0,0,0.626842,0.262632,0,0.07,0,0,0,4.25105,4.63368,0.340526,0.772632,0,0.954737,0.626842,0,0,0,0.626842,0.626842,0.746316,0.210526,0.07,0,0,0.444211,0,0,0.181053,0,0,0.194737,0.0455263,0.0561579,0.0453158,0.160842,0,0.0339474,1.99621,8.26316,27.9474,0
0,0,0,0,0,0,0,0,0,0,0,0,0,0,0,0,0,0,0,0,0,0,0,0,6,3.788,0,0,0,0,0,0,0,0,0,0.512667,0,0,0,0,0,0.966,0,4.31133,0,0,0,0,0,0,0,0,0,0,1.43387,2.46667,6.06667,0
0.06875,0.037,0.31325,0.01875,0.32675,0.06425,0.07875,0.15925,0.0205,0.30475,0.11925,0.42175,0.15625,0.007,0.02975,0.31625,0.121,0.1185,1.216,0.03575,0.766,0.1025,0.13625,0.093,0.57025,0.21325,0.189,0.073,0.0945,0.095,0.13,0.0485,0.0885,0.0485,0.0645,0.11575,0.14275,0.038,0.10125,0.067,0.01175,0.00925,0.0975,0.18225,0.128,0.03275,0,0.011,0.027125,0.154,0.028425,0.145225,0.09145,0.04655,2.58437,19.175,230.875,0.45
0.025625,0.076875,0.235,0,0.508125,0.060625,0.344375,0.15375,0.015,0.065625,0,1.01875,0,0,0.015,0.751875,0.39375,0.15375,1.93875,0,1.18062,0,0.08625,0.025625,0.018125,0.018125,0.411875,0.03625,0,0,0.39375,0,0,0.018125,0.12375,0,0,0,0,1.1875,0,0,0,0,0.076875,0,0,0,0,0.233562,0.037125,0.145938,0.136688,0,17.0148,229.25,401.375,0.375
0,0,0,0,0,0,0,0,0,0,0,0,0,0,0,0.4,0,0,0,0,0,0,0,0,0,0,21.3332,0,0,0,0,0,0,0,0,0,0,0,0,0,0,0,0,0,0,0,0,0,0,0,0,0,0,0,1.16748,1.53,5.11,0
0,0,0,0,0,0,0,0,0,0,0,0.145789,0,0,0,0,0,0,0.31,0,0,0,0,0,8.31368,4.15421,4.15421,4.15421,4.30053,4.15421,4.15421,4.15421,0,4.15421,4.15421,4.15421,0,0,0,4.15421,0,0,0,0,0,0,0,0,0,1.14689,0,0,0,0,3.27737,11,31.6316,0
0.0198485,0.0691667,0.345682,0,0.351364,0.055303,0.0710606,0.0362879,0.00568182,0.11947,0.00931818,0.677045,0.107348,0.0509848,0,0.150227,0.04,0.217121,2.32333,0,0.586818,0,0,0,0.150379,0.0563636,0.456515,0,0.119545,0.0643939,0,0,0.115152,0,0,0.0193939,0.0745455,0.0328788,0.0801515,0,0,0.350606,0.0603788,0.109318,0.484394,0.10303,0,0.0258333,0.0157727,0.0723106,0.0135379,0.313652,0.0072197,0,1.43587,3.60606,17.7121,0.159091
0,0,0,0,0,0,0,0,0,0,0,0,0,0,0,0,0,0,0,0,0,0,0,0,0,0,0,0,0,0,0,0,0,0,0,0,0,0,0,0,0,0,0,0,0,0,0,0,0,0,0,0,0,0,0,0,0,0
0.114286,0.157778,0.29746,0,0.373492,0.109683,0.251587,0.140952,0.0307937,0.254603,0.0912698,0.286984,0.0401587,0.068254,0.0439683,0.418571,0.145556,0.356667,2.02857,0.0696825,0.936508,0.0238095,0.104921,0.088254,0.840794,0.479524,0.401111,0.260952,0.0677778,0.164127,0.0677778,0.180635,0.061746,0.180635,0.151746,0.119206,0.168413,0,0.161905,0.0777778,0.0377778,0.0552381,0.154444,0.0468254,0.334286,0.463333,0.0368254,0.014127,0.022381,0.143143,0.0129206,0.278,0.0322381,0.131714,2.32237,16.3333,94.4762,0.460317
0,0,0,0,0,0,0,0,0,0,0,0,0,0,0,0,0,0,0,0,0,0,0,0,0,0,0,0,0,0,0,0,0,0,0,0,0,0,0,0,0,0,0,0,0,0,0,0,0,0,0,0,0,0,0,0,0,0
0,0.0386842,0,0,0.245789,0,0.119474,0.0468421,0,0.393158,0,1.40921,0,0.332368,0,0.0584211,0,0.0386842,1.04079,0.0584211,0.0728947,0,0,0.277895,0,0,0.0584211,0.114211,0.101053,0,0,0,0,0,0.101053,0,0.0468421,0,0.19,0,0.12,0.101053,0.0939474,0.0515789,0.155,0.12,0,0.0876316,0.101211,0.177395,0.0407895,0.308789,0,0.0197632,2.71458,9.39474,18.0263,0.131579
0.0466667,0.114167,0.560833,0.0408333,0.538333,0.0791667,0.263333,0.0333333,0.129167,0.628333,0.0725,0.608333,0.238333,0.145,0,0.705,0.2925,0.203333,1.73333,0,0.823333,0,0.6475,0.125833,0.0833333,0.0416667,0,0.0241667,0.0416667,0.0208333,0.0241667,0,0,0.0158333,0.0241667,0.0458333,0.194167,0,0,0,0,0.0908333,0,0,0.136667,0,0,0.0833333,0.0510833,0.198333,0.00258333,0.442,0.171583,0.01975,9.30983,188.917,538.083,0.75
0.0939048,0.0562857,0.202952,0.0126667,0.186,0.0699048,0.0654286,0.131714,0.0364762,0.181619,0.0291429,0.693714,0.129905,0.0104762,0.0532381,0.101143,0.108,0.114762,1.436,0.0244762,0.561524,0,0.110952,0.0589524,0.761619,0.411143,0.257238,0.270952,0.103619,0.213048,0.088,0.0779048,0.120571,0.0779048,0.15,0.134381,0.314,0.00438095,0.164476,0.0905714,0.0381905,0.094,0.19581,0.0761905,0.368286,0.34219,0.0167619,0.0621905,0.012781,0.2098,0.024581,0.239333,0.0513333,0.0120762,2.24169,12.2952,71.9238,0.266667
0.24,0,0.1275,0,0,0,0,0,0,0,0,0.26,0,0,0,0,0,0,1.81063,0,0.1275,0,0,0,0,0,0,0,0,0,0,0,0,0,0,0,0,0,0,0,0,0,0,0,1.18062,5.7975,0,0,0.014125,0.218625,0,0.482625,0,0,1.01406,1.125,6.6875,0
0.122742,0.200484,0.44371,0.690484,0.267097,0.12,0.055,0.113548,0.262097,0.282097,0.0658065,0.803548,0.212903,0.117581,0.145645,0.137742,0.14129,0.194677,1.74387,0.0932258,0.945645,0,0.137903,0.167419,0.704677,0.123387,0.0214516,0.0227419,0.0158065,0.0190323,0.0153226,0.00258065,0.0806452,0.00258065,0.0216129,0.0527419,0.086129,0.00225806,0.0162903,0.0366129,0.00258065,0.08,0.0370968,0.0119355,0.0237097,0.00193548,0,0.0135484,0.160339,0.127016,0.0207581,1.16602,0.278032,0.0172097,4.09763,56,753.742,0.596774
0,0,0.2935,0,0,0,0,0,0,0,0,0.455,0,0,0,0,0,0.1085,10.617,0,1.3895,0,0,1.1125,0,0,0,0,0,0,0,0,0,0,0,0,0,0,0,0,0,0,0,0,2.373,0.106,0.1085,0,0.0187,0,0,0,0,0,1.1048,1.6,5.85,0.1
