0.364857,0.140143,0.428857,0,0.123714,0.0562857,0.135429,0.072,0.0265714,0.0974286,0.347,0.891857,0.021,0.0501429,0,0.330143,0.112143,0.078,1.58729,0,3.17257,0,0,0.298143,0.370857,0.149571,0.108429,0.121,0.0445714,0.0575714,0,0.0718571,0.017,0.0718571,0.0394286,0.019,0.213286,0,0.054,0,0,0.0788571,0,0.0165714,0.164571,0.0832857,0,0.0347143,0.0174286,0.133086,0,0.510014,0.0873429,0.00271429,4.68229,28.9429,59.4143,0.514286
0.096,0.008,0.196,0.008,0.092,0.118,0,0.058,0.058,0.188,0.074,0.082,0.072,0,0.038,0.088,0.078,0.076,0.608,0.008,0.242,1.906,0.138,0.11,0,0,0,0,0,0,0,0,0,0.028,0,0.008,0,0,0.016,0,0,0,0,0,0.038,0,0,0,0.4302,2.0094,0.009,0.3924,0.375,0.4024,57.5034,2297.8,10648.8,1
0.0654701,0.12359,0.307778,0.0102564,0.35094,0.118291,0.111282,0.115726,0.0529915,0.281111,0.0676923,0.507863,0.195812,0.0335043,0.088547,0.178632,0.114274,0.278547,1.3688,0.0517949,0.842735,0.312564,0.150256,0.0894017,0.646239,0.294701,0.172564,0.110513,0.10094,0.0997436,0.0552137,0.0618803,0.0858974,0.0618803,0.0765812,0.0957265,0.155897,0.0129915,0.0684615,0.0812821,0.0136752,0.0264957,0.0832479,0.0518803,0.12265,0.0633333,0,0.0168376,0.0432735,0.178222,0.0275812,0.17341,0.116248,0.042188,3.05705,24.5983,247.752,0.529915
0.219062,0.405938,0.650312,0.0734375,0.365938,0.18125,0.319688,0.125625,0.314063,0.860625,0.215625,0.77125,0.14375,0.096875,0.270625,0.930625,0.3275,0.23875,1.85531,0.145,1.52562,0.0053125,0.193438,0.223438,0.299375,0.13875,0.0075,0,0,0.0228125,0,0,0.0421875,0,0.0225,0.0146875,0.12125,0.026875,0.0075,0.0228125,0,0.0228125,0.010625,0.0153125,0.110625,0.0446875,0,0.0240625,0.0094375,0.125656,0.00465625,0.753812,0.231156,0.0675,25.445,340.531,656.719,0.9375
0,0,0,0,0,0,0,0,0,0,0,0,0,0,0,0,0,0,3.42375,0,0,0,0,0,0,0,0,0,0,0,0,0,0,0,0,0,0,0,1.38875,0,0,0,0,0,14.6637,0,0,0,0,0.285625,0,5.217,0,0,1.46187,2.875,7.375,0
0.0966842,0.113526,0.213474,0.00710526,0.32,0.0541053,0.111158,0.0901053,0.0312632,0.367842,0.0545789,0.598684,0.111211,0.00710526,0.0249474,0.110105,0.116,0.141105,1.60237,0.0483684,0.574789,0.00305263,0.0491579,0.0627895,0.651,0.423263,0.286053,0.337737,0.120053,0.170789,0.104895,0.0819474,0.0821579,0.0819474,0.168421,0.172,0.194158,0.00526316,0.145211,0.0844211,0.0337368,0.0741053,0.106368,0.0978947,0.251421,0.168158,0.0128421,0.0436316,0.0253789,0.1827,0.0135947,0.239542,0.0312,0.0150158,2.17769,11.1842,81.1053,0.268421
0.30617,0.144894,0.280426,0.0917021,0.0723404,0.106809,0.0193617,0.139787,0.221064,0.399574,0.144681,0.630213,0.341064,0.652766,0.0255319,0.158936,0.276596,0.12,1.86936,0.0476596,0.868511,0.0334043,0.447021,0.28766,0.0951064,0.0604255,0.00510638,0.00148936,0.00212766,0.00382979,0,0,0.309362,0,0,0.0297872,0.176383,0.00148936,0.00659574,0.017234,0.0246809,0.00765957,0.00446809,0.0159574,0.0421277,0.0568085,0.00978723,0.0502128,0.0292553,0.115766,0.00757447,0.24734,0.329319,0.0877872,5.44715,185.447,3357.47,0.744681
0.0206944,0.0609722,0.169167,0,0.286389,0.0522222,0.0573611,0.185972,0.04625,0.0748611,0.0126389,0.627083,0.0355556,0.0272222,0,0.227639,0.0740278,0.182778,2.01333,0,0.644861,0,0.1075,0.311806,0.551806,0.397083,0.138889,0.210556,0.209028,0.104722,0.10375,0,0.0495833,0,0.169167,0.06625,0.108472,0.0555556,0.185278,0.0308333,0.194444,0.382778,0.0643056,0.154722,0.629861,0.154722,0,0.0869444,0.0873472,0.0833333,0.0219583,0.333403,0.0595417,0.0586528,2.69574,11.9444,27.5,0.388889
0.4672,0.7208,0.7428,0.3664,0.3468,0.2716,0.0656,0.4024,0.4188,1.3644,0.0604,1.4292,0.1212,0.2716,0.3344,0.2872,0.1692,0.6348,2.064,0.3444,3.2556,0.0152,0.5196,0.2464,0,0,0,0,0,0,0,0,0.0132,0,0.0508,0.0168,0.0148,0,0,0,0,0,0.0076,0,0.0248,0,0,0,0.027,0.14768,0.06472,0.95372,0.17836,0.06036,39.2918,602.2,882.64,1
0.110471,0.105882,0.361412,0.00682353,0.532235,0.117412,0.108118,0.134118,0.0703529,0.265647,0.0994118,0.628118,0.0628235,0.0127059,0,0.332824,0.328588,0.277412,1.92624,0.135176,0.981412,0.123529,0.194824,0.0828235,0.234,0.0821176,0.0325882,0.0281176,0.00458824,0.0435294,0.00458824,0.00823529,0.0252941,0.012,0.0438824,0.0777647,0.111765,0.000823529,0.0223529,0.0430588,0,0.0197647,0.0172941,0.0202353,0.219059,0.281647,0,0.0284706,0.0577765,0.110165,0.00965882,0.322435,0.118188,0.0552588,4.21665,66.6706,263.376,0.647059
0,0,0,0,0,0,0,0,0,0,0,1.58,0,0,0,0,0,0,0,0,0,0,0,0,0,0,0,0,0,0,0,0,4.76,0,0,0,0,0,0,0,0,0,0,6.34,0,0,0,0,0,0,0,0,0,0,1.259,3,34,0
0.124369,0.15301,0.389223,0.138932,0.297961,0.119612,0.088835,0.185922,0.42767,0.51534,0.123107,0.532718,0.128447,0.0634951,0.135728,0.270291,0.145631,0.371553,1.42854,0.176796,0.934078,0.91165,0.12466,0.198058,0.470777,0.150583,0.0302913,0.0246602,0.00553398,0.0266019,0.0197087,0.00184466,0.122816,0.00368932,0.124757,0.0316505,0.136505,0.00174757,0.0326214,0.0313592,0.00932039,0.0270874,0.00524272,0.0121359,0.0366019,0.0365049,0.00640777,0.0286408,0.0586214,0.106913,0.043534,0.362107,0.180175,0.104767,4.71909,77.699,971.097,0.68932
0.0403165,0.0303797,0.313165,0,0.313101,0.0337342,0.0428481,0.0127848,0.0321519,0.121139,0.0324051,0.951392,0.065,0.035,0.0107595,0.112595,0.043038,0.0898101,1.97513,0.0320253,0.450633,0,0,0.0234177,0.294114,0.279051,0.363038,0,0.149873,0.0602532,0,0,0.0665823,0,0.0140506,0.0116456,0.140759,0.00886076,0.0868987,0.00607595,0.0408861,0.275316,0.0167089,0.141519,0.377975,0.155127,0,0.0413924,0.0254684,0.158335,0.00439873,0.164956,0.00755063,0.00486076,1.59369,4.76582,24.3481,0.101266
0.0145556,0.0507222,0.239889,0,0.308222,0.0496111,0.0708889,0.0625,0.00416667,0.143944,0.00683333,0.801889,0.0787222,0.121444,0,0.0886667,0.0251111,0.171556,1.9935,0.0123333,0.460278,0,0,0.0598889,0.130333,0.0413333,0.450167,0.0567778,0.164611,0.0798889,0,0,0.0844444,0,0.0326667,0.0197778,0.0645556,0.0241111,0.0921667,0,0.058,0.349944,0.0641111,0.108944,0.489778,0.275333,0,0.0374444,0.0120611,0.0889889,0.0185389,0.303578,0.00529444,0,1.63176,4.55,17.1611,0.116667
0.117738,0.163214,0.412381,0,0.467262,0.121071,0.319167,0.140238,0.0692857,0.32,0.142857,0.527738,0.151786,0.0572619,0.0541667,0.327024,0.226786,0.275833,1.93214,0.140833,1.04357,0.0194048,0.282619,0.0730952,0.239048,0.0884524,0.0144048,0.126786,0.00714286,0.0746429,0.0145238,0.00714286,0.24619,0.00714286,0.113929,0.0794048,0.150357,0,0.00666667,0.0888095,0.00369048,0.0430952,0.00619048,0.017619,0.120595,0.0753571,0,0.0214286,0.0130476,0.084119,0.00120238,0.470417,0.116238,0.0138452,4.69696,64.1786,195.976,0.654762
0.0378723,0.371064,0.301915,1.76298,0.541915,0.185745,0.721915,0.0695745,0.231277,0.334894,0.0319149,0.701702,0.0519149,0.013617,0.0285106,0.342128,0.192553,0.348511,2.07128,0.0270213,1.17298,0,0.100851,0.0825532,0.11383,0.0106383,0.244255,0.03,0.0106383,0.00531915,0.154043,0,0,0.0131915,0.0597872,0.0112766,0.0468085,0,0.04,0.404255,0,0.00425532,0,0,0.194894,0.0093617,0,0.0212766,0.0103191,0.182085,0.0138723,0.293617,0.0750851,0.0393404,13.1006,163.745,409.319,0.638298
0,0,0,0,0,0,0,0,0,0,0,0,0,0,0,0,0,0,0,0,0,0,0,0,16.3043,1.09857,0,0,0,0,0,0,0,0,0,0,0,0,0,0,0,0,0,0,2.88357,0,0,0,0,0,0,0.0802143,0,0,4.16179,16.5714,25.5,0
0,0,0,0,0,0,0,0,0,0,0,0,0,0,0,13.33,0,0,0,0,0,0,0,0,0,0,0,0,0,0,0,0,0,0,0,0,0,0,0,0,0,0,0,0,0,0,0,0,0,0,0,0,0,0,2.8805,7.5,11.5,1
0,0,0,0,0,0,0,0,0,0,0,0,0,0,0,0.325203,0,0,0,0,0,0,0,0,0.0903252,0.116098,20.068,0,0,0,0,0,0,0,0,0,0,0,0,0,0,0.18065,0,0,0.0541463,0,0,0,0,0.0285203,0,0.00934146,0,0,1.20634,1.6748,5.45528,0
0.144611,0.102,0.290278,0,0.279333,0.0361667,0.0143889,0.0490556,0.0108889,0.133778,0.00533333,0.493833,0.0616667,0.0875556,0,0.184167,0.0158333,0.199278,1.29494,0.116,0.468389,0,0.0117778,0.0505,0.200389,0.0882778,0.647833,0,0.311278,0.0231111,0,0,0.310889,0,0.111111,0,0,0.0614444,0.0654444,0.0065,0.215889,0.586111,0.0198333,0.140278,0.586667,0.476667,0.0162222,0.0462778,0.02915,0.105211,0.0140556,0.131406,0.00989444,0,1.49479,3.17222,11.6167,0.0611111
0.112273,0.102784,0.256193,0,0.38767,0.115568,0.136761,0.120114,0.0355682,0.244489,0.0857955,0.571875,0.06625,0.0297159,0.0772159,0.343466,0.115398,0.224716,1.76909,0.0290909,0.872045,0.0268182,0.0897159,0.0830114,0.713295,0.397216,0.24017,0.258864,0.0964205,0.146023,0.0697727,0.08625,0.0843182,0.08625,0.117216,0.173807,0.159091,0.0111932,0.118239,0.0710795,0.0461932,0.0469318,0.1175,0.131364,0.244602,0.274205,0.0131818,0.0166477,0.0253239,0.14246,0.0152727,0.182443,0.0560909,0.0519148,2.18389,12.1989,100.068,0.380682
0.151343,0.146716,0.826866,0.00283582,0.707612,0.520149,0.272836,0.136716,0.56597,0.458209,0.203284,0.601194,0.150746,0.0797015,0.967015,0.304776,0.11209,0.760149,1.5091,0.820448,0.926119,0.0862687,0.517612,0.144478,0.051194,0.00134328,0.021791,0.00716418,0,0.00865672,0,0,0.00313433,0.00567164,0.00432836,0,0.0129851,0,0,0.0401493,0,0,0.0835821,0.0119403,0.0447761,0.0364179,0,0,0.00285075,0.0761343,0.0011194,0.448209,0.160104,0.019791,108.883,790.104,1415.94,0.985075
0.161556,0.178667,0.526889,0.438444,0.381556,0.150889,0.254667,0.154,0.0686667,0.220444,0.112667,0.486889,0.0771111,0,0,0.439111,0.351333,0.380222,2.27333,0.462,1.43267,0.255333,0.135111,0.209778,0.0575556,0.0684444,0.00711111,0,0.032,0.032,0,0,0.006,0,0.0284444,0.042,0.140889,0,0.066,0.00422222,0,0,0.0315556,0.0168889,0.147556,0.0275556,0,0.0386667,0.0102889,0.0837556,0.0215556,0.455089,0.3006,0.0369778,7.13513,124.533,308.844,0.866667
0,0,0.0336207,0,0.337069,0.0366667,0,0.0638506,0,0.0249425,0,0.095977,0,0.0616092,0,0.037069,0,0.0441954,0.21592,0,0.282069,0,0,0,0.529713,0.325287,0.442989,0,0.0273563,0,0.0718391,0,0,0,0,0.0441954,0,0.0849425,0,0,0,0.417644,0,0.434253,0.664885,0.321897,0,0.105345,0.00387931,0.0848966,0.0553736,0.174,0,0,1.19484,1.6092,5.06897,0.0402299
0,14.1478,0,0,0,0,0,0,0,0.132222,0,0,0,0,0,0,0,0,0,0,0,0,0,0,0,0,0,0,0,0,0,0,0,0,0,0,0,0,0,0,0,0,0,0,0.132222,0,0,0,0,0,0,0,0,0,1.77778,4.88889,9.02778,0
0.0888889,0.044183,0.23183,0,0.256144,0.0746405,0.158431,0.0576471,0.00849673,0.18732,0.0503922,0.625425,0.09,0.0181699,0.0263399,0.169477,0.13366,0.0999346,1.71706,0.00294118,0.528301,0,0.0643791,0.0546405,0.412222,0.239281,0.275621,0.106993,0.0705229,0.187386,0.0677778,0.0451634,0.176078,0.0451634,0.136928,0.130458,0.163529,0.00359477,0.171634,0.0468627,0.107908,0.178693,0.0355556,0.129281,0.25085,0.132418,0,0.0547712,0.0154837,0.127791,0.00994118,0.22366,0.0354771,0.00794771,1.71957,6.98693,44.4052,0.183007
0.314865,0.276757,0.336486,0.00351351,0.248919,0.0745946,0.0389189,0.149459,0.425676,0.528919,0.214054,0.579189,0.367838,0.723243,0.0859459,0.259189,0.332432,0.11027,2.41297,0.0359459,1.0927,0.0454054,0.393784,0.371622,0.0959459,0.0994595,0.00162162,0.000540541,0.000540541,0,0,0,0.123243,0,0.00189189,0.0321622,0.133784,0.00297297,0.00243243,0.0391892,0.00432432,0.00216216,0.00621622,0.00378378,0.0594595,0.0194595,0.00189189,0.0156757,0.0328378,0.100892,0.0108919,0.335595,0.430541,0.0987568,7.64754,346.757,2344.32,0.864865
0.0668421,0.0652632,0.178289,0,0.423816,0.100132,0.282763,0.0386842,0.0571053,0.291447,0.0357895,0.435658,0.209211,0.0636842,0,0.589342,0.0461842,0.290263,2.34316,0.157763,0.879605,0.0727632,0,0.176053,0.0614474,0.0734211,0.0469737,0.0197368,0,0.0194737,0,0,0.0488158,0,0.0353947,0.0202632,0.0178947,0,0,0.0178947,0.00342105,0.0782895,0.00921053,0.0696053,0.268947,0.362895,0,0,0.0136447,0.0372895,0.00255263,0.214053,0.0368816,0.303408,5.19418,54.0263,93.4079,0.447368
0.0757447,0.0625532,0.33078,0.00617021,0.303972,0.156738,0.0714184,0.146667,0.0882979,0.185248,0.0463121,0.486454,0.0848936,0.0378723,0.0214184,0.241844,0.155745,0.165035,1.38284,0.120284,0.749645,0,0.125603,0.076383,0.751206,0.447447,0.13461,0.149716,0.0869504,0.139078,0.0714894,0.0342553,0.112979,0.0342553,0.107447,0.116879,0.240284,0.00489362,0.0891489,0.0635461,0.117376,0.0258156,0.0759574,0.0768794,0.170284,0.254326,0.0077305,0.0421277,0.0569362,0.185716,0.0249645,0.131879,0.0589291,0.0387943,2.45279,19.383,194.525,0.425532
0.0713483,0.074382,0.198427,0,0.161798,0.0370787,0.0925843,0.35764,0.123483,0.0974157,0.0322472,0.309551,0.00460674,0.21,0,0.501461,0.149663,0.109438,1.25281,0.0342697,0.773708,0.0329213,0.18573,0.0691011,0.286966,0.303371,0.204157,0.0847191,0,0.0374157,0.0176404,0.0265169,0.0513483,0.0265169,0.0596629,0.11573,0.107978,0,0.0255056,0.0177528,0,0.0401124,0.0152809,0.021236,0.393483,0.0306742,0,0.0186517,0.00678652,0.149146,0.0108202,0.398596,0.117101,0.00685393,3.82878,27.5281,83.3034,0.719101
0.153478,0.124783,0.265435,0.00804348,0.295435,0.106304,0.0395652,0.230435,0.203696,0.299348,0.0923913,0.540435,0.148261,0.0695652,0.0623913,0.32413,0.210435,0.185652,1.49261,0.128696,0.707826,0.652609,0.261522,0.233478,0.461087,0.0893478,0.00586957,0.00543478,0.00326087,0.023913,0.0104348,0,0.0884783,0.00282609,0.0106522,0.118043,0.160217,0.00934783,0.0213043,0.0245652,0.0193478,0.00326087,0.0073913,0.0245652,0.0297826,0.0973913,0.0023913,0.0397826,0.0394565,0.123587,0.0373696,0.200739,0.163326,0.101739,5.77274,124.522,1677.87,0.543478
0.114513,0.0863717,0.268142,0.0902655,0.429469,0.13115,0.0342478,0.133982,0.151416,0.152832,0.0735398,0.578673,0.131062,0.0293805,0.0225664,0.205664,0.26177,0.134425,1.68496,0.10177,0.76354,0.469204,0.177699,0.110885,0.611593,0.13708,0.0318584,0.0276106,0.0390265,0.0253097,0.010177,0.0184956,0.0430973,0.0114159,0.0285841,0.0822124,0.116991,0.0478761,0.0265487,0.0332743,0.0220354,0.0409735,0.0359292,0.00637168,0.0746018,0.0686726,0.00778761,0.0229204,0.160027,0.121248,0.0111416,0.202044,0.0965398,0.0504248,3.58558,40.8142,423.195,0.548673
0.0928986,0.0873913,0.265942,0.277681,0.258841,0.0771014,0.065942,0.0634783,0.295217,0.362899,0.0817391,0.461304,0.134783,0.145797,0.093913,0.283913,0.0591304,0.246812,1.34826,0.248696,0.882464,0.87,0.0985507,0.0943478,0.372899,0.174783,0.0310145,0.0185507,0.00855072,0.016087,0.0324638,0.00130435,0.0776812,0.00130435,0.10058,0.0236232,0.166522,0.00057971,0.0166667,0.0389855,0.00971014,0.0353623,0.00869565,0.0111594,0.0413043,0.0491304,0.015942,0.0382609,0.0344928,0.153725,0.0202754,0.224087,0.127522,0.104116,6.15028,101.159,1231.72,0.594203
0.0292857,0.0671429,0.253571,0,0.705714,0.0692857,1.59143,0.773571,0.773571,0.880714,0.773571,0.582143,0,0.0764286,0,0.977143,2.15357,0.0642857,1.82643,0.773571,2.815,0,0.309286,0.105714,0.0207143,0.0207143,0.0207143,0.0414286,0,0,0,0,0,0.0207143,0.0414286,0,0.315,0,0.0764286,0,0,0,0,0,0,0,0,0,0,0.0775,0,0.696071,0.255143,0.0712857,64.0539,294.929,330.786,0.928571
0.0626667,0.153333,0.4092,0,0.572267,0.115333,0.237867,0.146533,0.0782667,0.206933,0.1152,0.699333,0.0734667,0,0.191067,0.277733,0.306267,0.406,2.16973,0.439333,1.32773,0.157467,0.269733,0.125067,0.2948,0.130133,0.0492,0.115467,0.0182667,0.1108,0.0182667,0.0182667,0.0213333,0.0182667,0.0414667,0.0448,0.1016,0,0.144933,0.1048,0.0141333,0.0526667,0.0048,0,0.169333,0.0386667,0,0,0.00350667,0.130693,0.000866667,0.303667,0.0947733,0.03128,5.6484,57.0267,145.773,0.666667
0.111967,0.108634,0.265574,0,0.212568,0.0546448,0.129891,0.0697268,0.0176503,0.239016,0.0561749,0.640055,0.0812022,0,0.0336066,0.214809,0.0952459,0.19459,1.70011,0.0230601,0.578798,0,0.0606557,0.0068306,0.905902,0.404098,0.175464,0.238033,0.151967,0.262732,0.118907,0.0498907,0.204973,0.0498907,0.240765,0.118852,0.20847,0.00437158,0.108852,0.0761202,0.0254645,0.204973,0.045082,0.0732787,0.213224,0.354208,0,0.0186339,0.0111475,0.140497,0.00573224,0.243104,0.0200546,0.163541,2.09214,9.91257,54.1639,0.26776
0.159524,0.0630612,0.233129,0,0.241973,0.0729252,0.052381,0.0167347,0.0161224,0.106054,0.00462585,0.538027,0.0782313,0.0219048,0.0044898,0.228231,0.0319048,0.155238,1.79966,0.0106122,0.568844,0,0.00959184,0.0284354,0.366259,0.385986,0.295442,0,0.158367,0.0540136,0.00789116,0,0.0181633,0,0.0092517,0.0614286,0.211293,0.0135374,0.0378231,0.00680272,0.072517,0.247551,0.0106122,0.0671429,0.406735,0.162857,0.00693878,0.0367347,0.0204558,0.116279,0.00927211,0.127286,0.0131429,0.00754422,1.52344,4.88435,33.4626,0.129252
0.118699,0.0904878,0.253252,0.102033,0.334472,0.10439,0.0612195,0.115854,0.215285,0.323252,0.0979675,0.782683,0.120244,0.0856098,0.0556911,0.159106,0.157561,0.176341,1.5361,0.0737398,0.962276,0.605935,0.183821,0.110081,0.660569,0.193659,0.0182927,0.0243902,0.0170732,0.0304878,0.00869919,0.00154472,0.113008,0.00154472,0.0286179,0.0704065,0.129512,0.0129268,0.0154472,0.00796748,0.047561,0.0736585,0.00756098,0.0171545,0.0696748,0.240732,0.020813,0.0190244,0.0411057,0.136878,0.0184553,0.201106,0.0640081,0.0820732,4.24932,53.1057,517.122,0.577236
0.0754321,0.0308642,0.231111,0,0.106173,0.0440741,0,0,0.0223457,0.338272,0,0.128148,0.0685185,0,0,0.140617,0,0.0267901,6.91235,0,1.21173,0,0,0.274691,0.0223457,0,0.915309,0,0.045679,0,0,0,0.0771605,0,0,0,0,0,0.0535802,0,0,0,0,0,1.18728,0.626667,0.0267901,0.0587654,0.0140864,0.0588889,0,0.17384,0,0,1.18383,1.81481,6.81481,0.0740741
0.193178,0.11215,0.370841,0.00102804,0.343271,0.148318,0.0765421,0.193551,0.301308,0.292336,0.0940187,0.657196,0.0754206,0.106542,0.0756075,0.210467,0.334393,0.0790654,1.38832,0.208505,1.16009,0.293458,0.0851402,0.246449,0.820561,0.166262,0.0228972,0.0103738,0.00392523,0.021215,0.0166355,0.00392523,0.0990654,0.00495327,0.0166355,0.0611215,0.173925,0.0175701,0.028785,0.0320561,0.0697196,0.105421,0.014486,0.0128037,0.052243,0.104673,0.00514019,0.0116822,0.110308,0.195579,0.0145701,0.288084,0.124607,0.0741308,4.21123,70.8879,617.458,0.551402
0.135139,0.0982639,0.347778,0.0224306,0.291944,0.103056,0.0864583,0.147708,0.0974306,0.308194,0.0751389,0.478403,0.112917,0.0394444,0.0506944,0.269861,0.21625,0.192361,1.53715,0.166806,0.802014,0.707917,0.170069,0.0725,0.713472,0.283958,0.104236,0.0857639,0.0561806,0.059375,0.055625,0.0222917,0.0699306,0.024375,0.0630556,0.06125,0.204167,0.00736111,0.0311806,0.0632639,0.0408333,0.0615278,0.0393056,0.0557639,0.121319,0.183542,0.0201389,0.0354861,0.266986,0.172361,0.0234861,0.256826,0.0921806,0.170417,3.78813,37.8819,330.236,0.5
0.082619,0.138286,0.296286,0.00385714,0.396429,0.221476,0.128333,0.100048,0.0461905,0.250381,0.032619,0.573476,0.0835714,0.00914286,0.00461905,0.238095,0.128714,0.19019,1.52424,0.0169524,1.17614,0.00590476,0.115524,0.112381,0.616333,0.352333,0.250857,0.155857,0.10981,0.130524,0.0799524,0.0752857,0.115143,0.0752857,0.127619,0.106476,0.197333,0.00109524,0.0950952,0.0835714,0.0533333,0.051,0.114143,0.019619,0.244476,0.0847619,0.0126667,0.0177619,0.0302429,0.170876,0.0291857,0.172424,0.0681476,0.0142143,2.4832,17.7095,153.662,0.466667
0,0,0,0,0,0,0,0,0,0,0,0.131905,0,0,0,0,0,0.34,0.280476,0,0,0,0,0,8.2019,4.09857,3.75857,4.09857,3.89095,4.09857,4.09857,3.75857,0,3.75857,4.09857,4.09857,0,0,0,3.75857,0,0,0,0,0,0,0,0,0,1.06048,0,0.0228095,0,0,3.1259,10.9048,31.1905,0
0.17,0.0795722,0.319947,0.0068984,0.48123,0.0970053,0.117701,0.13631,0.0436898,0.174599,0.0293048,0.506417,0.0790374,0.00390374,0.0228342,0.234652,0.173422,0.186524,1.66396,0.0374866,0.819626,0.00540107,0.117647,0.0356684,0.557326,0.410749,0.250695,0.20615,0.104064,0.127005,0.0579679,0.0582888,0.090107,0.0614439,0.146043,0.136417,0.174545,0.00385027,0.105668,0.0603209,0.0436898,0.0514973,0.102406,0.0695187,0.279893,0.157273,0.00149733,0.0545989,0.024262,0.14338,0.0207807,0.283701,0.0751711,0.0203102,2.20411,14.8128,122.888,0.42246
0,0.484865,0.235946,0,0.18027,0,0.424865,0,0,1.08649,0,0.508108,0.0854054,0.077027,0,0.0743243,0,0.077027,2.41243,0,0.701351,0,0,0.169459,0.464865,0.122162,0.566486,0.470811,0,0,0,0,0.134324,0,0,0.077027,0.431892,0,0.854054,0.112432,0.0345946,0,0.0508108,0.0637838,0.571351,0.207838,0,0,0.0692973,0.281216,0,0.0885946,0.0540811,0.0217568,3.73703,22.4595,40.7027,0.324324
0.121707,0.440976,0.342439,1.72976,0.936341,0.144634,0.696341,0.152683,0.0580488,0.375854,0.0426829,0.635854,0.190976,0.0819512,0,0.730488,1.53659,0.239024,2.09098,0.274146,1.82732,0,0.0192683,0.160976,0,0,0,0,0,0.0236585,0,0,0,0,0,0.0521951,0.113659,0.0380488,0,0.00829268,0,0,0,0,0.00829268,0,0,0,0,0.123293,0,0.729683,0.212683,0.0322927,9.20393,136.756,194.512,0.926829
0.109314,0.0290196,0.208676,0.00651961,0.180392,0.0809804,0.0884314,0.153725,0.0130392,0.161127,0.0281373,0.518284,0.0985294,0.00112745,0.0433333,0.116716,0.124657,0.23549,1.51701,0.00651961,0.648235,0,0.0371569,0.0371569,0.801127,0.396324,0.234069,0.293431,0.0878431,0.165196,0.0773529,0.0470588,0.249706,0.0470588,0.197402,0.127108,0.282647,0.00921569,0.139608,0.0553922,0.0497549,0.109216,0.125931,0.138971,0.34701,0.291863,0.00421569,0.0384804,0.0168333,0.184971,0.0265196,0.213201,0.0571667,0.0287157,2.18195,11.4853,66.3431,0.29902
0.101705,0.0818182,0.265455,0.0131818,0.301932,0.107727,0.146023,0.0705682,0.0159091,0.176818,0.0320455,0.391932,0.0973864,0.0204545,0.0298864,0.503523,0.144886,0.0997727,1.90091,0.0127273,0.86875,0.0646591,0.178977,0.0855682,0.356136,0.234432,0.188068,0.120568,0.0531818,0.0890909,0.04875,0.04875,0.0480682,0.0640909,0.10375,0.143068,0.0204545,0,0.120341,0.0576136,0.00375,0.0181818,0.00727273,0.025,0.262273,0.135455,0,0.0289773,0.0100341,0.141841,0.0159205,0.42267,0.0698409,0.0320909,3.61434,34.2614,120.966,0.613636
0.13027,0.20527,0.424324,0.578514,0.281892,0.116892,0.047027,0.109865,0.267703,0.307162,0.0694595,0.790811,0.207568,0.14,0.129054,0.145541,0.146351,0.182027,1.70027,0.146892,0.948649,0,0.12473,0.169324,0.711757,0.134459,0.0221622,0.0228378,0.0140541,0.0175676,0.0198649,0.00216216,0.0714865,0.00216216,0.0345946,0.0608108,0.0912162,0.00189189,0.0168919,0.0340541,0.00216216,0.100541,0.0344595,0.01,0.0254054,0.00162162,0,0.0208108,0.13827,0.131554,0.0183243,1.00588,0.249932,0.0201757,4.07796,61.6216,754.081,0.581081
0.0969,0.0996,0.3887,0,0.1766,0.0598,0.0685,0.0674,0.1143,0.2177,0.0336,0.383,0.1507,0.1278,0.0116,0.5648,0.0263,0.1494,1.8449,0.0267,0.8021,0,0.0512,0.0402,0.8137,0.5893,0.4696,0.3298,0.2479,0.2978,0.3213,0.2167,0.044,0.2167,0.3739,0.2761,0.1924,0.0041,0.1453,0.2256,0.0819,0.276,0.1317,0.218,0.3505,0.2573,0,0,0.00539,0.18123,0.03711,0.26749,0.13449,0.0253,2.41377,12.39,38.78,0.31
