0.118699,0.0904878,0.253252,0.102033,0.334472,0.10439,0.0612195,0.115854,0.215285,0.323252,0.0979675,0.782683,0.120244,0.0856098,0.0556911,0.159106,0.157561,0.176341,1.5361,0.0737398,0.962276,0.605935,0.183821,0.110081,0.660569,0.193659,0.0182927,0.0243902,0.0170732,0.0304878,0.00869919,0.00154472,0.113008,0.00154472,0.0286179,0.0704065,0.129512,0.0129268,0.0154472,0.00796748,0.047561,0.0736585,0.00756098,0.0171545,0.0696748,0.240732,0.020813,0.0190244,0.0411057,0.136878,0.0184553,0.201106,0.0640081,0.0820732,4.24932,53.1057,517.122,0.577236
0.0292857,0.0671429,0.253571,0,0.705714,0.0692857,1.59143,0.773571,0.773571,0.880714,0.773571,0.582143,0,0.0764286,0,0.977143,2.15357,0.0642857,1.82643,0.773571,2.815,0,0.309286,0.105714,0.0207143,0.0207143,0.0207143,0.0414286,0,0,0,0,0,0.0207143,0.0414286,0,0.315,0,0.0764286,0,0,0,0,0,0,0,0,0,0,0.0775,0,0.696071,0.255143,0.0712857,64.0539,294.929,330.786,0.928571
0.193178,0.11215,0.370841,0.00102804,0.343271,0.148318,0.0765421,0.193551,0.301308,0.292336,0.0940187,0.657196,0.0754206,0.106542,0.0756075,0.210467,0.334393,0.0790654,1.38832,0.208505,1.16009,0.293458,0.0851402,0.246449,0.820561,0.166262,0.0228972,0.0103738,0.00392523,0.021215,0.0166355,0.00392523,0.0990654,0.00495327,0.0166355,0.0611215,0.173925,0.0175701,0.028785,0.0320561,0.0697196,0.105421,0.014486,0.0128037,0.052243,0.104673,0.00514019,0.0116822,0.110308,0.195579,0.0145701,0.288084,0.124607,0.0741308,4.21123,70.8879,617.458,0.551402
0.30617,0.144894,0.280426,0.0917021,0.0723404,0.106809,0.0193617,0.139787,0.221064,0.399574,0.144681,0.630213,0.341064,0.652766,0.0255319,0.158936,0.276596,0.12,1.86936,0.0476596,0.868511,0.0334043,0.447021,0.28766,0.0951064,0.0604255,0.00510638,0.00148936,0.00212766,0.00382979,0,0,0.309362,0,0,0.0297872,0.176383,0.00148936,0.00659574,0.017234,0.0246809,0.00765957,0.00446809,0.0159574,0.0421277,0.0568085,0.00978723,0.0502128,0.0292553,0.115766,0.00757447,0.24734,0.329319,0.0877872,5.44715,185.447,3357.47,0.744681
0.219062,0.405938,0.650312,0.0734375,0.365938,0.18125,0.319688,0.125625,0.314063,0.860625,0.215625,0.77125,0.14375,0.096875,0.270625,0.930625,0.3275,0.23875,1.85531,0.145,1.52562,0.0053125,0.193438,0.223438,0.299375,0.13875,0.0075,0,0,0.0228125,0,0,0.0421875,0,0.0225,0.0146875,0.12125,0.026875,0.0075,0.0228125,0,0.0228125,0.010625,0.0153125,0.110625,0.0446875,0,0.0240625,0.0094375,0.125656,0.00465625,0.753812,0.231156,0.0675,25.445,340.531,656.719,0.9375
0,0,0,0,0,0,0,0,0,0,0,0,0,0,0,0,0,0,3.42375,0,0,0,0,0,0,0,0,0,0,0,0,0,0,0,0,0,0,0,1.38875,0,0,0,0,0,14.6637,0,0,0,0,0.285625,0,5.217,0,0,1.46187,2.875,7.375,0
0.111941,0.0905882,0.212176,0,0.246824,0.0707647,0.142588,0.0421765,0.0151765,0.205588,0.0525882,0.595235,0.122647,0.0238824,0.0237059,0.297059,0.115471,0.0965294,1.72824,0.0183529,0.601824,0,0.0814706,0.0247059,0.593412,0.346706,0.389765,0.222235,0.175118,0.255882,0.156294,0.135941,0.165,0.135941,0.265941,0.212706,0.178706,0.00323529,0.184235,0.142706,0.105588,0.208824,0.0758235,0.153059,0.246706,0.135588,0,0.045,0.0124765,0.152365,0.0192294,0.249247,0.0944647,0.00914118,1.89012,8.11765,44.1529,0.217647
0,0,0.214667,0,1.77467,0,0,0,0,0,0,1.34067,0,0,0,0,0,0,0,0,0.214667,0,0,0,0.175333,0.175333,1.48133,0,4.61733,0,0,0,0,0,0,0,0,0.985333,0,0,0,8.88267,0,0,0,0,0,0,0,0,0,0.0748667,0,0,1.24933,2.4,9.4,0
0,0,0,0,0,0,0,0,0,0,0,0,0,0,0,0.4,0,0,0,0,0,0,0,0,0,0.1428,19.0172,0,0,0,0,0,0,0,0,0,0,0,0,0,0,0,0,0,0.0666,0,0,0,0,0.03508,0,0.01149,0,0,1.13465,1.47,5.51,0
0,14.1478,0,0,0,0,0,0,0,0.132222,0,0,0,0,0,0,0,0,0,0,0,0,0,0,0,0,0,0,0,0,0,0,0,0,0,0,0,0,0,0,0,0,0,0,0.132222,0,0,0,0,0,0,0,0,0,1.77778,4.88889,9.02778,0
0.136691,0.101799,0.346619,0.0232374,0.302446,0.101655,0.0895683,0.151079,0.100935,0.308273,0.0717266,0.470576,0.112878,0.038705,0.052518,0.248921,0.217698,0.187194,1.47784,0.172806,0.787122,0.693453,0.176187,0.0710072,0.737986,0.293022,0.104748,0.0888489,0.0570504,0.0603597,0.0576259,0.0230935,0.072446,0.0230935,0.0653237,0.0634532,0.208489,0.0076259,0.0323022,0.0643885,0.0423022,0.063741,0.0407194,0.0531655,0.121583,0.190144,0.0208633,0.0344604,0.275259,0.172007,0.0222446,0.253734,0.0902878,0.168396,3.78397,37.7554,331.554,0.496403
0.139946,0.0987097,0.280914,0,0.240484,0.0437634,0.0139247,0.0726344,0.0105376,0.129462,0.00516129,0.44043,0.0596774,0.0847312,0,0.321559,0.0237097,0.204785,1.35801,0.112258,0.464032,0,0.0113978,0.057957,0.119624,0.0559677,0.635699,0,0.0289247,0.0223656,0,0,0.30086,0,0.107527,0.00537634,0,0.0594624,0.0633333,0.00629032,0.208925,0.302258,0.0191935,0.135753,0.631398,0.549624,0.0156989,0.0447849,0.030586,0.104274,0.0136022,0.136108,0.00957527,0,1.5158,3.25269,11.8441,0.0698925
0.314865,0.276757,0.336486,0.00351351,0.248919,0.0745946,0.0389189,0.149459,0.425676,0.528919,0.214054,0.579189,0.367838,0.723243,0.0859459,0.259189,0.332432,0.11027,2.41297,0.0359459,1.0927,0.0454054,0.393784,0.371622,0.0959459,0.0994595,0.00162162,0.000540541,0.000540541,0,0,0,0.123243,0,0.00189189,0.0321622,0.133784,0.00297297,0.00243243,0.0391892,0.00432432,0.00216216,0.00621622,0.00378378,0.0594595,0.0194595,0.00189189,0.0156757,0.0328378,0.100892,0.0108919,0.335595,0.430541,0.0987568,7.64754,346.757,2344.32,0.864865
0,0,0,0,0,0,0,0,0,0,0,0,0,0,0,0,0,0,0,0,0,0,0,0,0,0,26.666,0,0,0,0,0,0,0,0,0,0,0,0,0,0,0,0,0,0,0,0,0,0,0,0,0,0,0,1.59575,2.8,5.1,0
0.080678,0.0977966,0.176271,0,0.379661,0.168475,0.187797,0,0.0642373,0.282373,0.0461017,0.351186,0.192712,0.0291525,0,0.59,0.0667797,0.200847,2.02356,0.216949,0.862881,0.0438983,0.00559322,0.171695,0.101695,0.117119,0.0605085,0.0705085,0,0.0250847,0,0,0.0628814,0,0.0455932,0.0486441,0.0344068,0,0.0137288,0.0230508,0.00440678,0.0140678,0.0118644,0.0459322,0.26661,0.31,0,0,0.012339,0.0519661,0.00328814,0.261932,0.0475085,0.383203,5.06163,53.2203,102.729,0.508475
0.114513,0.0863717,0.268142,0.0902655,0.429469,0.13115,0.0342478,0.133982,0.151416,0.152832,0.0735398,0.578673,0.131062,0.0293805,0.0225664,0.205664,0.26177,0.134425,1.68496,0.10177,0.76354,0.469204,0.177699,0.110885,0.611593,0.13708,0.0318584,0.0276106,0.0390265,0.0253097,0.010177,0.0184956,0.0430973,0.0114159,0.0285841,0.0822124,0.116991,0.0478761,0.0265487,0.0332743,0.0220354,0.0409735,0.0359292,0.00637168,0.0746018,0.0686726,0.00778761,0.0229204,0.160027,0.121248,0.0111416,0.202044,0.0965398,0.0504248,3.58558,40.8142,423.195,0.548673
0.0593056,0.125694,0.420278,0,0.590139,0.114167,0.247778,0.152639,0.0815278,0.203472,0.12,0.7225,0.0765278,0,0.199028,0.255278,0.270556,0.422917,2.20792,0.457639,1.35889,0.164028,0.262778,0.130278,0.307083,0.135556,0.0452778,0.120278,0.0190278,0.115417,0.0190278,0.0190278,0.0222222,0.0190278,0.0431944,0.0466667,0.105833,0,0.150972,0.109167,0.0147222,0.0548611,0.005,0,0.176389,0.0402778,0,0,0.00365278,0.136139,0.000902778,0.300806,0.0966528,0.0315556,5.5709,57.5833,146.194,0.652778
0.0170732,0.0736585,0.193415,0,0.33,0.0190244,0.26439,0.0717073,0.0134146,0.212439,0,0.389756,0.184634,0.0760976,0,0.663902,0.03,0.348049,3.23073,0,1.24829,0.0717073,0,0.0792683,0.375122,0.0209756,0.0634146,0,0,0,0,0,0,0,0,0,0,0,0,0,0,0.124878,0,0.0629268,0.447805,0.456585,0,0,0.00753659,0.0251463,0,0.630293,0.022439,0.0109756,5.60854,49.2927,75.4878,0.414634
0.108571,0.0993956,0.251264,0,0.387967,0.111758,0.139286,0.114286,0.0343956,0.234176,0.082967,0.547253,0.0621978,0.0386264,0.0746703,0.371758,0.128956,0.224341,1.79214,0.0281319,0.905934,0.0259341,0.0867582,0.0802747,0.691593,0.382253,0.226648,0.256923,0.0932418,0.141209,0.0674725,0.0834066,0.0815385,0.0834066,0.111484,0.168077,0.148462,0.0108242,0.114341,0.0687363,0.0446703,0.0453846,0.117143,0.117253,0.252473,0.275055,0.0127473,0.0160989,0.024489,0.145022,0.0141648,0.196626,0.0576154,0.0517747,2.23716,12.8901,100.489,0.406593
0.491154,0.147885,0.548269,0,0.185385,0.055,0.119615,0.0969231,0.0357692,0.15,0.465192,1.16865,0,0.0675,0,0.300962,0.0223077,0.0836538,1.3725,0,3.74135,0,0,0.401346,0.104038,0.101923,0.115962,0.0446154,0,0.0775,0,0.0967308,0.0228846,0.0967308,0.0230769,0,0.0309615,0,0.0436538,0,0,0.0461538,0,0.0223077,0.0501923,0.0619231,0,0.0467308,0,0.109923,0,0.176,0.0892115,0.00365385,4.25602,26.3077,56.6154,0.480769
0.0928986,0.0873913,0.265942,0.277681,0.258841,0.0771014,0.065942,0.0634783,0.295217,0.362899,0.0817391,0.461304,0.134783,0.145797,0.093913,0.283913,0.0591304,0.246812,1.34826,0.248696,0.882464,0.87,0.0985507,0.0943478,0.372899,0.174783,0.0310145,0.0185507,0.00855072,0.016087,0.0324638,0.00130435,0.0776812,0.00130435,0.10058,0.0236232,0.166522,0.00057971,0.0166667,0.0389855,0.00971014,0.0353623,0.00869565,0.0111594,0.0413043,0.0491304,0.015942,0.0382609,0.0344928,0.153725,0.0202754,0.224087,0.127522,0.104116,6.15028,101.159,1231.72,0.594203
0.0992473,0.106882,0.267581,0,0.213011,0.0537634,0.127796,0.0774731,0.0173656,0.23586,0.05,0.659516,0.0830645,0,0.0330645,0.207634,0.0981183,0.186183,1.70527,0.0226882,0.573763,0,0.0596774,0.00672043,0.899785,0.401774,0.177366,0.234194,0.149516,0.262796,0.116989,0.049086,0.201667,0.049086,0.236882,0.121667,0.209839,0.00430108,0.126075,0.0748925,0.0250538,0.211237,0.0443548,0.0815591,0.209785,0.344785,0,0.0230645,0.0117151,0.142441,0.00563979,0.236806,0.020586,0.160903,2.06156,9.72581,54.1774,0.258065
0.0765556,0.0902222,0.202111,0,0.233444,0.037,0.185778,0.359667,0.122111,0.128889,0.0438889,0.302333,0.00455556,0.207667,0,0.447111,0.261667,0.135222,1.20844,0.0338889,0.843778,0.0325556,0.183667,0.0683333,0.283778,0.290444,0.173,0.0837778,0,0.037,0.0174444,0.0262222,0.0507778,0.0262222,0.059,0.114444,0.112778,0,0.0252222,0.0175556,0,0.0396667,0.0151111,0.021,0.365222,0.0303333,0,0.0184444,0.00671111,0.148,0.0107,0.359167,0.1196,0.00677778,3.61934,26.2111,82.7444,0.733333
0.161556,0.178667,0.526889,0.438444,0.381556,0.150889,0.254667,0.154,0.0686667,0.220444,0.112667,0.486889,0.0771111,0,0,0.439111,0.351333,0.380222,2.27333,0.462,1.43267,0.255333,0.135111,0.209778,0.0575556,0.0684444,0.00711111,0,0.032,0.032,0,0,0.006,0,0.0284444,0.042,0.140889,0,0.066,0.00422222,0,0,0.0315556,0.0168889,0.147556,0.0275556,0,0.0386667,0.0102889,0.0837556,0.0215556,0.455089,0.3006,0.0369778,7.13513,124.533,308.844,0.866667
0.0673729,0.122542,0.303644,0.0101695,0.355847,0.117288,0.104492,0.114746,0.0525424,0.282542,0.0671186,0.509746,0.189492,0.0332203,0.0877966,0.177712,0.120169,0.276186,1.35856,0.0513559,0.818559,0.309915,0.148983,0.0827966,0.648814,0.292203,0.174915,0.109576,0.100085,0.0994915,0.0547458,0.0613559,0.0851695,0.0613559,0.0759322,0.0961017,0.155169,0.0134746,0.0678814,0.0805932,0.0135593,0.0268644,0.0825424,0.0514407,0.122203,0.0627966,0,0.0166949,0.0429068,0.175856,0.0298051,0.166,0.114364,0.0418305,3.00799,24.7712,247.788,0.516949
0.10481,0.0281905,0.204333,0.00633333,0.171048,0.0786667,0.0859048,0.149333,0.0126667,0.155143,0.0273333,0.488476,0.0961429,0.00109524,0.0420952,0.112,0.121095,0.228762,1.47062,0.00633333,0.628333,0,0.0360952,0.0360952,0.799143,0.405905,0.230619,0.314333,0.10019,0.160476,0.0751429,0.0457143,0.242571,0.0457143,0.19919,0.125619,0.337048,0.00895238,0.126,0.0538095,0.0483333,0.116762,0.122333,0.126619,0.346667,0.298429,0.00409524,0.0331905,0.0215,0.19499,0.0257619,0.238781,0.0575857,0.0278952,2.26988,11.919,66.4429,0.314286
0.096,0.008,0.196,0.008,0.092,0.118,0,0.058,0.058,0.188,0.074,0.082,0.072,0,0.038,0.088,0.078,0.076,0.608,0.008,0.242,1.906,0.138,0.11,0,0,0,0,0,0,0,0,0,0.028,0,0.008,0,0,0.016,0,0,0,0,0,0.038,0,0,0,0.4302,2.0094,0.009,0.3924,0.375,0.4024,57.5034,2297.8,10648.8,1
0,0,0.0162346,0,0.19963,0.0393827,0,0.0685802,0,0.0267901,0,0.103086,0,0.0661728,0,0.0398148,0,0.0474691,0.274877,0,0.283086,0,0,0,0.0430247,0.0162346,0.495062,0,0,0,0.0771605,0,0,0,0,0,0,0,0,0,0,0.088642,0,0.458086,0.714136,0.345741,0,0.113148,0.00416667,0.0942839,0.0594753,0.186889,0,0,1.18135,1.5679,5.10494,0.0432099
0.13027,0.20527,0.424324,0.578514,0.281892,0.116892,0.047027,0.109865,0.267703,0.307162,0.0694595,0.790811,0.207568,0.14,0.129054,0.145541,0.146351,0.182027,1.70027,0.146892,0.948649,0,0.12473,0.169324,0.711757,0.134459,0.0221622,0.0228378,0.0140541,0.0175676,0.0198649,0.00216216,0.0714865,0.00216216,0.0345946,0.0608108,0.0912162,0.00189189,0.0168919,0.0340541,0.00216216,0.100541,0.0344595,0.01,0.0254054,0.00162162,0,0.0208108,0.13827,0.131554,0.0183243,1.00588,0.249932,0.0201757,4.07796,61.6216,754.081,0.581081
0.0142391,0.0496196,0.26125,0,0.334457,0.0396739,0.0860326,0.0357065,0.0088587,0.182717,0.0119022,0.829457,0.0770109,0.123152,0,0.119837,0.0286957,0.160978,2.04332,0.0327174,0.511848,0,0,0.0580978,0.140815,0.0733696,0.439728,0.0555435,0.127554,0.0781522,0,0,0.0826087,0,0.0319565,0.013913,0.0631522,0.023587,0.0967391,0.00521739,0.0652174,0.303967,0.0723913,0.121141,0.4375,0.188533,0,0.0366304,0.0119783,0.0913533,0.0181359,0.299,0.00517935,0.000668478,1.63936,4.61413,17.75,0.13587
0.118554,0.109157,0.229157,0.0295181,0.303133,0.125181,0.169277,0.0748193,0.0168675,0.164699,0.0339759,0.429518,0.0944578,0,0.0316867,0.483373,0.16012,0.11,1.87566,0.00373494,0.832289,0.0685542,0.201566,0.0907229,0.402289,0.281325,0.204578,0.105663,0.0590361,0.0944578,0.0516867,0.0516867,0.0563855,0.0679518,0.118072,0.135663,0.0216867,0,0.117831,0.0689157,0.0039759,0.0192771,0,0.0192771,0.195904,0.0515663,0,0.0307229,0.0136627,0.144458,0.0168795,0.473024,0.0748916,0.032241,3.76816,33.3494,124.205,0.638554
0.129063,0.0576875,0.289312,0,0.23025,0.0711875,0.0475,0.015375,0.0476875,0.11825,0.008,0.494375,0.0981875,0.049875,0.011375,0.232813,0.04575,0.209187,1.6525,0.00975,0.472375,0,0.0088125,0.048625,0.496312,0.409562,0.338688,0.0804375,0.1605,0.117188,0.09575,0.0515,0.0559375,0.0515,0.107875,0.128875,0.203187,0.0058125,0.06725,0.05775,0.0724375,0.22625,0.03575,0.157938,0.40825,0.156812,0.006375,0.0383125,0.0146812,0.129981,0.0166375,0.130969,0.0132437,0.0109937,1.67077,6.1125,35.5625,0.13125
0.172905,0.0831285,0.329162,0,0.475307,0.0871508,0.106704,0.142402,0.0456425,0.178659,0.0306145,0.510056,0.0778771,0.00407821,0.0238547,0.230726,0.174246,0.187709,1.65939,0.039162,0.832291,0.00564246,0.122905,0.0372626,0.550615,0.402011,0.257877,0.204078,0.101732,0.128212,0.0605587,0.0608939,0.0901117,0.0641899,0.148827,0.138045,0.177151,0.00402235,0.110391,0.0593855,0.0456425,0.0537989,0.106983,0.0726257,0.29095,0.164302,0.00156425,0.0570391,0.0232291,0.136313,0.0217095,0.269765,0.0755419,0.0201341,2.15609,14.6369,122.48,0.413408
0.153478,0.124783,0.265435,0.00804348,0.295435,0.106304,0.0395652,0.230435,0.203696,0.299348,0.0923913,0.540435,0.148261,0.0695652,0.0623913,0.32413,0.210435,0.185652,1.49261,0.128696,0.707826,0.652609,0.261522,0.233478,0.461087,0.0893478,0.00586957,0.00543478,0.00326087,0.023913,0.0104348,0,0.0884783,0.00282609,0.0106522,0.118043,0.160217,0.00934783,0.0213043,0.0245652,0.0193478,0.00326087,0.0073913,0.0245652,0.0297826,0.0973913,0.0023913,0.0397826,0.0394565,0.123587,0.0373696,0.200739,0.163326,0.101739,5.77274,124.522,1677.87,0.543478
0,0,0,0,0.769231,0,0,0,0,0,0,0,0,0,0,0,0,0,0,0,0,0,0,0,8.54692,4.37077,0.854615,0,0,0,0,0,0,0,0,0.591538,0,0,0,0,0,1.11462,0,0.103846,0,0,0,0,0,0,0,0,0,0,1.38008,2.30769,6.07692,0
0.0310959,0.060137,0.19137,0,0.304521,0.0515068,0.0993151,0.183425,0.0456164,0.0738356,0.0124658,0.542192,0.0350685,0.119178,0,0.307534,0.0730137,0.15863,1.89849,0,0.703425,0,0.106027,0.307534,0.290685,0.302192,0.100685,0.169726,0.206164,0.0950685,0.0643836,0,0.0489041,0,0.08,0.0273973,0.0887671,0,0.164521,0.030411,0.191781,0.355342,0.0634247,0.163288,0.609041,0.152603,0,0.0350685,0.0798356,0.0944521,0.0186986,0.369438,0.058726,0.0578493,2.75079,12.1233,28.1644,0.424658
0.0499429,0.0352,0.295257,0,0.271886,0.0329714,0.0251429,0.0115429,0.024,0.0804,0.0237714,0.892114,0.0726286,0.0270286,0.00971429,0.1388,0.0256,0.0824,1.99823,0.0072,0.448286,0,0,0.0152,0.313429,0.353771,0.389029,0,0.135086,0.0694286,0,0,0.0678857,0,0.0330857,0.0178286,0.158229,0.0140571,0.0715429,0,0.0494857,0.279943,0.0138286,0.115657,0.417943,0.165086,0,0.0585143,0.0254571,0.160931,0.00632,0.153777,0.00934857,0.00425143,1.55908,4.73143,25.7371,0.0857143
0.0773418,0.0316456,0.236962,0,0.108861,0.0451899,0,0,0.0229114,0.346835,0,0.131392,0.0702532,0,0,0.144177,0,0.0274684,6.99924,0,1.24241,0,0,0.281646,0.0229114,0,0.898987,0,0.0468354,0,0,0,0.0791139,0,0,0,0,0,0.0549367,0,0,0,0,0,1.21734,0.642532,0.0274684,0.0602532,0.014443,0.0540253,0,0.178241,0,0,1.18848,1.83544,6.81013,0.0759494
0.11881,0.430476,0.334286,1.68857,0.94,0.14119,0.679762,0.161905,0.0566667,0.366905,0.0545238,0.659524,0.186429,0.0864286,0,0.713095,1.50643,0.24619,2.0931,0.267619,1.79667,0,0.0188095,0.157143,0,0,0,0,0,0.0230952,0,0,0,0,0,0.057381,0.110952,0.0371429,0,0.00809524,0,0,0,0,0.00809524,0,0,0,0,0.12531,0,0.716262,0.209595,0.0315238,9.06862,136.214,195.667,0.928571
0.124369,0.15301,0.389223,0.138932,0.297961,0.119612,0.088835,0.185922,0.42767,0.51534,0.123107,0.532718,0.128447,0.0634951,0.135728,0.270291,0.145631,0.371553,1.42854,0.176796,0.934078,0.91165,0.12466,0.198058,0.470777,0.150583,0.0302913,0.0246602,0.00553398,0.0266019,0.0197087,0.00184466,0.122816,0.00368932,0.124757,0.0316505,0.136505,0.00174757,0.0326214,0.0313592,0.00932039,0.0270874,0.00524272,0.0121359,0.0366019,0.0365049,0.00640777,0.0286408,0.0586214,0.106913,0.043534,0.362107,0.180175,0.104767,4.71909,77.699,971.097,0.68932
0.0929851,0.267761,0.369851,0,0.113433,0.0635821,0.281343,0.100597,0.0729851,0.729701,0.0228358,0.484776,0.0671642,0.0425373,0,0.183731,0,0.0543284,2.58851,0,0.946567,0,0.0167164,0.153582,0.315821,0.104179,0.39194,0.28194,0.0195522,0.0195522,0.0677612,0,0.0802985,0,0,0.0620895,0.342687,0.0061194,0.535373,0.0620895,0.0498507,0,0.0280597,0.112239,0.453582,0.351343,0,0,0.0402836,0.205955,0.00377612,0.188164,0.0601493,0.0335522,3.23957,19.3582,39.6418,0.38806
0.0963784,0.103622,0.216378,0.0072973,0.294757,0.0555676,0.0859459,0.0914595,0.0321081,0.365297,0.0560541,0.629189,0.112378,0.0072973,0.0256216,0.100108,0.0951892,0.127838,1.55454,0.0496757,0.531784,0.00313514,0.0504865,0.0644865,0.670432,0.436541,0.299297,0.346865,0.123297,0.175405,0.10773,0.0841622,0.0843784,0.0841622,0.174811,0.176649,0.198108,0.00540541,0.149135,0.0867027,0.0346486,0.0761081,0.109243,0.113405,0.254541,0.154216,0.0131892,0.0448108,0.0260649,0.184995,0.0145568,0.239108,0.0308649,0.0154216,2.15372,10.8757,81.2865,0.243243
0.104138,0.103448,0.368391,0.00666667,0.493908,0.12,0.11069,0.122184,0.0687356,0.271954,0.0949425,0.600575,0.0742529,0.0127586,0,0.367586,0.307241,0.281264,1.99184,0.132069,1.02253,0.184483,0.190345,0.0954023,0.21954,0.082069,0.0318391,0.0274713,0.00632184,0.0435632,0.00448276,0.00804598,0.0247126,0.0151724,0.0428736,0.0712644,0.113218,0,0.0218391,0.043908,0,0.0185057,0.0168966,0.0271264,0.21977,0.275172,0,0.0314943,0.0585747,0.116483,0.00943678,0.336563,0.123667,0.0670115,4.28672,65,265.851,0.655172
0,0,0.0359459,0,0.0359459,0,0,0,0,0,0,0,0,0,0,0,0,0.267838,0.0843243,0,0.0359459,0,0,0,11.2919,2.95811,2.05838,2.32622,2.05838,2.32622,2.32622,2.05838,0,2.05838,2.32622,2.32622,0.0359459,0.108108,0.0359459,2.05838,0,0.108108,0,0,1.09108,0,0,0,0.0233784,0.574568,0.00583784,0.0491892,0,0,3.43824,13,28.5676,0
0.0378723,0.371064,0.301915,1.76298,0.541915,0.185745,0.721915,0.0695745,0.231277,0.334894,0.0319149,0.701702,0.0519149,0.013617,0.0285106,0.342128,0.192553,0.348511,2.07128,0.0270213,1.17298,0,0.100851,0.0825532,0.11383,0.0106383,0.244255,0.03,0.0106383,0.00531915,0.154043,0,0,0.0131915,0.0597872,0.0112766,0.0468085,0,0.04,0.404255,0,0.00425532,0,0,0.194894,0.0093617,0,0.0212766,0.0103191,0.182085,0.0138723,0.293617,0.0750851,0.0393404,13.1006,163.745,409.319,0.638298
0.122235,0.161294,0.416353,0,0.464706,0.122588,0.318353,0.144471,0.0684706,0.316235,0.147059,0.548118,0.15,0.0565882,0.0535294,0.329059,0.235882,0.275529,1.95682,0.139176,1.05494,0.0191765,0.279294,0.0722353,0.236235,0.0874118,0.0142353,0.125294,0.00705882,0.0737647,0.0143529,0.00705882,0.243294,0.00705882,0.112588,0.0784706,0.148588,0,0.00658824,0.0877647,0.00364706,0.0425882,0.00611765,0.0174118,0.119176,0.0744706,0,0.0211765,0.0128941,0.0835294,0.00118824,0.469294,0.115271,0.0136824,4.69112,64.1294,196.388,0.658824
0.0757447,0.0625532,0.33078,0.00617021,0.303972,0.156738,0.0714184,0.146667,0.0882979,0.185248,0.0463121,0.486454,0.0848936,0.0378723,0.0214184,0.241844,0.155745,0.165035,1.38284,0.120284,0.749645,0,0.125603,0.076383,0.751206,0.447447,0.13461,0.149716,0.0869504,0.139078,0.0714894,0.0342553,0.112979,0.0342553,0.107447,0.116879,0.240284,0.00489362,0.0891489,0.0635461,0.117376,0.0258156,0.0759574,0.0768794,0.170284,0.254326,0.0077305,0.0421277,0.0569362,0.185716,0.0249645,0.131879,0.0589291,0.0387943,2.45279,19.383,194.525,0.425532
0.151343,0.146716,0.826866,0.00283582,0.707612,0.520149,0.272836,0.136716,0.56597,0.458209,0.203284,0.601194,0.150746,0.0797015,0.967015,0.304776,0.11209,0.760149,1.5091,0.820448,0.926119,0.0862687,0.517612,0.144478,0.051194,0.00134328,0.021791,0.00716418,0,0.00865672,0,0,0.00313433,0.00567164,0.00432836,0,0.0129851,0,0,0.0401493,0,0,0.0835821,0.0119403,0.0447761,0.0364179,0,0,0.00285075,0.0761343,0.0011194,0.448209,0.160104,0.019791,108.883,790.104,1415.94,0.985075
0.4672,0.7208,0.7428,0.3664,0.3468,0.2716,0.0656,0.4024,0.4188,1.3644,0.0604,1.4292,0.1212,0.2716,0.3344,0.2872,0.1692,0.6348,2.064,0.3444,3.2556,0.0152,0.5196,0.2464,0,0,0,0,0,0,0,0,0.0132,0,0.0508,0.0168,0.0148,0,0,0,0,0,0.0076,0,0.0248,0,0,0,0.027,0.14768,0.06472,0.95372,0.17836,0.06036,39.2918,602.2,882.64,1
0.0822275,0.136588,0.296114,0.00383886,0.396019,0.220427,0.127725,0.0995735,0.0459716,0.249194,0.0324645,0.565545,0.0831754,0.00909953,0.00459716,0.236967,0.129336,0.181754,1.5127,0.016872,1.17057,0.00587678,0.114976,0.111848,0.621043,0.354455,0.253081,0.155118,0.114171,0.133697,0.0795735,0.0749289,0.115877,0.0749289,0.127014,0.109763,0.19763,0.00109005,0.0946446,0.0831754,0.0530806,0.0507583,0.113602,0.0195261,0.24455,0.0843602,0.0126066,0.0176777,0.0307062,0.173682,0.0290474,0.170256,0.0678246,0.014763,2.48597,17.5403,153.583,0.464455
