0.12549,0.103431,0.260784,0.123039,0.356765,0.116275,0.0653922,0.114608,0.222647,0.369608,0.112059,0.835098,0.127745,0.0619608,0.0671569,0.148039,0.156667,0.197157,1.70127,0.0889216,1.02118,0.579412,0.201765,0.127157,0.528824,0.201569,0.0158824,0.0252941,0.0135294,0.0329412,0.00245098,0,0.114902,0,0.0264706,0.0552941,0.123431,0.0139216,0.0157843,0.0072549,0.0446078,0.0559804,0.00715686,0.0160784,0.079902,0.275686,0.025098,0.0203922,0.0385882,0.138147,0.0191765,0.217314,0.0726176,0.0847059,4.37144,55.8922,515.039,0.627451
0,0,0,0,0.357,0,0,0.5555,0,0,0,0,0,0,0,0,0,0,1.8035,0,0.8185,0,0,0,0,0,1.0445,0,0,0,0,0,0.3125,0,0,0,0,0,0.5555,0,0,0,0,0,10.071,0.3845,0,0,0,0.153,0,0.4629,0,0,1.2575,2.25,6.9,0.05
0.172609,0.0657971,0.267536,0,0.143623,0.0850725,0,0.0852174,0,0.0278261,0,0.55029,0.100725,0.315362,0,0.388116,0.0413043,0.173623,0.832609,0.263478,0.452464,0,0,0.131739,0.138551,0.0597101,1.2313,0,0,0.0602899,0,0,0.168986,0,0,0,0,0.0413043,0.0426087,0,0.0466667,0.324638,0,1.2842,1.12884,0.222464,0,0.0689855,0.00602899,0.139101,0.0108841,0.119377,0.020913,0,1.26336,2.28986,9.6087,0.057971
0.0804082,0.145102,0.369592,0.0118367,0.282245,0.104694,0.112857,0.108571,0.0622449,0.200408,0.067551,0.531633,0.0969388,0,0,0.31102,0.148776,0.374286,1.94653,0.11551,0.921837,0.214286,0.161633,0.116735,0.130816,0.0736735,0.0193878,0.0234694,0,0.044898,0,0.00632653,0,0.0128571,0.062449,0.0467347,0.109796,0,0.00857143,0.024898,0,0.00693878,0.0171429,0,0.176122,0.467347,0,0.0344898,0.0944286,0.12398,0.0118163,0.338653,0.116245,0.0395306,4.28606,61.4694,274.306,0.612245
0.126795,0.0538462,0.206026,0.0124359,0.246538,0.129487,0.0507692,0.104231,0.0480769,0.217436,0.0447436,0.512436,0.103333,0.0407692,0.00115385,0.131538,0.151282,0.107564,1.21833,0.103846,0.462436,0.780641,0.172692,0.0560256,0.987564,0.370769,0.133205,0.0469231,0.0737179,0.0571795,0.0688462,0.0162821,0.113077,0.0162821,0.0457692,0.0787179,0.30141,0.0024359,0.0216667,0.0183333,0.0634615,0.0426923,0.0492308,0.0911538,0.0942308,0.324487,0,0.0155128,0.315115,0.184667,0.0345769,0.138756,0.0781667,0.0777179,3.26941,25.7821,313.282,0.371795
0.0203333,0.035,0.292333,0,0.108,0.0703333,0.165667,0.0656667,0.202,0.194,0.0553333,0.126333,0,0.14,0,1.02233,0.205333,0.148333,1.361,0.0533333,1.06667,0.031,0.198667,0.0646667,0.435667,0.347667,0.204333,0.0256667,0,0.0256667,0.0523333,0,0.127667,0,0.0516667,0.119667,0.0266667,0,0,0.0526667,0,0,0,0,0.154,0,0,0,0,0.133433,0.0164,0.723567,0.0626,0,3.8246,30.0333,89.8333,0.766667
0.0801282,0.0467949,0.314359,0,0.290128,0.174231,0.0666667,0.0935897,0.0653846,0.16141,0.0424359,0.473205,0.0773077,0.0488462,0.0239744,0.195513,0.172436,0.181026,1.31295,0.12,0.724487,0,0.0983333,0.102564,0.689615,0.363205,0.148077,0.120769,0.112051,0.114872,0.0524359,0.0314103,0.134359,0.0314103,0.0973077,0.107051,0.173846,0.00179487,0.0370513,0.0702564,0.204487,0.0234615,0.0858974,0.0461538,0.187436,0.38,0.00487179,0.0378205,0.0864231,0.160141,0.0241667,0.0979487,0.0549231,0.0119872,2.15388,15.1026,189.577,0.384615
0.136269,0.098209,0.314776,0.00238806,0.302537,0.104627,0.1,0.120746,0.47209,0.453284,0.0989552,0.552687,0.148209,0.156716,0.0544776,0.31791,0.0720896,0.382239,1.59433,0.213433,1.05687,0.831343,0.101045,0.199254,0.349851,0.146716,0.0313433,0.0201493,0.00134328,0.0191045,0.0328358,0.00134328,0.0828358,0.00134328,0.142239,0.0202985,0.173433,0.000746269,0.0197015,0.0385075,0.0104478,0.0423881,0.0080597,0.0204478,0.0325373,0.0385075,0.0198507,0.039403,0.0509701,0.113866,0.0528358,0.36506,0.236209,0.0911194,5.48172,86.1194,1090.7,0.641791
0.0575,0.135238,0.29619,0.0142857,0.335,0.121548,0.109405,0.0832143,0.0604762,0.256905,0.0429762,0.511905,0.217619,0.0446429,0.12131,0.106071,0.104881,0.289881,1.31429,0.0438095,0.704405,0.413333,0.137976,0.0752381,0.740476,0.333095,0.193929,0.137143,0.12,0.121905,0.0619048,0.0711905,0.0897619,0.0711905,0.0817857,0.10881,0.153452,0,0.0691667,0.0955952,0.0166667,0.0467857,0.0802381,0.035,0.12131,0.065,0,0.017619,0.0527262,0.193738,0.0324881,0.14594,0.12131,0.0520357,3.0824,24.3214,253.369,0.52381
0.121875,0.0579167,0.403542,0,0.834375,0.130833,0.143542,0.193542,0.104375,0.337083,0.103125,0.776667,0.0266667,0.04,0.0208333,0.290625,0.524583,0.161458,2.05083,0.176667,1.20563,0,0.280625,0.034375,0.317083,0.0970833,0.0247917,0.0214583,0.008125,0.03125,0.008125,0.008125,0.0472917,0.008125,0.0291667,0.09,0.137292,0.00145833,0.0264583,0.0745833,0,0.00145833,0.013125,0.0577083,0.249792,0.00333333,0,0.01625,0.00533333,0.0998958,0.0038125,0.412396,0.127083,0.0535208,4.2715,71.9375,240.188,0.75
0.0817391,0.083913,0.306812,0.0126087,0.354058,0.093913,0.0605797,0.16029,0.0921739,0.296957,0.0701449,0.50942,0.0921739,0.0246377,0.0191304,0.305652,0.155072,0.194348,1.43188,0.0456522,0.872319,0.0268116,0.08,0.0804348,0.702174,0.392609,0.146087,0.136522,0.0630435,0.147246,0.0988406,0.0465217,0.0985507,0.0465217,0.0847826,0.118551,0.303333,0.022029,0.117971,0.055942,0.0115942,0.0326087,0.09,0.13087,0.158986,0.105942,0.0102899,0.0369565,0.0243768,0.215246,0.0230435,0.152493,0.0588261,0.0457391,2.66252,22.6232,217.435,0.449275
0.126939,0.191224,0.414286,0,0.388776,0.095102,0.416122,0.107143,0.0432653,0.421224,0.200204,0.436327,0.212245,0.0777551,0.0206122,0.342857,0.150816,0.214286,2.01918,0.104082,0.972245,0,0.319388,0.0557143,0.326735,0.115714,0.0246939,0.204694,0.0122449,0.127959,0.024898,0.0122449,0.339796,0.0122449,0.185714,0.136122,0.136939,0,0.0114286,0.0522449,0,0.0738776,0,0.0189796,0.142041,0.0853061,0,0,0.0219796,0.092449,0.00206122,0.542776,0.0895918,0.00863265,4.91667,63.3061,194.796,0.653061
0.082381,0.102857,0.290952,0.45619,0.24381,0.087381,0.0697619,0.0345238,0.282619,0.239048,0.0619048,0.434762,0.108333,0.0359524,0.116667,0.209524,0.0602381,0.155,1.43167,0.187857,0.805714,1.27786,0.134048,0.0902381,0.353333,0.195952,0.0190476,0.0121429,0.0119048,0.0119048,0.0192857,0,0.0580952,0,0.123333,0.0180952,0.115,0.000952381,0.0211905,0.0204762,0.00166667,0.0347619,0,0.0145238,0.0416667,0.0264286,0.00285714,0.01,0.035619,0.159,0.0245714,0.200429,0.0890714,0.132905,5.76012,92.5,1328.69,0.619048
0.129818,0.0796364,0.275273,0,0.422364,0.0430909,0.109273,0.0387273,0.0136364,0.0665455,0.0772727,0.673455,0.221636,0.0105455,0.0290909,0.0929091,0.187273,0.206364,1.91364,0.0350909,0.621091,0,0.0441818,0.00727273,0.365455,0.168182,0.104909,0.0447273,0.0501818,0.0870909,0,0,0.130545,0,0.0450909,0.108182,0.0816364,0.00836364,0.0209091,0,0.0423636,0.109273,0.0218182,0.257818,0.196727,0.0587273,0.032,0.0407273,0.0160182,0.176109,0.00454545,0.299655,0.0092,0.00125455,1.52153,5.89091,72.5273,0.290909
0.209524,0.119048,0.49619,0.03,0.306667,0.0821429,0.17,0.267143,0.120476,0.314048,0.1,0.367857,0.032381,0.00714286,0,0.524762,0.414524,0.21881,2.05619,0.436905,1.39524,0.561905,0.0964286,0.134524,0.0892857,0.0742857,0.0047619,0.0266667,0.0178571,0.0219048,0.0047619,0.0047619,0,0.0119048,0.0385714,0.032381,0.102381,0,0.0185714,0.0730952,0,0,0.0204762,0.0190476,0.174524,0.027381,0.0330952,0.072381,0.0248333,0.136262,0.0152143,0.495238,0.355262,0.347714,5.3544,71.8095,329.667,0.738095
0.118689,0.100656,0.346721,0,0.232951,0.0763934,0.205246,0.0667213,0,0.11918,0.0608197,0.728033,0.12541,0,0.0293443,0.218033,0.0777049,0.112951,1.82623,0,0.652787,0,0.0232787,0,0.24541,0.0516393,0.123934,0,0.0990164,0.0290164,0.00918033,0,0.169344,0,0.00836066,0.0603279,0.123934,0.0131148,0.211475,0,0.0485246,0.223115,0.0308197,0.0808197,0.251967,0.139016,0,0.0560656,0.0199672,0.131443,0,0.165016,0.0173443,0.0144262,1.58625,5.4918,52.541,0.213115
0.103409,0.0882955,0.233977,0.592614,0.446591,0.125909,0.0472727,0.11375,0.128864,0.145795,0.0684091,0.582045,0.142955,0.0477273,0.0186364,0.221705,0.277841,0.127841,1.73386,0.0636364,0.747159,0.660114,0.202386,0.0936364,0.787159,0.191023,0.0346591,0.0245455,0.0311364,0.0231818,0.0201136,0.0236364,0.0631818,0.0145455,0.04375,0.07375,0.134886,0.0279545,0.0202273,0.0139773,0.0430682,0.0402273,0.0284091,0.00693182,0.0720455,0.0698864,0.01,0.0182955,0.159,0.116205,0.0121818,0.176852,0.10108,0.0626364,3.90767,38.5114,441.841,0.534091
0.162963,0.118519,0.33,0,0.332778,0.130741,0.0638889,0.163889,0.31963,0.354259,0.0781481,0.629815,0.149815,0.160185,0.150185,0.0955556,0.291296,0.0762963,1.29019,0.170926,1.00056,0.125,0.10037,0.24,1.00537,0.208889,0.0290741,0.012037,0.0109259,0.0305556,0.0138889,0.005,0.0992593,0.005,0.0285185,0.0844444,0.150556,0,0.0103704,0.0340741,0.0324074,0.165741,0.0264815,0.00222222,0.0577778,0.0753704,0.0101852,0.0294444,0.0677963,0.160111,0.0112222,0.257907,0.141907,0.0254444,3.67683,74.1852,676.019,0.425926
0.145476,0,0.305952,0,0.0914286,0.155,0,0,0,0.564286,0,0.0304762,0,0.07,0,0.424762,0,0,4.95952,0,0.549762,0,0,0,0.0430952,0,0.168095,0,0,0,0,0,0,0,0,0,0,0,0.103333,0,0,0,0,0.0742857,0.504286,0.974286,0,0,0.0343333,0.0777619,0,0.0864048,0,0,1.0851,1.2381,5.57143,0.0714286
0.097,0.2476,0.4818,0.8562,0.2802,0.1154,0.0648,0.1054,0.2968,0.3344,0.0722,0.8414,0.1916,0.1124,0.1742,0.1534,0.1298,0.212,1.9996,0.1818,1.0054,0,0.1332,0.1378,0.4544,0.1248,0.0236,0.0276,0.0132,0.0212,0.025,0.0032,0.0536,0.0032,0.031,0.0278,0.073,0.0028,0.025,0.0454,0.0032,0.0576,0.0378,0.0124,0.0274,0.0024,0,0.0078,0.18688,0.1343,0.02438,1.35384,0.32526,0.01304,4.3627,58.52,769.84,0.66
0.109429,0.224857,0.598571,0.563714,0.444286,0.186857,0.276286,0.198,0.06,0.247714,0.137714,0.554286,0.0991429,0,0,0.428,0.365429,0.454,2.35371,0.504857,1.57429,0.0245714,0.138,0.205429,0.0574286,0.0714286,0.00914286,0,0.0411429,0.0411429,0,0,0.00771429,0,0.028,0.0208571,0.131429,0,0.0682857,0.00542857,0,0,0.0217143,0.0217143,0.134571,0.0354286,0,0,0.0101143,0.0825429,0.0243429,0.457171,0.0726571,0.0344286,7.53751,132.914,300.943,0.914286
0.005,0.005,0.035,0,0.025,0,0,0.005,0.015,0.065,0.025,0,0,0.025,0,0,0.005,0.035,0.005,0,0.005,0,0,0,0,0,0,0,0,0,0,0,0.035,0,0,0.065,0,0,0,0.005,0.23,0,0,0.015,0,0.4,0.005,0.035,0.036,0.1615,0.075,0.012,0.056,0.012,3.0295,43.5,5648.5,0
0,0,0,0,0,0,0,0,0,1.085,0,0,0,0,0,0,0,0,0,0,0,0,0,0,14,1.6075,0.5675,0.5675,0.5675,2.7375,0.5675,0.5675,0,0.5675,0.5675,0.5675,0,0,0,0.5675,0,0,0,0,0,0,0,0,0,0.166,0,0,0,3.448,2.749,11.25,61,0
0.198333,0,0.0275,0,0.225833,0.0636111,0.225278,0,0,0.178056,0.0422222,0.1775,0.0486111,0.0330556,0,0.2075,0.109722,0.135278,1.47889,0,0.910556,0,0,0.075,0.356667,0.0669444,0.197778,0.524722,0,0.0247222,0,0,0.514167,0,0.289444,0,0.183056,0,0,0,0.0522222,0,0,0.0480556,0.59,0.702778,0,0,0.00413889,0.246361,0.0025,0.254056,0.118111,0,2.82269,16.3333,61.0556,0.5
0.0373913,0.0793913,0.417913,0,0.240522,0.0191304,0.0826957,0.0518261,0.0141739,0.159739,0.0265217,0.757565,0.0957391,0.039913,0,0.143391,0.0793043,0.256174,2.67122,0.0330435,0.643043,0,0,0.0171304,0.148783,0.106348,0.465565,0,0.0793913,0.106087,0,0,0.084,0,0,0.0213913,0.111478,0.0377391,0.028,0.00834783,0.0135652,0.241478,0.0558261,0.086,0.439043,0.12913,0,0.0296522,0.0203739,0.139043,0.00954783,0.165661,0.00946087,0.00106957,1.3481,3.32174,19.6435,0.121739
0.219062,0.405938,0.650312,0.0734375,0.365938,0.18125,0.319688,0.125625,0.314063,0.860625,0.215625,0.77125,0.14375,0.096875,0.270625,0.930625,0.3275,0.23875,1.85531,0.145,1.52562,0.0053125,0.193438,0.223438,0.299375,0.13875,0.0075,0,0,0.0228125,0,0,0.0421875,0,0.0225,0.0146875,0.12125,0.026875,0.0075,0.0228125,0,0.0228125,0.010625,0.0153125,0.110625,0.0446875,0,0.0240625,0.0094375,0.125656,0.00465625,0.753812,0.231156,0.0675,25.445,340.531,656.719,0.9375
0.323333,0.156889,0.292444,0.0957778,0.0697778,0.115333,0.0213333,0.137333,0.226889,0.386889,0.153111,0.672222,0.347556,0.706444,0.022,0.168444,0.278222,0.118444,1.958,0.0497778,0.886222,0.0348889,0.467333,0.296444,0.0993333,0.0631111,0.00533333,0.00155556,0.00222222,0.004,0,0,0.321556,0,0,0.0264444,0.184222,0.00155556,0.00511111,0.014,0.0155556,0.008,0.00466667,0.016,0.042,0.0415556,0.01,0.0508889,0.0289556,0.113556,0.00457778,0.253511,0.351822,0.0938444,5.26431,169.289,3247.98,0.777778
0.122069,0.0706897,0.328966,0,0.168621,0.0386207,0.153103,0.232069,0.104138,0.13931,0.0786207,0.41069,0.0231034,0.08,0.0482759,0.233448,0.0631034,0,1.10793,0,0.545517,0,0,0,0.382069,0.275172,0.102069,0.445172,0.184138,0,0,0.0241379,0,0.0241379,0.221724,0.0927586,0.591034,0,0.130345,0,0,0.184138,0.0482759,0.04,0.201034,0.0772414,0,0,0.0493793,0.275345,0.00706897,0.396138,0.0678276,0.00655172,3.73655,24.069,67.1034,0.551724
0.0741667,0.0364286,0.181071,0.0158333,0.100833,0.0882143,0.0432143,0.143333,0.0316667,0.169762,0,0.592381,0.13881,0.00619048,0.0665476,0.0633333,0.133571,0.182976,1.37845,0.00761905,0.584881,0,0.109762,0.0736905,0.813095,0.442738,0.237857,0.29619,0.0822619,0.193571,0.0922619,0.0688095,0.157143,0.0688095,0.158929,0.131786,0.330595,0,0.168929,0.0846429,0.060119,0.0858333,0.201905,0.0877381,0.376786,0.449524,0,0.0591667,0.00752381,0.202464,0.0324762,0.263345,0.0621786,0.0142738,2.33281,13.2143,70.4643,0.285714
0,0,0,0,0,0,0,0,0,0.07,0,0.035,0,0,0,0,0,0,0.0519355,0,0,0,0,0,0.07,0,0.221774,0,0,0,0.201613,0,0,0,0,0,0,0,0,0,0,0.169677,0,0,0.317097,0.209677,0,0.295645,0,0.0411774,0.0895806,0.0495,0,0,1.50139,2.70968,6.93548,0.0322581
0.0395556,0.387556,0.293778,0.891778,0.557556,0.189778,0.744667,0.0726667,0.241556,0.336222,0.0333333,0.697778,0.0542222,0.0142222,0.0204444,0.357333,0.201111,0.335556,2.084,0.0282222,1.16933,0,0.0597778,0.0862222,0.118889,0.0111111,0.255111,0.0313333,0.0111111,0.00555556,0.160889,0,0,0.00955556,0.0624444,0.0117778,0.0353333,0,0.0417778,0.422222,0,0.00444444,0,0,0.203556,0.00977778,0,0.0222222,0.0107778,0.185556,0.0144889,0.298578,0.0637333,0.0410889,13.3597,164.422,405.644,0.622222
0.182273,0.213182,0.208182,0,0.735455,0.217727,0.390455,0,0.151818,0.386364,0.222727,0.322273,0.213636,0,0,0.961364,0.120909,0.286364,1.82682,0.237273,0.878182,0,0,0.430455,0.0909091,0.0540909,0.162273,0,0,0.0672727,0,0,0.168636,0,0.0909091,0.0409091,0.0886364,0,0,0.0618182,0.0118182,0.0736364,0.0318182,0.0877273,0.101364,0.0554545,0,0,0,0.05,0,0.511636,0.0690455,0.901318,7.19627,69.0455,113.273,0.727273
0.647059,0,0.695,0,0.0711765,0,0.12,0,0,0.0714706,0.647059,1.45941,0,0,0,0.235294,0,0.0117647,1.60059,0,5.27235,0,0,0.673824,0.0694118,0.127059,0,0,0,0.0576471,0,0,0.0623529,0,0,0,0,0,0,0,0,0,0,0,0.0473529,0,0,0.0714706,0,0.014,0,0.164029,0.0973235,0,4.89465,27.1471,53.1176,0.588235
0.096,0.008,0.196,0.008,0.092,0.118,0,0.058,0.058,0.188,0.074,0.082,0.072,0,0.038,0.088,0.078,0.076,0.608,0.008,0.242,1.906,0.138,0.11,0,0,0,0,0,0,0,0,0,0.028,0,0.008,0,0,0.016,0,0,0,0,0,0.038,0,0,0,0.4302,2.0094,0.009,0.3924,0.375,0.4024,57.5034,2297.8,10648.8,1
0.103143,0.167714,0.396143,0.202143,0.299143,0.112143,0.0565714,0.204857,0.314714,0.556,0.127714,0.533,0.126571,0.0694286,0.174,0.266429,0.182571,0.337429,1.21457,0.140857,0.828857,0.701857,0.119714,0.155143,0.594286,0.151143,0.0342857,0.0311429,0.009,0.0307143,0.0197143,0.00271429,0.143,0.00542857,0.0731429,0.0411429,0.135857,0.00185714,0.0328571,0.0368571,0.0122857,0.0151429,0.00428571,0.003,0.0404286,0.0494286,0.00442857,0.0372857,0.0540857,0.116,0.0205714,0.306157,0.125571,0.0975571,4.75111,79.3286,925.186,0.671429
0,0.0132203,0.307797,0,0.208983,0.0101695,0.125593,0.0230508,0.0891525,0.108475,0.0101695,0.34322,0.030678,0.194915,0.019661,0.574915,0.0591525,0.234237,1.10492,0,0.470847,0,0,0,1.13017,0.937119,0.556949,0.413559,0.303051,0.387627,0.372712,0.272373,0.0510169,0.272373,0.487966,0.350847,0.151356,0,0.0881356,0.272373,0.0794915,0.264407,0.0969492,0.197288,0.372881,0.151695,0,0.0233898,0.00913559,0.19678,0.052322,0.283898,0.0135932,0.0090339,2.20234,10.322,37.1356,0.20339
0,0,0,0,1.28875,0,0,0,0,0,0,3.475,0,0,0,0,0,0,0,0,0,0,0,0,0.80875,0.80875,0,0,9.02375,0,0,0,0,0,0,0,0,0,0,0,0,8.4,0,0,0,0,0,0,0,0,0,0.213,0,0,1.41112,3.375,13.75,0
0.0824096,0.150964,0.312892,0,0.443976,0.128313,0.11012,0.0672289,0.0383133,0.223614,0.0424096,0.641807,0.0806024,0.00638554,0.0046988,0.204578,0.13759,0.151084,1.38373,0.0251807,0.932048,0,0.0850602,0.0466265,0.731084,0.327229,0.268313,0.180843,0.120361,0.140241,0.0893976,0.100602,0.0848193,0.100602,0.12988,0.125904,0.263494,0,0.13,0.109157,0.0562651,0.0884337,0.141928,0.0380723,0.244217,0.146386,0.00819277,0.0179518,0.0328434,0.16553,0.0244699,0.0990361,0.0432771,0.009,2.12702,15.0964,163.855,0.361446
0.12383,0.363191,0.325532,0,0.0446809,0.0906383,0.186809,0.143404,0.104043,0.590213,0.0238298,0.555957,0.0870213,0,0,0.207234,0,0,3.0483,0,0.951915,0,0.0238298,0.148298,0.301277,0.0774468,0.0806383,0.224681,0,0,0.0965957,0,0,0,0,0,0.149574,0,0.208298,0,0.0461702,0,0.04,0.16,0.658298,0.475957,0,0,0,0.119255,0.00538298,0.238043,0.0828085,0.0350213,2.89855,18.2128,38.2553,0.404255
0,0,0.4025,0,4.9175,0,0,0,0,0,0,0,0,0,0,0,0,0,0,0,0.4025,0,0,0,0,0,0,0,0.595,0,0,0,0,0,0,0,0,1.8475,0,0,0,5.4775,0,0,0,0,0,0,0,0.0735,0,0,0,0,1.14575,1.375,4.375,0.125
0,0,0,0,0,0,0,0,0,0,0,0,0,0,0,0,0,0,0,0,0,0,0,0,0,0,26.666,0,0,0,0,0,0,0,0,0,0,0,0,0,0,0,0,0,0,0,0,0,0,0,0,0,0,0,1.59575,2.8,5.1,0
0,0,0,0,0,0,0,0,0,0,0,0.0520312,0,0,0,0,0,0.120156,0,0,0.0390625,0,0,0,0,0,0.126406,0,0,0,0,0,0,0,0,0,0,0,0,0,0,0.06,0,0,0.164062,0.5225,0,0,0,0.132062,0.0637656,0.370125,0,0,1.05469,1.125,3.85938,0.03125
0.248857,0.236286,0.314571,0.00542857,0.248857,0.0777143,0.0445714,0.143429,0.354857,0.431714,0.177143,0.546286,0.314571,0.570571,0.0808571,0.254571,0.272857,0.107143,2.10771,0.0391429,0.966286,0.048,0.288857,0.302857,0.487714,0.113714,0.00171429,0.000571429,0.00114286,0.00942857,0,0,0.142857,0,0.00714286,0.052,0.170286,0.00314286,0.008,0.0168571,0.0145714,0.00457143,0.00942857,0.0154286,0.0525714,0.0614286,0.002,0.042,0.0318571,0.109571,0.0135429,0.289886,0.379057,0.0824857,5.62009,192.343,2248.63,0.742857
0.091,0.102,0.057,0,0.183,0.054,0.343,0.0605,0.057,0.089,0.1145,0.5695,0,0,0,0.9955,0.3345,0.3245,3.484,0,2.151,0,0,0.185,0,0.2205,0.167,0,0,0,0,0,0,0,0,0,0.183,0,0,0,0,0.1405,0,0.0745,0.425,0,0,0,0,0.02205,0,0.20825,0.12,0,4.5163,36.35,74.4,0.8
0,0,0,0,0,0,0,0,0,0,0,0.131905,0,0,0,0,0,0.34,0.280476,0,0,0,0,0,8.2019,4.09857,3.75857,4.09857,3.89095,4.09857,4.09857,3.75857,0,3.75857,4.09857,4.09857,0,0,0,3.75857,0,0,0,0,0,0,0,0,0,1.06048,0,0.0228095,0,0,3.1259,10.9048,31.1905,0
0.0756604,0.0750943,0.0828302,0.0254717,0.261321,0.0224528,0.131698,0.63717,0.0496226,0.128302,0.0503774,0.238302,0.049434,0.234717,0.0118868,0.137547,0.236981,0.138302,1.1766,0.0273585,0.612075,0.0377358,0.243774,0.0149057,0.189245,0.176604,0.0779245,0.102075,0,0.0407547,0,0.0111321,0.0139623,0.0111321,0.0628302,0.126604,0.0673585,0,0.0171698,0.0118868,0,0,0,0,0.531887,0.00528302,0,0.0313208,0.00326415,0.165962,0.005,0.388453,0.140415,0.0115094,3.52079,22.434,80.1887,0.735849
0.0292857,0.0671429,0.253571,0,0.705714,0.0692857,1.59143,0.773571,0.773571,0.880714,0.773571,0.582143,0,0.0764286,0,0.977143,2.15357,0.0642857,1.82643,0.773571,2.815,0,0.309286,0.105714,0.0207143,0.0207143,0.0207143,0.0414286,0,0,0,0,0,0.0207143,0.0414286,0,0.315,0,0.0764286,0,0,0,0,0,0,0,0,0,0,0.0775,0,0.696071,0.255143,0.0712857,64.0539,294.929,330.786,0.928571
0.15,0.133788,0.834242,0,0.71,0.52803,0.281515,0.138788,0.576667,0.470909,0.217879,0.618182,0.15303,0.0809091,0.981667,0.306364,0.113788,0.773939,1.5447,0.880606,0.958636,0.0875758,0.525455,0.142879,0.0490909,0.00136364,0.0221212,0.00439394,0,0.00878788,0,0,0.00545455,0,0.00439394,0,0.0131818,0,0,0.0407576,0,0,0.0893939,0.0121212,0.0454545,0.0369697,0,0,0.00289394,0.0803333,0.00113636,0.445152,0.1435,0.0199697,78.4989,744.485,1392.08,0.984848
0.16,0.0991803,0.356885,0,0.137541,0.14459,0.103607,0.166885,0.047541,0.209016,0.0216393,0.562951,0.0616393,0.00377049,0,0.16377,0.121148,0.288689,1.95049,0.0113115,0.968689,0,0,0.0242623,1.01738,0.642131,0.296721,0.448033,0.0680328,0.203279,0.176066,0.0629508,0.136066,0.0629508,0.279344,0.177213,0.34,0.0167213,0.111475,0.148689,0.0536066,0.15541,0.157377,0.161148,0.282623,0.123279,0,0,0.0256066,0.133082,0.0264754,0.243541,0.0487377,0.0787213,2.05728,11.1967,61.6885,0.295082
0,14.1478,0,0,0,0,0,0,0,0.132222,0,0,0,0,0,0,0,0,0,0,0,0,0,0,0,0,0,0,0,0,0,0,0,0,0,0,0,0,0,0,0,0,0,0,0.132222,0,0,0,0,0,0,0,0,0,1.77778,4.88889,9.02778,0
0.251154,0.108269,0.309423,0.0248077,0.663077,0.120192,0.211923,0.0732692,0.0121154,0.135192,0.0403846,0.471538,0.0455769,0,0.0465385,0.591346,0.181346,0.101154,1.86885,0.0975,1.16596,0.0703846,0.151538,0.0382692,0.375385,0.187115,0.1675,0.141346,0.00980769,0.0596154,0.00980769,0.0203846,0.0484615,0.0376923,0.110769,0.0726923,0.0994231,0,0.0388462,0.0223077,0.0409615,0.0482692,0.0211538,0.0776923,0.169423,0.108077,0,0.0484615,0.0134038,0.132,0.0184808,0.498885,0.114327,0.031,2.95283,24.0769,126.481,0.634615
0.0535971,0.0205036,0.273813,0,0.304748,0.0305036,0.0316547,0.00611511,0.0186331,0.13554,0.023741,0.773813,0.092446,0.0340288,0.0122302,0.180791,0.00906475,0.0598561,1.98906,0.00906475,0.486547,0,0,0.00978417,0.320432,0.376691,0.398777,0,0.164964,0.0376259,0,0,0.0726619,0,0,0.0220144,0.158993,0.0176978,0.0756115,0,0.0684892,0.338201,0.0174101,0.125755,0.400791,0.183165,0,0.052446,0.0301511,0.129014,0.00947482,0.112281,0.014223,0.00535252,1.51131,4.4964,27.0072,0.0863309
0,0,0,0,0,0,0,0,0,0,0,0,0,0,0,0,0,0,1.04125,0,0,0,0,0,0,0,0,0,0,0,0,0,0,0,0,0,0,0,0,0,0,0,0,0,0,0,0,0,0,0.199125,0,0.0855,0,0,1,1,1.25,0
0.017551,0.114898,0.108776,0,0.237755,0.0153061,0.0453061,0.0816327,0.0328571,0.0979592,0,0.777755,0,0.204082,0,0.126939,0,0.03,2.04388,0.0453061,0.0744898,0,0,0.658571,0.0853061,0.0853061,0.278367,0.0885714,0.0783673,0.0657143,0,0,0.0153061,0,0.196531,0,0,0,0.0657143,0.0453061,0.154286,0.144082,0,0.017551,0.498776,0.0965306,0,0.0602041,0.0961224,0.127184,0.00763265,0.377408,0.00895918,0.022898,2.6691,9.67347,22.3469,0.285714
0.115455,0.139091,0.250606,0,0.208333,0.0516667,0.120909,0.0193939,0.0193939,0.231061,0.0384848,0.431364,0.287273,0.0193939,0,0.458333,0.0498485,0.136667,1.70424,0.0404545,0.797273,0,0.08,0.0566667,0.67803,0.435606,0.539848,0.316061,0.182727,0.282121,0.188636,0.149848,0.158485,0.149848,0.402121,0.208485,0.243788,0.00621212,0.363788,0.163333,0.0889394,0.342424,0.162879,0.201515,0.235606,0.145758,0,0,0.0113939,0.140545,0.0113788,0.253061,0.219258,0.00839394,2.23312,11.3788,43.9091,0.333333
0.154386,0.0882456,0.308421,0,0.285439,0.0233333,0.152632,0.0473684,0,0.189298,0.0577193,0.700351,0.0226316,0,0.0578947,0.217544,0.119649,0.327895,1.46561,0.0389474,0.505965,0,0.15614,0,1.57456,0.945263,0.250877,0.490702,0.282807,0.553684,0.287368,0.166316,0.0770175,0.166316,0.588947,0.25614,0.109123,0,0.0591228,0.177544,0.0473684,0.222281,0.0308772,0.0866667,0.228421,0.178246,0,0.0275439,0.00510526,0.164298,0.00654386,0.153439,0.0329649,0.243316,2.15225,10.8947,52.386,0.298246
0.19098,0.0790196,0.195882,0,0.595882,0.0162745,0.133137,0.0521569,0.024902,0.100392,0.0247059,0.553137,0.0192157,0.0496078,0.0168627,0.447843,0.282941,0.148824,2.52157,0.00862745,1.28706,0,0.207843,0.045098,0.0496078,0.0311765,0.0719608,0.0627451,0,0,0,0.0123529,0.00862745,0.0123529,0.0396078,0.0966667,0.0276471,0,0.032549,0.00647059,0,0.0131373,0.012549,0.0117647,0.281373,0.0423529,0,0.05,0.0131176,0.108961,0.00729412,0.454431,0.108176,0.00809804,3.19771,26.1961,111.431,0.843137
0,0,0,0,0,0,0,0,0,0,0,0,0,0,0,0,0,0,0,0,0,0,0,0,16.3043,1.09857,0,0,0,0,0,0,0,0,0,0,0,0,0,0,0,0,0,0,2.88357,0,0,0,0,0,0,0.0802143,0,0,4.16179,16.5714,25.5,0
0.16,0.0995294,0.294941,0,0.345529,0.0641176,0.121529,0.144353,0.0750588,0.162824,0.0384706,0.508118,0.0862353,0,0.0297647,0.160118,0.141882,0.262588,1.592,0,0.556353,0,0.0537647,0.0425882,0.575059,0.419412,0.334588,0.196471,0.107294,0.129882,0.0704706,0.0674118,0.131176,0.0674118,0.158471,0.160941,0.223176,0.00847059,0.136353,0.0817647,0.0538824,0.0274118,0.141882,0.0991765,0.276353,0.125294,0.00223529,0.0770588,0.0286118,0.154835,0.0261412,0.177447,0.0553647,0.0277529,2.06461,12.7059,116.918,0.317647
0.05425,0,0.03275,0,0.387875,0.093875,0.079,0.103,0,0.149,0,0.99,0.056875,0.091875,0,0.00875,0.0195,0.024,0.341375,0.03375,0.112875,0,0.0265,0,0.187,0.112875,0.190375,0,0.097,0,0,0,0.33975,0,0,0.0125,0.066875,0,0.152,0,0.025,0.44875,0.08925,0.241,0.486625,0.084625,0,0.041625,0.005525,0.0922125,0.041425,0.204863,0,0,1.92866,5.7375,15.55,0.0625
0.097907,0.0560465,0.180698,0,0.24,0.0888372,0.15093,0.0684884,0.0151163,0.215465,0.079186,0.798023,0.0267442,0.0323256,0.0260465,0.113605,0.19,0.0815116,1.87081,0.00523256,0.557442,0,0.0996512,0.0101163,0.297907,0.113605,0.192558,0,0.0351163,0.150814,0.0104651,0,0.174884,0,0,0.121977,0.181744,0.00639535,0.0986046,0.00302326,0.119651,0.15,0.0248837,0.103372,0.269186,0.106744,0,0.0705814,0.0159186,0.116035,0.00882558,0.210547,0.0164651,0.0102326,1.61553,5.72093,44.3953,0.139535
0,0,0,0,0,0,0,0,0,0,0,0,0,0,0,0,0,0,6.66,0,0,0,0,0,0,0,0,0,0,0,0,0,0,0,0,0,0,0,0,0,0,0,0,0,6.66,0,0,0,0,0,0,32.478,0,0,1.666,3,5,0
0.14,0.375263,0.433158,0,0.561053,0.398947,0.0773684,0.0468421,0.0326316,0.373684,0.0178947,1.15421,0.0694737,0,0.133684,0.274737,0.531053,0.557895,1.54105,0,1.12526,0.0857895,0.173158,0.178947,0,0.0273684,0,0.0326316,0,0.0510526,0,0,0.194737,0,0,0.112632,0,0,0,0.185263,0,0,0.0273684,0.0289474,0.0178947,0.0594737,0,0,0,0.0942632,0,0.496632,0.109421,0.0342632,5.19584,93.8947,183.947,0.736842
0,0,0,0,0,0,0,0,0,0,0,0,0,0,0,0,0,0,0,0,0,0,0,0,0,0,0,0,0,0,0,0,0,0,0,0,0,0,0,0,0,0,0,0,0,0,0,0,0,0,0,0,0,0,0,0,0,0
0.138333,0.215,0.256818,0,0.37,0.0913636,0.109848,0.0907576,0.029697,0.303939,0.0880303,0.992424,0.111061,0.0359091,0.0172727,0.291061,0.0906061,0.192273,1.93167,0.0106061,0.713333,0,0.0177273,0.0786364,0.553485,0.445758,0.170303,0.315758,0.0815152,0.152121,0.0669697,0.0709091,0.244697,0.0709091,0.0825758,0.192273,0.102576,0,0.0706061,0.0583333,0.0171212,0.0366667,0.0401515,0.185,0.100303,0.0324242,0,0.065,0.00656061,0.150909,0.00640909,0.103621,0.0278333,0.00780303,1.82586,8.43939,89.6818,0.242424
0.052619,0.0396429,0.242262,0,0.403214,0.102262,0.0496429,0.0940476,0.0329762,0.15369,0.0370238,0.607143,0.0505952,0.0102381,0.126071,0.225476,0.0879762,0.118571,1.18667,0.005,0.660357,0.0383333,0.0940476,0.0555952,0.717262,0.41881,0.19881,0.288929,0.140952,0.135476,0.085119,0.0560714,0.0592857,0.0560714,0.139167,0.207262,0.200357,0.0234524,0.11619,0.0834524,0.0684524,0.0671429,0.12881,0.120357,0.259524,0.273214,0,0.0203571,0.0352024,0.158702,0.0234524,0.12069,0.071119,0.00960714,2.17307,10.6071,104.119,0.25
0.0889091,0.125636,0.406455,0,0.356273,0.0370909,0.0235455,0.0106364,0.0178182,0.201455,0.00872727,0.523182,0.0881818,0.0227273,0,0.188273,0,0.276818,2.79491,0,0.863091,0,0,0.0153636,0.121091,0.0378182,0.319909,0,0.0489091,0,0,0,0.215364,0,0,0.00709091,0,0.0746364,0.0913636,0.0106364,0.0210909,0.255091,0.0302727,0.0457273,0.455182,0.305727,0.0265455,0,0.0223364,0.0928273,0.003,0.3714,0.00307273,0,1.28988,2.81818,13.3,0.127273
0.118088,0.130735,0.281618,0,0.374412,0.121176,0.224265,0.137206,0.0285294,0.265882,0.0925,0.331176,0.0279412,0.0632353,0.0314706,0.352647,0.125588,0.282206,1.9975,0.0645588,0.91,0.0220588,0.0926471,0.0929412,0.833676,0.498971,0.371618,0.310882,0.0627941,0.152059,0.0910294,0.167353,0.0572059,0.167353,0.163088,0.145,0.176176,0,0.181618,0.0627941,0.035,0.0595588,0.149118,0.133824,0.309706,0.429265,0.0341176,0.0130882,0.0220441,0.145574,0.0119706,0.251015,0.0298676,0.124397,2.30334,15.7353,94.7647,0.426471
0,0,0,0,0,0,0,0,0,0,0,0,0,0,0,0,0,0,1.19111,0,0,0,0,0,0.411481,0.528889,10.7648,0,0,0,0,0,0,0,0,0,0,0,0,0,0,0.822963,0,0,0.246667,0,0,0.308519,0.0967407,0.129926,0,0.130259,0,0,1.45815,2.7037,8.22222,0
0,0,0,0,0,0,0,0,0,0,0,0,0,0,0,0,0,0,0,0,0,0,0,0,0,0,0,0,0,0,0,0,0,0,0,0,0,0,0,0,0,0,0,0,0,0,0,0,0,0,0,0,0,0,0,0,0,0
0.0562295,0.0478689,0.230984,0,0.3,0.0616393,0.0313115,0.153934,0.0545902,0.0918033,0.014918,0.598361,0.0567213,0.0321311,0,0.203115,0.087377,0.191639,1.79639,0,0.91459,0,0.126885,0.0436066,0.843771,0.540164,0.135902,0.248525,0.228033,0.123607,0.141475,0,0.0585246,0,0.0781967,0.0781967,0.302951,0.0655738,0.218689,0,0.147541,0.380328,0.0759016,0.19541,0.45623,0.147049,0,0.0419672,0.0429344,0.0899508,0.0298197,0.228607,0.063082,0.0624098,2.32431,11.1475,29.5082,0.295082
0,0,0,0,0,0,0,0,0,0,0,0,0,0,0,0,0,0,0,0,0,0,0,0,0,0,0,0,0,0,0,0,0,0,0,0,0,0,0,0,0,0,0,0,0,0,0,0,0,0,0,0,0,0,0,0,0,0
0.0508108,0.072973,0.202703,0,0.13973,0.0551351,0.0894595,0.0794595,0.0443243,0.169459,0,0.35973,0.162432,0.0464865,0,0.244324,0.0581081,0.182162,2.09324,0.324054,0.983784,0.149459,0,0.0848649,0.13,0.154595,0,0.112432,0,0,0,0,0,0,0.0405405,0.0532432,0,0,0,0,0,0.0224324,0,0.0210811,0.362973,0.366216,0,0,0.0196757,0.0578108,0.00524324,0.109865,0.0431622,0.0872973,4.27927,47.2162,96.8108,0.378378
0.0995556,0.109556,0.434667,0,0.352222,0.162667,0.198889,0.286,0.0706667,0.157333,0.0933333,0.529556,0.134222,0.00355556,0.0493333,0.327556,0.184222,0.171778,2.04289,0.336667,1.30978,0,0.318667,0.145556,0.335333,0.256667,0.0313333,0.0604444,0.00955556,0.0228889,0.00955556,0.00955556,0.0542222,0.00955556,0.0715556,0.0426667,0.177778,0.0122222,0.0693333,0.0828889,0.00688889,0.0244444,0.0375556,0,0.114667,0.0262222,0,0.0608889,0.0116222,0.0726889,0.00544444,0.254867,0.155911,0.0464222,3.55282,40.1778,177.578,0.688889
0.0890244,0.042561,0.336585,0.00987805,0.40939,0.277195,0.115854,0.123537,0.0346341,0.235488,0.0137805,0.529268,0.099878,0.0169512,0,0.290854,0.120122,0.135854,1.51793,0.0045122,1.41268,0,0.111463,0.194146,0.67939,0.493293,0.197073,0.149268,0.09,0.176585,0.0745122,0.0473171,0.0929268,0.0473171,0.12561,0.111098,0.142805,0.00280488,0.0558537,0.0546341,0.0709756,0.00670732,0.0789024,0.00731707,0.253049,0.0543902,0.0241463,0.00341463,0.0411341,0.155329,0.0282317,0.114805,0.0623537,0.0111463,1.98651,12.3415,143.378,0.5
0.4672,0.7208,0.7428,0.3664,0.3468,0.2716,0.0656,0.4024,0.4188,1.3644,0.0604,1.4292,0.1212,0.2716,0.3344,0.2872,0.1692,0.6348,2.064,0.3444,3.2556,0.0152,0.5196,0.2464,0,0,0,0,0,0,0,0,0.0132,0,0.0508,0.0168,0.0148,0,0,0,0,0,0.0076,0,0.0248,0,0,0,0.027,0.14768,0.06472,0.95372,0.17836,0.06036,39.2918,602.2,882.64,1
0.163143,0.128286,0.271714,0.00885714,0.316857,0.111429,0.04,0.267429,0.215714,0.334857,0.103429,0.534286,0.145429,0.0757143,0.0702857,0.388571,0.257429,0.205429,1.49029,0.163143,0.726571,0.727143,0.292571,0.237714,0.144571,0.0782857,0.00657143,0.00371429,0.00371429,0.0197143,0.0102857,0,0.0997143,0.00371429,0.006,0.129143,0.176,0.0122857,0.02,0.0302857,0.0154286,0.002,0.00685714,0.016,0.0328571,0.0871429,0.00314286,0.0245714,0.0459143,0.123971,0.0434,0.201371,0.176343,0.119971,5.92063,136.371,1651.71,0.571429
0.403,0.334,0.314,0.019,0.25,0.024,0.006,0.208,0.472,0.742,0.19,0.419,0.421,0.605,0.08,0.136,0.366,0.143,2.3,0.047,1.16,0,0.516,0.497,0.019,0,0,0.019,0,0,0,0,0,0.038,0.006,0.032,0,0,0.017,0.11,0,0,0,0,0.059,0,0,0,0.0151,0.0686,0,0.4377,0.4285,0.0727,225.594,1189.4,2466.4,1
0.199885,0.0955172,0.358046,0.00126437,0.31046,0.14,0.0572414,0.185977,0.248736,0.204368,0.0812644,0.661954,0.0767816,0.11908,0.00827586,0.24,0.3,0.084023,1.24391,0.16931,1.09092,0.283333,0.094023,0.220345,0.933448,0.128736,0.0166667,0.00770115,0.01,0.0143678,0.0143678,0.00172414,0.10023,0.00517241,0.0143678,0.085977,0.177241,0.0235632,0.0302299,0.0211494,0.0656322,0.105632,0.0102299,0.0201149,0.0383908,0.081954,0,0.0112644,0.110736,0.191276,0.0137241,0.279655,0.091,0.0866552,4.19325,65.023,593.586,0.551724
0.134189,0.102162,0.394595,0.0240541,0.317973,0.0941892,0.0613514,0.117162,0.196892,0.316892,0.110541,0.494595,0.133108,0.0340541,0.115405,0.289595,0.173378,0.25527,1.52743,0.108919,0.868378,0.519459,0.204189,0.110405,0.397568,0.147297,0.0805405,0.120946,0.0504054,0.0539189,0.0356757,0.0262162,0.0316216,0.0262162,0.0625676,0.0789189,0.0982432,0.0516216,0.0540541,0.0983784,0.0125676,0.101892,0.0441892,0.00432432,0.092027,0.0566216,0.0204054,0.0495946,0.235378,0.148689,0.0124054,0.265365,0.0873649,0.0806216,3.45534,43.8108,375.338,0.554054
0,0,0,0,0,0,0,0,0,0,0,0,0,0,0,1.51455,0,0,0,0,0,0,0,0,0,0,0.534545,0.534545,0,0.534545,0,0,0,0,2.35273,0,0,0,0,0,3.56364,0,0,0,0,6.12545,0,0,0,0.0693636,0,0,0,0,3.634,8,12.6364,0.0909091
0,0,0,0,0,0,0,0,0,0,0,0,0,0,0,0,0,0,0,0,0,0,0,0,0,0,0,0,0,0,0,0,0,0,0,0,0,0,0,0,0,0,0,0,0,0,0,0,0,0,0,0,0,0,0,0,0,0
0,0,0,0,0,0,0,0,0,0,0,0,0,0,0,0,0,0,0,0,0,0,0,0,0,0,0,0,0,0,0,0,0,0,0,0,0,0,0,0,0,0,0,0,0,0,0,0,0,0,0,0,0,0,0,0,0,0
0,0,0,0,0,0,0,0,0,0,0,0,0,0,0,0,0,0,0,0,0,0,0,0,0,0,0,0,0,0,0,0,0,0,0,0,0,0,0,0,0,0,0,0,0,0,0,0,0,0,0,0,0,0,0,0,0,0
0,0,0,0,0,0,0,0,0,0,0,0,0,0,0,0.449438,0,0,0,0,0,0,0,0,0,0,19.6622,0,0,0,0,0,0,0,0,0,0,0,0,0,0,0,0,0,0,0,0,0,0,0,0,0,0,0,1.07358,1.26966,5.19101,0
0.0417778,0.0664444,0.131778,0,0.183111,0.0222222,0.0297778,0.220222,0.00733333,0.226667,0.0393333,0.569778,0.0524444,0,0.0135556,0.274444,0.0855556,0.305556,0.922444,0.0444444,0.273333,0,0.016,0,0.372444,0.213778,0.325111,0,0.209556,0.131778,0.0122222,0,0.578889,0,0,0.128889,0.243778,0.0191111,0.182444,0,0.00822222,0.150444,0.00888889,0.105333,0.0951111,0.0404444,0,0.0402222,0.0194,0.144178,0.0246889,0.0880667,0.00891111,0.0303111,1.71858,6.55556,61.7778,0.244444
0,0.0735294,0.172647,0,0.14,0,0,0,0.0532353,0.108824,0,0.267647,0,0,0,0,0,0.0638235,8.67441,0,2.48382,0,0,0.654412,0,0,0.180882,0,0.108824,0,0,0,0,0,0,0,0,0,0,0,0,0,0,0,1.61206,0.364412,0.0638235,0,0.011,0.0276765,0,0.289529,0,0,1.23124,2.14706,7.29412,0.117647
0.0414545,0.0989091,0.352545,0,0.645273,0.109091,0.28,0.174545,0.0623636,0.23,0.101818,0.685455,0.0609091,0,0.225455,0.319455,0.301636,0.419818,2.21109,0.420364,1.30418,0.214727,0.266364,0.110909,0.360909,0.151091,0.0592727,0.117636,0.0249091,0.151091,0.0249091,0.0249091,0.0290909,0.0249091,0.0327273,0.0412727,0.101273,0,0.186,0.110364,0.0192727,0.0223636,0.00654545,0,0.172,0.0498182,0,0,0.00478182,0.145218,0.00118182,0.299327,0.0935636,0.0413091,6.09191,58.1091,144.691,0.654545
0.045,0.0655769,0.339231,0,0.330385,0.159423,0.0625,0.206731,0.0223077,0.262692,0.0503846,0.466731,0.115577,0,0.0107692,0.148654,0.0736538,0.183654,1.51635,0.0348077,0.756731,0.00884615,0.122308,0.0382692,0.64,0.550192,0.234615,0.280192,0.165,0.144808,0.0834615,0.0669231,0.0755769,0.0609615,0.195962,0.174423,0.158462,0,0.146538,0.0609615,0.0344231,0.122885,0.115192,0.0409615,0.353269,0.245769,0.00173077,0.0219231,0.0210577,0.131885,0.0286538,0.223942,0.0616923,0.0118462,2.02327,12.1346,131.635,0.346154
0,0,0,0,0.407143,0,0,0,0,2.59714,0,0,0,0.407143,0,0,0,0.407143,0,0,0.407143,0,0,0,0,0,2.83429,1.19,0,0,0,0,0.407143,0,0,0.407143,1.91714,0,3.55857,0,0,0,0,0,0.407143,0,0,0,0.366286,1.10314,0,0,0,0,5.89757,28,38,0.142857
0,0.0757143,0.225714,0,0.483214,0.0278571,0.387143,0,0.0196429,0.311071,0,0.506071,0.237857,0.111429,0,0.580714,0,0.445,2.94964,0,0.825,0,0,0.0507143,0.549286,0,0,0,0,0,0,0,0,0,0,0,0,0,0,0,0,0.182857,0,0.0921429,0.269286,0.585714,0,0,0.0110357,0.0210714,0,0.795929,0,0,5.5315,52.9643,74.4643,0.25
0.101905,0.267619,0.500476,3.37714,1.30095,0.0457143,0.69,0.168571,0,0.120476,0.0309524,0.436667,0.34619,0.0857143,0,0.680476,1.68476,0.430476,2.82905,0.124286,2.38905,0,0.037619,0.212381,0,0,0,0,0,0,0,0,0,0,0,0,0,0,0,0,0,0,0,0,0,0,0,0,0,0.130095,0,0.798238,0.344,0.00871429,8.85362,145.286,211.857,0.952381
0,0,0,0,0,0,0,0,0,0,0,0,0,0,0,0,0,0,0,0,0,0,0,0,0,0,0,0,0,0,0,0,0,0,0,0,0,0,0,0,0,0,0,0,0,0,0,0,0,0,0,0,0,0,0,0,0,0
0.126818,0.122045,0.366136,0.0263636,0.222273,0.207727,0.119545,0.0145455,0.0147727,0.208864,0.0190909,0.387955,0.173636,0,0.0120455,0.427727,0.2225,0.111364,1.66295,0.0184091,0.7125,0.0586364,0.228864,0.107273,0.516818,0.375909,0.212273,0.151364,0.0886364,0.160455,0.0797727,0.0797727,0.0527273,0.110455,0.101591,0.129545,0.0240909,0,0.151818,0.09,0,0,0,0,0.257273,0.23,0,0.0075,0.0155227,0.137205,0.0055,0.41775,0.0394545,0.03725,3.86775,40.5909,126,0.545455
0.178824,0.0745098,0.29049,0,0.279118,0.105784,0.0686275,0.0107843,0.0232353,0.0853922,0.00666667,0.506078,0.112451,0.0315686,0.00647059,0.172059,0.0314706,0.212059,1.7551,0.0152941,0.486765,0,0.0138235,0.0521569,0.215392,0.207549,0.237451,0,0.122843,0.0576471,0,0,0.07,0,0,0.069902,0.124902,0.00911765,0.0545098,0.00980392,0.0592157,0.198824,0,0.148824,0.422843,0.159804,0.01,0.0465686,0.0117255,0.125167,0.00745098,0.138951,0.00993137,0.00509804,1.49928,4.62745,35.8137,0.147059
0.0720408,0.232041,0.162653,0,0.330816,0.252857,0.115102,0.126735,0.075102,0.330204,0.0416327,0.63102,0.0632653,0,0.00591837,0.157143,0.127551,0.282041,1.39939,0,0.919184,0.0253061,0.121224,0.0459184,0.57449,0.312245,0.321429,0.151633,0.157551,0.11449,0.082449,0.0889796,0.177551,0.0889796,0.15102,0.0912245,0.185306,0,0.139796,0.092449,0.0144898,0.057551,0.0985714,0.0132653,0.237959,0.0369388,0,0.0387755,0.00291837,0.231816,0.0363878,0.35298,0.0923878,0.0270204,3.51547,28.6531,152.265,0.44898
0.0591667,0.701667,0.105833,0,0.535,0,1.17167,0.198333,0.198333,0.481667,0.0633333,0.3575,0.0466667,0.13,0,1.16167,1.58,0.0633333,1.545,0.719167,1.53,0,0,0,0,0,0,0,0,0,0,0,0,0,0,0,0.388333,0.13,0,0,0,0,0,0,0,0,0,0,0,0.1275,0,0.666917,0.115917,0.0950833,12.6972,141.417,170.833,1
0.0475,0.0896591,0.224886,0,0.207614,0.0390909,0.0809091,0.0848864,0.0484091,0.592045,0.0410227,0.458068,0.0888636,0,0.0394318,0.0867045,0.0746591,0.118295,1.39364,0.0780682,0.4375,0.00659091,0.025,0.0877273,0.898068,0.534886,0.453523,0.434886,0.190227,0.278977,0.156023,0.125341,0.0407955,0.125341,0.252386,0.195341,0.295227,0.00613636,0.24,0.137159,0.0373864,0.0576136,0.187841,0.0288636,0.326932,0.231705,0.0175,0.0321591,0.0440455,0.21608,0.0235341,0.159705,0.0424205,0.0234886,2.43582,11.9205,80.3295,0.227273
0.106905,0.222381,0.280952,0,0.281667,0.125238,0.132857,0.130952,0,0.272143,0.0304762,0.405,0.0459524,0,0.0678571,0.0504762,0.0314286,0.0333333,1.88214,0,0.499286,0,0.0185714,0.0207143,0.39119,0.153571,0.143571,0.0904762,0,0.104524,0.0626191,0.119762,0.125714,0.119762,0.177143,0,0.330476,0,0.0869048,0.0990476,0.0285714,0.246905,0.0678571,0.052381,0.202619,1.01143,0,0,0.00754762,0.113167,0.00978571,0.451905,0.00814286,0.0143333,2.88152,17.0714,51.619,0.190476
0,0,0,0,0.833333,0,0,0,0,0,0,0,0,0,0,0,0,0,0,0,0,0,0,0,8.33333,4.735,0,0,0,0,0,0,0,0,0,0.640833,0,0,0,0,0,1.2075,0,0.1125,0,0,0,0,0,0,0,0,0,0,1.41175,2.41667,6.16667,0
