0,0,0,0,0,0,0,0,0,0,0,0,0,0,0,0,0,0,0,0,0,0,0,0,0.483043,0.62087,11.6526,0,0,0,0,0,0,0,0,0,0,0,0,0,0,0.966087,0,0,0.289565,0,0,0.362174,0.113565,0.152522,0,0.105696,0,0,1.53543,3.04348,8.52174,0
0.104628,0.0795868,0.298347,0.00826446,0.332314,0.147107,0.0857025,0.119174,0.0636364,0.192645,0.0861157,0.509256,0.0940496,0.0116529,0.000743802,0.276446,0.227025,0.254545,1.64388,0.129587,0.745124,0.371074,0.180579,0.0922314,0.499256,0.172314,0.0509091,0.0331405,0.0307438,0.0365289,0.0150413,0.0061157,0.0552893,0.0112397,0.0487603,0.0773554,0.149752,0.00157025,0.0102479,0.0266942,0.0218182,0.0319008,0.0307438,0.0109917,0.159256,0.233223,0,0.0246281,0.0879091,0.148645,0.0234545,0.279678,0.108421,0.0598264,3.88374,47.6694,282.116,0.561983
0.0857333,0.176067,0.312333,0,0.384733,0.185333,0.120933,0.0888667,0.0546,0.220467,0.0468,0.588,0.0687333,0.00353333,0.0103333,0.211133,0.116733,0.164333,1.4446,0.0652,0.929333,0.00826667,0.142867,0.0528,0.692467,0.348267,0.240867,0.146333,0.109067,0.131933,0.0744,0.0805333,0.103467,0.0805333,0.1214,0.110533,0.2638,0,0.137267,0.086,0.144267,0.0789333,0.123067,0.0289333,0.2264,0.251933,0.00453333,0.0288667,0.0556333,0.16294,0.02376,0.1837,0.0845933,0.0242267,2.68639,21.0667,164.833,0.426667
0.0958896,0.072454,0.216442,0.00828221,0.284847,0.0571779,0.0941104,0.0680982,0.0364417,0.38184,0.0451534,0.549755,0.127301,0.00828221,0.026319,0.10773,0.108282,0.127546,1.56135,0.0539877,0.55773,0.00355828,0.0428834,0.0609816,0.685031,0.407485,0.32135,0.305031,0.127178,0.195276,0.0971779,0.0760736,0.0929448,0.0760736,0.164417,0.166687,0.203497,0.00613497,0.15362,0.082454,0.0360123,0.0733742,0.121595,0.0689571,0.272577,0.18135,0.0149693,0.0420859,0.0276748,0.186767,0.0155583,0.250074,0.0347423,0.0146074,2.15706,10.7607,79.7301,0.257669
0.07776,0.05616,0.28896,0.00696,0.28168,0.14048,0.07488,0.12544,0.09088,0.20952,0.0464,0.46872,0.10928,0.044,0.0172,0.23848,0.1784,0.1644,1.35792,0.1096,0.7192,0,0.06088,0.09976,0.66032,0.37256,0.13008,0.1412,0.0896,0.118,0.07336,0.03224,0.1244,0.03224,0.09952,0.1064,0.2472,0.00552,0.05896,0.07072,0.0048,0.02448,0.07416,0.07496,0.16392,0.09944,0.00872,0.05488,0.022464,0.193384,0.026768,0.139608,0.049536,0.030984,2.55845,21.192,197.992,0.44
0,0.527647,0.193529,0,0.164706,0,0.344706,0,0,1.18235,0,0.552941,0.0929412,0.0838235,0,0.0808824,0,0.0838235,2.55941,0,0.731765,0,0,0.184412,0.367647,0.0638235,0.616471,0.512353,0,0,0,0,0.146176,0,0,0.0838235,0.47,0,0.929412,0.122353,0.0376471,0,0.0552941,0.0694118,0.621765,0.226176,0,0,0.0754118,0.306029,0,0.0907647,0.0588529,0.0236765,3.67321,22.7059,39.9706,0.294118
0.4672,0.7208,0.7428,0.3664,0.3468,0.2716,0.0656,0.4024,0.4188,1.3644,0.0604,1.4292,0.1212,0.2716,0.3344,0.2872,0.1692,0.6348,2.064,0.3444,3.2556,0.0152,0.5196,0.2464,0,0,0,0,0,0,0,0,0.0132,0,0.0508,0.0168,0.0148,0,0,0,0,0,0.0076,0,0.0248,0,0,0,0.027,0.14768,0.06472,0.95372,0.17836,0.06036,39.2918,602.2,882.64,1
0.151343,0.146716,0.826866,0.00283582,0.707612,0.520149,0.272836,0.136716,0.56597,0.458209,0.203284,0.601194,0.150746,0.0797015,0.967015,0.304776,0.11209,0.760149,1.5091,0.820448,0.926119,0.0862687,0.517612,0.144478,0.051194,0.00134328,0.021791,0.00716418,0,0.00865672,0,0,0.00313433,0.00567164,0.00432836,0,0.0129851,0,0,0.0401493,0,0,0.0835821,0.0119403,0.0447761,0.0364179,0,0,0.00285075,0.0761343,0.0011194,0.448209,0.160104,0.019791,108.883,790.104,1415.94,0.985075
0.145419,0.10257,0.291899,0,0.280894,0.0363687,0.0144693,0.0493296,0.0109497,0.134525,0.00536313,0.521955,0.0620112,0.0880447,0,0.334134,0.0159218,0.200391,1.30218,0.116648,0.471006,0,0.0118436,0.0507821,0.201508,0.088771,0.473966,0,0.363799,0.0232402,0,0,0.312626,0,0.111732,0,0,0.0617877,0.0658101,0.00653631,0.217095,0.640168,0.0199441,0.141061,0.589944,0.47933,0.0163128,0,0.0147207,0.105799,0.0141341,0.13214,0.00994972,0,1.50497,3.2067,11.6369,0.0726257
0.0226562,0.089375,0.140313,0,0.250625,0.0373437,0.221094,0.0459375,0.0203125,0.209063,0,0.479375,0.180156,0.04875,0,0.509375,0.0528125,0.307812,2.87312,0.182031,1.23234,0.0864063,0,0.0507812,0.0185938,0.125938,0.040625,0.0234375,0,0,0,0,0,0,0.0234375,0.01,0,0,0,0,0,0.136875,0,0.0525,0.390312,0.416875,0,0,0.0155,0.0296562,0,0.168125,0.0259375,0.0504687,4.87631,48,83.0156,0.421875
0.107377,0.025082,0.191202,0.00726776,0.150328,0.0883607,0.0860109,0.163443,0.0145355,0.152077,0.0274317,0.519781,0.101585,0.00125683,0.0439891,0.089071,0.122459,0.240219,1.52246,0.00726776,0.666776,0,0.0374863,0.0414208,0.830601,0.402186,0.230929,0.312732,0.0882514,0.152077,0.079071,0.052459,0.293388,0.052459,0.197049,0.136995,0.266339,0.00557377,0.136339,0.0617486,0.0554645,0.0927869,0.137486,0.129016,0.370601,0.313825,0.00469945,0.0271585,0.0137869,0.193284,0.0288907,0.228317,0.0637158,0.0216776,2.22903,11.9891,66.7596,0.311475
0,14.1478,0,0,0,0,0,0,0,0.132222,0,0,0,0,0,0,0,0,0,0,0,0,0,0,0,0,0,0,0,0,0,0,0,0,0,0,0,0,0,0,0,0,0,0,0.132222,0,0,0,0,0,0,0,0,0,1.77778,4.88889,9.02778,0
0.106748,0.135153,0.262086,0,0.399325,0.109202,0.150307,0.129877,0.0352147,0.262454,0.077546,0.632761,0.0620245,0.0320859,0.0833742,0.341963,0.0990798,0.214601,1.78337,0.0338037,0.844724,0.0289571,0.0914724,0.093865,0.713252,0.417853,0.227485,0.318344,0.110429,0.145828,0.0873006,0.106135,0.0712883,0.106135,0.144356,0.187301,0.14135,0.00981595,0.108282,0.0764417,0.0357669,0.0538037,0.0953374,0.175399,0.209693,0.266748,0.0142331,0.0240491,0.0206933,0.153129,0.0120613,0.182613,0.0500982,0.0555644,2.18655,11.7546,96.9509,0.355828
0.13027,0.20527,0.424324,0.578514,0.281892,0.116892,0.047027,0.109865,0.267703,0.307162,0.0694595,0.790811,0.207568,0.14,0.129054,0.145541,0.146351,0.182027,1.70027,0.146892,0.948649,0,0.12473,0.169324,0.711757,0.134459,0.0221622,0.0228378,0.0140541,0.0175676,0.0198649,0.00216216,0.0714865,0.00216216,0.0345946,0.0608108,0.0912162,0.00189189,0.0168919,0.0340541,0.00216216,0.100541,0.0344595,0.01,0.0254054,0.00162162,0,0.0208108,0.13827,0.131554,0.0183243,1.00588,0.249932,0.0201757,4.07796,61.6216,754.081,0.581081
0,0,0,0,0,0,0,0,0,0,0,0,0,0,0,0,0,0,3.42375,0,0,0,0,0,0,0,0,0,0,0,0,0,0,0,0,0,0,0,1.38875,0,0,0,0,0,14.6637,0,0,0,0,0.285625,0,5.217,0,0,1.46187,2.875,7.375,0
0.0786538,0.297308,0.451538,1.74327,0.816538,0.106538,0.583269,0.191538,0.0709615,0.228269,0.130192,0.501923,0.160577,0.0398077,0,0.696923,1.0675,0.334808,2.34981,0.421154,1.92154,0,0.0776923,0.160192,0.0109615,0.0109615,0,0,0,0,0,0,0.00519231,0,0,0.0192308,0.153462,0,0.0459615,0,0,0,0,0,0.0623077,0.0269231,0,0,0.00680769,0.120327,0.0163846,0.62125,0.195692,0.0364231,9.34392,140.192,234.538,0.942308
0.0931731,0.115288,0.340385,0,0.198942,0.0467308,0.0842308,0.0648077,0.109904,0.198558,0.0410577,0.432019,0.136346,0.122885,0.0111538,0.534519,0.0445192,0.161731,1.80971,0,0.787115,0,0.0480769,0.0482692,0.895865,0.648558,0.508173,0.37375,0.321731,0.342981,0.365577,0.265,0.0423077,0.265,0.416154,0.322115,0.214135,0.00394231,0.145,0.265,0.0840385,0.265385,0.143173,0.209615,0.33375,0.252692,0,0,0.00518269,0.195394,0.0382308,0.24899,0.0682692,0.0243269,2.41262,12.2788,38.2692,0.317308
0.177582,0.0819231,0.286374,0,0.491044,0.0654945,0.116703,0.106209,0.0413736,0.122253,0.0310989,0.495604,0.0615385,0.0139011,0.0251099,0.310549,0.198956,0.193077,1.73066,0.0310989,0.87478,0.00554945,0.102637,0.0354396,0.471209,0.314505,0.227033,0.169505,0.0613736,0.102198,0.0497802,0.0435165,0.0839011,0.0435165,0.124725,0.133297,0.165824,0.00598901,0.100659,0.0520879,0.0506593,0.0266484,0.103132,0.0636264,0.276813,0.137308,0.00104396,0.0581319,0.0235,0.132747,0.0200989,0.298742,0.0808187,0.0219725,2.39641,16.6264,115.302,0.472527
0.0508197,0.108525,0.371311,0,0.64459,0.134754,0.271967,0.147377,0.0708197,0.240164,0.1,0.708689,0.0903279,0,0.062459,0.278852,0.263443,0.40459,2.22033,0.45459,1.33492,0.193607,0.180984,0.143115,0.343279,0.154098,0.0534426,0.141967,0.022459,0.13623,0.022459,0.022459,0.0262295,0.022459,0.0377049,0.055082,0.0972131,0,0.135246,0.0859016,0.017377,0.0201639,0.00590164,0,0.162951,0.047541,0,0,0.00431148,0.129902,0.00106557,0.310803,0.0700984,0.037082,5.68177,56.5246,149.213,0.655738
0.219062,0.405938,0.650312,0.0734375,0.365938,0.18125,0.319688,0.125625,0.314063,0.860625,0.215625,0.77125,0.14375,0.096875,0.270625,0.930625,0.3275,0.23875,1.85531,0.145,1.52562,0.0053125,0.193438,0.223438,0.299375,0.13875,0.0075,0,0,0.0228125,0,0,0.0421875,0,0.0225,0.0146875,0.12125,0.026875,0.0075,0.0228125,0,0.0228125,0.010625,0.0153125,0.110625,0.0446875,0,0.0240625,0.0094375,0.125656,0.00465625,0.753812,0.231156,0.0675,25.445,340.531,656.719,0.9375
0.0562745,0.211569,0.34,0,0.695686,0.183137,1.12078,0.266078,0.232941,0.491765,0.241765,0.650196,0.0303922,0.0209804,0.0180392,0.495686,0.823529,0.298824,2.18118,0.212353,1.67961,0.0168627,0.111765,0.108235,0.0529412,0.0154902,0.129216,0.0390196,0.00980392,0.00490196,0.141961,0,0,0.00568627,0.0664706,0.0103922,0.101176,0,0.0578431,0.372549,0,0.00392157,0,0.0054902,0.17098,0,0,0.0196078,0.0095098,0.149353,0.0116471,0.406412,0.0851961,0.0433333,27.1243,208.529,369.843,0.72549
0.0148023,0.0515819,0.243955,0,0.3,0.050452,0.0720904,0.0635593,0.00423729,0.146384,0.00694915,0.789831,0.0800565,0.123503,0,0.0901695,0.0255367,0.174463,2.0004,0.0125424,0.468079,0,0,0.060904,0.132542,0.0420339,0.401299,0.0577401,0.116045,0.0812429,0,0,0.0858757,0,0.0332203,0.020113,0.0656497,0.0245198,0.0937288,0,0.0589831,0.30452,0.0651977,0.110791,0.498079,0.28,0,0.0380791,0.0122655,0.0904972,0.0188531,0.308723,0.00538418,0,1.62458,4.49153,17.1695,0.112994
0.0717606,0.0603521,0.32993,0.00570423,0.391056,0.243028,0.110493,0.15838,0.033169,0.259859,0.0334507,0.539225,0.100563,0.00978873,0.00598592,0.227113,0.118944,0.177746,1.60113,0.0121127,1.17317,0,0.123521,0.127183,0.59,0.446549,0.20507,0.201338,0.114296,0.14507,0.0706338,0.051831,0.0909859,0.0496479,0.144296,0.127113,0.138732,0.00161972,0.0812676,0.0633803,0.0535915,0.0488732,0.0864789,0.0290141,0.282042,0.125704,0.0145775,0.01,0.0314648,0.152908,0.0261901,0.18107,0.0570563,0.0107113,2.10174,13.4085,139.528,0.450704
0.0879412,0.0568627,0.297157,0,0.214608,0.0690196,0.123824,0.0803922,0,0.229902,0.0477451,0.592353,0.0371569,0,0.0346078,0.146765,0.0820588,0.135882,1.58363,0.00911765,0.447451,0,0.052451,0.0326471,1.1051,0.608235,0.219902,0.342941,0.21902,0.376275,0.202451,0.112549,0.19451,0.112549,0.421569,0.178824,0.236176,0,0.291373,0.112549,0.0497059,0.251176,0.0554902,0.0984314,0.210196,0.505392,0,0.0153922,0.00763725,0.140167,0.00637255,0.263794,0.0696078,0.137784,2.47189,12.7745,50.7941,0.254902
0,0,0.0344118,0,0.345,0.0375294,0,0.0653529,0,0.0255294,0,0.0982353,0,0.0630588,0,0.0379412,0,0.0452353,0.203706,0,0.288706,0,0,0,0.542176,0.332941,0.309471,0,0.028,0,0.0735294,0,0,0,0,0.0452353,0,0.0869412,0,0,0,0.427471,0,0.444471,0.680529,0.294882,0,0.107824,0.00397059,0.0868941,0.0566765,0.170553,0,0,1.19942,1.62353,5.02941,0.0411765
0.0964,0.1206,0.3152,0,0.6012,0.1636,0.2214,0.0524,0.09,0.2398,0.098,0.3286,0.1786,0.0344,0.221,0.5688,0.122,0.2724,2,0.1274,1.0278,0,0.1642,0.2156,0.1124,0.0504,0.0714,0.0532,0,0.0296,0,0,0.0742,0,0.04,0.0446,0.0524,0,0.0686,0.0796,0.0052,0.0324,0.014,0.0386,0.2538,0.2494,0,0,0.0009,0.08962,0.00546,0.2679,0.09492,0.39856,5.3329,58.72,114.68,0.6
0.0209859,0.0207042,0.138732,0,0.25,0.0529577,0.0312676,0.103239,0.0469014,0.122817,0,0.726338,0.0360563,0.0276056,0,0.230845,0.0469014,0.104085,1.99268,0,0.524789,0,0.0949296,0.302113,0.317465,0.330704,0.192958,0.174507,0.211972,0.0671831,0.0661972,0,0.0502817,0,0.132535,0.028169,0.0670423,0,0.14493,0.0312676,0.172958,0.331831,0.0409859,0.156901,0.614507,0.132676,0,0.088169,0.080662,0.105958,0.0245775,0.383845,0.0516901,0.0685634,2.72575,11.6901,26.507,0.380282
0.146512,0.224651,0.420698,0,0.533721,0.169535,0.348953,0.122326,0.0652326,0.411512,0.131395,0.687093,0.112442,0.074186,0.052907,0.364884,0.403023,0.284535,1.99791,0.171512,1.17872,0.0189535,0.305349,0.0772093,0.227209,0.0747674,0.0140698,0.123837,0.00697674,0.084186,0.0116279,0.00697674,0.240465,0.00697674,0.111279,0.102442,0.0794186,0.0181395,0.00651163,0.0827907,0,0.042093,0.00604651,0.0172093,0.147209,0.0617442,0,0,0.0133488,0.0960698,0.00117442,0.52464,0.112965,0.0164535,5.14323,75.3372,198.802,0.732558
0.19156,0.110092,0.365413,0.00100917,0.32367,0.147523,0.0751376,0.196606,0.303486,0.288807,0.0922936,0.670092,0.0768807,0.104954,0.0742202,0.201651,0.334771,0.0776147,1.35954,0.204679,1.13642,0.288073,0.0855046,0.241927,0.872018,0.170275,0.0234862,0.0101835,0.00477064,0.0217431,0.0163303,0.00385321,0.103303,0.00486239,0.0163303,0.0622936,0.175596,0.0172477,0.0282569,0.0323853,0.0684404,0.103486,0.0142202,0.0144954,0.0498165,0.102752,0.00504587,0.0114679,0.110982,0.195092,0.0145872,0.277349,0.123615,0.0727706,4.15359,69.0917,616.761,0.53211
0.0816522,0.129391,0.338957,0.0104348,0.423043,0.107478,0.108696,0.130087,0.0515652,0.312957,0.0678261,0.527391,0.196522,0.034087,0.090087,0.194087,0.139217,0.262087,1.45557,0.0622609,0.86313,0.204957,0.146783,0.0813043,0.61913,0.309652,0.187304,0.114696,0.0953043,0.112435,0.0595652,0.0663478,0.0851304,0.0663478,0.0786957,0.0965217,0.172,0.0138261,0.0783478,0.0882609,0.013913,0.034087,0.0814783,0.0677391,0.126783,0.0610435,0,0.0184348,0.0372783,0.170496,0.0256783,0.175487,0.115478,0.0507913,3.01699,27.6522,243.748,0.530435
0.096,0.008,0.196,0.008,0.092,0.118,0,0.058,0.058,0.188,0.074,0.082,0.072,0,0.038,0.088,0.078,0.076,0.608,0.008,0.242,1.906,0.138,0.11,0,0,0,0,0,0,0,0,0,0.028,0,0.008,0,0,0.016,0,0,0,0,0,0.038,0,0,0,0.4302,2.0094,0.009,0.3924,0.375,0.4024,57.5034,2297.8,10648.8,1
0.0757143,0.0892308,0.206374,0,0.224286,0.0362637,0.12033,0.403956,0.120769,0.136923,0.0608791,0.271099,0.0114286,0.205385,0.00692308,0.466154,0.198681,0.138022,1.19022,0.0335165,0.724615,0.0321978,0.207473,0.0675824,0.292967,0.297363,0.171099,0.0828571,0,0.0437363,0.0172527,0.0259341,0.0502198,0.0259341,0.0583516,0.113187,0.118681,0,0.0320879,0.0242857,0,0.00835165,0.0220879,0.0207692,0.378681,0.03,0,0.0182418,0.00765934,0.14789,0.0105824,0.392143,0.114527,0.0067033,3.55871,25.7143,83.6044,0.725275
0.1525,0.13,0.278824,0.0360294,0.216765,0.101176,0.148382,0.0727941,0.0166176,0.219706,0.0414706,0.475588,0.0852941,0,0.0182353,0.460441,0.171029,0.0727941,1.67471,0.00455882,0.853824,0.0836765,0.246029,0.105,0.588824,0.399412,0.291912,0.138529,0.0816176,0.130588,0.0726471,0.0807353,0.0825,0.113824,0.123971,0.132206,0.0639706,0,0.137059,0.0841176,0.00485294,0.0235294,0.0161765,0.0388235,0.18,0.0314706,0,0.0375,0.0179706,0.159912,0.0196912,0.408912,0.0805294,0.0393529,3.58382,32.9559,128.515,0.573529
0.156806,0.0579861,0.231944,0,0.247014,0.0744444,0.0534722,0.0591667,0.0117361,0.108264,0,0.558264,0.0772917,0.0223611,0.00458333,0.228264,0.0325694,0.138056,1.79979,0.0108333,0.558125,0,0.00979167,0.0290278,0.340694,0.346875,0.301597,0,0.167917,0.0551389,0.00805556,0,0.0477778,0,0.00944444,0.0627083,0.206597,0.0138194,0.0386111,0.00694444,0.0740278,0.265208,0.0108333,0.112569,0.415208,0.16625,0.00708333,0.0375,0.0204306,0.107687,0.00946528,0.129639,0.01675,0.00770139,1.52308,4.89583,33.2083,0.138889
0.314865,0.276757,0.336486,0.00351351,0.248919,0.0745946,0.0389189,0.149459,0.425676,0.528919,0.214054,0.579189,0.367838,0.723243,0.0859459,0.259189,0.332432,0.11027,2.41297,0.0359459,1.0927,0.0454054,0.393784,0.371622,0.0959459,0.0994595,0.00162162,0.000540541,0.000540541,0,0,0,0.123243,0,0.00189189,0.0321622,0.133784,0.00297297,0.00243243,0.0391892,0.00432432,0.00216216,0.00621622,0.00378378,0.0594595,0.0194595,0.00189189,0.0156757,0.0328378,0.100892,0.0108919,0.335595,0.430541,0.0987568,7.64754,346.757,2344.32,0.864865
0.0745122,0.0304878,0.228293,0,0.104878,0.0435366,0,0,0.0220732,0.334146,0,0.126585,0.0676829,0,0,0.138902,0,0.0264634,6.8639,0,1.19695,0,0,0.271341,0.0220732,0,0.904146,0,0.045122,0,0,0,0.0762195,0,0,0,0,0,0.0529268,0,0,0,0,0,1.1728,0.690732,0.0264634,0.0580488,0.0139146,0.0581707,0,0.17172,0,0,1.18159,1.80488,6.82927,0.0731707
0.0424667,0.032,0.329867,0,0.3238,0.0355333,0.0451333,0.0134667,0.0338667,0.1054,0.0341333,0.9102,0.0684667,0.0368667,0.0113333,0.1186,0.0453333,0.0946,1.9846,0.0337333,0.474667,0,0,0.0246667,0.266067,0.2562,0.351733,0,0.145867,0.0634667,0,0,0.0701333,0,0.0148,0.0122667,0.148267,0.00933333,0.0915333,0.0064,0.0430667,0.278,0.0176,0.149067,0.398133,0.1634,0,0.0436,0.0248067,0.155173,0.000333333,0.145613,0.00795333,0.00082,1.55199,4.57333,24.3667,0.0866667
0.124369,0.15301,0.389223,0.138932,0.297961,0.119612,0.088835,0.185922,0.42767,0.51534,0.123107,0.532718,0.128447,0.0634951,0.135728,0.270291,0.145631,0.371553,1.42854,0.176796,0.934078,0.91165,0.12466,0.198058,0.470777,0.150583,0.0302913,0.0246602,0.00553398,0.0266019,0.0197087,0.00184466,0.122816,0.00368932,0.124757,0.0316505,0.136505,0.00174757,0.0326214,0.0313592,0.00932039,0.0270874,0.00524272,0.0121359,0.0366019,0.0365049,0.00640777,0.0286408,0.0586214,0.106913,0.043534,0.362107,0.180175,0.104767,4.71909,77.699,971.097,0.68932
0.0928986,0.0873913,0.265942,0.277681,0.258841,0.0771014,0.065942,0.0634783,0.295217,0.362899,0.0817391,0.461304,0.134783,0.145797,0.093913,0.283913,0.0591304,0.246812,1.34826,0.248696,0.882464,0.87,0.0985507,0.0943478,0.372899,0.174783,0.0310145,0.0185507,0.00855072,0.016087,0.0324638,0.00130435,0.0776812,0.00130435,0.10058,0.0236232,0.166522,0.00057971,0.0166667,0.0389855,0.00971014,0.0353623,0.00869565,0.0111594,0.0413043,0.0491304,0.015942,0.0382609,0.0344928,0.153725,0.0202754,0.224087,0.127522,0.104116,6.15028,101.159,1231.72,0.594203
0,0,0,0,0,0,0,0,0,0,0,0,0,0,0,0,0,0,0,0,0,0,0,0,0,0,26.666,0,0,0,0,0,0,0,0,0,0,0,0,0,0,0,0,0,0,0,0,0,0,0,0,0,0,0,1.59575,2.8,5.1,0
0.411935,0.124032,0.484194,0,0.155484,0.0635484,0.152903,0.0812903,0.03,0.125806,0.407581,1.02274,0,0.0566129,0,0.269839,0.106774,0.0875806,1.34919,0,3.20823,0,0,0.336613,0.434516,0.184677,0.122419,0.136613,0.0503226,0.065,0,0.081129,0.0191935,0.081129,0.0445161,0,0.240806,0,0.0609677,0,0,0.0890323,0,0.0187097,0.0619355,0.0519355,0,0.0391935,0.0196774,0.146823,0,0.554823,0.0803387,0.00306452,4.53795,26.8871,57.9194,0.5
0,0,0,0,0,0,0,0,0,0,0,0,0,0,0,0.454545,0,0,0,0,0,0,0,0,0,0,19.6964,0,0,0,0,0,0,0,0,0,0,0,0,0,0,0,0,0,0,0,0,0,0,0,0,0,0,0,1.06533,1.22727,5.14773,0
0.30617,0.144894,0.280426,0.0917021,0.0723404,0.106809,0.0193617,0.139787,0.221064,0.399574,0.144681,0.630213,0.341064,0.652766,0.0255319,0.158936,0.276596,0.12,1.86936,0.0476596,0.868511,0.0334043,0.447021,0.28766,0.0951064,0.0604255,0.00510638,0.00148936,0.00212766,0.00382979,0,0,0.309362,0,0,0.0297872,0.176383,0.00148936,0.00659574,0.017234,0.0246809,0.00765957,0.00446809,0.0159574,0.0421277,0.0568085,0.00978723,0.0502128,0.0292553,0.115766,0.00757447,0.24734,0.329319,0.0877872,5.44715,185.447,3357.47,0.744681
0.153478,0.124783,0.265435,0.00804348,0.295435,0.106304,0.0395652,0.230435,0.203696,0.299348,0.0923913,0.540435,0.148261,0.0695652,0.0623913,0.32413,0.210435,0.185652,1.49261,0.128696,0.707826,0.652609,0.261522,0.233478,0.461087,0.0893478,0.00586957,0.00543478,0.00326087,0.023913,0.0104348,0,0.0884783,0.00282609,0.0106522,0.118043,0.160217,0.00934783,0.0213043,0.0245652,0.0193478,0.00326087,0.0073913,0.0245652,0.0297826,0.0973913,0.0023913,0.0397826,0.0394565,0.123587,0.0373696,0.200739,0.163326,0.101739,5.77274,124.522,1677.87,0.543478
0.106752,0.132735,0.249744,0.795385,0.394957,0.130427,0.0318803,0.123932,0.224957,0.148462,0.0691453,0.569573,0.124957,0.0321368,0.0186325,0.192222,0.25188,0.131795,1.68906,0.0982906,0.76906,0.453162,0.181624,0.124957,0.599402,0.132393,0.0750427,0.0230769,0.0376923,0.0244444,0.00982906,0.0178632,0.0416239,0.0110256,0.0276068,0.074188,0.116581,0.0462393,0.0222222,0.0311966,0.0212821,0.0395726,0.031453,0.00615385,0.0704274,0.052735,0.00752137,0.0221368,0.154393,0.122009,0.0107607,0.195222,0.103684,0.0542222,4.21847,44.2222,424.889,0.547009
0.124545,0.127355,0.288182,0,0.219421,0.0415702,0.17405,0.0496694,0.0266942,0.22686,0.05,0.580413,0.0963636,0,0.0266942,0.29,0.104876,0.235207,1.72694,0.0271901,0.639174,0,0.0627273,0.0103306,0.693884,0.287769,0.196694,0.152562,0.105124,0.180496,0.0656198,0.0187603,0.183719,0.0187603,0.138595,0.0927273,0.189917,0.013719,0.0471074,0.0584298,0.00628099,0.182975,0.0300826,0.0843802,0.199752,0.128678,0,0.0301653,0.0202893,0.143149,0.00534711,0.176562,0.0255372,0.14781,1.84926,7.69421,56.8099,0.264463
0,0,0.0369444,0,0.0369444,0,0,0,0,0,0,0,0,0,0,0,0,0.275278,0,0,0.0369444,0,0,0,11.4319,2.95361,2.02889,2.30417,2.02889,2.30417,2.30417,2.02889,0,2.02889,2.30417,2.30417,0.0369444,0.111111,0.0369444,2.02889,0,0.111111,0,0,1.12139,0,0,0,0.0240278,0.565167,0.006,0.0505556,0,0,3.43781,13.0556,28.3056,0
0.121032,0.0980159,0.27119,0.0996032,0.350794,0.104048,0.0684921,0.110556,0.205794,0.336032,0.0956349,0.771032,0.131111,0.083254,0.0543651,0.19619,0.163492,0.184127,1.5854,0.0738889,0.972222,0.591508,0.200079,0.10746,0.60254,0.182937,0.0169841,0.0238095,0.015873,0.0289683,0.00849206,0.00150794,0.105079,0.00642857,0.0279365,0.066746,0.126905,0.012619,0.0150794,0.00698413,0.0464286,0.0719048,0.00738095,0.0150794,0.0692857,0.235,0.0203175,0.0185714,0.0377937,0.140659,0.0177698,0.223365,0.0743651,0.080754,4.45874,58.9206,515.238,0.603175
0.134724,0.137559,0.389213,0.022126,0.314882,0.0727559,0.109291,0.158583,0.112598,0.330709,0.0687402,0.494488,0.0972441,0.0402362,0.0629921,0.302362,0.220315,0.24748,1.64945,0.186142,0.962205,0.717874,0.151102,0.0804724,0.515354,0.223622,0.0833858,0.085748,0.0555118,0.0630709,0.0487402,0.0218898,0.0455906,0.0218898,0.0637795,0.0603937,0.177402,0.00685039,0.0403937,0.0694488,0.0255118,0.0461417,0.043937,0.0565354,0.135906,0.192205,0.0228346,0.0483465,0.264197,0.142921,0.0142913,0.313276,0.159945,0.171315,4.37238,54.6693,342.094,0.566929
0.0948951,0.0599301,0.222587,0,0.27035,0.0756643,0.144196,0.0616783,0.0138462,0.179091,0.0523776,0.660979,0.105105,0.0194406,0.0281818,0.162797,0.136154,0.107483,1.81818,0.0218182,0.570769,0,0.0688811,0.0351748,0.355804,0.185175,0.240839,0.0637762,0.0434266,0.141888,0.0339161,0.016014,0.141119,0.016014,0.055035,0.100979,0.167622,0.00384615,0.108112,0.0240559,0.115455,0.156573,0.0306993,0.123636,0.263077,0.141678,0,0.0586014,0.015042,0.120112,0.00976224,0.235077,0.0392238,0.00766434,1.64601,6.44056,43.9021,0.181818
