0.104406,0.102657,0.165944,0,0.209301,0.0505594,0.129021,0.0616783,0.018042,0.22007,0.0574825,0.613986,0.145804,0.0283916,0.0281818,0.281888,0.143007,0.103706,1.75573,0.0186713,0.646923,0,0.0623077,0.026014,0.538462,0.312168,0.35007,0.164196,0.114615,0.224406,0.111678,0.0874825,0.182797,0.0874825,0.216154,0.167692,0.207273,0.00384615,0.207972,0.0955245,0.125524,0.233217,0.0901399,0.155175,0.251748,0.152308,0,0.0395105,0.0135594,0.137294,0.0114336,0.233692,0.108671,0.009,1.88099,8.16084,44.7972,0.202797
0.135429,0.0982857,0.404714,0.0254286,0.303286,0.0995714,0.0568571,0.114714,0.197571,0.325857,0.111,0.483429,0.135286,0.036,0.110714,0.289429,0.181714,0.233429,1.53814,0.112429,0.858714,0.549143,0.214286,0.113571,0.407,0.155714,0.0851429,0.122429,0.0532857,0.057,0.0377143,0.0277143,0.0334286,0.0277143,0.0661429,0.078,0.0984286,0.0545714,0.0517143,0.0945714,0.0132857,0.102286,0.0334286,0.00457143,0.0945714,0.0582857,0.0215714,0.0524286,0.247614,0.152471,0.00862857,0.268243,0.0890714,0.0849571,3.4262,41.9571,374.471,0.557143
0.112549,0.0394118,0.135686,0,0.206078,0.0445098,0.172941,0.58549,0.0743137,0.0570588,0.044902,0.328627,0,0.243922,0,0.20451,0.262353,0.104314,1.03667,0.0284314,0.58451,0.0392157,0.207255,0.0601961,0.205686,0.206471,0.0954902,0.106078,0,0.0423529,0,0.0115686,0.0145098,0.0115686,0.0737255,0.131569,0.131176,0,0.0178431,0,0,0,0,0.0292157,0.523529,0,0,0.032549,0.00754902,0.151196,0.00519608,0.211098,0.170373,0.0119608,3.75357,24.9412,78.549,0.745098
0,0,0,0,0,0,0,0,0,0,0,0,0,0,0,0,0,0,0,0,0,0,0,0,0,0,26.666,0,0,0,0,0,0,0,0,0,0,0,0,0,0,0,0,0,0,0,0,0,0,0,0,0,0,0,1.59575,2.8,5.1,0
0,0.0868,0.2144,0,0.6288,0.0224,1.0892,0.5316,0.4428,0.5128,0.4332,0.7672,0,0.0428,0.0096,0.8368,1.458,0.1344,1.5164,0.4332,2.088,0,0.1404,0.0428,0,0,0.252,0,0,0,0.252,0,0,0,0.056,0,0.1764,0,0.0428,0.76,0,0,0,0,0.0492,0,0,0,0,0.16376,0.02376,0.37488,0.0554,0.03992,42.636,245.16,355.04,0.64
0.554,0.7155,0.843,0,0.321,0.2065,0.0335,0.4395,0.3985,1.5045,0.045,1.664,0.122,0.3395,0.345,0.359,0.057,0.6405,2.0415,0.3615,3.676,0.019,0.4405,0.231,0,0,0,0,0,0,0,0,0.0165,0,0.057,0,0.0185,0,0,0,0,0,0,0,0,0,0,0,0.0081,0.16825,0,1.10565,0.1778,0.0687,44.7956,633.35,839.7,1
0,0,0,0,0,0,0,0,0,0,0,0,0,0,0,0,0,0,0,0,0,0,0,9.09,0,0,0,0,0,0,0,0,0,0,0,0,0,0,0,0,0,0,0,0,0,0,0,0,0,0.934,0,0,0,0,3,9,18,0
0.0963158,0.254211,0.483158,0,0.372632,0.180526,0.184211,0.252368,0.0673684,0.158421,0.0813158,0.611579,0.101842,0,0.0584211,0.312632,0.193947,0.270263,2.095,0.385789,1.46105,0,0.383421,0.110263,0.495263,0.335789,0.0371053,0.0871053,0.0113158,0.0626316,0.0113158,0.0113158,0.0642105,0.0113158,0.0923684,0.0407895,0.163947,0.0144737,0.0942105,0.0828947,0.00815789,0.0652632,0.0347368,0.00763158,0.113158,0.0221053,0,0.0613158,0.0132632,0.0667632,0.00644737,0.258132,0.140211,0.0549737,3.55703,38.1842,173.289,0.684211
0.136056,0.252254,0.240563,0,0.379155,0.0907042,0.102113,0.0960563,0.0276056,0.325352,0.0876056,0.970423,0.11169,0.0333803,0.0160563,0.270563,0.0842254,0.178732,1.86183,0.00985915,0.703521,0,0.0164789,0.0730986,0.597042,0.48831,0.25338,0.336338,0.101972,0.151549,0.115493,0.0921127,0.231549,0.0921127,0.116479,0.20493,0.155775,0,0.118169,0.0804225,0.0159155,0.0602817,0.086338,0.226056,0.132535,0.0301408,0,0.0604225,0.00609859,0.157141,0.0116479,0.101817,0.0258732,0.00952113,1.86094,8.8169,89.169,0.225352
0.0764103,0.132564,0.197949,0,0.299487,0.266667,0.120513,0.0194872,0.0761538,0.275128,0.0266667,0.54,0.0638462,0,0,0.124872,0.0474359,0.137179,1.31154,0,0.788205,0.0317949,0.0446154,0.0517949,0.577436,0.297179,0.383846,0.135897,0.172308,0.123846,0.0835897,0.0917949,0.231282,0.0917949,0.152564,0.0946154,0.280256,0,0.155641,0.0782051,0.0182051,0.0723077,0.111538,0.0166667,0.255128,0.0464103,0,0.0684615,0.00366667,0.251692,0.0457179,0.389846,0.0942564,0.0328974,3.63038,28.9487,154.949,0.435897
0.30617,0.144894,0.280426,0.0917021,0.0723404,0.106809,0.0193617,0.139787,0.221064,0.399574,0.144681,0.630213,0.341064,0.652766,0.0255319,0.158936,0.276596,0.12,1.86936,0.0476596,0.868511,0.0334043,0.447021,0.28766,0.0951064,0.0604255,0.00510638,0.00148936,0.00212766,0.00382979,0,0,0.309362,0,0,0.0297872,0.176383,0.00148936,0.00659574,0.017234,0.0246809,0.00765957,0.00446809,0.0159574,0.0421277,0.0568085,0.00978723,0.0502128,0.0292553,0.115766,0.00757447,0.24734,0.329319,0.0877872,5.44715,185.447,3357.47,0.744681
0.155208,0.1275,0.327917,0.0241667,0.173958,0.146042,0.17625,0.0460417,0.00791667,0.210625,0.0497917,0.434792,0.123542,0,0.0258333,0.58375,0.185625,0.0679167,1.78104,0.00645833,0.895625,0.118542,0.202917,0.130625,0.573542,0.402083,0.281875,0.140625,0.0975,0.163333,0.089375,0.089375,0.088125,0.1175,0.131458,0.136875,0.0235417,0,0.169167,0.09875,0.006875,0,0,0,0.221875,0.0445833,0,0.053125,0.0168333,0.140708,0.0128125,0.486063,0.04675,0.0532917,3.79073,35.1875,128.604,0.583333
0,0,0,0,1.28875,0,0,0,0,0,0,3.475,0,0,0,0,0,0,0,0,0,0,0,0,0.80875,0.80875,0,0,9.02375,0,0,0,0,0,0,0,0,0,0,0,0,8.4,0,0,0,0,0,0,0,0,0,0.213,0,0,1.41112,3.375,13.75,0
0.1125,0.17125,0.5475,0.822083,0.429167,0.245,0.38125,0.269167,0.0545833,0.313333,0.200833,0.482083,0.0741667,0,0,0.4825,0.46375,0.355417,2.29917,0.704583,1.77208,0,0.165417,0.2875,0.02375,0.02375,0,0,0,0,0,0,0.01125,0,0,0.0304167,0.131667,0,0.0995833,0,0,0,0,0,0.128333,0.0516667,0,0,0.01475,0.121458,0.0355,0.453417,0.094125,0.0379583,8.09254,140.208,284.583,0.958333
0.118396,0.0583019,0.244811,0.0125472,0.287453,0.0583962,0.0834906,0.0495283,0.0217925,0.099717,0.0458491,0.588585,0.178962,0.0103774,0.0436792,0.0849057,0.168774,0.248019,1.64019,0.0242453,0.583491,0,0.0508491,0.0227358,0.699623,0.34566,0.204906,0.21283,0.0912264,0.195755,0.0731132,0.0545283,0.136509,0.0545283,0.136132,0.130377,0.211132,0.00433962,0.0936792,0.0670755,0.0460377,0.107075,0.113019,0.154151,0.250755,0.162264,0.0166038,0.0241509,0.0159623,0.19383,0.0193585,0.277491,0.0265283,0.0119623,1.82745,8.68868,71.3208,0.264151
0.105342,0.0394521,0.0972603,0,0.131918,0.0393151,0.155342,0.193562,0.0356164,0.194384,0.0520548,0.432877,0.0616438,0.0163014,0.0542466,0.149452,0.0712329,0.0726027,1.23014,0,0.651233,0,0.069589,0.0784931,0.704247,0.319178,0.079863,0.349863,0.0731507,0.0124658,0.0156164,0.00958904,0.294247,0.00958904,0.183288,0.0610959,0.371781,0,0.0947945,0,0.06,0.107123,0.0919178,0.0441096,0.467808,0.568219,0,0.0543836,0.0167123,0.239315,0.0147945,0.257247,0.0973699,0.00271233,3.03963,18.2877,66.3288,0.465753
0.110746,0.069403,0.223134,0.140597,0.518806,0.146716,0.0422388,0.121194,0.114627,0.15597,0.0735821,0.616119,0.16403,0.0407463,0.018209,0.221791,0.318507,0.110896,1.84642,0.0689552,0.700896,0.636716,0.21209,0.0885075,0.765075,0.214925,0.0377612,0.0316418,0.0408955,0.0304478,0.0141791,0.0141791,0.0614925,0.0141791,0.0452239,0.08,0.142239,0.0331343,0.0168657,0.0162687,0.0371642,0.0447761,0.0352239,0.00626866,0.0773134,0.0695522,0.0131343,0.0226866,0.192119,0.110224,0.0128657,0.138328,0.110164,0.0623284,3.29527,35.597,433.463,0.522388
0.152778,0.121111,0.258056,0.0102778,0.195833,0.0908333,0.0283333,0.233889,0.198889,0.2725,0.0933333,0.476389,0.171389,0.0683333,0.0636111,0.266111,0.187778,0.186111,1.35028,0.139444,0.697222,0.706944,0.219444,0.216389,0.528333,0.0975,0.00694444,0.00361111,0.00416667,0.0283333,0.01,0,0.112222,0,0.0102778,0.118611,0.165833,0.0125,0.0241667,0.0288889,0.0247222,0.00472222,0.00944444,0.0266667,0.0372222,0.110833,0.00305556,0.045,0.0486667,0.126222,0.0418611,0.182639,0.12025,0.0944167,5.42706,115,1760.22,0.472222
0,0,0,0,0.194583,0,0,0,0,0,0,0.115417,0,0,0,0,0,0.2975,0.355,0,0.109583,0,0,0,7.77917,3.8875,3.59,3.8875,3.70583,3.8875,3.8875,3.59,0,3.59,3.8875,3.8875,0,0,0,3.59,0,0.17,0,0.109583,0,0,0,0,0,1.02562,0,0.0199583,0,0,3.07167,10.9167,32.0833,0
0.521224,0.123878,0.570816,0,0.152041,0.0422449,0.201224,0,0,0.486939,0.44898,1.18714,0,0.0473469,0,0.199592,0.0236735,0.0444898,1.39245,0,3.82143,0,0,0.467551,0.186327,0.136122,0.123061,0.0473469,0,0.0822449,0,0.102653,0.0432653,0.102653,0.0244898,0,0.0328571,0,0.0463265,0.084898,0,0.0489796,0,0.0236735,0.0783673,0.0236735,0,0.0495918,0,0.0651224,0,0.544878,0.0675306,0.0161633,5.0632,27.1429,53.5306,0.44898
0,0,0,0,0,0,0,0,0,0,0,0,0,0,0,0,0,0,15.77,0,4.76,0,0,0,0,0,0,0,0,0,0,0,0,0,0,0,0,0,0,0,0,0,0,0,6.84333,0,0,0,0,0,0,0,0,0,1,1,4,0
0.0904938,0.143951,0.31284,0.01,0.417407,0.135309,0.111481,0.0737037,0.0392593,0.246173,0.0409877,0.635185,0.0702469,0.00654321,0.00481481,0.202469,0.143457,0.165185,1.41123,0.0258025,0.927037,0,0.0716049,0.0809877,0.780494,0.401728,0.274938,0.176914,0.139506,0.136049,0.0916049,0.103086,0.0774074,0.103086,0.128889,0.129506,0.222593,0,0.127531,0.111852,0.0576543,0.0735802,0.145432,0.0354321,0.24358,0.142346,0.0132099,0.00641975,0.0372716,0.163716,0.0267037,0.100247,0.0421975,0.00922222,2.10757,14.4074,162.432,0.37037
0.0689474,0.0318421,0.327632,0.0197368,0.360263,0.0642105,0.0960526,0.152368,0.0107895,0.343947,0.125526,0.436053,0.197105,0.00394737,0.0402632,0.329474,0.123947,0.157368,1.21974,0.0342105,0.791316,0.107895,0.159737,0.0907895,0.592105,0.224474,0.198947,0.0605263,0.0994737,0.0918421,0.0510526,0.0510526,0.0760526,0.0510526,0.0597368,0.0892105,0.150263,0.04,0.0723684,0.0836842,0.00421053,0.00973684,0.102632,0.0634211,0.123947,0.0344737,0,0.0115789,0.0285526,0.1635,0.0299211,0.154263,0.106316,0.0317105,2.57297,19.6316,232.237,0.473684
0.117857,0.157679,0.693036,0.163571,0.661607,0.622321,0.324643,0.168393,0.575714,0.406071,0.243214,0.716964,0.180357,0.0953571,1.15696,0.350714,0.153929,0.909464,1.75214,0.830893,1.03696,0.103214,0.619286,0.165714,0.00160714,0.00160714,0,0,0,0,0,0,0.00375,0,0.00517857,0,0.00517857,0,0,0.0480357,0,0,0.1,0.0142857,0.0535714,0.0435714,0,0,0.0103214,0.0895179,0.00133929,0.377946,0.151214,0.0239107,15.5029,656.5,1405.09,1
0,0,0,0,0,0,0,0,0,0,0,0,0,0,0,0,0,0,0,0,0,0,0,0,0,0,0,0,0,0,0,0,0,0,20,0,0,0,0,0,0,0,0,0,0,0,0,0,0,0,0,0,0,0,2.5,7,10,0
0.142222,0.0512698,0.241746,0.0153968,0.244127,0.133492,0.0431746,0.075873,0.0419048,0.124444,0.0447619,0.525556,0.124127,0.0452381,0.00142857,0.142222,0.153492,0.120952,1.26492,0.0890476,0.486508,0.44619,0.173651,0.0666667,0.958254,0.302063,0.113968,0.0507937,0.0690476,0.0634921,0.0779365,0.0128571,0.123492,0.0128571,0.0455556,0.0901587,0.255556,0.00301587,0.0268254,0.0153968,0.0785714,0.0528571,0.0457143,0.102222,0.0966667,0.383492,0,0.0153968,0.107857,0.174032,0.0306349,0.13827,0.0722381,0.060619,2.94389,22.9048,311.778,0.412698
0.0447059,0.0801961,0.293137,0.0027451,0.319608,0.124118,0.127255,0.0690196,0.0601961,0.237451,0.0603922,0.358824,0.251176,0.06,0.129412,0.0717647,0.065098,0.312549,1.29098,0.0705882,0.694902,0.636667,0.215882,0.0719608,0.87902,0.347647,0.182353,0.129608,0.107059,0.0829412,0.0780392,0.0933333,0.087451,0.0933333,0.0784314,0.122353,0.185294,0,0.0782353,0.109608,0,0.0521569,0.108431,0.0307843,0.148039,0.0827451,0,0.0115686,0.0767647,0.203765,0.0401176,0.154118,0.167059,0.0722549,3.13724,20.4902,263.49,0.54902
0,0,0.0409375,0,0.484844,0.117344,0.09875,0.12875,0,0.0278125,0,0.0940625,0.0459375,0.271094,0,0.305937,0.024375,0.03,0.215,0.076875,0.145156,0,0.033125,0,0.177969,0.0853125,0.52625,0,0.0503125,0,0,0,0.424688,0,0,0.015625,0.0835937,0,0.1275,0,0.03125,0.542031,0.111562,0.265,0.585469,0.138906,0,0,0.0289062,0.122453,0.057625,0.109516,0,0,1.94848,5.57812,15.5781,0.09375
0.211449,0.138986,0.34029,0,0.400145,0.187681,0.0775362,0.185072,0.383478,0.38029,0.0926087,0.614493,0.0833333,0.166087,0.113913,0.162464,0.338261,0.0646377,1.53884,0.226087,1.13159,0.455072,0.067971,0.288986,0.593333,0.154493,0.0285507,0.00942029,0.00608696,0.0226087,0.0130435,0.00608696,0.094058,0.00608696,0.0130435,0.0492754,0.122319,0.00855072,0.0149275,0.0337681,0.0265217,0.17087,0.0205797,0.01,0.0673913,0.0736232,0.00797101,0.00724638,0.119652,0.161812,0.0128406,0.279232,0.152899,0.0485217,4.33761,79.5942,640.29,0.536232
0.116129,0.160323,0.302258,0,0.34871,0.111452,0.250645,0.138226,0.0312903,0.25371,0.0825806,0.265968,0.0306452,0.0693548,0.0345161,0.425323,0.137742,0.326452,2.00984,0.0708065,0.925968,0.0241935,0.101613,0.0896774,0.854355,0.487258,0.407581,0.265161,0.068871,0.166774,0.068871,0.183548,0.0627419,0.183548,0.154194,0.121129,0.171129,0,0.164516,0.068871,0.0383871,0.056129,0.156935,0.0475806,0.339677,0.470806,0.0374194,0.0143548,0.0227419,0.143968,0.013129,0.277274,0.0327581,0.133839,2.32515,16.3065,94.6129,0.451613
0,0,0,0,0,0,0,0,0,0,0,0,0,0,0,0,0,0,0,0,0,0,0,0,16.3043,1.09857,0,0,0,0,0,0,0,0,0,0,0,0,0,0,0,0,0,0,2.88357,0,0,0,0,0,0,0.0802143,0,0,4.16179,16.5714,25.5,0
0.113619,0.064,0.26619,0,0.229619,0.078381,0.0287619,0.014381,0.00895238,0.0773333,0,0.76181,0.08,0.0293333,0.00628571,0.182857,0.0122857,0.14581,1.94914,0.00638095,0.639143,0,0,0.0398095,0.241143,0.287429,0.241429,0,0.173619,0.0250476,0.0110476,0,0.0655238,0,0,0.0291429,0.183524,0.0100952,0.046381,0,0.113143,0.340286,0.0148571,0.181619,0.454952,0.182381,0,0,0.0272762,0.114952,0.0107143,0.128629,0.0151048,0.00766667,1.49458,4.72381,30.6952,0.104762
0.133382,0.215441,0.437941,0.629559,0.265294,0.123235,0.0511765,0.111912,0.265441,0.309118,0.0711765,0.812353,0.216912,0.107206,0.136176,0.149559,0.137353,0.196618,1.7575,0.157941,0.951912,0,0.134706,0.183382,0.705,0.136324,0.0195588,0.0233824,0.0144118,0.0191176,0.0183824,0.00235294,0.0735294,0.00235294,0.0344118,0.0651471,0.0867647,0.00205882,0.0183824,0.0355882,0.00235294,0.0747059,0.0375,0.0108824,0.0267647,0.00176471,0,0.0226471,0.147044,0.131324,0.0189265,1.08346,0.264162,0.0177059,4.04475,58.7059,752.456,0.602941
0.122051,0.0734615,0.278205,0.00358974,0.245897,0.0755128,0.0294872,0.154744,0.173718,0.184359,0.0584615,0.690897,0.108205,0.108846,0.0171795,0.136538,0.202051,0.0562821,1.22705,0.0742308,1.2341,0.00217949,0.140641,0.0980769,1.14282,0.180385,0.0169231,0.00217949,0.0103846,0.02,0.0124359,0,0.128718,0.00141026,0.0114103,0.0752564,0.203462,0.0241026,0.0311538,0.0175641,0.113846,0.0679487,0.00307692,0.0214103,0.0674359,0.355256,0.00346154,0.0128205,0.0762692,0.191872,0.0229359,0.131423,0.0565769,0.0721026,3.49947,46.2308,563.141,0.487179
0.120684,0.0305128,0.252991,0,0.149744,0.0915385,0.0654701,0.171709,0.0276068,0.239573,0.0259829,0.496325,0.0618803,0.00196581,0.00521368,0.202735,0.0960684,0.278803,1.48291,0.0229915,0.656923,0,0.00615385,0.0126496,1.00513,0.449829,0.324103,0.291453,0.13547,0.268205,0.121709,0.0522222,0.298376,0.0522222,0.193419,0.166923,0.285641,0.0160684,0.133761,0.0969231,0.0311111,0.139145,0.0738462,0.110427,0.217179,0.118034,0,0.0154701,0.0247607,0.159342,0.0232991,0.178094,0.0399231,0.166906,1.98813,9.51282,61.4188,0.264957
0.1425,0.380833,0.261667,0,0.358333,0.215,0.0825,0.17,0.160833,0.590833,0.1525,0.504167,0.256667,0.518333,0.13,0.226667,0.229167,0.303333,2.07833,0.405,1.17917,0.930833,0.445,0.22,0.161667,0,0.0791667,0,0,0,0.0791667,0,0.0125,0,0.09,0.035,0.164167,0,0.0566667,0,0,0,0.0408333,0,0.0616667,0,0,0.0183333,0.00808333,0.0670833,0.0975833,0.332833,0.164917,0.1845,13.9807,327.083,1146.42,0.666667
0.21,0.448824,0.646471,0.0823529,0.291176,0.0241176,0.437647,0.0335294,0.169412,0.931176,0.145294,0.911765,0.0476471,0.0776471,0.177059,1.51235,0.374706,0.0370588,1.97235,0.135882,1.54941,0,0.0482353,0.146471,0.0317647,0.0470588,0.0170588,0.0341176,0,0,0,0,0,0.0170588,0.0341176,0.0135294,0.0358824,0,0,0,0,0,0,0,0.120588,0,0,0.0452941,0.0170588,0.0634706,0,0.830765,0.316118,0.0754118,40.6247,379.294,549.412,0.882353
0.0485714,0.0932857,0.426857,0,0.306143,0.0111429,0.0758571,0.0851429,0.0232857,0.109,0.0312857,0.471,0.122571,0.0541429,0,0.182429,0.046,0.233,1.58414,0,0.524714,0,0,0,0.129143,0.174714,0.391571,0,0.068,0.0542857,0,0,0.138,0,0,0.00971429,0,0.0491429,0.0314286,0.0137143,0.0588571,0.251857,0.0745714,0.148714,0.296143,0.132857,0,0.0357143,0.0243571,0.166086,0.0156857,0.124357,0,0.00175714,1.32766,3.08571,19.8857,0.114286
0.11125,0.320357,0.404107,0,0.116607,0.0760714,0.192321,0.120357,0.0873214,0.534286,0.0273214,0.525893,0.0803571,0.0508929,0,0.202143,0,0.0508929,2.81875,0,0.997679,0,0.02,0.147321,0.27625,0.065,0.468929,0.337321,0.0233929,0.0233929,0.0810714,0,0.0582143,0,0,0.0742857,0.395893,0.00732143,0.629464,0,0.0596429,0,0.0335714,0.123214,0.503393,0.420357,0,0,0.0457857,0.232821,0.00451786,0.197,0.0565714,0.0293929,2.79448,19,39.1071,0.375
0,0,0,0,0.44625,0,0,0,0,0,0,0,0,0,0,0,0,0,1.86375,0,0,0,0,0,0,0,0.568125,0,0,0,0,0,0,0,0,0,0,0,0.694375,0,0,0,0,0,11.1756,0.480625,0,0,0,0.19125,0,0.578625,0,0,1.30406,2.4375,7.125,0
0.0653846,0.0365934,0.21033,0,0.402527,0.104945,0.0541758,0.0951648,0.0304396,0.167692,0.0425275,0.633077,0.0426374,0.00945055,0.116374,0.216484,0.0812088,0.109451,1.23626,0.00461538,0.670879,0.0353846,0.0868132,0.0596703,0.706593,0.421648,0.183516,0.318352,0.13011,0.137582,0.0785714,0.0517582,0.058022,0.0517582,0.134725,0.200769,0.191099,0.0175824,0.123626,0.077033,0.0631868,0.0682418,0.118901,0.136484,0.242637,0.252198,0,0.0187912,0.0334725,0.156527,0.0216484,0.124352,0.0656484,0.00886813,2.18336,10.7033,103.582,0.263736
0.127227,0.0385714,0.319244,0,0.286555,0.0721849,0.0930252,0.0151261,0.0120168,0.115462,0.0168067,0.431092,0.0878992,0.0606723,0,0.266975,0.0285714,0.138571,1.61176,0.0112605,0.408487,0,0.0533613,0.0389916,0.541681,0.37916,0.330756,0.144286,0.147059,0.169412,0.124034,0.0742857,0.0448739,0.0742857,0.181176,0.186387,0.116387,0.00781513,0.0708403,0.0826891,0.042605,0.196134,0.0128571,0.125462,0.274118,0.0967227,0.00857143,0.0683193,0.00481513,0.151067,0.0269496,0.171504,0.00831933,0.00893277,1.68624,6.2521,37.9244,0.168067
0.241111,0,0,0,0,0,0,0,0,0.563333,0,5.08222,0,0,0,0,0,0,0.178889,0,0,0,0,0,0.198333,0.198333,0,0,0.252222,0,0,0,0,0,0,0,0,0,0.178889,0,0,0,0,0,0,0,0,0.185,0,0.0313333,0,0.455778,0,0,1.93561,6.66667,16.7222,0
0,0,0,0,0,0,0,0,0,0,0,0,0,0,0,0,0,0,6.66,0,0,0,0,0,0,0,0,0,0,0,0,0,0,0,0,0,0,0,0,0,0,0,0,0,6.66,0,0,0,0,0,0,32.478,0,0,1.666,3,5,0
0.06,0.0631731,0.219423,0.0129808,0.241154,0.0468269,0.107212,0.127692,0.0444231,0.525096,0.0603846,0.422404,0.109904,0,0.0394231,0.112115,0.125096,0.147308,1.67731,0.0660577,0.565769,0.00557692,0.0550962,0.0879808,0.746346,0.415577,0.344135,0.345673,0.143077,0.218173,0.114135,0.0881731,0.0288462,0.0881731,0.195673,0.167019,0.236442,0.00519231,0.173558,0.104231,0.0316346,0.0308654,0.137788,0.0745192,0.287981,0.231635,0.0148077,0.03375,0.0372692,0.196183,0.0173846,0.301846,0.0432692,0.019875,2.44372,12.8846,79.7596,0.317308
0.0925532,0.151277,0.384894,0.0123404,0.293191,0.104681,0.105106,0.130638,0.0682979,0.212979,0.0944681,0.529149,0.086383,0,0,0.397021,0.197234,0.383617,1.98043,0.146596,0.917021,0.143617,0.188723,0.124468,0.136383,0.0768085,0,0.0244681,0,0.0468085,0,0,0,0,0.0651064,0.0487234,0.0942553,0,0.00893617,0.0259574,0,0.00723404,0.0178723,0,0.180213,0.487234,0,0.0223404,0.0984468,0.11917,0.0115319,0.359234,0.125064,0.0242128,4.16364,62.9787,275.468,0.638298
0.137727,0.0834848,0.31697,0.00242424,0.284091,0.105,0.102879,0.106818,0.480758,0.447424,0.1,0.553182,0.137121,0.0648485,0.0777273,0.306364,0.064697,0.384848,1.61212,0.318485,1.10606,0.915606,0.10697,0.172879,0.370303,0.171212,0.0231818,0.0210606,0.00136364,0.0222727,0.0210606,0.00136364,0.084697,0.00136364,0.196667,0.0219697,0.151364,0.000757576,0.02,0.0456061,0.0106061,0.0566667,0.00818182,0.0207576,0.0459091,0.0421212,0.0219697,0.04,0.0519545,0.123348,0.0536364,0.3665,0.182515,0.0929091,4.6743,66.303,1103.79,0.666667
0,0,0.357778,0,1.81222,0,0,0,0,0,0,0,0,0,0,0,0,0,0,0,0.357778,0,0,0,0,0,2.46889,0,0.528889,0,0,0,0,0,0,0,0,1.64222,0,0,0,8.50667,0,0,0.584444,0,0,0,0,0,0,0,0,0,1.10178,1.33333,5.55556,0
0,0,0,0,0,0.0386842,0,0,0,0,0,0.0438158,0,0,0,0,0,0.101184,0.118421,0,0.0715789,0,0,0,0,0,0.131711,0,0,0,0,0,0,0,0,0,0,0,0,0,0,0.0505263,0,0.0410526,0.244342,0.558421,0,0,0,0.111211,0.0536974,0.194842,0,0,1.08553,1.18421,4.27632,0
0.132564,0.0605128,0.411282,0,0.878718,0.161026,0.165897,0.238205,0.11641,0.330769,0.126923,0.812821,0.0292308,0.0492308,0.025641,0.298974,0.600513,0.198718,2.19846,0.206667,1.35513,0,0.321026,0.0315385,0.209231,0.0225641,0,0.0164103,0,0.00615385,0,0,0.0582051,0,0.0120513,0.0971795,0.0684615,0,0.0123077,0.0710256,0,0,0.00615385,0.0148718,0.28359,0.00410256,0,0.00615385,0.0065641,0.0874615,0.00169231,0.421205,0.147795,0.0645385,4.40764,76.0769,240.205,0.820513
0,14.1478,0,0,0,0,0,0,0,0.132222,0,0,0,0,0,0,0,0,0,0,0,0,0,0,0,0,0,0,0,0,0,0,0,0,0,0,0,0,0,0,0,0,0,0,0.132222,0,0,0,0,0,0,0,0,0,1.77778,4.88889,9.02778,0
0.0421667,0.048,0.269333,0,0.438,0.269833,0.136,0.170667,0.0248333,0.256,0.0141667,0.433,0.172667,0.0231667,0.00416667,0.254167,0.146,0.102833,1.51867,0,1.6165,0,0.0131667,0.112333,0.641833,0.378,0.247167,0.162,0.0951667,0.195333,0.101833,0.0646667,0.0855,0.0646667,0.136333,0.1285,0.156,0.00383333,0.06,0.0685,0.008,0.0133333,0.108167,0.00616667,0.2915,0.0566667,0,0,0.0341833,0.1751,0.0368667,0.0595833,0.0618833,0.0152333,1.81765,9.96667,141.9,0.45
0,0,0,0,0,0,0,0,0,0,0,0,0,0,0,0,0,0,0,0,0,0,0,0,0,0,0.653333,0.653333,0,0.653333,0,0,0,0,0.653333,0,0,0,0,0,4.35556,0,0,0,0,7.48667,0,0,0,0.0847778,0,0,0,0,3.68233,7.77778,12.8889,0
0.0873077,0,0.0873077,0,0,0,0,0,0,0.629615,0,0.35,0,0,0,0.295769,0,0,7.85115,0,0.428846,0,0,0.855769,0.0696154,0,0.349615,0,0,0,0,0,0,0,0,0,0,0,0,0,0,0,0,0,0.606538,0.295,0,0,0.0281923,0.0292308,0,0,0,0,1.11215,1.26923,4.11538,0.153846
0.0749057,0.0803774,0.31434,0,0.39717,0.142075,0.0562264,0.196792,0.0337736,0.275472,0.0598113,0.446226,0.0592453,0,0.0281132,0.237736,0.0877358,0.149811,1.46679,0.0341509,0.893019,0.0190566,0.090566,0.0458491,0.786604,0.622264,0.245094,0.379811,0.161887,0.149623,0.0818868,0.0701887,0.0809434,0.0871698,0.220377,0.174151,0.216038,0,0.159434,0.0598113,0.0337736,0.115849,0.140943,0.0645283,0.315849,0.190189,0.00169811,0.0215094,0.0141321,0.152302,0.033566,0.214208,0.0496038,0.0213774,2.14562,13.6981,129.302,0.396226
0.096,0.008,0.196,0.008,0.092,0.118,0,0.058,0.058,0.188,0.074,0.082,0.072,0,0.038,0.088,0.078,0.076,0.608,0.008,0.242,1.906,0.138,0.11,0,0,0,0,0,0,0,0,0,0.028,0,0.008,0,0,0.016,0,0,0,0,0,0.038,0,0,0,0.4302,2.0094,0.009,0.3924,0.375,0.4024,57.5034,2297.8,10648.8,1
0.225,0.32,0.590556,0.0527778,0.407778,0.344444,0.155,0.202778,0.477778,0.684444,0.246111,0.636111,0.210556,0.0988889,0.313889,0.248889,0.228333,0.389444,2.02333,0.140556,1.51611,0.00944444,0.343889,0.315556,0.518333,0.218333,0.0133333,0,0,0.0405556,0,0,0.075,0,0.04,0.0133333,0.181667,0.0477778,0.0133333,0.0405556,0,0.0405556,0.0188889,0.0272222,0.0938889,0.0794444,0,0,0.00227778,0.178944,0.0331111,0.625944,0.242167,0.0503889,10.0713,306.167,748.222,0.944444
0.295,0.0833333,1.3825,0.0158333,0.885833,0,0.0541667,0,0.495833,0.685833,0,0.0333333,0,0,0,0.065,0,0,0.295,0.725833,0.400833,0,0,0.0333333,0.278333,0,0.121667,0.04,0,0.0483333,0,0,0,0.0316667,0,0,0.0483333,0,0,0,0,0,0,0,0,0,0,0,0,0.00733333,0,0.763833,0.18825,0.0025,537.208,1405.58,1442.75,0.916667
0.0390909,0.494242,0.26697,2.51091,0.561818,0.25,0.849394,0.0318182,0.335758,0.39303,0.0445455,0.539091,0.0212121,0.0193939,0.0572727,0.166667,0.030303,0.48697,2.21667,0.0384848,1.16879,0,0.0557576,0.0927273,0.299394,0,0.15697,0.0427273,0,0,0.0284848,0,0,0,0.0427273,0.0218182,0.0360606,0,0.0827273,0.02,0,0,0.0281818,0,0.24,0.0166667,0,0,0.010697,0.133091,0.0112727,0.324606,0.0598182,0.0555455,11.6588,132.545,397.303,0.727273
0,0,0,0,7.67667,0,0,0,0,0,0,0,0,0,0,0,0,0,0,0,0,0,0,0,0,0,0,0,0,0,0,0,0,0,0,0,0,0,0,0,0,0,0,0,0,0,0,0,0,0.196,0,0,0,0,1.16667,1.33333,3.33333,0.333333
0,0,0,0,0.476,0.344,0,1.111,0,0.703,0,0.357,0,0.344,0,0.645,0,0,2.389,0,7.845,0,0,0,0,0,1.135,0,0.37,0,0,0,0,0,0,0,0,0,0,0,0,0,0,0,1.414,0,0,0,0,0.1078,0,0.3848,0,0,1.15,1.6,6.2,0.2
0.0810526,0.125789,0.298684,0,0.421579,0.109737,0.272105,0.218421,0.0418421,0.287895,0.204474,0.421316,0.196316,0.0923684,0.0265789,0.315263,0.116842,0.244474,1.59842,0.147105,1.00658,0,0.055,0.113947,0.344474,0.0821053,0.0318421,0.0905263,0.0157895,0.0784211,0.0321053,0.0157895,0.0105263,0.0157895,0.0660526,0.168684,0.247895,0,0.0147368,0.0707895,0,0.00605263,0.00973684,0.0244737,0.0963158,0.0231579,0,0.0294737,0.0170263,0.0969211,0.00265789,0.238711,0.102658,0.00484211,3.35345,51.5,194.553,0.631579
0,0,0,0,0,0,0,0,0,0,0,0.443636,0,0,0,0.181818,0,0,0,0,0,0,0,0,0,0,5.06273,0,0,0,0,0,0,0,0,0,0,0,0,0,0,0.181818,0,3.54909,0.969091,0,0,0.53,0.0547273,0.0604091,0,0.107636,0,0,1.19932,1.86364,7.40909,0
0.138864,0.0909091,0.380909,0.0293182,0.388409,0.293864,0.113636,0.0984091,0.0468182,0.161136,0.0290909,0.735909,0.0488636,0,0.00659091,0.310909,0.137955,0.320909,1.67727,0.00840909,0.998636,0,0.345455,0.152727,0.383636,0.360909,0.0622727,0.104773,0.0131818,0.0609091,0,0.00704545,0.0725,0,0.0859091,0.0475,0.0909091,0,0.0322727,0.0390909,0.121364,0,0.0181818,0.0313636,0.166364,0.0993182,0.0361364,0.00636364,0.0389545,0.140932,0.00106818,0.3425,0.0817955,0.00493182,2.58507,19.9091,141.114,0.545455
0.104648,0.166761,0.397887,0.199296,0.312676,0.111972,0.0557746,0.201972,0.316197,0.555493,0.128873,0.532817,0.130704,0.0684507,0.171549,0.262676,0.187324,0.332676,1.26127,0.138873,0.845352,0.691972,0.122394,0.173662,0.585915,0.149014,0.0338028,0.0307042,0.00887324,0.0302817,0.0194366,0.00267606,0.140986,0.00535211,0.0721127,0.0405634,0.133944,0.00183099,0.0323944,0.036338,0.0121127,0.0149296,0.00422535,0.00295775,0.0398592,0.0487324,0.0043662,0.0367606,0.0533239,0.114761,0.0202817,0.303831,0.170352,0.0961831,4.84318,80.9296,926.465,0.676056
0.0673913,0.0988406,0.278551,0,0.351304,0.0723188,0.0971015,0.114203,0.0489855,0.146087,0.0365217,0.528116,0.0857971,0,0.032029,0.115652,0.14942,0.241304,1.45,0,0.480725,0,0.0321739,0,0.594928,0.466957,0.374638,0.211304,0.117826,0.15029,0.0771014,0.0733333,0.0702899,0.0733333,0.185507,0.195072,0.203768,0.0157971,0.134783,0.0910145,0.0301449,0.0102899,0.15,0.0950725,0.243623,0.101304,0.00275362,0.0949275,0.0312899,0.156029,0.0241159,0.173812,0.0206522,0.0138551,1.91564,11.4348,117.029,0.26087
0.328286,0.287429,0.328857,0.00371429,0.255143,0.066,0.036,0.148857,0.435714,0.535143,0.220571,0.596857,0.371429,0.762,0.0811429,0.248571,0.340857,0.102857,2.44,0.0368571,1.1,0.048,0.403143,0.384857,0.0888571,0.0917143,0.00114286,0.000571429,0.000571429,0,0,0,0.127143,0,0.002,0.034,0.141429,0.00257143,0.00257143,0.0334286,0.00457143,0.00171429,0.00657143,0.004,0.0548571,0.0194286,0.002,0.0165714,0.0294286,0.0994857,0.0102571,0.339857,0.451857,0.102629,7.83891,361.771,2360,0.885714
0.0696491,0.0626316,0.320702,0.0152632,0.281404,0.120175,0.0205263,0.101404,0.133684,0.219474,0.0147368,0.499123,0.0647368,0.0268421,0.0201754,0.180526,0.122281,0.12,1.28105,0.0177193,0.601579,0,0.0512281,0.0578947,0.768772,0.413684,0.180526,0.143684,0.0782456,0.165965,0.104386,0.0410526,0.197544,0.0410526,0.0815789,0.145789,0.315965,0,0.100526,0.0724561,0.0105263,0.0492982,0.0878947,0.134035,0.183684,0.105965,0.0191228,0.0312281,0.0239649,0.246404,0.0332982,0.119351,0.0286491,0.0492456,2.59895,20.7018,208.982,0.385965
0.110833,0.266111,0.311667,0.00861111,0.440556,0.1425,0.100278,0.104722,0.0955556,0.305,0.0144444,0.811944,0.0636111,0.0197222,0.0619444,0.168333,0.191944,0.305,1.6425,0.0438889,1.02361,0.104167,0.0138889,0.104444,0.405556,0.304167,0.169444,0.128333,0.0822222,0.144722,0.0258333,0.0344444,0.0808333,0.0433333,0.0933333,0.0583333,0.1875,0.00194444,0.0630556,0.0430556,0.04,0.0372222,0.0194444,0.0897222,0.0713889,0.0522222,0,0.0575,0.00252778,0.146889,0.0055,0.200083,0.0327222,0.0285833,3.69406,42.3333,242.583,0.5
0.134605,0.125395,0.259737,0.162895,0.359474,0.0963158,0.0709211,0.1075,0.2275,0.327237,0.126711,0.754342,0.111316,0.0482895,0.0669737,0.181316,0.171842,0.179342,1.42947,0.0796053,0.747763,0.978421,0.155789,0.161053,0.548947,0.194342,0.0226316,0.0394737,0.0169737,0.0381579,0.0119737,0.0148684,0.110395,0.00434211,0.0426316,0.0781579,0.111711,0.0163158,0.0173684,0.00934211,0.0342105,0.0603947,0.00605263,0.0160526,0.0425,0.105526,0.0301316,0.0248684,0.0416579,0.140474,0.0144605,0.206461,0.0718158,0.113329,4.32042,44.5263,491.829,0.592105
0,0.0470968,0.248387,0,0.328065,0.0606452,0.081129,0.0977419,0.0848387,0.0772581,0.0146774,0.399355,0.0412903,0.140323,0.0187097,0.49129,0.0746774,0.184194,1.50823,0,0.733548,0,0.124839,0.016129,0.674032,0.612419,0.125645,0.0919355,0.150968,0.0672581,0.0758065,0,0.0575806,0,0.0322581,0.0322581,0.268871,0.0645161,0.26629,0,0.17129,0.280645,0.142258,0.165645,0.776129,0.177097,0,0.0412903,0.0480968,0.0844516,0.0315484,0.280371,0.0730806,0.0458387,2.60987,12.2581,31.6935,0.354839
0.0478571,0.0489796,0.291837,0,0.303061,0.0307143,0.0377551,0,0.0264286,0.116633,0.0336735,0.869898,0.097551,0.0245918,0.0173469,0.092449,0.0457143,0.11051,1.79418,0.0128571,0.388367,0,0,0.0214286,0.317755,0.340306,0.512041,0,0.133469,0.0642857,0,0,0.0891837,0,0,0,0.182653,0.0142857,0.0679592,0,0.0171429,0.244796,0.00877551,0.110204,0.48949,0.201837,0,0.0969388,0.0292755,0.122816,0.00709184,0.159224,0.010898,0.00658163,1.59336,4.82653,24.8163,0.0816327
0.118636,0.131818,0.399773,0.0286364,0.328409,0.0820455,0.140455,0.3125,0.0909091,0.439091,0.0620455,0.418636,0.0309091,0.0143182,0,0.365682,0.3325,0.187045,1.77364,0.369318,1.14318,1.22909,0.0636364,0.0625,0.439091,0.270909,0.0668182,0.0359091,0.0381818,0.0313636,0.015,0.015,0.0129545,0.0218182,0.0404545,0.015,0.220909,0,0.00454545,0.0802273,0,0,0.0263636,0.0334091,0.151364,0.0468182,0.0315909,0.035,0.425409,0.174455,0.0225,0.403523,0.111205,0.373068,5.20414,58.5682,328.136,0.590909
0.0821951,0.12122,0.307561,0.467317,0.335122,0.116585,0.0819512,0.0902439,0.304634,0.274634,0.0668293,0.470976,0.0797561,0.0539024,0.0992683,0.30878,0.118537,0.198049,1.33317,0.0392683,0.683902,0.92122,0.180244,0.115854,0.290244,0.164878,0.0102439,0.0114634,0.0121951,0.00756098,0.0163415,0,0.0585366,0.00317073,0.0209756,0.0436585,0.13878,0.00097561,0.00780488,0.0195122,0.00170732,0.0136585,0,0.014878,0.0197561,0.0351219,0,0.00804878,0.0383659,0.161659,0.0282683,0.193707,0.141,0.105829,5.83883,104,1374.73,0.634146
0.0407143,0.110357,0.365714,0,0.617143,0.13375,0.288214,0.171429,0.06125,0.22875,0.1,0.712321,0.0598214,0,0.221429,0.31375,0.29625,0.452143,2.14821,0.412857,1.23089,0.210893,0.261607,0.108929,0.373929,0.167857,0.0582143,0.154643,0.0244643,0.148393,0.0244643,0.0244643,0.0285714,0.0244643,0.0321429,0.06,0.0994643,0,0.182679,0.108393,0.0189286,0.0219643,0.00642857,0,0.168929,0.0489286,0,0,0.00469643,0.153911,0.00116071,0.293982,0.0918929,0.0405714,5.92795,57.4821,144,0.642857
0.0503226,0.0432258,0.293871,0,0.37871,0.137419,0.11,0,0.0616129,0.172903,0,0.355484,0.16871,0.0554839,0.0170968,0.212258,0.0977419,0.113871,1.90226,0.240968,0.671613,0.0406452,0.0106452,0.0422581,0.116774,0.146129,0,0.134194,0,0.0277419,0,0,0,0,0.0483871,0.0635484,0.0216129,0,0.026129,0,0,0,0,0.0251613,0.36,0.442903,0,0,0.00832258,0.0803871,0.00880645,0.0848065,0.0276452,0.0139355,3.52461,48,107,0.354839
0.153978,0.197419,0.495269,0,0.353763,0.07,0.0278495,0.0125806,0.0210753,0.224839,0.0103226,0.443978,0.104301,0.0774194,0,0.256882,0,0.314086,1.79355,0.195484,0.895054,0,0,0.115914,0.116237,0.0607527,0.55957,0,0.0578495,0,0,0,0.240215,0,0,0.0083871,0,0.0882796,0.108065,0.0125806,0.0249462,0.314731,0,0.0454839,0.527957,0.225914,0.0313978,0,0.0264194,0.0821935,0,0.198118,0,0,1.23583,2.49462,12.8387,0.0860215
0.0867059,0,0.108588,0,0.0990588,0,0,0.0691765,0,0.0736471,0,0.275882,0.0164706,0.130824,0,0.179529,0.0335294,0.0164706,0.292471,0,0.0205882,0,0,0,0.082,0.0309412,0.129059,0,0,0.0489412,0.147059,0,0.0824706,0,0,0,0,0.0335294,0.0345882,0,0.0378824,0.216471,0,0.108824,0.501294,0.195059,0,0.176471,0.00489412,0.112706,0.0653412,0.0834588,0.0169765,0,1.49013,2.87059,8.4,0.0352941
0.0787879,0.0481818,0.285909,0,0.330152,0.166515,0.0798485,0.0983333,0.0528788,0.176212,0.0531818,0.482727,0.0857576,0.0577273,0.0283333,0.225606,0.192273,0.196364,1.32621,0.141818,0.779545,0,0.112576,0.10303,0.737121,0.421667,0.110303,0.145606,0.111667,0.124697,0.0560606,0.0312121,0.0571212,0.0312121,0.113485,0.102576,0.198333,0.00212121,0.0437879,0.0565152,0.241667,0.0136364,0.0742424,0.0440909,0.185909,0.451818,0,0.0419697,0.0968939,0.155682,0.0208636,0.103939,0.0581364,0.0120152,2.12961,14.5455,186.212,0.393939
0.0662069,0.0431034,0.297414,0,0.0662069,0.0615517,0,0,0.0312069,0.0689655,0,0.057931,0.0956897,0.0506897,0,0.0637931,0,0.128103,5.70966,0,0.704483,0,0,0,0.162759,0,1.01241,0,0,0,0,0,0.211207,0,0,0,0,0,0.0748276,0,0,0,0,0.0358621,0.972931,0.892069,0.0374138,0.082069,0.00703448,0.0724655,0.0129483,0.190793,0.00582759,0,1.24612,2.22414,8.91379,0.0862069
0.01525,0.096,0.24775,0,0.081,0.05275,0.1325,0.12275,0.18,0.17525,0.0415,0.22875,0,0.105,0,0.86825,0.154,0.22075,1.61525,0.17325,1.33875,0.13,0.149,0.077,0.3565,0.36075,0.15325,0.01925,0,0.01925,0.03925,0,0.09575,0,0.03875,0.08975,0.02,0,0,0.0395,0,0.07025,0,0,0.21275,0,0,0,0.01175,0.100075,0.0123,0.606225,0.070375,0.06995,4.75062,32.975,89.35,0.8
0.117308,0.0707692,0.525385,0,0.392308,0.148846,0.163077,0.140769,0.194231,0.365769,0.0938462,0.892308,0.141923,0.0580769,0.0323077,0.451923,0.298846,0.355,2.15231,0.196538,1.11154,0,0.336154,0.116923,0.262692,0.131538,0,0.0111538,0.0192308,0.00961538,0.0111538,0,0,0.0238462,0.0188462,0.0288462,0.161923,0,0.00769231,0,0,0.0419231,0.0157692,0,0.0915385,0,0,0.0461538,0.0208462,0.163692,0.00476923,0.712038,0.134769,0.0302692,7.39558,133.231,536.077,0.807692
0,0,0,0,0,0,0,0,0,0,0,0,0,0,0,0,0,0,0,0,0,0,0,0,5.655,7.955,0,0,0,0,0,0,0,0,0,0,0,0,0,0,0,2.415,0,0.225,0,0,0,0,0,0,0,0,0,0,1.39583,2.5,6.66667,0
0,0,0,0,0,0,0,0,0,0,0,0,0,0,0,0,0,0,1.08182,0,0,0,0,0,0,0,0,0,0,0,0,0,0,0,0,0,0,0,0,0,0,0,0,0,0.324545,0,0,0,0.0613636,0.144818,0,0.911909,0,0,1,1,1.54545,0.181818
0.153953,0.283953,0.446047,0,0.426512,0.207442,0.316977,0.0260465,0.0411628,0.47,0.0811628,0.715349,0.16814,0.0106977,0.0590698,0.3,0.333721,0.274651,2.01767,0,0.925116,0.037907,0.401395,0.0967442,0.0765116,0.0886046,0,0.167674,0,0.0990698,0,0,0.463953,0,0.153256,0.0644186,0.00534884,0,0,0.0923256,0,0.0788372,0.012093,0.0127907,0.104651,0.11093,0,0,0.0104419,0.0858605,0,0.672558,0.104628,0.0206977,6.09691,81.7907,188.628,0.697674
0.074,0.0993333,0.117333,0,0.419667,0.013,0.0986667,0.0496667,0.0423333,0.120667,0.0316667,0.48,0.0223333,0.06,0.0286667,0.502667,0.267667,0.162667,2.335,0,1.27767,0,0.233,0.042,0.0506667,0.0283333,0.08,0.04,0,0,0,0,0,0,0,0.096,0.0223333,0,0.0216667,0.011,0,0.0223333,0.0213333,0.02,0.252667,0.06,0,0.011,0.00816667,0.133833,0.0124,0.4,0.103367,0.0137667,3.56443,29.2333,110.133,0.833333
0,0.034186,0.123953,0,0.246512,0.0174419,0.0516279,0.170465,0.114884,0.202791,0,0.682326,0,0,0,0.0930233,0.0774419,0.189767,2.43651,0,0.295116,0,0,0.498837,0.410698,0.281395,0.194651,0.32093,0.132326,0.203721,0.0644186,0,0.0174419,0,0.288372,0.0644186,0.0430233,0,0.0316279,0.0516279,0.116279,0.250233,0,0,0.287442,0.082093,0,0.0172093,0.0964884,0.148116,0,0.423163,0.0290233,0.0353023,2.73244,10.8837,23.4651,0.372093
0,0,0,0,0,0,0,0,0,0,0,0,0,0,0,0,0,0,0,0,0,0,0,0,0,0,0,0,0,0,0,0,0,0,0,0,0,0,0,0,0,0,0,0,0,0,0,0,0,0,0,0,0,0,0,0,0,0
0,0,0,0,0,0,0,0,0,0,0,0,0,0,0,0,0,0,0,0,0,0,0,0,0,0,0,0,0,0,0,0,0,0,0,0,0,0,0,0,0,0,0,0,0,0,0,0,0,0,0,0,0,0,0,0,0,0
0.0147541,0.0426229,0.345574,0,0.19623,0.0232787,0.0688525,0,0,0.196557,0.0140984,0.777213,0.0434426,0.0540984,0,0.11541,0.0337705,0.262459,4.82869,0.0622951,0.853607,0,0,0.0262295,0.047377,0,0.436557,0,0.0716393,0.0770492,0,0,0,0,0,0.0291803,0.102787,0.0147541,0.0655738,0,0,0.16623,0.0742623,0.0295082,0.619016,0.20377,0,0.014918,0.010459,0.0651475,0.00540984,0.529525,0.015623,0,1.48585,4.01639,17.0656,0.180328
0,0,0,0,1.42857,0,0,0,0,0,0,0,0,0,0,0,0,0,0,0,0,0,0,0,11.0257,1.29857,1.58714,0,0,0,0,0,0,0,0,1.09857,0,0,0,0,0,0,0,0,0,0,0,0,0,0,0,0,0,0,1.36657,2.14286,5.57143,0
0.0890625,0.43875,0.341875,2.21625,1.02813,0.03,0.865938,0.185,0.074375,0.259688,0.0440625,0.420625,0.218438,0.105,0,0.882188,1.69812,0.30625,2.35656,0.35125,2.08875,0,0.0246875,0.113125,0,0,0,0,0,0,0,0,0,0,0,0,0.145625,0.04875,0,0,0,0,0,0,0,0,0,0,0,0.121062,0,0.749687,0.265188,0.041375,10.2474,143.125,195.312,0.96875
0.217619,0.187143,0.543333,0,0.367143,0.0433333,0.15,0.022381,0.0847619,0.114286,0.0119048,0.492381,0.120476,0,0,0.389524,0.222857,0.408571,2.36476,0.184762,1.09476,0.150476,0.100476,0.160952,0.0961905,0.119524,0.0152381,0,0.0685714,0.0685714,0,0,0,0,0.0609524,0.0552381,0.151429,0,0.027619,0.00904762,0,0,0.067619,0.0361905,0.169524,0,0,0.0828571,0.00519048,0.0591429,0.00561905,0.482857,0.542714,0.0247619,6.08262,110.619,333.048,0.761905
0,0,0,0,0,0,0,0,0,0,0,0,0,0,0,0,0,0,0,0,0,0,0,0,0,0,0,0,0,0,0,0,0,0,0,0,0,0,0,0,0,0,0,0,0,0,0,0,0,0,0,0,0,0,0,0,0,0
0.106783,0.123357,0.292028,0,0.23979,0.0713287,0.156853,0.0742657,0,0.188182,0.053986,0.673357,0.0766434,0,0.043007,0.201748,0.0930769,0.177203,1.76147,0.0155245,0.578601,0,0.0776224,0,0.72979,0.371958,0.14958,0.228322,0.136643,0.218252,0.105804,0.047972,0.144196,0.047972,0.259231,0.100699,0.201958,0.00559441,0.134825,0.0524476,0.0272727,0.235035,0.0548951,0.0855245,0.234336,0.402238,0,0.0238462,0.00932867,0.128622,0.00460839,0.261664,0.021965,0.104762,2.10072,10.1469,52.6084,0.272727
0,0,0,0,0,0,0,0,0,0,0,0,0,0,0,0.40404,0,0,0,0,0,0,0,0,0,0.144242,19.0971,0,0,0,0,0,0,0,0,0,0,0,0,0,0,0,0,0,0.0672727,0,0,0,0,0.0354343,0,0.0116061,0,0,1.13096,1.44444,5.47475,0
0.0155556,0.0671111,0.187333,0,0.300667,0.0428889,0.263111,0,0.0122222,0.229333,0,0.434,0.224,0.0693333,0,0.554,0.0273333,0.317111,3.19467,0,1.16467,0,0,0.0722222,0.341778,0.0191111,0.0577778,0,0,0,0,0,0,0,0,0,0,0,0,0,0,0.132222,0,0.0573333,0.425778,0.537778,0,0,0.00686667,0.0327111,0,0.119911,0.0204444,0,4.68516,50.1778,78.2222,0.333333
0.190952,0.223333,0.218095,0,0.75,0.187143,0.409048,0,0.159048,0.404762,0.233333,0.337619,0.22381,0,0,1.00714,0.126667,0.3,1.81048,0.248571,0.92,0,0,0.450952,0.0952381,0.0566667,0.17,0,0,0.0295238,0,0,0.176667,0,0.0952381,0.0428571,0.0928571,0,0,0.0647619,0.012381,0.0771429,0.0333333,0.0919048,0.10619,0.0580952,0,0,0,0.0491429,0,0.536,0.0723333,0.944238,7.39976,69.7143,113.238,0.714286
0.420727,0.0489091,0.376,0,0.774182,0.0243636,0.170182,0.158909,0.0545455,0.111818,0.0192727,0.517455,0.0489091,0.0132727,0.00581818,0.456545,0.284,0.152364,2.19964,0.0945455,1.18073,0,0.231818,0.0847273,0.199818,0.0549091,0.126545,0.0578182,0.0272727,0.0494545,0.0214545,0.0329091,0.122545,0.0329091,0.0849091,0.0883636,0.100545,0,0.0469091,0.0214545,0.0781818,0.0750909,0.018,0.0630909,0.292364,0.164182,0,0.0458182,0.0169091,0.0940364,0.0127636,0.480473,0.188455,0.0255091,2.69902,21.1455,117.036,0.709091
0,0,0,0,0,0,0,0,0,0,0,0,0,0,0,0,0,0,0,0,0,0,0,0,0,0,0,0,0,0,0,0,0,0,0,0,0,0,0,0,0,0,0,0,0,0,0,0,0,0,0,0,0,0,0,0,0,0
