0.103849,0.162778,0.348492,0.451151,0.367183,0.103651,0.299325,0.180198,0.169127,0.330952,0.108492,0.52369,0.0777778,0.0315079,0.0433333,0.324643,0.33,0.240675,1.69488,0.165397,1.05004,0.511468,0.135635,0.0903175,0.457976,0.170833,0.101865,0.0578968,0.0444444,0.0431349,0.0578571,0.0155952,0.0340873,0.0155952,0.0540476,0.0558333,0.16,0.0232143,0.0505159,0.124325,0.0227381,0.0341667,0.0330556,0.0315476,0.125,0.123333,0.0115079,0.0324206,0.190357,0.145575,0.0178611,0.304853,0.11394,0.112889,9.04176,82.8016,362.349,0.583333
0.123487,0.0918959,0.245432,0.00263261,0.282308,0.0669057,0.120088,0.121326,0.0383595,0.218065,0.0658546,0.552485,0.0872299,0.0357367,0.031444,0.27166,0.125363,0.193821,1.68358,0.0345972,0.886356,0.0135167,0.0660609,0.0785658,0.600432,0.336945,0.212132,0.227171,0.0822102,0.136002,0.0613851,0.0544401,0.124578,0.0544401,0.139538,0.124695,0.181179,0.00625737,0.09611,0.0551965,0.0279273,0.0879666,0.080609,0.0850589,0.271709,0.223251,0.00552063,0.0324754,0.0191218,0.150194,0.0136022,0.259583,0.0559705,0.0721709,2.72533,17.336,80.4234,0.383104
0.318864,0.152727,0.29,0.0979545,0.0681818,0.114091,0.0206818,0.137273,0.221591,0.383864,0.149545,0.667273,0.346364,0.696136,0.0213636,0.169773,0.279318,0.118636,1.93659,0.0509091,0.881364,0.0356818,0.463636,0.291364,0.101591,0.0645455,0.00545455,0.00159091,0.00227273,0.00409091,0,0,0.328864,0,0,0.0270455,0.188409,0.00159091,0.00522727,0.0143182,0.0159091,0.00818182,0.00477273,0.0163636,0.0411364,0.0425,0.0102273,0.0520455,0.0296136,0.114477,0.00468182,0.251023,0.347659,0.0929773,5.2437,169.523,3258.82,0.772727
0.19,0,0.38,0,0,0.19,0,0,0,0,0.19,0.19,0,0,0,0.38,0,0.19,1.14,0,0.38,0,0,0,0,0,0,0,0,0,0,0,0,0,0,0,0,0,0,0,0,0,0,0,0,0,0,0,0.01,0.01,0,0,0,0.003,2.383,21,15841,1
0.215161,0.399032,0.694194,0.0758065,0.400323,0.192581,0.337419,0.119032,0.272581,0.834194,0.211935,0.811935,0.109677,0.0893548,0.26871,1.10194,0.338065,0.24129,1.93677,0.145484,1.54032,0.00548387,0.235806,0.207097,0.0174194,0.0258065,0.00935484,0.0187097,0,0,0,0,0.0435484,0.00935484,0.0341935,0.00741935,0.125161,0.0116129,0,0.0193548,0,0,0.00580645,0,0.114194,0.046129,0,0.0248387,0.00935484,0.138516,0.00480645,0.758935,0.292645,0.0650645,27.278,351,618.258,0.935484
0.130588,0.129412,0.399529,0.008,0.307176,0.105294,0.100353,0.164824,0.412941,0.518588,0.130706,0.495059,0.153412,0.110235,0.100588,0.370706,0.122706,0.363882,1.49129,0.198706,1.00518,0.655882,0.0916471,0.216471,0.281882,0.122706,0.0241176,0.0170588,0.00152941,0.0132941,0.0235294,0.00105882,0.0834118,0.00447059,0.112824,0.0211765,0.147882,0.00211765,0.0147059,0.0454118,0.0154118,0.0231765,0.006,0.0158824,0.0392941,0.0651765,0.00517647,0.0312941,0.0455765,0.113953,0.0409765,0.391541,0.221412,0.0827176,5.20184,87.3294,1047.29,0.741176
0.461667,0.345833,0.301667,0,0.160833,0.03,0.005,0.235833,0.516667,0.801667,0.258333,0.55,0.565,0.923333,0.0766667,0.171667,0.446667,0.121667,2.91,0.0075,1.35083,0,0.5975,0.550833,0,0,0,0,0,0,0,0,0,0,0.005,0.0266667,0,0,0.0141667,0.0916667,0,0,0,0,0.0591667,0,0,0,0.0159167,0.0771667,0,0.422917,0.53275,0.100583,13.3378,832.667,2500.5,1
0.0966667,0.0133333,0.2,0,0.153333,0.133333,0,0.0966667,0.0966667,0.313333,0.06,0.0733333,0.12,0,0.0633333,0.0133333,0.13,0.0633333,0.626667,0.0133333,0.276667,3.17667,0.23,0.183333,0,0,0,0,0,0,0,0,0,0.0466667,0,0.0133333,0,0,0.0266667,0,0,0,0,0,0.0633333,0,0,0,0.372333,0.095,0.014,0.14,0.03,0.00366667,15.1877,493,9113.67,1
0,0,0,0.04,0,0,0,0,0,0,0,0,0,0,0,0.02,0,0,0.02,0,0,0,0,0,0,0,0,0,0,0,0,0,0,0,0,0,0,0,0,0,0,0,0,0,0,0,0,0,1.024,9.752,0.003,1.542,1.785,1.998,239.571,9989,10062,1
0.105849,0.193208,0.709434,0.17283,0.611132,0.63566,0.325849,0.148868,0.593774,0.348868,0.257547,0.719811,0.169434,0.100755,1.13057,0.333396,0.191509,0.87434,1.69396,0.941509,0.965849,0.109057,0.606038,0.146981,0.00169811,0.00169811,0,0,0,0,0,0,0.00679245,0,0.00377358,0,0.0054717,0,0,0.0311321,0,0,0.111887,0.0150943,0.0550943,0.0445283,0,0,0.0106792,0.0981132,0.00141509,0.368,0.15366,0.0252642,9.52355,626.226,1376.13,1
0.086,0.081,0.218,0.003,0.1945,0.0915,0.0335,0.15,0.0675,0.177,0.0605,0.483,0.099,0.0515,0.03,0.341,0.182,0.171,0.9615,0.071,0.4255,0.307,0.1265,0.089,0.8245,0.088,0.0055,0.004,0.0075,0.0395,0.018,0,0.1545,0,0.0185,0.127,0.196,0.009,0.03,0.039,0.0445,0.0085,0.013,0.037,0.0285,0.1895,0.0025,0.0625,0.05635,0.13565,0.0295,0.1674,0.0618,0.06675,4.51795,111.8,1915.25,0.3
0.005,0.005,0.035,0,0.025,0,0,0.005,0.015,0.065,0.025,0,0,0.025,0,0,0.005,0.035,0.005,0,0.005,0,0,0,0,0,0,0,0,0,0,0,0.035,0,0,0.065,0,0,0,0.005,0.23,0,0,0.015,0,0.4,0.005,0.035,0.036,0.1615,0.075,0.012,0.056,0.012,3.0295,43.5,5648.5,0
0.0625779,0.386123,0.202481,0,0.228773,0.0434286,0.0578896,0.0462792,0.0182013,0.150097,0.0148636,0.476669,0.0577922,0.0502987,0.00631169,0.189578,0.0338636,0.113442,1.66515,0.0219286,0.473325,0,0.0182208,0.0591558,0.597,0.291422,2.03008,0.123825,0.183935,0.132305,0.104708,0.0727597,0.0926494,0.0727597,0.129377,0.112558,0.0957468,0.0250195,0.105948,0.0796818,0.070026,0.282812,0.0302857,0.145299,0.551422,0.244318,0.00396753,0.0433766,0.0182292,0.120961,0.0160364,0.204926,0.020611,0.00743896,1.71984,5.64351,22.2935,0.126623
0.10146,0.122653,0.326122,0.00511774,0.415196,0.171083,0.180283,0.121381,0.0525903,0.228242,0.0617268,0.542229,0.0868289,0.0157928,0.0408477,0.288352,0.190785,0.202998,1.63251,0.113407,1.00581,0.0335636,0.161743,0.0900942,0.544129,0.331743,0.180581,0.155714,0.08427,0.123564,0.056405,0.0518053,0.0883673,0.0548509,0.121068,0.109922,0.157645,0.00389325,0.0940345,0.0782732,0.057708,0.0405181,0.0706436,0.030314,0.220361,0.137818,0.00521193,0.021303,0.0276939,0.146958,0.0196075,0.255397,0.0762182,0.0216766,3.22112,29.4804,152.476,0.508634
0.130305,0.0893401,0.289188,0.073401,0.41066,0.123198,0.0656345,0.126041,0.211878,0.25533,0.0826396,0.720508,0.135838,0.0706091,0.0356853,0.18198,0.233858,0.140609,1.63041,0.0923858,0.991168,0.460355,0.212995,0.130457,0.580152,0.143452,0.0114213,0.0173096,0.0145178,0.0203046,0.00543147,0.00573604,0.0859898,0.00482234,0.0205076,0.0680711,0.134061,0.0102538,0.0192893,0.00807107,0.0440609,0.0593401,0.0101015,0.0118782,0.0633503,0.169289,0.0174619,0.0206599,0.0513147,0.137203,0.0132538,0.224269,0.0899289,0.0625279,4.35835,55.0102,506.766,0.624365
0.0949587,0.119339,0.341019,0.203829,0.450165,0.124325,0.145537,0.13551,0.0620661,0.260441,0.0790358,0.536474,0.147796,0.0310468,0.0367493,0.298485,0.299862,0.252617,1.7022,0.136694,1.00446,0.188623,0.15157,0.0929201,0.479835,0.215895,0.0915427,0.0750689,0.048292,0.0755647,0.0402479,0.0277686,0.106198,0.0294766,0.0588981,0.0752066,0.166446,0.00490358,0.042314,0.0507163,0.0133333,0.0357576,0.0442424,0.0468044,0.136143,0.122369,0.00195592,0.0198623,0.0458154,0.158634,0.0196143,0.30132,0.115915,0.0474187,4.03427,51.854,247.584,0.595041
0.316364,0.0918182,1.43545,0,0.983636,0,0.0890909,0,0.47,0.713636,0.0609091,0.0609091,0.03,0,0,0.144545,0,0.152727,0.500909,0.757273,0.703636,0,0,0,0.286364,0,0.132727,0.0263636,0,0.0527273,0,0,0,0,0,0,0.0527273,0,0,0,0,0,0,0,0,0,0,0,0,0.0125455,0,0.763182,0.0781818,0,410.545,1239.45,1293.27,0.909091
0.286364,0.265,0.351818,0.00590909,0.257727,0.0659091,0.0472727,0.101818,0.439091,0.479545,0.210455,0.592273,0.318636,0.701364,0.0990909,0.155909,0.261364,0.0831818,2.27273,0.0245455,1.06,0,0.305,0.336364,0.141364,0.145909,0.00181818,0.000909091,0.000909091,0,0,0,0.202273,0,0.000454545,0.0204545,0.217727,0.00409091,0,0.00363636,0.00727273,0.00272727,0.0104545,0.00636364,0.0627273,0.0309091,0.00318182,0.0263636,0.0381364,0.115591,0.0149545,0.288909,0.417136,0.0789545,5.41023,148,2346.18,0.818182
0.195,0.5,0.4,0.095,0.58,0,0,0,0.39,0.19,0,0.2,0,0,0,0.1,0,0,0.195,0.19,0.39,0,0,0.2,0.095,0,0,0.095,0,0,0,0,0,0.19,0,0,0,0,0,0,0,0,0,0,0,0,0,0,0,0.035,0,0.4155,0.7295,0.015,1062,2123,2124,1
0.507826,0.65087,0.79087,0,0.315652,0.286957,0.0473913,0.425652,0.443478,1.40522,0.0573913,1.5087,0.123478,0.295217,0.363478,0.312174,0.0608696,0.673478,2.08696,0.346087,3.38652,0.0165217,0.564783,0.267826,0,0,0,0,0,0,0,0,0.0143478,0,0.0552174,0.0182609,0.016087,0,0,0,0,0,0,0,0.0269565,0,0,0,0.0125217,0.153087,0.0703478,1.01078,0.187478,0.0626957,41.1191,605.696,860.522,1
0.108056,0.155417,0.363472,0.783889,0.3075,0.1125,0.0495833,0.180833,0.340694,0.448472,0.0872222,0.64875,0.148889,0.0972222,0.121806,0.151389,0.14375,0.275556,1.56806,0.19875,0.981111,0.680694,0.108056,0.141806,0.777917,0.222361,0.0443056,0.0313889,0.0151389,0.0495833,0.0273611,0.00263889,0.135972,0.00125,0.0813889,0.0419444,0.120556,0.00777778,0.0468056,0.0236111,0.00291667,0.0261111,0.0231944,0.0120833,0.0318056,0.00638889,0.00305556,0.0395833,0.0650694,0.129236,0.0283333,0.361819,0.115667,0.0818611,4.76715,82.5417,857.625,0.583333
0.2025,0.1575,0.5125,0,1.265,0.3375,0.22,0.385,0.4225,1.6325,0.0625,0.7525,0.245,0,1.2175,0.24,0.0475,0.86,2.565,0.135,1.96,0,0.64,0.41,0,0,0,0,0,0,0,0,0,0,0.0225,0,0,0,0,0.26,0,0,0.04,0,0.02,0.02,0,0,0.003,0.03375,0,0.519,0.1535,0.0115,49.1835,859,1747.5,1
0.196571,0.137429,0.307714,0.00885714,0.351143,0.130857,0.044,0.248286,0.261714,0.392571,0.113429,0.591143,0.221714,0.0705714,0.0837143,0.389143,0.239714,0.209143,1.98743,0.148571,0.978,1.02686,0.361429,0.304571,0.166571,0.101143,0.00657143,0.00485714,0,0.00885714,0.00342857,0,0.0368571,0.00371429,0.00342857,0.100571,0.116286,0.00771429,0.0302857,0.0225714,0,0,0.00228571,0.014,0.0371429,0.0208571,0.00171429,0.0228571,0.0318,0.113343,0.0358,0.277114,0.2118,0.156057,6.77937,148.686,1547.06,0.742857
0.174662,0.167594,0.346917,0.000827068,0.317293,0.14985,0.0602256,0.138496,0.30218,0.31812,0.0869173,0.715639,0.127519,0.132481,0.122105,0.156617,0.269023,0.128496,1.49767,0.167669,0.972932,0.23609,0.106316,0.227293,0.884737,0.154511,0.0262406,0.0136842,0.00676692,0.0200752,0.018797,0.0043609,0.0908271,0.00518797,0.0253383,0.0670677,0.127669,0.0147368,0.0131579,0.0381203,0.036015,0.134135,0.0204511,0.0137594,0.0437594,0.0625564,0.00413534,0.0167669,0.147143,0.160571,0.0142857,0.632474,0.198218,0.0670827,4.14331,67.5489,662.451,0.518797
0.058,0.09875,0.26975,0.479,0.217,0.08325,0.07575,0.03675,0.32275,0.23125,0.05925,0.4,0.06675,0.0785,0.11375,0.198,0.05125,0.16625,1.205,0.209,0.70875,0.96975,0.08325,0.05,0.39125,0.225,0.02025,0.02725,0.0125,0.0195,0.02625,0,0.07775,0,0.13875,0.02075,0.156,0.001,0.01175,0.0225,0.00275,0.061,0.00175,0.01175,0.045,0.02875,0.0275,0.00625,0.037775,0.15825,0.025075,0.163525,0.08885,0.10595,5.23742,75.3,1270.78,0.55
