0.2988,0.143,0.2814,0.0888,0.072,0.1044,0.0192,0.1372,0.2234,0.386,0.1422,0.615,0.3286,0.6368,0.025,0.1516,0.2646,0.1248,1.8364,0.0448,0.8402,0.0314,0.442,0.2808,0.1174,0.0856,0.0054,0.0014,0.002,0.0036,0,0,0.2926,0,0,0.0316,0.1912,0.002,0.0062,0.0348,0.0232,0.0072,0.0042,0.0162,0.0412,0.0534,0.0092,0.0472,0.03344,0.1164,0.01074,0.24166,0.3209,0.08516,6.55382,208.28,3320.42,0.74
0.141345,0.124552,0.338379,0.192966,0.304586,0.127793,0.0671034,0.147276,0.266138,0.311759,0.0772069,0.718552,0.127793,0.108,0.0703793,0.17969,0.224103,0.12231,1.49976,0.144931,1.03662,0.215655,0.136241,0.164655,0.745483,0.171655,0.020069,0.0176897,0.0135862,0.0256897,0.012069,0.002,0.0984828,0.00303448,0.0242759,0.062931,0.14269,0.0120345,0.0208621,0.0243103,0.0419655,0.0913103,0.0170345,0.0142414,0.0545172,0.13469,0.0107241,0.0208276,0.0941724,0.160328,0.0171552,0.451072,0.136486,0.0526517,4.26649,67.0414,619.907,0.562069
0.096,0.008,0.196,0.008,0.092,0.118,0,0.058,0.058,0.188,0.074,0.082,0.072,0,0.038,0.088,0.078,0.076,0.608,0.008,0.242,1.906,0.138,0.11,0,0,0,0,0,0,0,0,0,0.028,0,0.008,0,0,0.016,0,0,0,0,0,0.038,0,0,0,0.4302,2.0094,0.009,0.3924,0.375,0.4024,57.5034,2297.8,10648.8,1
0.241765,0.207059,0.292794,0.00544118,0.232059,0.0791176,0.0327941,0.196176,0.318088,0.412059,0.158382,0.542794,0.276029,0.411324,0.0747059,0.267206,0.271471,0.142647,1.9125,0.0927941,0.917794,0.398971,0.307647,0.305,0.304853,0.0776471,0.00382353,0.00220588,0.0025,0.015,0.00529412,0,0.123529,0,0.00647059,0.0776471,0.141912,0.0075,0.0141176,0.0188235,0.0154412,0.00338235,0.00838235,0.0152941,0.0467647,0.0686765,0.00264706,0.0323529,0.0365441,0.112456,0.0247794,0.264882,0.287897,0.100868,5.85384,222.118,2025.71,0.676471
0.358333,0.538958,0.727917,0.03875,0.355208,0.238542,0.207917,0.261875,0.360417,1.08792,0.148958,1.04437,0.125,0.185833,0.344167,0.688542,0.227708,0.481875,1.83979,0.257083,2.27979,0.0114583,0.375417,0.236042,0.199583,0.0925,0.005,0,0,0.0152083,0,0,0.0333333,0,0.0414583,0.01375,0.0760417,0.0179167,0.005,0.00979167,0,0.0152083,0.00708333,0.0102083,0.0764583,0.0297917,0,0.0160417,0.00904167,0.144333,0.0368125,0.852833,0.224292,0.0698542,33.479,455.438,741.021,0.958333
0.155352,0.159577,0.818592,0.13169,0.690563,0.490845,0.269437,0.143239,0.561268,0.5,0.212958,0.658592,0.142254,0.0856338,0.912535,0.298028,0.121408,0.719437,1.51296,0.827746,1.04141,0.0814085,0.498873,0.138451,0.0483099,0.00126761,0.0205634,0.00676056,0,0.00816901,0,0,0.00507042,0.00535211,0.00408451,0,0.0174648,0,0,0.0378873,0,0,0.0830986,0.0112676,0.0422535,0.0343662,0,0,0.00814084,0.0811972,0.00105634,0.464873,0.159479,0.0214225,104.868,785.394,1397.93,0.985915
0.112989,0.143478,0.338152,0.181902,0.303804,0.108152,0.0781522,0.141467,0.359837,0.454783,0.102391,0.515163,0.130326,0.0947283,0.116196,0.291576,0.130924,0.314402,1.44522,0.180217,0.908478,0.861413,0.131685,0.162989,0.417663,0.155652,0.0288043,0.021413,0.00630435,0.0213587,0.0238587,0.00152174,0.0978261,0.00326087,0.108207,0.0328804,0.146467,0.00119565,0.0251087,0.0341848,0.0088587,0.0284239,0.00559783,0.0119022,0.037663,0.0417391,0.00956522,0.0315217,0.0470978,0.124516,0.0333641,0.304636,0.166304,0.105,5.41595,90.8913,1102.46,0.657609
0.0830145,0.28531,0.217245,0.00113946,0.233095,0.0506378,0.0823257,0.0761139,0.0244218,0.177513,0.0358546,0.502674,0.06821,0.0458759,0.0128741,0.209562,0.0625978,0.141752,1.66886,0.0245918,0.621735,0.00394558,0.0340901,0.0643963,0.612895,0.312934,1.40397,0.162934,0.149562,0.139154,0.0909311,0.0676148,0.108134,0.0676148,0.135081,0.115115,0.127555,0.0184566,0.103104,0.0707993,0.0558971,0.220196,0.0465519,0.124753,0.456241,0.240332,0.00468112,0.0381803,0.017855,0.13257,0.0149384,0.22456,0.0312657,0.0259617,2.04852,9.3244,39.9209,0.208333
0.106006,0.117788,0.317064,0.0726883,0.445929,0.141296,0.158885,0.11897,0.0550238,0.236215,0.0549952,0.54878,0.104013,0.0216587,0.0461106,0.310257,0.22102,0.212011,1.67048,0.093775,0.985682,0.0287989,0.141592,0.0894376,0.511697,0.301907,0.171058,0.152297,0.0779504,0.110067,0.0543089,0.0461201,0.0962822,0.0479695,0.109743,0.110763,0.162602,0.00530029,0.0879981,0.073489,0.0417159,0.0388179,0.0724023,0.0483127,0.208379,0.132498,0.00452812,0.0261201,0.0262383,0.148067,0.0182078,0.269066,0.0834919,0.0430038,3.29453,31.8704,157.845,0.515729
0.108946,0.133223,0.329277,0.240909,0.393326,0.122872,0.204607,0.14188,0.135558,0.260682,0.106364,0.550165,0.103161,0.0321488,0.037438,0.290165,0.281508,0.228017,1.75277,0.170744,0.976508,0.521818,0.161302,0.112025,0.449008,0.156612,0.0732231,0.0447521,0.0334711,0.0342562,0.0389256,0.0169421,0.0422934,0.0180579,0.0464876,0.061343,0.138657,0.0136157,0.0303719,0.0726653,0.0199793,0.0356198,0.0282438,0.0223554,0.122769,0.134649,0.00780992,0.0253306,0.13361,0.138304,0.0178678,0.278343,0.119665,0.0925103,6.8438,70.0145,350.165,0.607438
