0.112738,0.025057,0.199506,0.00505703,0.165551,0.070076,0.0953992,0.142471,0.0272624,0.16403,0.0345247,0.488023,0.0939164,0.0142205,0.0336122,0.14076,0.125437,0.208061,1.43452,0.0141065,0.621217,0,0.0406084,0.0318251,0.880798,0.391977,0.223612,0.291673,0.109734,0.185095,0.0713688,0.0478707,0.258745,0.0478707,0.17943,0.122053,0.295627,0.00714829,0.116768,0.0701521,0.0437643,0.119049,0.101939,0.116198,0.303916,0.275475,0.00326996,0.031711,0.0189202,0.192529,0.0220532,0.232894,0.0563574,0.0782091,2.25475,11.9125,65.8935,0.319392
0,0,0.28,0,0.16,0.18,0,0,0,0,0.02,0.09,0.11,0,0,0,0,0,0.14,0,0.02,0,0,0.04,0,0,0,0,0,0,0,0,0,0.07,0,0,0,0,0.02,0,0,0,0,0,0,0,0,0,0,0.116,0.021,0.032,0,0,16.6155,154,9089,1
0.052,0.04,0.188,0,0.072,0.09,0.036,0.064,0.11,0.2,0.044,0.142,0.138,0.018,0.068,0.178,0.094,0.118,0.796,0.008,0.402,0,0.092,0.056,2.784,0.146,0.004,0,0.004,0.066,0,0,0.11,0,0.048,0.036,0.072,0.004,0.056,0.056,0.07,0.004,0.004,0.048,0.078,0.238,0,0,0.0418,0.1012,0.0088,0.137,0.023,0.0138,5.9044,61.4,2046.4,0.2
0.19,0,0.38,0,0,0.19,0,0,0,0,0.19,0.19,0,0,0,0.38,0,0.19,1.14,0,0.38,0,0,0,0,0,0,0,0,0,0,0,0,0,0,0,0,0,0,0,0,0,0,0,0,0,0,0,0.01,0.01,0,0,0,0.003,2.383,21,15841,1
0.34,0,1.7,0,1.02,0,0,0,0.68,1.02,0,0,0,0,0,0,0,0,0.34,1.02,0.68,0,0,0,0.34,0,0,0,0,0,0,0,0,0,0,0,0,0,0,0,0,0,0,0,0,0,0,0,0,0,0,0.9005,0.1055,0,665.5,1330,1331,1
0.0517241,0.36931,0.518276,0,0.661724,0.284828,0.965517,0.0237931,0.0844828,0.44069,0.0165517,0.554828,0.0534483,0.00689655,0.0234483,0.165517,0.11069,0.513103,2.44172,0.143103,1.32793,0.0941379,0.032069,0.0462069,0.0982759,0.0665517,0.0110345,0.0486207,0.0496552,0.0496552,0.0324138,0,0,0,0.0927586,0.0182759,0.0648276,0,0.0648276,0,0,0,0,0.0262069,0.29,0.0151724,0,0,0.00472414,0.119069,0.002,0.498414,0.0281379,0.056,10.2909,135.31,368.069,0.793103
0.351429,0.21,0.367143,0,0.0714286,0.11,0.0257143,0.184286,0.308571,0.568571,0.17,0.761429,0.45,0.861429,0.00428571,0.121429,0.308571,0.0342857,2.41,0.00428571,1.10429,0,0.745714,0.297143,0,0,0.00714286,0.00428571,0.00142857,0,0,0,0.472857,0,0,0.0314286,0.258571,0,0,0.0114286,0.0271429,0.0114286,0.00714286,0.0228571,0.0328571,0.0385714,0,0.0542857,0.0108571,0.109,0.000714286,0.253286,0.577571,0.104857,4.768,169.429,3196,0.714286
0.35,0.08,0.35,0,0.35,0,0,0.52,0.61,1.76,0.17,0.26,0.79,0,0.26,0,0.7,0.35,2.64,0,2.03,0,0.61,0.7,0,0,0,0,0,0,0,0,0,0,0,0.08,0,0,0.08,0.17,0,0,0,0,0.17,0,0,0,0,0.081,0,0.556,0.069,0.011,19.234,1170,3116,1
0.2075,0.155833,0.418333,0,0.3875,0.136667,0.0775,0.0675,0.269167,1.035,0.1375,0.8625,0.474167,0.0916667,0.186667,0.456667,0.0891667,0.42,2.13167,0.469167,1.29333,3.46667,0.145,0.260833,0,0,0,0.0125,0,0,0,0,0.0125,0,0,0.0133333,0,0,0,0.103333,0,0,0.00583333,0.0433333,0.06,0,0,0.0325,0.0854167,0.120917,0.0208333,0.408417,0.0878333,0.2825,7.58933,128.5,1104.83,1
0.130909,0,0.159091,0,0.535455,0.0790909,0.144545,0,0.244545,0.276364,0.412727,0.564545,0.0190909,0.485455,0,0.733636,0.335455,0.0518182,1.79455,3.76273,1.70818,0.525455,0.343636,0.193636,0,0,0,0,0,0,0,0,0.0327273,0,0,0,0,0,0,0,0,0,0.0272727,0,0,0,0,0,0,0.114182,0.00681818,0.304727,0.153727,0.0600909,11.3098,489.545,1437,1
0.508889,0.105556,0.37,0,0.0422222,0.198889,0.00222222,0.154444,0.186667,0.297778,0.236667,0.924444,0.538889,0.947778,0.0611111,0.321111,0.385556,0.196667,2.45333,0.17,0.997778,0,0.232222,0.504444,0,0,0.00111111,0,0.00333333,0.00111111,0,0,0.172222,0,0,0.0255556,0.0911111,0,0.00111111,0.04,0.00666667,0.01,0,0.0255556,0.0644444,0.0133333,0.0222222,0.0633333,0.0175556,0.192778,0.000222222,0.418778,0.289778,0.112222,4.24444,125.333,3531.56,0.888889
0.284706,0.128431,0.330588,0,0.21549,0.233333,0.0515686,0.14098,0.446667,0.30549,0.0719608,0.671569,0.137647,0.181569,0.10549,0.192549,0.249412,0.0792157,1.39196,0.220588,1.06431,0.136667,0.0843137,0.370588,0.797647,0.194314,0.0292157,0.00941176,0.0115686,0.0323529,0.00960784,0.00529412,0.0884314,0.00529412,0.025098,0.0778431,0.127647,0,0.0109804,0.0268627,0.0343137,0.17549,0.0247059,0.00235294,0.0494118,0.0798039,0.00901961,0.0266667,0.0642353,0.175765,0.0111765,0.341451,0.117118,0.0292745,4.10945,73.0196,672.02,0.490196
0.125882,0.170784,0.363725,0,0.605098,0.145882,0.188235,0.198039,0.0684314,0.413922,0.0966667,0.678235,0.112745,0.0288235,0.037451,0.348824,0.318235,0.294314,2.12157,0.148235,1.49216,0,0.252941,0.0635294,0.1,0.0476471,0,0,0,0,0.00784314,0,0.332941,0,0.0198039,0.0123529,0.132941,0,0,0.05,0.00392157,0.0488235,0,0.0537255,0.128039,0.0792157,0,0.0245098,0.00852941,0.0918824,0.00119608,0.402333,0.107647,0.0561373,4.18402,65.6667,217.863,0.705882
0.0767143,0.123429,0.355143,0,0.496286,0.111286,0.0975714,0.113714,0.0697143,0.216857,0.072,0.550714,0.0711429,0.0115714,0,0.307857,0.283286,0.295,1.83271,0.146571,0.883571,0.15,0.197,0.0812857,0.280143,0.0834286,0.0395714,0.0341429,0.00557143,0.0528571,0.00557143,0.01,0.0307143,0.0145714,0.0492857,0.0905714,0.101571,0.001,0.0271429,0.0468571,0,0.024,0.021,0.00828571,0.232714,0.323714,0,0.0305714,0.0701571,0.102757,0.0101286,0.336057,0.119357,0.0276571,4.05054,65.0571,264.657,0.614286
0,0,0,0.04,0,0,0,0,0,0,0,0,0,0,0,0.02,0,0,0.02,0,0,0,0,0,0,0,0,0,0,0,0,0,0,0,0,0,0,0,0,0,0,0,0,0,0,0,0,0,1.024,9.752,0.003,1.542,1.785,1.998,239.571,9989,10062,1
0.0683333,0.318333,0.42,0,0.285,0.161667,0.45,0,0,0.441667,0.0633333,0.865,0,0.0383333,0,1.40167,0.22,0.0633333,3.015,0,1.315,0,0.23,0.146667,0.0483333,0.0483333,0.0483333,0.0966667,0,0,0,0,0,0.0483333,0.0966667,0.0383333,0.101667,0,0,0,0,0,0,0,0.125,0,0,0,0,0.105167,0,0.395833,0.3645,0.0528333,13.5462,321,479.333,0.833333
0.0429466,0.961676,0.11884,0,0.17663,0.0227993,0.00300184,0.0312891,0.00546961,0.0828913,0,0.154843,0.0273297,0.045488,0,0.162063,0.00524862,0.0607919,1.38315,0.0334807,0.350295,0,0,0.0577164,0.245304,0.138527,5.02901,0,0.0813076,0.00766114,0.0230203,0,0.0643462,0,0.0368324,0.0141621,0,0.0339595,0.0501473,0,0.0672928,0.277182,0,0.172891,0.795764,0.312762,0.00399632,0.0578637,0.0102026,0.0707109,0.0191271,0.184972,0.00327993,0,1.31873,2.23757,6.96317,0.038674
0.084,0.2435,0.49675,0,0.27475,0.12725,0.0615,0.07875,0.2755,0.30825,0.0715,0.9285,0.16425,0.077,0.13,0.16525,0.1075,0.16225,1.85425,0.072,0.855,0,0.06525,0.09675,0.6295,0.115,0.02175,0.0125,0.009,0.0105,0.01575,0.004,0.069,0.004,0.01825,0.04725,0.074,0.0035,0.008,0.04475,0.004,0.0185,0.0465,0.0115,0.0045,0.003,0,0.00575,0.236325,0.102125,0.014025,1.60242,0.370725,0.0031,4.12968,44.575,755.075,0.65
0,0.615714,0.152857,0,0.375714,0.0414286,0.0385714,0.177143,0.03,0.607143,0.0271429,0.292857,0.117143,0.888571,0.0142857,0.222857,0.29,0.0842857,1.54571,0.114286,0.971429,1.59571,0,0.0914286,0.277143,0,0.135714,0,0,0,0.135714,0,0,0,0.135714,0,0.281429,0,0,0,0,0,0.0271429,0,0.0142857,0,0,0,0,0.0267143,0,0.215714,0.137286,0.211857,14.8246,277.143,1098.71,0.428571
0.463,0.931,0.931,0,0.463,0,0,0.463,0,1.866,0,2.334,0,0.605,0,0.463,0,0,1.866,0,5.231,0,0,0,0,0,0,0,0,0,0,0,0,0,0,0,0,0,0,0,0,0,0,0,0,0,0,0,0,0.2503,0,1.6712,0.1913,0.0832,59.0805,657,751.2,1
0.203333,0.126667,0.24,0.0433333,0.0933333,0.0866667,0.0166667,0.09,0.266667,0.21,0.103333,0.483333,0.133333,0.393333,0.0233333,0.08,0.12,0.0733333,1.09,0,0.453333,0,0.21,0.173333,0.466667,0.48,0.01,0.00666667,0.00666667,0,0,0,0.596667,0,0,0.0833333,0.7,0.0166667,0,0,0.02,0.0133333,0.00666667,0.04,0.0266667,0.0966667,0.00666667,0.05,0.086,0.161333,0.0603333,0.122,0.182333,0.044,3.70867,90.6667,2696.67,0.333333
0.0936667,0.0693333,0.238333,0,0.298333,0.0893333,0.04,0.216,0.263667,0.309333,0.08,0.58,0.0893333,0.131333,0.0913333,0.0956667,0.195333,0.199,1.17633,0.155667,0.656333,1.11333,0.13,0.0906667,1.03167,0.282333,0.0266667,0.0416667,0.023,0.0436667,0.052,0.00633333,0.237667,0.003,0.059,0.0556667,0.181333,0,0.0406667,0.0276667,0.00433333,0.0133333,0.003,0.00333333,0.0283333,0.002,0.002,0.066,0.0826333,0.114067,0.0538,0.154367,0.0987,0.1229,4.30823,45.1,878.967,0.4
0,0,0,0,0,0,0,0,0,0,0,0,0,0,0,0,0,0,0,0,0,0,0,0,0,0,0,0,0,0,0,0,0,0,0,0,0,0,0,0,0,0,0,0,0,0,0,0,0.022,0.022,0.019,0.022,0.022,0.022,3.482,5,5902,0
0.168283,0.106667,0.299461,0,0.214276,0.0555556,0.17101,0.0623906,0.00632997,0.257677,0.12266,0.751279,0.070303,0.00393939,0.026734,0.226162,0.0619192,0.145118,1.66764,0.00747475,1.14667,0,0.0411448,0.102088,0.600236,0.343502,0.189697,0.20404,0.108855,0.216869,0.100539,0.0632997,0.165152,0.0632997,0.219933,0.114747,0.171111,0.00454545,0.163805,0.0625253,0.0510101,0.173771,0.0510774,0.0874074,0.19202,0.244781,0,0.0248148,0.0117003,0.124556,0.00527609,0.205808,0.0572997,0.0543064,2.47138,12.0067,50.633,0.282828
0.173333,0.09,0.244167,0.0175,0.2975,0.0758333,0.0383333,0.0808333,0.3075,0.305,0.128333,0.491667,0.0883333,0.0108333,0.05,0.106667,0.189167,0.16,1.50917,0.249167,0.710833,0.901667,0.339167,0.2575,0.210833,0.145833,0.0116667,0.00416667,0,0.0191667,0,0,0.0633333,0,0.00666667,0.16,0.184167,0.00666667,0.0225,0.0158333,0,0,0.00666667,0.0183333,0.0375,0.0166667,0.005,0.0308333,0.0465833,0.138,0.0604167,0.17875,0.2005,0.131,5.76142,91.5833,1606,0.583333
0.511111,0.442222,0.302222,0,0.143333,0.03,0.00666667,0.174444,0.555556,0.641111,0.293333,0.677778,0.633333,1.23111,0.03,0.218889,0.43,0.0288889,3.12889,0,1.38778,0,0.523333,0.546667,0,0,0,0,0,0,0,0,0,0,0.00666667,0,0,0,0,0,0,0,0,0,0.0388889,0,0,0,0.00844444,0.0773333,0,0.454444,0.685333,0.131667,6.953,682.889,2398.67,1
0,0.542857,1.03857,0,0.702857,0.25,0.257143,0.155714,0.457143,0.838571,0.321429,0.86,0.0685714,0.207143,0.274286,0.492857,0.25,0.227143,1.84571,0.0257143,1.61714,0,0.757143,0.24,0,0,0,0,0,0,0,0,0.0457143,0,0.0685714,0,0.467143,0.0514286,0,0,0,0,0.0257143,0,0.155714,0.0685714,0,0,0,0.159143,0.0212857,0.74,0.285286,0.0425714,14.6624,363.857,746.286,1
0.0718919,0.167973,0.318243,0.0156757,0.529324,0.113108,0.271081,0.163243,0.0685135,0.266351,0.116486,0.649189,0.0605405,0,0.17473,0.334324,0.301081,0.394324,1.99122,0.382973,1.19405,0.122838,0.251486,0.132162,0.375,0.18473,0.0931081,0.153378,0.0418919,0.121351,0.0418919,0.0418919,0.0216216,0.0601351,0.0716216,0.0783784,0.0832432,0,0.148784,0.105405,0,0.0385135,0.00486487,0,0.188243,0.0460811,0,0.00445946,0.00355405,0.14377,0.00194595,0.331797,0.0719324,0.0311351,5.14045,54.473,140.068,0.662162
0.0748201,0.0614388,0.335108,0.00625899,0.304245,0.155324,0.0704317,0.148777,0.0895683,0.187914,0.0469784,0.488849,0.0905755,0.0384173,0.0217266,0.243597,0.152158,0.163741,1.35734,0.122014,0.73482,0,0.11705,0.077482,0.728417,0.429137,0.13036,0.148777,0.0851079,0.137986,0.0710072,0.0316547,0.11295,0.0316547,0.105899,0.115468,0.240791,0.00496403,0.0873381,0.0613669,0.119065,0.026187,0.0739568,0.0779856,0.16964,0.257986,0.00784173,0.0427338,0.0572014,0.186914,0.0248561,0.131741,0.0582086,0.0315755,2.43704,19.0863,194.619,0.417266
0.168571,0.214286,0.308571,0,0.504286,0.24,0.0471429,0.0471429,0.865714,0.957143,0.108571,1.21571,0.297143,0.0471429,0.3,0.125714,0,0.702857,2.41857,0.08,1.64857,0,0.354286,0.288571,1.33286,0.561429,0.0342857,0,0,0.104286,0,0,0,0,0.0342857,0.0342857,0,0.0714286,0.0342857,0.0185714,0,0.104286,0.0228571,0.07,0,0,0,0,0.00171429,0.0437143,0,0.770143,0.166714,0.041,6.55729,235.571,833.429,0.857143
0.165,0.65,0.145,0,0.675,0.295,0.31,0.52,0.52,1.11,0.405,0.855,0.165,0,0.52,0.65,0.37,0.84,1.995,0.22,2.15,0,0.74,0,0,0,0,0,0,0,0,0,0,0,0,0,0.145,0,0,0.145,0,0,0,0,0,0,0,0,0,0.102,0,0.0825,0.135,0.0105,102.159,950,1202.5,1
0.141471,0.0475,0.240441,0.0142647,0.245882,0.147059,0.0486765,0.0675,0.0536765,0.135,0.045,0.528235,0.128676,0.0438235,0.00132353,0.134265,0.149118,0.119559,1.30529,0.0860294,0.539559,0.557941,0.187353,0.0719118,0.856471,0.286029,0.114853,0.0470588,0.0708824,0.0588235,0.0323529,0.0119118,0.115,0.0119118,0.0457353,0.0835294,0.254706,0.00279412,0.015,0.0142647,0.0388235,0.0441176,0.0497059,0.035,0.0944118,0.365882,0,0.0177941,0.166676,0.181765,0.0320441,0.149162,0.0793676,0.05625,3.14496,24.3382,309.294,0.397059
0.22,0.22,0.22,0,1.77,0.22,0.44,0.44,0.22,2.88,0,0.88,0.22,0,1.105,0.44,0,0.44,3.325,0,3.325,0,0.44,0.44,0,0,0,0,0,0,0,0,0,0,0,0,0,0,0,0.44,0,0,0,0,0,0,0,0,0,0,0,0.5755,0.153,0,86.675,1038,1733.5,1
0.195,0.5,0.4,0.095,0.58,0,0,0,0.39,0.19,0,0.2,0,0,0,0.1,0,0,0.195,0.19,0.39,0,0,0.2,0.095,0,0,0.095,0,0,0,0,0,0.19,0,0,0,0,0,0,0,0,0,0,0,0,0,0,0,0.035,0,0.4155,0.7295,0.015,1062,2123,2124,1
0.0957692,0.0576923,0.189231,0.144423,0.593846,0.161346,0.0553846,0.126923,0.119423,0.130385,0.0669231,0.596346,0.176346,0.0534615,0.00923077,0.128462,0.337115,0.106731,2.08827,0.0678846,0.691346,0.820385,0.274231,0.0505769,0.725962,0.1425,0.0326923,0.0226923,0.0180769,0.0340385,0.0130769,0.0130769,0.0705769,0.0130769,0.0430769,0.0855769,0.103077,0.0407692,0.0180769,0.0130769,0.00730769,0.0278846,0.0338462,0.0025,0.0623077,0.0261538,0.0169231,0.0236538,0.234577,0.0911731,0.00865385,0.106827,0.0976346,0.0706923,2.93135,27.5192,435.135,0.557692
0.284,0.136,0.474,0,0.622,0.232,0.092,0.246,0.038,0.36,0.188,0.898,0.504,0.044,0.012,1.138,0.498,0.188,3.192,0.14,1.408,0,0.546,0.28,0,0,0,0,0,0,0,0,0,0,0,0.14,0,0,0.136,0.044,0,0,0,0,0.044,0,0,0.044,0.0022,0.0778,0,0.5538,0.1722,0.2262,9.1342,298,1462.6,1
0.0875758,0.0766667,0.154242,0.157576,0.246364,0.0915152,0.0363636,0.0924242,0.255758,0.132424,0.0336364,0.617879,0.0566667,0.0730303,0.020303,0.16697,0.210909,0.0418182,0.728182,0.0736364,0.376061,0.228182,0.111212,0.0121212,1.06091,0.27697,0.0290909,0.02,0.0163636,0.0206061,0.00272727,0,0.233636,0,0.0148485,0.0948485,0.241515,0.00363636,0.0378788,0.00727273,0.108182,0.0781818,0.0130303,0.0424242,0.0281818,0.769091,0.0660606,0.04,0.0690909,0.168333,0.0305152,0.0265455,0.0472424,0.0360303,3.08545,29.3939,525.03,0.242424
0.104375,0.124375,0.840625,0,0.696875,0.890625,0.30875,0.215,0.639375,0.2425,0.173125,0.645625,0.213125,0,1.84125,0.229375,0.08,1.0925,1.64313,0.201875,0.555625,0,0.770625,0.178125,0.005625,0.005625,0,0,0,0,0,0,0,0,0.0125,0,0,0,0,0.055,0,0,0.140625,0.05,0.071875,0.066875,0,0,0,0.065375,0,0.421062,0.137625,0.01525,8.467,675.25,1434.19,1
0.5,0.25,0.42,0,0.08,0.23,0.02,0.35,0.35,0.69,0.21,0.9,0.5,0.92,0.02,0.33,0.42,0.02,3.05,0,1.43,0,0.94,0.46,0,0,0,0,0,0,0,0,0,0,0,0,0,0,0,0.02,0,0,0,0,0.02,0,0.02,0,0,0.069,0,0.325,0.523,0.124,6.723,445,4128,1
0.361,0.136,0.545,0.235,0.311,0.359,0.16,0.203,0.322,0.617,0.262,0.443,0.228,0.034,0.34,0.689,0.253,0.526,1.797,0.202,1.3,0.017,0.131,0.361,0.025,0.051,0,0,0,0,0,0,0.103,0,0,0,0,0,0,0.06,0,0,0,0,0.089,0.095,0,0,0.029,0.1937,0,0.6989,0.3662,0.0596,8.6408,272.6,668,0.9
0.29,0.04,0.04,0,0.14,0.04,0,0.29,0.29,0.94,0.14,0.04,0.14,0,0.19,0.04,0.39,0.19,1.6,0.04,0.79,9.53,0.69,0.47,0,0,0,0,0,0,0,0,0,0,0,0.04,0,0,0.04,0,0,0,0,0,0.19,0,0,0,1.117,0.053,0,0.356,0.09,0.011,12.332,1171,9163,1
0.572222,0.391111,0.632222,0,0.167778,0.602222,0.121111,0.402222,0.962222,0.923333,0.0644444,0.415556,0.271111,0,0.766667,0.201111,0.126667,1.47,2.27667,0.825556,1.37667,0,1.27222,0.581111,0,0,0,0,0,0,0,0,0.0366667,0,0.126667,0.0466667,0,0,0,0,0,0,0,0,0.0688889,0,0,0,0.032,0.0556667,0.179778,0.369444,0.198778,0.0421111,14.7073,490.444,919,1
0,0.0854545,0.182727,0,0.742727,0,1.97455,0.984545,0.984545,1.07,0.984545,0.45,0,0.0972727,0,0.845455,2.74091,0.0818182,1.34636,0.984545,3.28,0,0.268182,0.0972727,0,0,0,0,0,0,0,0,0,0,0,0,0.400909,0,0.0972727,0,0,0,0,0,0,0,0,0,0,0.0524545,0,0.727909,0.125909,0.0907273,76.306,286.091,303.455,1
0.0776923,0.252308,0.578462,0,0.314615,0.0369231,0.107692,0,0.0453846,0.482308,0.184615,0.1,0.219231,0,0.121538,0.186154,0.109231,0.583846,0.954615,0.107692,0.774615,1.21,0.0723077,0.205385,0,0,0,0.0123077,0,0,0,0,0.0123077,0.00923077,0,0,0,0,0,0.0784615,0,0,0.0130769,0,0.02,0,0,0,0.0167692,0.0283846,0,0.476,0.321846,0.127692,7.35685,143.231,965.385,1
0,0.1,0.3,0,1.02,0.3,0.1,0.4,0,0.2,0.1,0.92,0,0.1,0,1.94,0.92,0.4,1.94,0.4,0.61,0.92,0.51,0.1,0,0,0,0,0,0,0,0,0,0,0,0.3,0.1,0,0,0.1,0,0,0,0,0,0,0,0,0,0.048,0.016,0.518,0.162,0.34,8.181,283,1890,1
0.092132,0.0905584,0.245279,0,0.400558,0.101574,0.147817,0.102538,0.0371574,0.188122,0.0761421,0.577868,0.0642132,0.0304569,0.0663959,0.348477,0.184924,0.232335,1.72675,0.0244162,0.918832,0.0239594,0.0639594,0.0784264,0.657208,0.363452,0.244822,0.232538,0.0896954,0.141675,0.0630964,0.0778173,0.0754315,0.0778173,0.11401,0.17198,0.136345,0.01,0.126091,0.0739594,0.041269,0.0445685,0.102183,0.11533,0.258477,0.254112,0.0117767,0.0195939,0.0243046,0.147985,0.0135939,0.200802,0.0598274,0.0494061,2.28041,13.4873,102.67,0.406091
0,0.144667,0.148,0,0.490667,0,0.33,0.164,0.016,0.0326667,0.0626667,0.873333,0,0,0.016,0.572667,0.42,0.290667,1.604,0,1.22667,0,0,0,0,0,0.42,0,0,0,0.42,0,0,0,0.0933333,0,0,0,0,1.26667,0,0,0,0,0.082,0,0,0,0,0.222733,0.0396,0.0398,0,0,15.2805,203.333,389.8,0.4
0.348333,0,1.74833,0,1.04833,0,0.108333,0,0.571667,0.905,0,0,0,0,0,0,0,0,0.348333,0.921667,0.445,0,0,0,0.348333,0,0,0,0,0,0,0,0,0,0,0,0,0,0,0,0,0,0,0,0,0,0,0,0,0,0,0.921,0.0883333,0,358.583,1216,1286.5,1
0.185,0.095,0.805,0,0.76,0.455,0,0.33,0.625,0.385,0.125,0.625,0.27,0,1.33,0.04,0.095,1.28,1.805,0.27,0.595,0,0.84,0.38,0,0,0,0,0,0,0,0,0,0,0.045,0,0,0,0,0.08,0,0,0.08,0,0.04,0.04,0,0,0.006,0.0675,0,0.4625,0.154,0.023,11.692,680,1761.5,1
0.071875,0.02125,0.17,0,0.22875,0.038125,0.061875,0.10875,0.318125,0.096875,0.0625,0.3125,0.06125,0.09125,0.003125,0.305,0.043125,0.325,0.910625,0.0375,0.82125,0,0.07,0.0375,0.574375,0.2525,0.026875,0.011875,0.005625,0.020625,0.015,0.005625,0.181875,0.005625,0.0275,0.044375,0.248125,0,0,0.034375,0.035,0.05,0.014375,0.0125,0.02875,0.14,0.06125,0.11125,0.0555625,0.164312,0.02575,0.255,0.192063,0.0154375,4.14281,51.5625,1140.12,0.5
0.054,0.088,0.042,0,0.062,0.026,0.034,0.064,0.032,0.086,0.004,0.33,0.014,0.07,0.004,0.074,0.042,0.026,0.388,0.014,0.622,0,0.082,0.068,0.786,0.47,0.022,0,0.004,0.034,0,0,0.68,0,0,0.048,0.292,0.01,0.034,0.004,0.026,0.018,0.002,0.042,0.07,0.066,0.018,0.02,0.0706,0.137,0.0248,0.013,0.0366,0.0006,2.8538,64.8,3284.6,0.6
0.0263636,0.0381818,0.174545,0,0.175455,0.0309091,0.0490909,0.0481818,0.13,0.279091,0.0545455,0.384545,0.0190909,0,0.143636,0.153636,0.06,0.136364,1.45182,0.663636,1,1.44545,0.0654545,0.0154545,0.657273,0.257273,0.0345455,0.0745455,0,0.0609091,0.0645455,0,0.00363636,0,0.444545,0.0118182,0.140909,0,0.0427273,0.0427273,0.00363636,0.0981818,0,0.0336364,0.0981818,0.0218182,0.0109091,0.0154545,0.00836364,0.126091,0,0.215909,0.116273,0.136909,4.73991,45.1818,1220.82,0.545455
0.0422038,0.0567536,0.247891,0,0.306445,0.0434597,0.0538152,0.0558057,0.0236019,0.156422,0.0173223,0.803483,0.0622038,0.0691232,0.00402844,0.159716,0.0347156,0.149716,1.96822,0.0236493,0.477512,0,0.0050237,0.0864692,0.182441,0.167014,0.353009,0.0335071,0.183744,0.0566351,0,0,0.12763,0,0.0367536,0.0127962,0.0743365,0.0311374,0.0603081,0.0103081,0.0573934,0.391777,0.0420616,0.117204,0.411209,0.23455,0.00691943,0.040237,0.02759,0.118078,0.0137701,0.239858,0.00612559,0.00565166,1.66514,4.86019,19.6635,0.127962
0.448889,0.264444,0.424444,0.478889,0.0555556,0.138889,0.0455556,0.214444,0.386667,0.612222,0.222222,0.843333,0.532222,1.11556,0,0.222222,0.386667,0.0411111,3.01667,0,1.32778,0,0.891111,0.372222,0,0,0,0,0,0,0,0,0,0,0,0,0.00888889,0,0,0,0,0,0,0.00333333,0.0411111,0,0.00333333,0,0.0403333,0.065,0,0.389778,0.721556,0.155222,6.89722,194,3029.44,1
0.0628571,0.197143,0.455714,2.73714,0.581429,0.15,0.165714,0.02,0.262857,0.288571,0.0457143,0.477143,0.0771429,0.0228571,0.197143,0.477143,0.0328571,0.371429,1.54857,0.0357143,0.588571,1.35429,0.0728571,0.104286,0,0,0,0,0,0,0,0,0,0,0,0,0.0371429,0,0,0.0271429,0,0.0114286,0,0,0,0.121429,0,0,0.00385714,0.0591429,0.0212857,0.254286,0.0458571,0.058,8.20257,138,1270.71,0.857143
0.137273,0.129091,0.567273,0,0.392727,0.0863636,0.257273,0.126364,0.0263636,0.531818,0.0227273,0.691818,0.246364,0,0,0.533636,0.345455,0.260909,2.09182,0.0890909,0.719091,0,0.706364,0.139091,0.491818,0.101818,0,0,0.0454545,0.0227273,0,0,0,0.0563636,0,0.0181818,0.182727,0,0,0,0,0.0181818,0,0,0.141818,0,0,0.109091,0.0415455,0.192727,0,0.472818,0.242727,0.0152727,10.1575,162.091,498.727,0.636364
0.0854167,0.1375,0.4325,0.0216667,0.22,0.1225,0.04875,0.313333,0.298333,0.581667,0.151667,0.495833,0.09,0.0316667,0.192917,0.44375,0.244583,0.0529167,1.24333,0.112917,0.74125,0,0.0666667,0.2075,0.589167,0.1875,0.0120833,0.0420833,0.0075,0.0433333,0.0183333,0,0.10875,0.00708333,0.167917,0.0520833,0.21,0.00541667,0.0475,0.01875,0.0304167,0.0270833,0.00166667,0.00458333,0.0791667,0.141667,0.0104167,0.0366667,0.0520833,0.183667,0.00904167,0.242125,0.165125,0.046625,3.23808,53.375,964.292,0.666667
0.5,0.626667,0.753333,0,0.373333,0.126667,0,0.246667,0.246667,1.38333,0.246667,2.27333,0,0.246667,0,0.246667,0,0,2.15,0,4.04333,0.126667,0.246667,0,0,0,0,0,0,0,0,0,0,0,0,0,0.123333,0,0,0,0,0,0,0,0,0,0,0,0,0.172333,0,0.872667,0.131,0.064,70.3683,807.333,965.667,1
0.0871429,0.0385714,0.155714,0,0.0285714,0.0185714,0,0.0357143,0.0557143,0.0657143,0.0357143,0.357143,0.0214286,0.0371429,0.00285714,0.0271429,0.0557143,0.0771429,0.392857,0.0271429,0.23,0.505714,0,0,0.35,0.141429,0.0128571,0.0114286,0.0185714,0.0328571,0.0514286,0,0.362857,0,0.0185714,0.0985714,0.31,0.0228571,0.0457143,0.0242857,0.0771429,0.01,0.0114286,0.0485714,0.0214286,0.331429,0.00714286,0.0514286,0.121571,0.184714,0.0585714,0.0294286,0.00228571,0.031,3.01729,41.7143,1799.71,0
0.109524,0.205238,0.996667,0,0.644762,0.761429,0.452381,0.101905,0.744762,0.28381,0.267143,0.854286,0.24619,0,1.25333,0.268571,0.057619,1.1719,1.62476,0.180476,0.829524,0,0.682381,0.114762,0,0,0,0,0,0,0,0,0,0,0,0,0,0,0,0.0228571,0,0,0.132857,0,0.0842857,0.0614286,0,0,0.00852381,0.109238,0,0.384476,0.16881,0.0151429,8.74581,650.095,1345.19,1
0.14375,0.122656,0.500156,0,0.443438,0.0825,0.325781,0.055,0.0548437,0.221875,0.144062,0.586875,0.154219,0.0548437,0.0740625,0.272656,0.174844,0.279531,2.13188,0.13875,1.04703,0.0679688,0.29,0.0946875,0.331875,0.171719,0.0323438,0.173125,0.0160938,0.12125,0.0160938,0.0160938,0.0614063,0.0160938,0.156719,0.101094,0.157188,0,0.0254687,0.117344,0.0214062,0.0359375,0.0148437,0.0145313,0.140938,0.0445313,0,0.0170313,0.0125156,0.0784844,0.00164062,0.484344,0.121562,0.0410469,5.4355,59.6562,181.172,0.640625
0.2,0.225,0.30125,0.0125,0.275,0.15875,0.01625,0.595,0.27125,0.28375,0.08625,0.71875,0.30875,0.1925,0.12875,0.61375,0.29,0.29,1.78625,0.15875,0.81875,1.27125,0.22875,0.3725,0.01,0,0,0,0,0.02875,0,0,0.02375,0,0,0.06125,0.06,0.02375,0,0.02875,0,0,0.01,0,0.04,0,0,0,0.011875,0.081,0.03775,0.255375,0.104125,0.141875,6.0095,200.75,1677.62,0.75
0.119412,0.0561765,0.229412,0,0.324706,0.142059,0.0423529,0.147647,0.0488235,0.169412,0.0858824,0.482059,0.144412,0.00941176,0.0132353,0.0864706,0.195,0.170294,1.02353,0.135882,0.534412,0.304706,0.192059,0.0726471,0.665588,0.347059,0.121176,0.217647,0.104706,0.112353,0.0520588,0.0520588,0.0602941,0.0520588,0.0958824,0.130294,0.173529,0.0482353,0.0967647,0.0938235,0.0894118,0.126176,0.0508824,0.00588235,0.118824,0.176471,0,0.0655882,0.155529,0.189676,0.0234118,0.128971,0.0598235,0.0695882,2.83703,26.5882,382.088,0.382353
0.59,0.09,0.09,0,0.29,0.09,0,0.59,0.59,2.09,0.29,0.09,0.29,0,0.39,0.09,0.79,0.39,3.19,0.09,1.69,0,1.39,0.99,0,0,0,0,0,0,0,0,0,0,0,0.09,0,0,0.09,0,0,0,0,0,0.19,0,0,0,0.044,0.078,0,0.334,0.133,0.011,15.493,1171,2541,1
0,0.324,0.602,0,0.264,0,0.534,0.114,0.108,0.594,0.264,0.816,0.162,0.218,0,0.93,0.392,0.05,1.86,0.462,1.65,0,0,0,0,0,0,0,0,0,0,0,0,0,0,0,0,0,0,0,0,0,0,0,0.162,0,0,0,0,0.0956,0,0.6226,0.0898,0.1478,14.119,423.2,588.6,1
0.79,0.9625,0.945,0,0.7625,0,0.4225,0,0.585,2.0925,0,1.5325,0,0,0.7525,2.7325,0.7725,0,1.165,0,2.335,0,0,0.4025,0,0,0,0,0,0,0,0,0,0,0,0,0,0,0,0,0,0,0,0,0,0,0,0.1925,0,0.0335,0,1.56425,0.6845,0.023,128.925,437.25,525.75,1
0.0593814,0.0640206,0.249794,0,0.263093,0.0382474,0.190619,0.228247,0.118969,0.175773,0.0407217,0.452268,0.0780412,0.0964948,0,0.571134,0.105567,0.234536,2.19526,0.0314433,1.16278,0.0398969,0.136701,0.062268,0.350206,0.202474,0.111134,0.00793814,0,0.0241237,0.0161856,0,0.0226804,0,0.0204124,0.0637113,0.0625773,0,0.0327835,0.00628866,0,0.0817526,0,0.0419588,0.310103,0.189588,0,0.0250515,0.00318557,0.0745773,0.005,0.524619,0.0739278,0.00463918,4.58562,36.7216,78.0515,0.56701
0,0,0,0,0,0,0,0,0,0,0,0,0,0,0,0.58,0,0,0,0,0,0,0,0,0,0,1.46,0.29,0,0.58,0,0,0,0,0,0,0.58,0,0,0,0,0,0,0,0,0,0,0,0,0.018,0,0,0,0,251,1488,1506,0
0.224857,0.0482857,0.523143,0.0165714,0.305714,0.0862857,0.133429,0.205714,0.0768571,0.206,0.084,0.403429,0.0725714,0.00857143,0,0.574286,0.298286,0.112857,2.22286,0.219143,1.15657,0.565714,0.135429,0.155143,0.0671429,0.0434286,0,0.0262857,0.0157143,0.0205714,0,0,0,0.00857143,0.0262857,0.0331429,0.117429,0,0.0165714,0.0562857,0,0,0.0405714,0,0.198,0.0442857,0.0397143,0.0811429,0.0211143,0.118571,0.0189143,0.393457,0.420914,0.3008,5.71911,75.4286,318.886,0.714286
0.358,0.264,0.658,0,0.404,0.09,0.056,0.078,0.48,0.592,0.286,0.742,0.342,0.714,0.368,0.158,0.27,0.206,2.822,0.064,1.22,0,0.462,0.442,0,0,0,0,0,0,0,0,0,0,0,0,0,0,0,0.012,0,0,0.024,0,0.07,0.012,0,0,0.0042,0.0896,0,0.3802,0.7542,0.0766,8.1344,317.2,2261.6,1
0.205,0.358571,0.446429,4.03143,0.335714,0.129286,0.0692857,0.215714,0.498571,0.709286,0.0792857,0.637143,0.282143,0.198571,0.355,0.212143,0.183571,0.587143,2.23714,0.49,1.54643,0,0.296429,0.292857,0.180714,0.00714286,0.121429,0.0457143,0.00428571,0.0314286,0,0,0.0314286,0,0.01,0.00642857,0.0392857,0,0.0621429,0.0542857,0,0.153571,0.00785714,0.0114286,0.0721429,0,0,0.01,0.00378571,0.208214,0.0216429,0.391357,0.130786,0.0533571,5.84907,131,817.5,0.785714
0.0965158,0.124525,0.21181,0.0061086,0.308597,0.0511312,0.0985068,0.148914,0.0268778,0.374887,0.0449774,0.554163,0.0923529,0.0671041,0.0276471,0.143756,0.113982,0.139683,1.50425,0.041267,0.52,0.0116742,0.0583258,0.05819,0.617285,0.418507,0.302941,0.344661,0.104977,0.156742,0.0957014,0.0866516,0.0860181,0.0866516,0.162851,0.180136,0.196425,0.00452489,0.135566,0.0780995,0.0262896,0.0592308,0.108914,0.107964,0.299819,0.136787,0.0110407,0.0428054,0.0234751,0.192557,0.0151719,0.225977,0.0441538,0.0159186,2.33832,12.6606,82.5068,0.325792
0.01,0.01,0.07,0,0.05,0,0,0.01,0.03,0.13,0.05,0,0,0.05,0,0,0.01,0.07,0.01,0,0.01,0,0,0,0,0,0,0,0,0,0,0,0.07,0,0,0.13,0,0,0,0.01,0.46,0,0,0.03,0,0.8,0.01,0.07,0.05,0.301,0.131,0.002,0.09,0.002,2.577,82,5395,0
0,0,0.08325,0,0.03325,0,0,0,0,0,0,0,0,0,0,0,0,0.29775,0.078,0,0.03325,0,0,0,10.9963,2.8555,1.97325,2.271,1.904,2.271,2.20175,1.904,0,1.904,2.20175,2.20175,0.03325,0.1,0.03325,1.904,0,0.1,0,0,1.00925,0,0,0,0.021625,0.535975,0.0054,0.0455,0,0,3.4135,13,28.825,0
0.334444,0.354444,0.286667,0,0.283333,0.0511111,0.0655556,0.14,0.557778,0.565556,0.26,0.66,0.432222,0.951111,0.0233333,0.188889,0.342222,0.0388889,2.88556,0.0222222,1.42333,0,0.326667,0.395556,0,0,0,0,0,0,0,0,0,0,0,0.00444444,0.0222222,0,0,0,0,0,0,0,0.0377778,0,0,0,0.0124444,0.0853333,0.00355556,0.363,0.417556,0.108111,5.27922,115,2224.56,1
0.0931034,0.164138,0.486897,0.680345,0.403793,0.202759,0.456552,0.241379,0.0451724,0.275517,0.184828,0.510345,0.0775862,0.00931035,0,0.410345,0.393103,0.357586,2.25862,0.583103,1.91379,0,0.153103,0.237931,0.0196552,0.0196552,0,0,0,0,0,0,0.00931035,0,0,0.0344828,0.108966,0,0.0824138,0,0,0,0,0,0.117241,0.0427586,0,0,0.0122069,0.109517,0.0293793,0.435655,0.181069,0.0314138,9.24048,145.172,278.966,0.965517
0.116346,0.0565385,0.205769,0.00211538,0.200385,0.0736538,0.0263462,0.237692,0.143846,0.153462,0.0759615,0.697885,0.0909615,0.0830769,0.01,0.125577,0.384231,0.0494231,0.860192,0.153269,1.04327,0.158077,0.100962,0.0938462,1.50481,0.167885,0.0188462,0.00769231,0.0075,0.0211538,0.0205769,0,0.108077,0.00211538,0.0205769,0.0915385,0.209038,0.0292308,0.00942308,0.0325,0.109808,0.065,0.00576923,0.0196154,0.0194231,0.137115,0,0.0188462,0.178712,0.191365,0.0155385,0.188385,0.0785192,0.103423,3.38285,37.9423,594.269,0.365385
0.10615,0.106658,0.278636,0,0.246604,0.0723262,0.0768182,0.0460963,0.0368984,0.175455,0.0201337,0.535053,0.101096,0.0599465,0.0108556,0.276203,0.0675668,0.12516,1.92209,0.0125134,0.634759,0,0.0614973,0.0402941,0.41754,0.344225,0.353316,0.129786,0.173209,0.116444,0.103636,0.0653476,0.0535027,0.0653476,0.103396,0.123743,0.22369,0.00641711,0.176738,0.0710963,0.0919519,0.240829,0.0517647,0.154118,0.448289,0.190936,0.00272727,0.0331016,0.0226952,0.147198,0.0188556,0.217623,0.0428877,0.0201711,1.94752,8.74332,35.9813,0.213904
0.136216,0.265946,0.267568,2.31216,0.253243,0.0637838,0.0264865,0.111081,0.457568,0.225405,0.0602703,0.488378,0.0748649,0.0118919,0.0672973,0.361622,0.115135,0.252432,1.63514,0.0651351,0.998649,0,0.0827027,0.225946,0.431622,0.116216,0.162432,0.0072973,0.0448649,0.0072973,0.0072973,0.0072973,0.00405405,0.0072973,0.0135135,0.052973,0.105946,0.0381081,0.022973,0.0689189,0,0.02,0.0508108,0.00783784,0.0708108,0.0351351,0,0.0262162,0.0152973,0.140514,0.0132162,0.325568,0.14973,0.0511081,7.02946,82.2973,417.865,0.648649
0.0818396,0.136981,0.294717,0.00382075,0.395189,0.219387,0.127123,0.0991038,0.0457547,0.248019,0.0323113,0.569292,0.082783,0.0090566,0.00457547,0.235849,0.128726,0.188396,1.50986,0.0167925,1.16505,0.00584906,0.114434,0.111321,0.618113,0.352783,0.251887,0.154387,0.11467,0.133066,0.0791981,0.0745755,0.117453,0.0745755,0.126415,0.109245,0.196698,0.00108491,0.0941981,0.082783,0.0528302,0.0505189,0.113066,0.019434,0.243396,0.0839623,0.0125472,0.0175943,0.0305613,0.174401,0.0289104,0.170797,0.0675047,0.0146934,2.48388,17.6038,153.524,0.462264
0.117857,0.172857,0.423571,0,0.720357,0.0967857,0.130357,0.175714,0.192857,0.456786,0.100357,0.555,0.0896429,0.175,0.104643,0.243214,0.303929,0.164643,1.84786,0.169286,1.22107,0.578929,0.0864286,0.193929,0.174286,0.102857,0.0167857,0.0157143,0.00535714,0.00535714,0.0157143,0.00535714,0.0946429,0.00535714,0.0157143,0.0364286,0.131071,0.0189286,0.0167857,0.0221429,0,0.2075,0.0203571,0.0260714,0.0953571,0,0.00321429,0,0.0121429,0.1145,0.0132857,0.326429,0.113786,0.0706786,4.62786,113.893,600.786,0.785714
0.036,0.038,0.134,0,0.156,0.05,0,0.03,0.052,0.076,0.006,0.318,0.024,0.018,0.006,0.028,0.152,0.118,0.184,0.002,0.108,0.058,0.008,0,0.096,0.098,0.014,0.008,0.008,0,0,0,1.242,0,0,0.1,0.824,0.004,0.01,0.03,0.064,0.02,0.03,0.018,0.016,0.23,0.014,0.248,0.0644,0.1596,0.013,0.011,0.0096,0.0044,2.2954,53.4,3015.2,0
0.134865,0.488649,0.356757,1.91676,1.01486,0.16027,0.638378,0.169189,0.0643243,0.403784,0.0472973,0.678919,0.176216,0.0908108,0,0.809459,1.7027,0.264865,2.09892,0.303784,1.67838,0,0.00864865,0.155676,0,0,0,0,0,0.0262162,0,0,0,0,0,0.0578378,0.125946,0.0421622,0,0.00918919,0,0,0,0,0.00918919,0,0,0,0,0.126135,0,0.757622,0.153568,0.0357838,8.13586,130.514,189.757,0.918919
0.178,0.188,0.23,0,0.164,0.056,0.024,0.064,0.288,0.374,0.11,0.386,0.202,0.424,0.012,0.14,0.192,0.046,1.33,0.004,0.61,0,0.166,0.222,0.342,0.354,0.002,0,0,0,0,0,0.532,0,0.002,0.032,0.498,0.008,0,0.004,0.02,0.004,0.018,0.004,0.122,0.066,0.01,0.086,0.0896,0.1686,0.0232,0.1644,0.2202,0.0498,3.9428,72.6,2439.4,0.6
0,0.02,0.05,0,0.02,0,0,0.05,0,0.35,0,0.02,0,0,0,0.05,0.1,0.38,0.07,0.2,0.17,0,0,0,0.02,0,0,0,0,0,0,0,0,0,0,0,0,0,0,0,0,0,0,0,0,0,0,0,0,0.004,0,0.108667,0.0173333,0.0173333,3.922,489,3271,1
0,0,0.46,0,0,0,0,0.15,0,0,0,0.15,0,0,0,0,0,0.46,0.93,0,0,0,0.46,0,0,0,0,0,0,0,0,0,0,0,0,0.15,0,0,0,0.93,0,0,0,0,0,0,0,0,0.071,0.071,0,0.095,0.023,0,62.75,1505,2761,1
0.155,0.1275,0.303333,0,0.290833,0.11,0.0408333,0.159167,0.259167,0.5325,0.0816667,0.551667,0.1425,0.0483333,0.103333,0.145,0.109167,0.218333,1.78167,0.02,1.01583,1.24583,0.335,0.265833,0.275,0.149167,0.0075,0.01,0,0.00666667,0.01,0,0.0283333,0.0108333,0.00333333,0.0491667,0.155,0,0.00916667,0.0125,0,0,0,0.0225,0.0258333,0.0441667,0,0.0175,0.0406667,0.132583,0.0204167,0.2285,0.276083,0.135833,6.643,114.917,1474.25,0.666667
0.128235,0.138824,0.300588,0.140784,0.387647,0.0829412,0.0743137,0.104902,0.219608,0.353922,0.162941,0.835686,0.123529,0.0309804,0.0898039,0.183137,0.137647,0.250784,1.51157,0.0656863,0.794902,1.31039,0.125686,0.212745,0.517451,0.209412,0.0231373,0.0303922,0.0256863,0.0419608,0.0160784,0.0221569,0.0996078,0.00647059,0.0384314,0.0884314,0.114706,0.0219608,0.00882353,0.0137255,0.0447059,0.0527451,0.0045098,0.00372549,0.0541176,0.0829412,0.00215686,0.0168627,0.0373725,0.132941,0.00841176,0.214216,0.0614118,0.144431,4.22025,47.9412,482.373,0.647059
0.256667,0.203333,0.316667,0.02,0.183333,0.123333,0.0766667,0.396667,0.136667,0.393333,0.1,0.646667,0.38,0.14,0.08,0.196667,0.113333,0.25,2.42,0.0433333,1.06667,0,0.24,0.413333,0.0133333,0.0133333,0,0,0,0,0,0,0,0,0,0.23,0.216667,0,0,0.0233333,0,0.0266667,0.0266667,0.0533333,0.01,0.0933333,0,0.296667,0.009,0.151667,0.0236667,0.306333,0.209667,0.0146667,3.89867,133.333,1980.33,0.666667
0.158649,0.0905405,0.498919,0.00459459,0.303784,0.142973,0.0540541,0.111892,0.222703,0.388919,0.112432,0.857027,0.157297,0.104324,0.0432432,0.172432,0.102973,0.176216,2.39351,0.0943243,1.79297,0.00459459,0.18,0.136486,0.231622,0.087027,0,0.0291892,0,0.0145946,0.00432432,0,0.0340541,0,0.0367568,0.0210811,0.0497297,0.0113514,0.0475676,0.00216216,0,0.0483784,0.0110811,0.00648649,0.125946,0,0.0072973,0.00216216,0.018973,0.169243,0.0206216,0.377865,0.0664595,0.0358378,4.29941,73.5946,537.649,0.864865
0.0791304,0.0882609,0.172319,0,0.38971,0.165797,0.228116,0,0.0634783,0.272754,0.0394203,0.372174,0.18029,0.0249275,0,0.556087,0.0636232,0.178261,2.02928,0.185507,0.778696,0.0375362,0.02,0.167391,0.0869565,0.100145,0.0517391,0.0602899,0,0.0214493,0,0,0.0537681,0,0.0389855,0.0568116,0.0294203,0,0.0117391,0.0197101,0.00376812,0.012029,0.0101449,0.0392754,0.270435,0.316522,0,0,0.0105507,0.0497391,0.00281159,0.235696,0.0406232,0.327667,4.85526,52.4203,102.826,0.536232
0.15,0.215,0.4325,2.29,0.1675,0.65,0.2375,0.5175,0.6675,0.7675,0.1,0.6675,0.1,0,1.14,0,0.4425,1.39,1.8375,0.3,0.9725,0,0.25,0.3325,0,0,0,0,0,0,0,0,0,0,0.0325,0,0,0,0,0,0,0,0.1,0,0,0,0,0,0.09675,0.08725,0,0.38375,0.1415,0.0275,11.1945,639.25,1164,1
0.18069,0.0993103,0.395172,0.00551724,0.303103,0.149655,0.14931,0.146897,0.76069,0.432069,0.115517,0.61931,0.0762069,0.0593103,0.0434483,0.284483,0.0744828,0.471034,1.77793,0.263793,1.17931,0.101034,0.122759,0.258966,0.342069,0.17,0.0248276,0.0106897,0,0.0203448,0.0224138,0,0.0858621,0,0.266552,0.0155172,0.164138,0.00172414,0.0365517,0.0258621,0.00344828,0.0641379,0.00827586,0.017931,0.0265517,0.0103448,0.012069,0.0117241,0.0503793,0.104034,0.0992414,0.458034,0.232034,0.0341034,3.56838,55.3793,1049.59,0.655172
0.4,0.196,0.318,0,0.078,0.12,0.022,0.092,0.332,0.434,0.2,0.784,0.352,0.934,0.058,0.148,0.298,0.192,2.598,0,0.906,0.256,0.736,0.41,0,0,0,0,0,0,0,0,0,0,0,0,0,0,0,0,0,0,0,0,0.036,0,0.008,0,0.0062,0.078,0.002,0.2448,0.2692,0.1498,10.5674,179.2,3305.4,1
0.118542,0.183958,0.420208,0.0470833,0.335833,0.0758333,0.140833,0.2175,0.186667,0.586667,0.119167,0.507708,0.08875,0.05,0.140833,0.371042,0.277083,0.290833,1.62021,0.265208,1.035,1.10333,0.187292,0.0772917,0.588333,0.255833,0.09625,0.0460417,0.0270833,0.0172917,0.0883333,0.0172917,0.033125,0.0172917,0.0464583,0.0172917,0.185208,0.018125,0.0289583,0.0741667,0.048125,0.0745833,0.0172917,0.117708,0.0897917,0.0129167,0.0314583,0.0139583,0.539771,0.152688,0.0119583,0.386104,0.08925,0.188729,4.48904,47.1875,349.938,0.604167
0.38,0,1.9,0,1.14,0,0,0,0.38,0.38,0,0,0,0,0,0,0,0,0.38,0.76,0,0,0,0,0.38,0,0,0,0,0,0,0,0,0,0,0,0,0,0,0,0,0,0,0,0,0,0,0,0,0,0,1.008,0.059,0,589,1177,1178,1
0,0.08,0.25,0,0.84,0.25,0.08,0.33,0,0.16,0.08,0.76,0,0.08,0,1.605,0.76,0.33,1.56,0.33,0.5,0.84,0.42,0.08,0,0,0,0,0,0,0,0,0,0,0,0.25,0.08,0,0,0.08,0,0,0,0,0,0,0,0,0,0.047,0.015,0.51,0.157,0.3295,7.2585,292,2047,1
0.0628302,0.119717,0.311415,0.0113208,0.33283,0.117075,0.111509,0.119623,0.0512264,0.286981,0.0717925,0.513208,0.198208,0.0353774,0.0961321,0.16,0.121604,0.251509,1.35868,0.0549057,0.785849,0.345,0.141981,0.0921698,0.699528,0.310566,0.186038,0.121981,0.106981,0.110094,0.0609434,0.0683019,0.0903774,0.0683019,0.0798113,0.10566,0.158396,0.0143396,0.075566,0.089717,0.0132075,0.0285849,0.0918868,0.0473585,0.122642,0.0638679,0,0.0161321,0.0471698,0.181302,0.0276321,0.157443,0.122585,0.0458679,2.97914,23.2736,247.585,0.537736
0.160235,0.0846479,0.318216,0.00605634,0.424038,0.106103,0.115681,0.131033,0.0371831,0.166244,0.0321127,0.434977,0.0814554,0.00342723,0.0258685,0.331268,0.14662,0.152723,1.74803,0.0343662,0.84831,0.0314554,0.159531,0.0495305,0.504131,0.381596,0.220141,0.176573,0.0869484,0.112582,0.0530986,0.0533803,0.0858216,0.0561502,0.139155,0.117136,0.142958,0.00338028,0.107981,0.0544131,0.0399061,0.0502817,0.0803756,0.0480282,0.269671,0.144977,0.00131455,0.0539906,0.0231549,0.138761,0.0231268,0.335066,0.0832582,0.0241972,2.54589,19.1315,123.915,0.474178
0.0535294,0.0988235,0.268235,0,0.127059,0.0770588,0.0688235,0.0388235,0.424706,0.147647,0.0717647,0.301176,0.0576471,0.0688235,0.0852941,0.161765,0.0605882,0.138824,0.815294,0.0152941,0.555294,0.784706,0.0894118,0.0264706,0.394118,0.262941,0.0194118,0.0158824,0.0294118,0.00647059,0.02,0,0.121176,0,0.0388235,0.0294118,0.192941,0.00235294,0,0.0141176,0.00411765,0.0282353,0,0.00588235,0.0294118,0.00352941,0,0.00470588,0.06,0.239941,0.0414118,0.101529,0.0925294,0.109647,4.47865,67.0588,1334.24,0.470588
