0.0342424,0.238485,0.61303,0.597879,0.427273,0.176364,0.18697,0.170303,0.0515152,0.204242,0.146061,0.537576,0.105152,0,0,0.413333,0.236667,0.437273,2.26212,0.495758,1.39,0.0260606,0.124545,0.151515,0.0784848,0.0933333,0.00969697,0,0.0436364,0.0436364,0,0,0.00818182,0,0.0387879,0.0572727,0.192121,0,0.09,0.00575758,0,0,0.0406061,0.0230303,0.105152,0.0375758,0,0.0527273,0.0140303,0.0810303,0.0293939,0.421727,0.063697,0.0365152,6.17006,125.636,304.182,0.848485
0.0980723,0.0645783,0.268916,0,0.356867,0.10747,0.166988,0.053253,0.00771084,0.166867,0.0563855,0.667108,0.0591566,0.033494,0.026988,0.0584337,0.196867,0.049759,2.01904,0.00542169,0.51494,0,0.118675,0.0606024,0.155542,0.0440964,0.218675,0.0140964,0.0156627,0.0721687,0,0,0.106867,0,0.0231325,0.0771084,0.144819,0.00662651,0.0520482,0.00313253,0.0774699,0.216386,0.00951807,0.086747,0.297711,0.0818072,0,0.0685542,0.0181687,0.113325,0.00912048,0.225675,0.0170602,0.0106024,1.60686,5.78313,43.0361,0.168675
0,0,0,0,0,0,0,0,0,0,0,0,0,0,0,0,0,0,0,0,0,0,0,0,16.3043,1.09857,0,0,0,0,0,0,0,0,0,0,0,0,0,0,0,0,0,0,2.88357,0,0,0,0,0,0,0.0802143,0,0,4.16179,16.5714,25.5,0
0,0,0,0,0,0,0,0,0,0,0,0,0,0,0,0,0,0,0,0,0,0,0,0,0,0,0,0,0,0,0,0,0,0,0,0,0,0,0,0,0,0,0,15.83,0,0,0,0,0,0,0,0,0,0,1.475,2.5,5.25,0
0.132955,0.0631818,0.392045,0,0.864773,0.142727,0.156591,0.211136,0.103182,0.343864,0.1125,0.789773,0.0290909,0.0436364,0.0227273,0.295455,0.550682,0.176136,2.11705,0.192727,1.29864,0,0.284545,0.0375,0.34,0.0820455,0.0270455,0.0234091,0.00886364,0.0340909,0.00886364,0.00886364,0.0515909,0.00886364,0.0259091,0.0981818,0.125909,0.00159091,0.0288636,0.0813636,0,0.00159091,0.0143182,0.0390909,0.261818,0.00363636,0,0.0118182,0.00581818,0.0945682,0.00268182,0.416705,0.132659,0.0583864,4.35934,73.5455,240.5,0.772727
0.151343,0.146716,0.826866,0.00283582,0.707612,0.520149,0.272836,0.136716,0.56597,0.458209,0.203284,0.601194,0.150746,0.0797015,0.967015,0.304776,0.11209,0.760149,1.5091,0.820448,0.926119,0.0862687,0.517612,0.144478,0.051194,0.00134328,0.021791,0.00716418,0,0.00865672,0,0,0.00313433,0.00567164,0.00432836,0,0.0129851,0,0,0.0401493,0,0,0.0835821,0.0119403,0.0447761,0.0364179,0,0,0.00285075,0.0761343,0.0011194,0.448209,0.160104,0.019791,108.883,790.104,1415.94,0.985075
0.0427027,0.285946,0.351892,0,0.639189,0.207027,0.905676,0.0772973,0.0286486,0.383514,0.0405405,0.699189,0.0605405,0,0.0248649,0.405405,0.233514,0.375676,2.24568,0.00648649,1.23324,0,0.0727027,0.0424324,0.117027,0.0135135,0.17027,0.0381081,0.0135135,0.00675676,0.195676,0,0,0.0116216,0.0759459,0.0143243,0.0310811,0,0.0508108,0.513513,0,0.00540541,0,0,0.235676,0,0,0.027027,0.0131081,0.194054,0.0160541,0.313297,0.0474324,0.0304324,13.3369,175.081,402.297,0.621622
0.0985455,0.0654545,0.264,0,0.195818,0.0472727,0.152545,0.134545,0.012,0.244545,0.0658182,0.866182,0.0303636,0,0.0325455,0.196182,0.0658182,0.0796364,1.564,0.0169091,0.644727,0,0.0101818,0,0.403091,0.145455,0.114182,0,0.0923636,0.151818,0.0163636,0,0.246,0,0.0421818,0.115818,0.234545,0,0.307818,0,0.183273,0.197091,0.0245455,0.0941818,0.217636,0.246364,0,0.0652727,0.00198182,0.130164,0.00470909,0.160291,0.00876364,0.00916364,1.73473,6.58182,49.0727,0.181818
0.0265854,0.0326829,0.220732,0,0.214146,0.166585,0.0297561,0.0258537,0.0317073,0.161463,0.0843902,0.361707,0.0682927,0.0173171,0.0160976,0.141951,0.0460976,0.114146,1.28756,0.0509756,0.58,0.711707,0.0995122,0.0592683,1.04951,0.365854,0.139024,0.0526829,0.114146,0.0478049,0.0631707,0.0739024,0.0636585,0.0739024,0.0597561,0.110244,0.26,0,0.0231707,0.0314634,0.0329268,0.0597561,0.0834146,0.0453659,0.168537,0.113902,0,0.0221951,0.0873902,0.211122,0.0630732,0.109268,0.0475366,0.0759024,3.18205,20.3415,277.366,0.414634
0.0484211,0,0.0971579,0,0.0228421,0.0362105,0,0.178842,0,0.0658947,0,0.259368,0.0147368,0.112842,0,0.0974737,0.03,0.0147368,0.308842,0,0.376,0,0,0,0.331368,0.0576842,0.781684,0,0,0,0.131579,0,0.03,0,0,0.0809474,0,0.03,0.0309474,0,0,0.288105,0,0.252737,0.829263,0.0875789,0,0.192947,0.0170526,0.0978737,0.0584632,0.0397158,0.0151895,0,1.36975,2.33684,7.75789,0.0315789
0.126984,0.10254,0.383968,0.0228571,0.310159,0.106349,0.0631746,0.0973016,0.135873,0.315556,0.113016,0.511111,0.15381,0.0426984,0.114444,0.270635,0.205714,0.225397,1.44429,0.107619,0.813333,0.629683,0.234762,0.0868254,0.486984,0.206508,0.105238,0.142063,0.0592063,0.0633333,0.0849206,0.0307937,0.0525397,0.0307937,0.0734921,0.0730159,0.123333,0.0398413,0.0711111,0.0793651,0.048254,0.119683,0.0301587,0.0749206,0.105079,0.098254,0.0239683,0.0428571,0.293111,0.153222,0.0130476,0.229619,0.0806032,0.0926984,3.40335,35.2381,372,0.492063
0.02,0.0696947,0.329618,0,0.390382,0.0557252,0.0716031,0.0365649,0.00572519,0.120382,0.00938931,0.683817,0.108168,0.051374,0,0.140382,0.0403053,0.218779,2.2671,0,0.596031,0,0,0,0.151527,0.0567939,0.467939,0,0.156794,0.0648855,0,0,0.116031,0,0,0.019542,0.0751145,0.0331298,0.0807634,0,0,0.407786,0.0608397,0.110153,0.49313,0.103817,0,0.0260305,0.0158931,0.0747939,0.0136412,0.300931,0.00727481,0,1.42253,3.54198,17.6412,0.152672
0,0,0,0,6.89333,0,0,0,0,0,0,0,0,0,0,0,0,0,0,0,0,0,0,0,3.33333,0,0,0,0,0,0,0,0,0,0,0,0,1.38833,0,0,0,1.38833,0,0,0,0,0,0,0,0.098,0,0,0,0,1.13883,1.33333,2.83333,0.166667
0,0,0.20125,0,0.845625,0,0,0,0,0,0,0.959375,0,0,0,0,0,0,0,0,0.20125,0,0,0,3.06438,3.5375,0,0,4.03125,0,0,0,0,0,0,0,0,0.403125,0,0,0,6.39687,0,0.084375,0,0,0,0,0,0,0,0.0701875,0,0,1.38969,2.625,8.125,0
0.114878,0.0212195,0.346341,0,0.10122,0.105122,0.347073,0.0890244,0,0.278537,0.0312195,0.476341,0.0129268,0,0.0695122,0.146098,0.0429268,0.109268,2.32098,0,0.557561,0,0.0580488,0.150244,0.354634,0.226341,0.0768293,0.0926829,0,0.0565854,0.107561,0,0.257317,0,0.166585,0,0.255366,0,0.380976,0.101463,0.0578049,0.166585,0.095122,0.17878,0.228049,0.53561,0,0,0.00878049,0.106024,0.0100244,0.468171,0.164244,0.0221707,2.95422,15.5854,48.6098,0.317073
0.0611667,0.171833,0.328167,0.02,0.3925,0.103167,0.1505,0.137,0.0758333,0.279667,0.0218333,0.571167,0.2915,0.0506667,0.158833,0.117333,0.157833,0.375167,1.392,0.0498333,0.795,0.184833,0.169667,0.0808333,0.636167,0.252167,0.2035,0.156,0.121167,0.140667,0.0491667,0.0491667,0.120167,0.0491667,0.0806667,0.0848333,0.116333,0,0.081,0.115,0.0233333,0.0538333,0.0768333,0.0286667,0.0983333,0.0336667,0,0.0148333,0.0267,0.178483,0.0218833,0.178883,0.158883,0.0394833,3.10042,26.55,246.75,0.566667
0.38386,0.08,0.340702,0,0.754737,0.0235088,0.164211,0.153333,0.092807,0.107895,0.0263158,0.507544,0.047193,0.012807,0.00561403,0.433158,0.274035,0.132281,2.08719,0.0912281,1.11719,0,0.223684,0.074386,0.192807,0.0931579,0.202632,0.0557895,0.0263158,0.0477193,0.0207018,0.0317544,0.118246,0.0317544,0.0819298,0.0852632,0.152807,0,0.0452632,0.0207018,0.0754386,0.0724561,0.0173684,0.0608772,0.274737,0.181754,0,0.084386,0.0292456,0.092,0.0123158,0.455333,0.173561,0.024614,2.68381,20.9123,117.14,0.666667
0.096,0.008,0.196,0.008,0.092,0.118,0,0.058,0.058,0.188,0.074,0.082,0.072,0,0.038,0.088,0.078,0.076,0.608,0.008,0.242,1.906,0.138,0.11,0,0,0,0,0,0,0,0,0,0.028,0,0.008,0,0,0.016,0,0,0,0,0,0.038,0,0,0,0.4302,2.0094,0.009,0.3924,0.375,0.4024,57.5034,2297.8,10648.8,1
0.0648571,0,0.308857,0,0.109714,0.186,0,0,0,0.562857,0,0,0,0,0,0.509714,0,0,5.68657,0,0.742,0,0,0,0.0517143,0,0.0791429,0,0,0,0,0,0,0,0,0,0,0,0,0,0,0,0,0.0891429,0.594857,0.200286,0,0,0.0295429,0.0560857,0,0.0133429,0,0,1.08091,1.2,4.82857,0.0857143
0.171667,0.0683333,0.318,0,0.270333,0.0373333,0.148,0.224333,0.100667,0.134667,0.076,0.397,0.0223333,0.0773333,0.0466667,0.252333,0.061,0,1.17833,0,0.581,0,0,0,0.369333,0.266,0.0986667,0.430333,0.178,0,0,0.0233333,0,0.0233333,0.214333,0.0896667,0.598,0,0.126,0,0,0.178,0.0466667,0.0386667,0.194333,0.0746667,0,0,0.0477333,0.266167,0.00683333,0.399967,0.0655667,0.00633333,3.70897,23.9333,67,0.566667
0.19625,0.314167,0.525417,0.0395833,0.455417,0.356667,0.13375,0.17375,0.587083,0.7875,0.224583,0.84125,0.230417,0.0783333,0.313333,0.232083,0.18875,0.516667,2.1975,0.3475,1.63167,0.02,0.49125,0.287083,0.38875,0.16375,0.01,0,0,0.0304167,0,0,0.05625,0,0.03,0.0275,0.13625,0.0358333,0.01,0.0304167,0,0.0304167,0.0141667,0.0204167,0.0966667,0.0595833,0,0,0.00575,0.149625,0.073625,0.649417,0.2335,0.0465833,9.866,292.417,788.958,0.958333
0,0,0,0,0,0,0,0,0,0,0,0,0,0,0,0,0,0,0,0,0,0,0,0,0,0,0,0,0,0,0,0,0,0,0,0,0,0,0,0,0,0,0,0,0,0,0,0,0,0,0,4.03575,0,0,1,1,3,0.5
0.0705797,0.0443478,0.211449,0.0192754,0.09,0.0575362,0.0297101,0.181739,0.0333333,0.161884,0,0.658696,0.126667,0,0.0810145,0.0695652,0.104058,0.128841,1.34942,0.00927536,0.465507,0,0.0994203,0.0615942,0.918986,0.571449,0.204928,0.296087,0.0897101,0.205942,0.0886957,0.0733333,0.177971,0.0733333,0.161159,0.130725,0.373333,0,0.217826,0.0926087,0.0805797,0.115507,0.245217,0.0644928,0.422899,0.517101,0.0124638,0.072029,0.0116087,0.207246,0.0464783,0.155348,0.0616667,0.0173768,2.38665,13.3768,69.7391,0.231884
0.0933333,0.144848,0.312424,0,0.474242,0.119394,0.29303,0.190303,0.0481818,0.324545,0.235455,0.438182,0.226061,0.106364,0.0306061,0.315455,0.107273,0.281515,1.69152,0.169394,1.09273,0,0.0633333,0.0745455,0.385455,0.0721212,0.0366667,0.104242,0.0181818,0.090303,0.0369697,0.0181818,0.0121212,0.0181818,0.0760606,0.18303,0.241515,0,0.0169697,0.0815152,0,0.0069697,0,0.0281818,0.110909,0.0266667,0,0.0124242,0.0196061,0.0976364,0.00306061,0.26003,0.0726061,0.00557576,3.27242,53.1515,194.727,0.636364
0.608095,0.144524,0.611905,0,0.177381,0.0492857,0.0971429,0,0,0.525714,0.52381,1.23857,0,0,0,0.190476,0,0.00952381,1.44167,0,4.37762,0,0,0.545476,0.105476,0.102857,0.143571,0,0,0.0959524,0,0.119762,0.0504762,0.119762,0.0285714,0,0,0,0,0,0,0.0571429,0,0,0.0914286,0,0,0.0578571,0,0.0605714,0,0.615952,0.0787857,0,5.07017,27.1667,53.0476,0.47619
0.106977,0.11186,0.312326,0.445581,0.306744,0.112558,0.0832558,0.0860465,0.306279,0.288372,0.092093,0.483488,0.119302,0.0495349,0.0946512,0.310233,0.12186,0.195581,1.41326,0.119535,0.75186,0.878372,0.196977,0.131628,0.276744,0.157209,0.00976744,0.0109302,0.0116279,0.0072093,0.0155814,0,0.0593023,0.00302326,0.0181395,0.0416279,0.132326,0.000930233,0.0232558,0.0186047,0.00162791,0.0130233,0.00697674,0.014186,0.0239535,0.0334884,0,0.0127907,0.0365814,0.164279,0.0255349,0.21393,0.141744,0.116721,6.04479,121.907,1366.98,0.651163
0.0844231,0.0548077,0.401538,0.0167308,0.312308,0.09,0.0413462,0.104038,0.0926923,0.263654,0.0688462,0.409615,0.0307692,0.00519231,0.0221154,0.192115,0.139231,0.133654,1.26942,0.0107692,0.646538,0.0201923,0.0575,0.0765385,0.861346,0.478269,0.206538,0.139038,0.0726923,0.112885,0.128846,0.0594231,0.242692,0.0594231,0.100385,0.163846,0.236346,0.0292308,0.124423,0.0980769,0.0115385,0.0401923,0.139808,0.181154,0.202115,0.141346,0.0161538,0.0426923,0.0266154,0.22825,0.0158846,0.121212,0.0357692,0.0518846,2.2451,15.2115,214.462,0.326923
0.0764706,0.0448529,0.2875,0,0.299412,0.176324,0.0745588,0.0954412,0.0730882,0.165147,0.0486765,0.508235,0.0802941,0.0560294,0.0275,0.215588,0.183676,0.207647,1.38676,0.137647,0.808529,0,0.100147,0.117647,0.688529,0.408235,0.141471,0.132794,0.117794,0.121029,0.0544118,0.0302941,0.0648529,0.0302941,0.105882,0.0905882,0.174559,0.00205882,0.0425,0.0548529,0.234559,0.0132353,0.0802941,0.0427941,0.182647,0.429412,0,0.0377941,0.0947206,0.164662,0.0253824,0.103882,0.0625147,0.0131912,2.17503,15.5294,187.515,0.397059
0.49913,0.766087,0.79,0.398261,0.340435,0.222609,0.0530435,0.428696,0.393043,1.43826,0.0473913,1.52652,0.131739,0.295217,0.363478,0.312174,0.183913,0.671739,2.03609,0.365652,3.39478,0.0165217,0.417826,0.241304,0,0,0,0,0,0,0,0,0.0143478,0,0.0552174,0,0.016087,0,0,0,0,0,0.00826087,0,0,0,0,0,0.0238696,0.153739,0,1.01309,0.170435,0.0643478,41.0404,622.435,877.391,1
0,0,0,0,0,0,0,0,0,0,0,0,0,0,0,1.33333,0,0,0,0,0,0,0,0,0.370333,0.476,13.898,0,0,0,0,0,0,0,0,0,0,0,0,0,0,0.740667,0,0,0.222,0,0,0.277667,0,0.116933,0,0.0810333,0,0,1.3282,2.2,7.03333,0
0.19119,0,0.102143,0,0.146905,0.0516667,0.229286,0.0152381,0,0.17119,0.0361905,0.365238,0.0128571,0.0283333,0,0.0795238,0.0940476,0.145952,1.63476,0.0164286,0.987381,0,0,0.0642857,0.525476,0.241905,0.435952,0.574286,0.0914286,0.112619,0.118571,0.0914286,0.384048,0.0914286,0.282857,0.0914286,0.195952,0,0.0928571,0.0914286,0.0447619,0,0.107619,0.155952,0.639286,0.623571,0,0,0.025619,0.242238,0.00214286,0.196048,0.114881,0.0930238,2.7079,15.3095,62,0.428571
0,0.0783333,0.261667,0,0.775,0.0466667,1.85667,0.9025,0.9025,1.0275,0.9025,0.506667,0,0.0891667,0,1.10583,2.5125,0.075,1.47083,0.9025,3.05333,0,0.2925,0.0891667,0,0,0,0,0,0,0,0,0,0,0,0,0.3675,0,0.0891667,0,0,0,0,0,0,0,0,0,0,0.0720833,0,0.73125,0.115417,0.0831667,70.9209,286.917,312.25,1
0.24,0,0.1275,0,0,0,0,0,0,0,0,0.26,0,0,0,0,0,0,1.81063,0,0.1275,0,0,0,0,0,0,0,0,0,0,0,0,0,0,0,0,0,0,0,0,0,0,0,1.18062,6.2275,0,0,0.014125,0.218625,0,0.482625,0,0,1.06763,1.375,7.0625,0
0.125741,0.14537,0.284259,0,0.333148,0.0985185,0.132778,0.11037,0.0414815,0.271667,0.132963,0.887037,0.103889,0.0392593,0.0211111,0.362037,0.12,0.200926,1.82648,0.00574074,0.860926,0,0.0572222,0.0911111,0.480741,0.383704,0.130926,0.139259,0.0540741,0.172222,0.0268519,0.0159259,0.187222,0.0159259,0.0459259,0.117778,0.112222,0.0222222,0.0433333,0.0227778,0.00851852,0.0185185,0.0396296,0.241667,0.119444,0.0135185,0,0.0561111,0.00557407,0.107648,0.00275926,0.123407,0.0452963,0.00174074,1.71793,7.51852,92.2222,0.240741
0.118431,0.231765,0.232353,1.67745,0.305294,0.0796078,0.034902,0.127059,0.401176,0.238431,0.0709804,0.562941,0.095098,0.0168627,0.0488235,0.351373,0.126471,0.244314,1.61941,0.067451,0.926667,0.462745,0.0841176,0.188627,0.494118,0.189412,0.145882,0.0207843,0.0405882,0.0347059,0.0133333,0.0133333,0.0441176,0.0133333,0.0484314,0.0570588,0.116275,0.0647059,0.0192157,0.0580392,0.00745098,0.0160784,0.0501961,0.00568627,0.0811765,0.0341176,0,0.0252941,0.151412,0.140255,0.0158627,0.31949,0.138549,0.0719608,6.36553,75.1569,417.51,0.607843
0,0,0,0,0.89,0,0,0,0,0,0,4.316,0,0,0,0,0,0,0.512,0,0.306,0,0,0,0.768,0.768,0,0.74,6.66,0,0,0,0,0,0,0,0,0,0,0,0,6.66,0,0,0,0,0,0,0,0.1476,0,0.1162,0,0.3006,2.1726,7,28.4,0
0,0,0,0,0.549231,0,0,0,0,0,0,0,0,0,0,0,0,0,1.59462,0,0,0,0,0,0,0,0,0,0,0,0,0,0,0,0,0,0,0,0.854615,0,0,0,0,0,11.9831,0,0,0,0,0.175769,0,0.712154,0,0,1.37423,2.76923,7.38462,0
0.0844444,0.149012,0.320617,0,0.454938,0.131481,0.104444,0.0688889,0.0392593,0.220741,0.0434568,0.651975,0.0825926,0.00654321,0.00481481,0.20963,0.140988,0.154815,1.38395,0.0258025,0.90679,0,0.0871605,0.0477778,0.720617,0.32963,0.266543,0.185309,0.123333,0.138025,0.0916049,0.0946914,0.0869136,0.0946914,0.133086,0.129012,0.264321,0,0.127531,0.111852,0.0576543,0.0735802,0.145432,0.0390123,0.250247,0.15,0.00839506,0.0183951,0.0336543,0.165926,0.0250741,0.101481,0.0443457,0.00833333,2.10114,14.8889,163.926,0.37037
0,0.0294,0,0,0.1868,0,0.0908,0.0356,0,0.2988,0,0.9942,0,0.2526,0,0.3776,0,0.0294,1.0222,0.0444,0.0554,0,0,0.2112,0,0,0.362,0.2044,0.0768,0.1176,0,0,0,0,0.1944,0,0.0356,0,0.1444,0,0.78,0.0768,0.0714,0.1036,0.1178,1.1436,0,0.0666,0.07692,0.12132,0.031,0.2926,0,0.01502,2.93454,9.12,16.58,0.1
0.109492,0.212542,0.203051,0,0.348814,0.0394915,0.0715254,0.131186,0.0516949,0.391864,0.0642373,0.671695,0.114576,0,0.0301695,0.0713559,0.103729,0.0867797,1.77559,0.00661017,0.473559,0,0.0398305,0.0140678,0.842034,0.51339,0.297797,0.550339,0.111186,0.23322,0.136441,0.107797,0.112712,0.107797,0.290508,0.177797,0.227288,0,0.195593,0.107627,0.0620339,0.124068,0.133051,0.0805085,0.284237,0.246441,0.0137288,0.0261017,0.0262542,0.174068,0.0318305,0.153593,0.0234576,0.0114576,2.34217,12.8305,85.4407,0.20339
0.3375,0,0.195,0,0.35875,0.09,1.05375,0.16375,0.16375,0.3,0,0.36375,0.16375,0,0,0.1675,0.6225,0.1825,2.0475,0.16375,2.75625,0,0.14875,0.37875,0,0,0,0,0,0,0,0,0,0,0,0,0,0,0,0,0,0,0,0,0.155,0,0,0,0,0.107125,0,0.496125,0.434875,0,18.3211,187.625,265.125,1
0.074,0.0993333,0.117333,0,0.419667,0.013,0.0986667,0.0496667,0.0423333,0.120667,0.0316667,0.48,0.0223333,0.06,0.0286667,0.502667,0.267667,0.162667,2.335,0,1.27767,0,0.233,0.042,0.0506667,0.0283333,0.08,0.04,0,0,0,0,0,0,0,0.096,0.0223333,0,0.0216667,0.011,0,0.0223333,0.0213333,0.02,0.252667,0.06,0,0.011,0.00816667,0.133833,0.0124,0.4,0.103367,0.0137667,3.56443,29.2333,110.133,0.833333
0.128676,0.210441,0.432353,0.629559,0.266765,0.121618,0.0511765,0.1125,0.266176,0.296618,0.0695588,0.781618,0.214853,0.130588,0.138971,0.146029,0.137206,0.196618,1.70059,0.085,0.918088,0,0.133824,0.173824,0.695147,0.136618,0.0241176,0.0207353,0.0144118,0.0173529,0.0172059,0.00235294,0.0777941,0.00235294,0.0314706,0.0651471,0.0935294,0.00205882,0.0148529,0.0355882,0.00235294,0.0729412,0.0375,0.0108824,0.0225,0.00176471,0,0.0208824,0.148676,0.128735,0.0199412,1.0809,0.261912,0.0174412,4.054,58.5441,748.824,0.588235
0,0.0478689,0.199672,0,0.338033,0.0616393,0.0677049,0.219508,0.0545902,0.0642623,0.014918,0.59918,0.0419672,0.0321311,0,0.268689,0.087377,0.191639,2.02197,0,0.707541,0,0.126885,0.343934,0.711967,0.383607,0.197869,0.187869,0.062459,0.123607,0.122459,0,0.0585246,0,0.136721,0.0781967,0.128033,0.0655738,0.218689,0.0363934,0.229508,0.238361,0.0759016,0.158197,0.550984,0.182623,0,0.0419672,0.0400492,0.0888852,0.0364918,0.367869,0.0702787,0.0428525,2.5338,11.7049,27.8197,0.409836
0,0,0,0,0.0927273,0,0,0,0,0,0,0.125909,0,0,0,0,0,0.324545,0.267727,0,0,0,0,0,8.01455,4.005,3.68045,4.005,3.80682,4.005,4.005,3.68045,0,3.68045,4.005,4.005,0,0,0,3.68045,0,0.185455,0,0,0,0,0,0,0,1.04277,0,0.0217727,0,0,3.09745,10.9091,31.3636,0
0.0407143,0.110357,0.365714,0,0.617143,0.13375,0.288214,0.171429,0.06125,0.22875,0.1,0.712321,0.0598214,0,0.221429,0.31375,0.29625,0.452143,2.14821,0.412857,1.23089,0.210893,0.261607,0.108929,0.373929,0.167857,0.0582143,0.154643,0.0244643,0.148393,0.0244643,0.0244643,0.0285714,0.0244643,0.0321429,0.06,0.0994643,0,0.182679,0.108393,0.0189286,0.0219643,0.00642857,0,0.168929,0.0489286,0,0,0.00469643,0.153911,0.00116071,0.293982,0.0918929,0.0405714,5.92795,57.4821,144,0.642857
0.134865,0.488649,0.356757,1.91676,1.01486,0.16027,0.638378,0.169189,0.0643243,0.403784,0.0472973,0.678919,0.176216,0.0908108,0,0.809459,1.7027,0.264865,2.09892,0.303784,1.67838,0,0.00864865,0.155676,0,0,0,0,0,0.0262162,0,0,0,0,0,0.0578378,0.125946,0.0421622,0,0.00918919,0,0,0,0,0.00918919,0,0,0,0,0.126135,0,0.757622,0.153568,0.0357838,8.13586,130.514,189.757,0.918919
0.065,0.0438889,0.0619444,0,0.148056,0.0330556,0.0402778,0.743056,0.0730556,0.0461111,0,0.210833,0,0.345556,0,0.0286111,0.173611,0.0461111,0.546389,0.0402778,0.403889,0.0555556,0.293611,0.0347222,0.204167,0.234722,0.135278,0.150278,0,0.0347222,0,0.0163889,0,0.0163889,0.0925,0.161111,0.0466667,0,0,0,0,0,0,0.0413889,0.685278,0,0,0.0461111,0.00480556,0.163833,0.00736111,0.230306,0.199833,0.0169444,3.92628,24.2778,79.9722,0.777778
0.172,0.02675,0.285,0,0.46275,0.04775,0.0995,0.0685,0.02925,0.0495,0.07325,0.57725,0.1825,0.02075,0.0235,0.12025,0.15725,0.09925,1.47275,0.22,0.55425,0,0.07975,0.01875,0.29075,0.11,0.0855,0,0.08775,0.0865,0.0075,0,0.08175,0,0.058,0.1205,0.09,0.0115,0.06425,0,0.056,0.09775,0.02075,0.16625,0.17875,0.06575,0.0225,0.09775,0.012,0.179725,0.002225,0.233375,0.03665,0.015,1.62832,6.325,77.3,0.3
0.0858824,0.0361176,0.335294,0.00952941,0.382,0.272471,0.114588,0.130353,0.0334118,0.221412,0.0132941,0.533765,0.130118,0.0163529,0.00294118,0.264118,0.117765,0.120235,1.53176,0.00435294,1.42612,0,0.112824,0.187294,0.572706,0.408235,0.174471,0.144,0.0868235,0.149765,0.0718824,0.0456471,0.0925882,0.0456471,0.113412,0.110118,0.124588,0.00270588,0.0538824,0.0527059,0.0449412,0.00941176,0.0801176,0.0114118,0.246706,0.0597647,0.0232941,0.00329412,0.0404353,0.153282,0.0272353,0.110824,0.0636353,0.0107529,1.95553,11.9765,143.176,0.470588
0.0958621,0.112069,0.232069,0,0.376207,0.117241,0.0744828,0.172414,0.0575862,0.316897,0.0434483,0.654138,0.171034,0.0493103,0.00586207,0.383103,0.082069,0.212759,1.54414,0.0493103,1.00724,0.0275862,0.116897,0.0541379,0.279655,0.221034,0.0437931,0.0889655,0.0624138,0.173103,0.0175862,0.0175862,0.00862069,0.0175862,0.0441379,0.0575862,0.394828,0,0.0575862,0.0175862,0.00689655,0.0375862,0,0.0465517,0.0855172,0.0137931,0.00862069,0.0334483,0.0206207,0.166931,0.0318276,0.186655,0.0715172,0.0155172,3.32407,35.8621,218.966,0.586207
0.194818,0.166909,0.372455,0,0.396364,0.0630909,0.0235455,0.0693636,0.0178182,0.179818,0.00872727,0.526727,0.0654545,0.116545,0,0.252182,0.0141818,0.193545,0.907636,0.189818,0.445545,0,0.0192727,0.098,0.199091,0.0946364,0.523455,0,0.0261818,0.0378182,0,0,0.428273,0,0.181818,0.00909091,0,0.0746364,0.0803636,0.0106364,0.0936364,0.417545,0.0324545,0.063,0.637545,0.195636,0.0265455,0,0.0369909,0.115655,0.0131727,0.162082,0,0,1.3846,3.10909,12.6909,0.0636364
0,14.1478,0,0,0,0,0,0,0,0.132222,0,0,0,0,0,0,0,0,0,0,0,0,0,0,0,0,0,0,0,0,0,0,0,0,0,0,0,0,0,0,0,0,0,0,0.132222,0,0,0,0,0,0,0,0,0,1.77778,4.88889,9.02778,0
0,0.0416667,0.175833,0,0.0981667,0.02,0,0,0.0301667,0.168,0,0.163833,0.134167,0.0906667,0,0.1025,0,0.292833,5.10367,0,1.5635,0,0,0,0.157333,0,0.503833,0,0.103333,0,0,0,0.1,0,0,0,0,0,0.0723333,0,0,0.0188333,0,0.0346667,0.754667,0.545667,0.0361667,0.0793333,0.00303333,0.0474167,0.0180167,0.2736,0.00563333,0,1.3625,2.9,10.75,0.116667
0.0714035,0.113684,0.321404,0.0226316,0.424912,0.186316,0.0931579,0.11807,0.0205263,0.297018,0.0252632,0.453684,0.04,0,0.0261404,0.200526,0.0933333,0.215439,1.49158,0.0236842,0.789649,0.00964912,0.14614,0.0124561,0.806316,0.611228,0.227719,0.318421,0.11614,0.143684,0.0559649,0.0578947,0.0310526,0.0682456,0.186667,0.139649,0.222281,0,0.121228,0.0664912,0.055614,0.0677193,0.105614,0.0736842,0.307193,0.222456,0,0.0107018,0.0231228,0.161982,0.0175088,0.294825,0.05,0.0151053,2.50051,16.8421,132.561,0.473684
0.0737037,0,0.278148,0,0.185185,0.0374074,0,0,0,0.178148,0.0333333,0.402222,0,0,0.0251852,0.0285185,0,0.397778,0.778889,0,0.112222,0,0,0,3.48519,2.0337,0.835556,1.14926,0.745926,1.49926,0.747778,0.51,0.0381481,0.51,1.31037,0.747778,0.0440741,0,0.166296,0.51,0,0.132222,0,0.0507407,0.297778,0.0859259,0,0,0.00444444,0.262259,0.00462963,0.0444074,0,0,2.10941,10.8148,49.1852,0.037037
0.0467742,0.0870968,0.110968,0,0.0809677,0.110968,0.0745161,0.0948387,0.0241935,0.210645,0,0.351935,0.182258,0,0,0.312903,0.0693548,0.175161,2.17903,0.375806,0.838065,0.178387,0,0.0590323,0.112258,0.141613,0,0.0483871,0,0,0,0,0,0,0.0483871,0.0206452,0,0,0,0,0,0.0267742,0,0.0251613,0.420968,0.390968,0,0,0.0220323,0.0465161,0,0.207935,0.023871,0.104194,4.49884,45.3871,93.0323,0.387097
0.121975,0.0954321,0.275432,0.087284,0.512222,0.128765,0.0555556,0.0997531,0.161852,0.188272,0.114321,0.705185,0.153086,0.047037,0.0624691,0.134691,0.272346,0.16963,1.85062,0.0849383,0.750494,0.811235,0.23321,0.131481,0.608272,0.0966667,0.0139506,0.0196296,0.0112346,0.00814815,0.0134568,0.017284,0.0820988,0.00740741,0.017037,0.0907407,0.0958025,0.01,0.0135802,0.00679012,0.0160494,0.0428395,0.0161728,0.00395062,0.0477778,0.0633333,0.0108642,0.0195062,0.0691235,0.105556,0.00635802,0.134222,0.079358,0.0855432,3.27648,34.4321,459.827,0.592593
0.0535294,0.0403361,0.330672,0,0.266218,0.0204202,0.037563,0.00983193,0.0426891,0.114958,0.0336975,0.872269,0.0751261,0.0269748,0.0142857,0.0939496,0.0376471,0.113613,1.97941,0.042521,0.471597,0,0,0.0310924,0.286303,0.276471,0.428403,0,0.0570588,0.08,0,0,0.0678151,0,0.0186555,0.00571429,0.15042,0,0.0547899,0.00806723,0.0220168,0.120252,0.0221849,0.132269,0.438571,0.172017,0,0.054958,0.0283445,0.156924,0,0.178924,0.00897479,0.00103361,1.57813,4.78151,23.6387,0.109244
0.1025,0.160588,0.391765,0.208088,0.273529,0.1025,0.0582353,0.213529,0.258382,0.508529,0.125147,0.472206,0.117353,0.0714706,0.153088,0.264853,0.189706,0.277353,1.16118,0.138676,0.758824,0.7225,0.0914706,0.152941,0.640147,0.165294,0.0352941,0.0347059,0.00926471,0.0333824,0.0247059,0.00279412,0.147206,0.00558824,0.0814706,0.0423529,0.1425,0.00191176,0.0373529,0.0379412,0.0126471,0.0173529,0.00441176,0.00308824,0.0442647,0.0508824,0.00455882,0.0401471,0.0556765,0.12125,0.0211765,0.270838,0.120015,0.0983088,4.6259,72.5147,925.206,0.647059
0,0,0,0,0,0,0,0,0,1.085,0,0,0,0,0,0,0,0,0,0,0,0,0,0,14,1.6075,0.5675,0.5675,0.5675,2.7375,0.5675,0.5675,0,0.5675,0.5675,0.5675,0,0,0,0.5675,0,0,0,0,0,0,0,0,0,0.166,0,0,0,3.448,2.749,11.25,61,0
0.111136,0.387955,0.256591,0,0.0913636,0.0272727,0.155,0.0811364,0.111136,0.6075,0,0.501591,0.0718182,0.0647727,0,0.207727,0,0.0647727,2.80114,0,0.848864,0,0,0.113864,0.284091,0.0493182,0.476364,0.429318,0,0,0,0,0.0647727,0,0,0.0647727,0.363182,0,0.732273,0,0.0290909,0,0.0427273,0.0677273,0.745,0.174773,0,0,0.0582727,0.271455,0.00575,0.191023,0.0845682,0.0163864,3.03982,19.7727,37.6591,0.409091
0.075,0.121316,0.340526,0,0.278947,0.0805263,0.126316,0.0471053,0,0.0860526,0.0944737,0.552632,0.193947,0,0,0.266053,0.103158,0.205526,1.91132,0,0.597895,0,0.0226316,0,0.189737,0.0707895,0.219474,0,0.123158,0.0360526,0.0147368,0,0.177105,0,0.0134211,0.0497368,0.0578947,0.0210526,0.0402632,0,0,0.179211,0.06,0.106053,0.238421,0.0323684,0,0.0247368,0.0339474,0.125132,0,0.126526,0.0192105,0.0220263,1.50903,4.84211,54.7895,0.210526
0.30617,0.144894,0.280426,0.0917021,0.0723404,0.106809,0.0193617,0.139787,0.221064,0.399574,0.144681,0.630213,0.341064,0.652766,0.0255319,0.158936,0.276596,0.12,1.86936,0.0476596,0.868511,0.0334043,0.447021,0.28766,0.0951064,0.0604255,0.00510638,0.00148936,0.00212766,0.00382979,0,0,0.309362,0,0,0.0297872,0.176383,0.00148936,0.00659574,0.017234,0.0246809,0.00765957,0.00446809,0.0159574,0.0421277,0.0568085,0.00978723,0.0502128,0.0292553,0.115766,0.00757447,0.24734,0.329319,0.0877872,5.44715,185.447,3357.47,0.744681
0.0335088,0.0608772,0.170526,0,0.201404,0.0835088,0.0812281,0.0554386,0.02,0.648246,0.0307018,0.477368,0.065614,0.00912281,0.0336842,0.0689474,0.0833333,0.173509,1.26298,0,0.571579,0.0101754,0.0666667,0.146491,0.834035,0.573333,0.554912,0.497018,0.214737,0.275789,0.192807,0.161579,0.027193,0.161579,0.225263,0.253509,0.263684,0.00947368,0.226316,0.17,0.00894737,0.05,0.191053,0.0336842,0.340175,0.154561,0.012807,0.0247368,0.045614,0.237526,0.00742105,0.245719,0.0357018,0.0276667,2.41319,11.9825,77.4912,0.298246
0.158511,0.134894,0.32383,0.0246809,0.153617,0.117234,0.168936,0.0470213,0.00808511,0.215106,0.0508511,0.472979,0.116596,0,0.026383,0.564255,0.18,0.093617,1.74404,0.00659574,0.885957,0.121064,0.184894,0.133404,0.585745,0.410638,0.287872,0.143617,0.104255,0.166809,0.0912766,0.0912766,0.0995745,0.12,0.134255,0.139787,0.0240426,0,0.172766,0.100851,0.00702128,0,0,0,0.226596,0.0455319,0,0.0542553,0.0171915,0.143574,0.0130851,0.49334,0.0477447,0.0544255,3.72034,34.7021,129.191,0.553191
0.172667,0.0488889,0.213889,0,0.235333,0.113667,0.0777778,0.02,0.0263333,0.096,0.00755556,0.494556,0.100333,0.0357778,0,0.186889,0.0452222,0.121111,1.68711,0.0173333,0.505556,0,0.0156667,0.0128889,0.298778,0.285222,0.296556,0,0.0962222,0.059,0,0,0.0793333,0,0.0151111,0.0792222,0.165222,0.0103333,0.0617778,0.0111111,0.0511111,0.155889,0,0.125889,0.365889,0.158556,0.0113333,0.06,0.0093,0.121933,0.00357778,0.143422,0.0112556,0.00577778,1.55927,5.16667,35.9333,0.122222
0.119727,0.0686364,0.289091,0.114091,0.3,0.111909,0.0579091,0.157182,0.197,0.272909,0.0645455,0.749818,0.106091,0.0985455,0.0206364,0.166909,0.190273,0.115364,1.37636,0.0904545,1.09364,0.242273,0.189727,0.0963636,0.747909,0.184909,0.0126364,0.019,0.0169091,0.0305455,0.00227273,0,0.0972727,0.00172727,0.0245455,0.0619091,0.155364,0.0113636,0.0288182,0.0119091,0.0670909,0.0721818,0.00763636,0.0183636,0.072,0.262182,0.0232727,0.0193636,0.0449091,0.158755,0.0204273,0.229582,0.0670636,0.0475455,4.2971,56.3909,537.564,0.590909
0.190952,0.223333,0.218095,0,0.75,0.187143,0.409048,0,0.159048,0.404762,0.233333,0.337619,0.22381,0,0,1.00714,0.126667,0.3,1.81048,0.248571,0.92,0,0,0.450952,0.0952381,0.0566667,0.17,0,0,0.0295238,0,0,0.176667,0,0.0952381,0.0428571,0.0928571,0,0,0.0647619,0.012381,0.0771429,0.0333333,0.0919048,0.10619,0.0580952,0,0,0,0.0491429,0,0.536,0.0723333,0.944238,7.39976,69.7143,113.238,0.714286
0.0784444,0.242444,0.161556,0,0.307778,0.260444,0.140444,0.0726667,0.0817778,0.292222,0.0453333,0.524444,0.0688889,0,0.00644444,0.171111,0.107333,0.240222,1.39267,0,0.920889,0.0275556,0.0688889,0.05,0.551778,0.267778,0.347778,0.117778,0.149333,0.117556,0.0724444,0.0946667,0.183333,0.0946667,0.132222,0.082,0.201556,0,0.145111,0.0677778,0.0157778,0.0933333,0.107333,0.0144444,0.226222,0.0402222,0,0.0422222,0.00317778,0.225444,0.0396222,0.366,0.0900889,0.0310222,3.5496,28.6889,154.089,0.444444
0.0804082,0.145102,0.365102,0.0118367,0.287551,0.104694,0.0987755,0.108571,0.0718367,0.200408,0.067551,0.531633,0.0828571,0,0,0.330408,0.168163,0.374286,1.94735,0.11551,0.88898,0.214286,0.18102,0.102653,0.130816,0.0736735,0.0193878,0.0234694,0,0.044898,0,0.00632653,0,0.0128571,0.062449,0.0467347,0.109796,0,0.00857143,0.024898,0,0.00693878,0.0171429,0,0.185714,0.467347,0,0.0344898,0.0944286,0.11951,0.0131429,0.333755,0.119245,0.0395306,4.17814,62.0204,273.776,0.612245
0.0974627,0.12194,0.281493,0,0.376866,0.128657,0.233284,0.154627,0.0349254,0.319851,0.0934328,0.32791,0.0222388,0.0335821,0.0319403,0.417015,0.117761,0.304328,2.03567,0.0655224,1.00716,0.0223881,0.0940299,0.111642,0.846567,0.427164,0.346716,0.311343,0.071194,0.156119,0.071194,0.158507,0.0580597,0.158507,0.151791,0.185672,0.114179,0.00597015,0.155522,0.071194,0.0626866,0.0291045,0.127612,0.0844776,0.275672,0.449851,0.0346269,0.0132836,0.0211343,0.154478,0.0104179,0.276657,0.0344328,0.122418,2.35779,14.8209,96.5672,0.477612
0.22,0.125,0.521,0.0315,0.3075,0.08625,0.1785,0.2805,0.10375,0.32975,0.105,0.37875,0.034,0.0075,0,0.551,0.43525,0.22975,2.1445,0.45875,1.465,0.59,0.10125,0.14125,0.07925,0.0635,0.005,0.028,0.01875,0.023,0.005,0.005,0,0.0125,0.033,0.005,0.064,0,0.005,0.07675,0,0,0.007,0.02,0.18325,0.02875,0.03475,0.0325,0.02335,0.136725,0.013025,0.52,0.373025,0.3651,5.37128,69.975,329.35,0.775
0,0,0,0,0,0,0,0,0,0,0,0,0,0,0,0,0,0,6.66,0,0,0,0,0,0,0,0,0,0,0,0,0,0,0,0,0,0,0,0,0,0,0,0,0,6.66,0,0,0,0,0,0,32.478,0,0,1.666,3,5,0
0.128,0.233429,0.483429,0,0.391143,0.112857,0.389429,0.0222857,0.0505714,0.374571,0.09,0.518571,0.206571,0.0131429,0.0725714,0.319429,0.162571,0.337429,2.25657,0,0.954,0.0465714,0.493143,0.0577143,0.094,0.108857,0,0.206,0,0.094,0,0,0.57,0,0.188286,0.018,0.00657143,0,0,0.103714,0,0.0968571,0.0148571,0.0157143,0.118857,0.136286,0,0,0.0128286,0.0828286,0,0.679114,0.125543,0.0254286,6.37423,75.9429,189.571,0.685714
0.0402,0.0306,0.2708,0,0.1832,0.0534,0.0554,0.1596,0.0072,0.0922,0.0534,0.5774,0.1388,0.0046,0.0212,0.0862,0.1524,0.524,1.5962,0,0.5756,0,0,0.0126,0.4734,0.1388,0.1352,0.0674,0.0718,0.1226,0.0674,0,0.53,0,0.0794,0.1662,0.2004,0.0204,0.0512,0,0.0142,0.1148,0.0134,0.1788,0.1322,0.0486,0,0,0.01308,0.17236,0.02884,0.29788,0.01854,0.00588,1.59076,6.5,67.38,0.28
0.0352174,0.0582609,0.394783,0,0.508261,0.230435,0.130435,0,0.0504348,0.151739,0,0.177826,0.183913,0.0747826,0.0230435,0.331304,0.0578261,0.173043,2.04304,0.05,0.791304,0,0.06,0.0569565,0.0578261,0.0578261,0,0.115652,0,0.0373913,0,0,0,0,0,0.0578261,0.0291304,0,0.0352174,0,0,0,0,0,0.368261,0.48913,0,0,0.00195652,0.0930435,0.0118696,0.0765217,0.0372609,0,3.55013,47.9565,112.696,0.478261
0.152903,0.0677419,0.210968,0.0156452,0.263387,0.117581,0.0579032,0.117742,0.0480645,0.244194,0.0375806,0.537097,0.114677,0.0512903,0.00145161,0.111129,0.182097,0.0941935,1.13694,0.126774,0.403065,0.892581,0.174194,0.066129,0.980806,0.390323,0.130645,0.0590323,0.0543548,0.0693548,0.0374194,0.0204839,0.0946774,0.0204839,0.0508065,0.0943548,0.301452,0.00306452,0.0164516,0.0204839,0.0580645,0.0254839,0.0440323,0.0333871,0.0791935,0.388387,0,0.0143548,0.384242,0.187129,0.024629,0.144371,0.0819194,0.0716613,3.28432,26.6935,317.806,0.387097
0,0,0,0,0,0,0,0,0,0,0,0,0,0,0,0,0,0,0,0,0,0,0,0,0,0,21.3604,0,0,0,0,0,0,0,0,0,0,0,0,0,0,0,0,0,0,0,0,0,0,0,0,0,0,0,1.1709,1.54082,5.13265,0
0.119403,0.0385075,0.278209,0,0.194179,0.110149,0.0635821,0.168955,0.048209,0.281343,0.0304478,0.501791,0.0858209,0,0.00910448,0.276119,0.164328,0.231194,1.56045,0.0298507,0.631791,0,0.0107463,0.0186567,0.79403,0.541045,0.180746,0.240896,0.0907463,0.183284,0.0762687,0,0.180746,0,0.179104,0.119254,0.264179,0.0128358,0.104328,0.0780597,0.041194,0.156866,0.0246269,0.133582,0.120746,0.0889552,0,0.0270149,0.015597,0.130209,0.0127761,0.195716,0.0350597,0.0207761,1.91276,9.37313,60.7015,0.283582
0,0,0,0,0,0,0,0,0,0,0,0.0520312,0,0,0,0,0,0.120156,0,0,0.0390625,0,0,0,0,0,0.237969,0,0,0,0,0,0,0,0,0,0,0,0,0,0,0.06,0,0,0.164062,0,0,0,0,0.110281,0.0637656,0.0674844,0,0,1.10156,1.21875,4.04688,0
0.0949495,0.0491919,0.277475,0,0.229596,0.0393939,0.0185859,0.0152525,0,0.120505,0.0112121,0.748283,0.0760606,0.0234343,0.00666667,0.193939,0.00626263,0.127172,2.05939,0,0.554949,0,0,0.0305051,0.350606,0.440505,0.219495,0,0.0749495,0.0265657,0.0117172,0,0.0384848,0,0,0.0309091,0.216364,0.0248485,0.0606061,0,0.1,0.283131,0.0157576,0.131212,0.395758,0.138485,0,0.0373737,0.0249293,0.124949,0.0131818,0.108131,0.0105455,0.00813131,1.53218,4.87879,29.5657,0.10101
0.0618182,0.0516667,0.293182,0,0.358485,0.0819697,0.0959091,0.191818,0.0178788,0.162424,0.0387879,0.483485,0.101061,0,0.0334848,0.173939,0.129242,0.219545,1.52727,0.0069697,0.644697,0.0069697,0.0472727,0.0260606,0.588333,0.490909,0.232424,0.242121,0.134848,0.122879,0.085303,0.075,0.0889394,0.075,0.206364,0.145758,0.154545,0.0109091,0.104697,0.0890909,0.0409091,0.0374242,0.158182,0.0639394,0.265303,0.0871212,0.00424242,0.0584848,0.0193485,0.167818,0.0364697,0.198424,0.0336061,0.0212727,1.85912,11.0606,120.348,0.287879
0,0,0,0,0,0,0,0,0,0,0,0,0,0,0,0,0,0,1.04125,0,0,0,0,0,0,0,0,0,0,0,0,0,0,0,0,0,0,0,0,0,0,0,0,0,0,0,0,0,0,0.199125,0,0.0855,0,0,1,1,1.25,0
0.129167,0.0911111,0.301528,0.00222222,0.298611,0.0976389,0.0980556,0.107917,0.446528,0.448056,0.0945833,0.525,0.131528,0.144444,0.07125,0.299583,0.0665278,0.352778,1.61347,0.291944,1.07556,0.990139,0.102361,0.186389,0.366389,0.156944,0.0344444,0.0193056,0.00125,0.0204167,0.0325,0.00125,0.0776389,0.00125,0.193472,0.0201389,0.166111,0.000694444,0.0183333,0.0418056,0.00972222,0.0519444,0.0075,0.0190278,0.0420833,0.0386111,0.0201389,0.0366667,0.047625,0.113458,0.0491667,0.342486,0.224069,0.10475,5.59783,80.0139,1102.92,0.638889
0.133404,0.251489,0.145319,0,0.25617,0.0453191,0.210851,0.0568085,0,0.151064,0.0502128,0.650851,0.0829787,0,0.0557447,0.324043,0.0970213,0.239362,1.67362,0.0274468,0.774468,0,0.179149,0,0.347872,0.191489,0.104681,0.277021,0.0240426,0.0325532,0,0,0.165532,0,0.235319,0,0.275106,0,0.0470213,0.013617,0.0574468,0.27383,0.066383,0.0285106,0.218723,0.645319,0,0.0334043,0.00874468,0.115681,0.0052766,0.240894,0.0348511,0.290936,2.33532,12.2766,54.4255,0.361702
0.21,0.448824,0.646471,0.0823529,0.291176,0.0241176,0.437647,0.0335294,0.169412,0.931176,0.145294,0.911765,0.0476471,0.0776471,0.177059,1.51235,0.374706,0.0370588,1.97235,0.135882,1.54941,0,0.0482353,0.146471,0.0317647,0.0470588,0.0170588,0.0341176,0,0,0,0,0,0.0170588,0.0341176,0.0135294,0.0358824,0,0,0,0,0,0,0,0.120588,0,0,0.0452941,0.0170588,0.0634706,0,0.830765,0.316118,0.0754118,40.6247,379.294,549.412,0.882353
0.0179412,0.0755882,0.282353,0,0.126471,0.0311765,0.146176,0.0797059,0.178235,0.161765,0.0488235,0.308529,0.0120588,0.183824,0,0.871765,0.207941,0.130882,1.27794,0.0470588,0.916176,0.0273529,0.175294,0.0570588,0.496471,0.425,0.314706,0.0626471,0,0.0611765,0.0461765,0.0520588,0.134412,0.0520588,0.0455882,0.132353,0.0858824,0,0.0667647,0.0464706,0,0.0223529,0.04,0.0117647,0.205588,0.0802941,0,0,0.00644118,0.156088,0.0205294,0.586941,0.0552353,0,3.42444,27.9118,89.1471,0.647059
0.0957895,0.107368,0.06,0,0.192632,0.0568421,0.361053,0.0636842,0.06,0.0936842,0.120526,0.482105,0,0,0,1.04789,0.352105,0.341579,3.62842,0,2.26421,0,0,0.155789,0,0.193158,0.136842,0,0,0,0,0,0,0,0,0,0.192632,0,0,0,0,0.147895,0,0,0.447368,0,0,0,0,0.0232105,0,0.212684,0.126316,0,4.63121,36.6316,74.2632,0.842105
0.0927778,0.133333,0.185,0.075,0.367222,0,0.29,0.105,0.0322222,0.268333,0,0.246667,0.161111,0,0,0.223889,0.265,0.223333,2.15889,0,0.806667,0,0,0.0155556,0.429444,0.222222,0,0.04,0,0,0,0,0,0,0,0,0.246667,0,0.0322222,0,0,0,0.065,0.0805556,0.195556,0.124444,0,0,0,0.179611,0.0107222,0.609333,0.0137778,0,2.57094,18.0556,78.0556,0.444444
0.0963158,0.116842,0.489474,0,0.328947,0.176316,0.197632,0.305526,0.0673684,0.127105,0.0813158,0.576842,0.0807895,0,0.0584211,0.353947,0.207368,0.203421,2.115,0.385789,1.44526,0,0.366579,0.159474,0.397105,0.303947,0.0371053,0.0715789,0.0113158,0.0271053,0.0113158,0.0113158,0.0642105,0.0113158,0.0847368,0.0505263,0.171316,0.0144737,0.0821053,0.0828947,0.00815789,0.0289474,0.0444737,0,0.113158,0.0221053,0,0.0613158,0.0132632,0.0704737,0.00644737,0.263158,0.173421,0.0549737,3.69537,39.3684,175.263,0.710526
0,0,0,0,0,0,0,0,0,0,0,0,0,0,0,0,0,0,0,0,0,0,0,0,0,0,0,0,0,0,0,0,0,0,0,0,0,0,0,0,0,0,0,0,0,0,0,0,0,0,0,0,0,0,0,0,0,0
0.188989,0.127079,0.332921,0.00123596,0.353933,0.156404,0.0778652,0.171573,0.330899,0.334494,0.0965169,0.632247,0.0737079,0.12618,0.0908989,0.184494,0.337416,0.0788764,1.4782,0.213708,1.07708,0.352809,0.0647191,0.246067,0.845506,0.182022,0.0275281,0.0124719,0.0047191,0.0255056,0.02,0.0047191,0.0994382,0.00595506,0.02,0.0595506,0.160449,0.0211236,0.0170787,0.0332584,0.0520225,0.145618,0.0174157,0.0153933,0.058427,0.0921348,0.00617978,0.0121348,0.125258,0.185809,0.0143146,0.276382,0.132247,0.0908764,4.23865,74.4494,627.888,0.505618
0,0.0815385,0.213077,0,0.520385,0,0.455385,0,0.0211538,0.305,0,0.583462,0.226154,0.12,0,0.584615,0,0.479231,3.17346,0,0.935385,0,0,0.0546154,0.591538,0,0,0,0,0,0,0,0,0,0,0,0,0,0,0,0,0.196923,0,0.0992308,0.161154,0.56,0,0,0.0118846,0.0126923,0,0.120962,0,0,5.35858,53.9615,75.1538,0.307692
0.0585714,0.109451,0.314176,0,0.190879,0.0402198,0.0859341,0.0348352,0.0718681,0.174505,0.0369231,0.382637,0.206703,0.14044,0.0127473,0.629231,0.0542857,0.167033,1.4511,0.0293407,0.774835,0,0.043956,0.00450549,0.879121,0.686813,0.526154,0.323846,0.23011,0.304835,0.330659,0.215714,0.0483516,0.215714,0.388462,0.280989,0.245934,0.00450549,0.164725,0.225495,0.0771429,0.258462,0.169451,0.300879,0.343626,0.30033,0,0,0.0110769,0.174286,0.0398242,0.331396,0.100429,0.0221099,2.26065,11.5495,39.7253,0.296703
0.328286,0.287429,0.328857,0.00371429,0.255143,0.066,0.036,0.148857,0.435714,0.535143,0.220571,0.596857,0.371429,0.762,0.0811429,0.248571,0.340857,0.102857,2.44,0.0368571,1.1,0.048,0.403143,0.384857,0.0888571,0.0917143,0.00114286,0.000571429,0.000571429,0,0,0,0.127143,0,0.002,0.034,0.141429,0.00257143,0.00257143,0.0334286,0.00457143,0.00171429,0.00657143,0.004,0.0548571,0.0194286,0.002,0.0165714,0.0294286,0.0994857,0.0102571,0.339857,0.451857,0.102629,7.83891,361.771,2360,0.885714
0.10825,0.0615,0.23625,0,0.396625,0.108625,0.05075,0.08375,0.021125,0.141625,0.03775,0.70125,0.060375,0.01075,0.132375,0.19725,0.1005,0.17275,1.28263,0.00525,0.594625,0.04025,0.082375,0.049125,0.79025,0.449875,0.279625,0.28025,0.137125,0.142375,0.093625,0.05675,0.081,0.05675,0.143375,0.23175,0.22675,0.004625,0.15525,0.0955,0.043375,0.0645,0.141875,0.13225,0.246,0.22125,0,0.026375,0.035575,0.148888,0.0244375,0.117675,0.0739875,0.0096,2.1569,11.0375,106.737,0.2875
0.150811,0.122162,0.25973,0.01,0.227838,0.0927027,0.0297297,0.227568,0.2,0.267297,0.0908108,0.498649,0.166757,0.0686487,0.0618919,0.271892,0.184865,0.183243,1.40838,0.135676,0.698108,0.687838,0.215676,0.214865,0.514054,0.0948649,0.00675676,0.00351351,0.00405405,0.0275676,0.00972973,0,0.109189,0,0.0121622,0.115405,0.161351,0.0121622,0.0235135,0.0281081,0.0240541,0.00459459,0.00918919,0.0259459,0.0362162,0.107838,0.00297297,0.0437838,0.0473514,0.125108,0.0423784,0.188243,0.119622,0.0921892,5.43157,115.108,1754.84,0.486486
0,0,0,0,0,0,0,0,0,0,0,0,0,0,0,0,0,0,0,0,0,0,0,0,0,0,0,0,0,0,0,0,0,0,0,0,0,0,0,0,0,0,0,0,0,0,0,0,0,0,0,0,0,0,0,0,0,0
0,0,0,0,0,0,0,0,0,0,0,0.535294,0,0,0,0,0,0,10.9312,0,1.25118,0,0,1.30882,0,0,2.79412,0,0,0,0,0,0.367647,0,0,0,0,0,0,0,0,0,0,0,2.68235,0.124706,0,0,0.022,0,0,0,0,0,1.12371,1.64706,6.35294,0.117647
