0.0898599,0.235106,0.246128,0.023392,0.294396,0.0776692,0.104966,0.088769,0.0329747,0.193252,0.0419732,0.5147,0.0767928,0.0386259,0.0213383,0.241872,0.109836,0.159496,1.66779,0.045383,0.729252,0.011696,0.0647928,0.0717109,0.578244,0.310089,1.0345,0.1593,0.127955,0.129955,0.0797466,0.0608405,0.105118,0.0614188,0.127466,0.113478,0.138167,0.0145753,0.0982772,0.0704829,0.0518599,0.165881,0.0538212,0.102125,0.382334,0.209323,0.00469747,0.0348018,0.0202522,0.136674,0.0159461,0.238286,0.0451347,0.0315532,2.41715,15.9633,73.9317,0.298957
0.249556,0.293889,0.810889,0.101778,0.593222,0.442889,0.22,0.210444,0.515889,0.718,0.174222,0.856667,0.164778,0.134778,0.794,0.316444,0.135556,0.729444,1.72556,0.737444,1.59944,0.0684444,0.492778,0.175778,0.036,0.001,0.0162222,0.00322222,0,0.00644444,0,0,0.00766667,0,0.0173333,0,0.0137778,0,0.00755556,0.0281111,0,0,0.0658889,0.00888889,0.0348889,0.0262222,0,0.00244444,0.00808889,0.0998556,0.000833333,0.597678,0.149978,0.0384,68.1102,704.833,1254.92,0.988889
0.19,0,0.38,0,0,0.19,0,0,0,0,0.19,0.19,0,0,0,0.38,0,0.19,1.14,0,0.38,0,0,0,0,0,0,0,0,0,0,0,0,0,0,0,0,0,0,0,0,0,0,0,0,0,0,0,0.01,0.01,0,0,0,0.003,2.383,21,15841,1
0.29898,0.145102,0.276531,0.0906122,0.0679592,0.107755,0.0195918,0.12898,0.215918,0.360204,0.141633,0.628776,0.319184,0.650204,0.0206122,0.157347,0.258367,0.112449,1.80592,0.0457143,0.819388,0.0320408,0.429184,0.272245,0.119796,0.0873469,0.0055102,0.00183673,0.00244898,0.00367347,0,0,0.333265,0,0,0.0320408,0.212041,0.00244898,0.00469388,0.0130612,0.024898,0.00816327,0.00469388,0.0177551,0.0385714,0.0604082,0.00979592,0.0512245,0.0333265,0.119265,0.0109592,0.233367,0.325633,0.0866735,5.05935,159.551,3321.94,0.714286
0.121931,0.130741,0.334643,0.173426,0.383122,0.124577,0.171376,0.146786,0.16955,0.297116,0.0960714,0.604854,0.110847,0.0492196,0.0513095,0.27881,0.274074,0.203902,1.65757,0.160966,1.01729,0.41713,0.157963,0.125185,0.553915,0.169987,0.0667196,0.0444841,0.0308862,0.0389947,0.0319577,0.015754,0.0613757,0.0168651,0.0425397,0.0655159,0.144074,0.0132407,0.0325265,0.0622354,0.0303175,0.0482407,0.0276852,0.0207407,0.111217,0.140317,0.00911376,0.0237698,0.110209,0.149122,0.0171772,0.28132,0.121194,0.0792381,6.65239,73.1878,410.138,0.599206
0.0966667,0.0133333,0.2,0,0.153333,0.133333,0,0.0966667,0.0966667,0.313333,0.06,0.0733333,0.12,0,0.0633333,0.0133333,0.13,0.0633333,0.626667,0.0133333,0.276667,3.17667,0.23,0.183333,0,0,0,0,0,0,0,0,0,0.0466667,0,0.0133333,0,0,0.0266667,0,0,0,0,0,0.0633333,0,0,0,0.372333,0.095,0.014,0.14,0.03,0.00366667,15.1877,493,9113.67,1
0,0,0,0.04,0,0,0,0,0,0,0,0,0,0,0,0.02,0,0,0.02,0,0,0,0,0,0,0,0,0,0,0,0,0,0,0,0,0,0,0,0,0,0,0,0,0,0,0,0,0,1.024,9.752,0.003,1.542,1.785,1.998,239.571,9989,10062,1
0.180959,0.16274,0.306849,0.00506849,0.313288,0.105616,0.0438356,0.188219,0.274521,0.366301,0.12726,0.558082,0.200685,0.243151,0.100411,0.308904,0.232329,0.181233,1.76712,0.100274,0.850685,0.576438,0.290411,0.253151,0.329178,0.0968493,0.00479452,0.00342466,0.00205479,0.0150685,0.00657534,0,0.0964384,0.00178082,0.00684931,0.0857534,0.146301,0.00671233,0.0134247,0.0247945,0.0135616,0.00260274,0.00972603,0.0171233,0.0415068,0.0683562,0.00219178,0.0309589,0.0388082,0.117671,0.027274,0.245575,0.235233,0.106082,5.89688,143.027,1850.58,0.657534
0.118378,0.161506,0.379228,0.298185,0.293668,0.126178,0.0761776,0.129537,0.352394,0.419344,0.102008,0.587722,0.148533,0.116293,0.135521,0.236486,0.126525,0.287722,1.49656,0.167375,0.948263,0.554903,0.140656,0.167181,0.525753,0.157259,0.0273745,0.0212741,0.00849421,0.0227027,0.0221622,0.00169884,0.0935135,0.00243243,0.0890734,0.0388031,0.136448,0.00471042,0.0205405,0.0335907,0.0069112,0.0590734,0.0144015,0.0121622,0.0392278,0.0335907,0.00679537,0.0266795,0.0721313,0.131031,0.0346448,0.520637,0.190741,0.0736641,5.28009,91.6564,953.672,0.640927
0.423571,0.367857,0.315714,0.0135714,0.220714,0.0257143,0.00428571,0.202143,0.498571,0.714286,0.221429,0.5,0.484286,0.791429,0.0657143,0.161429,0.382857,0.104286,2.52214,0.0335714,1.21357,0,0.512143,0.500714,0.0135714,0,0,0.0135714,0,0,0,0,0,0.0271429,0.00428571,0.0228571,0,0,0.0121429,0.0785714,0,0,0,0,0.0507143,0,0,0,0.0136429,0.0711429,0,0.421857,0.560857,0.0883571,163.147,1017,2446.71,1
