0,0,0,0.04,0,0,0,0,0,0,0,0,0,0,0,0.02,0,0,0.02,0,0,0,0,0,0,0,0,0,0,0,0,0,0,0,0,0,0,0,0,0,0,0,0,0,0,0,0,0,1.024,9.752,0.003,1.542,1.785,1.998,239.571,9989,10062,1
0.109429,0.224857,0.598571,0.563714,0.444286,0.186857,0.276286,0.198,0.06,0.247714,0.137714,0.554286,0.0991429,0,0,0.428,0.365429,0.454,2.35371,0.504857,1.57429,0.0245714,0.138,0.205429,0.0574286,0.0714286,0.00914286,0,0.0411429,0.0411429,0,0,0.00771429,0,0.028,0.0208571,0.131429,0,0.0682857,0.00542857,0,0,0.0217143,0.0217143,0.134571,0.0354286,0,0,0.0101143,0.0825429,0.0243429,0.457171,0.0726571,0.0344286,7.53751,132.914,300.943,0.914286
0.137727,0.0834848,0.31697,0.00242424,0.284091,0.105,0.102879,0.106818,0.480758,0.447424,0.1,0.553182,0.137121,0.0648485,0.0777273,0.306364,0.064697,0.384848,1.61212,0.318485,1.10606,0.915606,0.10697,0.172879,0.370303,0.171212,0.0231818,0.0210606,0.00136364,0.0222727,0.0210606,0.00136364,0.084697,0.00136364,0.196667,0.0219697,0.151364,0.000757576,0.02,0.0456061,0.0106061,0.0566667,0.00818182,0.0207576,0.0459091,0.0421212,0.0219697,0.04,0.0519545,0.123348,0.0536364,0.3665,0.182515,0.0929091,4.6743,66.303,1103.79,0.666667
0.0482051,0.0692308,0.192308,0,0.161026,0.0792308,0.0592308,0.0753846,0.0420513,0.188462,0,0.328974,0.154103,0.0441026,0,0.315385,0.0551282,0.172821,2.05385,0.307436,0.967436,0.141795,0,0.0805128,0.123333,0.146667,0,0.106667,0,0,0,0,0,0,0.0384615,0.0505128,0,0,0,0,0,0.0212821,0,0.02,0.344359,0.347436,0,0,0.0186667,0.0563077,0.00497436,0.176692,0.0409487,0.0828205,4.32633,46.0513,96.9744,0.410256
0.527619,0.681429,0.802857,0.43619,0.318571,0.196667,0.0580952,0.431429,0.392381,1.44571,0.0428571,1.59762,0.11619,0.323333,0.328571,0.341905,0.107143,0.61,1.97048,0.357143,3.54048,0.0180952,0.419524,0.22,0,0,0,0,0,0,0,0,0.0157143,0,0.0542857,0,0.017619,0,0,0,0,0,0,0,0,0,0,0,0.0261429,0.160238,0,1.06733,0.169333,0.0674762,43.5901,636.238,853.524,1
0.151343,0.146716,0.826866,0.00283582,0.707612,0.520149,0.272836,0.136716,0.56597,0.458209,0.203284,0.601194,0.150746,0.0797015,0.967015,0.304776,0.11209,0.760149,1.5091,0.820448,0.926119,0.0862687,0.517612,0.144478,0.051194,0.00134328,0.021791,0.00716418,0,0.00865672,0,0,0.00313433,0.00567164,0.00432836,0,0.0129851,0,0,0.0401493,0,0,0.0835821,0.0119403,0.0447761,0.0364179,0,0,0.00285075,0.0761343,0.0011194,0.448209,0.160104,0.019791,108.883,790.104,1415.94,0.985075
0.105694,0.165278,0.395694,0.196528,0.310833,0.110417,0.055,0.201667,0.311806,0.549444,0.127083,0.53375,0.128889,0.0675,0.169167,0.262361,0.186389,0.328056,1.25458,0.136944,0.843611,0.682361,0.121528,0.177083,0.604583,0.156111,0.0333333,0.0327778,0.00875,0.0315278,0.0233333,0.00263889,0.139028,0.00527778,0.0769444,0.04,0.134583,0.00180556,0.0352778,0.0358333,0.0119444,0.0163889,0.00416667,0.00291667,0.0418056,0.0480556,0.00430556,0.0379167,0.0525833,0.115889,0.02,0.300222,0.168347,0.0948472,4.80193,80.2083,925.306,0.666667
0.608095,0.144524,0.665952,0,0.177381,0.0492857,0,0,0,0.0928571,0.52381,1.385,0,0.0552381,0,0.190476,0.027619,0.00952381,1.31952,0,4.36548,0,0,0.496905,0.105476,0.102857,0.143571,0.0552381,0,0.0959524,0,0.119762,0,0.119762,0.0285714,0,0.0383333,0,0.0540476,0,0,0.0571429,0,0.027619,0.0914286,0.027619,0,0.0578571,0,0.0759762,0,0.629571,0.0787857,0.00452381,4.68257,27.1667,54.381,0.452381
0.118154,0.0549231,0.281231,0,0.182615,0.0367692,0.0370769,0.0633846,0.0267692,0.266154,0.0353846,0.542154,0.0747692,0,0.00938462,0.263538,0.104154,0.180615,1.29677,0.0307692,0.421692,0,0.0110769,0.0192308,0.722,0.485385,0.24,0.222308,0.145077,0.190769,0.0872308,0,0.395077,0,0.171692,0.136154,0.248308,0.0132308,0.0967692,0.0804615,0.0173846,0.108769,0.00615385,0.100769,0.142615,0.0790769,0,0.0278462,0.0210462,0.161338,0.00561538,0.103769,0.0173077,0.0311846,1.86605,7.95385,60.3692,0.184615
0,0,0.4025,0,4.9175,0,0,0,0,0,0,0,0,0,0,0,0,0,0,0,0.4025,0,0,0,0,0,0,0,0.595,0,0,0,0,0,0,0,0,1.8475,0,0,0,5.4775,0,0,0,0,0,0,0,0.0735,0,0,0,0,1.14575,1.375,4.375,0.125
0,0,0,0,0,0,0,0,0,0,0,0,0,0,0,0.37037,0,0,0,0,0,0,0,0,0,0,20.987,0,0,0,0,0,0,0,0,0,0,0,0,0,0,0,0,0,0,0,0,0,0,0,0,0,0,0,1.16356,1.51852,5.13889,0
0.157722,0.0791139,0.310759,0,0.456835,0.0662025,0.112658,0.176329,0.0698734,0.144177,0.0283544,0.466709,0.0837975,0,0.0389873,0.271139,0.171013,0.171013,1.55038,0.0602532,0.753924,0.00696203,0.140127,0.0118987,0.478734,0.408861,0.217468,0.184937,0.0918987,0.0892405,0.0620253,0.0534177,0.11481,0.0534177,0.15519,0.0941772,0.208987,0.00911392,0.0829114,0.0651899,0.0807595,0.0344304,0.126962,0.0781013,0.247215,0.191772,0.00240506,0.0749367,0.0291772,0.141519,0.0256456,0.278671,0.0638608,0.0364051,2.12791,14.2405,119.759,0.35443
0.225,0.32,0.590556,0.0527778,0.407778,0.344444,0.155,0.202778,0.477778,0.684444,0.246111,0.636111,0.210556,0.0988889,0.313889,0.248889,0.228333,0.389444,2.02333,0.140556,1.51611,0.00944444,0.343889,0.315556,0.518333,0.218333,0.0133333,0,0,0.0405556,0,0,0.075,0,0.04,0.0133333,0.181667,0.0477778,0.0133333,0.0405556,0,0.0405556,0.0188889,0.0272222,0.0938889,0.0794444,0,0,0.00227778,0.178944,0.0331111,0.625944,0.242167,0.0503889,10.0713,306.167,748.222,0.944444
0.0582222,0.110889,0.326889,0,0.661556,0.127556,0.229111,0.174222,0.0955556,0.193556,0.109778,0.715556,0.0533333,0,0.275556,0.296667,0.397778,0.350667,1.79511,0.548667,1.12356,0.202,0.315778,0.0857778,0.350667,0.181778,0.0548889,0.178889,0.0168889,0.120222,0.0168889,0.0168889,0,0.0168889,0.0444444,0.0611111,0.136889,0,0.200222,0.0911111,0,0.0633333,0,0,0.173556,0.0486667,0,0,0.00446667,0.179756,0,0.227911,0.0853111,0.0286889,5.47669,57.8667,138.044,0.644444
0.0866667,0.0971429,0.22,0,0.174286,0.0514286,0.326667,0.112857,0.109524,0.0847619,0.109048,0.542381,0,0,0,0.948095,0.318571,0.309048,3.42857,0,2.04857,0,0,0.17619,0,0.21,0.159048,0,0,0,0,0,0,0,0,0,0.174286,0,0,0,0,0.13381,0,0.0709524,0.404762,0,0,0,0,0.021,0,0.265238,0.114286,0,4.72981,35.9524,74.2857,0.809524
0,0,0,0,0.274615,0,0,0.427308,0,0,0,0.535385,0,0,0,0,0,0,0.226538,0,0.629615,0,0,0,0,0,1.04154,0,0,0,0,0,0,0,0,0,0,0,0,0,0,0.202308,0,3.22962,4.29269,0.455769,0,0.128077,0,0.0809231,0,0.0179615,0,0,1.17735,1.76923,6.57692,0.0384615
0.136282,0.229615,0.237692,0,0.356795,0.0834615,0.099359,0.08,0.0251282,0.296154,0.0797436,0.894872,0.101667,0.0303846,0.0146154,0.249231,0.0766667,0.162692,1.80077,0.00897436,0.671026,0,0.015,0.0665385,0.69359,0.496282,0.258462,0.357308,0.106667,0.16641,0.118974,0.0976923,0.214615,0.0976923,0.144744,0.200385,0.157564,0,0.12,0.0870513,0.0203846,0.0720513,0.0924359,0.205769,0.165256,0.0475641,0,0.055,0.00555128,0.156731,0.0129359,0.0943077,0.0235513,0.00989744,1.87477,9.02564,89.7179,0.205128
0,0,0,0,0,0,0,0,0,0,0,0,0,0,0,0,0,0,0,0,0,0,0,0,0,0,0,0,0,0,0,0,0,0,0,0,0,0,0,0,0,0,0,0,0,0,0,0,0,0,0,4.03575,0,0,1,1,3,0.5
0,0,0.20102,0,0.313673,0.0767347,0.0453061,0.273265,0.0679592,0.08,0,0.581633,0.0522449,0.04,0,0.33449,0.0679592,0.120816,2.07408,0,0.693673,0,0.137551,0.407755,0.308163,0.145918,0.122245,0.252857,0.228776,0.0973469,0.0959184,0,0,0,0.0408163,0.0408163,0.0971429,0,0.21,0.0453061,0.250612,0.366122,0.0593878,0.196939,0.772245,0.192245,0,0.0522449,0.0322041,0.106204,0.022449,0.437224,0.0846939,0.063102,2.74171,12.4082,27.6735,0.44898
0.09,0.0249412,0.0884706,0,0.424824,0.104118,0.0209412,0.0969412,0.00941176,0.0816471,0,0.595412,0.0776471,0.0555294,0,0.0682353,0.0183529,0.00941176,0.316235,0.0317647,0.152706,0,0.0249412,0.0198824,0.216235,0.127529,0.289059,0,0.100706,0,0,0,0.478941,0,0,0.0117647,0.0629412,0.0870588,0.0897647,0,0,0.486471,0.084,0.176941,0.676941,0.130588,0.0343529,0,0.0275059,0.0866118,0.0251529,0.143129,0,0,1.57069,3.87059,14.5529,0.0352941
0.0916667,0.0852778,0.344028,0,0.222917,0.0730556,0.173889,0.0947222,0,0.195833,0.0641667,0.763472,0.0906944,0,0.05,0.259583,0.0658333,0.0956944,1.75819,0,0.63375,0,0.0954167,0,0.299722,0.0809722,0.134444,0,0.0838889,0.101806,0,0,0.143472,0,0.0309722,0.0954167,0.13375,0.0111111,0.228056,0,0.0411111,0.227917,0.0261111,0.119028,0.231944,0.117778,0,0.0629167,0.0115972,0.127042,0,0.160181,0.0277917,0.0138889,1.64258,5.76389,51.7778,0.222222
0.0711765,0.112549,0.296471,0,0.289412,0.12,0.21,0.124706,0.0780392,0.224118,0.151961,0.56,0.178824,0.0688235,0.0198039,0.306275,0.15,0.225686,1.57843,0.0915686,0.881176,0,0.0409804,0.111176,0.575294,0.236275,0.0513726,0.10902,0.0201961,0.0790196,0.0323529,0.0201961,0.0231373,0.0201961,0.0907843,0.146275,0.210588,0.0107843,0.0480392,0.0629412,0.00607843,0.0045098,0.0156863,0.0182353,0.108039,0.0305882,0,0.062549,0.0179216,0.0997843,0.00954902,0.231216,0.0850392,0.0320784,3.33875,47.1569,191.569,0.568627
0.149048,0.0868254,0.105079,0,0.149841,0.14619,0.212063,0.152381,0.0236508,0.157937,0.035873,0.36254,0.0655556,0.0188889,0,0.161587,0.13,0.195238,1.84889,0.0109524,1.05794,0,0,0.0428571,0.512381,0.251746,0.384921,0.485238,0.065873,0.0884127,0.0790476,0.0609524,0.350476,0.0609524,0.239683,0.0609524,0.231746,0,0.0831746,0.0609524,0.0615873,0.077619,0.119524,0.164921,0.520317,0.460159,0,0,0.0209048,0.186905,0.00922222,0.283476,0.0925397,0.0656984,2.51975,14.4127,61.5397,0.444444
0,0,0,0,0,0,0,0,0,0,0,0,0,0,0,0,0,0,3.42375,0,0,0,0,0,0,0,0,0,0,0,0,0,0,0,0,0,0,0,1.38875,0,0,0,0,0,14.6637,0,0,0,0,0.285625,0,5.217,0,0,1.46187,2.875,7.375,0
0.278571,0.0780952,0.267302,0,0.625873,0.0274603,0.148413,0.0820635,0.0185714,0.0903175,0.0184127,0.513968,0.0438095,0.0401587,0.0136508,0.458889,0.277143,0.210476,2.44905,0.00698413,1.2446,0,0.188571,0.0734921,0.160317,0.0465079,0.131905,0.0695238,0.0187302,0.0431746,0.0187302,0.0287302,0.0161905,0.0287302,0.0507937,0.0896825,0.0330159,0,0.0266667,0.0239683,0,0.0106349,0.0207937,0.0187302,0.300476,0.042381,0,0.0404762,0.0120159,0.123587,0.00857143,0.459381,0.158222,0.00655556,3.07579,24.6349,112.175,0.809524
0,14.1478,0,0,0,0,0,0,0,0.132222,0,0,0,0,0,0,0,0,0,0,0,0,0,0,0,0,0,0,0,0,0,0,0,0,0,0,0,0,0,0,0,0,0,0,0.132222,0,0,0,0,0,0,0,0,0,1.77778,4.88889,9.02778,0
0,0.042,0,0,0.334857,0,0.129714,0,0,0.426857,0,1.42029,0,0.360857,0,0.539429,0,0.042,0.971429,0.0634286,0,0,0,0.042,0,0,0.231429,0.292,0.109714,0.168,0,0,0,0,0.277714,0,0,0,0.274286,0,0.298286,0.245714,0,0.056,0.0731429,0.298286,0,0.0951429,0.109886,0.146629,0.0442857,0.294171,0,0.0214571,2.74954,9.51429,17.8571,0.142857
0.156667,0.0641026,0.329487,0,0.0984615,0.166923,0,0,0,0.505128,0,0,0,0.0753846,0,0.457436,0,0,5.20513,0,0.877179,0,0,0,0.0464103,0,0.125385,0,0,0,0,0,0,0,0,0,0,0,0,0,0,0,0,0,0.475897,0.87641,0,0,0.0323077,0.0790769,0,0.0967949,0,0,1.09528,1.28205,5.30769,0.0769231
0.204651,0.116279,0.493953,0.0293023,0.299535,0.0895349,0.166047,0.26093,0.117674,0.306744,0.0976744,0.359302,0.0316279,0.00697674,0,0.52186,0.404884,0.223023,2.01767,0.426744,1.37209,0.548837,0.094186,0.131395,0.0872093,0.0725581,0.00465116,0.0260465,0.0174419,0.0213953,0.00465116,0.00465116,0,0.0116279,0.0376744,0.0316279,0.118837,0,0.0181395,0.0713953,0,0,0.02,0.0186047,0.179767,0.0360465,0.0323256,0.0706977,0.0242558,0.140605,0.016093,0.483721,0.347,0.34086,5.35228,71.7674,328.977,0.72093
0,0,0.217407,0,0,0,0,0,0.067037,0,0,0.337037,0,0,0,0,0,0.0803704,9.73259,0,1.0963,0,0,0.824074,0,0,2.00259,0,0,0,0,0,0.231481,0,0,0,0,0,0,0,0,0,0,0,2.50222,0.0785185,0.0803704,0.176296,0.0138519,0.0117037,0,0,0,0,1.15411,1.81481,6.66667,0.0740741
0.15225,0.07875,0.38375,0.02025,0.3195,0.27225,0.081,0.09075,0.04725,0.2295,0.034,0.671,0.07625,0,0.00725,0.2715,0.097,0.2075,1.50125,0.00925,0.928,0,0.22575,0.23525,0.4675,0.38275,0.1305,0.138,0.0235,0.0875,0.0145,0.02325,0.126,0.02325,0.08425,0.05275,0.16075,0,0.12325,0.02375,0.13975,0,0.0945,0.015,0.1655,0.04825,0.03975,0.007,0.06915,0.14325,0.0173,0.29355,0.061925,0.008525,2.42877,17.7,144.6,0.45
0,0,0.0813043,0,0.184783,0.00804348,0,0,0,0.0986957,0,0.325217,0,0.0543478,0,0.218261,0,0.31413,5.1013,0,0.32,0,0,0,0.0869565,0,0.115652,0,0,0,0,0,0.22087,0,0,0,0,0,0,0,0.0504348,0.0904348,0,0.091087,0.600217,0.422609,0,0,0,0.0729348,0.00717391,0.82063,0.00734783,0,1.58759,4.34783,13.1957,0.23913
0.197059,0.133059,0.340235,0.00129412,0.366588,0.161882,0.0815294,0.177882,0.344471,0.349412,0.0972941,0.617882,0.0754118,0.131176,0.0951765,0.192118,0.345059,0.0825882,1.52424,0.221059,1.11153,0.369412,0.064,0.257647,0.630706,0.171882,0.0288235,0.0130588,0.00494118,0.0256471,0.0187059,0.00494118,0.100118,0.00623529,0.0187059,0.0604706,0.156941,0.0212941,0.0144706,0.0337647,0.0544706,0.152471,0.0182353,0.0114118,0.0611765,0.0964706,0.00647059,0.0104706,0.106059,0.1678,0.0139647,0.288588,0.137824,0.0951529,4.28454,76.9059,629.494,0.529412
0.0561702,0.0626596,0.207021,0.0143617,0.257979,0.0302128,0.125106,0.176277,0.0325532,0.574574,0.0589362,0.385532,0.113298,0.0219149,0.0393617,0.100532,0.169787,0.184681,1.69053,0,0.573511,0.00617021,0.0528723,0.0811702,0.797021,0.474787,0.337234,0.41766,0.129787,0.207234,0.123085,0.0975532,0.00659574,0.0975532,0.248723,0.165106,0.254043,0.00574468,0.18383,0.115319,0.035,0.0341489,0.154894,0.0376596,0.342021,0.26734,0,0.0326596,0.0383404,0.176426,0.0186702,0.265926,0.0485106,0.0240426,2.60594,14.5,79.7553,0.340426
0,0,0,0,0,0,0,0,0,0,0,0.045,0,0,0,0,0,0.103919,0,0,0.0337838,0,0,0,0,0,0.290405,0,0,0,0.168919,0,0,0,0,0,0,0,0,0,0,0.0518919,0,0,0.208784,0.09,0,0,0,0.112784,0.0551486,0.0583649,0,0,1.14865,1.36486,4.27027,0
0.168214,0.052381,0.232381,0,0.201071,0.0814286,0.0557143,0.0214286,0.0282143,0.102857,0.00809524,0.517143,0.1075,0.0292857,0,0.200238,0.0404762,0.111429,1.65917,0.0105952,0.434286,0,0.0167857,0.0138095,0.335476,0.320952,0.305714,0,0.164048,0.0632143,0.0153571,0,0.0975,0,0.0522619,0.084881,0.14619,0.0110714,0.0815476,0.0119048,0.035,0.262143,0,0.126905,0.361548,0.130238,0.0121429,0.0642857,0.00170238,0.123107,0.0139405,0.144119,0.00789286,0.00619048,1.61829,5.36905,36.3452,0.107143
0.0781818,0.135818,0.353818,0.0105455,0.378909,0.112909,0.0823636,0.126727,0.0627273,0.206727,0.0829091,0.591273,0.0738182,0.0116364,0,0.322909,0.191091,0.336545,1.96982,0.102909,0.881636,0.190909,0.184,0.0958182,0.128182,0.0772727,0,0.0325455,0,0.0443636,0,0,0,0,0.0556364,0.0950909,0.0774545,0,0.00763636,0.0330909,0,0.00618182,0.0196364,0,0.195455,0.409091,0,0.0350909,0.0874909,0.102891,0.00889091,0.333964,0.118564,0.0296182,4.02835,64.1091,271.055,0.654545
0.0821951,0.12122,0.307561,0.467317,0.335122,0.116585,0.0819512,0.0902439,0.304634,0.274634,0.0668293,0.470976,0.0797561,0.0539024,0.0992683,0.30878,0.118537,0.198049,1.33317,0.0392683,0.683902,0.92122,0.180244,0.115854,0.290244,0.164878,0.0102439,0.0114634,0.0121951,0.00756098,0.0163415,0,0.0585366,0.00317073,0.0209756,0.0436585,0.13878,0.00097561,0.00780488,0.0195122,0.00170732,0.0136585,0,0.014878,0.0197561,0.0351219,0,0.00804878,0.0383659,0.161659,0.0282683,0.193707,0.141,0.105829,5.83883,104,1374.73,0.634146
0.15925,0.29025,0.4605,0,0.413,0.19525,0.32175,0.028,0.038,0.4745,0.081,0.72925,0.1745,0.0505,0.0635,0.3225,0.345,0.27625,2.02225,0.15625,0.93075,0.04075,0.41025,0.085,0.08225,0.09525,0,0.18025,0,0.1065,0,0,0.49875,0,0.16475,0.06925,0.00575,0.039,0,0.09925,0,0.08475,0.013,0.01375,0.1125,0.11925,0,0,0.011225,0.087625,0,0.736625,0.1051,0.020775,6.17025,83.3,186.85,0.675
0.0415385,0.0786538,0.302692,0.00269231,0.302308,0.118269,0.134423,0.0698077,0.0590385,0.252308,0.0592308,0.338846,0.293846,0.0588462,0.141346,0.0686538,0.0567308,0.305385,1.25615,0.0692308,0.6925,0.624423,0.210385,0.0625,0.974808,0.393846,0.205192,0.140192,0.118077,0.0944231,0.0896154,0.104615,0.0830769,0.104615,0.09,0.133077,0.194808,0,0.0832692,0.130192,0,0.0511538,0.119423,0.0275,0.160192,0.0811538,0,0.0113462,0.0778846,0.206077,0.0416154,0.158712,0.167558,0.0705769,3.01887,19.8654,262.885,0.519231
0.0707273,0.0747273,0.295273,0.0234545,0.389818,0.138,0.074,0.166364,0.0325455,0.267636,0.0476364,0.468545,0.038,0,0.0170909,0.198909,0.0750909,0.177636,1.54909,0.0329091,0.808727,0.00836364,0.0981818,0.0347273,0.675091,0.552727,0.252727,0.330364,0.156,0.131818,0.0712727,0.0732727,0.078,0.084,0.206182,0.166909,0.219455,0,0.148545,0.0694545,0.0325455,0.111636,0.122727,0.0643636,0.325818,0.232182,0.00163636,0.0207273,0.0222909,0.143909,0.0286909,0.208018,0.0410364,0.0132364,2.23075,14.2545,131.091,0.418182
0.177778,0.125556,0.143889,0,0.750556,0.266111,0.407778,0,0.119444,0.472222,0.236111,0.312778,0.261111,0,0,1.13889,0.0755556,0.215,1.87111,0,0.745556,0,0,0.49,0.0661111,0.0661111,0.198333,0,0,0.0822222,0,0,0.206111,0,0.0661111,0.05,0.0755556,0,0,0.0755556,0.0144444,0,0.0388889,0.107222,0.123889,0.0677778,0,0,0,0.0287778,0,0.582333,0.067,1.10161,7.70206,69.2778,109.778,0.777778
0.0956,0.0586,0.3398,0.0232,0.2626,0.1686,0.118,0.0128,0.0216,0.1812,0.0316,0.252,0.1392,0,0.0106,0.405,0.126,0.0596,1.7278,0.0224,0.7396,0.1138,0.148,0.11,0.464,0.3388,0.2278,0.1194,0.078,0.1412,0.0702,0.0702,0.0644,0.0972,0.1266,0.137,0.036,0,0.176,0.0792,0,0.032,0,0.032,0.2966,0.2024,0,0.051,0.01766,0.1306,0.01108,0.3537,0.03764,0.04968,3.49372,37.4,123.96,0.52
0,0,0,0,0,0,0,0,0,0,0,0.214667,0,0,0,0,0,0,0.366667,0,0,0,0,0,0,0,0,0,0,0,0,0,0,0,0,0,0,0,0,0,2.436,0,0,0,0,7.22533,0,0,0,0.083,0,0.304,0,0,2.56847,4.66667,10.1333,0
0.055,0.289,0.29625,0,0.21275,0.351,0.20575,0.16925,0.09325,0.27225,0.062,0.6435,0.08775,0,0.00725,0.25675,0.1015,0.28,1.645,0.19225,1.05075,0,0.30075,0.0565,0.3385,0.2475,0.21375,0.09025,0.09875,0.14025,0.05225,0.0515,0.19575,0.0515,0.14175,0.07775,0.218,0,0.14175,0.0495,0.01775,0.069,0.07725,0.00725,0.088,0.03125,0,0.07325,0.012375,0.19545,0.03115,0.361675,0.17625,0.0298,3.78365,29.35,166.375,0.6
0,0,0,0,0,0,0,0,0,0,0,0,0,0,0,0,0,0,0,0,0,0,0,0,0.483043,0.62087,11.6526,0,0,0,0,0,0,0,0,0,0,0,0,0,0,0.966087,0,0,0.289565,0,0,0.362174,0.113565,0.152522,0,0.105696,0,0,1.53543,3.04348,8.52174,0
0.0430189,0.0496226,0.268868,0,0.465849,0.305472,0.140566,0.193208,0.0222642,0.22566,0.0054717,0.463962,0.179057,0.0262264,0.00471698,0.271321,0.153585,0.0971698,1.54717,0,1.70245,0,0.0149057,0.12717,0.638491,0.379057,0.229245,0.172453,0.0967925,0.202642,0.10434,0.0622642,0.0533962,0.0622642,0.143396,0.134528,0.118868,0.00433962,0.0269811,0.0666038,0.00433962,0.0150943,0.070566,0.00698113,0.300755,0.059434,0,0,0.0141698,0.177189,0.0317736,0.0517547,0.0700566,0.0115849,1.74789,9.66038,141.642,0.490566
0.0779412,0.135,0.243235,0,0.236324,0.0501471,0.117353,0.0188235,0.0188235,0.224265,0.0373529,0.405294,0.278824,0.0188235,0,0.456176,0.0483824,0.145882,1.69368,0.0392647,0.773824,0,0.0776471,0.055,0.8,0.526029,0.5625,0.345294,0.229118,0.312353,0.234853,0.183971,0.167059,0.183971,0.454559,0.254118,0.236618,0.00602941,0.353088,0.197059,0.0863235,0.318971,0.158088,0.195588,0.228676,0.141471,0,0,0.0110588,0.153485,0.0128824,0.241544,0.212809,0.00814706,2.20743,11.3235,44.1176,0.308824
0.0145714,0.397429,0.274571,0,0.646,0.223143,0.914286,0.082,0.122286,0.336286,0.0357143,0.707714,0.00571429,0.00571429,0.0262857,0.303429,0.191714,0.366571,2.09829,0.0294286,1.20029,0,0.0128571,0.0151429,0.0694286,0,0.328,0.0402857,0,0,0.206857,0,0,0,0.0802857,0.0151429,0.0125714,0,0.0537143,0.542857,0,0,0,0,0.238,0.0125714,0,0,0.0008,0.181829,0.0186286,0.264914,0.0204,0.0436,14.8069,167.314,387.486,0.6
0.0919718,0.11507,0.28662,0,0.377465,0.128028,0.220141,0.145915,0.0464789,0.301831,0.10169,0.324507,0.0209859,0.0316901,0.0301408,0.407042,0.124648,0.287183,2.00211,0.061831,1.03155,0.0211268,0.115775,0.105352,0.691831,0.379155,0.328592,0.292958,0.0519718,0.132113,0.0519718,0.142817,0.0547887,0.142817,0.142394,0.16,0.115352,0.0190141,0.155211,0.0519718,0.0591549,0.0340845,0.113662,0.0797183,0.290563,0.424507,0.0326761,0.0125352,0.0199437,0.147366,0.00846479,0.270859,0.0432254,0.115521,2.32582,14.7183,96.5352,0.450704
0,0.0757143,0.225714,0,0.483214,0.0278571,0.422857,0,0.0196429,0.311071,0,0.541786,0.237857,0.111429,0,0.580714,0,0.445,3.04036,0,0.896429,0,0,0.0507143,0.549286,0,0,0,0,0,0,0,0,0,0,0,0,0,0,0,0,0.182857,0,0.0921429,0.225357,0.585714,0,0,0.0110357,0.0210714,0,0.116607,0,0,5.17179,53.4643,75.75,0.285714
0.121143,0.0710476,0.276381,0.119524,0.271333,0.108476,0.0440952,0.154,0.193905,0.266381,0.0739048,0.774952,0.10381,0.100952,0.013619,0.147238,0.183238,0.066,1.34324,0.0899048,1.11276,0.16981,0.149714,0.0962857,0.934095,0.181048,0.0132381,0.0199048,0.0177143,0.0328571,0.00419048,0,0.105143,0,0.025619,0.0624762,0.15981,0.0125714,0.0320952,0.0133333,0.0702857,0.075619,0.00409524,0.0230476,0.0654286,0.283429,0.024381,0.0201905,0.0667143,0.175276,0.0216952,0.199143,0.059181,0.0352667,3.72003,48.2857,540.8,0.542857
0.146216,0.0827027,0.436486,0,0.811351,0.178649,0.217297,0.294865,0.122973,0.34,0.12027,0.754324,0.0375676,0.0345946,0.027027,0.331081,0.615135,0.206216,2.30757,0.306486,1.41676,0,0.327568,0.0597297,0.203243,0.00648649,0,0,0,0,0,0,0.0613514,0,0.0127027,0.022973,0.11,0,0.012973,0.0710811,0,0,0,0.0156757,0.235946,0.00432432,0,0,0.00191892,0.0905946,0.00178378,0.423459,0.156297,0.0696216,4.51984,74.973,232.432,0.837838
0.0731034,0.262759,0.406552,2.85724,0.423103,0.0965517,0.141379,0.0934483,0.335862,0.277931,0.0251724,0.497241,0.12931,0.0262069,0.201379,0.291379,0.296897,0.640345,1.71621,0.0893103,0.912069,0.620345,0.345862,0.158621,0.473448,0.117931,0,0,0.0172414,0.00862069,0,0,0,0.0213793,0.00689655,0.0344828,0.116552,0,0.0296552,0,0,0.00689655,0.0141379,0,0.0648276,0,0,0.0413793,0.0292414,0.154034,0.00193103,0.441138,0.153414,0.100483,9.13372,124.897,485.621,0.793103
0,0.527647,0.193529,0,0.164706,0,0.344706,0,0,1.18235,0,0.552941,0.0929412,0.0838235,0,0.0808824,0,0.0838235,2.55941,0,0.731765,0,0,0.184412,0.367647,0.0638235,0.616471,0.512353,0,0,0,0,0.146176,0,0,0.0838235,0.47,0,0.929412,0.122353,0.0376471,0,0.0552941,0.0694118,0.621765,0.226176,0,0,0.0754118,0.306029,0,0.0907647,0.0588529,0.0236765,3.67321,22.7059,39.9706,0.294118
0.0819718,0.0521127,0.376197,0,0.223521,0.0684507,0.117606,0.0949296,0.142958,0.162676,0.0370423,0.369296,0.0130986,0.161972,0.016338,0.527042,0.0652113,0.236901,1.87254,0,0.836761,0,0.0298592,0.0649296,0.998169,0.767746,0.474085,0.447324,0.348451,0.40507,0.438451,0.309296,0.0169014,0.309296,0.42662,0.374507,0.162535,0,0.122958,0.309296,0.102817,0.143099,0.104789,0.23662,0.36,0.336056,0,0,0.00759155,0.21438,0.0358028,0.255394,0.0418028,0.027831,2.52344,12.9014,37.0563,0.352113
0.0764706,0.0508824,0.2775,0,0.328676,0.161618,0.0775,0.0954412,0.0554412,0.180441,0.0516176,0.476765,0.0832353,0.0560294,0.0275,0.218971,0.186618,0.198824,1.33735,0.137647,0.773235,0,0.109265,0.1,0.723676,0.4175,0.141471,0.141324,0.117794,0.121029,0.0544118,0.0302941,0.0648529,0.0302941,0.110147,0.0995588,0.1925,0.00205882,0.0425,0.0548529,0.234559,0.0132353,0.0802941,0.0427941,0.192941,0.438529,0,0.0407353,0.0947206,0.159853,0.024,0.100882,0.0564265,0.0131912,2.15368,14.75,186.544,0.382353
0.0974444,0.0595556,0.237222,0,0.282222,0.0848889,0.185222,0.0348889,0.0144444,0.159,0.0593333,0.693,0.058,0.0308889,0.0248889,0.102667,0.181556,0.0678889,1.88267,0.005,0.505222,0,0.0952222,0.0558889,0.202778,0.0735556,0.204889,0,0.0235556,0.0824444,0,0,0.157111,0,0,0.0711111,0.160556,0.00611111,0.048,0.00288889,0.114333,0.186111,0.0237778,0.08,0.292889,0.109222,0,0.0632222,0.0167556,0.116056,0.0112889,0.275367,0.0157333,0.00977778,1.56988,5.55556,43.2444,0.155556
0.1305,0.1045,0.36625,0.02225,0.306625,0.09225,0.05675,0.11575,0.1895,0.312,0.104125,0.487125,0.12975,0.03425,0.10675,0.292375,0.160375,0.2505,1.52813,0.10075,0.84925,0.584625,0.188875,0.104875,0.489,0.226375,0.092375,0.118,0.05175,0.067,0.038125,0.029375,0.034875,0.029375,0.06775,0.086125,0.128375,0.04775,0.05,0.096125,0.04275,0.09425,0.048375,0.005875,0.1005,0.07875,0.018875,0.04825,0.265038,0.15645,0.016725,0.25195,0.08465,0.0818875,3.5469,44.7375,378.875,0.5125
0,0,0,0,0,0,0,0,0,0,0,0,0,0,0,0,0,0,1.04125,0,0,0,0,0,0,0,0,0,0,0,0,0,0,0,0,0,0,0,0,0,0,0,0,0,0,0,0,0,0,0.199125,0,0.0855,0,0,1,1,1.25,0
0.126842,0.0552632,0.214737,0.0127632,0.251711,0.116053,0.0521053,0.106974,0.0392105,0.218421,0.0427632,0.527237,0.102895,0.0418421,0.00118421,0.135,0.152105,0.103684,1.24355,0.103421,0.442105,0.801184,0.143947,0.0575,1.01895,0.375789,0.130526,0.0521053,0.0694737,0.0586842,0.0706579,0.0167105,0.109868,0.0167105,0.0438158,0.0807895,0.308026,0.0025,0.0222368,0.0188158,0.0651316,0.0438158,0.0505263,0.0935526,0.0967105,0.329868,0,0.0159211,0.323408,0.185013,0.0315658,0.137382,0.0741974,0.0791316,3.24507,26,314.789,0.368421
0,0,0,0,0.833333,0,0,0,0,0,0,0,0,0,0,0,0,0,0,0,0,0,0,0,8.33333,4.735,0,0,0,0,0,0,0,0,0,0.640833,0,0,0,0,0,1.2075,0,0.1125,0,0,0,0,0,0,0,0,0,0,1.41175,2.41667,6.16667,0
0.152778,0.121111,0.258056,0.0102778,0.195833,0.0908333,0.0283333,0.233889,0.198889,0.2725,0.0933333,0.476389,0.171389,0.0683333,0.0636111,0.266111,0.187778,0.186111,1.35028,0.139444,0.697222,0.706944,0.219444,0.216389,0.528333,0.0975,0.00694444,0.00361111,0.00416667,0.0283333,0.01,0,0.112222,0,0.0102778,0.118611,0.165833,0.0125,0.0241667,0.0288889,0.0247222,0.00472222,0.00944444,0.0266667,0.0372222,0.110833,0.00305556,0.045,0.0486667,0.126222,0.0418611,0.182639,0.12025,0.0944167,5.42706,115,1760.22,0.472222
0,0,0,0,0,0,0,0,0,0,0,0,0,0,0,0,0,0,0,0,0,0,0,0,0,0,0,0,0,0,0,0,0,0,0,0,0,0,0,0,0,0,0,0,0,0,0,0,0,0,0,0,0,0,0,0,0,0
0.110306,0.0496939,0.25551,0,0.234082,0.0607143,0.0308163,0.0154082,0,0.1,0,0.698673,0.0705102,0.0314286,0.00673469,0.195918,0.0131633,0.137347,2.10296,0.00683673,0.612041,0,0,0.0308163,0.345918,0.361224,0.210408,0,0.133776,0.0268367,0.0118367,0,0.0580612,0,0,0.0312245,0.245,0.0108163,0.0496939,0,0.111633,0.288367,0.0159184,0.119796,0.406327,0.150306,0,0,0.0292245,0.112857,0.0128061,0.111816,0.0142245,0.0120918,1.50303,4.88776,30.2857,0.112245
0.0731915,0.0354255,0.272872,0.0141489,0.155426,0.0432979,0.0512766,0.113723,0.0204255,0.113404,0.0284043,0.615638,0.145851,0.00244681,0.0435106,0.0730851,0.135426,0.373298,1.53138,0.00680851,0.534255,0,0.0189362,0.0309574,0.806809,0.398298,0.188085,0.239894,0.0803191,0.197979,0.100957,0.0538298,0.197021,0.0538298,0.160532,0.174362,0.320851,0.0108511,0.160745,0.0679787,0.062766,0.137234,0.147553,0.142447,0.24,0.306064,0.00914894,0.0405319,0.0154787,0.186606,0.0453298,0.244649,0.0276809,0.0111277,1.91491,9.8617,68.5532,0.244681
0.12,0.01,0.245,0,0.115,0.1475,0,0.0725,0.0725,0.235,0.0925,0.1025,0.09,0,0.0475,0.105,0.0975,0.095,0.755,0.01,0.3025,2.3825,0.1725,0.1375,0,0,0,0,0,0,0,0,0,0.035,0,0.01,0,0,0.02,0,0,0,0,0,0.0475,0,0,0,0.28175,0.07375,0.0105,0.105,0.0225,0.0035,11.9865,375,10795.5,1
0.143243,0.207568,0.258378,0,0.498108,0.0956757,0.255946,0.0764865,0.0205405,0.283243,0.0594595,0.671081,0.0521622,0,0.0335135,0.510541,0.154054,0.237027,2.20541,0,1.18622,0.0335135,0.177568,0.08,0.501081,0.187568,0.228919,0.07,0.101892,0.0527027,0.0527027,0.0527027,0.135405,0.0527027,0.0527027,0.0718919,0.117297,0,0.0686486,0.0791892,0.00891892,0.0389189,0.0518919,0.0175676,0.258919,0.0151351,0,0,0.00172973,0.153324,0.0364054,0.397135,0.0487568,0.0239189,3.83632,31.2432,144,0.621622
0.0890625,0.43875,0.368125,2.21625,1.05438,0.03,0.892188,0.185,0.074375,0.259688,0.0440625,0.420625,0.244688,0.05625,0,0.882188,1.69812,0.30625,2.38719,0.155938,2.09281,0,0.0246875,0.139375,0,0,0,0,0,0,0,0,0,0,0,0,0.145625,0,0,0,0,0,0,0,0,0,0,0,0,0.133187,0,0.750375,0.263344,0.041375,10.3982,144.656,198.062,0.96875
0,0,0,0,0,0,0,0,0,0,0,0,0,0,0,0,0,0,0,0,0,0,0,0,0,0,0,0,0,0,0,0,0,0,0,0,0,0,0,0,0,0,0,0,0,0,0,0,0,0,0,0,0,0,0,0,0,0
0.0912,0.155467,0.327867,0,0.4352,0.1288,0.117067,0.0753333,0.0381333,0.2356,0.0442667,0.6148,0.0758667,0.00706667,0.0052,0.170667,0.134133,0.160267,1.36587,0.0278667,0.9768,0,0.0668,0.0516,0.829867,0.424133,0.296933,0.184533,0.150667,0.143733,0.0989333,0.111333,0.0836,0.111333,0.136,0.139867,0.229867,0,0.118133,0.1208,0.0622667,0.0794667,0.157067,0.0382667,0.263067,0.153733,0.0142667,0.00693333,0.0348133,0.170933,0.0218,0.0891733,0.0455733,0.00921333,2.03749,14.1067,162.56,0.346667
0.0294737,0.0784211,0.556667,0,0.32807,0.0136842,0.0721053,0.0408772,0.0285965,0.118772,0.0319298,0.864737,0.0675439,0.0498246,0,0.136667,0.10807,0.202632,2.15439,0.0666667,0.745965,0,0,0.0345614,0.170351,0.214561,0.219649,0,0.110351,0.0666667,0,0,0.0829825,0,0,0.0119298,0.05,0,0.0564912,0.0168421,0.0273684,0.175088,0.0312281,0.120351,0.230702,0.151579,0,0,0.0173509,0.176281,0,0.166632,0.00236842,0.00215789,1.36151,3.36842,21.4035,0.105263
0,0,0,0,0,0,0,0,0,0,0,0,0,0,0,0,0,0,0,0,0,0,0,0,0,0,0,0,0,0,0,0,0,0,0,0,0,0,0,0,0,0,0,0,0,0,0,0,0,0,0,0,0,0,0,0,0,0
0.0469,0.048,0.2435,0,0.2766,0.0299,0.037,0,0.042,0.1143,0.033,0.8791,0.0817,0.0241,0.017,0.0804,0.0064,0.1024,1.6677,0.0126,0.3287,0,0,0.0173,0.3384,0.3753,0.5083,0,0.1308,0.0952,0,0,0.0949,0,0.0579,0,0.1505,0.014,0.0564,0,0.0168,0.2399,0.0086,0.108,0.4654,0.1514,0,0.1024,0.03035,0.12664,0.00695,0.13996,0.00933,0.00645,1.69865,5.52,24.88,0.1
0,0,0,0,0,0,0,0,0,0,0,0,0,0,0,0,0,0,0,0,0,0,0,0,0,0,0,0,0,0,0,0,0,0,0,0,0,0,0,0,0,0,0,0,0,0,0,0,0,0,0,0,0,0,0,0,0,0
0,0,0,0,0,0,0,0,0,0,0,0,0,0,0,0,0,0,0,0,0,0,0,0,0,0,0,0,0,0,0,0,0,0,0,0,0,0,0,0,0,0,0,0,0,0,0,0,0,0,0,0,0,0,0,0,0,0
0,0,0,0,0,0,0,0,0,1.085,0,0,0,0,0,0,0,0,0,0,0,0,0,0,14,1.6075,0.5675,0.5675,0.5675,2.7375,0.5675,0.5675,0,0.5675,0.5675,0.5675,0,0,0,0.5675,0,0,0,0,0,0,0,0,0,0.166,0,0,0,3.448,2.749,11.25,61,0
0.21,0.448824,0.646471,0.0823529,0.291176,0.0241176,0.437647,0.0335294,0.169412,0.931176,0.145294,0.911765,0.0476471,0.0776471,0.177059,1.51235,0.374706,0.0370588,1.97235,0.135882,1.54941,0,0.0482353,0.146471,0.0317647,0.0470588,0.0170588,0.0341176,0,0,0,0,0,0.0170588,0.0341176,0.0135294,0.0358824,0,0,0,0,0,0,0,0.120588,0,0,0.0452941,0.0170588,0.0634706,0,0.830765,0.316118,0.0754118,40.6247,379.294,549.412,0.882353
0.1425,0.380833,0.261667,0,0.358333,0.215,0.0825,0.17,0.160833,0.590833,0.1525,0.504167,0.256667,0.518333,0.13,0.226667,0.229167,0.303333,2.07833,0.405,1.17917,0.930833,0.445,0.22,0.161667,0,0.0791667,0,0,0,0.0791667,0,0.0125,0,0.09,0.035,0.164167,0,0.0566667,0,0,0,0.0408333,0,0.0616667,0,0,0.0183333,0.00808333,0.0670833,0.0975833,0.332833,0.164917,0.1845,13.9807,327.083,1146.42,0.666667
0.134483,0.0608621,0.217414,0,0.361379,0.0874138,0.0984483,0.0598276,0.0336207,0.0765517,0.0505172,0.653793,0.145,0.0189655,0.0162069,0.115172,0.143103,0.0941379,1.37466,0.151724,0.573793,0,0.0753448,0.0398276,0.412586,0.214828,0.16431,0.127241,0.0827586,0.161552,0.0175862,0.0124138,0.0727586,0.0124138,0.0603448,0.114655,0.108966,0.00793103,0.0567241,0.0124138,0.0343103,0.0905172,0.0493103,0.123448,0.215172,0.103103,0.042069,0.0631034,0.0140345,0.209948,0.00191379,0.296983,0.030931,0.00963793,1.77855,7.84483,76.431,0.293103
0.14369,0.0884524,0.237976,0,0.228214,0.0466667,0.15119,0.097619,0,0.215119,0.0544048,0.62,0.0383333,0,0.0516667,0.123333,0.0969048,0.224167,1.68464,0.0264286,0.509048,0,0.0503571,0,1.10512,0.630357,0.139048,0.332024,0.160714,0.357143,0.180119,0.0816667,0.115119,0.0816667,0.386429,0.127619,0.239286,0,0.0835714,0.0892857,0.0464286,0.204762,0.054881,0.085,0.226905,0.626667,0,0.0186905,0.0072381,0.122679,0.00784524,0.303238,0.0135714,0.163679,2.4604,12.9167,52.0833,0.285714
0,0,0.0369444,0,0.0369444,0,0,0,0,0,0,0,0,0,0,0,0,0.275278,0,0,0.0369444,0,0,0,11.4319,2.95361,2.02889,2.30417,2.02889,2.30417,2.30417,2.02889,0,2.02889,2.30417,2.30417,0.0369444,0.111111,0.0369444,2.02889,0,0.111111,0,0,1.12139,0,0,0,0.0240278,0.565167,0.006,0.0505556,0,0,3.43781,13.0556,28.3056,0
0.136316,0.0714737,0.246316,0.0991579,0.479368,0.125684,0.0512632,0.105053,0.163053,0.196421,0.114211,0.728421,0.166,0.0418947,0.0128421,0.225368,0.256316,0.0907368,1.80505,0.0673684,0.767368,0.768842,0.216211,0.150316,0.622211,0.128842,0.0206316,0.0195789,0.0270526,0.0111579,0.0143158,0.0175789,0.0921053,0.00915789,0.0322105,0.0776842,0.101263,0.0294737,0.0117895,0.00863158,0.0136842,0.0451579,0.02,0.00484211,0.0647368,0.0568421,0.00926316,0.018,0.108011,0.107979,0.00789474,0.162263,0.101158,0.0791579,3.37142,36.2421,451.926,0.589474
0.130145,0.215942,0.42942,0.620435,0.266232,0.121449,0.0504348,0.11087,0.274203,0.30942,0.0701449,0.799275,0.215072,0.128696,0.136957,0.143913,0.136812,0.193768,1.74609,0.155652,0.930435,0,0.131884,0.174638,0.685072,0.134638,0.0237681,0.0204348,0.0142029,0.0171014,0.0169565,0.00231884,0.0766667,0.00231884,0.0310145,0.0642029,0.0921739,0.00202899,0.0146377,0.0350725,0.00231884,0.0718841,0.0369565,0.0107246,0.0237681,0.00173913,0,0.0205797,0.146522,0.129565,0.0196522,1.06712,0.260551,0.0174493,4.07872,60.2319,749.493,0.594203
0.328286,0.287429,0.328857,0.00371429,0.255143,0.066,0.036,0.148857,0.435714,0.535143,0.220571,0.596857,0.371429,0.762,0.0811429,0.248571,0.340857,0.102857,2.44,0.0368571,1.1,0.048,0.403143,0.384857,0.0888571,0.0917143,0.00114286,0.000571429,0.000571429,0,0,0,0.127143,0,0.002,0.034,0.141429,0.00257143,0.00257143,0.0334286,0.00457143,0.00171429,0.00657143,0.004,0.0548571,0.0194286,0.002,0.0165714,0.0294286,0.0994857,0.0102571,0.339857,0.451857,0.102629,7.83891,361.771,2360,0.885714
0.109661,0.198305,0.686271,0,0.352712,0.139661,0.0438983,0.0198305,0.019661,0.341695,0.0162712,0.554068,0.196441,0.230169,0,0.144915,0,0.282881,2.77949,0,2.20542,0,0,0,0.262034,0.109661,0.963729,0,0.140339,0,0,0,0.0788136,0,0,0,0,0.0137288,0.192034,0.0198305,0,0.148814,0,0.0352542,0.43661,0.301356,0,0,0.00855932,0.0731356,0.0127288,0.179576,0,0,1.12402,1.84746,11.0508,0.0847458
0,0.0783333,0.261667,0,0.775,0.0466667,1.85667,0.9025,0.9025,1.0275,0.9025,0.506667,0,0.0891667,0,1.10583,2.5125,0.075,1.47083,0.9025,3.05333,0,0.2925,0.0891667,0,0,0,0,0,0,0,0,0,0,0,0,0.3675,0,0.0891667,0,0,0,0,0,0,0,0,0,0,0.0720833,0,0.73125,0.115417,0.0831667,70.9209,286.917,312.25,1
0.0952083,0.199583,0.32375,0.0189583,0.410417,0.124792,0.0933333,0.105625,0.064375,0.277708,0.0327083,0.657708,0.0954167,0.0147917,0.0627083,0.247292,0.139792,0.316042,1.48062,0.06,0.935417,0.046875,0.100625,0.0870833,0.345417,0.235833,0.171458,0.09625,0.09375,0.114583,0.019375,0.0258333,0.076875,0.0325,0.07,0.04375,0.155,0.00145833,0.0472917,0.043125,0.0333333,0.0279167,0.0191667,0.0770833,0.0627083,0.0391667,0,0.0297917,0.00920833,0.164167,0.0211875,0.186062,0.0660625,0.0269583,3.40294,36.0417,241.396,0.541667
0.0909877,0,0.0814815,0,0.103951,0,0,0.0725926,0,0.077284,0,0.165926,0.017284,0.100988,0,0.237778,0.0351852,0.017284,0.258148,0.224444,0.0216049,0,0,0,0.0535802,0,0.353333,0,0,0.051358,0,0,0.0865432,0,0.246914,0,0,0.0351852,0.0362963,0,0,0.341481,0,0.08,0.42,0.125309,0,0.185185,0.0051358,0.104531,0.0685679,0.0788889,0.0178148,0,1.47991,2.91358,8.65432,0.0493827
0,0,0,0,1.28875,0,0,0,0,0,0,3.475,0,0,0,0,0,0,0,0,0,0,0,0,0.80875,0.80875,0,0,9.02375,0,0,0,0,0,0,0,0,0,0,0,0,8.4,0,0,0,0,0,0,0,0,0,0.213,0,0,1.41112,3.375,13.75,0
0.30617,0.144894,0.280426,0.0917021,0.0723404,0.106809,0.0193617,0.139787,0.221064,0.399574,0.144681,0.630213,0.341064,0.652766,0.0255319,0.158936,0.276596,0.12,1.86936,0.0476596,0.868511,0.0334043,0.447021,0.28766,0.0951064,0.0604255,0.00510638,0.00148936,0.00212766,0.00382979,0,0,0.309362,0,0,0.0297872,0.176383,0.00148936,0.00659574,0.017234,0.0246809,0.00765957,0.00446809,0.0159574,0.0421277,0.0568085,0.00978723,0.0502128,0.0292553,0.115766,0.00757447,0.24734,0.329319,0.0877872,5.44715,185.447,3357.47,0.744681
0,0,0,0,0,0,0,0,0,0,0,0,0,0,0,0,0,0,0,0,0,0,0,9.09,0,0,0,0,0,0,0,0,0,0,0,0,0,0,0,0,0,0,0,0,0,0,0,0,0,0.934,0,0,0,0,3,9,18,0
0.0358904,0.0638356,0.369178,0,0.214658,0.0194521,0.0739726,0.049726,0,0.158904,0.0168493,0.615205,0.120137,0.0239726,0,0.119178,0.0405479,0.229041,2.91082,0,0.693425,0,0,0,0.0506849,0,0.667671,0,0.0389041,0.0643836,0,0,0.0675342,0,0,0.0350685,0.0858904,0.0594521,0.0165753,0,0,0.310959,0.109178,0.0732877,0.589589,0.123699,0,0.0467123,0.0236849,0.10226,0.0150411,0.14426,0.0130548,0,1.31892,3.19178,17.863,0.136986
4.54,4.54,0,0,0,0,0,0,0,0,0,0,0,0,0,4.54,0,9.09,0,0,4.54,0,0,9.09,0,0,0,0,0,0,0,0,0,0,0,0,0,0,0,0,0,0,0,0,0,0,0,0,0,0,0,3.076,0,0,1.428,4,10,1
0.0832,0.1168,0.5604,0,0.4736,0.1164,0.2628,0.1508,0.0628,0.2252,0.0676,0.758,0.0716,0,0.0772,0.0872,0.1464,0.5516,2.58,0.3304,1.7212,0.1088,0.2232,0.2208,0.2532,0.0632,0.0488,0.0244,0.0244,0.116,0.0244,0.0244,0.036,0.0244,0.0444,0.0244,0.0584,0,0.0744,0.1504,0.0424,0.044,0.0144,0,0.1344,0.0284,0,0,0.00248,0.0596,0.0026,0.38508,0.11592,0.04072,5.75312,55.88,161.48,0.64
0.0734524,0.0535714,0.22881,0,0.409286,0.103452,0.0483333,0.0822619,0.0230952,0.134881,0.0359524,0.68369,0.0575,0.0102381,0.126071,0.187976,0.118333,0.154524,1.15821,0.005,0.542619,0.0383333,0.0784524,0.0417857,0.808571,0.454048,0.26631,0.266905,0.149167,0.173929,0.0891667,0.0540476,0.0771429,0.0540476,0.136548,0.247857,0.218929,0.00738095,0.147857,0.0909524,0.0413095,0.0677381,0.135119,0.13869,0.237381,0.210714,0,0.0314286,0.0348214,0.145964,0.0237381,0.111321,0.0648452,0.00960714,2.09892,10.4762,106.56,0.261905
0.0794444,0.0625,0.315139,0.0141667,0.351806,0.0916667,0.0479167,0.141111,0.0818056,0.285278,0.0604167,0.42375,0.0891667,0.0233333,0.0159722,0.224861,0.152917,0.104583,1.25153,0.0140278,0.665,0.0256944,0.0656944,0.06875,0.761389,0.390694,0.166806,0.13625,0.0747222,0.157778,0.100139,0.05,0.17875,0.05,0.0866667,0.144444,0.301528,0.0211111,0.104444,0.0779167,0.00833333,0.0441667,0.103472,0.135,0.173472,0.102083,0.0151389,0.0308333,0.0266528,0.221736,0.0236389,0.133014,0.039375,0.0414167,2.55103,18.9861,215.667,0.402778
0.119767,0.0769767,0.133721,0,0.188605,0.0667442,0.103256,0.328605,0.0604651,0.213023,0.0530233,0.376744,0.0369767,0,0.092093,0.209302,0.0369767,0,1.06349,0,0.569302,0,0.176977,0.045814,0.465349,0.393256,0.0688372,0.275349,0.124186,0,0,0.0162791,0.11907,0.0162791,0.149535,0.0625581,0.488372,0,0.0927907,0,0,0.124186,0.103488,0,0.383256,0.0783721,0,0.0269767,0.0333023,0.285395,0.0137907,0.290395,0.105093,0,3.30093,20.8372,68.9767,0.534884
0.0483607,0.0680328,0.176885,0,0.130984,0.0368852,0.105246,0.400984,0.142459,0.117377,0.0272131,0.198852,0.00672131,0.272623,0,0.502787,0.160328,0.0729508,0.973279,0.05,0.749016,0.0480328,0.229508,0.0401639,0.318852,0.301967,0.213607,0.034918,0,0.0545902,0.0257377,0.0288525,0.074918,0.0288525,0.0254098,0.151967,0.0655738,0,0.027377,0.0259016,0,0.012459,0.012459,0.00655738,0.42082,0.0447541,0,0,0.00642623,0.157066,0.0143934,0.453443,0.130246,0.00131148,3.76431,26.5082,85.1967,0.754098
0,0,0,0,0,0,0,0,0,0,0,0,0,0,0,0,0,0,0,0,0,0,0,0,0,0,0,0,0,0,0,0,0,0,0,0,0,0,0,0,0,0,0,0,0,0,0,0,0,0,0,0,0,0,0,0,0,0
