0.0881818,0.0409091,0.307879,0,0.210152,0.0583333,0.111364,0.102121,0.153788,0.175303,0.0398485,0.313636,0.0140909,0.174242,0.0175758,0.491212,0.0398485,0.209394,2.01379,0,0.811061,0,0.0169697,0.054697,0.938939,0.714394,0.420758,0.39197,0.243485,0.346515,0.313636,0.243485,0.0181818,0.243485,0.415606,0.313636,0.174848,0,0.094697,0.243485,0.110606,0.153939,0.112727,0.185758,0.37197,0.315606,0,0,0.00816667,0.190788,0.0417576,0.256818,0.0428939,0.0159242,2.43588,12.7576,36.803,0.348485
0.0631034,0.214655,0.261724,0,0.32,0.198276,0.157586,0.0581034,0.0782759,0.266207,0.0427586,0.581207,0.0610345,0,0.0382759,0.212414,0.101552,0.21569,1.72845,0.0984483,1.06862,0.0213793,0.15431,0.107069,0.529138,0.264138,0.272931,0.0803448,0.123276,0.0986207,0.0636207,0.0691379,0.182069,0.0691379,0.11,0.0708621,0.234655,0,0.112586,0.0953448,0.0122414,0.0913793,0.0977586,0.0112069,0.197931,0.0339655,0,0.0505172,0.00655172,0.188845,0.0327069,0.350397,0.103931,0.0433103,3.68114,32.2241,159.259,0.568966
0.0897468,0.147595,0.321772,0,0.42038,0.138734,0.114304,0.071519,0.0362025,0.23038,0.0420253,0.635316,0.0720253,0.00670886,0.00493671,0.17519,0.127342,0.161772,1.35646,0.0264557,0.933797,0,0.0734177,0.0489873,0.802658,0.417468,0.281899,0.188734,0.143038,0.136456,0.0939241,0.105696,0.0793671,0.105696,0.129114,0.143544,0.236329,0,0.125696,0.114684,0.0591139,0.075443,0.149114,0.0363291,0.249747,0.145949,0.0135443,0.00658228,0.0350633,0.168165,0.0267595,0.0949873,0.0432658,0.00874684,2.11178,14.2405,162.544,0.35443
0.30617,0.144894,0.280426,0.0917021,0.0723404,0.106809,0.0193617,0.139787,0.221064,0.399574,0.144681,0.630213,0.341064,0.652766,0.0255319,0.158936,0.276596,0.12,1.86936,0.0476596,0.868511,0.0334043,0.447021,0.28766,0.0951064,0.0604255,0.00510638,0.00148936,0.00212766,0.00382979,0,0,0.309362,0,0,0.0297872,0.176383,0.00148936,0.00659574,0.017234,0.0246809,0.00765957,0.00446809,0.0159574,0.0421277,0.0568085,0.00978723,0.0502128,0.0292553,0.115766,0.00757447,0.24734,0.329319,0.0877872,5.44715,185.447,3357.47,0.744681
0.0894737,0.111579,0.285439,0,0.337018,0.0692982,0.0582456,0.117895,0.0164912,0.0668421,0,0.747018,0.0391228,0.0133333,0.0115789,0.0685965,0.0735088,0.300351,1.9293,0.0117544,0.638246,0,0.0175439,0.0670175,0.321579,0.302456,0.261579,0,0.147018,0,0.0203509,0,0.0759649,0,0,0,0.294561,0,0.0373684,0,0.120175,0.224211,0,0.0914035,0.437895,0.21193,0,0.0242105,0.0172105,0.0901053,0.0111053,0.187246,0.0203333,0.0251754,1.78553,6.96491,32.6667,0.157895
0.22,0.125,0.50925,0.0315,0.2965,0.08625,0.1785,0.2805,0.1265,0.30975,0.105,0.36125,0.034,0.0075,0,0.551,0.43525,0.22975,2.1335,0.45875,1.4325,0.54175,0.10125,0.14125,0.05875,0.038,0,0.023,0.01375,0.018,0,0,0,0.0075,0.0305,0.029,0.0825,0,0.0145,0.07175,0,0,0.0165,0,0.18325,0.02875,0.03475,0.071,0.026075,0.13235,0.015225,0.5165,0.373025,0.360425,5.38723,72.925,329.3,0.75
0.328286,0.287429,0.328857,0.00371429,0.255143,0.066,0.036,0.148857,0.435714,0.535143,0.220571,0.596857,0.371429,0.762,0.0811429,0.248571,0.340857,0.102857,2.44,0.0368571,1.1,0.048,0.403143,0.384857,0.0888571,0.0917143,0.00114286,0.000571429,0.000571429,0,0,0,0.127143,0,0.002,0.034,0.141429,0.00257143,0.00257143,0.0334286,0.00457143,0.00171429,0.00657143,0.004,0.0548571,0.0194286,0.002,0.0165714,0.0294286,0.0994857,0.0102571,0.339857,0.451857,0.102629,7.83891,361.771,2360,0.885714
0.096,0.008,0.196,0.008,0.092,0.118,0,0.058,0.058,0.188,0.074,0.082,0.072,0,0.038,0.088,0.078,0.076,0.608,0.008,0.242,1.906,0.138,0.11,0,0,0,0,0,0,0,0,0,0.028,0,0.008,0,0,0.016,0,0,0,0,0,0.038,0,0,0,0.4302,2.0094,0.009,0.3924,0.375,0.4024,57.5034,2297.8,10648.8,1
0.0951282,0.0766667,0.177436,0.0141026,0.259744,0.0551282,0.0502564,0.147692,0.0294872,0.35,0.0369231,0.590513,0.0733333,0.0751282,0,0.0623077,0.135385,0.0374359,1.07949,0.0658974,0.442564,1.06205,0.0876923,0.0289744,1.10128,0.388718,0.137949,0.08,0.0769231,0.0687179,0.101795,0.0266667,0.119487,0.0266667,0.0592308,0.0876923,0.367436,0,0.0397436,0.0266667,0.0592308,0.00846154,0.0553846,0.168718,0.0933333,0.543846,0,0.0179487,0.501487,0.162718,0.0175897,0.0841026,0.0432051,0.0779487,3.33256,28.7692,331.385,0.282051
0.0788372,0.0610465,0.341744,0,0.32593,0.190349,0.103488,0.178605,0.0701163,0.165698,0.0669767,0.511977,0.101628,0.0443023,0.0217442,0.278488,0.169767,0.195349,1.45384,0.185465,0.85186,0,0.171977,0.100814,0.652558,0.415465,0.0984884,0.145233,0.0931395,0.113023,0.0430233,0.0239535,0.0590698,0.0239535,0.117093,0.0862791,0.168837,0.00802326,0.0745349,0.0511628,0.185465,0.0104651,0.0612791,0.0372093,0.159535,0.346744,0,0.0483721,0.0765698,0.147988,0.0216279,0.140791,0.0828256,0.0196047,2.36421,18.814,185.884,0.453488
0,0,0,0,0,0,0,0,0,0,0,0,0,0,0,0,0,0,0,0,0,0,0,0,0,0,0.588,0.588,0,0.588,0,0,0,0,2.588,0,0,0,0,0,3.92,0,0,0,0,6.738,0,0,0,0.0763,0,0,0,0,3.5641,7.7,12.6,0
0.0926761,0.0549296,0.236479,0,0.420704,0.102676,0.0516901,0.0892958,0.0219718,0.121268,0.0346479,0.571127,0.0587324,0.0121127,0.149155,0.261831,0.068169,0.164366,1.4007,0.00591549,0.739718,0.0453521,0.0901408,0.064507,0.70662,0.409296,0.219437,0.268873,0.143099,0.110282,0.100704,0.066338,0.0701408,0.066338,0.166338,0.196901,0.233521,0.0108451,0.120423,0.0987324,0.074507,0.0615493,0.152394,0.127324,0.277606,0.32,0,0.0166197,0.0406197,0.158873,0.0271972,0.145141,0.0771268,0.0108169,2.27603,11.8451,105.493,0.338028
0.0194444,0,0.0292222,0,0.0667778,0.0382222,0,0.0653333,0,0.114,0,0.334222,0.0155556,0.119111,0,0.0995556,0,0.0155556,0.572778,0,0.247667,0,0,0,0.0774444,0.0292222,0.834111,0,0,0,0.138889,0,0,0,0,0,0,0,0.0326667,0,0,0.0257778,0,1.005,0.463444,0.284444,0,0.203667,0.0200222,0.0874667,0.0617111,0.0535333,0,0,1.35959,2.31111,7.5,0.0222222
0.0184507,0.0328169,0.238451,0,0.28331,0.0628873,0.0505634,0.0710563,0,0.0942254,0.00866197,0.712465,0.0824648,0.0691549,0,0.0967606,0.031831,0.188169,2.15218,0,0.510775,0,0,0.0119014,0.142746,0.0300704,0.49331,0,0.0746479,0.0330986,0,0,0.0809859,0,0,0.0250704,0.081831,0.0305634,0.0941549,0,0,0.295282,0.0812676,0.124296,0.557817,0.120352,0,0.0240141,0.0152887,0.0807254,0.0208662,0.344803,0.00671127,0,1.54182,4.11972,16.7394,0.126761
0,0,0,0,0,0,0,0,0,0.723333,0,0,0,0,0,0,0,0,0.573333,0,0,0,0,0,11.63,2.21833,0.378333,0.378333,0.378333,2.97167,0.378333,0.378333,0,0.378333,0.951667,0.378333,0,0,0,0.378333,0,0,0,0,0,0,0,0,0,0.110667,0,0,0,2.29867,2.55267,11.1667,58.6667,0
0.202933,0.0412,0.304,0,0.246667,0.0912,0.0624,0.024,0.0190667,0.0896,0.00906667,0.456933,0.159333,0.0328,0,0.1812,0.0250667,0.100133,1.66053,0.0118667,0.4248,0,0.0188,0.0554667,0.313733,0.3528,0.3012,0,0.115467,0.0784,0.0172,0,0.1092,0,0.0181333,0.0950667,0.136,0.0124,0.0629333,0.0133333,0.0266667,0.208533,0,0.143333,0.3328,0.0757333,0.0136,0.0633333,0.00521333,0.142387,0.0161867,0.12292,0.00628,0.00693333,1.48711,4.56,37.2133,0.12
0,0,0,0,0,0,0,0,0,0,0,0,0,0,0,0,0,0,6.66,0,0,0,0,0,0,0,0,0,0,0,0,0,0,0,0,0,0,0,0,0,0,0,0,0,6.66,0,0,0,0,0,0,32.478,0,0,1.666,3,5,0
0.032963,0.0283333,0.235926,0,0.217593,0.0611111,0.0512963,0.147778,0.00666667,0.132778,0.0494444,0.566111,0.105185,0,0.0196296,0.109074,0.139074,0.391481,1.44593,0,0.43963,0,0,0.00740741,0.567778,0.177222,0.159444,0.0624074,0.0837037,0.149074,0.0624074,0,0.490741,0,0.0851852,0.153889,0.24463,0.0188889,0.0866667,0,0.0131481,0.106296,0.0124074,0.177222,0.120556,0.045,0,0.0172222,0.0149444,0.166315,0.0267037,0.242315,0.00837037,0.00544444,1.59115,6.38889,66.9074,0.240741
0.119155,0.180563,0.397606,0,0.39662,0.102394,0.315352,0.105775,0.0469014,0.321268,0.14507,0.490141,0.179577,0.0559155,0.05,0.325775,0.178028,0.288028,1.8962,0.111972,0.986338,0.0229577,0.266338,0.08,0.259014,0.101268,0.0170423,0.15,0.0084507,0.0883099,0.0171831,0.0084507,0.289859,0.0084507,0.128169,0.0939437,0.14169,0,0.00788732,0.0890141,0.0043662,0.0509859,0.00732394,0.0208451,0.114507,0.0891549,0,0.0153521,0.0165211,0.0875352,0.00142254,0.435704,0.111676,0.0169155,4.73314,62.6338,191.887,0.633803
0,0,0,0,0,0,0,0,0,0,0,0,0,0,0,0,0,0,0,0,0,0,0,0,16.3043,1.09857,0,0,0,0,0,0,0,0,0,0,0,0,0,0,0,0,0,0,2.88357,0,0,0,0,0,0,0.0802143,0,0,4.16179,16.5714,25.5,0
0.11875,0.272083,0.490833,2.955,1.30667,0.04,0.650417,0.1475,0,0.12,0.0270833,0.465,0.32625,0.075,0,0.633333,1.59167,0.376667,2.98917,0.10875,2.22042,0,0.0329167,0.185833,0,0,0,0,0,0,0,0,0,0,0,0,0,0,0,0,0,0,0,0,0,0,0,0,0,0.126667,0,0.811167,0.31475,0.007625,9.13113,146.375,208.542,0.958333
0,0,0,0,0,0.040274,0,0,0,0,0,0.0456164,0,0,0,0,0,0.105342,0.040274,0,0.0342466,0,0,0,0,0,0.313973,0,0,0,0,0,0,0,0,0,0,0,0,0,0,0.0526027,0,0,0.185342,0.458082,0,0,0,0.115781,0.0559041,0.211329,0,0,1.08904,1.19178,4.12329,0
0.03375,0.0691667,0.378333,0,0.487083,0.220833,0.125,0,0.0616667,0.145417,0,0.224167,0.17625,0.0716667,0.0220833,0.3175,0.0554167,0.165833,1.95792,0.0479167,0.758333,0,0.0575,0.0545833,0.0554167,0.0554167,0,0.110833,0,0.0358333,0,0,0,0,0,0.0554167,0.0279167,0,0.03375,0,0,0,0,0,0.352917,0.46875,0,0,0.001875,0.0907083,0.011375,0.0733333,0.0357083,0,3.50183,47.4583,112.583,0.5
0.647059,0.0961765,0.695,0,0.119118,0,0,0,0,0.606176,0.647059,1.45941,0,0,0,0.235294,0,0.0117647,1.41559,0,5.30618,0,0,0.613824,0.0694118,0.127059,0.0479412,0,0,0.0576471,0,0.0479412,0,0.0479412,0,0,0,0,0,0,0,0,0,0,0.0473529,0,0,0.0714706,0,0.0295,0,0.164206,0.0973235,0,5.28991,27.4118,53.1765,0.529412
0.0821818,0.0458182,0.281455,0,0.167273,0.0565455,0.0203636,0.121455,0.012,0.147273,0.0647273,1.05164,0.0205455,0,0.0325455,0.179091,0.0307273,0.0889091,1.448,0,0.753455,0,0.0101818,0,0.495636,0.142909,0.124182,0,0.0992727,0.182727,0.0163636,0,0.258545,0,0,0.136182,0.214909,0.01,0.338727,0,0.124,0.204,0.0245455,0.132909,0.202364,0.177818,0,0.0489091,0.00638182,0.113382,0.00470909,0.0759818,0.00289091,0.00916364,1.64058,5.78182,48.6364,0.127273
0.0990278,0.0490278,0.244722,0,0.349167,0.0706944,0.0927778,0.0416667,0.0320833,0.121667,0.0527778,0.562639,0.133611,0.0152778,0.0130556,0.114306,0.124167,0.0970833,1.39361,0.122222,0.549306,0.00805556,0.0606944,0.0370833,0.590417,0.366528,0.359028,0.244028,0.166667,0.210417,0.107917,0.0955556,0.0586111,0.0955556,0.142361,0.178194,0.206111,0.00638889,0.161528,0.0955556,0.0276389,0.0752778,0.130417,0.110972,0.290139,0.124028,0.0226389,0.0629167,0.0186944,0.220653,0.00515278,0.276139,0.02875,0.0276806,1.8645,8.91667,76.75,0.263889
0.105349,0.115581,0.30907,0.445581,0.324651,0.116279,0.0781395,0.0860465,0.290465,0.272558,0.0744186,0.492326,0.119302,0.0513953,0.0946512,0.321395,0.123721,0.193953,1.46605,0.0374419,0.722326,0.878372,0.198837,0.13186,0.276744,0.157209,0.00976744,0.0109302,0.0116279,0.0072093,0.0155814,0,0.055814,0.00302326,0.02,0.0416279,0.132326,0.000930233,0.0232558,0.0186047,0.00162791,0.0130233,0,0.014186,0.0239535,0.0334884,0,0.0127907,0.0365814,0.159953,0.0269535,0.218791,0.139279,0.116488,5.94828,114.326,1374.05,0.651163
0.22931,0.104828,0.302759,0.00189655,0.185345,0.176379,0.0456897,0.158621,0.386897,0.205345,0.0927586,0.723966,0.0713793,0.0332759,0.0177586,0.198966,0.323276,0.0356897,1.2619,0.218276,0.869655,0.145517,0.0324138,0.25069,1.24845,0.256897,0.0356897,0.0115517,0.00465517,0.0365517,0.0231034,0.00465517,0.116552,0.00655172,0.0231034,0.077069,0.190862,0.0232759,0.0181034,0.0286207,0.0798276,0.02,0.0191379,0.0110345,0.0339655,0.141379,0.00793103,0.0186207,0.189086,0.225466,0.0151897,0.260086,0.108034,0.0918103,3.94417,47.3966,628.569,0.362069
0.19625,0.314167,0.525417,0.0395833,0.455417,0.356667,0.13375,0.17375,0.587083,0.7875,0.224583,0.84125,0.230417,0.0783333,0.313333,0.232083,0.18875,0.516667,2.1975,0.3475,1.63167,0.02,0.49125,0.287083,0.38875,0.16375,0.01,0,0,0.0304167,0,0,0.05625,0,0.03,0.0275,0.13625,0.0358333,0.01,0.0304167,0,0.0304167,0.0141667,0.0204167,0.0966667,0.0595833,0,0,0.00575,0.149625,0.073625,0.649417,0.2335,0.0465833,9.866,292.417,788.958,0.958333
0,0,0,0,0,0,0,0,0,0,0,0,0,0,0,0.344828,0,0,0,0,0,0,0,0,0,0.123103,19.8424,0,0,0,0,0,0,0,0,0,0,0,0,0,0,0,0,0,0.0574138,0,0,0,0,0.0302414,0,0.00990517,0,0,1.21879,1.71552,5.52586,0
0.0798077,0.136731,0.352115,0.0111538,0.319808,0.110962,0.0930769,0.127115,0.0676923,0.188846,0.0636538,0.583077,0.0780769,0.0123077,0,0.311346,0.1625,0.365,1.84115,0.108846,0.837692,0.201923,0.170577,0.0967308,0.139615,0.0817308,0.0303846,0.0384615,0,0.0423077,0,0.00596154,0.00403846,0.0121154,0.0588462,0.0440385,0.103462,0,0.0121154,0.0234615,0,0.0309615,0.0161538,0,0.175,0.440385,0,0.0365385,0.0895192,0.117923,0.0123846,0.3145,0.112365,0.03725,4.14565,62.6538,273.019,0.576923
0.173429,0.131143,0.373214,0,0.3195,0.0465,0.0185,0.0210714,0.014,0.158286,0.00685714,0.4475,0.0692857,0.112571,0,0.270643,0.0203571,0.246214,1.546,0.149143,0.578071,0,0.0151429,0.0649286,0.133143,0.0743571,0.666214,0,0.0384286,0.0297143,0,0,0.399714,0,0,0,0,0.079,0.0631429,0.00835714,0.0395714,0.427857,0.0255,0.0643571,0.608786,0.245143,0.0208571,0.0595,0.0259071,0.107957,0.0180714,0.160929,0.0127214,0,1.38854,3,12.1214,0.0785714
0.269545,0.074697,0.284848,0,0.722121,0.0262121,0.151061,0.084697,0.00651515,0.0809091,0.0207576,0.470152,0.0310606,0.0383333,0.0130303,0.476061,0.298182,0.183182,2.27288,0.00666667,1.29152,0,0.227121,0.0833333,0.0937879,0.0286364,0.102576,0.0562121,0.00772727,0.0310606,0.00772727,0.0172727,0.00666667,0.0172727,0.0504545,0.0975758,0.0304545,0,0.0251515,0.0127273,0,0.0481818,0,0.0333333,0.275606,0.0404545,0,0.0431818,0.00863636,0.107712,0.0107121,0.458182,0.168333,0.00515152,3.03005,24.9091,114.197,0.818182
0.0496429,0.105,0.388929,0,0.643571,0.120179,0.257857,0.171429,0.06125,0.236786,0.100357,0.728393,0.0898214,0,0.221429,0.275179,0.29625,0.415179,2.21554,0.412857,1.36,0.210893,0.269464,0.108929,0.334107,0.154643,0.0582143,0.154643,0.0244643,0.135179,0.0244643,0.0244643,0.0285714,0.0244643,0.0410714,0.06,0.0792857,0,0.156071,0.108393,0.0189286,0.0219643,0.00642857,0,0.174107,0.0489286,0,0,0.00469643,0.144232,0.00116071,0.302196,0.0990536,0.0388036,6.03671,58.7143,145.875,0.660714
0.145556,0.264167,0.225556,2.37639,0.278889,0.0777778,0.0272222,0.110278,0.481667,0.1925,0.0413889,0.508333,0.0825,0.0177778,0.0486111,0.217222,0.143056,0.253611,1.76639,0.102222,1.03861,0,0.085,0.211667,0.3125,0.00416667,0.143889,0,0,0,0,0,0.00416667,0,0.00638889,0.0469444,0.0558333,0.0391667,0.0236111,0.0633333,0,0.0130556,0.0447222,0.00805556,0.0697222,0.0483333,0,0,0.0106389,0.121944,0.0113889,0.3135,0.147111,0.0509167,7.34472,88.4444,417.583,0.638889
0.121447,0.0985526,0.315526,0,0.217632,0.0402632,0.246711,0.0355263,0.0119737,0.224079,0.0773684,0.660263,0.124474,0,0.0344737,0.327368,0.101316,0.285132,1.84842,0.0432895,0.593421,0,0.0830263,0.0164474,0.294737,0.236579,0.173947,0.1075,0.114211,0.0680263,0.0573684,0,0.187632,0,0.136842,0.0897368,0.126053,0.0218421,0.0594737,0.00842105,0,0.143421,0.03,0.0852632,0.148947,0.0736842,0,0.0357895,0.0221447,0.161026,0.00176316,0.182053,0.0332237,0.0259211,1.76584,6.85526,55.8026,0.289474
0,0,0.322,0,1.631,0,0,0,0,0,0,0,0,0,0,0,0,0,0,0,0.322,0,0,0,0.27,0.54,2.222,0,0.476,0,0,0,0,0,0,0,0,1.478,0,0,0,8.196,0,0,0.526,0,0,0,0,0,0,0,0,0,1.1316,1.5,5.7,0
0.13,0.0617778,0.42,0,0.868889,0.125333,0.153111,0.177778,0.100889,0.359556,0.11,0.756889,0.0284444,0.0284444,0.0222222,0.288889,0.538444,0.158,2.14889,0.188444,1.27556,0,0.278222,0.0366667,0.324,0.0893333,0.0264444,0.00866667,0.00866667,0.0333333,0.00866667,0.00866667,0.0504444,0.00866667,0.0311111,0.096,0.146444,0.00155556,0.0282222,0.0795556,0,0.00155556,0.014,0.0615556,0.256,0.00355556,0,0.0173333,0.00568889,0.100067,0.00262222,0.429644,0.129711,0.0570889,4.29224,71.5111,238.889,0.777778
0.0785507,0.0643478,0.328551,0.0126087,0.32913,0.0943478,0.0384058,0.0994203,0.0981159,0.28942,0.0572464,0.484348,0.0597101,0.0221739,0.0166667,0.215652,0.108696,0.112899,1.34333,0.0146377,0.717101,0.0152174,0.0642029,0.0715942,0.736812,0.381014,0.198696,0.142174,0.0736232,0.155362,0.104493,0.0521739,0.186522,0.0521739,0.0904348,0.142609,0.303043,0.022029,0.105217,0.0813043,0.00869565,0.046087,0.107101,0.14087,0.182174,0.106522,0.0157971,0.036087,0.0284783,0.228,0.0251304,0.140319,0.0395072,0.0422029,2.57199,19.8261,213.333,0.405797
0.0544,0.2108,0.0912,0,0.1708,0.0944,0.1764,0.0448,0.0752,0.342,0.0324,0.3392,0.0164,0.1152,0,0.9696,0.2464,0.2164,1.8156,0.1128,0.7436,0.0372,0.0904,0.1056,0.2408,0.2396,0.4396,0.2984,0,0.0308,0.0628,0.0964,0.088,0.0964,0.1796,0.0308,0.136,0,0.08,0.0632,0,0.0304,0.1056,0.0288,0.278,0.266,0.0288,0,0.02068,0.1502,0.01704,0.373,0.04368,0.0078,3.38164,27.64,95.4,0.6
0.110923,0.0847692,0.309385,0.0198462,0.427692,0.166923,0.0558462,0.160462,0.0275385,0.236923,0.0487692,0.476923,0.0612308,0,0.0229231,0.271077,0.118923,0.160154,1.53938,0.101077,0.882923,0.0155385,0.110769,0.0373846,0.713846,0.580769,0.213846,0.328615,0.132,0.128154,0.0667692,0.062,0.066,0.0710769,0.198615,0.158769,0.183077,0,0.13,0.0587692,0.0552308,0.0944615,0.114923,0.0646154,0.271385,0.224308,0.00138462,0.0175385,0.0177846,0.144446,0.0273692,0.331508,0.0623385,0.0191538,2.28508,14.9538,129.508,0.430769
0,0,0,0,0,0,0,0,0,0,0,0,0,0,0,0,0,0,0,0,0,0,0,0,0,0,33.33,0,0,0,0,0,0,0,0,0,0,0,0,0,0,0,0,0,0,0,0,0,0,0,0,0,0,0,1,1,3,0
0.0894915,0.0633898,0.22322,0.127288,0.543729,0.144576,0.0488136,0.12322,0.107288,0.149322,0.0771186,0.612881,0.163051,0.0491525,0.020678,0.232034,0.319153,0.104576,1.87441,0.0630508,0.66678,0.723051,0.241695,0.0571186,0.852373,0.241525,0.0428814,0.0359322,0.0464407,0.0345763,0.0161017,0.0161017,0.0672881,0.0161017,0.0474576,0.090339,0.15322,0.0359322,0.0191525,0.0184746,0.0422034,0.0428814,0.0367797,0.00220339,0.0666102,0.0588136,0.0149153,0.0257627,0.219136,0.114068,0.0146102,0.124288,0.0927288,0.0642712,3.02271,28.8305,434.661,0.525424
0.129041,0.127123,0.271233,0.169589,0.36589,0.089589,0.0836986,0.119726,0.229726,0.315753,0.126575,0.75863,0.0972603,0.0479452,0.0673973,0.199315,0.173836,0.192466,1.44658,0.089863,0.726301,1.01863,0.136849,0.169041,0.535616,0.191233,0.0235616,0.0263014,0.0176712,0.0323288,0.0124658,0.0154795,0.111233,0.00452055,0.029589,0.079726,0.114658,0.0169863,0.0180822,0.00972603,0.0356164,0.0628767,0.00561644,0.0167123,0.0519178,0.109863,0.0276712,0.0258904,0.0412603,0.142137,0.0139726,0.196479,0.065589,0.117096,4.14751,46.0685,492.288,0.60274
0.295,0.0833333,1.3825,0.0158333,0.885833,0,0.0541667,0,0.495833,0.685833,0,0.0333333,0,0,0,0.065,0,0,0.295,0.725833,0.400833,0,0,0.0333333,0.278333,0,0.121667,0.04,0,0.0483333,0,0,0,0.0316667,0,0,0.0483333,0,0,0,0,0,0,0,0,0,0,0,0,0.00733333,0,0.763833,0.18825,0.0025,537.208,1405.58,1442.75,0.916667
0,0.0543478,0.171957,0,0.103478,0.0776087,0,0,0.0393478,0.0804348,0,0.0619565,0.120652,0,0,0,0,0.0471739,7.42761,0,2.0063,0,0,0.211957,0,0,1.3463,0,0.0804348,0,0,0,0.13587,0,0,0,0,0,0.0943478,0,0,0,0,0,1.51109,0.735,0.0471739,0.103478,0.0130435,0.0321304,0,0.26863,0,0,1.24365,2.19565,8.3913,0.0652174
0.188378,0.0554054,0.257838,0,0.318108,0.0594595,0.305405,0.181892,0.0816216,0.157297,0.0908108,0.40027,0.0181081,0.0948649,0.0378378,0.281892,0.197027,0.158649,1.66324,0,0.735946,0,0,0.0491892,0.299459,0.215676,0.08,0.348919,0.144324,0,0,0.0189189,0.0321622,0.0189189,0.173784,0.0727027,0.583784,0,0.102162,0,0,0.144324,0.0378378,0.0313514,0.157568,0.0605405,0,0,0.0387027,0.215811,0.00554054,0.332757,0.0878378,0.00513514,3.659,25.0811,67.4324,0.594595
0.0438889,0.293889,0.355,0,0.650278,0.212778,0.930833,0.0794444,0.0294444,0.394167,0.0416667,0.698611,0.0622222,0,0.0255556,0.403333,0.226667,0.386111,2.26806,0,1.25417,0,0.0747222,0.0436111,0.0669444,0.0138889,0.175,0.0391667,0.0138889,0.00694444,0.201111,0,0,0.0119444,0.0780556,0.0147222,0.0319444,0,0.0522222,0.527778,0,0.00555556,0,0,0.242222,0,0,0.0277778,0.0134722,0.199444,0.0165,0.322,0.04875,0.0312778,13.5179,175.972,400.583,0.638889
0,0.543636,0.199394,0,0.169697,0,0.355152,0,0,0.667273,0,0.569697,0.0957576,0.0863636,0,0.0833333,0,0.0863636,2.63697,0,0.753939,0,0,0.19,0.378788,0.0657576,0.635152,0.527879,0,0,0,0,0.150606,0,0,0.0863636,0.484242,0,0.957576,0.126061,0.0387879,0,0.0569697,0.0715152,0.640606,0.23303,0,0,0.077697,0.315303,0,0.0935152,0.0606364,0.0243939,3.17845,22.2121,39.9697,0.30303
0,0.0334091,0.121136,0,0.285455,0.0170455,0.153636,0.0909091,0.0365909,0.339545,0,1.07614,0,0.227273,0,0.52,0,0.0334091,1.70841,0.0504545,0.0829545,0,0,0.24,0.095,0.095,0.177727,0.0986364,0.0872727,0.0731818,0,0,0.0170455,0,0.218864,0,0,0,0.0731818,0.0504545,0.217273,0.160455,0,0.0445455,0.308182,0.152955,0,0.0925,0.0942955,0.158636,0.0085,0.4195,0.00997727,0.0255,2.83691,10.1591,20.75,0.295455
0,0,0,0,0.375789,0,0,0.584737,0,0,0,0,0,0,0,0,0,0,1.56947,0,0.861579,0,0,0,0,0,0.770526,0,0,0,0,0,0,0,0,0,0,0,0.584737,0,0,0,0,0,10.2721,0.404737,0,0,0,0.161053,0,0.487263,0,0,1.25605,2.21053,6.78947,0.0526316
0.071875,0.0141667,0.268125,0,0.30375,0.0347917,0.0191667,0.00885417,0,0.106771,0.0115625,0.836875,0.08625,0.0332292,0.0177083,0.205729,0.00645833,0.0330208,2.1426,0,0.532917,0,0,0.0141667,0.247396,0.416875,0.289688,0,0.196771,0.0408333,0,0,0.0396875,0,0,0.031875,0.135104,0.025625,0.0735417,0,0.0991667,0.422292,0.01625,0.131354,0.349271,0.138854,0,0.0604167,0.033125,0.13749,0.007,0.117646,0.010875,0.00103125,1.46749,4.39583,28.4062,0.09375
0,0,0,0,1.28875,0,0,0,0,0,0,3.475,0,0,0,0,0,0,0,0,0,0,0,0,0.80875,0.80875,0,0,9.02375,0,0,0,0,0,0,0,0,0,0,0,0,8.4,0,0,0,0,0,0,0,0,0,0.213,0,0,1.41112,3.375,13.75,0
0.131212,0.212121,0.444091,0.648636,0.267121,0.125303,0.0527273,0.112576,0.261061,0.298788,0.0716667,0.797576,0.22,0.110455,0.140303,0.150455,0.13803,0.202576,1.72561,0.0875758,0.94303,0,0.137879,0.179091,0.697121,0.130455,0.0201515,0.0213636,0.0148485,0.0178788,0.0143939,0.00242424,0.0757576,0.00242424,0.0290909,0.0671212,0.0866667,0.00212121,0.015303,0.0366667,0.00242424,0.0751515,0.0386364,0.0112121,0.0231818,0.00181818,0,0.0215152,0.1515,0.129515,0.0195,1.11365,0.269227,0.0179697,4.05167,57.3939,750.439,0.606061
0.123651,0.0765079,0.19746,0,0.245714,0.113175,0.278571,0.0314286,0.0101587,0.188571,0.0604762,0.594444,0.0315873,0.044127,0.0355556,0.115238,0.245556,0.0574603,1.9519,0.00714286,0.436032,0,0.136032,0.0138095,0.148413,0.0303175,0.197302,0,0.0146032,0.0590476,0,0,0.140794,0,0,0.092381,0.167778,0,0.0501587,0.00412698,0.102063,0.17746,0.0125397,0.0557143,0.312063,0.0893651,0,0.0787302,0.0161587,0.108063,0.00793651,0.34227,0.0224762,0.0139683,1.62884,6.01587,43.0317,0.190476
0.174242,0.215455,0.308939,0,0.382121,0.116515,0.268788,0.130152,0.0293939,0.282879,0.112273,0.421818,0.045,0.0215152,0.0427273,0.410455,0.125152,0.350606,2.33394,0.029697,1.01303,0.0227273,0.105758,0.112727,0.874697,0.470758,0.36697,0.303788,0.101667,0.190152,0.130758,0.19697,0.0589394,0.19697,0.174545,0.174697,0.146364,0,0.155152,0.113182,0.0360606,0.0530303,0.139697,0.0983333,0.295606,0.353333,0.0242424,0.0134848,0.0142879,0.134591,0.00921212,0.264182,0.0437424,0.129576,2.306,14.4091,93.8333,0.454545
0.21,0.448824,0.646471,0.0823529,0.291176,0.0241176,0.437647,0.0335294,0.169412,0.931176,0.145294,0.911765,0.0476471,0.0776471,0.177059,1.51235,0.374706,0.0370588,1.97235,0.135882,1.54941,0,0.0482353,0.146471,0.0317647,0.0470588,0.0170588,0.0341176,0,0,0,0,0,0.0170588,0.0341176,0.0135294,0.0358824,0,0,0,0,0,0,0,0.120588,0,0,0.0452941,0.0170588,0.0634706,0,0.830765,0.316118,0.0754118,40.6247,379.294,549.412,0.882353
0.056129,0.0709677,0.262903,0,0.303548,0.130323,0.0406452,0.0870968,0.0616129,0.258065,0.0996774,0.788065,0.0841935,0.0351613,0,0.3,0.142581,0.0470968,1.28774,0,0.71871,0,0.0777419,0.0409677,0.520968,0.31871,0.0483871,0.337097,0.0541935,0.179677,0,0,0.0196774,0,0.0329032,0.214839,0.026129,0.0387097,0.0970968,0,0.0148387,0.0593548,0,0.19871,0.116129,0.0135484,0,0.0170968,0.00890323,0.127258,0.00125806,0.0834839,0.0377097,0.00125806,1.84758,7.54839,98.5484,0.16129
0.120536,0.157679,0.70125,0,0.667679,0.622321,0.320179,0.163571,0.587321,0.414821,0.256786,0.728571,0.180357,0.0953571,1.15696,0.350714,0.134107,0.912143,1.76429,0.889107,1.05786,0.103214,0.619286,0.168393,0.00160714,0.00160714,0,0,0,0,0,0,0.00642857,0,0.00517857,0,0.00517857,0,0,0.0480357,0,0,0.105357,0.0142857,0.0535714,0.0435714,0,0,0.00341071,0.0943571,0.00133929,0.375804,0.154839,0.0235357,15.329,652.054,1407.36,1
0,0,0,0,0,0,0,0,0,0,0,0,0,0,0,0,0,0,0,0,0,0,0,0,8.94636,4.67455,1.01,0,0,0,0,0,0,0,0,0.699091,0,0,0,0,0,0.826364,0,0.122727,0,0,0,0,0,0,0,0,0,0,1.38255,2.27273,6.18182,0
0.0184211,0.0710526,0.172368,0,0.0931579,0.0628947,0.156579,0.0773684,0.0144737,0.235789,0,0.351053,0.177368,0,0,0.238158,0.0565789,0.157368,2.25974,0.306579,0.856579,0.145526,0,0.0855263,0.0915789,0.115526,0,0,0,0,0,0,0,0,0,0.0168421,0,0,0,0,0,0.156579,0,0.0347368,0.453684,0.444211,0,0,0.0179737,0.0410789,0,0.136763,0.0194737,0.085,4.39176,48.4737,90.0526,0.368421
0.112857,0.150357,0.373214,0,0.727143,0.126786,0.118929,0.209286,0.239643,0.595714,0.124286,0.531071,0.0707143,0.388929,0.251786,0.101786,0.395357,0.0971429,1.74786,0.184286,1.43107,0.82,0.144643,0.226071,0.243929,0.03,0.0246429,0.0157143,0.00535714,0.00535714,0.0235714,0.00535714,0.0946429,0.0121429,0.0235714,0.0214286,0.0853571,0.0189286,0.0167857,0.0464286,0,0.421429,0.0110714,0.0189286,0.1,0,0.00321429,0,0.0129286,0.119286,0.0151786,0.289786,0.186643,0.09725,4.89561,128.536,638.25,0.678571
0.17186,0.0790698,0.19407,0,0.146395,0.103721,0.153721,0.128488,0.0269767,0.163721,0.0346512,0.357558,0.05,0.00267442,0.00709302,0.163837,0.110581,0.180465,1.78023,0.00802326,0.967674,0,0.00837209,0.0340698,0.71407,0.438837,0.307209,0.430349,0.0580233,0.131279,0.0731395,0.0446512,0.270233,0.0446512,0.232558,0.0739535,0.23,0,0.0731395,0.105465,0.0539535,0.132674,0.0997674,0.132442,0.43814,0.370465,0,0,0.0215814,0.174988,0.0188953,0.252686,0.081093,0.0534535,2.35348,12.7907,61.6163,0.372093
0.0798507,0.143433,0.187164,0.0201493,0.258657,0.0216418,0.149254,0.167313,0.0402985,0.750597,0.0697015,0.336418,0.12806,0,0.0552239,0.11791,0.152836,0.218358,1.89701,0,0.646716,0,0.0565672,0.0967164,0.773881,0.447463,0.291045,0.370149,0.100746,0.206418,0.0997015,0.0726866,0.00925373,0.0726866,0.226269,0.143284,0.233731,0.0080597,0.2,0.0976119,0.0491045,0.0670149,0.142687,0.018806,0.305821,0.243433,0,0.0080597,0.0423881,0.157343,0.0262388,0.312239,0.0405672,0.00213433,2.66896,14.4478,81.3582,0.373134
0.182273,0.213182,0.208182,0,0.715909,0.178636,0.390455,0,0.151818,0.386364,0.222727,0.322273,0.213636,0,0,0.994091,0.120909,0.319091,1.82727,0.237273,0.910909,0,0,0.430455,0.0909091,0.0540909,0.162273,0,0,0.0281818,0,0,0.168636,0,0.0909091,0.0409091,0.0886364,0,0,0.0618182,0.0118182,0.0736364,0.0318182,0.0877273,0.134091,0.0554545,0,0,0,0.0604545,0,0.520636,0.0690455,0.905818,7.24523,69.2273,113.909,0.681818
0.11,0.0853333,0.251067,0,0.337467,0.056,0.120667,0.166933,0.0850667,0.169333,0.038,0.538133,0.0873333,0,0.0337333,0.136533,0.1452,0.2132,1.48107,0,0.468267,0,0.0553333,0,0.6088,0.4484,0.3792,0.195733,0.1216,0.1396,0.0798667,0.0764,0.148667,0.0764,0.180933,0.1652,0.243333,0.0096,0.144933,0.0926667,0.0610667,0.0310667,0.1512,0.1124,0.273867,0.142,0.00253333,0.0873333,0.0324267,0.166,0.02708,0.160827,0.02676,0.0314533,2.01925,12.2267,117.187,0.24
0.14386,0.13193,0.194035,0,0.298947,0.129649,0.138596,0.110877,0,0.265614,0.0338596,0.530175,0.0664912,0,0.05,0.149649,0.0805263,0.0649123,1.86737,0,0.488421,0,0.0742105,0,0.442456,0.196316,0.115614,0.208772,0.0824561,0.10386,0.0461404,0.0596491,0.134386,0.0596491,0.172281,0,0.335439,0,0.102807,0,0.0684211,0.285789,0.0808772,0.0526316,0.260526,0.843158,0,0.00719298,0.00870175,0.103333,0.00921053,0.40086,0.00882456,0.232333,2.60646,15.386,52.5789,0.280702
0,0,0,0,0,0,0,0,0,0,0,0.131905,0,0,0,0,0,0.34,0.280476,0,0,0,0,0,8.2019,4.09857,3.75857,4.09857,3.89095,4.09857,4.09857,3.75857,0,3.75857,4.09857,4.09857,0,0,0,3.75857,0,0,0,0,0,0,0,0,0,1.06048,0,0.0228095,0,0,3.1259,10.9048,31.1905,0
0.1025,0.160588,0.391765,0.208088,0.273529,0.1025,0.0582353,0.213529,0.258382,0.508529,0.125147,0.472206,0.117353,0.0714706,0.153088,0.264853,0.189706,0.277353,1.16118,0.138676,0.758824,0.7225,0.0914706,0.152941,0.640147,0.165294,0.0352941,0.0347059,0.00926471,0.0333824,0.0247059,0.00279412,0.147206,0.00558824,0.0814706,0.0423529,0.1425,0.00191176,0.0373529,0.0379412,0.0126471,0.0173529,0.00441176,0.00308824,0.0442647,0.0508824,0.00455882,0.0401471,0.0556765,0.12125,0.0211765,0.270838,0.120015,0.0983088,4.6259,72.5147,925.206,0.647059
0.49913,0.766087,0.79,0.398261,0.340435,0.222609,0.0530435,0.428696,0.393043,1.43826,0.0473913,1.52652,0.131739,0.295217,0.363478,0.312174,0.183913,0.671739,2.03609,0.365652,3.39478,0.0165217,0.417826,0.241304,0,0,0,0,0,0,0,0,0.0143478,0,0.0552174,0,0.016087,0,0,0,0,0,0.00826087,0,0,0,0,0,0.0238696,0.153739,0,1.01309,0.170435,0.0643478,41.0404,622.435,877.391,1
0.122805,0.0719512,0.329146,0.00207317,0.277195,0.11061,0.0442683,0.15,0.194756,0.247195,0.0563415,0.734146,0.127683,0.105366,0.0259756,0.169634,0.173171,0.137927,1.47744,0.0968293,1.30805,0.00207317,0.202073,0.104512,0.700976,0.155122,0.00646341,0.0131707,0.00987805,0.0169512,0.00195122,0,0.090122,0,0.0165854,0.0603659,0.169634,0.00719512,0.0260976,0.00902439,0.0741463,0.0612195,0.00792683,0.0145122,0.0747561,0.299878,0.00658537,0.00756098,0.0365854,0.155829,0.0191707,0.254622,0.0692561,0.0206829,4.25387,63.1585,552.488,0.634146
0.190937,0,0.337812,0,0,0,0,0,0,0.615625,0,0.195312,0,0,0,0.441875,0,0,6.40875,0,0.435625,0,0,0.390625,0.0565625,0,0,0,0,0,0,0,0,0,0,0,0,0,0,0,0,0,0,0,0.553125,0.449688,0,0,0.0323125,0.102875,0,0.07525,0,0,1.09113,1.21875,4.09375,0.15625
0.118889,0.641667,0.125556,0,0.472222,0.357778,0.800556,0.151111,0.132222,0.696111,0.0611111,0.828333,0,0.0866667,0,0.819444,1.37778,0.0422222,0.777222,0.479444,1.20167,0,0,0.118889,0,0,0,0,0,0.0538889,0,0,0,0,0,0.118889,0.258889,0.0866667,0,0.0188889,0,0,0,0,0.0188889,0,0,0,0,0.111944,0,0.667278,0.0647778,0.0633889,9.06744,121.611,174.444,0.888889
0.0804167,0.0563542,0.331146,0.0084375,0.416458,0.265417,0.113333,0.151771,0.0369792,0.239167,0.0221875,0.510937,0.118229,0.0144792,0.005625,0.281146,0.14,0.171562,1.55094,0.00385417,1.39417,0,0.159792,0.168229,0.538125,0.359583,0.173542,0.141562,0.0632292,0.148333,0.0636458,0.0404167,0.0819792,0.0404167,0.114271,0.0907292,0.134479,0.00239583,0.0522917,0.0539583,0.060625,0.00833333,0.0759375,0.0101042,0.258437,0.0809375,0.0165625,0.00291667,0.0384167,0.154229,0.0235313,0.139156,0.07,0.00994792,2.06462,13.3125,142.354,0.489583
0.0801351,0.0413514,0.211757,0.017973,0.0956757,0.0589189,0.0383784,0.169459,0.0310811,0.167973,0,0.640135,0.151892,0,0.0755405,0.0648649,0.136486,0.188514,1.37,0.00864865,0.538784,0,0.108649,0.0681081,0.853108,0.502027,0.226622,0.285811,0.0836486,0.192027,0.0827027,0.0683784,0.151757,0.0683784,0.15027,0.121892,0.359865,0,0.188919,0.0863514,0.0751351,0.0974324,0.226216,0.0797297,0.406081,0.482162,0.0116216,0.0671622,0.00854054,0.202257,0.0360676,0.186919,0.0665135,0.0162027,2.36735,13.5,70.0946,0.256757
0,0,0,0,8.2575,0,0,0,0,0,0,0,0,0,0,0,0,0,0,0,0,0,0,0,2.5,0,0,0,0,0,0,0,0,0,0,0,0,0,0,0,0,0,0,0,0,0,0,0,0,0.147,0,0,0,0,1.20825,1.5,3.5,0.25
0,0,0,0,0,0,0,0,0,0,0,0,0,0,0,0,0,0,0.421111,0,0,0,0,0,0,0,0,0,0,0,0,0,0,0,0,0,0,0,0,0,0,0,0,0,0,0,0,0,0,0.101,0,1.03856,0,0,1,1,1.44444,0.222222
0,14.1478,0,0,0,0,0,0,0,0.132222,0,0,0,0,0,0,0,0,0,0,0,0,0,0,0,0,0,0,0,0,0,0,0,0,0,0,0,0,0,0,0,0,0,0,0.132222,0,0,0,0,0,0,0,0,0,1.77778,4.88889,9.02778,0
0,0,0.175814,0,0.236047,0.0874419,0,0.0774419,0.0774419,0.0911628,0,0.315349,0.0595349,0.0455814,0,0.28814,0.0774419,0.202093,1.38581,0,0.77093,0,0.156744,0.464651,0.968605,0.502791,0.150465,0.352558,0.260698,0.175349,0.173721,0,0,0,0.11093,0.11093,0.141628,0.0930233,0.270233,0,0.103953,0.435349,0.0676744,0.224419,0.679535,0.136047,0,0.0595349,0.056814,0.096907,0.0456047,0.231488,0.0751395,0.0701628,2.60665,12.2791,28.0233,0.325581
0,0,0,0,0,0,0,0,0,0,0,0,0,0,0,0,0,0,0,0,0,0,0,0,0,0,0,0,0,0,0,0,0,0,0,0,0,0,0,0,0,0,0,0,0,0,0,0,0,0,0,0,0,0,0,0,0,0
0.164545,0.0275,0.249773,0.00954545,0.257045,0.180682,0.0454545,0.0538636,0.0590909,0.101818,0.0568182,0.461818,0.123182,0.0106818,0.00204545,0.177955,0.148182,0.161818,1.31023,0.125682,0.5025,0.486364,0.228409,0.0736364,0.905,0.3525,0.118409,0.0427273,0.0670455,0.045,0.0413636,0.00977273,0.107955,0.00977273,0.0568182,0.0663636,0.244091,0.00431818,0.00772727,0.0134091,0.06,0.0681818,0.0427273,0.0302273,0.0931818,0.0975,0,0.0161364,0.114114,0.204864,0.0463864,0.17625,0.101909,0.0743409,3.25316,24.7273,300.659,0.431818
0.04,0.0835135,0.343604,0,0.281532,0.0151351,0.0600901,0.020991,0.038018,0.137117,0.0361261,0.830811,0.0758559,0.0394595,0,0.131532,0.0612613,0.147477,1.92198,0.0455856,0.494324,0,0,0.0333333,0.274775,0.193784,0.380721,0,0.0930631,0.0793694,0,0,0.0992793,0,0,0.00612613,0.141261,0,0.0600901,0.00864865,0.0140541,0.164234,0.0237838,0.126847,0.472703,0.20955,0,0.0333333,0.0218378,0.136144,0,0.143198,0.00962162,0.00110811,1.49851,4.20721,22.7207,0.0990991
0,0.1208,0.0972,0,0.5,0,0.328,0,0,0.1768,0,0.4048,0.1916,0.1248,0,0.8092,0.0492,0.5488,3.844,0,1.664,0,0,0,0.6152,0.0344,0.104,0,0,0,0,0,0,0,0,0,0,0,0,0,0,0,0,0.0816,0.3892,0.392,0,0,0.01236,0.0238,0,0.9222,0.0368,0,6.12752,49.24,70.36,0.44
0.113509,0.113333,0.397368,0.0175439,0.315614,0.117544,0.0698246,0.107544,0.150175,0.342281,0.113684,0.498246,0.153684,0.0403509,0.126491,0.294386,0.218246,0.25386,1.45386,0.115614,0.817544,0.674386,0.259474,0.0959649,0.423684,0.188596,0.104561,0.130351,0.0654386,0.07,0.0424561,0.0340351,0.0307018,0.0340351,0.0664912,0.0721053,0.107368,0.0440351,0.0635088,0.0877193,0.0163158,0.125614,0.0333333,0.00561404,0.109298,0.0682456,0.0264912,0.064386,0.304088,0.146386,0.00992982,0.25214,0.0870526,0.0916316,3.46633,37.1579,372.035,0.526316
0.077193,0.161053,0.339825,0,0.241228,0.0775439,0.124561,0.0224561,0.0224561,0.238947,0.0287719,0.500351,0.332632,0.0224561,0,0.575439,0.0577193,0.0782456,1.88596,0.0468421,0.941053,0,0.0926316,0.065614,0.451579,0.300175,0.439649,0.162982,0.138947,0.138947,0.195614,0.115965,0.024386,0.115965,0.272281,0.138947,0.239298,0.00719298,0.192281,0.131579,0.102982,0.355789,0.170175,0.27614,0.237018,0.22193,0,0,0.0110877,0.118684,0.0131754,0.294123,0.253877,0.0259474,2.32858,11.6842,43.0526,0.385965
0.109429,0.224857,0.598571,0.563714,0.444286,0.186857,0.276286,0.198,0.06,0.247714,0.137714,0.554286,0.0991429,0,0,0.428,0.365429,0.454,2.35371,0.504857,1.57429,0.0245714,0.138,0.205429,0.0574286,0.0714286,0.00914286,0,0.0411429,0.0411429,0,0,0.00771429,0,0.028,0.0208571,0.131429,0,0.0682857,0.00542857,0,0,0.0217143,0.0217143,0.134571,0.0354286,0,0,0.0101143,0.0825429,0.0243429,0.457171,0.0726571,0.0344286,7.53751,132.914,300.943,0.914286
0.152778,0.121111,0.258056,0.0102778,0.195833,0.0908333,0.0283333,0.233889,0.198889,0.2725,0.0933333,0.476389,0.171389,0.0683333,0.0636111,0.266111,0.187778,0.186111,1.35028,0.139444,0.697222,0.706944,0.219444,0.216389,0.528333,0.0975,0.00694444,0.00361111,0.00416667,0.0283333,0.01,0,0.112222,0,0.0102778,0.118611,0.165833,0.0125,0.0241667,0.0288889,0.0247222,0.00472222,0.00944444,0.0266667,0.0372222,0.110833,0.00305556,0.045,0.0486667,0.126222,0.0418611,0.182639,0.12025,0.0944167,5.42706,115,1760.22,0.472222
0.129167,0.0911111,0.301528,0.00222222,0.298611,0.0976389,0.0980556,0.107917,0.446528,0.448056,0.0945833,0.525,0.131528,0.144444,0.07125,0.299583,0.0665278,0.352778,1.61347,0.291944,1.07556,0.990139,0.102361,0.186389,0.366389,0.156944,0.0344444,0.0193056,0.00125,0.0204167,0.0325,0.00125,0.0776389,0.00125,0.193472,0.0201389,0.166111,0.000694444,0.0183333,0.0418056,0.00972222,0.0519444,0.0075,0.0190278,0.0420833,0.0386111,0.0201389,0.0366667,0.047625,0.113458,0.0491667,0.342486,0.224069,0.10475,5.59783,80.0139,1102.92,0.638889
0.152353,0.138824,0.304706,0.0227451,0.170392,0.143529,0.202157,0.0433333,0.00745098,0.20451,0.0468627,0.503529,0.113725,0,0.0243137,0.52,0.197843,0.13,1.73569,0.00607843,0.899608,0.111569,0.183137,0.122941,0.583529,0.392941,0.265294,0.132353,0.0960784,0.168235,0.0841176,0.0841176,0.0917647,0.110588,0.123725,0.128824,0.0513725,0,0.188431,0.0929412,0.00647059,0,0,0,0.208824,0.0419608,0,0.05,0.017098,0.143392,0.0120588,0.472941,0.0486471,0.0514118,3.7032,34.7843,129.941,0.568627
0,0.0783333,0.261667,0,0.775,0.0466667,1.85667,0.9025,0.9025,1.0275,0.9025,0.506667,0,0.0891667,0,1.10583,2.5125,0.075,1.47083,0.9025,3.05333,0,0.2925,0.0891667,0,0,0,0,0,0,0,0,0,0,0,0,0.3675,0,0.0891667,0,0,0,0,0,0,0,0,0,0,0.0720833,0,0.73125,0.115417,0.0831667,70.9209,286.917,312.25,1
0.0898276,0.163793,0.315,0.0182759,0.358793,0.127586,0.134828,0.192069,0.0596552,0.315517,0.0286207,0.587586,0.290345,0.0148276,0.135,0.210172,0.178448,0.423448,1.43328,0.0424138,0.92,0.0525862,0.168793,0.0753448,0.627069,0.33,0.196034,0.157759,0.12931,0.136379,0.0508621,0.0508621,0.0667241,0.0508621,0.0834483,0.0889655,0.141379,0,0.0855172,0.115345,0.0275862,0.0337931,0.0798276,0.0260345,0.107069,0.0324138,0,0.0193103,0.0241207,0.164293,0.0215,0.162069,0.106069,0.0201552,3.05753,27.4138,241.207,0.534483
0.039,0.0453333,0.194667,0,0.104,0.0273333,0.0393333,0.498333,0.153667,0.07,0.0401667,0.326333,0,0.277333,0,0.373167,0.119333,0.0351667,0.7185,0.0508333,0.7455,0.0333333,0.237833,0.0398333,0.305833,0.297,0.108333,0.0901667,0,0.036,0,0.00983333,0.0395,0.00983333,0.0555,0.158833,0.0638333,0,0.0151667,0,0,0.0468333,0,0.0248333,0.446167,0,0,0.0276667,0.00288333,0.165,0.00895,0.409483,0.1392,0.0101667,3.86973,26.4833,81.8833,0.75
0,0,0,0,0,0,0,0,0,0,0,0,0,0,0,0,0,0,0,0,0,0,0,0,0,0,0,0,0,0,0,0,0,0,0,0,0,0,0,0,0,0,0,0,0,0,0,0,0,0,0,0,0,0,0,0,0,0
0,0,0,0,0,0,0,0,0,0,0,0,0,0,0,0,0,0,0,0,0,0,0,0,0,0,0,0,0,0,0,0,0,0,0,0,0,0,0,0,0,0,0,0,0,0,0,0,0,0,0,0,0,0,0,0,0,0
0,0,0,0,0,0,0,0,0,0,0,0,0,0,0,0,0,0,0,0,0,0,0,0,0,0,0,0,0,0,0,0,0,0,0,0,0,0,0,0,0,0,0,0,0,0,0,0,0,0,0,0,0,0,0,0,0,0
0.087234,0.0576596,0.224468,0,0.395745,0.0844681,0.0776596,0.129149,0.0268085,0.287021,0.0470213,1.10638,0.0674468,0.027234,0.00978723,0.155106,0.0861702,0.11766,1.48383,0.00659574,0.490851,0,0,0.0555319,0.59617,0.513404,0.115319,0.281277,0.052766,0.121915,0.0421277,0.0138298,0.343191,0.0138298,0.0640426,0.184468,0.104043,0,0.0197872,0.0138298,0.0240426,0.0151064,0.0195745,0.191702,0.0514894,0.0248936,0.017234,0.0912766,0.0126596,0.155596,0.009,0.0923191,0.0178936,0.00638298,1.78819,7.93617,87.9362,0.170213
0,0,0,0,0,0,0,0,0,0,0,0,0,0,0,0,0,0,0,0,0,0,0,0,0,0,0,0,0,0,0,0,0,0,0,0,0,0,0,0,0,0,0,0,0,0,0,0,0,0,0,0,0,0,0,0,0,0
0.126765,0.0317647,0.282353,0,0.201471,0,0,0.0552941,0,0.254706,0.0538235,0.524706,0,0,0.02,0.0535294,0.0823529,0.315882,0.694412,0.0273529,0.0867647,0,0,0,2.32765,1.43853,0.667059,0.882941,0.457647,0.958529,0.616471,0.375294,0.245294,0.375294,0.977941,0.564118,0.0308824,0,0.449706,0.375294,0,0.102353,0.0308824,0.207059,0.23,0.0682353,0,0.0341176,0.00352941,0.2465,0.00367647,0.0816471,0.00452941,0.00902941,2.17247,10.9412,48.8235,0.117647
0.0183784,0.110541,0.27973,0.00378378,0.271081,0.118378,0.100541,0.0232432,0.0437838,0.139459,0.0767568,0.338108,0.133514,0.0827027,0.0683784,0.0951351,0.0651351,0.161351,1.25081,0.0908108,0.574595,0.877568,0.101351,0.0878378,0.831351,0.291081,0.115946,0.0583784,0.0697297,0.0675676,0.0608108,0.0818919,0.0935135,0.0818919,0.0548649,0.121892,0.172973,0,0.0410811,0.0362162,0,0.0189189,0.0737838,0.0386486,0.146757,0.107568,0,0.0159459,0.0828378,0.207432,0.0417027,0.134486,0.149189,0.0941622,3.13759,20.8649,265.811,0.540541
0,0,0,0,0,0,0,0,0,0,0,0,0,0,0,0,0,0,0,0,0,0,0,0,0,0,0,0,0,0,0,0,0,0,0,0,0,0,0,0,0,0,0,0,0,0,0,0,0,0,0,0,0,0,0,0,0,0
