0.0864815,0.0305556,0.265556,0,0.307407,0.181111,0.0781481,0.120185,0.0372222,0.167593,0.0535185,0.473519,0.0968519,0.0444444,0.0148148,0.222407,0.193704,0.234259,1.36537,0.117222,0.804259,0,0.0792593,0.109815,0.781296,0.431481,0.130741,0.143889,0.136667,0.104074,0.0616667,0.0312963,0.0768519,0.0312963,0.118333,0.107222,0.189259,0.00259259,0.0287037,0.0574074,0.0246296,0.0166667,0.0824074,0.0374074,0.202222,0.183148,0,0.0475926,0.0401852,0.166259,0.024,0.112519,0.0408519,0.0147963,2.11896,13.9074,188.944,0.388889
0.149857,0.118286,0.273286,0.637714,0.607571,0.153143,0.0632857,0.0871429,0.257,0.211143,0.111143,0.697429,0.170857,0.0438571,0.074,0.135571,0.303857,0.200143,2.05686,0.114429,0.911714,0.914857,0.281429,0.197571,0.299857,0.0811429,0.0122857,0.0188571,0.00714286,0.00557143,0.0117143,0.0161429,0.074,0.00471429,0.0191429,0.0727143,0.0687143,0.00957143,0.00742857,0.004,0.0185714,0.0495714,0.0121429,0.00271429,0.0404286,0.0512857,0.0125714,0.0114286,0.0652714,0.100457,0.00467143,0.186657,0.123514,0.0979571,4.29753,44.1429,464.986,0.728571
0.0670492,0.0655738,0.312131,0,0.27459,0.087541,0.0898361,0.171311,0.0204918,0.154098,0.0509836,0.44918,0.0896721,0,0.0555738,0.199672,0.0660656,0.244918,1.49951,0.00754098,0.63918,0.0165574,0.0409836,0.0281967,0.63,0.56541,0.22918,0.304918,0.133607,0.139016,0.0785246,0.0716393,0.10623,0.0716393,0.24,0.145738,0.162623,0.0118033,0.0919672,0.0762295,0.0442623,0.0404918,0.147869,0.0519672,0.221803,0.0836066,0.00459016,0.0213115,0.0157705,0.169443,0.0385082,0.139328,0.0326393,0.0232623,1.92723,11.8197,122.574,0.262295
0.134865,0.488649,0.356757,1.91676,1.01486,0.16027,0.638378,0.169189,0.0643243,0.403784,0.0472973,0.678919,0.176216,0.0908108,0,0.809459,1.7027,0.264865,2.09892,0.303784,1.67838,0,0.00864865,0.155676,0,0,0,0,0,0.0262162,0,0,0,0,0,0.0578378,0.125946,0.0421622,0,0.00918919,0,0,0,0,0.00918919,0,0,0,0,0.126135,0,0.757622,0.153568,0.0357838,8.13586,130.514,189.757,0.918919
0.112222,0.0934921,0.240317,0,0.392857,0.0903175,0.0812698,0.0665079,0.0403175,0.135079,0.0460317,0.606984,0.0734921,0,0,0.119365,0.177302,0.178095,1.34762,0,0.479206,0,0.0355556,0.0206349,0.783175,0.46127,0.358254,0.227619,0.108413,0.159365,0.08,0.0585714,0.0914286,0.0585714,0.144921,0.213175,0.235238,0.00587302,0.191429,0.0888889,0.051746,0.0231746,0.159841,0.116667,0.307302,0.140794,0,0.0953968,0.0344127,0.135778,0.0237302,0.167651,0.0504286,0.0155714,2.03105,11.8571,110.921,0.269841
0,0,0,0,0,0,0,0,0,0,0,0,0,0,0,0.37037,0,0,0,0,0,0,0,0,0,0,20.987,0,0,0,0,0,0,0,0,0,0,0,0,0,0,0,0,0,0,0,0,0,0,0,0,0,0,0,1.16356,1.51852,5.13889,0
0.104,0.306,0.502,0,0.503,0.1275,0.2885,0.144,0.0785,0.2415,0.0785,0.7395,0.0695,0,0.0965,0.1005,0.175,0.6205,2.514,0.413,1.7025,0.136,0.279,0.159,0.0405,0.018,0,0,0,0,0,0,0.045,0,0.025,0,0.073,0,0.032,0.1575,0,0.055,0,0,0.1175,0.0355,0,0,0.0031,0.0639,0.00325,0.4101,0.1284,0.0305,3.59005,50.25,163.45,0.7
0.0931765,0.108706,0.271176,0,0.360706,0.0694706,0.0574706,0.0662353,0.0115294,0.168706,0.00564706,0.643765,0.0955882,0.0527647,0,0.136588,0.0144706,0.198647,1.97524,0.0158824,0.648235,0,0.0124706,0.00994118,0.101,0.0775882,0.445,0,0.0792941,0.0104706,0,0,0.171706,0,0,0.0209412,0,0.0685294,0.0808824,0.00688235,0,0.386,0.0678824,0.115059,0.524118,0.129,0.0171765,0.0154706,0.0237941,0.0885882,0.00405294,0.271753,0.00560588,0,1.36502,3.13529,15.1529,0.105882
0.158,0.078,0.528,0.02,1.06,0.326,0.104,0.274,0.25,0.256,0.132,0.772,0.15,0.04,0.532,0.804,0.774,0.718,2.09,0.25,0.72,1.34,0.584,0.234,0,0,0,0,0,0,0,0,0.042,0,0.018,0.122,0.02,0,0,0.072,0,0,0.032,0,0.016,0.016,0,0,0.0024,0.0474,0.0182,0.418,0.1454,0.2452,18.7698,487.2,1748.4,1
0.0973333,0.219333,0.314667,0.0202222,0.365556,0.162,0.0957778,0.156222,0.0604444,0.278889,0.0355556,0.726667,0.133111,0.0157778,0.0495556,0.326667,0.154444,0.273556,1.55356,0.0546667,1.02844,0.0677778,0.114,0.0877778,0.214444,0.211111,0.121333,0.0893333,0.0913333,0.0893333,0.012,0.012,0.0742222,0.012,0.066,0.038,0.138667,0.00155556,0.0282222,0.0164444,0.032,0.00311111,0.00688889,0.0717778,0.0577778,0.0417778,0,0.0428889,0.00657778,0.164956,0.0186667,0.210267,0.0652222,0.0229778,3.36627,36.7556,237.044,0.555556
0.401923,0.0873077,0.362308,0,0.790962,0.0257692,0.155385,0.168077,0.0738462,0.120192,0.0165385,0.531154,0.0265385,0.0140385,0.00615385,0.4625,0.283269,0.124615,2.08731,0.1,1.19077,0,0.245192,0.0815385,0.125577,0.0653846,0.171538,0.0482692,0.0159615,0.0394231,0.00980769,0.0325,0.118462,0.0325,0.0769231,0.0746154,0.164808,0,0.0473077,0.00980769,0.0826923,0.0794231,0.0273077,0.0555769,0.274808,0.199231,0,0.0709615,0.0214808,0.0880577,0.0119615,0.490885,0.179154,0.0269808,2.6686,21.3654,117.923,0.692308
0.114519,0.0436538,0.155,0,0.160865,0.0564423,0,0.0565385,0,0.0751923,0,0.39375,0.0134615,0.123077,0,0.219038,0.0274038,0.130192,0.308654,0.174808,0.317885,0,0,0.0874038,0.850577,0.585962,0.400577,0,0,0,0,0,0,0,0,0.0739423,0,0.0620192,0.0282692,0,0.0309615,0.468077,0,0.777981,0.0522115,0.0518269,0,0.144231,0.004,0.0951635,0.0534038,0.0934135,0.013875,0,1.41876,2.625,8.23077,0.0576923
0.305217,0.146304,0.278913,0.0936957,0.0663043,0.10913,0.0197826,0.131522,0.212609,0.37,0.14413,0.638261,0.331304,0.666957,0.0204348,0.162391,0.267391,0.115,1.85261,0.0486957,0.843261,0.0341304,0.443478,0.278696,0.0971739,0.0617391,0.00521739,0.00152174,0.00217391,0.00391304,0,0,0.316087,0,0,0.0286957,0.180217,0.00152174,0.005,0.013913,0.0252174,0.00782609,0.00456522,0.0163043,0.0393478,0.0580435,0.01,0.0513043,0.0298913,0.116522,0.00773913,0.24063,0.334978,0.0894565,5.14743,164.043,3362.72,0.73913
0.0651852,0.157407,0.386667,0,0.868519,0.0207407,0.322593,0.29037,0.0566667,0.196296,0.23963,0.831852,0.0292593,0,0.459259,0.424074,0.36963,0.375926,2.22852,0.847407,1.32148,0,0.477778,0.0951852,0.0633333,0.0333333,0,0.067037,0,0,0,0,0,0,0.0459259,0.0333333,0.0944444,0,0.147778,0.123704,0,0.06,0,0,0.232963,0,0,0,0.00225926,0.228852,0,0.254778,0.132481,0.0105185,5.65389,63.0741,135.704,0.814815
0.0816667,0.176905,0.249762,0,0.241667,0,0.0454762,0.16,0.125238,0.04,0.0216667,0.797619,0.0530952,0.075,0.0157143,0,0.110238,0.35,2.05714,0,1.04976,0,0.184286,0.0633333,0.638571,0.405476,0.170952,0.047619,0.110952,0.047619,0.0752381,0,0.085,0,0.047619,0.047619,0.405238,0,0.110238,0,0.214286,0.181667,0.110238,0.0909524,0.278571,0.143571,0,0.0609524,0.0149524,0.0595476,0.0219762,0.176333,0.0723571,0.0341667,2.12807,9.54762,31.119,0.238095
0.111429,0.216905,0.474048,0.336905,0.283095,0.118333,0.0611905,0.180952,0.360714,0.611429,0.154048,0.480476,0.140238,0.0219048,0.19,0.34619,0.171667,0.349048,1.24143,0.115952,0.878571,0.374524,0.113333,0.230952,0.39,0.120952,0.0438095,0.0278571,0.00428571,0.0352381,0.0104762,0,0.0852381,0.00690476,0.0959524,0.0197619,0.126667,0.00309524,0.037619,0.035,0.0154762,0.0154762,0.005,0.00261905,0.0514286,0.0809524,0.00595238,0.0128571,0.0373095,0.114071,0.00638095,0.373643,0.216738,0.0730476,5.10133,99.4048,955.31,0.785714
0.216842,0.255263,0.596316,0,0.411053,0.0468421,0.122632,0.07,0.14,0.188421,0.0205263,0.566842,0.0915789,0.0105263,0.0415789,0.421579,0.217895,0.553158,2.10579,0.218421,1.26789,0.143684,0.0742105,0.140526,0.104737,0.101579,0.0168421,0,0.0757895,0.0757895,0,0,0,0,0.0673684,0.01,0.0989474,0,0.01,0.0347368,0,0,0.0489474,0.04,0.118947,0.0289474,0,0,0.00673684,0.0869474,0.0195789,0.520947,0.593474,0.0314211,5.82489,113.316,353.579,0.736842
0.0477778,0.0788889,0.30463,0.00537037,0.347407,0.0798148,0.126296,0.0940741,0.0437037,0.260556,0.055,0.370556,0.297037,0.0594444,0.150556,0.0687037,0.102593,0.342593,1.26296,0.0622222,0.640556,0.367963,0.182407,0.0551852,1.00407,0.38,0.188889,0.135,0.0994444,0.116481,0.0862963,0.100741,0.0738889,0.100741,0.0822222,0.117778,0.190185,0,0.0801852,0.135,0.00296296,0.0492593,0.119074,0.0351852,0.166852,0.0709259,0,0.0109259,0.0771852,0.19513,0.0349815,0.131852,0.164926,0.0398333,2.76219,18.7778,257.926,0.518519
0.0801351,0.0413514,0.212297,0.017973,0.0839189,0.0740541,0.0383784,0.169459,0.0310811,0.156216,0,0.645135,0.139595,0,0.0755405,0.0648649,0.136486,0.200811,1.4127,0.00864865,0.556486,0,0.108649,0.0681081,0.844324,0.512297,0.210676,0.298108,0.0933784,0.214054,0.10473,0.0781081,0.151757,0.0781081,0.172297,0.143919,0.357838,0,0.198649,0.0960811,0.0751351,0.0974324,0.224189,0.0601351,0.404054,0.482162,0.0116216,0.0671622,0.00854054,0.208243,0.0341622,0.225784,0.0665135,0.0162027,2.36212,13.2703,69.973,0.256757
0.104533,0.0733333,0.190267,0,0.149867,0.0589333,0.145067,0.0785333,0.0173333,0.2176,0.0812,0.762133,0.0306667,0.0370667,0.0537333,0.142533,0.206933,0.0774667,1.91253,0,0.533333,0,0.0484,0,0.3308,0.108267,0.179467,0,0.0402667,0.1512,0.012,0,0.214533,0,0,0.1188,0.222267,0.00733333,0.110667,0.00346667,0.1196,0.143333,0.0285333,0.113333,0.279867,0.177733,0,0.0753333,0.0148533,0.116453,0.00753333,0.22364,0.0142533,0.0113733,1.616,5.81333,45.6,0.106667
0.111212,0.14303,0.349394,0.0342424,0.341364,0.0837879,0.120758,0.206212,0.147273,0.475455,0.103939,0.461364,0.116818,0.0374242,0.109242,0.289091,0.225758,0.278788,1.44227,0.197121,0.873788,0.570455,0.214242,0.064697,0.670152,0.318333,0.116212,0.131061,0.0483333,0.0613636,0.0880303,0.0363636,0.0428788,0.0363636,0.0818182,0.0606061,0.164697,0.0131818,0.0557576,0.0963636,0.0490909,0.0887879,0.0356061,0.0872727,0.100455,0.0389394,0.0228788,0.0424242,0.274742,0.173,0.016197,0.292379,0.0834697,0.147288,3.87453,40.1818,355.742,0.590909
0.109706,0.0602941,0.280588,0,0.179412,0.0647059,0.332353,0.197941,0.0888235,0.171176,0.0988235,0.435588,0.0197059,0.0682353,0.0411765,0.259412,0.214412,0.137647,1.61912,0,0.705588,0,0,0.0535294,0.325882,0.234706,0.0870588,0.379706,0.157059,0,0,0.0205882,0,0.0205882,0.189118,0.0791176,0.587941,0,0.111176,0,0,0.157059,0.0411765,0.0341176,0.171471,0.0658824,0,0,0.0421176,0.234853,0.00602941,0.3395,0.0955882,0.00558824,3.74912,25.5,67.7941,0.588235
0.105143,0.138857,0.269,0.118429,0.221857,0.0864286,0.0217143,0.133857,0.196571,0.176571,0.0888571,0.577429,0.0952857,0.0197143,0.0225714,0.271857,0.173286,0.141,1.36314,0.0802857,0.675714,0.526571,0.063,0.0972857,0.812857,0.203,0.125429,0.0327143,0.0592857,0.0408571,0.0164286,0.0164286,0.0537143,0.0164286,0.0387143,0.0862857,0.166571,0.0711429,0.0322857,0.0422857,0.0355714,0.0404286,0.0328571,0.00885714,0.0895714,0.0775714,0,0.029,0.202357,0.146757,0.0132286,0.213471,0.0733571,0.0607857,4.07674,45.3,411.057,0.414286
0.109623,0.163019,0.693962,0.17283,0.638113,0.640377,0.335094,0.165472,0.584717,0.410566,0.248302,0.717925,0.176415,0.100755,1.17226,0.369057,0.12283,0.904717,1.72264,0.867736,1.04509,0,0.618679,0.156792,0.00169811,0.00169811,0,0,0,0,0,0,0,0,0.00377358,0,0.0054717,0,0,0.0477358,0,0,0.102642,0.0150943,0.0550943,0.0445283,0,0,0.0106792,0.0920377,0,0.376925,0.152547,0.0123396,14.9311,658.679,1387.91,1
0.117037,0.155926,0.351111,0,0.74,0.124444,0.123333,0.217037,0.248519,0.610741,0.128889,0.507778,0.0733333,0.403333,0.261111,0.105556,0.41,0.100741,1.79111,0.191111,1.47,0.85037,0.121481,0.234444,0.252963,0.0311111,0.0255556,0.0162963,0.00555556,0.00555556,0.0244444,0.00555556,0.0981481,0.00555556,0.0244444,0.0222222,0.0814815,0.0196296,0.0174074,0.0481481,0,0.437037,0.0114815,0.0196296,0.103704,0,0.00333333,0,0.0134074,0.116,0.0157407,0.287037,0.182,0.100852,4.79763,126.185,641.778,0.666667
0.179474,0.124737,0.338421,0,0.42,0.144211,0.0542105,0.167895,0.212105,0.435263,0.101053,0.667368,0.222632,0.0463158,0.0684211,0.416316,0.224211,0.191579,2.16053,0.0494737,1.05579,0.786842,0.359474,0.25,0.199474,0.122632,0.00736842,0.00631579,0,0.00421053,0.00631579,0,0.0378947,0.00684211,0.00631579,0.0878947,0.108947,0,0.0415789,0.0194737,0,0,0,0.0142105,0.0278947,0.0278947,0,0.0226316,0.0424737,0.115842,0.0202105,0.310579,0.225526,0.145947,7.08926,162.895,1471.11,0.736842
0.055625,0.0478125,0.227188,0,0.31375,0.0834375,0.0865625,0.0503125,0.01125,0.078125,0.0834375,0.527188,0.194688,0,0.03875,0.03625,0.163438,0.223438,1.93625,0,0.575937,0,0,0.0125,0.36875,0.111562,0.110625,0,0.0603125,0.08625,0,0,0.355,0,0.01875,0.076875,0.0940625,0,0,0,0.010625,0.0846875,0.0209375,0.279375,0.124375,0.0390625,0,0,0.0190938,0.176156,0.0103437,0.329438,0,0,1.49481,5.53125,68.9375,0.25
0.137551,0.0720408,0.246122,0,0.405102,0.0610204,0.100408,0.0708163,0.0397959,0.0826531,0.0597959,0.568367,0.146122,0.022449,0.0155102,0.124694,0.130408,0.103878,1.32449,0.179592,0.476327,0,0.065102,0.0310204,0.36449,0.223061,0.164898,0.135918,0.0716327,0.0706122,0.00612245,0,0.0861225,0,0.0567347,0.109388,0.102653,0.00938776,0.052449,0,0.0406122,0.0797959,0.03,0.146122,0.214694,0.122041,0.0332653,0.0746939,0.0118776,0.20549,0.00226531,0.261592,0.0326939,0.0114082,1.75378,7.53061,76.7551,0.285714
0.121515,0.0845455,0.217879,0,0.548182,0.234242,0.297576,0,0.0733333,0.330606,0.0824242,0.286364,0.248788,0.0521212,0.0160606,0.742424,0.0678788,0.199697,1.94576,0.010303,0.688485,0,0.01,0.30697,0.0763636,0.0763636,0.108182,0.0806061,0,0.0448485,0,0,0.112424,0,0.0360606,0.0675758,0.0615152,0,0.0245455,0.0412121,0.00787879,0,0.0212121,0.0584848,0.261515,0.369697,0,0,0,0.0580606,0.00827273,0.293727,0.0625152,0.600879,5.65876,59.0606,110.758,0.545455
0.077619,0.145714,0.26254,0,0.218254,0.054127,0.120159,0.0203175,0.0203175,0.248571,0.0338095,0.420794,0.294444,0.0203175,0,0.457937,0.0522222,0.143175,1.77032,0.042381,0.822222,0,0.0838095,0.0528571,0.710317,0.456349,0.565556,0.331111,0.191429,0.295556,0.197619,0.156984,0.159524,0.156984,0.42127,0.218413,0.226667,0,0.358889,0.171111,0.0931746,0.33,0.170635,0.211111,0.246825,0.152698,0,0,0.0119365,0.144556,0.0119206,0.259651,0.229698,0.00879365,2.22525,11.3651,43.8413,0.31746
0,0.0431034,0.236379,0,0.167759,0.0822414,0,0,0.0312069,0.152241,0,0.057931,0.138793,0,0,0.122069,0,0.192931,5.51983,0,1.31328,0,0,0,0.162759,0,0.414655,0,0.106897,0,0,0,0.103448,0,0,0,0,0,0.0748276,0,0,0.0194828,0,0.0358621,0.615517,0.564138,0.0374138,0,0.00313793,0.0526897,0.0186379,0.235466,0.00582759,0,1.30455,2.55172,9.77586,0.103448
0.152632,0.0519298,0.402982,0,0.348947,0.0826316,0.101579,0,0.0119298,0.109123,0.0245614,0.654035,0.161404,0,0,0.119649,0.014386,0.12386,1.66123,0.00789474,0.47386,0,0.103684,0.0882456,0.201404,0.119298,0.183158,0,0.0638596,0.104035,0,0,0.0726316,0,0,0.0515789,0.0710526,0.0163158,0.0357895,0,0.0750877,0.245789,0,0.0603509,0.228596,0.0326316,0,0.0735088,0.00996491,0.144649,0.022807,0.190263,0.0122807,0.00636842,1.51274,5.45614,39.8596,0.175439
0,0.640714,0.201429,0,0.2,0,0.385,0,0,0.680714,0,0.565714,0.112857,0.101786,0,0.0982143,0,0.101786,2.86214,0,0.7775,0,0,0.190357,0,0,0.748571,0.622143,0,0,0,0,0.1775,0,0,0.101786,0.479286,0,1.06143,0.148571,0.0457143,0,0,0.0457143,0.755,0,0,0,0.0915714,0.328214,0,0.104393,0.0248571,0.02875,3.16289,22.8929,39.9643,0.321429
0.128333,0.0402381,0.462619,0.0138095,0.299286,0.0895238,0.100714,0.241905,0.0640476,0.299048,0.07,0.341429,0.0780952,0.00714286,0,0.433333,0.322857,0.129762,1.99929,0.205476,1.12238,0.471429,0.102381,0.0992857,0.163333,0.0561905,0,0.0352381,0.0130952,0.0371429,0,0,0,0.00714286,0.0807143,0.027619,0.135714,0,0.0138095,0.0469048,0,0,0.0338095,0,0.211905,0.572619,0.0330952,0.0742857,0.0221429,0.133095,0.0173571,0.349333,0.123714,0.253286,5.44802,75.8571,310.786,0.619048
0,0.0277358,0.109811,0,0.29717,0.0709434,0.0418868,0.138302,0.0628302,0.164528,0,0.607358,0.0483019,0,0,0.309245,0.0628302,0.153962,1.98472,0,0.386038,0,0,0.404717,0.571887,0.40717,0.227736,0.248302,0.246981,0.104528,0.103208,0,0,0,0.192075,0.0522642,0.06,0.0754717,0.16434,0.0418868,0.0943396,0.471887,0,0.15283,0.546792,0.0964151,0,0,0.115849,0.127925,0.0290755,0.412472,0.0235472,0.0780943,2.7804,12.0755,25.3208,0.415094
0.20587,0.226957,0.31587,0,0.19,0,0.171522,0.0286957,0.0630435,0.253913,0.0619565,0.721304,0.106522,0,0.0176087,0.242609,0.122609,0.357826,2.1487,0.0280435,0.922174,0,0,0.0271739,0.645217,0.398696,0.095,0.317826,0.0156522,0.170652,0.0947826,0,0.128696,0,0.215,0.0706522,0.27587,0,0.0480435,0.104348,0.043913,0.29087,0.0521739,0.0117391,0.191957,0.17913,0,0,0.0148043,0.118652,0.0113913,0.219413,0.0214348,0.0138261,2.14746,10.8043,56.7174,0.326087
0.0992308,0.0923077,0.268974,1.09769,0.339744,0.0961538,0.0528205,0.220256,0.286923,0.412051,0.0817949,0.592051,0.138462,0.15641,0.110769,0.12,0.190256,0.272821,1.33051,0.166923,0.817436,0.85641,0.113077,0.106154,0.812821,0.237692,0.0238462,0.0320513,0.0192308,0.0335897,0.04,0.0048718,0.205128,0.00230769,0.0512821,0.0623077,0.153077,0,0.0361538,0.0348718,0.00538462,0.015641,0.00512821,0.00410256,0.0241026,0.00153846,0.00153846,0.0630769,0.0709744,0.118205,0.047,0.188872,0.0926154,0.100308,4.25651,54.8462,868.769,0.487179
0,0,0.256531,0,0.251633,0.0122449,0.0759184,0.0277551,0,0.106122,0.0122449,0.206327,0,0.210408,0.0236735,0.596735,0.017551,0.209796,0.954898,0,0.282653,0,0,0,1.4051,1.33388,0.741224,0.497959,0.327959,0.466735,0.448776,0.327959,0.0244898,0.327959,0.587551,0.474694,0.231429,0,0.106122,0.327959,0.0957143,0.158776,0.116735,0.237551,0.46898,0.182653,0,0.0804082,0.0082449,0.21151,0.0456735,0.207735,0.0163673,0.0108776,2.31014,10.2449,36.9388,0.183673
0.0513235,0.0226471,0.222794,0,0.443824,0.103971,0.0607353,0.123382,0.0504412,0.180735,0.0536765,0.662059,0.0470588,0.0126471,0.155735,0.266471,0.0780882,0.106912,1.33985,0.00617647,0.793676,0.0473529,0.109412,0.0785294,0.621471,0.388824,0.161618,0.316618,0.131912,0.135147,0.0752941,0.0554412,0.0235294,0.0554412,0.133235,0.217647,0.131912,0.0235294,0.100735,0.075,0.0366176,0.0775,0.0811765,0.154853,0.186618,0.232794,0,0.00779412,0.0342353,0.15975,0.0177941,0.128809,0.0706029,0.00482353,2.22053,10.3676,101.397,0.308824
0,0.0838889,0.175556,0,0.375833,0.0216667,0.328889,0,0.0152778,0.241944,0,0.446389,0.185,0.0866667,0,0.663889,0.0341667,0.396389,3.33361,0,1.35972,0,0,0.0394444,0.427222,0.0238889,0.0722222,0,0,0,0,0,0,0,0,0,0,0,0,0,0,0.142222,0,0.0716667,0.411389,0.455556,0,0,0.00858333,0.0286389,0,0.137417,0.0255556,0,5.12719,50.6389,75.25,0.416667
0.0681818,0.451818,0.26,0,0.370909,0.250909,0.09,0.203636,0.305455,0.658182,0.124545,0.399091,0.110909,0.565455,0.141818,0.141818,0.208182,0.310909,1.74727,0.46,1.19727,1.01545,0.38,0.211818,0.176364,0,0.0863636,0,0,0,0.0863636,0,0.0136364,0,0.0981818,0.0381818,0.179091,0,0,0,0,0,0.0445455,0,0.0654545,0,0,0,0.0114545,0.0558182,0.147091,0.256909,0.174545,0.143,14.8495,331.727,1086,0.636364
0.183235,0,0.368235,0,0.0273529,0.125294,0.119706,0.198235,0.143824,0.304118,0.045,0.427059,0.0394118,0,0,0.281176,0,0.0232353,2.43206,0,1.05824,0,0.0329412,0.145882,0.445588,0.136176,0.0785294,0.0432353,0,0,0.133529,0,0.0120588,0,0,0,0.242059,0.0120588,0.146471,0,0.0261765,0,0.0552941,0.183529,0.444118,0.657941,0,0,0.00397059,0.135559,0.00744118,0.279176,0.0980588,0.0424412,2.82485,16.0588,37.7353,0.470588
0.261915,0.0595745,0.0908511,0,0.324255,0.092766,0.173617,0,0,0.167234,0.0323404,0.185532,0.0114894,0.0253192,0,0.150426,0.0840426,0.130426,1.28723,0,0.808723,0,0,0.0574468,0.784681,0.164043,0.245106,0.47383,0,0.0629787,0.0242553,0.0723404,0.437234,0.0723404,0.290638,0,0.155532,0,0,0,0.04,0.0510638,0,0.0855319,0.498511,0.776809,0,0,0.0123404,0.235681,0.00191489,0.205043,0.0950426,0.0408936,2.75981,16.8298,60.5957,0.404255
0.0718644,0.0971186,0.332373,0,0.251017,0.079322,0.212203,0.0772881,0,0.14322,0.0608475,0.735593,0.110678,0,0.030678,0.256102,0.080339,0.151356,1.76746,0,0.67661,0,0.116441,0,0.242203,0.0513559,0.165932,0,0.136271,0.0272881,0,0,0.179153,0,0.00864407,0.070678,0.112203,0.0135593,0.218644,0,0,0.230678,0.0386441,0.0835593,0.204915,0.0691525,0,0.0311864,0.0187627,0.138407,0,0.180407,0.0339153,0.0206949,1.62408,5.44068,53.2034,0.254237
0.0695238,0.0574603,0.342381,0.0138095,0.314762,0.0833333,0.037619,0.107143,0.0934921,0.288413,0.0615873,0.399365,0.0526984,0.0242857,0.018254,0.185556,0.126349,0.110317,1.2519,0.0160317,0.650159,0.0166667,0.0474603,0.0688889,0.819524,0.439048,0.190635,0.155714,0.0806349,0.163016,0.114444,0.0571429,0.204286,0.0571429,0.0990476,0.154762,0.326825,0.024127,0.119365,0.0890476,0.00952381,0.0493651,0.118254,0.154286,0.177778,0.116667,0.0173016,0.0352381,0.0304603,0.234508,0.0186825,0.122825,0.0366667,0.045619,2.5277,18.0635,214.619,0.380952
0.1,0.187037,0.507778,0.730741,0.34037,0.19037,0.49037,0.12963,0.0485185,0.221111,0.178519,0.463704,0.0559259,0,0,0.533704,0.33,0.315926,2.09148,0.626296,1.94,0,0.234074,0.255556,0.0211111,0.0211111,0,0,0,0,0,0,0.01,0,0,0.027037,0.117037,0,0.0885185,0,0,0,0,0,0.114074,0.0459259,0,0,0.0131111,0.102444,0.0315556,0.454111,0.191407,0.0337407,10.4267,152.333,280.148,0.962963
0.0716129,0.122258,0.165806,0,0.484516,0.0125806,0.0954839,0.0480645,0.0409677,0.142903,0.0306452,0.464516,0.0216129,0.0580645,0.0277419,0.512581,0.259032,0.183548,2.33806,0.026129,1.26258,0,0.225484,0.0406452,0.0490323,0.0274194,0.0774194,0.0387097,0,0,0,0,0,0,0,0.0929032,0.0216129,0,0.0209677,0.0106452,0,0.0216129,0.0206452,0.0193548,0.244516,0.0580645,0,0.0106452,0.00790323,0.133419,0.012,0.391,0.100032,0.0133226,3.57961,29.6774,110.226,0.83871
0.628571,0.0934286,0.675143,0,0.115714,0,0,0,0,0.588857,0.628571,1.41771,0,0,0,0.228571,0,0.0114286,1.44543,0,5.15457,0,0,0.596286,0.0674286,0.123429,0.0465714,0,0,0.056,0,0.0465714,0,0.0465714,0,0,0,0,0,0,0,0,0,0,0.0811429,0,0,0.0694286,0,0.0286571,0,0.706114,0.0945429,0,5.51734,28,53.1714,0.514286
0.0893506,0.025974,0.205974,0,0.137662,0.112468,0.0744156,0.220909,0.00428571,0.234805,0.018961,0.521299,0.0544156,0.00298701,0.00792208,0.236883,0.108052,0.308182,1.34117,0.0349351,0.587532,0,0.00935065,0.00298701,1.24506,0.510779,0.361299,0.263766,0.17987,0.308701,0.128312,0.0793506,0.334286,0.0793506,0.224935,0.205065,0.308052,0.0244156,0.188312,0.0932468,0.0307792,0.153247,0.0937662,0.152468,0.176623,0.0687013,0,0.0235065,0.0216364,0.154805,0.0292987,0.172377,0.0344935,0.22413,1.90961,9.09091,62.4286,0.272727
0.102727,0.108409,0.3325,0.0184091,0.4725,0.150909,0.127727,0.0813636,0.0402273,0.238864,0.0602273,0.734773,0.0472727,0,0,0.195455,0.100682,0.1975,1.57114,0.0415909,1.05909,0,0.113864,0.129545,0.620909,0.472727,0.219773,0.158864,0.131818,0.134773,0.0715909,0.104773,0.0436364,0.104773,0.109773,0.113864,0.155455,0,0.0759091,0.0870455,0.0556818,0.04,0.0838636,0.0388636,0.1625,0.0925,0.0243182,0.0118182,0.0147955,0.150909,0.02625,0.0906591,0.0442045,0.0101591,2.00209,13.8864,157.545,0.431818
0.295,0.0833333,1.3825,0.0158333,0.885833,0,0.0541667,0,0.495833,0.685833,0,0.0333333,0,0,0,0.065,0,0,0.295,0.725833,0.400833,0,0,0.0333333,0.278333,0,0.121667,0.04,0,0.0483333,0,0,0,0.0316667,0,0,0.0483333,0,0,0,0,0,0,0,0,0,0,0,0,0.00733333,0,0.763833,0.18825,0.0025,537.208,1405.58,1442.75,0.916667
0,0,0,0,0,0,0,0,0,0,0,0.131905,0,0,0,0,0,0.34,0.280476,0,0,0,0,0,8.2019,4.09857,3.75857,4.09857,3.89095,4.09857,4.09857,3.75857,0,3.75857,4.09857,4.09857,0,0,0,3.75857,0,0,0,0,0,0,0,0,0,1.06048,0,0.0228095,0,0,3.1259,10.9048,31.1905,0
0.142453,0.230755,0.50717,0,0.269811,0.137358,0.0530189,0.100943,0.26566,0.320189,0.0816981,0.86283,0.22566,0.0920755,0.172453,0.178868,0.139434,0.220566,1.9817,0.173962,1.04887,0,0.162264,0.206792,0.483019,0.0766038,0.0181132,0.0254717,0.00679245,0.00792453,0.0118868,0.00301887,0.059434,0.00301887,0.0160377,0.0309434,0.0620755,0.00264151,0.010566,0.0409434,0.00301887,0.090566,0.0375472,0.010566,0.0269811,0.00226415,0,0.00433962,0.176208,0.131434,0.0118113,1.36204,0.325509,0.0198679,4.25845,61.8868,744.811,0.698113
0.129487,0.26641,0.504615,0,0.398205,0.0812821,0.342051,0.103846,0.0548718,0.383846,0.143333,0.520769,0.173333,0.0438462,0.0651282,0.389744,0.195641,0.387692,2.27744,0.0841026,1.10026,0.0417949,0.431282,0.0730769,0.140256,0.084359,0,0.184872,0,0.084359,0,0,0.416667,0,0.168974,0.0161538,0.0764103,0,0,0.104872,0,0.0869231,0,0.0235897,0.121795,0.122308,0,0,0.0132308,0.0864359,0.0015641,0.674231,0.117487,0.0228205,5.98728,72.1026,195.231,0.717949
0,0,0,0,1.28875,0,0,0,0,0,0,3.475,0,0,0,0,0,0,0,0,0,0,0,0,0.80875,0.80875,0,0,9.02375,0,0,0,0,0,0,0,0,0,0,0,0,8.4,0,0,0,0,0,0,0,0,0,0.213,0,0,1.41112,3.375,13.75,0
0.149362,0.0780851,0.325745,0.0521277,0.220638,0.14,0.200851,0.0470213,0.00808511,0.210851,0.0508511,0.47,0.12617,0,0.026383,0.571489,0.13617,0.0693617,1.8534,0.00659574,0.919362,0.121064,0.179362,0.133404,0.671915,0.496809,0.278723,0.186596,0.0995745,0.166809,0.0912766,0.0912766,0.09,0.12,0.148511,0.139787,0.0382979,0,0.172766,0.100851,0.00702128,0,0,0,0.226596,0.0312766,0,0.047234,0.0225319,0.16134,0.0130851,0.506277,0.0459362,0.0542128,3.575,33.7234,128.319,0.574468
0,14.1478,0,0,0,0,0,0,0,0.132222,0,0,0,0,0,0,0,0,0,0,0,0,0,0,0,0,0,0,0,0,0,0,0,0,0,0,0,0,0,0,0,0,0,0,0.132222,0,0,0,0,0,0,0,0,0,1.77778,4.88889,9.02778,0
0.176154,0.117692,0.234615,0.0103846,0.145,0.0730769,0.0207692,0.254615,0.245385,0.253077,0.0953846,0.486538,0.165,0.0803846,0.0711538,0.169615,0.169231,0.185769,1.25808,0.164231,0.654231,0.943462,0.214231,0.250769,0.194615,0.105385,0.00884615,0.005,0.005,0.0265385,0.0138462,0,0.134231,0,0.005,0.107308,0.186923,0.0165385,0.0226923,0.02,0.0207692,0.00269231,0.00923077,0.0215385,0.0365385,0.0969231,0.00423077,0.0280769,0.0583077,0.134577,0.0556538,0.153808,0.119692,0.104269,4.89346,106.154,1690.73,0.461538
0.554,0.7155,0.843,0,0.321,0.2065,0.0335,0.4395,0.3985,1.5045,0.045,1.664,0.122,0.3395,0.345,0.359,0.057,0.6405,2.0415,0.3615,3.676,0.019,0.4405,0.231,0,0,0,0,0,0,0,0,0.0165,0,0.057,0,0.0185,0,0,0,0,0,0,0,0,0,0,0,0.0081,0.16825,0,1.10565,0.1778,0.0687,44.7956,633.35,839.7,1
0.075,0.18125,0.314583,0,0.395208,0.115208,0.08875,0.043125,0.0427083,0.236875,0.026875,0.511458,0.0841667,0.0110417,0.02625,0.16625,0.17625,0.115833,1.17542,0.00541667,0.72875,0,0.0820833,0.0277083,0.856875,0.313333,0.30125,0.172708,0.127708,0.160417,0.0966667,0.085625,0.0960417,0.085625,0.130625,0.134583,0.30375,0,0.173542,0.122083,0.350833,0.0875,0.189583,0.0241667,0.307917,0.570625,0,0.00416667,0.137625,0.166375,0.02225,0.0901667,0.0632917,0.00908333,2.1931,14.8542,170.542,0.291667
0,0,0,0,0,0,0,0,0,0,0,0,0,0,0,0,0,0,6.66,0,0,0,0,0,0,0,0,0,0,0,0,0,0,0,0,0,0,0,0,0,0,0,0,0,6.66,0,0,0,0,0,0,32.478,0,0,1.666,3,5,0
0.138,0.255857,0.235571,0,0.37,0.0861429,0.103571,0.0855714,0.028,0.33,0.0888571,1.00157,0.110571,0.0338571,0.0162857,0.271714,0.0827143,0.178571,1.85714,0.01,0.705143,0,0.0167143,0.0741429,0.605571,0.501,0.257,0.341143,0.103429,0.153714,0.117143,0.0934286,0.234857,0.0934286,0.118143,0.207857,0.152143,0,0.119857,0.0815714,0.0161429,0.0611429,0.0875714,0.229286,0.128857,0.0278571,0.0115714,0.0612857,0.0095,0.156757,0.0118143,0.103271,0.0257,0.00965714,1.87573,8.94286,89.0857,0.228571
0.0373427,0.0648252,0.409301,0,0.308531,0.016993,0.0466434,0.0162937,0.0407692,0.119371,0.0366434,0.787972,0.0774825,0.0306294,0,0.125944,0.061958,0.158252,1.99636,0.0509091,0.439091,0,0,0.0258741,0.243636,0.165944,0.381818,0,0.0722378,0.104545,0,0,0.0823077,0,0.0155245,0.00475524,0.153497,0.00629371,0.0858042,0.00671329,0.0288112,0.186853,0.0184615,0.124755,0.447343,0.198042,0,0.0365035,0.0193636,0.128189,0.0102937,0.16158,0.00746853,0.00086014,1.56092,4.51049,22.028,0.104895
0,0,0,0,0,0,0,0,0,0,0,0,0,0,0,0,0,0,1.14857,0,0,0,0,0,0.396786,0.51,10.9754,0,0,0,0,0,0,0,0,0,0,0,0,0,0,0.793571,0,0,0.237857,0,0,0.2975,0.0932857,0.125286,0,0.125607,0,0,1.47036,2.78571,8.25,0
0.111538,0.065,0.520385,0,0.384615,0.148846,0.154231,0.140769,0.183077,0.402308,0.07,0.903077,0.136154,0.0211538,0.0323077,0.467308,0.336923,0.319231,2.18692,0.205769,1.11462,0,0.336154,0.135,0.336538,0.131538,0,0,0.0192308,0.00961538,0,0,0,0.0238462,0.00769231,0.0376923,0.159615,0,0.00769231,0,0,0.00769231,0.0157692,0,0.0915385,0,0,0.0461538,0.0208462,0.158885,0.00357692,0.700423,0.134769,0.0263846,7.48231,135.923,527,0.807692
0.0672093,0.0823256,0.286977,0,0.297907,0.136977,0.245116,0.142326,0.102558,0.216279,0.148605,0.563256,0.192326,0.0972093,0.0281395,0.315581,0.158372,0.162558,1.67628,0.17907,0.90907,0,0.0486047,0.132558,0.432326,0.141163,0.0409302,0.08,0.0139535,0.0837209,0.0283721,0.0139535,0.0274419,0.0139535,0.0583721,0.163488,0.18186,0.0127907,0.0274419,0.0646512,0.0072093,0.00534884,0.00860465,0.0130233,0.0930233,0.0362791,0,0.0381395,0.0204651,0.111581,0.0206047,0.187953,0.0979535,0.00516279,3.34079,45.3256,191.651,0.604651
0.26,0.133095,0.312381,0,0.17,0.215238,0.057619,0.167143,0.470476,0.224762,0.0757143,0.717143,0.0664286,0.0478571,0.0121429,0.198571,0.290476,0.0378571,1.095,0.234286,0.840952,0.0104762,0.0252381,0.298571,1.18429,0.239286,0.0304762,0.0119048,0.0140476,0.0392857,0.012619,0.00642857,0.0980952,0.00642857,0.0264286,0.124048,0.160238,0.00142857,0.0133333,0.0245238,0.0416667,0.0228571,0.0290476,0.00428571,0.0369048,0.0969048,0.0109524,0.0338095,0.0840952,0.205452,0.0117143,0.261643,0.124476,0.00433333,3.95748,49.119,650.714,0.380952
0.0481818,0.104242,0.28303,0.580606,0.244545,0.0787879,0.0869697,0.0375758,0.301818,0.229091,0.0636364,0.353939,0.0524242,0.040303,0.133636,0.231818,0.0454545,0.194545,1.19788,0.236667,0.721515,1.17333,0.0833333,0.0409091,0.362121,0.195152,0.02,0.0260606,0.0151515,0.0181818,0.0263636,0,0.0521212,0,0.161212,0.00757576,0.138182,0.00121212,0.0130303,0.0260606,0.00333333,0.0442424,0,0.010303,0.0478788,0.0348485,0.00363636,0.00636364,0.0243636,0.168485,0.0234848,0.176788,0.0938788,0.114424,5.46342,75.0303,1285.94,0.606061
0,0,0,0,0,0,0,0,0,0,0,0,0,0,0,0,0,0,0,0,0,0,0,0,16.3043,1.09857,0,0,0,0,0,0,0,0,0,0,0,0,0,0,0,0,0,0,2.88357,0,0,0,0,0,0,0.0802143,0,0,4.16179,16.5714,25.5,0
0.118033,0.162951,0.28541,0,0.341475,0.100328,0.273607,0.127541,0.0209836,0.257869,0.0709836,0.270328,0.0311475,0.0704918,0.035082,0.484918,0.221475,0.331803,2.0118,0.0719672,0.922131,0.0245902,0.103279,0.11,0.835574,0.473443,0.381475,0.258689,0.0591803,0.158689,0.0591803,0.175738,0.0637705,0.175738,0.145902,0.112295,0.173934,0,0.156393,0.075082,0.0390164,0.0570492,0.148689,0.0483607,0.368197,0.478525,0.0380328,0.0145902,0.0181967,0.151262,0.0117049,0.292361,0.0354262,0.136033,2.42069,16.8689,94.5082,0.459016
0,0,0,0,0,0,0,0,0,0,0,0,0,0,0,0,0,0,7.713,0,1.428,0,0,0,0,0,0.909,0,0,0,0,0,0,0,0,0,0,0,0,0,0,0,0,0,12.916,0,0,0,0,0.0793,0,0.9258,0,0,1.2458,2,6.1,0
0.0709375,0,0.195937,0,0,0,0,0,0,0.615625,0,0.284375,0,0,0,0.441875,0,0,6.885,0,0.938125,0,0,0.695312,0.0565625,0,0,0,0,0,0,0,0,0,0,0,0,0,0,0,0,0,0,0,0.708437,0.06625,0,0,0.044,0.0625625,0,0.021375,0,0,1.09113,1.21875,3.96875,0.15625
0,0,0.261714,0,0.204,0,0,0.317429,0,0,0,0.118857,0,0.34,0,0.114286,0,0,0.715429,0,0.551714,0,0,0,0,0,1.51086,0,0,0.118857,0,0,0.511714,0,0,0,0,0.0814286,0.317429,0,0,0.264571,0,0.222,4.97257,0.205429,0,0.231143,0,0.129657,0,0.0454571,0,0,1.22877,2.34286,8.6,0.0285714
0.198333,0.255556,0.375556,0,0.718333,0.0538889,1.37333,0.601667,0.731667,1.11833,0.601667,0.835,0,0.0594444,0.167222,1.31389,1.86722,0.05,1.77333,0.601667,2.73944,0,0.136111,0.171667,0.0161111,0.0161111,0.0161111,0.0322222,0,0,0,0,0,0.0161111,0.0322222,0,0.245,0,0.0594444,0,0,0,0,0,0.0205556,0,0,0.0427778,0,0.0677222,0,0.826556,0.350556,0.0686111,77.5299,331.389,384.667,0.944444
0,0,0,0,0.114348,0,0.0986957,0.0386957,0,0.27087,0,0.872391,0,0.274565,0,0.412609,0,0,0.603696,0,0.154565,0,0,0.197609,0.188913,0,0.226522,0.222174,0,0.127826,0,0,0.448043,0,0.562609,0,0.116304,0,0.132174,0,0.946087,0.0528261,0.0776087,0.07,0.195217,1.41891,0,0.0723913,0,0.12563,0.0570652,0.261348,0,0,2.68404,7.91304,14.8696,0.0434783
0.0632,0.1592,0.4212,0,0.2872,0.2112,0.2948,0.2628,0.0416,0.2024,0.0776,0.4728,0.0548,0,0.0116,0.3792,0.1236,0.2716,1.7936,0.3076,1.2768,0,0.4496,0.0824,0.6268,0.4616,0.0912,0.168,0.046,0.0952,0.0172,0.0172,0.0972,0.0172,0.138,0.062,0.2092,0,0.1176,0.0324,0,0.0552,0.0528,0.0472,0.0912,0,0,0.0748,0.00948,0.11324,0.0186,0.22956,0.20036,0.08344,3.67092,30.16,173.48,0.64
0.100781,0.0475,0.250469,0,0.240469,0.06125,0.104531,0.128125,0,0.244062,0.0446875,0.558594,0.0403125,0,0.0551563,0.0825,0.0846875,0.118438,1.5825,0.0145313,0.3125,0,0.0660937,0,1.41,0.823437,0.223437,0.360312,0.240625,0.485781,0.277344,0.148125,0.0667187,0.148125,0.466719,0.208437,0.233281,0,0.0751563,0.148125,0.04125,0.173437,0.0557813,0.111562,0.25875,0.573906,0,0.0245312,0.00307812,0.130766,0.0101563,0.334203,0.0102656,0.211719,2.51623,13.2812,50.8438,0.25
0.127544,0.09,0.32807,0.00192982,0.188947,0.0557895,0.0335088,0.163158,0.147544,0.124737,0.0570175,0.670702,0.116667,0.0798246,0.0126316,0.147544,0.243158,0.0698246,1.03246,0.0994737,0.918772,0.140351,0.102281,0.115614,1.35404,0.175439,0.0157895,0.00298246,0.0142105,0.0240351,0.0142105,0,0.0938596,0.00192982,0.0142105,0.0996491,0.218246,0.0329825,0.0378947,0.0226316,0.100175,0.0615789,0.0101754,0.0268421,0.0308772,0.126667,0,0.0161404,0.15914,0.199754,0.0136491,0.129281,0.0583509,0.0988596,3.46391,44.6842,581.053,0.403509
0.0567742,0.0633333,0.202258,0.0145161,0.253763,0.0305376,0.126452,0.178172,0.0329032,0.580753,0.0595699,0.413763,0.107204,0.0221505,0.0397849,0.107742,0.164624,0.186667,1.63828,0,0.59828,0.00623656,0.0534409,0.082043,0.823441,0.444839,0.34086,0.422151,0.131183,0.239677,0.124409,0.0986022,0.00666667,0.0986022,0.251398,0.166882,0.254409,0.00580645,0.178817,0.116559,0.0353763,0.0345161,0.14957,0.0380645,0.331398,0.207097,0,0.0330108,0.0377527,0.189355,0.018871,0.266613,0.0417419,0.0226559,2.60877,14.5054,79.7312,0.344086
0.0439394,0.0818182,0.105152,0,0.163939,0.0806061,0.07,0.0890909,0.049697,0.182424,0,0.338788,0.155758,0,0,0.301515,0.0651515,0.164545,2.0997,0.35303,0.967879,0.167576,0,0.0554545,0.105455,0.13303,0,0.0454545,0,0,0,0,0,0,0.0454545,0.0193939,0,0,0,0,0,0.0251515,0,0.0236364,0.347576,0.319697,0,0,0.0220606,0.0437576,0,0.208818,0.0224242,0.0978788,4.43367,45,94.8182,0.454545
0.145758,0.0539394,0.237273,0.014697,0.241515,0.148182,0.039697,0.0678788,0.055303,0.145758,0.0463636,0.530909,0.122121,0.0451515,0.00136364,0.138333,0.153636,0.123182,1.3403,0.0886364,0.524394,0.806818,0.19303,0.0636364,0.867424,0.294697,0.118333,0.0484848,0.0730303,0.0572727,0.0333333,0.0122727,0.116818,0.0122727,0.0454545,0.0793939,0.268939,0.00287879,0.0154545,0.014697,0.04,0.0454545,0.0512121,0.0343939,0.0972727,0.383485,0,0.0183333,0.296758,0.175045,0.0330152,0.144258,0.0795455,0.0735758,3.18436,25.2273,308.939,0.363636
0.208,0.0250769,0.293385,0,0.257692,0.158154,0.107692,0.00676923,0.026,0.082,0,0.505846,0.0423077,0.0495385,0,0.229231,0.0493846,0.141538,1.84062,0.024,0.557692,0,0.00676923,0.0178462,0.125231,0.0763077,0.189846,0,0.164615,0.0243077,0,0,0.0849231,0,0,0.0493846,0.0693846,0,0.0784615,0.0153846,0.0929231,0.241077,0,0.186615,0.494308,0.226,0.0156923,0,0.0135846,0.109031,0.00773846,0.166585,0.0101538,0.00467692,1.49257,4.38462,34.5231,0.169231
0.108947,0.0538596,0.355965,0,0.362105,0.24,0.0721053,0.0994737,0.0449123,0.277368,0.0149123,0.559298,0.0650877,0.024386,0,0.310877,0.0914035,0.166491,1.45579,0.00649123,1.29596,0,0.210175,0.153509,0.476491,0.321228,0.202632,0.191228,0.0663158,0.131228,0.0889474,0.0498246,0.121053,0.0498246,0.152807,0.105965,0.155263,0.00403509,0.0652632,0.0726316,0.0670175,0.00964912,0.0952632,0.00561403,0.220702,0.0782456,0.0278947,0,0.0491404,0.164982,0.0369825,0.136491,0.0549298,0.0137544,2.0877,13.7018,144.333,0.438596
0.096,0.008,0.196,0.008,0.092,0.118,0,0.058,0.058,0.188,0.074,0.082,0.072,0,0.038,0.088,0.078,0.076,0.608,0.008,0.242,1.906,0.138,0.11,0,0,0,0,0,0,0,0,0,0.028,0,0.008,0,0,0.016,0,0,0,0,0,0.038,0,0,0,0.4302,2.0094,0.009,0.3924,0.375,0.4024,57.5034,2297.8,10648.8,1
0.224516,0.213871,0.317097,0.00419355,0.259032,0.083871,0.0509677,0.111613,0.330645,0.409032,0.168065,0.534194,0.265484,0.508387,0.0825806,0.245484,0.249677,0.112581,1.98742,0.04,0.90871,0.0541935,0.272903,0.27,0.550645,0.128387,0.00193548,0.000645161,0.00129032,0.0106452,0,0,0.16129,0,0.00806452,0.0587097,0.192258,0.00354839,0.00903226,0.0180645,0.0164516,0.00516129,0.0106452,0.0174194,0.0570968,0.0693548,0.00225806,0.0474194,0.0343226,0.114742,0.013,0.277452,0.325774,0.0809355,5.52965,140.839,2255.74,0.709677
0.24,0,0.1275,0,0,0,0,0,0,0,0,0,0,0,0,0,0,0,1.81063,0,0.1275,0,0,0,0,0,0,0,0,0,0,0,0,0,0,0,0,0,0,0,0,0,0,0,0.920625,6.1625,0,0,0.014125,0.218625,0,0.482625,0,0,1.06763,1.375,6.9375,0
0.146316,0.0621053,0.396053,0,0.855789,0.139211,0.170263,0.244474,0.113158,0.349737,0.104211,0.800789,0.03,0.0371053,0.0263158,0.294211,0.602895,0.184211,2.21921,0.212105,1.21632,0,0.316842,0.0260526,0.361316,0.065,0.0313158,0.0271053,0.0102632,0.0313158,0.0102632,0.0102632,0.0597368,0.0102632,0.0226316,0.11,0.0805263,0,0.0334211,0.0768421,0,0,0.0102632,0.0152632,0.301316,0.00421053,0,0,0.00673684,0.0896053,0.00310526,0.421526,0.142921,0.0676053,4.35637,75.9737,240.579,0.789474
0.0602985,0.0626866,0.324776,0,0.456119,0.281791,0.135522,0.16597,0.0122388,0.224776,0.0174627,0.431194,0.139254,0,0.00835821,0.172985,0.12806,0.139403,1.65836,0.0201493,1.27776,0,0.0804478,0.0774627,0.711194,0.458657,0.209851,0.178358,0.122687,0.169552,0.0631343,0.0565672,0.031791,0.0653731,0.116716,0.13791,0.149104,0,0.0979104,0.0616418,0.0473134,0.0613433,0.0841791,0.0501493,0.371493,0.184925,0,0.01,0.0197313,0.154149,0.0102985,0.233149,0.0729104,0.0061194,2.14987,13.3433,135.388,0.537313
0.153103,0.0884483,0.335,0.00275862,0.296379,0.113621,0.107759,0.118103,0.524483,0.457586,0.104138,0.587069,0.153103,0.0737931,0.0612069,0.323103,0.0682759,0.412759,1.59724,0.23931,1.095,0.767759,0.11069,0.193793,0.355172,0.160172,0.0198276,0.0151724,0.00155172,0.0189655,0.0184483,0.00155172,0.0956897,0.00155172,0.144828,0.0227586,0.156034,0.000862069,0.0189655,0.0444828,0.0113793,0.0489655,0.00931034,0.0236207,0.0336207,0.0437931,0.022931,0.0439655,0.0586552,0.125534,0.0610345,0.384672,0.188224,0.0797586,4.52631,68.8448,1088.31,0.672414
0.117188,0.0848437,0.179531,0.196094,0.324063,0.115625,0.0526563,0.121094,0.202656,0.363437,0.0726563,0.685313,0.102969,0.0959375,0.0223438,0.13125,0.145937,0.0740625,1.44813,0.0498437,1.08453,0.416406,0.162188,0.07875,0.605,0.2425,0.02,0.0326563,0.0164062,0.0421875,0.00390625,0,0.13875,0,0.0390625,0.045625,0.142812,0.011875,0.0220313,0.0101562,0.0710937,0.0735938,0.005,0.0198438,0.0871875,0.416719,0.04,0.0270313,0.0523281,0.1495,0.0281562,0.141609,0.0594375,0.0658281,3.73336,47.5938,520.688,0.5625
0.0491667,0.0453333,0.185,0,0.107,0.0375,0.0571667,0.427833,0.163833,0.106667,0.0478333,0.294667,0,0.243,0,0.548833,0.0801667,0.0566667,0.949667,0.0508333,0.805167,0.0488333,0.2755,0.0398333,0.291167,0.299167,0.183333,0.0128333,0,0.0488333,0.0261667,0.00983333,0.0761667,0.00983333,0.0258333,0.1545,0.0413333,0,0.0151667,0.0101667,0,0.0468333,0,0.0248333,0.395,0,0,0,0.00288333,0.134967,0.0126167,0.461067,0.140717,0.00133333,3.97118,27.6,83.4667,0.766667
0.148077,0.322692,0.631923,0.0903846,0.333077,0.223077,0.290769,0.154615,0.296538,0.686538,0.265385,0.666538,0.176923,0.110385,0.217308,0.644231,0.233462,0.293846,1.91154,0.178462,1.38769,0.00653846,0.238077,0.195,0.368462,0.170769,0.00923077,0,0,0.0280769,0,0,0.0519231,0,0.0276923,0.00923077,0.140385,0.0330769,0.00923077,0.0280769,0,0.0280769,0.0130769,0.0188462,0.121923,0.055,0,0,0.0116154,0.144769,0.00573077,0.670231,0.179192,0.0730385,10.9199,328.308,687.885,0.923077
0.0811364,0.171136,0.375682,0,0.415227,0.123182,0.126591,0.085,0.0784091,0.164773,0.0861364,0.566818,0.107955,0,0,0.366818,0.152955,0.379091,2.06045,0.116364,0.942955,0.525,0.196818,0.136364,0.0547727,0.0663636,0.0359091,0.0181818,0.0136364,0.0363636,0,0.00704545,0.00477273,0.0143182,0.0134091,0.0795455,0.1,0,0.0143182,0.0427273,0,0.0365909,0.0245455,0,0.152955,0.00340909,0,0.0422727,0.101455,0.0963864,0.0119091,0.368955,0.112182,0.0736818,4.10925,56.3864,268.705,0.681818
0.0603261,0.0240217,0.272065,0,0.335435,0.0363043,0.02,0.00923913,0,0.112935,0.0120652,0.831413,0.09,0.0346739,0.0184783,0.19913,0.00673913,0.0344565,2.10478,0,0.51587,0,0,0.0147826,0.258152,0.428043,0.302283,0,0.205326,0.0426087,0,0,0.041413,0,0,0.0332609,0.140978,0.0267391,0.0767391,0,0.103478,0.421304,0.0169565,0.12087,0.345109,0.129348,0,0.0630435,0.0345652,0.146457,0.00730435,0.109783,0.0113478,0.00107609,1.4677,4.38043,28.3043,0.076087
0,0,0,0,0.518202,0.0330337,0,0,0,0,0,0.0374157,0,0,0,0,0,0.0864045,0.101124,0,0.0611236,0,0,0,0.224719,0,0.161236,0,0.0534831,0,0.140449,0,0,0,0,0,0,0.0935955,0,0,0,0.463034,0,0.0350562,0.208652,0,0,0,0,0.0961236,0.0458539,0.222955,0,0,1.10673,1.23596,3.89888,0.0337079
0.0860976,0.131951,0.177317,0,0.343171,0.285854,0.0887805,0.0797561,0.0897561,0.245366,0.037561,0.585366,0.0756098,0,0.00707317,0.17561,0.117805,0.207805,1.41049,0,0.87878,0.0302439,0.0634146,0.0426829,0.549268,0.282683,0.347561,0.129268,0.151707,0.117805,0.0795122,0.0873171,0.212195,0.0873171,0.145122,0.09,0.21,0,0.148049,0.0743902,0.0173171,0.0687805,0.117805,0.0158537,0.248293,0.0441463,0,0.0463415,0.0034878,0.229463,0.0404634,0.397805,0.075,0.0292683,3.4539,28.8049,152.756,0.439024
0.00939394,0.323636,0.285152,1.21606,0.641515,0.236667,0.969697,0.0745455,0.0633333,0.347576,0.0378788,0.743636,0,0.0133333,0.0278788,0.315758,0.190909,0.398485,2.20485,0,1.24758,0,0.0136364,0.0560606,0.0427273,0,0.190909,0.0427273,0,0,0.219394,0,0,0,0.0851515,0.0160606,0,0,0.0569697,0.575758,0,0,0,0,0.239091,0,0,0,0.000848485,0.183364,0.018,0.276485,0.0157273,0.033697,14.2289,171.424,389.03,0.666667
0.0472727,0.181818,0.463636,0,0.34,0.213636,0.206364,0.102727,0,0.202727,0.0327273,0.64,0.156364,0,0,0.105455,0.0363636,0.421818,1.82182,0,1.32818,0.826364,0.04,0.212727,0,0.0472727,0,0,0,0.0963636,0,0,0.336364,0,0,0,0,0,0,0,0.0963636,0,0.08,0,0.0363636,0,0,0,0,0.0200909,0,0.375818,0.057,0.106455,10.1658,74.1818,162.091,0.636364
0.0358333,0.162083,0.267083,0,0.42125,0.215833,0.106667,0,0.115417,0.19125,0.02,0.500417,0.0670833,0,0,0.3,0.38875,0.234583,1.56333,0.0754167,0.820833,0,0.0545833,0.05375,0.81625,0.354167,0.15375,0.285417,0.0570833,0.302083,0.0570833,0.0570833,0.0291667,0.0570833,0.0570833,0.1025,0.150417,0,0.26,0.0570833,0,0.05125,0,0,0.1525,0.119167,0,0.01375,0.00583333,0.0935,0,0.240792,0.014,0.0154167,4.66483,49.2917,140.542,0.458333
0.461667,0.345833,0.301667,0,0.160833,0.03,0.005,0.235833,0.516667,0.801667,0.258333,0.55,0.565,0.923333,0.0766667,0.171667,0.446667,0.121667,2.91,0.0075,1.35083,0,0.5975,0.550833,0,0,0,0,0,0,0,0,0,0,0.005,0.0266667,0,0,0.0141667,0.0916667,0,0,0,0,0.0591667,0,0,0,0.0159167,0.0771667,0,0.422917,0.53275,0.100583,13.3378,832.667,2500.5,1
