0.124404,0.0886465,0.298707,0.00658586,0.460121,0.140667,0.139778,0.112263,0.041899,0.196081,0.0462626,0.501737,0.087596,0.0113939,0.0395758,0.340444,0.170828,0.183838,1.71596,0.0677374,0.974626,0.034404,0.136202,0.0981212,0.497818,0.330505,0.201434,0.166485,0.0733333,0.114828,0.0523636,0.0464848,0.0795354,0.050404,0.11301,0.116505,0.13598,0.00266667,0.108606,0.0627677,0.0360404,0.0357172,0.0707071,0.0409495,0.263192,0.121899,0.00456566,0.0293939,0.0204848,0.140727,0.0191879,0.272671,0.0705131,0.0606162,3.04159,25.5414,127.03,0.507071
0.0966667,0.0133333,0.2,0,0.153333,0.133333,0,0.0966667,0.0966667,0.313333,0.06,0.0733333,0.12,0,0.0633333,0.0133333,0.13,0.0633333,0.626667,0.0133333,0.276667,3.17667,0.23,0.183333,0,0,0,0,0,0,0,0,0,0.0466667,0,0.0133333,0,0,0.0266667,0,0,0,0,0,0.0633333,0,0,0,0.372333,0.095,0.014,0.14,0.03,0.00366667,15.1877,493,9113.67,1
0.385,0.115625,0.288125,0,0.055625,0.14375,0.015625,0.116875,0.19,0.268125,0.18,0.73875,0.38,0.77,0.05375,0.215625,0.295625,0.17875,2.00563,0.09625,0.77625,0.08,0.305625,0.39,0.245625,0.146875,0.0075,0,0.003125,0.01125,0,0,0.309375,0,0,0.029375,0.1425,0.003125,0.01125,0.02375,0.011875,0.0075,0.000625,0.0275,0.068125,0.028125,0.016875,0.041875,0.033875,0.16275,0.0085,0.294812,0.211312,0.0998125,5.88712,128.938,3439.44,0.8125
0.175417,0.129167,0.260417,0.0129167,0.247917,0.0954167,0.0245833,0.248333,0.257917,0.259583,0.102083,0.5675,0.1525,0.0720833,0.0679167,0.265833,0.1925,0.189167,1.45042,0.185417,0.690417,1.02208,0.245833,0.252917,0.191667,0.102917,0.00666667,0.00458333,0.00125,0.02625,0.015,0,0.0520833,0,0.00875,0.119583,0.171667,0.0179167,0.0245833,0.0175,0.0075,0,0.00791667,0.0116667,0.0333333,0.0491667,0.0025,0.0283333,0.06125,0.132125,0.04625,0.17775,0.135625,0.121375,5.34337,119.375,1657.21,0.541667
0.5,0.25,0.42,0,0.08,0.23,0.02,0.35,0.35,0.69,0.21,0.9,0.5,0.92,0.02,0.33,0.42,0.02,3.05,0,1.43,0,0.94,0.46,0,0,0,0,0,0,0,0,0,0,0,0,0,0,0,0.02,0,0,0,0,0.02,0,0.02,0,0,0.069,0,0.325,0.523,0.124,6.723,445,4128,1
0.4625,0.569167,0.598333,0,0.235833,0.534167,0.0908333,0.368333,0.833333,0.949167,0.0941667,0.516667,0.2525,0.03,0.696667,0.210833,0.26,1.3375,2.38667,0.71,1.40333,0,1.02083,0.558333,0,0,0,0,0,0,0,0,0.0275,0,0.105833,0.035,0,0.03,0,0,0,0,0.0308333,0,0.0516667,0,0,0,0.024,0.056,0.134833,0.40375,0.184667,0.0368333,14.1622,477.667,947.333,1
0.19,0,0.38,0,0,0.19,0,0,0,0,0.19,0.19,0,0,0,0.38,0,0.19,1.14,0,0.38,0,0,0,0,0,0,0,0,0,0,0,0,0,0,0,0,0,0,0,0,0,0,0,0,0,0,0,0.01,0.01,0,0,0,0.003,2.383,21,15841,1
0.152653,0.124694,0.423469,0.0138776,0.283061,0.140816,0.122449,0.218163,0.572857,0.532857,0.141633,0.589592,0.105102,0.0489796,0.108163,0.383673,0.14551,0.302449,1.66408,0.198163,1.0349,0.757755,0.11449,0.253878,0.284286,0.151429,0.0146939,0.0193878,0.000816327,0.0163265,0.0165306,0,0.0881633,0.00346939,0.167347,0.0230612,0.143878,0.00367347,0.0255102,0.0244898,0.0153061,0.0402041,0.00571429,0.022449,0.0412245,0.0673469,0.00897959,0.01,0.0647347,0.119735,0.0632041,0.416714,0.214449,0.0817551,3.94151,60.0408,1022.14,0.755102
0.195,0.5,0.4,0.095,0.58,0,0,0,0.39,0.19,0,0.2,0,0,0,0.1,0,0,0.195,0.19,0.39,0,0,0.2,0.095,0,0,0.095,0,0,0,0,0,0.19,0,0,0,0,0,0,0,0,0,0,0,0,0,0,0,0.035,0,0.4155,0.7295,0.015,1062,2123,2124,1
0.108739,0.136218,0.254622,0.782017,0.407815,0.128235,0.0360504,0.127227,0.222773,0.151345,0.0698319,0.583866,0.124454,0.0315966,0.024958,0.198992,0.248571,0.14479,1.68866,0.0966387,0.759412,0.445546,0.173613,0.124706,0.589328,0.130168,0.0737815,0.0262185,0.0370588,0.0240336,0.00966387,0.017563,0.0409244,0.0108403,0.0271429,0.0780672,0.114622,0.0454622,0.0252101,0.0315966,0.0209244,0.0389076,0.0341176,0.00605042,0.0708403,0.0652101,0.00739496,0.0217647,0.151958,0.121403,0.0105798,0.182387,0.099958,0.0534706,3.93374,44.5798,423.496,0.554622
0.132594,0.0938968,0.263935,0,0.223665,0.0671355,0.119368,0.0616516,0.0236516,0.209626,0.059871,0.574219,0.0790452,0.0319742,0.016271,0.236245,0.0721161,0.141652,1.6769,0.0114839,0.816645,0,0.0417677,0.0608903,0.842039,0.473703,0.372013,0.27951,0.239123,0.271845,0.195484,0.161948,0.140452,0.161948,0.259252,0.218452,0.194271,0.00974194,0.150723,0.171174,0.0649161,0.199484,0.0521548,0.113265,0.333806,0.211742,0.00131613,0.0309548,0.0185174,0.164738,0.012369,0.224435,0.0492439,0.0544284,2.25655,10.5394,44.969,0.251613
0.181667,0.14,0.245,0.0216667,0.105,0.0616667,0.0233333,0.0866667,0.243333,0.305,0.095,0.4,0.161667,0.376667,0.0166667,0.0916667,0.158333,0.0616667,1.115,0.00333333,0.491667,0,0.163333,0.173333,0.43,0.443333,0.005,0.00333333,0.00333333,0,0,0,0.658333,0,0,0.0666667,0.69,0.00833333,0,0.00333333,0.0266667,0.01,0.0166667,0.0233333,0.103333,0.103333,0.00333333,0.0966667,0.0843333,0.186333,0.0388333,0.125833,0.185667,0.0445,3.62817,76.1667,2593.17,0.5
0,0,0,0.04,0,0,0,0,0,0,0,0,0,0,0,0.02,0,0,0.02,0,0,0,0,0,0,0,0,0,0,0,0,0,0,0,0,0,0,0,0,0,0,0,0,0,0,0,0,0,1.024,9.752,0.003,1.542,1.785,1.998,239.571,9989,10062,1
0.0420638,0.545304,0.178425,0,0.227109,0.0310668,0.0242672,0.0404187,0.0128913,0.11332,0.00728814,0.438156,0.0439581,0.0537089,0.00169492,0.161446,0.0174477,0.105783,1.6406,0.0280758,0.41004,0,0.00567298,0.0676271,0.424347,0.160279,2.88336,0.0267398,0.123121,0.0406181,0.0250349,0,0.0885344,0,0.0452841,0.0233699,0.0372084,0.0325424,0.0612861,0.00433699,0.0629312,0.317288,0.0176969,0.150987,0.64343,0.271914,0.00507478,0.0482552,0.0176411,0.0909591,0.0162532,0.208182,0.00576371,0.00284945,1.50325,3.63809,13.0608,0.0757727
0.122471,0.310706,0.445176,0.834353,0.681176,0.124118,0.528118,0.0930588,0.0644706,0.364824,0.07,0.604824,0.180941,0.058,0.0416471,0.499059,0.84,0.274353,2.21576,0.132235,1.43918,0.0191765,0.269176,0.101412,0.0387059,0.0448235,0,0.0848235,0,0.0625882,0,0,0.238588,0,0.0830588,0.0357647,0.0594118,0.0183529,0,0.0467059,0.0124706,0.0398824,0.00611765,0.00647059,0.0755294,0.058,0,0,0.00528235,0.103718,0,0.692224,0.166965,0.0292235,8.01248,106.435,194.376,0.811765
0.0788294,0.124247,0.321906,0.0029097,0.341639,0.160903,0.132609,0.112274,0.0717391,0.225084,0.0652843,0.543545,0.0947157,0.0313712,0.0222074,0.215217,0.144482,0.221538,1.5009,0.110635,0.917258,0.00909699,0.112441,0.080301,0.618094,0.319933,0.168896,0.129666,0.0923077,0.121973,0.067893,0.0512709,0.104381,0.0512709,0.107425,0.11709,0.228763,0.00230769,0.0839799,0.0827759,0.0743813,0.0423746,0.0867559,0.0489632,0.174281,0.170268,0.00591973,0.0350502,0.0390803,0.166716,0.0219632,0.17797,0.0738829,0.0258495,2.72001,25.1137,180.776,0.454849
0.108667,0.135556,0.782,0,0.628444,0.646889,0.342444,0.110222,0.611556,0.27,0.278,0.720889,0.184444,0.118667,1.20267,0.386222,0.084,0.906444,1.65733,1.07133,0.935111,0,0.646444,0.155111,0.002,0.002,0,0,0,0,0,0,0.00333333,0,0.00444444,0,0,0,0,0.0302222,0,0,0.114222,0.0177778,0.0648889,0.0524444,0,0,0,0.0961556,0,0.390356,0.159733,0.0122889,7.89313,619.689,1395.42,1
0.463,0.931,0.931,0,0.463,0,0,0.463,0,1.866,0,2.334,0,0.605,0,0.463,0,0,1.866,0,5.231,0,0,0,0,0,0,0,0,0,0,0,0,0,0,0,0,0,0,0,0,0,0,0,0,0,0,0,0,0.2503,0,1.6712,0.1913,0.0832,59.0805,657,751.2,1
0.120976,0.100407,0.285772,0.102033,0.361707,0.104553,0.0734959,0.104797,0.206341,0.344959,0.1,0.78122,0.129431,0.0646341,0.0556911,0.204309,0.163008,0.188049,1.64081,0.0756911,0.979919,0.605935,0.204959,0.117073,0.541463,0.19065,0.0173984,0.0243902,0.0179675,0.0293496,0.00869919,0.00154472,0.106829,0.00658537,0.0286179,0.0601626,0.130976,0.0115447,0.0154472,0.00715447,0.047561,0.0555285,0.00756098,0.014065,0.0777236,0.240732,0.020813,0.0257724,0.0394309,0.14439,0.0177236,0.250756,0.0795935,0.080813,4.78752,62.878,512.033,0.609756
0,0.02,0.05,0,0.02,0,0,0.05,0,0.35,0,0.02,0,0,0,0.05,0.1,0.38,0.07,0.2,0.17,0,0,0,0.02,0,0,0,0,0,0,0,0,0,0,0,0,0,0,0,0,0,0,0,0,0,0,0,0,0.004,0,0.108667,0.0173333,0.0173333,3.922,489,3271,1
0.0545833,0.13125,0.324583,0.798333,0.267083,0.0929167,0.0970833,0.0483333,0.34375,0.190417,0.0641667,0.385,0.065,0.0554167,0.122917,0.257083,0.0495833,0.205417,1.07292,0.0279167,0.5925,0.950833,0.0879167,0.0491667,0.355833,0.179583,0.0225,0.0145833,0.0129167,0.00958333,0.0229167,0,0.0345833,0,0.202083,0.005,0.1375,0.00166667,0.00875,0.0141667,0,0.0608333,0,0.0141667,0.0208333,0.0429167,0.005,0.005,0.0245417,0.193958,0.016625,0.164833,0.081625,0.096375,5.49721,85.5,1298.08,0.625
0.307083,0.19,0.315833,0.179583,0.0820833,0.10375,0.0266667,0.152917,0.265,0.4525,0.145417,0.690833,0.360833,0.724583,0.0025,0.1475,0.285,0.05,2.0775,0.00416667,1.0175,0.0120833,0.607083,0.255,0.02,0.0204167,0.005,0.00291667,0.00208333,0,0,0,0.396667,0,0,0.03,0.250417,0.000833333,0.00208333,0.00958333,0.02125,0.01,0.00833333,0.0116667,0.0291667,0.0591667,0.00666667,0.0675,0.0317083,0.098,0.00291667,0.236542,0.472542,0.0965833,4.91833,145.167,3100.67,0.708333
0.54,0.434,0.288,0,0.14,0.03,0.012,0.164,0.548,0.638,0.288,0.658,0.626,1.21,0.03,0.214,0.434,0.046,3.17,0,1.42,0,0.54,0.576,0,0,0,0,0,0,0,0,0,0,0.012,0,0,0,0,0,0,0,0,0,0.046,0,0,0,0.0072,0.0772,0,0.5122,0.5202,0.135,6.8926,760.4,2399.6,1
0.106061,0.0548485,0.255758,0,0.277879,0.0739394,0.0524242,0.0709091,0.308182,0.46697,0.0839394,0.530909,0.172424,0.0775758,0.101212,0.330303,0.0621212,0.334545,1.53606,0.400606,1.10242,0.706061,0.09,0.110303,0.431515,0.201818,0.0145455,0.0281818,0.00272727,0.0266667,0.0224242,0.00272727,0.106364,0.00272727,0.0345455,0.030303,0.180606,0,0.00787879,0.0684848,0.0181818,0.029697,0.00909091,0.0115152,0.0684848,0.0715152,0.029697,0.069697,0.0341818,0.148848,0.0162424,0.265061,0.156424,0.0879091,4.98009,69.2121,1151.88,0.636364
0.2535,0.232,0.2925,0.0475,0.3955,0.301,0.0965,0.1455,0.474,0.74,0.186,0.5365,0.2505,0.201,0.619,0.0755,0.246,0.3445,2.2555,0.3715,1.436,0.0085,0.3625,0.349,0.512,0.1965,0.031,0.032,0,0.0365,0.011,0,0.0515,0,0.047,0.012,0.034,0.025,0.012,0.053,0,0.1315,0.008,0.0325,0.0875,0.0715,0,0,0.0092,0.2248,0,0.3879,0.27735,0.03935,6.99435,217.4,713.6,0.8
0.01,0.01,0.07,0,0.05,0,0,0.01,0.03,0.13,0.05,0,0,0.05,0,0,0.01,0.07,0.01,0,0.01,0,0,0,0,0,0,0,0,0,0,0,0.07,0,0,0.13,0,0,0,0.01,0.46,0,0,0.03,0,0.8,0.01,0.07,0.05,0.301,0.131,0.002,0.09,0.002,2.577,82,5395,0
0.348,0.202,1.418,0,1.12,0,0.196,0,0.414,0.678,0.134,0.134,0.066,0,0,0.202,0,0.336,0.754,0.698,1.004,0,0,0,0.282,0,0,0,0,0,0,0,0,0,0,0,0,0,0,0,0,0,0,0,0,0,0,0,0,0.024,0,0.758,0.076,0,291.6,1131.8,1243.8,1
0.29,0,1.45,0,0.87,0,0,0,0.516667,0.743333,0,0,0,0,0,0.0966667,0,0,0.29,0.806667,0.453333,0,0,0,0.29,0,0.243333,0.0483333,0,0.0966667,0,0,0,0,0,0,0.0966667,0,0,0,0,0,0,0,0,0,0,0,0,0.003,0,0.7675,0.08,0,509.666,1329.17,1334.5,0.833333
0.137078,0.0971429,0.346039,0.0247403,0.287143,0.103571,0.0875325,0.153701,0.0962987,0.300779,0.0814935,0.473506,0.105584,0.0368831,0.0474026,0.279221,0.218571,0.199351,1.5487,0.163961,0.80539,0.718831,0.163831,0.0736364,0.667143,0.265519,0.0974675,0.0801948,0.0525325,0.0555195,0.052013,0.0208442,0.0653896,0.0227922,0.058961,0.0572727,0.199026,0.00688312,0.0291558,0.0591558,0.0381818,0.0575325,0.0372727,0.0521429,0.128571,0.179935,0.0188312,0.0331818,0.249649,0.166955,0.0226883,0.260597,0.0902078,0.162448,3.8841,40.4026,328.708,0.512987
0.158,0.5235,0.8355,0.07,0.3835,0.0875,0.438,0.083,0.253,0.971,0.194,0.8795,0.0405,0.1205,0.1505,1.4015,0.406,0.102,1.7435,0.1155,1.6605,0,0.049,0.137,0.0125,0.0255,0,0,0,0,0,0,0.016,0,0,0.0115,0.194,0,0,0,0,0,0,0,0.157,0,0,0.0385,0.0145,0.0956,0.00745,0.8635,0.23455,0.079,35.6273,382.05,605.6,0.95
0.135231,0.211385,0.445231,0,0.253231,0.116615,0.0449231,0.0921538,0.274769,0.283538,0.0649231,0.784462,0.197231,0.104154,0.142154,0.147692,0.133231,0.177231,1.64385,0.0676923,0.891077,0,0.133538,0.175077,0.851077,0.145385,0.026,0.0150769,0.0146154,0.028,0.0138462,0.00661538,0.0698462,0.00661538,0.0261538,0.0701538,0.0984615,0.00215385,0.0127692,0.0375385,0.0115385,0.117692,0.048,0.008,0.0304615,0.0172308,0.00707692,0.0244615,0.175862,0.134785,0.0136923,1.11286,0.261892,0.0194154,4.03226,56.2769,730.769,0.569231
0.392,0.362,0.398,0,0.364,0.062,0.038,0.174,0.58,0.566,0.316,0.652,0.538,1.006,0.374,0.192,0.352,0.212,2.734,0.064,1.18,0,0.634,0.42,0,0,0,0,0,0,0,0,0,0,0,0,0,0,0,0.012,0,0,0.024,0,0.036,0.012,0,0,0.01,0.0906,0,0.361,0.7502,0.104,7.587,565.8,2369.8,1
0.195196,0.100294,0.36598,0.00107843,0.313824,0.141078,0.0747059,0.214804,0.254804,0.250294,0.0893137,0.690392,0.0802941,0.113529,0.0142157,0.210784,0.342157,0.0708824,1.25863,0.214216,1.14667,0.307843,0.0801961,0.225686,0.904902,0.150882,0.0172549,0.00823529,0.00529412,0.0147059,0.0148039,0.00147059,0.103333,0.00254902,0.0148039,0.0714706,0.171078,0.020098,0.027549,0.0287255,0.0673529,0.11049,0.00852941,0.0171569,0.0357843,0.1,0.000882353,0.00960784,0.102196,0.181196,0.0142549,0.282549,0.107686,0.0775196,4.03163,62.3824,607.216,0.529412
0.0849921,0.0848661,0.220142,0.00422047,0.269055,0.0663307,0.126205,0.153433,0.045685,0.243874,0.0505669,0.536425,0.0933386,0.0487244,0.0418268,0.265622,0.123228,0.19937,1.68874,0.0477795,0.740504,0.0216693,0.0750236,0.0636535,0.62526,0.365039,0.207559,0.247748,0.0791496,0.125858,0.0665669,0.0595591,0.0922362,0.0595591,0.129701,0.138441,0.191795,0.00570079,0.107638,0.0543307,0.0300157,0.0763622,0.0898268,0.0989764,0.286441,0.232252,0.00885039,0.0274173,0.0194031,0.161706,0.0163921,0.246877,0.0528961,0.026674,2.71955,17.7386,82.1197,0.384252
0.132,0.104,0.261333,0,0.239333,0.0966667,0.0326667,0.130667,0.266667,0.426,0.0653333,0.466,0.114,0.0386667,0.0826667,0.116,0.112667,0.176667,1.44867,0.016,0.826,0.996667,0.268,0.212667,0.284,0.188667,0.0173333,0.008,0.0126667,0.00533333,0.008,0,0.104667,0.00866667,0.00266667,0.0646667,0.159333,0,0.00733333,0.016,0.00466667,0,0,0.018,0.0206667,0.0353333,0,0.014,0.0656,0.128067,0.0466,0.1828,0.222467,0.110733,6.0718,105.333,1457.53,0.533333
0.2025,0.1575,0.5125,0,1.265,0.3375,0.22,0.385,0.4225,1.6325,0.0625,0.7525,0.245,0,1.2175,0.24,0.0475,0.86,2.565,0.135,1.96,0,0.64,0.41,0,0,0,0,0,0,0,0,0,0,0.0225,0,0,0,0,0.26,0,0,0.04,0,0.02,0.02,0,0,0.003,0.03375,0,0.519,0.1535,0.0115,49.1835,859,1747.5,1
0.074,0.069,0.177,0,0.07,0.067,0.038,0.058,0.065,0.197,0.045,0.254,0.124,0.037,0.04,0.097,0.083,0.124,0.883,0.004,0.397,0,0.091,0.081,1.442,0.104,0.009,0.002,0.012,0.039,0,0,0.279,0,0.024,0.11,0.175,0.002,0.028,0.049,0.071,0.017,0.015,0.068,0.051,0.281,0.005,0.094,0.026,0.1346,0.0371,0.1353,0.0608,0.0124,4.797,65.8,1973.6,0.2
0.0818049,0.118488,0.329317,0.00585366,0.442049,0.12078,0.112829,0.141317,0.061561,0.275073,0.0777561,0.564146,0.13761,0.0230732,0.0505366,0.247024,0.220488,0.271024,1.6261,0.114537,0.923707,0.22961,0.172049,0.0858537,0.489024,0.213366,0.114488,0.0846829,0.062,0.0799512,0.0359024,0.0412195,0.0595122,0.0427805,0.066878,0.0880488,0.147805,0.0077561,0.0508293,0.0745366,0.00780488,0.0282927,0.0546829,0.038,0.163463,0.145902,0,0.024878,0.0494244,0.147527,0.0192,0.242127,0.119502,0.0458,3.50567,41.6829,251.38,0.580488
0.0925,0.1075,0.275,0.015,0.7325,0.2425,0.0725,0.5025,0.0925,0.2225,0.09,0.77,0.1525,0.15,0.05,1.415,0.695,0.35,1.9525,0.2975,0.7425,0.65,0.405,0.2425,0,0,0,0,0,0,0,0,0,0,0,0.2,0.065,0,0,0.0725,0,0,0,0,0.0075,0,0,0,0.00275,0.04575,0.02925,0.47925,0.153,0.24975,6.50975,262,1984.75,1
0.0241176,0.127647,0.281176,0,0.944706,0.0570588,1.60176,0.781765,0.637059,0.725294,0.637059,0.479412,0,0.0629412,0,1.24059,1.77353,0.197647,1.94,0.637059,2.46294,0,0.254706,0.0870588,0.0170588,0.0170588,0.0170588,0.0341176,0,0,0,0,0,0.0170588,0.0341176,0,0.259412,0,0.0629412,0,0,0,0,0,0.0723529,0,0,0,0,0.110588,0,0.608353,0.210118,0.0587059,55.5548,282.765,350.941,0.941176
0.306667,0.113333,0.465,0,0.803333,0.193333,0.146667,0.205,0.0316667,0.335,0.191667,0.89,0.455,0.0366667,0.01,0.948333,0.735,0.226667,3.195,0.116667,1.42167,0.963333,0.49,0.268333,0,0,0,0,0,0,0,0,0.035,0,0,0.116667,0,0,0.113333,0.0366667,0,0,0,0,0.0366667,0,0,0.0366667,0.00183333,0.0648333,0.0125,0.505333,0.156,0.295,16.5173,330.667,1486,1
0.295,0.045,0.275,0,0.145,0.045,0,0.37,0.295,1.045,0.145,0.12,0.145,0,0.195,0.045,0.395,0.425,2.06,0.045,0.845,0,0.925,0.495,0,0,0,0,0,0,0,0,0,0,0,0.12,0,0,0.045,0.465,0,0,0,0,0.095,0,0,0,0.0575,0.0745,0,0.2145,0.078,0.0055,39.1215,1338,2651,1
0.111064,0.121702,0.264043,1.20085,0.296596,0.105319,0.0455319,0.214681,0.314468,0.395319,0.0759574,0.556383,0.119574,0.134894,0.11,0.13383,0.176596,0.249787,1.24851,0.159362,0.784681,0.710638,0.0955319,0.119574,0.924468,0.238085,0.0578723,0.0344681,0.0189362,0.0548936,0.0391489,0.00404255,0.192128,0.00191489,0.118298,0.0548936,0.175957,0,0.0595745,0.0289362,0.00446808,0.0244681,0.00425532,0.00340426,0.0338298,0.00978723,0.00468085,0.0606383,0.0690638,0.130936,0.0427234,0.180511,0.0900426,0.0911915,4.35226,58.4894,877.17,0.446809
0.35,0.08,0.35,0,0.35,0,0,0.52,0.61,1.76,0.17,0.26,0.79,0,0.26,0,0.7,0.35,2.64,0,2.03,0,0.61,0.7,0,0,0,0,0,0,0,0,0,0,0,0.08,0,0,0.08,0.17,0,0,0,0,0.17,0,0,0,0,0.081,0,0.556,0.069,0.011,19.234,1170,3116,1
0.343333,0.332667,0.370667,0,0.254,0.0593333,0.0473333,0.106667,0.504,0.564667,0.245333,0.678667,0.394667,0.878,0.022,0.188,0.316,0.0286667,2.79667,0.0133333,1.324,0,0.304667,0.42,0.0353333,0.0366667,0.000666667,0,0,0,0,0,0.0333333,0,0.000666667,0.00333333,0.0433333,0.00266667,0,0,0,0,0.000666667,0,0.0466667,0,0.00333333,0,0.0215333,0.0854667,0.0064,0.355,0.525267,0.0973333,5.829,154.267,2253.2,0.933333
0.0626087,0.248696,0.447391,0,0.365217,0.0634783,0.0791304,0.053913,0.228696,0.604783,0.129565,0.364783,0.196087,0.270435,0.156522,0.217826,0.0752174,0.578696,1.1813,0.104348,0.953913,1.16957,0.137391,0.182174,0.0843478,0,0.0413043,0.0134783,0,0,0.0413043,0,0.0134783,0.00521739,0.0413043,0,0.0856522,0,0,0.0443478,0,0,0.0073913,0,0.0156522,0,0,0,0.00947826,0.0206957,0,0.470174,0.246652,0.143652,9.05065,181.391,993.304,0.826087
0.05,0.181667,0.268333,1.52667,0.21,0.731667,0.24,0.488333,0.658333,0.768333,0.123333,0.683333,0.0466667,0,0.966667,0.0483333,0.455,0.791667,1.49,0.218333,0.825,0,0.47,0.1,0,0,0,0,0,0,0,0,0,0,0,0,0.0483333,0,0,0.0483333,0,0,0.1,0,0,0,0,0,0.0943333,0.117,0,0.230167,0.122333,0.0205,13.175,730,1232.33,1
0,0,0,0,0,0,0,0,0,0,0,0,0,0,0,0,0,0,0,0,0,0,0,0,0,0,0,0,0,0,0,0,0,0,0,0,0,0,0,0,0,0,0,0,0,0,0,0,0.022,0.022,0.019,0.022,0.022,0.022,3.482,5,5902,0
0.5,0.626667,0.753333,0,0.373333,0.126667,0,0.246667,0.246667,1.38333,0.246667,2.27333,0,0.246667,0,0.246667,0,0,2.15,0,4.04333,0.126667,0.246667,0,0,0,0,0,0,0,0,0,0,0,0,0,0.123333,0,0,0,0,0,0,0,0,0,0,0,0,0.172333,0,0.872667,0.131,0.064,70.3683,807.333,965.667,1
0.106056,0.231127,0.441127,0.277887,0.460986,0.204507,0.533662,0.10338,0.0590141,0.304366,0.0878873,0.630986,0.0516901,0.0028169,0.0129577,0.316338,0.30493,0.374789,2.22169,0.307324,1.41634,0.0384507,0.0859155,0.139296,0.056338,0.0433803,0.0932394,0.0198592,0.0202817,0.0202817,0.101972,0,0.00380282,0,0.0576056,0.0340845,0.095493,0,0.0683099,0.270282,0,0,0.0188732,0.0107042,0.166338,0.023662,0,0.024507,0.00691549,0.127634,0.0228451,0.394408,0.192662,0.0357042,10.1125,143.958,338.254,0.760563
