0,0,0.0391176,0,0.0391176,0,0,0,0,0,0,0,0,0,0,0,0,0.21,0,0,0.0391176,0,0,0,11.6676,3.04588,2.14824,2.35824,2.14824,2.35824,2.35824,2.14824,0,2.14824,2.35824,2.35824,0.0391176,0.117647,0.0391176,2.14824,0,0.117647,0,0,1.18735,0,0,0,0.0254412,0.592,0.00635294,0.0471176,0,0,3.49565,13.2647,28.3235,0
0.0631034,0.214655,0.261724,0,0.32,0.198276,0.157586,0.0581034,0.0782759,0.266207,0.0427586,0.581207,0.0610345,0,0.0382759,0.212414,0.101552,0.21569,1.72845,0.0984483,1.06862,0.0213793,0.15431,0.107069,0.529138,0.264138,0.272931,0.0803448,0.123276,0.0986207,0.0636207,0.0691379,0.182069,0.0691379,0.11,0.0708621,0.234655,0,0.112586,0.0953448,0.0122414,0.0913793,0.0977586,0.0112069,0.197931,0.0339655,0,0.0505172,0.00655172,0.188845,0.0327069,0.350397,0.103931,0.0433103,3.68114,32.2241,159.259,0.568966
0,0,0,0,0,0,0,0,0,0,0,0,0,0,0,0,0,0,0,0,0,0,0,0,8.80167,1.375,1.85167,0,0,0,0,0,0,0,0,1.28167,0,0,0,0,0,0,0,0.225,0,0,0,0,0,0,0,0,0,0,1.27083,2.16667,8,0
0.0898485,0.0377273,0.320152,0,0.267424,0.0875758,0.109091,0.146212,0.0498485,0.176364,0.0387879,0.434091,0.0936364,0,0.0383333,0.164848,0.0610606,0.230455,1.52136,0.0069697,0.619394,0.0069697,0.0651515,0.0260606,0.636364,0.58,0.28,0.308333,0.153485,0.135,0.0857576,0.0793939,0.099697,0.0793939,0.235455,0.162121,0.189697,0.0109091,0.156212,0.0836364,0.0586364,0.05,0.175606,0.0642424,0.313939,0.0837879,0.00424242,0.014697,0.0175606,0.164879,0.0403939,0.148197,0.039197,0.0162121,1.95179,11.4848,123.864,0.272727
0.0137838,0.411622,0.25973,1.08459,0.611081,0.222973,0.864865,0.0775676,0.151351,0.326757,0.0337838,0.741081,0.00540541,0.0172973,0.0248649,0.298919,0.181351,0.367297,2.10676,0.0278378,1.19162,0,0.0121622,0.05,0.0656757,0,0.31027,0.0381081,0,0,0.195676,0,0,0,0.0759459,0.0143243,0.0118919,0,0.0508108,0.513513,0,0,0,0,0.225135,0.0118919,0,0,0.000756757,0.178784,0.0176216,0.273514,0.0245135,0.043027,14.5268,164.946,390.216,0.621622
0.102885,0.185,0.193846,0.0259615,0.282692,0.0217308,0.192308,0.196538,0.0519231,0.433846,0.0728846,0.349038,0.119231,0,0.0342308,0.142115,0.181538,0.208462,2.1325,0,0.730192,0,0.0451923,0.0161538,0.700577,0.402692,0.249231,0.268462,0.0680769,0.170385,0.0488462,0.0488462,0.0113462,0.0488462,0.179038,0.0488462,0.263269,0.0103846,0.183846,0.0717308,0.0534615,0.0863462,0.155769,0.0130769,0.321346,0.261346,0,0.0103846,0.0212692,0.131538,0.0338077,0.355288,0.0458077,0.00153846,2.49821,15.3269,82.25,0.346154
0.546667,0.69381,0.847143,0,0.305714,0.234762,0.0319048,0.456667,0.417619,1.49,0.0428571,1.62286,0.135238,0.323333,0.398095,0.341905,0.0666667,0.717619,2.05857,0.369524,3.55143,0.0180952,0.457619,0.264286,0,0,0,0,0,0,0,0,0.0157143,0,0.0604762,0,0.017619,0,0,0,0,0,0,0,0,0,0,0,0.00771429,0.160238,0,1.08124,0.179667,0.0672857,43.2083,628.19,852.667,1
0.126111,0,0.126111,0,0,0,0,0,0,0.909444,0,0,0,0,0,0.427222,0,0,5.94667,0,0.231111,0,0,0,0.100556,0,0,0,0,0,0,0,0,0,0,0,0,0,0,0,0,0,0,0,0.198333,0.308333,0,0,0.0574444,0.0802222,0,0.038,0,0,1.14811,1.33333,3.16667,0.111111
0.0468,0.0446,0.0674,0,0.1066,0.0238,0.029,0.574,0.1844,0.0658,0.0242,0.2564,0,0.3328,0,0.187,0.1432,0.0332,0.5266,0.029,0.7196,0.04,0.2114,0.0478,0.198,0.3002,0.13,0.1082,0,0.0432,0,0.0118,0.0474,0.0118,0.0666,0.1906,0.0606,0,0.0182,0,0,0,0,0.0298,0.5354,0,0,0.0332,0.00346,0.16786,0.01074,0.24996,0.16166,0.0106,3.74186,25.46,81.26,0.78
0,0,0,0,0,0,0,0,0,0,0,0,0,0,0,0.336667,0,0.336667,2.50333,0,0.336667,0,0,0,5.12667,0,0,0,0,0,0,0,0,0,0,0,0,0,0,0,0,0,0,0,0.41,0,0,0,0,0,0,6.377,0,0,12.4167,52,56.3333,0
0.0491453,0.0526496,0.32735,0,0.281709,0.0362393,0.0316239,0.00726496,0.0358974,0.120256,0.0282051,0.882137,0.0477778,0.0404273,0.0145299,0.127521,0.00547009,0.0448718,2.04974,0.0107692,0.474359,0,0,0.022735,0.291966,0.218205,0.226752,0,0.127179,0.0497436,0,0,0.0821368,0,0.0189744,0.0136752,0.0629915,0.0210256,0.0730769,0,0.0620513,0.267179,0.00735043,0.121197,0.402051,0.175897,0,0.0558974,0.0295641,0.139573,0.00042735,0.120573,0.0101966,0.000846154,1.57393,4.71795,25.7692,0.0683761
0.0724528,0.0471698,0.319057,0,0.0724528,0.0673585,0,0,0.0341509,0.138302,0,0.0979245,0.131132,0.0554717,0,0.0698113,0,0.12566,5.17528,0,0.455094,0,0,0,0.227736,0.0496226,1.15755,0,0,0,0,0,0.117925,0,0,0,0,0,0.0818868,0,0,0,0,0.0764151,1.04811,0.976226,0,0.0898113,0.00769811,0.100245,0.0141698,0.185849,0.00637736,0,1.22074,2.03774,8.54717,0.0377358
0.30617,0.144894,0.280426,0.0917021,0.0723404,0.106809,0.0193617,0.139787,0.221064,0.399574,0.144681,0.630213,0.341064,0.652766,0.0255319,0.158936,0.276596,0.12,1.86936,0.0476596,0.868511,0.0334043,0.447021,0.28766,0.0951064,0.0604255,0.00510638,0.00148936,0.00212766,0.00382979,0,0,0.309362,0,0,0.0297872,0.176383,0.00148936,0.00659574,0.017234,0.0246809,0.00765957,0.00446809,0.0159574,0.0421277,0.0568085,0.00978723,0.0502128,0.0292553,0.115766,0.00757447,0.24734,0.329319,0.0877872,5.44715,185.447,3357.47,0.744681
0.096,0.008,0.196,0.008,0.092,0.118,0,0.058,0.058,0.188,0.074,0.082,0.072,0,0.038,0.088,0.078,0.076,0.608,0.008,0.242,1.906,0.138,0.11,0,0,0,0,0,0,0,0,0,0.028,0,0.008,0,0,0.016,0,0,0,0,0,0.038,0,0,0,0.4302,2.0094,0.009,0.3924,0.375,0.4024,57.5034,2297.8,10648.8,1
0,0,0,0,0,0,0,0,0,0,0,0,0,0,0,0,0,0,0,18.18,0,0,0,0,0,0,0,0,0,0,0,0,0,0,0,0,0,0,0,0,0,0,0,0,0,0,0,0,0,0,0,0,0,0,1.1,2,11,1
0.0797647,0.0650588,0.341647,0,0.325294,0.192588,0.0895294,0.142118,0.0669412,0.152824,0.0604706,0.524824,0.0955294,0.0448235,0.022,0.274471,0.163882,0.204235,1.40035,0.187647,0.852,0,0.174,0.0941176,0.674353,0.434471,0.119647,0.146941,0.0942353,0.114353,0.0435294,0.0242353,0.0597647,0.0242353,0.118471,0.0910588,0.178353,0.00811765,0.0754118,0.0517647,0.187647,0.0105882,0.0685882,0.0376471,0.171412,0.350824,0,0.0489412,0.0780118,0.149188,0.0224235,0.135882,0.0838,0.0198353,2.28736,17.9294,185.765,0.423529
0.176364,0.146061,0.291818,0,0.0281818,0.212424,0.138485,0.204242,0.148182,0.396061,0.0615152,0.465758,0.0281818,0,0,0.289697,0,0.0239394,3.20909,0,1.18273,0,0.0339394,0.137879,0.080303,0.03,0.0809091,0.0445455,0,0,0,0,0,0,0,0,0.23697,0,0.0187879,0,0.0269697,0,0,0.0187879,0.825455,0.586061,0,0,0.00409091,0.112788,0.0282727,0.291818,0.10103,0.015697,2.65906,16.2121,35.8788,0.545455
0.101098,0.0915854,0.231098,0.635976,0.458415,0.130122,0.0402439,0.112317,0.121098,0.146951,0.0729268,0.579512,0.149146,0.0389024,0.02,0.198171,0.287683,0.132317,1.79451,0.0706098,0.753171,0.708415,0.207317,0.0957317,0.791585,0.179512,0.0356098,0.0281707,0.0334146,0.024878,0.0187805,0.0253659,0.0614634,0.0156098,0.0441463,0.0746341,0.131341,0.03,0.0218293,0.0132927,0.0303659,0.0365854,0.0293902,0.00634146,0.0773171,0.0568293,0.0107317,0.0185366,0.166634,0.114268,0.0107317,0.170537,0.105695,0.066439,3.98806,38.7927,438.22,0.536585
0.295,0.0833333,1.3825,0.0158333,0.885833,0,0.0541667,0,0.495833,0.685833,0,0.0333333,0,0,0,0.065,0,0,0.295,0.725833,0.400833,0,0,0.0333333,0.278333,0,0.121667,0.04,0,0.0483333,0,0,0,0.0316667,0,0,0.0483333,0,0,0,0,0,0,0,0,0,0,0,0,0.00733333,0,0.763833,0.18825,0.0025,537.208,1405.58,1442.75,0.916667
0.0931081,0.158108,0.491486,0,0.4,0.0551351,0.035,0.0158108,0.0264865,0.246351,0.012973,0.509459,0.106622,0.0972973,0,0.171216,0,0.281757,3.15081,0,0.982162,0,0,0,0.0797297,0.0317568,0.501351,0,0.0727027,0,0,0,0.200135,0,0,0,0,0.0109459,0.135811,0.0158108,0.0313514,0.182162,0,0.067973,0.447703,0.326622,0.0108108,0,0.0205135,0.0886622,0.00445946,0.169919,0,0,1.26488,2.64865,12.8514,0.0945946
0.118507,0.151791,0.390299,0,0.386716,0.0991045,0.353433,0.152836,0.0497015,0.359254,0.170597,0.45194,0.199552,0.0668657,0.0150746,0.319104,0.184925,0.184627,1.96537,0.118657,0.974179,0,0.239701,0.0759702,0.274478,0.0995522,0.0180597,0.149701,0.00895522,0.0935821,0.018209,0.00895522,0.25194,0.00895522,0.135821,0.0995522,0.150149,0,0.00835821,0.0468657,0.00462687,0.0540299,0,0.0138806,0.121343,0.0944776,0,0.0162687,0.0175075,0.0876866,0.00150746,0.444955,0.0955373,0.00820896,4.68199,59.194,192.716,0.641791
0.19625,0.314167,0.525417,0.0395833,0.455417,0.356667,0.13375,0.17375,0.587083,0.7875,0.224583,0.84125,0.230417,0.0783333,0.313333,0.232083,0.18875,0.516667,2.1975,0.3475,1.63167,0.02,0.49125,0.287083,0.38875,0.16375,0.01,0,0,0.0304167,0,0,0.05625,0,0.03,0.0275,0.13625,0.0358333,0.01,0.0304167,0,0.0304167,0.0141667,0.0204167,0.0966667,0.0595833,0,0,0.00575,0.149625,0.073625,0.649417,0.2335,0.0465833,9.866,292.417,788.958,0.958333
0.324286,0.324286,0.155,0,0.34,0.245714,0,0.793571,0,0.264286,0,0.255,0,0.245714,0,0.785,0,0.804286,2.82643,0,7.36857,0,0,0.649286,0,0,0.810714,0,0.264286,0,0,0,0,0,0,0,0,0,0,0,0,0,0,0,0.930714,0,0.155,0,0,0.0371429,0,0.521929,0,0,1.221,2.14286,7.35714,0.285714
0.6875,0,0.738437,0,0.075625,0,0,0,0,0.0759375,0.6875,1.55062,0,0,0,0.25,0,0.0125,1.50406,0,5.53563,0,0,0.652187,0.07375,0.135,0,0,0,0.06125,0,0,0,0,0,0,0,0,0,0,0,0,0,0,0.0503125,0,0,0.0759375,0,0.014875,0,0.16625,0.103406,0,4.92928,27.2188,53.5938,0.5625
0.163636,0.385909,0.356818,0,0.570455,0.344545,0.214545,0.0404545,0.0281818,0.322727,0.0154545,0.936364,0.06,0.0709091,0.115455,0.269091,0.563182,0.430455,1.68591,0.284091,1.19045,0.0740909,0.278182,0.154545,0,0.0236364,0,0.0281818,0,0.0440909,0,0,0.168182,0,0.0213636,0.0972727,0,0.0709091,0,0.16,0,0,0.0236364,0.025,0.0581818,0,0,0,0,0.0894091,0,0.587273,0.131273,0.0373182,5.31214,97.0909,184.909,0.818182
0,0,0.4025,0,4.9175,0,0,0,0,0,0,0,0,0,0,0,0,0,0,0,0.4025,0,0,0,0,0,0,0,0.595,0,0,0,0,0,0,0,0,1.8475,0,0,0,5.4775,0,0,0,0,0,0,0,0.0735,0,0,0,0,1.14575,1.375,4.375,0.125
0.0780263,0.0402632,0.206842,0.0175,0.0931579,0.0721053,0.0373684,0.153684,0.0302632,0.163553,0,0.634079,0.147895,0,0.0735526,0.0631579,0.132895,0.195526,1.40658,0.00842105,0.553289,0,0.105789,0.0663158,0.828158,0.441711,0.239737,0.299737,0.0909211,0.208421,0.101974,0.0760526,0.147763,0.0760526,0.167763,0.140132,0.359868,0,0.193421,0.0935526,0.0731579,0.0948684,0.229737,0.0776316,0.404868,0.469474,0,0.0653947,0.00831579,0.208329,0.0351184,0.227382,0.0647632,0.0157763,2.3612,13.4737,70.1447,0.263158
0.191304,0.269565,0.316087,0,0.209783,0.0158696,0.215435,0.0304348,0.0126087,0.303043,0.063913,0.756957,0.0543478,0,0.0569565,0.32,0.1,0.342609,1.91565,0.0280435,0.768696,0,0.193478,0.0271739,1.02739,0.596304,0.184783,0.406739,0.102391,0.358696,0.148478,0.0504348,0.0730435,0.0504348,0.418696,0.148478,0.18087,0,0.0480435,0.0643478,0.0586957,0.207391,0.0678261,0,0.221087,0.238261,0,0.00891304,0.00893478,0.126217,0.0053913,0.182065,0.0398696,0.301717,2.16576,11.087,54.413,0.369565
0,0,0,0,0.476,0,0,0,0,0,0,0,0,0,0,0,0,0,1.826,0,0,0,0,0,0,0,0,0,0,0,0,0,0,0,0,0,0,0,0.740667,0,0,0,0,0,11.342,0.512667,0,0,0,0.204,0,2.7824,0,0,1.36873,2.66667,7.06667,0
0.268727,0.103091,0.278909,0,0.552545,0.0221818,0.123455,0.0483636,0.0230909,0.0930909,0.0172727,0.544182,0.0263636,0.046,0.0156364,0.445091,0.278,0.211818,2.61564,0.008,1.27673,0,0.192727,0.1,0.046,0.0289091,0.0667273,0.0581818,0,0,0,0.0114545,0.008,0.0114545,0.0367273,0.084,0.0256364,0,0.0301818,0.006,0,0.0121818,0.0116364,0.0109091,0.290727,0.0392727,0,0.0463636,0.0100909,0.105927,0.00676364,0.459673,0.139836,0.00750909,3.16793,25.6909,111.691,0.854545
0,0,0,0,0,0,0,0,0,0,0,0,0,0,0,0,0,0,0,0,0,0,0,0,5.03,9.87,0,0,0,0,0,0,0,0,0,0,0,0,0,0,0,3.6225,0,0,0,0,0,0,0,0,0,0,0,0,1.49575,2.75,5.5,0
0,0,0,0,0,0,0,0,0,0,0,0.535294,0,0,0,0,0,0,11.1124,0,1.25118,0,0,1.30882,0,0,1.06941,0,0,0,0,0,0,0,0,0,0,0,0,0,0,0,0,0,2.95,0.124706,0,0,0.022,0,0,0,0,0,1.05665,1.35294,5.41176,0.117647
0.328286,0.287429,0.328857,0.00371429,0.255143,0.066,0.036,0.148857,0.435714,0.535143,0.220571,0.596857,0.371429,0.762,0.0811429,0.248571,0.340857,0.102857,2.44,0.0368571,1.1,0.048,0.403143,0.384857,0.0888571,0.0917143,0.00114286,0.000571429,0.000571429,0,0,0,0.127143,0,0.002,0.034,0.141429,0.00257143,0.00257143,0.0334286,0.00457143,0.00171429,0.00657143,0.004,0.0548571,0.0194286,0.002,0.0165714,0.0294286,0.0994857,0.0102571,0.339857,0.451857,0.102629,7.83891,361.771,2360,0.885714
0.195481,0.107692,0.370962,0.00105769,0.334904,0.154038,0.0732692,0.210769,0.285865,0.292212,0.0907692,0.681827,0.0808654,0.117115,0.0755769,0.210865,0.345577,0.0722115,1.38856,0.210096,1.18375,0.301923,0.0965385,0.2475,0.791058,0.147019,0.0169231,0.00807692,0.00240385,0.0116346,0.0145192,0.00144231,0.100385,0.0025,0.0145192,0.0603846,0.167019,0.0180769,0.0270192,0.0313462,0.0660577,0.101827,0.00836538,0.0151923,0.0495192,0.0980769,0.000865385,0.00778846,0.0988942,0.184673,0.0139808,0.289702,0.128067,0.0766346,4.14746,67.0673,610.058,0.557692
0.213902,0,0.084878,0,0.28878,0.0558537,0.199024,0,0,0.126829,0.0370732,0.185366,0.0131707,0.0290244,0,0.172439,0.0963415,0.149512,1.46341,0,0.925854,0,0,0.0658537,0.911463,0.219268,0.173659,0.543171,0,0.0217073,0.0278049,0,0.310732,0,0.254146,0,0.211707,0,0,0,0.0458537,0.0936585,0,0.0980488,0.578293,0.658293,0,0,0.0141463,0.219439,0.00580488,0.243902,0.108951,0.046878,2.86334,16.0976,61.4146,0.463415
0.131702,0.114255,0.318085,0.0246809,0.228085,0.194468,0.111915,0.0470213,0.0138298,0.228936,0.0244681,0.403617,0.162553,0,0.0112766,0.419574,0.208298,0.110851,1.69723,0.0238298,0.713617,0.0693617,0.214255,0.113617,0.598085,0.417872,0.215319,0.158298,0.0995745,0.182553,0.0912766,0.0912766,0.0493617,0.12,0.118298,0.137872,0.0542553,0,0.190426,0.100851,0,0,0,0,0.26766,0.207234,0,0.00702128,0.0171915,0.145511,0.00514894,0.413553,0.0392979,0.0401915,3.89491,39.9574,126.936,0.553191
0.113077,0.118974,0.27359,0,0.333846,0.0676923,0.0935897,0.144103,0.0502564,0.164872,0.0664103,0.970769,0.125641,0.0607692,0.0117949,0.241026,0.1,0.176154,1.59872,0.00794872,0.713333,0,0,0.06,0.386923,0.282564,0.0982051,0.0530769,0.0469231,0.106923,0.0341026,0,0.397179,0,0.0276923,0.07,0.107949,0,0.0248718,0,0.0151282,0.0182051,0,0.236667,0.0484615,0.0279487,0,0.11,0.00502564,0.101282,0.00964103,0.111538,0.0202051,0.00769231,1.60667,6.71795,88.8205,0.179487
0,0,0,0,0,0.0506897,0,0,0,0,0,0.0574138,0,0,0,0,0,0.132586,0.0506897,0,0,0,0,0,0,0,0.262586,0,0,0,0,0,0,0,0,0,0,0,0,0,0,0.0662069,0,0,0.137931,0,0,0,0,0.0986897,0.0703621,0.161655,0,0,1.06034,1.13793,3.81034,0
0.0225926,0.1,0.324815,0,0.12,0.0781481,0.124444,0.181852,0.0225926,0.199259,0.0614815,0.296667,0,0,0,1.17852,0.0844444,0.327037,1.96704,0.0592593,1.09222,0.143333,0.220741,0,0.501481,0.291481,0.166667,0.0285185,0,0.0285185,0.0581481,0,0.0814815,0,0.0574074,0.0285185,0.0296296,0,0,0.0225926,0,0.104074,0,0,0.201481,0,0,0,0.0174074,0.0898519,0.00814815,0.725185,0.0665185,0.0863704,5.14196,34.4444,90.4444,0.777778
0,0,0,0,0,0,0,0,0,0,0,0,0,0,0,0,0,0,0,0,0,0,0,0,0,0,0,0,0,0,0,0,0,0,0,0,0,0,0,0,0,0,0,0,0,0,0,0,0,0.113625,0,1.16838,0,0,1,1,1.5,0.25
0.11,0.0640816,0.253673,0,0.273163,0.0831633,0.170102,0.0320408,0.0134694,0.155714,0.0546939,0.622449,0.0988775,0.0164286,0.0228571,0.101122,0.166735,0.0821429,1.95827,0.00459184,0.495714,0,0.0973469,0.0513265,0.209592,0.0797959,0.207959,0,0.0319388,0.105408,0,0,0.0526531,0,0,0.0791837,0.114388,0.015102,0.0487755,0.00265306,0.0718367,0.161122,0,0.0781633,0.279184,0.0853061,0,0.0729592,0.0147857,0.131755,0.00883673,0.260255,0.018051,0.0111837,1.52762,5.26531,42.1122,0.163265
0.128933,0.2012,0.416133,0,0.246533,0.112667,0.0441333,0.105067,0.2952,0.283467,0.0630667,0.740133,0.196933,0.159333,0.129067,0.130533,0.141867,0.180267,1.6096,0.0832,0.918267,0,0.121333,0.1628,0.776133,0.1552,0.0325333,0.0216,0.0149333,0.0242667,0.0149333,0.00573333,0.0806667,0.00573333,0.0268,0.0641333,0.111467,0.00186667,0.0136,0.0358667,0.01,0.1284,0.0430667,0.00986667,0.0268,0.0149333,0.00613333,0.0212,0.160827,0.149133,0.02068,0.983213,0.239547,0.0210267,3.98891,60.08,738.413,0.533333
0.116379,0.204828,0.683621,0.157931,0.668966,0.604138,0.318621,0.162586,0.571724,0.431379,0.251207,0.721207,0.177414,0.092069,1.11707,0.338621,0.178276,0.887241,1.76552,0.869655,1.08172,0.0996552,0.597931,0.162586,0.00155172,0.00155172,0,0,0,0,0,0,0.0062069,0,0.005,0,0.005,0,0,0.0463793,0,0,0.105,0.0137931,0.0517241,0.042069,0,0,0.00996552,0.0940517,0.0012931,0.373103,0.152034,0.0238793,15.4307,648.948,1398.03,1
0.220816,0.194898,0.249592,0,0.46449,0.134286,0.221633,0.0759184,0.0261224,0.358367,0.0822449,0.670816,0.0661224,0.00897959,0.0471429,0.503673,0.120816,0.243878,2.14612,0.04,0.793469,0,0.045102,0.0995918,0.951837,0.657551,0.369388,0.576735,0.128163,0.161633,0.167347,0.256531,0.0432653,0.256531,0.252449,0.33449,0.155918,0,0.171429,0.143673,0.024898,0.0714286,0.148367,0.176531,0.330204,0.0955102,0.0326531,0.0181633,0.0165306,0.21502,0.00808163,0.221449,0.0252245,0.0171429,2.28508,12.3061,92.0204,0.367347
0,0,0,0,3.33333,0,0,0,0,0,0,0,0,0,0,0,0,0,0,0,0,0,0,0,12.7267,3.03,0,0,0,0,0,0,0,0,0,0,0,0,0,0,0,0,0,0,0,0,0,0,0,0,0,0,0,0,1.44433,2,3,0
0.091625,0.14575,0.31675,0.010125,0.414125,0.137,0.112875,0.070625,0.03575,0.247875,0.0415,0.619375,0.071125,0.006625,0.004875,0.173,0.12875,0.16275,1.36912,0.026125,0.922125,0,0.0725,0.082,0.796875,0.413375,0.278375,0.1925,0.14125,0.13775,0.09275,0.104375,0.078375,0.104375,0.1305,0.13775,0.225375,0,0.124125,0.11325,0.058375,0.0745,0.14725,0.035875,0.246625,0.144125,0.013375,0.0065,0.0377375,0.165563,0.026425,0.09535,0.042725,0.0086375,2.13084,14.275,162.125,0.3625
0.112206,0.112353,0.379706,0,0.668676,0.138971,0.119559,0.1575,0.109412,0.308824,0.0880882,0.710588,0.0398529,0.0207353,0.0147059,0.317794,0.420735,0.271618,1.95,0.163088,1.08529,0.0551471,0.189118,0.0579412,0.238088,0.138382,0.0175,0.0151471,0.0132353,0.0291176,0.00573529,0.00573529,0.0333824,0.00573529,0.0136765,0.0730882,0.120588,0.00102941,0.0186765,0.0705882,0,0.00602941,0.0216176,0.0407353,0.214706,0.00235294,0,0.0279412,0.00610294,0.0961618,0.00741176,0.370618,0.109559,0.0531912,4.09993,67.5882,249.176,0.735294
0,0,0,0,0,0,0,0,0,0,0,0,0,0,0,0,0,0,0,0,0,0,0,0,0,0,0,0,0,0,0,0,0,0,0,0,0,0,0,0,0,0,0,0,0,0,0,0,0,0,0,0,0,0,0,0,0,0
0,0,0,0,0,0,0,0,0,0,0,0,0,0,0,0,0,0,0,0,0,0,0,0,0,0,0,3.7,7.4,0,0,0,0,0,0,0,0,0,0,0,0,7.4,0,0,0,0,0,0,0,0,0,0,0,1.503,3.875,16,31,0
0.0711538,0.0464103,0.232308,0,0.329487,0.0602564,0.0708974,0.0617949,0.0246154,0.469231,0.0452564,0.533077,0.114487,0.0141026,0.034359,0.0937179,0.0733333,0.12859,1.34474,0.102949,0.505256,0.0074359,0.0498718,0.106538,0.60859,0.435256,0.396667,0.370128,0.175128,0.209487,0.143462,0.108846,0.0620513,0.108846,0.171282,0.213974,0.198077,0.00589744,0.189103,0.115,0.024359,0.06,0.123077,0.0964103,0.277564,0.145128,0.0262821,0.0380769,0.0417564,0.231962,0.00401282,0.20291,0.0255128,0.0273846,2.18649,10.0128,78.0385,0.282051
0.0513235,0.0226471,0.214118,0,0.441029,0.103971,0.0607353,0.123382,0.0504412,0.180735,0.0536765,0.656324,0.0442647,0.0126471,0.155735,0.263676,0.0752941,0.104118,1.33221,0.00617647,0.785,0.0473529,0.109412,0.0785294,0.678971,0.421618,0.169706,0.324706,0.14,0.143235,0.0833824,0.0635294,0.0235294,0.0635294,0.141324,0.225735,0.14,0.0235294,0.100735,0.0830882,0.0366176,0.0775,0.0892647,0.154853,0.188971,0.23,0,0.00779412,0.0342353,0.160382,0.0191324,0.134206,0.0700441,0.00482353,2.2364,10.5,101.544,0.308824
0.0919355,0.409032,0.38,2.28774,1.08839,0.0309677,0.877097,0.190968,0.0767742,0.268065,0.0454839,0.434194,0.252581,0.0580645,0,0.866774,1.70903,0.316129,2.46419,0.160968,2.11645,0,0.0254839,0.143871,0,0,0,0,0,0,0,0,0,0,0,0,0.150323,0,0,0,0,0,0,0,0,0,0,0,0,0.132,0,0.769097,0.266355,0.0372258,10.43,145.194,199.29,0.967742
0.106905,0.165238,0.280952,0,0.290952,0.125238,0.132857,0.130952,0,0.272143,0.0304762,0.518333,0.0459524,0,0.0678571,0.0504762,0.0314286,0.0333333,1.77333,0,0.447619,0,0.0185714,0.0207143,0.480476,0.280952,0.143571,0.0904762,0.085,0.104524,0.105,0.119762,0.125714,0.119762,0.177143,0,0.339762,0,0.0869048,0.0990476,0.0285714,0.29381,0.0678571,0.137381,0.230952,0.992381,0,0,0.00469048,0.113167,0.00978571,0.442119,0.00814286,0.0216429,2.83288,17.0238,51.3571,0.166667
0,0,0,0,0,0,0,0,0,0,0,0,0.555,0,0,0,0,0,4.0425,0,0,0,0,0,0,0,6.9875,0,0,0,0,0,0,0,0,0,2.3875,0,0.49,0,0,0,0,0,2.3875,0,0,0,0,0,0,0,0,0,1.527,5.25,23.75,0
0,0,0,0,1.28875,0,0,0,0,0,0,3.475,0,0,0,0,0,0,0,0,0,0,0,0,0.80875,0.80875,0,0,9.02375,0,0,0,0,0,0,0,0,0,0,0,0,8.4,0,0,0,0,0,0,0,0,0,0.213,0,0,1.41112,3.375,13.75,0
0.0763636,0.0436364,0.2275,0,0.282273,0.0606818,0.0890909,0.0561364,0.0170455,0.0811364,0.0868182,0.618636,0.190455,0,0.0281818,0.0588636,0.201818,0.171136,1.65727,0.0175,0.528182,0,0.0436364,0.00909091,0.575909,0.268636,0.0804545,0,0.0627273,0.132273,0,0,0.258182,0,0.0595455,0.112273,0.0922727,0,0,0,0.0213636,0.0784091,0.0272727,0.227045,0.164091,0.0359091,0.0284091,0.0354545,0.0151364,0.159818,0.00884091,0.304136,0.00945455,0,1.52034,5.75,70.2955,0.227273
0.109706,0.0602941,0.280588,0,0.179412,0.0647059,0.332353,0.197941,0.0888235,0.171176,0.0988235,0.435588,0.0197059,0.0682353,0.0411765,0.259412,0.214412,0.137647,1.61912,0,0.705588,0,0,0.0535294,0.325882,0.234706,0.0870588,0.379706,0.157059,0,0,0.0205882,0,0.0205882,0.189118,0.0791176,0.587941,0,0.111176,0,0,0.157059,0.0411765,0.0341176,0.171471,0.0658824,0,0,0.0421176,0.234853,0.00602941,0.3395,0.0955882,0.00558824,3.74912,25.5,67.7941,0.588235
0.1574,0.0668,0.4858,0.0116,0.2356,0.0698,0.1026,0.2006,0.0732,0.269,0.0698,0.3512,0.044,0.006,0,0.4584,0.315,0.2184,1.9348,0.2358,1.1356,0.396,0.0948,0.1038,0.1608,0.059,0,0.0414,0.011,0.0488,0,0,0,0.006,0.0796,0.0462,0.1402,0,0.0116,0.0466,0,0,0.0132,0,0.2196,0.481,0.0278,0.0682,0.02076,0.14652,0.0153,0.40814,0.31874,0.21276,4.9161,71.02,310.6,0.58
0,0.0862857,0.206571,0,0.386571,0.0222857,0.338286,0,0.0157143,0.248857,0,0.485143,0.216286,0.0891429,0,0.654,0.0351429,0.378857,3.44171,0,1.39571,0,0,0.0928571,0,0.0245714,0.0742857,0,0,0,0,0,0,0,0,0,0,0,0,0,0,0.146286,0,0.0737143,0.449143,0.494571,0,0,0.00882857,0.0294571,0,0.145057,0.0262857,0,4.65817,50.3429,76.5429,0.428571
0,0,0,0,0,0,0,0,0,0,0,0,0,0,0,0,0,0,0,0,0,0,0,0,0,0,0,0,0,0,0,0,8.33,0,0,0,0,0,0,0,0,0,0,0,0,0,0,0,0,0.687,0,0,0,0,1.903,17,59,0
0,0,0,0,0.035,0,0,0,0,0.07,0,0.035,0,0.117419,0,0,0,0,0.180161,0,0.0877419,0,0,0,0.07,0,0.366774,0,0,0,0.201613,0,0,0,0,0,0,0,0,0,0,0.169677,0,0.0503226,0.723548,0.684516,0,0.295645,0,0.0788387,0.0895806,0.154629,0,0,1.32694,1.98387,6.40323,0.0322581
0.105349,0.115581,0.30907,0.445581,0.324651,0.116279,0.0781395,0.0860465,0.290465,0.272558,0.0744186,0.492326,0.119302,0.0513953,0.0946512,0.321395,0.123721,0.193953,1.46605,0.0374419,0.722326,0.878372,0.198837,0.13186,0.276744,0.157209,0.00976744,0.0109302,0.0116279,0.0072093,0.0155814,0,0.055814,0.00302326,0.02,0.0416279,0.132326,0.000930233,0.0232558,0.0186047,0.00162791,0.0130233,0,0.014186,0.0239535,0.0334884,0,0.0127907,0.0365814,0.159953,0.0269535,0.218791,0.139279,0.116488,5.94828,114.326,1374.05,0.651163
0,0,0,0,0,0,0,0,0,0,0,0,0,0,0,0,0,0,0,0,0,0,0,0,0,0.649091,11.6773,0,0,0,0,0,0,0,0,0,0,0,0,0,0,1.01,0,0,0.302727,0,0,0.378636,0.118727,0.159455,0,0.1105,0,0,1.55977,3.13636,8.68182,0
0.174141,0.0706061,0.259495,0,0.293434,0.103838,0.0529293,0.0111111,0.0170707,0.0890909,0,0.630707,0.0859596,0.0325253,0.00666667,0.212525,0.0386869,0.190909,1.74889,0.0157576,0.574141,0,0.00444444,0.0365657,0.199798,0.272828,0.186667,0,0.216667,0.0227273,0.0117172,0,0.0607071,0,0,0.0471717,0.132222,0,0.0385859,0.010101,0.0838384,0.344646,0.0157576,0.145556,0.427677,0.197677,0.010303,0,0.0237576,0.114051,0.00827273,0.115162,0.0159495,0.006,1.48011,4.43434,33.1616,0.151515
0.01,0.0827941,0.347206,0,0.393824,0.0225,0.0323529,0.0342647,0.0239706,0.0573529,0,0.546912,0.168824,0.0557353,0,0.100882,0.0905882,0.280147,1.02735,0,0.414265,0,0,0,0.177353,0.179853,0.348382,0,0.07,0.110294,0,0,0.0976471,0,0,0,0.113971,0.0505882,0.0677941,0,0.0229412,0.284853,0.0767647,0.209559,0.349412,0.141029,0,0.0367647,0.0161912,0.175059,0.0161471,0.158779,0,0.00180882,1.371,3.51471,20.3235,0.0735294
0.106389,0.218611,0.581944,0.548056,0.431944,0.181667,0.268611,0.1925,0.0836111,0.240833,0.133889,0.547222,0.0963889,0,0,0.416111,0.355278,0.441389,2.28833,0.490833,1.53056,0.0238889,0.134167,0.199722,0.0558333,0.0694444,0.00888889,0,0.04,0.04,0,0,0.0075,0,0.0355556,0.0202778,0.127778,0,0.0663889,0.00527778,0,0,0.0211111,0.0211111,0.130833,0.0344444,0,0,0.0128611,0.0873056,0.0236667,0.444472,0.0706389,0.0334722,7.42831,132.528,302.5,0.888889
0.117377,0.0177049,0.239016,0,0.194098,0.00983607,0.0272131,0.0759016,0.0108197,0.250984,0.064918,0.637869,0.0177049,0.0191803,0.0111475,0.19377,0.0459016,0.169836,0.921967,0.0152459,0.265082,0,0,0.0545902,1.27,0.656066,0.33082,0.287541,0.258689,0.514918,0.249508,0.150164,0.417049,0.150164,0.394098,0.33459,0.234262,0,0.517705,0.150164,0.155246,0.177377,0.0522951,0.127049,0.137869,0.11918,0,0.0631148,0.00578689,0.176639,0.0045082,0.0886066,0.00747541,0.0082623,1.99156,8.80328,48.1311,0.131148
0.12519,0.0531646,0.206835,0.0122785,0.253797,0.127848,0.0501266,0.102911,0.0474684,0.214684,0.0441772,0.505949,0.102025,0.0402532,0.00113924,0.129873,0.149367,0.106203,1.21329,0.102532,0.470506,0.79519,0.170506,0.0553165,0.975063,0.366076,0.131519,0.0463291,0.0727848,0.0564557,0.0679747,0.0160759,0.111646,0.0160759,0.0451899,0.0777215,0.297595,0.00240506,0.0213924,0.0181013,0.0626582,0.0421519,0.0486076,0.09,0.093038,0.32038,0,0.0153165,0.311127,0.182329,0.0341392,0.138772,0.0771772,0.0791013,3.31275,26.0759,313.468,0.379747
0.182273,0.213182,0.208182,0,0.735455,0.217727,0.390455,0,0.151818,0.386364,0.222727,0.322273,0.213636,0,0,0.961364,0.120909,0.286364,1.82682,0.237273,0.878182,0,0,0.430455,0.0909091,0.0540909,0.162273,0,0,0.0672727,0,0,0.168636,0,0.0909091,0.0409091,0.0886364,0,0,0.0618182,0.0118182,0.0736364,0.0318182,0.0877273,0.101364,0.0554545,0,0,0,0.05,0,0.511636,0.0690455,0.901318,7.19627,69.0455,113.273,0.727273
0.141235,0.127407,0.391481,0.0375309,0.326296,0.0982716,0.0883951,0.144074,0.189753,0.342963,0.107407,0.491852,0.119259,0.0311111,0.105432,0.30321,0.208642,0.279259,1.60012,0.19,0.974815,0.497654,0.186543,0.114074,0.375802,0.154321,0.0760494,0.108272,0.0485185,0.0517284,0.0350617,0.0264198,0.0288889,0.0264198,0.0620988,0.0722222,0.0974074,0.0471605,0.0495062,0.0990123,0.0114815,0.0883951,0.0428395,0.0138272,0.0939506,0.0517284,0.018642,0.0477778,0.21663,0.15084,0.0117037,0.304679,0.0828519,0.122321,3.66112,46.5556,372.494,0.592593
0,0.0783333,0.261667,0,0.775,0.0466667,1.85667,0.9025,0.9025,1.0275,0.9025,0.506667,0,0.0891667,0,1.10583,2.5125,0.075,1.47083,0.9025,3.05333,0,0.2925,0.0891667,0,0,0,0,0,0,0,0,0,0,0,0,0.3675,0,0.0891667,0,0,0,0,0,0,0,0,0,0,0.0720833,0,0.73125,0.115417,0.0831667,70.9209,286.917,312.25,1
0.100429,0.156,0.383286,0.813714,0.284857,0.100429,0.0605714,0.207429,0.251,0.495857,0.121571,0.466429,0.114857,0.0694286,0.148714,0.259286,0.184286,0.269429,1.15971,0.134714,0.755857,0.701857,0.0888571,0.154571,0.658571,0.173714,0.0342857,0.0345714,0.0108571,0.0398571,0.0285714,0.00271429,0.143857,0.00542857,0.0848571,0.043,0.143,0.00185714,0.04,0.0368571,0.0122857,0.0168571,0.00428571,0.003,0.0438571,0.0494286,0.00442857,0.0428571,0.0545857,0.121071,0.0205714,0.265629,0.116986,0.0955,4.62156,72.7286,922.514,0.642857
0,0.03675,0,0,0.1845,0,0.1135,0,0,0.3735,0,1.24275,0,0.31575,0,0.472,0,0.03675,0.87525,0.0555,0.06925,0,0,0.264,0,0,0.2025,0.2555,0.096,0.147,0,0,0,0,0.243,0,0,0,0.1805,0,1.1,0.096,0,0,0.064,0.975,0,0.08325,0.09615,0.135,0.03875,0.238325,0,0.018775,3.1985,9.9,16.875,0.125
0.0869643,0.127321,0.311607,0,0.253214,0.0903571,0.235536,0.0814286,0,0.129821,0.0741071,0.670536,0.136607,0,0.0319643,0.2375,0.0846429,0.16625,2.07321,0,0.769821,0,0.0253571,0,0.158393,0.0641071,0.148929,0,0.0835714,0.03875,0.01,0,0.120179,0,0.00910714,0.03875,0.065,0.0142857,0.03875,0,0,0.142679,0.0407143,0.0880357,0.270714,0.123214,0,0.0328571,0.0230357,0.125554,0,0.165839,0.0188929,0.0149464,1.53137,5.14286,53.5,0.25
0.118871,0,0.250484,0,0.180323,0.0391935,0,0.0948387,0,0.0309677,0,0.51371,0,0.0619355,0,0.35871,0.0459677,0.0240323,0.15371,0,0.0990323,0,0,0,0.0240323,0.0240323,0.668871,0,0,0.0670968,0,0,0.113065,0,0.322581,0,0,0.0459677,0.0474194,0,0.12871,0.36129,0,0.342581,0.815968,0.344194,0,0,0.00670968,0.144871,0,0.0899677,0.0232742,0,1.47276,3.12903,9.8871,0.0322581
0.0619355,0.137634,0.300108,0.0129032,0.334516,0.114301,0.118065,0.113333,0.057957,0.236452,0.0577419,0.536774,0.223226,0.0403226,0.10957,0.133333,0.116667,0.280645,1.44505,0.0745161,0.74,0.445914,0.178495,0.0982796,0.666129,0.273226,0.185376,0.123871,0.102903,0.110108,0.055914,0.0676344,0.0810753,0.0710753,0.073871,0.103548,0.139247,0,0.0669892,0.0863441,0.0150538,0.0422581,0.0724731,0.0316129,0.116344,0.0587097,0,0.015914,0.0924516,0.184935,0.0304409,0.173355,0.136301,0.0553011,3.27303,26.2366,255.065,0.55914
0.102099,0.0261728,0.0703704,0,0.351852,0.0927161,0.0219753,0.101728,0,0.0704938,0,0.557531,0.058642,0.0582716,0,0.054321,0.0192593,0.0232099,0.261605,0.0333333,0.149259,0,0.0261728,0.0208642,0.226914,0.133827,0.388025,0,0.0958025,0,0,0,0.549136,0,0,0.0219753,0.0660494,0.091358,0.071358,0,0,0.577284,0.0881481,0.185185,0.594444,0.469753,0.0261728,0,0.0170494,0.0832593,0.0263951,0.132,0,0,1.55142,3.91358,15.0494,0.037037
0,0,0,0,0,0,0,0,0,0,0,0,0,0,0,0,0,0,0,0,0,0,0,0,0,0,0,0,0,0,0,0,0,0,0,0,0,0,0,0,0,0,0,15.83,0,0,0,0,0,0,0,0,0,0,1.475,2.5,5.25,0
0.0188889,0.0587302,0.267302,0,0.257937,0.00952381,0.113968,0.0215873,0.0834921,0.102857,0.00952381,0.366667,0.0287302,0.18254,0.0184127,0.42381,0.0871429,0.254444,1.18714,0,0.508571,0,0.015873,0.015873,1.28016,1.13095,0.696349,0.480794,0.421429,0.456508,0.44254,0.348571,0.0477778,0.348571,0.550476,0.462698,0.221429,0,0.130159,0.348571,0.101746,0.247619,0.118095,0.184762,0.392063,0.169365,0,0.0625397,0.0064127,0.204127,0.0532063,0.19627,0.0149048,0.00846032,2.24476,10.0794,36.6984,0.174603
0,0,0,0,0,0,0,0,0,0,0,0,0,0,0,0.37037,0,0,0,0,0,0,0,0,0,0,20.987,0,0,0,0,0,0,0,0,0,0,0,0,0,0,0,0,0,0,0,0,0,0,0,0,0,0,0,1.16356,1.51852,5.13889,0
0.129167,0.0911111,0.301528,0.00222222,0.298611,0.0976389,0.0980556,0.107917,0.446528,0.448056,0.0945833,0.525,0.131528,0.144444,0.07125,0.299583,0.0665278,0.352778,1.61347,0.291944,1.07556,0.990139,0.102361,0.186389,0.366389,0.156944,0.0344444,0.0193056,0.00125,0.0204167,0.0325,0.00125,0.0776389,0.00125,0.193472,0.0201389,0.166111,0.000694444,0.0183333,0.0418056,0.00972222,0.0519444,0.0075,0.0190278,0.0420833,0.0386111,0.0201389,0.0366667,0.047625,0.113458,0.0491667,0.342486,0.224069,0.10475,5.59783,80.0139,1102.92,0.638889
0.0505455,0.0989091,0.368182,0,0.655273,0.122364,0.262545,0.174545,0.0623636,0.221273,0.102182,0.685818,0.0674545,0,0.225455,0.293273,0.301636,0.419818,2.22345,0.420364,1.34182,0.214727,0.266364,0.110909,0.320364,0.137636,0.0592727,0.117636,0.0249091,0.137636,0.0249091,0.0249091,0.0290909,0.0249091,0.0418182,0.0412727,0.0807273,0,0.158909,0.110364,0.0192727,0.0223636,0.00654545,0,0.190364,0.0498182,0,0,0.00478182,0.145018,0.00118182,0.299127,0.0954545,0.0413091,6.06916,58.4364,145.436,0.654545
0.152778,0.121111,0.258056,0.0102778,0.195833,0.0908333,0.0283333,0.233889,0.198889,0.2725,0.0933333,0.476389,0.171389,0.0683333,0.0636111,0.266111,0.187778,0.186111,1.35028,0.139444,0.697222,0.706944,0.219444,0.216389,0.528333,0.0975,0.00694444,0.00361111,0.00416667,0.0283333,0.01,0,0.112222,0,0.0102778,0.118611,0.165833,0.0125,0.0241667,0.0288889,0.0247222,0.00472222,0.00944444,0.0266667,0.0372222,0.110833,0.00305556,0.045,0.0486667,0.126222,0.0418611,0.182639,0.12025,0.0944167,5.42706,115,1760.22,0.472222
0.0334286,0.284,0.299143,0,0.282857,0.0837143,0.269429,0.126571,0,0.337143,0.112286,0.269429,0.018,0.110286,0.0145714,0.389143,0.226571,0.39,2.14886,0.0805714,0.991429,0.0428571,0.150286,0.133714,0.668286,0.299143,0.359429,0.179714,0.012,0.166857,0.012,0.0808571,0.0608571,0.0808571,0.0531429,0.012,0.162571,0,0.0985714,0.0397143,0.0485714,0.0217143,0.120286,0.032,0.23,0.730286,0.0205714,0,0.0126857,0.121457,0.0104286,0.2636,0.0564,0.223829,2.45431,18.8571,95.4571,0.514286
0.0324286,0,0.140714,0,0.219571,0,0.0317143,0.191286,0.0475714,0.08,0,0.743714,0.0365714,0.028,0,0.257143,0.0475714,0.124143,2.08014,0,0.508429,0,0.0962857,0.285429,0.683857,0.484429,0.296857,0.163714,0.0544286,0.135714,0.106714,0,0.051,0,0.119143,0.0681429,0.214,0,0.147,0.0317143,0.104,0.176,0.0415714,0.170286,0.457429,0.134571,0,0.0894286,0.0268714,0.111086,0.0229857,0.384971,0.0592857,0.0432857,2.42819,10.5286,27.5429,0.328571
0.21,0.448824,0.646471,0.0823529,0.291176,0.0241176,0.437647,0.0335294,0.169412,0.931176,0.145294,0.911765,0.0476471,0.0776471,0.177059,1.51235,0.374706,0.0370588,1.97235,0.135882,1.54941,0,0.0482353,0.146471,0.0317647,0.0470588,0.0170588,0.0341176,0,0,0,0,0,0.0170588,0.0341176,0.0135294,0.0358824,0,0,0,0,0,0,0,0.120588,0,0,0.0452941,0.0170588,0.0634706,0,0.830765,0.316118,0.0754118,40.6247,379.294,549.412,0.882353
0.0770149,0.10403,0.227612,0,0.395821,0.0849254,0.0764179,0.0774627,0.0553731,0.127015,0.0498507,0.576716,0.0691045,0,0,0.12,0.166716,0.159851,1.20313,0,0.414179,0,0.0334328,0.0131343,0.712836,0.430299,0.363731,0.223284,0.101194,0.156567,0.0670149,0.0468657,0.171343,0.0468657,0.140448,0.199701,0.267015,0.00552239,0.188657,0.0753731,0.0564179,0.0459701,0.14209,0.114627,0.289403,0.177313,0,0.11209,0.0379701,0.134358,0.023209,0.150433,0.0403731,0.0355821,2.02349,11.9104,111.687,0.238806
0,0.471154,0.122692,0,0.154615,0,0.353846,0,0,1.255,0,0.475,0.121538,0.109615,0,0.045,0,0.109615,2.35231,0,0.826538,0,0,0.171538,0,0.0834615,0.806154,0.67,0,0,0,0,0.191154,0,0,0.109615,0.516154,0,1.21538,0,0.0492308,0,0.0723077,0.0907692,0.594231,0,0,0,0.0986154,0.385,0,0.0981538,0.0214615,0.00780769,3.76373,23.4231,39.8077,0.307692
0.0416129,0.0564516,0.490161,0,0.171129,0.0229032,0.117903,0.0585484,0,0.233387,0.0491935,0.820323,0.0427419,0.0532258,0,0.225323,0.0477419,0.268871,4.56452,0.0612903,0.89,0,0,0.0258065,0.0575806,0,0.247742,0,0.0704839,0.0758065,0,0,0,0,0,0.0396774,0.0619355,0.0145161,0.0159677,0.0154839,0,0.195484,0.0730645,0.0290323,0.469194,0.101452,0,0.0146774,0.0200323,0.059629,0,0.55871,0.015371,0,1.43868,3.85484,18.0645,0.258065
0.119222,0.0222222,0.223,0,0.140222,0.0962222,0.0636667,0.197222,0.0294444,0.219333,0.0162222,0.535333,0.068,0.00255556,0.00677778,0.227333,0.118444,0.285444,1.45022,0.0298889,0.627889,0,0.008,0.00255556,1.15567,0.513444,0.319889,0.269222,0.153889,0.292,0.115889,0.0678889,0.286,0.0678889,0.192444,0.175444,0.298,0.0208889,0.161111,0.126,0.0347778,0.131111,0.0802222,0.136444,0.177111,0.0793333,0,0.0201111,0.0194778,0.144944,0.0277556,0.192589,0.0338889,0.191756,1.93056,9.26667,61.9222,0.288889
0.0808333,0.117917,0.48375,0,0.3675,0.107917,0.137083,0.0808333,0.35625,0.314167,0.0841667,0.8275,0.15375,0.0133333,0.035,0.394583,0.203333,0.3575,2.13375,0.08875,0.935833,0,0.346667,0.105,0.364583,0.1425,0,0,0.0208333,0.0104167,0,0,0,0.0258333,0.00833333,0.0216667,0.109583,0,0.00833333,0,0,0.00833333,0.0170833,0,0.0895833,0,0,0.05,0.0225833,0.1585,0.00233333,0.55525,0.14825,0.0332917,7.98217,135.542,516.708,0.791667
0.0820513,0.0782051,0.335128,0.0111538,0.33859,0.10359,0.0552564,0.133462,0.0832051,0.280128,0.0620513,0.477051,0.0888462,0.0217949,0.0169231,0.270513,0.123333,0.168205,1.34449,0.0255128,0.772564,0.0237179,0.0817949,0.0711538,0.710513,0.354615,0.153974,0.125769,0.0651282,0.139615,0.0924359,0.0461538,0.165,0.0461538,0.08,0.132949,0.29,0.0194872,0.104359,0.0719231,0.0102564,0.0407692,0.0955128,0.124615,0.168846,0.099359,0.0139744,0.0375641,0.0254103,0.207,0.0224231,0.136897,0.0518718,0.040359,2.58445,21.141,215.449,0.423077
0.133762,0.102376,0.226238,0.124257,0.355149,0.102376,0.0614851,0.111584,0.216733,0.341881,0.104059,0.77099,0.128713,0.0743564,0.0595049,0.155545,0.156535,0.144851,1.47386,0.0710891,0.966832,0.585149,0.162079,0.127426,0.654356,0.197426,0.0173267,0.0278218,0.019802,0.0361386,0.00475248,0,0.123267,0,0.0270297,0.0781188,0.134257,0.0157426,0.0168317,0.00871287,0.0579208,0.0723762,0.00514851,0.0188119,0.0707921,0.293168,0.0253465,0.0211881,0.0445743,0.138495,0.0208515,0.153317,0.0635446,0.0808119,3.67361,46.703,512.99,0.564356
0,0,0,0,0,0,0,0,0,0,0,0,0,0,0,0,0,0,0,0,0,0,0,0,0,0,0,0,0,0,0,0,0,0,0,0,0,0,0,0,0,0,0,0,0,0,0,0,0,0,0,0,0,0,0,0,0,0
0,0,0,0,0,0,0,0,0,0,0,0,0,0,0,0,0,0,0,0,0,0,0,0,0,0,0,0,0,0,0,0,0,0,0,0,0,0,0,0,0,0,0,0,0,0,0,0,0,0,0,0,0,0,0,0,0,0
0.223519,0.108333,0.302963,0.0238889,0.640185,0.130741,0.204074,0.207037,0.0216667,0.165185,0.0459259,0.489259,0.0488889,0,0.0448148,0.553519,0.204815,0.126111,1.79593,0.113148,1.21093,0.0551852,0.145926,0.0381481,0.361481,0.180185,0.161296,0.136111,0.0135185,0.0574074,0.00944444,0.0196296,0.055,0.0362963,0.100926,0.07,0.120185,0,0.0374074,0.0214815,0.0761111,0.0464815,0.0203704,0.0748148,0.167778,0.140741,0,0.0466667,0.0126296,0.130352,0.0177963,0.478981,0.11387,0.0252222,2.87063,23.6296,126.5,0.611111
0.0758621,0.158276,0.333966,0,0.237069,0.0762069,0.108966,0.022069,0.022069,0.234828,0.0282759,0.506897,0.308276,0.022069,0,0.524138,0.0567241,0.111379,1.75448,0.0460345,0.883448,0,0.0910345,0.00706897,0.772414,0.351552,0.51069,0.251207,0.158621,0.193103,0.21431,0.136034,0.0543103,0.136034,0.324138,0.158621,0.216552,0.00706897,0.188966,0.151379,0.045,0.349655,0.167241,0.271379,0.267414,0.161897,0,0,0.0108966,0.129828,0.0129483,0.280103,0.244293,0.0255,2.34766,11.7586,42.8966,0.344828
0.0753333,0,0.258333,0,0.172333,0.068,0.031,0,0.0546667,0.169333,0,0.418667,0.17,0.0573333,0,0.197333,0.0716667,0.0436667,1.77533,0.399667,0.679333,0.0863333,0,0.0436667,0.120667,0.151,0,0.138667,0,0,0,0,0,0,0.05,0.0656667,0,0,0,0,0,0.0276667,0,0.026,0.313333,0.434,0,0,0.0086,0.0713,0.00646667,0.0960333,0.0285667,0.0299333,3.54993,48.0667,98.7667,0.233333
0,14.1478,0,0,0,0,0,0,0,0.132222,0,0,0,0,0,0,0,0,0,0,0,0,0,0,0,0,0,0,0,0,0,0,0,0,0,0,0,0,0,0,0,0,0,0,0.132222,0,0,0,0,0,0,0,0,0,1.77778,4.88889,9.02778,0
0.0777778,0.0673148,0.326574,0,0.425,0.266296,0.120741,0.143426,0.0328704,0.259352,0.025463,0.53,0.109537,0.0128704,0.00787037,0.268148,0.131111,0.177222,1.59787,0.00342593,1.36287,0,0.168426,0.12463,0.571296,0.386296,0.195463,0.153796,0.0911111,0.151481,0.0780556,0.0533333,0.077037,0.050463,0.118056,0.115833,0.142315,0.00212963,0.0546296,0.0625,0.0538889,0.035463,0.0861111,0.010463,0.277963,0.146389,0.0147222,0.0062037,0.0363519,0.1555,0.0226204,0.152852,0.0676667,0.00884259,2.09828,13.4907,141.185,0.481481
