0,0,0,0,0,0,0,0,0,0,0,0,0,0,0,0.366972,0,0,0,0,0,0,0,0,0,0,20.9473,0,0,0,0,0,0,0,0,0,0,0,0,0,0,0,0,0,0,0,0,0,0,0,0,0,0,0,1.16939,1.55046,5.17431,0
0.151343,0.146716,0.826866,0.00283582,0.707612,0.520149,0.272836,0.136716,0.56597,0.458209,0.203284,0.601194,0.150746,0.0797015,0.967015,0.304776,0.11209,0.760149,1.5091,0.820448,0.926119,0.0862687,0.517612,0.144478,0.051194,0.00134328,0.021791,0.00716418,0,0.00865672,0,0,0.00313433,0.00567164,0.00432836,0,0.0129851,0,0,0.0401493,0,0,0.0835821,0.0119403,0.0447761,0.0364179,0,0,0.00285075,0.0761343,0.0011194,0.448209,0.160104,0.019791,108.883,790.104,1415.94,0.985075
0.16,0.159652,0.367739,0,0.363913,0.0603478,0.0225217,0.117478,0.0170435,0.198522,0.00834783,0.562696,0.0843478,0.0669565,0,0.294696,0.0135652,0.250435,1.27496,0.181565,0.653565,0,0.0184348,0.0937391,0.111391,0.0905217,0.221826,0,0.0467826,0,0,0,0.153826,0,0,0.00869565,0,0.0713913,0.0505217,0.0101739,0.0895652,0.35913,0.0310435,0.0602609,0.390696,0.28087,0.0253913,0,0.0231391,0.100313,0,0.17913,0,0,1.33019,2.88696,12.6522,0.0782609
0.104648,0.166761,0.397887,0.199296,0.312676,0.111972,0.0557746,0.201972,0.316197,0.555493,0.128873,0.532817,0.130704,0.0684507,0.171549,0.262676,0.187324,0.332676,1.26127,0.138873,0.845352,0.691972,0.122394,0.173662,0.585915,0.149014,0.0338028,0.0307042,0.00887324,0.0302817,0.0194366,0.00267606,0.140986,0.00535211,0.0721127,0.0405634,0.133944,0.00183099,0.0323944,0.036338,0.0121127,0.0149296,0.00422535,0.00295775,0.0398592,0.0487324,0.0043662,0.0367606,0.0533239,0.114761,0.0202817,0.303831,0.170352,0.0961831,4.84318,80.9296,926.465,0.676056
0.0794118,0.148235,0.359412,0.0178431,0.417843,0.127059,0.127647,0.152745,0.0545098,0.319216,0.0247059,0.616078,0.277843,0.0105882,0.150196,0.131569,0.172353,0.369412,1.39,0.0482353,0.905882,0.0441176,0.186078,0.0737255,0.504706,0.28549,0.208627,0.116863,0.11451,0.121765,0.0445098,0.0445098,0.08,0.0445098,0.0866667,0.0743137,0.126471,0.00137255,0.057451,0.117843,0.027451,0.0647059,0.0519608,0.0501961,0.0784314,0.0290196,0,0.022549,0.0247059,0.172216,0.0212157,0.19751,0.114569,0.0195098,3.21165,29.9216,243.137,0.568627
0.08875,0.175,0.5,0.030625,0.60375,0.059375,0.529375,0.17875,0.018125,0.47125,0.054375,0.574375,0.17875,0.014375,0,1.01688,0.244375,0.345,2.1825,0.015,0.830625,0,0.485625,0.094375,0.338125,0.07,0,0,0.03125,0.015625,0,0,0,0.03875,0,0.026875,0.14,0,0,0,0,0.0125,0,0,0.205,0,0,0.075,0.0383125,0.184437,0,0.383312,0.162063,0.012,11.2277,193.438,501.25,0.75
0.149324,0.242027,0.224595,0,0.38527,0.0967568,0.107703,0.0921622,0.0218919,0.331757,0.0840541,0.921216,0.104595,0.032027,0.0154054,0.257027,0.0782432,0.168919,1.84135,0.00945946,0.692838,0,0.0158108,0.0701351,0.708108,0.517297,0.272432,0.376622,0.112432,0.16,0.125405,0.102973,0.222162,0.102973,0.152568,0.220946,0.164054,0,0.122432,0.0917568,0.0152703,0.0759459,0.0974324,0.179324,0.161757,0.0444595,0,0.057973,0.00585135,0.164905,0.0136351,0.0995,0.0243108,0.0104324,1.93009,9.32432,89.0676,0.22973
0.30617,0.144894,0.280426,0.0917021,0.0723404,0.106809,0.0193617,0.139787,0.221064,0.399574,0.144681,0.630213,0.341064,0.652766,0.0255319,0.158936,0.276596,0.12,1.86936,0.0476596,0.868511,0.0334043,0.447021,0.28766,0.0951064,0.0604255,0.00510638,0.00148936,0.00212766,0.00382979,0,0,0.309362,0,0,0.0297872,0.176383,0.00148936,0.00659574,0.017234,0.0246809,0.00765957,0.00446809,0.0159574,0.0421277,0.0568085,0.00978723,0.0502128,0.0292553,0.115766,0.00757447,0.24734,0.329319,0.0877872,5.44715,185.447,3357.47,0.744681
0,0,0,0,0.688358,0,0,0,0,0,0,0.0497015,0,0,0,0,0,0.114776,0,0,0,0,0,0,0.149254,0,0.185522,0,0.0710448,0,0,0,0,0,0,0,0,0.124328,0,0,0,0.195373,0,0,0,0,0,0,0,0.107179,0.0609104,0.140254,0,0,1.06467,1.14925,4.01493,0.0149254
0.152778,0.121111,0.258056,0.0102778,0.195833,0.0908333,0.0283333,0.233889,0.198889,0.2725,0.0933333,0.476389,0.171389,0.0683333,0.0636111,0.266111,0.187778,0.186111,1.35028,0.139444,0.697222,0.706944,0.219444,0.216389,0.528333,0.0975,0.00694444,0.00361111,0.00416667,0.0283333,0.01,0,0.112222,0,0.0102778,0.118611,0.165833,0.0125,0.0241667,0.0288889,0.0247222,0.00472222,0.00944444,0.0266667,0.0372222,0.110833,0.00305556,0.045,0.0486667,0.126222,0.0418611,0.182639,0.12025,0.0944167,5.42706,115,1760.22,0.472222
0,0,0,0,0,0,0,0,0,0,0,0.606667,0,0,0,0,0,0,11.382,0,1.418,0,0,1.48333,0,0,0,0,0,0,0,0,0,0,0,0,0,0,0,0,0,0,0,0,2.73733,0.141333,0,0,0.0249333,0,0,0,0,0,1.0642,1.4,5.4,0.133333
0,0.0783333,0.261667,0,0.775,0.0466667,1.85667,0.9025,0.9025,1.0275,0.9025,0.506667,0,0.0891667,0,1.10583,2.5125,0.075,1.47083,0.9025,3.05333,0,0.2925,0.0891667,0,0,0,0,0,0,0,0,0,0,0,0,0.3675,0,0.0891667,0,0,0,0,0,0,0,0,0,0,0.0720833,0,0.73125,0.115417,0.0831667,70.9209,286.917,312.25,1
0.106452,0.0990323,0.389032,0,0.229194,0.0848387,0.201935,0.0656452,0,0.146452,0.0508065,0.696935,0.105323,0,0.0580645,0.233387,0.0764516,0.111129,1.85613,0,0.642258,0,0.110806,0,0.223387,0.0417742,0.121935,0,0.0974194,0.0195161,0,0,0.166613,0,0.0359677,0.0593548,0.112903,0.0129032,0.197742,0,0.0477419,0.264677,0.0303226,0.0691935,0.257581,0.136774,0,0.0551613,0.0117097,0.123548,0,0.178452,0.0322742,0.016129,1.62861,5.64516,52.3871,0.225806
0.094717,0.0492453,0.184717,0.141698,0.537736,0.156038,0.04,0.117736,0.0922641,0.104906,0.0633962,0.559623,0.178302,0.054717,0.00566038,0.111132,0.351887,0.0892453,1.95151,0.0701887,0.627358,0.804906,0.269057,0.0377358,0.773019,0.190566,0.0320755,0.0349057,0.0203774,0.0333962,0.0128302,0.0128302,0.0749057,0.0128302,0.0477358,0.0888679,0.143019,0.0315094,0.0213208,0.0154717,0.0469811,0.0377358,0.0343396,0.00245283,0.0596226,0.0654717,0.0166038,0.0286792,0.240057,0.100981,0.0136792,0.079717,0.0879245,0.0687358,2.7994,25.6226,434.943,0.509434
0.121515,0.0845455,0.217879,0,0.548182,0.234242,0.297576,0,0.0733333,0.330606,0.0824242,0.286364,0.248788,0.0521212,0.0160606,0.742424,0.0678788,0.199697,1.94576,0.010303,0.688485,0,0.01,0.30697,0.0763636,0.0763636,0.108182,0.0806061,0,0.0448485,0,0,0.112424,0,0.0360606,0.0675758,0.0615152,0,0.0245455,0.0412121,0.00787879,0,0.0212121,0.0584848,0.261515,0.369697,0,0,0,0.0580606,0.00827273,0.293727,0.0625152,0.600879,5.65876,59.0606,110.758,0.545455
0,0.0862857,0.180571,0,0.386571,0.0222857,0.309714,0,0.0157143,0.248857,0,0.430571,0.190286,0.0891429,0,0.682857,0.0351429,0.407714,3.286,0,1.34143,0,0,0.0405714,0.439429,0.0245714,0.0742857,0,0,0,0,0,0,0,0,0,0,0,0,0,0,0.146286,0,0.0737143,0.423143,0.468571,0,0,0.00882857,0.0294571,0,0.1382,0.0262857,0,5.18289,50.3143,74.8571,0.4
0,0,0,0,1.28875,0,0,0,0,0,0,3.475,0,0,0,0,0,0,0,0,0,0,0,0,0.80875,0.80875,0,0,9.02375,0,0,0,0,0,0,0,0,0,0,0,0,8.4,0,0,0,0,0,0,0,0,0,0.213,0,0,1.41112,3.375,13.75,0
0.125313,0.204375,0.437187,0.668906,0.265156,0.117969,0.0532813,0.112812,0.266719,0.293594,0.0654687,0.819063,0.209844,0.113906,0.141094,0.137188,0.140469,0.188594,1.77719,0.167812,0.955,0,0.134531,0.172344,0.712812,0.129844,0.0207813,0.0248437,0.0153125,0.0203125,0.0195312,0.0025,0.078125,0.0025,0.0275,0.0510937,0.08625,0.0021875,0.0195312,0.0354687,0.0025,0.079375,0.0359375,0.0115625,0.0275,0.001875,0,0.015,0.155328,0.129016,0.0201094,1.1323,0.272375,0.0169531,4.08884,57.4375,755.781,0.59375
0.085,0.0976471,0.251471,0,0.45,0.108529,0.252647,0.138824,0.0532353,0.213824,0.171765,0.431176,0.187941,0.103235,0.00794118,0.220588,0.143235,0.246471,1.50324,0.125588,0.959412,0,0.0614706,0.0832353,0.404118,0.0994118,0.0355882,0.101176,0.0176471,0.0876471,0.0176471,0.0176471,0,0.0176471,0.0738235,0.177647,0.234706,0,0.0164706,0.0488235,0.00911765,0.00676471,0,0.0273529,0.106471,0.0458824,0,0.0320588,0.0190294,0.0924412,0.00117647,0.248647,0.0936471,0.00802941,3.42315,51.3824,189.353,0.588235
0.0821951,0.12122,0.307561,0.467317,0.335122,0.116585,0.0819512,0.0902439,0.304634,0.274634,0.0668293,0.470976,0.0797561,0.0539024,0.0992683,0.30878,0.118537,0.198049,1.33317,0.0392683,0.683902,0.92122,0.180244,0.115854,0.290244,0.164878,0.0102439,0.0114634,0.0121951,0.00756098,0.0163415,0,0.0585366,0.00317073,0.0209756,0.0436585,0.13878,0.00097561,0.00780488,0.0195122,0.00170732,0.0136585,0,0.014878,0.0197561,0.0351219,0,0.00804878,0.0383659,0.161659,0.0282683,0.193707,0.141,0.105829,5.83883,104,1374.73,0.634146
0.405185,0.042037,0.35963,0,0.788519,0.0248148,0.173333,0.161852,0.0555556,0.113889,0.0196296,0.519259,0.0498148,0.0135185,0.00592593,0.457222,0.289259,0.13963,2.17019,0.0962963,1.17926,0,0.236111,0.0785185,0.203519,0.0559259,0.128889,0.0588889,0.0277778,0.0503704,0.0218519,0.0335185,0.124815,0.0335185,0.0864815,0.09,0.102407,0,0.0477778,0.0218519,0.0796296,0.0764815,0.0183333,0.0642593,0.29,0.167222,0,0.0466667,0.0172222,0.094537,0.013,0.48063,0.183204,0.0259815,2.69344,21.1852,117.204,0.703704
0,0.485926,0.208889,0,0.207407,0,0.399259,0,0,1.20074,0,0.508148,0.117037,0.105556,0,0.101852,0,0.105556,2.43185,0,0.806296,0,0,0.197407,0,0,0.776296,0.645185,0,0,0,0,0.184074,0,0,0.105556,0.497037,0,1.10074,0.154074,0.0474074,0,0,0.0474074,0.604444,0,0,0,0.094963,0.34037,0,0.108259,0.0257778,0.0298148,3.82707,23.6296,40.4074,0.333333
0,0,0.160476,0,0.445714,0,0,0,0.0609524,0.16381,0,0.295714,0,0.0609524,0,0.0657143,0,0.255714,0.894762,0,0.356667,0,0,0,4.03571,2.31381,1.5981,1.8919,1.49714,1.81905,1.52524,1.36476,0.0571429,1.36476,1.79667,1.52524,0,0,0,1.36476,0,0.194286,0,0.256667,0.220952,0,0,0,0,0.50119,0.0778095,0.0924762,0,0.0127619,2.63129,11.3333,39.4762,0
0.225,0.32,0.590556,0.0527778,0.407778,0.344444,0.155,0.202778,0.477778,0.684444,0.246111,0.636111,0.210556,0.0988889,0.313889,0.248889,0.228333,0.389444,2.02333,0.140556,1.51611,0.00944444,0.343889,0.315556,0.518333,0.218333,0.0133333,0,0,0.0405556,0,0,0.075,0,0.04,0.0133333,0.181667,0.0477778,0.0133333,0.0405556,0,0.0405556,0.0188889,0.0272222,0.0938889,0.0794444,0,0,0.00227778,0.178944,0.0331111,0.625944,0.242167,0.0503889,10.0713,306.167,748.222,0.944444
0.238,0.508667,0.652,0.0606667,0.33,0.0273333,0.448,0.038,0.192,0.926667,0.164667,0.936667,0.054,0.0726667,0.200667,1.50267,0.361333,0.042,1.97867,0.154,1.62933,0,0.0546667,0.134667,0.036,0.0533333,0.0193333,0.0386667,0,0,0,0,0,0.0193333,0.0386667,0,0.0253333,0,0,0,0,0,0,0,0.104,0,0,0.0513333,0.00893333,0.0637333,0,0.870933,0.358267,0.0838667,44.8956,393.067,550,0.866667
0.177353,0.160882,0.512353,0,0.325882,0.0541176,0.13,0.211176,0.0932353,0.262941,0.0776471,0.417353,0.0744118,0,0,0.449706,0.354412,0.312941,1.98706,0.21,1.26441,0.345294,0.144412,0.126765,0.108529,0.0985294,0.00941176,0,0.0585294,0.0502941,0,0,0,0,0.0376471,0.0341176,0.167353,0,0.0717647,0.0244118,0,0,0.0417647,0.0141176,0.247941,0.0702941,0,0.0835294,0.0225882,0.102029,0.0104118,0.467765,0.423088,0.0445882,5.70344,92.5882,320.853,0.705882
0.216286,0.144143,0.342143,0,0.405286,0.187857,0.0765714,0.183714,0.393286,0.383429,0.0967143,0.612143,0.0817143,0.180714,0.111286,0.178143,0.342571,0.068,1.47886,0.214286,1.12429,0.448571,0.0687143,0.295857,0.614714,0.148714,0.0281429,0.0134286,0.006,0.0222857,0.017,0.006,0.0927143,0.006,0.0252857,0.0651429,0.122286,0.00842857,0.0147143,0.0354286,0.0261429,0.181143,0.022,0.00842857,0.0658571,0.0725714,0.00785714,0.0154286,0.117514,0.168957,0.0131,0.2892,0.152114,0.0503857,4.31813,80.5429,645.8,0.528571
0.328286,0.287429,0.328857,0.00371429,0.255143,0.066,0.036,0.148857,0.435714,0.535143,0.220571,0.596857,0.371429,0.762,0.0811429,0.248571,0.340857,0.102857,2.44,0.0368571,1.1,0.048,0.403143,0.384857,0.0888571,0.0917143,0.00114286,0.000571429,0.000571429,0,0,0,0.127143,0,0.002,0.034,0.141429,0.00257143,0.00257143,0.0334286,0.00457143,0.00171429,0.00657143,0.004,0.0548571,0.0194286,0.002,0.0165714,0.0294286,0.0994857,0.0102571,0.339857,0.451857,0.102629,7.83891,361.771,2360,0.885714
0,0.03,0.0916327,0,0.294286,0.0767347,0.0453061,0.149592,0.0679592,0.177959,0,0.630816,0.0522449,0,0,0.33449,0.0679592,0.11,2.14673,0,0.390408,0,0,0.437755,0.266531,0.145102,0.170816,0.136531,0.116122,0.0565306,0.055102,0,0,0,0.151224,0,0.0377551,0,0.150612,0.0453061,0.102041,0.277755,0,0.165306,0.591429,0.104286,0,0.0522449,0.107653,0.119449,0.0138776,0.437122,0.0254694,0.0406327,2.82465,12.2449,25.2653,0.44898
0.0634043,0.215532,0.28617,0,0.308723,0.246596,0.120426,0.0476596,0.07,0.284468,0.0485106,0.542979,0.0455319,0,0.00617021,0.219574,0.0738298,0.22,1.66681,0.0980851,0.985106,0.026383,0.127021,0.123617,0.509574,0.23766,0.303404,0.09,0.142979,0.112553,0.0693617,0.0687234,0.198085,0.0687234,0.126596,0.067234,0.227234,0,0.101064,0.092766,0.0151064,0.0893617,0.096383,0.0138298,0.212766,0.0385106,0,0.0568085,0.00304255,0.215915,0.0376809,0.392702,0.0946596,0.0272979,3.537,30.1064,156.723,0.553191
0.095,0.468,0.364667,2.364,1.10733,0.0533333,0.787333,0.197333,0.0793333,0.282667,0.047,0.427667,0.217333,0.112,0,0.941,1.81133,0.326667,2.394,0.374667,1.857,0,0.0106667,0.120667,0,0,0,0,0,0.0323333,0,0,0,0,0,0,0.155333,0.052,0,0,0,0,0,0,0,0,0,0,0,0.130867,0,0.771467,0.1894,0.0441333,8.84587,136,191.1,0.966667
0.527619,0.681429,0.802857,0.43619,0.318571,0.196667,0.0580952,0.431429,0.392381,1.44571,0.0428571,1.59762,0.11619,0.323333,0.328571,0.341905,0.107143,0.61,1.97048,0.357143,3.54048,0.0180952,0.419524,0.22,0,0,0,0,0,0,0,0,0.0157143,0,0.0542857,0,0.017619,0,0,0,0,0,0,0,0,0,0,0,0.0261429,0.160238,0,1.06733,0.169333,0.0674762,43.5901,636.238,853.524,1
0.1125,0.121667,0.50625,0.822083,0.359167,0.214167,0.527917,0.145833,0.0545833,0.134167,0.200833,0.497917,0.0629167,0,0,0.456667,0.37125,0.305833,2.12333,0.704583,1.96667,0,0.185,0.2875,0,0,0,0,0,0,0,0,0.01125,0,0,0.0304167,0.08,0,0.0220833,0,0,0,0,0,0.104583,0,0,0,0.01175,0.09925,0.0355,0.438958,0.203292,0.0279583,10.0628,151.583,277.458,1
0.1242,0.1098,0.3784,0.0084,0.3412,0.118,0.0796,0.1114,0.0708,0.3366,0.1302,0.4578,0.1494,0.0504,0.1252,0.3004,0.1628,0.2214,1.2308,0.106,0.7014,0.749,0.2496,0.0612,0.5382,0.218,0.1326,0.1666,0.0746,0.0798,0.0974,0.0388,0.0602,0.0388,0.0854,0.0822,0.1118,0.0328,0.0754,0.0856,0.0186,0.1166,0.038,0.092,0.1272,0.0816,0.0302,0.0516,0.34634,0.148,0.01132,0.19608,0.06858,0.10514,3.3541,30.68,371.72,0.42
0.0546875,0,0.0946875,0,0.223125,0.1075,0,0.347187,0,0.104062,0,0.241562,0,0.1075,0,0,0,0,0.450312,0,1.29844,0,0,0,0,0,0.664063,0,0,0.13,0,0,0.219062,0,0,0,0,0.0890625,0,0,0,0.284375,0,0.256562,4.22656,0.224687,0,0.104062,0,0.109875,0,0.0343438,0,0,1.12031,1.65625,6.90625,0.03125
0,0,0.080137,0,0.0738356,0,0,0,0,0.0594521,0,0.154932,0,0.099726,0,0.0720548,0,0,0.137808,0,0.0441096,0,0,0,1.19137,0.814384,0.0930137,0,0,0,0.171233,0,0,0,0,0.105342,0,0.0883562,0.040274,0,0,0.828493,0,0.942877,0.0186301,0,0,0.205479,0.00569863,0.0412877,0.0760822,0.0420411,0.0197671,0,1.52378,2.76712,7.13699,0.0273973
0,0.067907,0.17907,0,0.233023,0.0139535,0.18814,0,0.122326,0.135581,0.0351163,0.302791,0,0.267442,0.0269767,0.663953,0.127674,0.276512,1.32419,0,0.587442,0,0.0232558,0.0232558,0.385814,0.378605,0.380465,0.0293023,0,0.0293023,0.0293023,0,0,0,0.0997674,0.0888372,0.307209,0,0.160698,0,0.14907,0.184419,0.173023,0.145349,0.519767,0.24814,0,0.0916279,0.0125349,0.0964884,0.0202093,0.239907,0.0218372,0.0123953,2.24823,10.3023,35.8837,0.27907
0.024486,0.074486,0.427944,0,0.261402,0.013271,0.0799065,0.0339252,0.00700935,0.128785,0.0195327,0.650093,0.104953,0.0662617,0,0.178785,0.0493458,0.275888,3.11243,0.035514,0.779533,0,0,0.0149533,0.097757,0.0629907,0.538505,0,0.105047,0.0794393,0,0,0.0460748,0,0,0.0239252,0.0585981,0.0405607,0.0113084,0,0,0.25729,0.074486,0.05,0.507196,0.0937383,0,0.0318692,0.0172991,0.0816075,0.0102617,0.355196,0.00890654,0,1.36076,3.37383,17.9626,0.186916
0.0383333,0.097381,0.258571,0.00333333,0.244762,0.134762,0.0885714,0.0204762,0.0730952,0.167381,0.0733333,0.369524,0.123333,0.0728571,0.0602381,0.0838095,0.0630952,0.154286,1.22643,0.0857143,0.608333,0.773095,0.149524,0.077381,0.857857,0.349524,0.145714,0.132381,0.105,0.0757143,0.0697619,0.0883333,0.0935714,0.0883333,0.0702381,0.123571,0.190714,0,0.0685714,0.0480952,0,0.0166667,0.097381,0.0340476,0.145476,0.100476,0,0.0140476,0.0754524,0.21719,0.0463095,0.127571,0.142333,0.0871905,3.15664,20.5,266.524,0.5
0.08,0.0516667,0.207667,0,0.307833,0.128,0.0548333,0.0568333,0,0.1205,0.0295,0.560667,0.0663333,0.0143333,0.0225,0.185833,0.0448333,0.145833,1.21017,0.007,0.421833,0.0536667,0.0146667,0.0461667,0.808833,0.462,0.228333,0.304333,0.163,0.126,0.110833,0.0616667,0.083,0.0616667,0.154333,0.227,0.2625,0.00616667,0.134167,0.0778333,0.0578333,0.0728333,0.1665,0.137333,0.296667,0.295,0,0.0196667,0.04415,0.134067,0.0306833,0.1317,0.0341167,0.0128,2.14757,11.1667,106.25,0.233333
0,0,0,0,0,0,0,0,0,0,0,0,0,0,0,0,0,0,2.96143,0,0,0,0,0,0,0,0,0,0,0,0,0,0,0,0,0,0,0,1.58714,0,0,0,0,0,15.8071,0,0,0,0,0.326429,0,1.32257,0,0,1.43271,2.85714,7.71429,0
0.137727,0.0834848,0.31697,0.00242424,0.284091,0.105,0.102879,0.106818,0.480758,0.447424,0.1,0.553182,0.137121,0.0648485,0.0777273,0.306364,0.064697,0.384848,1.61212,0.318485,1.10606,0.915606,0.10697,0.172879,0.370303,0.171212,0.0231818,0.0210606,0.00136364,0.0222727,0.0210606,0.00136364,0.084697,0.00136364,0.196667,0.0219697,0.151364,0.000757576,0.02,0.0456061,0.0106061,0.0566667,0.00818182,0.0207576,0.0459091,0.0421212,0.0219697,0.04,0.0519545,0.123348,0.0536364,0.3665,0.182515,0.0929091,4.6743,66.303,1103.79,0.666667
0.154667,0.165333,0.460667,0.0613333,0.271333,0.117667,0.130333,0.218,0.253667,0.362667,0.056,0.543,0.0716667,0,0.0316667,0.355,0.382,0.34,2.26,0.442,1.496,0.364,0.077,0.143333,0.121667,0.0756667,0.00666667,0.0453333,0.00666667,0.0216667,0.0226667,0.00666667,0,0.00666667,0.056,0.013,0.0793333,0.029,0.0303333,0.074,0,0.0443333,0.0193333,0.0306667,0.0416667,0,0.0463333,0.043,0.0121,0.1485,0.0095,0.487,0.0757,0.4534,4.68337,66.3333,351.4,0.8
0.0986957,0,0.272609,0,0,0.127826,0,0,0,0.711739,0,0,0,0,0,0.614783,0,0,5.34652,0,0.984348,0,0,0,0.0786956,0,0,0,0,0,0,0,0,0,0,0,0,0,0,0,0,0,0,0,0.155217,0,0,0,0.0449565,0.0627826,0,0.0297391,0,0,1.11591,1.26087,3.56522,0.130435
0.122326,0.0930233,0.389767,0.03,0.397442,0.300698,0.116279,0.100698,0.047907,0.164884,0.0297674,0.733256,0.05,0,0.00674419,0.218837,0.141163,0.328372,1.63698,0.00860465,0.922558,0,0.353488,0.0172093,0.392558,0.369302,0.0637209,0.107209,0.0134884,0.0623256,0,0.0072093,0.074186,0,0.087907,0.0486047,0.0930233,0,0.0330233,0.04,0.124186,0,0.0186047,0.032093,0.170233,0.101628,0.0369767,0.00651163,0.0398605,0.140814,0.00109302,0.329977,0.0836977,0.00504651,2.52891,19.9767,140.907,0.534884
0.0868852,0.150492,0.318852,0,0.204426,0.0559016,0.13082,0.0209836,0,0.223934,0.0416393,0.464262,0.31082,0,0,0.532295,0.0539344,0.115082,1.84803,0.0437705,0.813279,0,0.0865574,0.0613115,0.481639,0.328689,0.441475,0.166557,0.0878689,0.129836,0.0942623,0.0522951,0.171475,0.0522951,0.292459,0.115738,0.24082,0.00672131,0.370656,0.0668852,0.0962295,0.370492,0.17623,0.218033,0.222131,0.157705,0,0,0.0123279,0.125951,0.0123115,0.284164,0.23723,0.00468852,2.2183,11.3934,43.7213,0.360656
0.0716129,0.122258,0.165806,0,0.484516,0.0125806,0.0954839,0.0480645,0.0409677,0.142903,0.0306452,0.464516,0.0216129,0.0580645,0.0277419,0.512581,0.259032,0.183548,2.33806,0.026129,1.26258,0,0.225484,0.0406452,0.0490323,0.0274194,0.0774194,0.0387097,0,0,0,0,0,0,0,0.0929032,0.0216129,0,0.0209677,0.0106452,0,0.0216129,0.0206452,0.0193548,0.244516,0.0580645,0,0.0106452,0.00790323,0.133419,0.012,0.391,0.100032,0.0133226,3.57961,29.6774,110.226,0.83871
0.0909589,0.0561644,0.133151,0,0.168082,0.0471233,0.149041,0.0806849,0.0178082,0.247671,0.0834247,0.858356,0.0315068,0.0380822,0.0306849,0.146438,0.223836,0.0743836,1.7889,0,0.518904,0,0.049726,0.00534247,0.339863,0.133836,0.189863,0,0.0413699,0.166575,0.0123288,0,0.196301,0,0,0.122055,0.223151,0.00753425,0.113699,0.00356164,0.140959,0.14726,0.0293151,0.121781,0.248219,0.122329,0,0.0831507,0.0162603,0.119699,0.00773973,0.230973,0.0146438,0.0100411,1.61307,5.84932,45.0274,0.109589
0.0661538,0.131923,0.445,0,0.359615,0.123462,0.316538,0.121154,0.0465385,0.236154,0.101923,0.736538,0.0688462,0,0.0742308,0.233077,0.144615,0.613846,2.21923,0.140385,1.23962,0.454231,0.214615,0.111154,0.315,0.0753846,0.0469231,0.0234615,0.0234615,0.14,0.0234615,0.0234615,0.0346154,0.0234615,0.0426923,0.0234615,0.0707692,0,0.128462,0.103846,0.0407692,0,0.0138462,0,0.129231,0.0273077,0,0,0.00238462,0.0838462,0.0025,0.369346,0.106192,0.0698462,7.18415,58.3462,157.808,0.615385
0.149362,0.130213,0.325745,0.0246809,0.168511,0.14,0.18,0.0470213,0.00808511,0.196596,0.0508511,0.434894,0.12617,0,0.026383,0.59617,0.115319,0.0693617,1.79106,0.00659574,0.87766,0.121064,0.179362,0.133404,0.585745,0.410638,0.278723,0.143617,0.0995745,0.166809,0.0912766,0.0912766,0.09,0.12,0.134255,0.139787,0.0240426,0,0.172766,0.100851,0.00702128,0,0,0,0.226596,0.0455319,0,0.0542553,0.0171915,0.143702,0.0130851,0.490064,0.0445745,0.0528511,3.80851,34.9362,128.511,0.574468
0,0,0,0,0,0,0,0,0,0,0,0,0,0,0,0,0,0,0,0,0,0,0,0,1.11111,0,0,0,0,0,0,0,0,0,0,0,0,0,0,0,0,0,0,0,0,0,0,0,0,0.101,0,1.03856,0,0,1,1,1.44444,0.222222
0,0,0,0,0,0,0,0,0,0,0,0,0,0,0,0,0,0,0,0,0,0,0,0,16.3043,1.09857,0,0,0,0,0,0,0,0,0,0,0,0,0,0,0,0,0,0,2.88357,0,0,0,0,0,0,0.0802143,0,0,4.16179,16.5714,25.5,0
0,0,0,0,0,0,0,0,0,0,0,0,0,0,0,0,0,0,6.66,0,0,0,0,0,0,0,0,0,0,0,0,0,0,0,0,0,0,0,0,0,0,0,0,0,6.66,0,0,0,0,0,0,32.478,0,0,1.666,3,5,0
0.1425,0.380833,0.261667,0,0.358333,0.215,0.0825,0.17,0.160833,0.590833,0.1525,0.504167,0.256667,0.518333,0.13,0.226667,0.229167,0.303333,2.07833,0.405,1.17917,0.930833,0.445,0.22,0.161667,0,0.0791667,0,0,0,0.0791667,0,0.0125,0,0.09,0.035,0.164167,0,0.0566667,0,0,0,0.0408333,0,0.0616667,0,0,0.0183333,0.00808333,0.0670833,0.0975833,0.332833,0.164917,0.1845,13.9807,327.083,1146.42,0.666667
0.134143,0,0.132,0,0.134857,0.131571,0.176,0.137143,0.0212857,0.142143,0.0322857,0.436857,0.0928571,0.017,0,0.115714,0.13,0.175714,1.79386,0.00985714,0.929286,0,0,0.045,0.865,0.331,0.327429,0.476857,0.0592857,0.0925714,0.0711429,0.0548571,0.350429,0.0548571,0.235714,0.0678571,0.232,0,0.131714,0.0548571,0.0911429,0.117714,0.135429,0.148429,0.502,0.502429,0,0.0401429,0.0212286,0.186486,0.0236714,0.271529,0.0872429,0.0558143,2.49989,14.5,62.2857,0.385714
0.0749057,0.0803774,0.31434,0,0.39717,0.142075,0.0562264,0.196792,0.0337736,0.275472,0.0598113,0.446226,0.0592453,0,0.0281132,0.237736,0.0877358,0.149811,1.46679,0.0341509,0.893019,0.0190566,0.090566,0.0458491,0.786604,0.622264,0.245094,0.379811,0.161887,0.149623,0.0818868,0.0701887,0.0809434,0.0871698,0.220377,0.174151,0.216038,0,0.159434,0.0598113,0.0337736,0.115849,0.140943,0.0645283,0.315849,0.190189,0.00169811,0.0215094,0.0141321,0.152302,0.033566,0.214208,0.0496038,0.0213774,2.14562,13.6981,129.302,0.396226
0.108592,0.066338,0.312394,0,0.458873,0.100282,0.168873,0.132254,0.0711268,0.194648,0.0607042,0.50169,0.0274648,0.02,0.153099,0.389155,0.150704,0.237465,1.83437,0.0221127,1.11183,0,0.119437,0.0830986,0.580986,0.391972,0.241972,0.246761,0.0739437,0.132394,0.0519718,0.125352,0.0516901,0.125352,0.107746,0.17493,0.074507,0.0225352,0.130563,0.0778873,0.0656338,0.0453521,0.0847887,0.123803,0.261127,0.375211,0.0225352,0.02,0.0178873,0.159268,0.00653521,0.206958,0.0716901,0.00684507,2.17262,11.8451,97.6056,0.380282
0,0,0,0,1.1125,0,0,0,0,0,0,3.4725,0,0,0,0,0,0,0.64,0,0.3825,0,0,0,0,0,0,0.925,6.4025,0,0,0,0,0,0,0,0,0,0,0,0,6.4025,0,0,0,0,0,0,0,0.1845,0,0,0,0.37575,2.312,7.75,30.25,0
0.0704545,0.0969697,0.268636,0,0.352273,0.0636364,0.101515,0.119394,0.0512121,0.152727,0.0381818,0.515,0.0840909,0,0.0334848,0.114545,0.156212,0.237273,1.41833,0,0.491364,0,0.0272727,0,0.596061,0.479545,0.391667,0.212273,0.123182,0.148485,0.0806061,0.0766667,0.0734848,0.0766667,0.185303,0.172727,0.21303,0.0109091,0.140909,0.0951515,0.0315152,0.0107576,0.156818,0.0993939,0.248333,0.105909,0.00287879,0.0992424,0.0327121,0.159833,0.0252121,0.171955,0.0191515,0.0144848,1.90788,11.4848,117.303,0.257576
0,0,0,0,0,0,0,0,0,0,0,0,0,0,0,0,0,0.375789,0,0,0,0,0,0,8.44421,4.22,3.84421,4.22,3.84421,4.22,4.22,3.84421,0,3.84421,4.22,4.22,0,0,0,3.84421,0,0,0,0,0,0,0,0,0,1.05937,0,0.0252105,0,0,3.10211,10.8947,30.4211,0
0.0388312,0.025974,0.375584,0,0.341558,0.0433766,0.0571429,0.011039,0.0336364,0.139221,0.0428571,0.797662,0.0733766,0.0414286,0.0220779,0.208182,0.00831169,0.075974,2.61766,0,0.558831,0,0,0.00727273,0.187013,0.182208,0.496494,0,0.0609091,0.0301299,0,0,0.0568831,0,0,0.0316883,0.16974,0.0319481,0.136494,0,0.0942857,0.275714,0.0202597,0.114805,0.383766,0.0911688,0,0.0466234,0.0245065,0.148558,0.000649351,0.133156,0.00638961,0.00128571,1.51862,4.61039,27.2338,0.116883
0,14.1478,0,0,0,0,0,0,0,0.132222,0,0,0,0,0,0,0,0,0,0,0,0,0,0,0,0,0,0,0,0,0,0,0,0,0,0,0,0,0,0,0,0,0,0,0.132222,0,0,0,0,0,0,0,0,0,1.77778,4.88889,9.02778,0
0.111875,0.121667,0.240208,0.016875,0.470417,0.113542,0.126667,0.05875,0.036875,0.237292,0.039375,0.721667,0.0635417,0,0,0.265208,0.0922917,0.159583,1.50542,0.038125,1.07917,0,0.0560417,0.2275,0.717083,0.531667,0.3025,0.194792,0.120833,0.150417,0.0925,0.103333,0.0879167,0.103333,0.1275,0.142292,0.2025,0,0.151875,0.0797917,0.0510417,0.0366667,0.136875,0.035625,0.179167,0.0847917,0.0222917,0.0108333,0.0356042,0.161875,0.0368333,0.0874167,0.0355,0.0150417,2.07629,13.8125,156.583,0.375
0.161463,0.297805,0.467805,0,0.416829,0.201951,0.332439,0.0273171,0.0431707,0.454634,0.085122,0.742439,0.176341,0.0112195,0.0619512,0.314634,0.35,0.288049,2.00049,0,0.901951,0.0397561,0.420976,0.101463,0.0802439,0.0929268,0,0.175854,0,0.0802439,0,0,0.486585,0,0.160732,0.067561,0.00560976,0,0,0.0968293,0,0.0826829,0.0126829,0.0134146,0.109756,0.116341,0,0,0.0109512,0.0887805,0,0.698951,0.107171,0.0217073,6.04105,81.3171,189.195,0.682927
0.091573,0.045618,0.252584,0,0.269888,0.0514607,0.0960674,0.135169,0.0338202,0.132022,0.0426966,0.630337,0.160225,0.0123596,0.0401124,0.0814607,0.135506,0.103708,1.58629,0.0551685,0.613146,0,0.130899,0.0480899,0.685955,0.43191,0.325169,0.185281,0.128876,0.19,0.110449,0.0985393,0.0689888,0.0985393,0.138315,0.167303,0.253034,0.00516854,0.105506,0.113483,0.0292135,0.0880899,0.149213,0.0806742,0.380562,0.337865,0.0279775,0.0251685,0.00947191,0.198258,0.017618,0.223809,0.0534382,0.00329213,1.99667,10.4719,74.1348,0.292135
0.245,0,0.255417,0,0,0,0,0,0,0,0,0.545417,0,0.335833,0,0.166667,0.11875,0,1.21042,0,0.1225,0,0,0,0.173333,0,4.89542,0,0,0,0,0,0.454167,0,0,0,0,0,0.12625,0,0,0.424167,0,0.615,2.08125,0,0,0.545417,0.108833,0.145125,0.0312917,0.0385417,0,0,1.36275,3.08333,10.9583,0
0.0439394,0.0818182,0.105152,0,0.163939,0.0806061,0.100303,0.0890909,0.049697,0.182424,0,0.369091,0.155758,0,0,0.301515,0.0651515,0.164545,2.25121,0.35303,1.02848,0.167576,0,0.0554545,0.105455,0.13303,0,0.0454545,0,0,0,0,0,0,0.0454545,0.0193939,0,0,0,0,0,0.0251515,0,0.0236364,0.347576,0.319697,0,0,0.0220606,0.0425152,0,0.212152,0.0224242,0.0978788,4.47124,45.8788,94.6364,0.454545
0.12,0.01,0.245,0,0.115,0.1475,0,0.0725,0.0725,0.235,0.0925,0.1025,0.09,0,0.0475,0.105,0.0975,0.095,0.755,0.01,0.3025,2.3825,0.1725,0.1375,0,0,0,0,0,0,0,0,0,0.035,0,0.01,0,0,0.02,0,0,0,0,0,0.0475,0,0,0,0.28175,0.07375,0.0105,0.105,0.0225,0.0035,11.9865,375,10795.5,1
0.0666667,0.161111,0.299815,0,0.388889,0.10537,0.0818519,0.0383333,0.037963,0.210556,0.0238889,0.483519,0.0957407,0.00981481,0.0233333,0.147778,0.15963,0.105926,1.14759,0.00481481,0.662593,0,0.0848148,0.0246296,0.955741,0.392778,0.267778,0.164444,0.113519,0.165185,0.092037,0.0761111,0.0853704,0.0761111,0.126852,0.141296,0.317593,0,0.168148,0.108519,0.336481,0.0885185,0.168519,0.0322222,0.314444,0.627407,0,0.0037037,0.14087,0.160204,0.0197778,0.0865,0.0594815,0.010463,2.19937,15.2593,171.426,0.277778
0.0498876,0.0597753,0.249888,0,0.309775,0.0273034,0.0107865,0.0261798,0.0279775,0.0892135,0.0107865,0.808202,0.0568539,0.0173034,0,0.0655056,0.0431461,0.0974157,1.32326,0.0141573,0.314382,0,0,0.0235955,0.320225,0.231011,0.256067,0,0.0578652,0.0808989,0,0,0.120337,0,0.0249438,0.00764045,0.121124,0,0.0361798,0.0107865,0.0462921,0.150562,0.0296629,0.158202,0.481011,0.246854,0,0.0331461,0.0258652,0.165315,0,0.152281,0.0100899,0.00138202,1.57857,4.5618,22.8539,0.0337079
0.0848,0.1422,0.37,0.0116,0.2818,0.1026,0.0968,0.1064,0.0704,0.2148,0.0722,0.5394,0.0872,0.006,0,0.3668,0.177,0.3668,2.019,0.1132,0.8958,0.21,0.1774,0.1066,0.1282,0.0722,0.019,0.023,0,0.044,0,0.0062,0,0.0186,0.0612,0.0458,0.1076,0,0.0084,0.0244,0,0.0068,0.0168,0,0.188,0.458,0,0.0338,0.09254,0.11912,0.01288,0.34814,0.12388,0.04374,4.17226,62.1,274.36,0.62
0.0246875,0.282188,0.332188,0,0.590313,0.252813,0.854063,0.0215625,0.045625,0.40375,0.0390625,0.769062,0.0484375,0.00625,0.02875,0.115625,0.255625,0.339375,2.22781,0.0321875,1.29625,0.026875,0.0140625,0.0253125,0.0440625,0,0.196875,0.0440625,0,0,0.22625,0,0,0,0.0878125,0.0165625,0.01375,0,0.05875,0.59375,0,0,0,0.00875,0.221875,0.01375,0,0,0.000875,0.169656,0.020375,0.301656,0.0204063,0.0396875,13.655,164.438,377.25,0.625
0.121134,0.0754639,0.315773,0.0028866,0.263299,0.101753,0.0349485,0.153505,0.18866,0.217938,0.0694845,0.74701,0.119278,0.0908247,0.0273196,0.17433,0.203814,0.111546,1.43227,0.110928,1.23175,0.00175258,0.131031,0.104845,0.955773,0.181237,0.0136082,0.00175258,0.00835052,0.0160825,0.01,0,0.103505,0.00113402,0.0112371,0.0661856,0.188969,0.0193814,0.0271134,0.0141237,0.0915464,0.0546392,0.00804124,0.0182474,0.0654639,0.28567,0.00278351,0.0103093,0.0631134,0.175979,0.0194021,0.246742,0.061268,0.0644124,3.78892,56.3505,562.165,0.56701
0.176364,0.146061,0.36697,0,0.0281818,0.129091,0.110909,0.204242,0.148182,0.435455,0.0339394,0.480303,0.0281818,0,0,0.289697,0,0,2.83455,0,0.980909,0,0.0339394,0.137879,0.080303,0.140303,0.0809091,0.0445455,0,0,0.137576,0,0,0,0,0,0.21303,0,0.150909,0,0.0269697,0,0.0569697,0.189091,0.555758,0.677879,0,0,0,0.125364,0.00766667,0.277424,0.10103,0.0437273,2.78627,16.4545,37.3333,0.454545
0.044386,0.0505263,0.283509,0,0.461053,0.284035,0.135088,0.179649,0.0261404,0.269474,0.0149123,0.436491,0.170877,0.024386,0.00438596,0.256667,0.153684,0.085614,1.55754,0,1.6907,0,0.0138596,0.118246,0.566491,0.330526,0.187544,0.147895,0.100175,0.182982,0.0845614,0.0680702,0.0496491,0.0680702,0.120877,0.112632,0.12614,0.00403509,0.0250877,0.0721053,0.00842105,0.0140351,0.0757895,0.00649123,0.287544,0.0596491,0,0,0.0174211,0.172632,0.0291228,0.0575965,0.0651404,0.0112105,1.8046,9.85965,141.491,0.473684
0,0,0,0,0,0,0,0,0,0,0,0,0,0,0,0,0,0,1.79348,0,0,0,0,0,0.483043,0.62087,11.2161,0,0,0,0,0,0,0,0,0,0,0,0,0,0,0.966087,0,0,0.684783,0,0,0,0,0.152522,0,0.152913,0,0,1.33787,2.13043,7.26087,0
0.126842,0.0552632,0.226711,0.0127632,0.266579,0.116053,0.0581579,0.125395,0.0392105,0.2225,0.0427632,0.508816,0.102895,0.0418421,0.00118421,0.135,0.152105,0.103684,1.265,0.103421,0.475,0.826579,0.143947,0.0575,1.00684,0.373816,0.121711,0.0481579,0.0694737,0.0586842,0.035,0.0167105,0.101053,0.0167105,0.0438158,0.0807895,0.306053,0.0025,0.0134211,0.0310526,0.0651316,0.0438158,0.0505263,0.0356579,0.0967105,0.329868,0,0.0159211,0.323408,0.183158,0.0315658,0.144092,0.0741974,0.0739474,3.33637,26.8026,314.079,0.394737
0.24,0,0.1275,0,0,0,0,0,0,0,0,0,0,0,0,0,0,0,1.81063,0,0.1275,0,0,0,0,0,0,0,0,0,0,0,0,0,0,0,0,0,0,0,0,0,0,0,0.920625,6.1625,0,0,0.014125,0.218625,0,0.482625,0,0,1.06763,1.375,6.9375,0
0.116364,0.161667,0.27697,0,0.180606,0.0228788,0.0769697,0.0431818,0.0263636,0.327879,0.0348485,0.527273,0.0680303,0,0.0215152,0.293939,0.132879,0.190152,1.3453,0.030303,0.58303,0,0.0109091,0.0189394,1.19606,0.512424,0.28697,0.253333,0.152121,0.353788,0.120303,0.0343939,0.175455,0.0343939,0.193939,0.162879,0.252879,0.0130303,0.095303,0.113636,0.0115152,0.0948485,0.0266667,0.089697,0.13197,0.06,0,0.0274242,0.0207273,0.159333,0.00756061,0.106879,0.0170455,0.238742,1.94809,8.42424,59.7121,0.227273
0,0,0.0104478,0,0.330149,0.0877612,0.0943284,0.0265672,0,0.17791,0,0.962537,0.0438806,0.232388,0,0.292239,0,0,0.412985,0.0331343,0.106119,0,0,0.135672,0.140149,0.0104478,0.188657,0.152537,0.0677612,0.0877612,0,0,0.405672,0,0.386269,0,0.0798507,0,0.229552,0,0.543881,0.29806,0.0532836,0.212836,0.273582,0.868507,0,0.0497015,0,0.105567,0.0550448,0.23506,0,0,2.44709,7.10448,15.6269,0.0597015
0.0669355,0.043871,0.188387,0,0.159355,0.0362903,0.0672581,0.482258,0.158548,0.0677419,0.038871,0.354839,0,0.268387,0,0.380806,0.115484,0.0533871,0.902097,0.0491935,0.770323,0.0322581,0.24,0.0579032,0.295968,0.287419,0.104839,0.0872581,0,0.0348387,0,0.00951613,0.0382258,0.00951613,0.0537097,0.15371,0.0790323,0,0.0146774,0.00983871,0,0.0453226,0,0.0240323,0.431774,0,0,0.0267742,0.00279032,0.14379,0.00866129,0.412968,0.144694,0.00983871,3.8796,26.8065,81.8387,0.774194
0.593953,0.141163,0.650465,0,0.173256,0.0481395,0.0413953,0,0,0.132093,0.511628,1.35279,0,0.0539535,0,0.227442,0.0269767,0.0506977,1.41326,0,4.30535,0,0,0.485349,0.103023,0.100465,0.140233,0.0539535,0,0.0937209,0,0.116977,0,0.116977,0.027907,0,0.0374419,0,0.0527907,0,0,0.055814,0,0.0269767,0.0893023,0.0269767,0,0.0565116,0,0.0742093,0,0.61493,0.0769535,0.0044186,4.73647,27.3488,54.5814,0.44186
0.0767925,0.054717,0.320566,0.0192453,0.347547,0.0754717,0.0573585,0.161132,0.0884906,0.332453,0.0750943,0.450566,0.0964151,0.00792453,0.0216981,0.276981,0.131321,0.136792,1.39208,0.0190566,0.800755,0.0349057,0.0458491,0.0933962,0.825472,0.478302,0.180566,0.129057,0.0781132,0.11434,0.119057,0.0509434,0.123585,0.0509434,0.0911321,0.128491,0.279623,0.0286792,0.122075,0.0632075,0.0113208,0.0218868,0.11717,0.164717,0.163019,0.130377,0.0133962,0.034717,0.0268679,0.24234,0.0192075,0.16,0.0441321,0.0532075,2.49934,17.7925,217.83,0.377358
0.13561,0.0573171,0.397805,0,0.856341,0.153171,0.168049,0.226585,0.110732,0.369024,0.120732,0.797561,0.0278049,0.0468293,0.0243902,0.304878,0.57122,0.168049,2.15951,0.206829,1.30585,0,0.305366,0.0402439,0.341707,0.0880488,0.0290244,0.025122,0.00951219,0.0348781,0.00951219,0.00951219,0.0553659,0.00951219,0.0278049,0.101951,0.133415,0,0.0309756,0.0873171,0,0,0.0153659,0.0419512,0.279268,0.00390244,0,0.0126829,0.0062439,0.0941707,0.00287805,0.396659,0.142122,0.0626585,4.4098,74.9512,240.951,0.780488
0.0779545,0.1025,0.245909,0,0.171818,0,0,0.152727,0,0.0381818,0,0.718182,0.0506818,0.0445455,0.015,0,0,0.301818,1.68614,0,0.734545,0,0.153182,0.0377273,1.18386,1.25864,0.246591,0.108409,0.105909,0.152955,0.134773,0,0.0811364,0,0.108409,0.108409,0.465227,0.0909091,0.0963636,0,0.197273,0.311136,0.0661364,0.0868182,0.295682,0.129773,0,0.0840909,0.0339318,0.07375,0.0414773,0.157523,0.0659545,0.0472727,2.04159,8.75,30.1136,0.159091
0,0,0,0.04,0,0,0,0,0,0,0,0,0,0,0,0.02,0,0,0.02,0,0,0,0,0,0,0,0,0,0,0,0,0,0,0,0,0,0,0,0,0,0,0,0,0,0,0,0,0,1.024,9.752,0.003,1.542,1.785,1.998,239.571,9989,10062,1
0.136438,0.127123,0.274932,0.169589,0.36589,0.089589,0.0787671,0.119726,0.233425,0.323151,0.126575,0.769726,0.0972603,0.0479452,0.0673973,0.194384,0.173836,0.196164,1.41616,0.089863,0.737397,1.01863,0.136849,0.169041,0.546712,0.202329,0.0235616,0.0410959,0.0176712,0.039726,0.0124658,0.0154795,0.114932,0.00452055,0.0443836,0.079726,0.114658,0.0169863,0.0180822,0.00972603,0.0356164,0.0628767,0.00561644,0.0167123,0.0419178,0.109863,0.0313699,0.0258904,0.0417945,0.146493,0.0150548,0.195753,0.064863,0.117096,3.96396,45.274,492.575,0.589041
0.151842,0.0871053,0.191316,0,0.246053,0.103947,0.218947,0.177105,0.0794737,0.241053,0.0884211,0.389211,0.0176316,0,0.104211,0.227632,0.161316,0.0447368,1.32526,0,0.627368,0,0,0.0494737,0.526579,0.445,0.0778947,0.311579,0.140526,0,0,0.0184211,0.134737,0.0184211,0.169211,0.0707895,0.565263,0,0.0855263,0,0,0.140526,0.117105,0,0.199474,0.0284211,0,0.0305263,0.0376842,0.284184,0.0156053,0.315553,0.0849211,0,3.43811,22.7632,68.4211,0.526316
0.22303,0.0375758,0.280455,0,0.181818,0.141515,0.0687879,0,0.0256061,0.10697,0,0.501667,0.0878788,0.0354545,0,0.187121,0.044697,0.0928788,1.59848,0.0101515,0.558182,0,0,0.029697,0.138485,0.0857576,0.212879,0,0.0571212,0.0340909,0,0,0.0910606,0,0,0.0580303,0.0695455,0,0.0389394,0.0151515,0.0742424,0.0704545,0,0.205606,0.53303,0.235909,0.0154545,0,0.0317879,0.115379,0.0124091,0.150561,0.0209394,0.00460606,1.42129,3.95455,33.1061,0.151515
0.119091,0.0448485,0.372879,0,0.375152,0.0856061,0.0877273,0.0272727,0.010303,0.084697,0.0212121,0.449091,0.146667,0.0133333,0,0.15197,0.0133333,0.153485,1.93803,0.020303,0.520303,0,0.0962121,0.070303,0.303333,0.318182,0.213333,0,0.0993939,0.0774242,0.0195455,0,0.0627273,0,0.0206061,0.0445455,0.0843939,0.0140909,0.0693939,0,0.030303,0.246212,0,0.0589394,0.242727,0.0675758,0,0.0331818,0.00868182,0.122621,0.019697,0.162939,0.0106061,0.0055,1.47871,5.06061,39,0.181818
0.14369,0.0690476,0.237976,0,0.24619,0.0466667,0.131786,0.097619,0,0.215119,0.0544048,0.598452,0.0383333,0,0.0420238,0.120595,0.0730952,0.214524,1.66048,0.0264286,0.434524,0,0.0503571,0,1.20929,0.703214,0.170238,0.363214,0.191905,0.388333,0.21131,0.112857,0.115119,0.112857,0.438452,0.15881,0.239286,0,0.0835714,0.120476,0.0464286,0.204762,0.054881,0.085,0.226905,0.626667,0,0.0186905,0.0072381,0.129774,0.0077381,0.29956,0.0135714,0.163679,2.46444,12.9167,51.7976,0.261905
0.0919298,0.0317544,0.329123,0,0.298596,0.195789,0.0529825,0.12807,0.0375439,0.162982,0.0429825,0.467895,0.0921053,0.0421053,0.0140351,0.197018,0.200351,0.202456,1.29684,0.111053,0.742807,0,0.0901754,0.104035,0.71,0.336667,0.146491,0.143158,0.131053,0.105614,0.0594737,0.0364912,0.16807,0.0364912,0.11386,0.119474,0.154737,0.00245614,0.0140351,0.0812281,0,0.0219298,0.0998246,0.0424561,0.191579,0.0673684,0.00666667,0.0517544,0.0257719,0.163579,0.0218596,0.114088,0.0381053,0.00992982,2.05684,13.1228,191.86,0.403509
0.062381,0.123333,0.347143,0,0.736667,0.129524,0.205952,0.186667,0.102381,0.211905,0.122619,0.63881,0.0571429,0,0.295238,0.259048,0.441667,0.324048,1.99071,0.587857,1.26333,0,0.338333,0.0919048,0.322857,0.177143,0.0588095,0.191667,0.0180952,0.11119,0.0180952,0.0180952,0.0166667,0.0180952,0.047619,0.0654762,0.111429,0,0.179286,0.0916667,0,0.0678571,0,0,0.222381,0.0521429,0,0,0.00478571,0.174952,0,0.235452,0.0914048,0.012619,4.8176,57.5952,136.667,0.666667
0,0.0471698,0.211509,0,0.162264,0.09,0,0,0.0341509,0.168868,0,0.0869811,0.131132,0,0,0.0698113,0,0.216226,5.46962,0,1.26604,0,0,0,0.0996226,0,0.436415,0,0.0698113,0,0,0,0.113208,0,0,0,0,0,0.0818868,0,0,0,0,0.0392453,0.553962,0.587547,0.0409434,0,0.00343396,0.0821887,0.00622642,0.241226,0.00637736,0,1.28589,2.41509,9.62264,0.0943396
0.139474,0.269211,0.286053,2.25132,0.309211,0.0689474,0.0457895,0.115789,0.478421,0.246579,0.0705263,0.579737,0.0723684,0.0115789,0.0702632,0.361579,0.116842,0.266579,1.71658,0.0634211,1.02474,0,0.0805263,0.236579,0.490789,0.113158,0.158158,0.00710526,0.0436842,0.00710526,0.00710526,0.00710526,0.00394737,0.00710526,0.0131579,0.0557895,0.0797368,0.0489474,0.0173684,0.0671053,0,0.0263158,0.0415789,0.00763158,0.0697368,0.0342105,0,0,0.0155,0.139105,0.0128684,0.345632,0.157921,0.0506316,7.03137,80.3421,421.237,0.657895
0.0164516,0.203226,0.201935,0,0.191935,0.0558065,0.221613,0.167742,0,0.344839,0.10871,0.25129,0.0132258,0.0929032,0.0164516,0.698065,0.265806,0.308387,1.74194,0.0909677,0.709355,0.0783871,0.222903,0.150968,0.723871,0.341935,0.432903,0.225161,0,0.177742,0.0506452,0.0777419,0.0877419,0.0777419,0.129355,0.0248387,0.16871,0,0.0906452,0.0312903,0,0.0245161,0.0906452,0.036129,0.224194,0.214516,0.0232258,0,0.0143226,0.132419,0.0166774,0.326452,0.0792258,0.250161,2.97242,22.9677,94.0645,0.580645
0.0667059,0.0772941,0.200471,0.0158824,0.260941,0.0328235,0.129059,0.143412,0.0409412,0.594706,0.0549412,0.374353,0.103176,0,0.0482353,0.121294,0.126118,0.189176,1.65941,0.0457647,0.561412,0.00682353,0.0535294,0.0897647,0.671765,0.372471,0.259294,0.351176,0.119294,0.186824,0.0925882,0.0608235,0.0352941,0.0608235,0.192353,0.126941,0.201647,0.00635294,0.172941,0.0804706,0.0387059,0.0289412,0.0963529,0.0414118,0.287765,0.217882,0.00952941,0.0332941,0.0420588,0.186824,0.0159294,0.301212,0.0387412,0.0243176,2.5934,13.4824,80.6118,0.341176
0.0852778,0.0294444,0.229167,0.0184722,0.17375,0.0705556,0.0384722,0.145972,0.0163889,0.0945833,0.0370833,0.513056,0.120278,0.00319444,0.0147222,0.106667,0.148333,0.429722,1.43931,0.00888889,0.529861,0,0,0.0166667,0.659444,0.237917,0.11375,0.203194,0.0638889,0.191111,0.0608333,0.0140278,0.359306,0.0140278,0.127917,0.157083,0.261944,0.0141667,0.115972,0.0140278,0.0438889,0.118333,0.0904167,0.194722,0.155139,0.119167,0,0.0138889,0.0178611,0.171931,0.0295694,0.280264,0.0202639,0.017625,1.76261,8.25,67.5139,0.277778
0.103043,0.208696,0.298261,0,0.448696,0.117391,0.132609,0.179565,0.0886957,0.318261,0.1,0.691739,0.10087,0.0621739,0.0395652,0.443478,0.164348,0.324783,1.7413,0.16,1.03783,0,0.0626087,0.0621739,0.356957,0.0886957,0.0221739,0.112174,0.0221739,0.218261,0.0491304,0.0221739,0.0282609,0.0221739,0.0443478,0.0726087,0.337391,0,0.0726087,0.0669565,0.00869565,0.0473913,0,0.0130435,0.123043,0.0173913,0,0.0308696,0.0112174,0.113826,0.0275217,0.184304,0.0574348,0.0053913,3.27696,44.3478,214.522,0.652174
0.0744828,0.129655,0.496897,0,0.184483,0.233448,0.255517,0.279655,0.106207,0.113448,0.104483,0.586207,0.0844828,0.0486207,0.00689655,0.448621,0.115172,0.252759,1.92793,0.369655,1.26069,0,0.282414,0.118276,0.5,0.435862,0.0948276,0.124483,0.0368966,0.0355172,0.0148276,0.0148276,0.0962069,0.0148276,0.108966,0.0662069,0.147931,0.0189655,0.0855172,0.0544828,0,0.037931,0.0275862,0.0306897,0.0648276,0,0,0.0568966,0.0185172,0.0995517,0.0267241,0.247414,0.144034,0.0725517,3.52731,32.8966,181.793,0.655172
