0.0750602,0.228795,0.271446,0,0.137229,0.0966265,0.178313,0.0812048,0.0589157,0.359518,0.0293976,0.489036,0.0542169,0.172892,0,0.411446,0,0.111687,2.27723,0,0.918554,0,0.013494,0.0889157,0.320602,0.304458,0.404699,0.186265,0.119398,0.0563855,0.0691566,0.0144578,0.0392771,0.0144578,0.0144578,0.0645783,0.352289,0.00493976,0.485904,0.0144578,0.103373,0.117831,0.0983133,0.0906024,0.737349,0.367831,0,0.0308434,0.0373855,0.173361,0.0191325,0.231072,0.0544819,0.0395904,2.81331,16.9036,37.1807,0.385542
0.134207,0.0975862,0.345379,0.0222759,0.289931,0.102345,0.0858621,0.14669,0.0967586,0.306069,0.0746207,0.475103,0.112138,0.0391724,0.0503448,0.268,0.214759,0.191034,1.52655,0.165655,0.800897,0.760483,0.168897,0.072,0.708552,0.282,0.103517,0.0851724,0.0557931,0.0589655,0.0552414,0.0221379,0.0694483,0.0242069,0.0626207,0.0608276,0.202759,0.00731034,0.0309655,0.0628276,0.0405517,0.0611034,0.0390345,0.0553793,0.120483,0.182276,0.02,0.0352414,0.265145,0.171172,0.0233241,0.256662,0.0915448,0.170848,3.82752,38.2,330.186,0.503448
0.108,0.105882,0.360824,0.00682353,0.515412,0.126118,0.108118,0.168941,0.0703529,0.300471,0.0994118,0.615765,0.0715294,0.0127059,0,0.332824,0.352235,0.277412,1.98718,0.135176,1.00753,0.123529,0.194824,0.0828235,0.231529,0.0821176,0.0251765,0.0256471,0.00458824,0.0435294,0.00458824,0.00823529,0.0228235,0.012,0.0438824,0.0777647,0.111765,0.000823529,0.0198824,0.0430588,0,0.00482353,0.0172941,0.0202353,0.219059,0.281647,0,0.026,0.0574471,0.110565,0.00965882,0.335329,0.118188,0.0552588,4.24845,67.4,263.741,0.658824
0,0,0,0,0,0,0,0,0,0,0,0,0,0,0,20,0,0,0,0,0,0,0,0,0,0,20,0,0,0,0,0,0,0,0,0,0,0,0,0,0,0,0,0,0,0,0,0,0,0,0,0,0,0,1,1,4,0
0.0282759,0.0748276,0.247586,0,0.605172,0.0334483,0.953103,0.458276,0.381724,0.457586,0.382069,0.785862,0.00689655,0.0368966,0.00827586,0.749655,1.27103,0.115862,1.75138,0.373448,2.00034,0,0.156207,0.0868966,0.0444828,0.0272414,0.227241,0.02,0.0172414,0.00862069,0.217241,0,0,0.01,0.0682759,0,0.177931,0,0.0368966,0.655172,0,0.00689655,0,0,0.0710345,0,0,0.0344828,0.0157586,0.161276,0.0204828,0.386483,0.126724,0.0344138,38.6563,249.552,370.793,0.586207
0.114632,0.0407368,0.200526,0.0142105,0.150737,0.054,0.129263,0.237789,0.0511579,0.168211,0.024,0.422842,0.107368,0.0342105,0.0667368,0.108947,0.136,0.0989474,1.41916,0,0.674737,0,0.123684,0.0807368,0.828947,0.434632,0.164737,0.268947,0.118316,0.0561053,0.0502105,0.0575789,0.0977895,0.0575789,0.167684,0.0893684,0.380105,0,0.100105,0.0642105,0.00642105,0.0896842,0.129158,0.0190526,0.414211,0.291263,0,0.0592632,0.0150737,0.219653,0.0211158,0.287789,0.0841263,0.00793684,2.96258,18.2526,70.8211,0.431579
0.0417708,0.0397396,0.261302,0,0.27651,0.0259896,0.0308333,0.0426042,0.0392187,0.118698,0.0171875,0.777135,0.0691146,0.0348437,0.00885417,0.176771,0.0406771,0.0948958,1.98729,0.0065625,0.464427,0,0.0351042,0.125573,0.33375,0.27724,0.346354,0.0452604,0.117344,0.0846354,0.0244792,0,0.0725521,0,0.0605729,0.01875,0.136094,0.0128125,0.106615,0.0115625,0.0801042,0.246979,0.0126042,0.145729,0.430156,0.141927,0,0.0533333,0.046776,0.126146,0.00633333,0.208875,0.0189792,0.0180417,1.94565,6.89583,25.7812,0.161458
0.106591,0.109659,0.255227,0.0131818,0.306818,0.112614,0.146023,0.0705682,0.0159091,0.171591,0.0320455,0.396818,0.0973864,0,0.0298864,0.531364,0.177727,0.0997727,1.92239,0.0127273,0.873182,0.0646591,0.193864,0.0855682,0.333409,0.219318,0.192955,0.0767045,0.0531818,0.0890909,0.04875,0.04875,0.0480682,0.0640909,0.10375,0.127955,0.0204545,0,0.120341,0.0576136,0.00375,0.0181818,0.00727273,0.0181818,0.262273,0.115,0,0.0289773,0.0100341,0.132761,0.0159205,0.435364,0.0705455,0.0296818,3.74468,34.6364,121.898,0.636364
0,0,0,0,0,0,0,0,0,0,0,0,0,0,0,0,0,0,3.42375,0,0,0,0,0,0,0,0,0,0,0,0,0,0,0,0,0,0,0,1.38875,0,0,0,0,0,14.6637,0,0,0,0,0.285625,0,5.217,0,0,1.46187,2.875,7.375,0
0.082619,0.138286,0.296286,0.00385714,0.396429,0.221476,0.128333,0.100048,0.0461905,0.250381,0.032619,0.573476,0.0835714,0.00914286,0.00461905,0.238095,0.128714,0.19019,1.52424,0.0169524,1.17614,0.00590476,0.115524,0.112381,0.616333,0.352333,0.250857,0.155857,0.10981,0.130524,0.0799524,0.0752857,0.115143,0.0752857,0.127619,0.106476,0.197333,0.00109524,0.0950952,0.0835714,0.0533333,0.051,0.114143,0.019619,0.244476,0.0847619,0.0126667,0.0177619,0.0302429,0.170876,0.0291857,0.172424,0.0681476,0.0142143,2.4832,17.7095,153.662,0.466667
0.0221649,0.0470619,0.288299,0,0.315619,0.0416495,0.0815979,0.0398969,0.00840206,0.156134,0.0157216,0.896392,0.0730412,0.116804,0,0.117165,0.0272165,0.165052,2.0833,0.0310309,0.51634,0,0,0.0551031,0.148093,0.104845,0.423299,0.0223711,0.126701,0.0438144,0,0,0.0836598,0,0,0.016701,0.0745876,0.0223711,0.0968557,0.00494845,0.0315464,0.298505,0.0686598,0.119845,0.432268,0.123763,0,0.0347423,0.0133041,0.116464,0.017201,0.303794,0.00491237,0.000634021,1.57748,4.36082,18.2062,0.128866
0.096,0.008,0.196,0.008,0.092,0.118,0,0.058,0.058,0.188,0.074,0.082,0.072,0,0.038,0.088,0.078,0.076,0.608,0.008,0.242,1.906,0.138,0.11,0,0,0,0,0,0,0,0,0,0.028,0,0.008,0,0,0.016,0,0,0,0,0,0.038,0,0,0,0.4302,2.0094,0.009,0.3924,0.375,0.4024,57.5034,2297.8,10648.8,1
0.305217,0.146304,0.278913,0.0936957,0.0663043,0.10913,0.0197826,0.131522,0.212609,0.37,0.14413,0.638261,0.331304,0.666957,0.0204348,0.162391,0.267391,0.115,1.85261,0.0486957,0.843261,0.0341304,0.443478,0.278696,0.0971739,0.0617391,0.00521739,0.00152174,0.00217391,0.00391304,0,0,0.316087,0,0,0.0286957,0.180217,0.00152174,0.005,0.013913,0.0252174,0.00782609,0.00456522,0.0163043,0.0393478,0.0580435,0.01,0.0513043,0.0298913,0.116522,0.00773913,0.24063,0.334978,0.0894565,5.14743,164.043,3362.72,0.73913
0.0727322,0.0837158,0.237268,0,0.256995,0.0664481,0.135738,0.0391803,0.0140984,0.197705,0.0521311,0.600984,0.140383,0.0221858,0.0122404,0.274536,0.107268,0.11,1.67989,0.0170492,0.582295,0,0.0756831,0.0456831,0.616066,0.335683,0.40082,0.226721,0.175683,0.261093,0.172514,0.13929,0.159399,0.13929,0.25776,0.217869,0.171858,0.00300546,0.18459,0.145574,0.088306,0.229891,0.0704372,0.199016,0.242678,0.111858,0,0.0371585,0.0129454,0.159126,0.023224,0.240333,0.0877541,0.0111803,1.87831,8.03825,43.2623,0.20765
0.219062,0.405938,0.650312,0.0734375,0.365938,0.18125,0.319688,0.125625,0.314063,0.860625,0.215625,0.77125,0.14375,0.096875,0.270625,0.930625,0.3275,0.23875,1.85531,0.145,1.52562,0.0053125,0.193438,0.223438,0.299375,0.13875,0.0075,0,0,0.0228125,0,0,0.0421875,0,0.0225,0.0146875,0.12125,0.026875,0.0075,0.0228125,0,0.0228125,0.010625,0.0153125,0.110625,0.0446875,0,0.0240625,0.0094375,0.125656,0.00465625,0.753812,0.231156,0.0675,25.445,340.531,656.719,0.9375
0.0593056,0.125694,0.420278,0,0.590139,0.114167,0.247778,0.152639,0.0815278,0.203472,0.12,0.7225,0.0765278,0,0.199028,0.255278,0.270556,0.422917,2.20792,0.457639,1.35889,0.164028,0.262778,0.130278,0.307083,0.135556,0.0452778,0.120278,0.0190278,0.115417,0.0190278,0.0190278,0.0222222,0.0190278,0.0431944,0.0466667,0.105833,0,0.150972,0.109167,0.0147222,0.0548611,0.005,0,0.176389,0.0402778,0,0,0.00365278,0.136139,0.000902778,0.300806,0.0966528,0.0315556,5.5709,57.5833,146.194,0.652778
0.121707,0.440976,0.342439,1.72976,0.936341,0.144634,0.696341,0.152683,0.0580488,0.375854,0.0426829,0.635854,0.190976,0.0819512,0,0.730488,1.53659,0.239024,2.09098,0.274146,1.82732,0,0.0192683,0.160976,0,0,0,0,0,0.0236585,0,0,0,0,0,0.0521951,0.113659,0.0380488,0,0.00829268,0,0,0,0,0.00829268,0,0,0,0,0.123293,0,0.729683,0.212683,0.0322927,9.20393,136.756,194.512,0.926829
0.108739,0.136218,0.253025,0.782017,0.406218,0.128235,0.0360504,0.12563,0.221176,0.149748,0.0698319,0.582269,0.122857,0.0315966,0.024958,0.192605,0.248571,0.14479,1.68067,0.0966387,0.767563,0.445546,0.179496,0.124706,0.589328,0.130168,0.0737815,0.0262185,0.0370588,0.0240336,0.00966387,0.017563,0.0409244,0.0108403,0.0271429,0.0764706,0.114622,0.0454622,0.0236134,0.0315966,0.0209244,0.0389076,0.0309244,0.00605042,0.0692437,0.0652101,0.00739496,0.0217647,0.151958,0.120916,0.0105798,0.196765,0.103067,0.0534706,4.19767,44.5966,424.168,0.554622
0.0913068,0.13233,0.208182,0,0.32875,0.0455682,0.095,0.0894886,0.0317045,0.399659,0.0589205,0.629205,0.101364,0.00767045,0.0269318,0.120966,0.11125,0.152898,1.51545,0.0522159,0.501477,0.00329545,0.0396591,0.0567614,0.652443,0.431989,0.311136,0.361307,0.130398,0.18517,0.114034,0.0892614,0.0886932,0.0892614,0.184545,0.186477,0.205455,0.00568182,0.1625,0.0919318,0.0364205,0.0723864,0.108977,0.10892,0.248352,0.162102,0.0138636,0.0471023,0.0273977,0.185994,0.0134034,0.203949,0.0296591,0.0162102,2.14538,10.6818,81.8864,0.25
0.19156,0.110092,0.365413,0.00100917,0.32367,0.147523,0.0751376,0.196606,0.303486,0.288807,0.0922936,0.670092,0.0768807,0.104954,0.0742202,0.201651,0.334771,0.0776147,1.35954,0.204679,1.13642,0.288073,0.0855046,0.241927,0.872018,0.170275,0.0234862,0.0101835,0.00477064,0.0217431,0.0163303,0.00385321,0.103303,0.00486239,0.0163303,0.0622936,0.175596,0.0172477,0.0282569,0.0323853,0.0684404,0.103486,0.0142202,0.0144954,0.0498165,0.102752,0.00504587,0.0114679,0.110982,0.195092,0.0145872,0.277349,0.123615,0.0727706,4.15359,69.0917,616.761,0.53211
0.486667,0.750833,0.77375,0,0.35,0.282917,0.0454167,0.407917,0.425,1.41,0.0629167,1.4775,0.12625,0.282917,0.348333,0.299167,0.13,0.66125,2.12708,0.3475,3.35667,0.0158333,0.54125,0.256667,0,0,0,0,0,0,0,0,0.01375,0,0.0529167,0.0175,0.0154167,0,0,0,0,0,0.00791667,0,0.0258333,0,0,0,0.012,0.153833,0.0674167,0.980917,0.185792,0.0610833,40.1172,598.375,872.333,1
0.115629,0.123413,0.298383,0,0.240659,0.0633533,0.138323,0.0798802,0.00347305,0.21503,0.0556886,0.653832,0.0756287,0,0.0475449,0.192455,0.0880838,0.187964,1.77383,0.0132934,0.582754,0,0.0664671,0.00748503,0.737665,0.405629,0.163234,0.230659,0.144671,0.228683,0.132395,0.0567665,0.145988,0.0567665,0.267605,0.124311,0.207126,0.00479042,0.119281,0.0605988,0.0410778,0.20509,0.047006,0.0770659,0.238443,0.370778,0,0.0298802,0.0118862,0.134036,0.00469461,0.242299,0.0194611,0.092976,2.06427,9.77246,52.8084,0.251497
0.0757447,0.0625532,0.33078,0.00617021,0.303972,0.156738,0.0714184,0.146667,0.0882979,0.185248,0.0463121,0.486454,0.0848936,0.0378723,0.0214184,0.241844,0.155745,0.165035,1.38284,0.120284,0.749645,0,0.125603,0.076383,0.751206,0.447447,0.13461,0.149716,0.0869504,0.139078,0.0714894,0.0342553,0.112979,0.0342553,0.107447,0.116879,0.240284,0.00489362,0.0891489,0.0635461,0.117376,0.0258156,0.0759574,0.0768794,0.170284,0.254326,0.0077305,0.0421277,0.0569362,0.185716,0.0249645,0.131879,0.0589291,0.0387943,2.45279,19.383,194.525,0.425532
0.481887,0.130943,0.544151,0,0.140566,0.0390566,0.186038,0,0,0.466604,0.415094,1.11396,0,0.0437736,0,0.203585,0.0218868,0.0601887,1.44868,0,3.56849,0,0,0.448679,0.462453,0.125849,0.113774,0.200943,0,0.0760377,0,0.0949057,0.04,0.0949057,0.0226415,0,0.0303774,0,0.0428302,0.0784906,0,0.045283,0,0.0218868,0.0888679,0.0218868,0,0.0458491,0,0.0981887,0,0.503755,0.0650377,0.0149434,5.24025,28.0566,53.3585,0.433962
0.14543,0.0590066,0.263709,0,0.27053,0.0680795,0.0576159,0.0564238,0.0505298,0.11298,0.00450331,0.551722,0.0852318,0.0213245,0.012053,0.17894,0.0617219,0.192848,1.77808,0.0103311,0.551126,0,0.0159603,0.030596,0.382914,0.398543,0.247483,0.0353642,0.179669,0.0749669,0.0430464,0.0135099,0.0434437,0.0135099,0.0644371,0.0922517,0.198477,0.00615894,0.0457616,0.0201325,0.0825166,0.30053,0.0269536,0.0984768,0.365629,0.16404,0.00675497,0.0357616,0.0173642,0.111722,0.00977483,0.137854,0.0249536,0.00668874,1.57762,5.45695,34.1325,0.152318
0,0,0,0,0,0,0,0,0,0,0,0,0,0,0,0,0,0,0,0,0,0,0,0,0,0,0.653333,0.653333,0,0.653333,0,0,0,0,0.653333,0,0,0,0,0,4.35556,0,0,0,0,7.48667,0,0,0,0.0847778,0,0,0,0,3.68233,7.77778,12.8889,0
0,0,0,0,0,0,0,0,0,0,0,0,0,0,0,0,0,0,0,0,0,0,0,0,0,0.121017,20.2969,0,0,0,0,0,0,0,0,0,0,0,0,0,0,0,0,0,0.0564407,0,0,0,0,0.0297288,0,0.00973729,0,0,1.21508,1.70339,5.4661,0
0.125588,0.151961,0.39049,0.140294,0.297059,0.120784,0.0884314,0.187745,0.431863,0.517843,0.124314,0.535392,0.127157,0.0641176,0.135784,0.270392,0.147059,0.373922,1.41176,0.17598,0.929118,0.848725,0.124608,0.197451,0.475392,0.152059,0.0305882,0.024902,0.00558824,0.0268627,0.019902,0.00186275,0.12402,0.00372549,0.12598,0.0319608,0.137843,0.00176471,0.0329412,0.0316667,0.00941176,0.0273529,0.00529412,0.0122549,0.0356863,0.0368627,0.00647059,0.0289216,0.0591961,0.107961,0.0439608,0.365441,0.181725,0.0970784,4.64325,77.4118,969.873,0.686275
0.0705556,0.0688889,0.206667,0,0.447361,0.105694,0.298472,0,0.0602778,0.311944,0.0377778,0.445694,0.174722,0.0672222,0,0.622083,0.04875,0.306389,2.26958,0.166528,0.910972,0.0359722,0,0.185833,0.0833333,0.0959722,0.0495833,0.0577778,0,0.0205556,0,0,0.0515278,0,0.0373611,0.0398611,0.0188889,0,0,0.0188889,0.00361111,0.0826389,0.00972222,0.0451389,0.283889,0.336944,0,0,0.0101111,0.0429583,0.00269444,0.223806,0.0389306,0.314014,5.1426,54.4583,94.6806,0.458333
0.0666949,0.122542,0.308729,0.0101695,0.369492,0.117288,0.110339,0.114746,0.0525424,0.278729,0.0671186,0.512458,0.194153,0.0332203,0.0877966,0.177119,0.115085,0.276186,1.3572,0.0513559,0.835593,0.309915,0.148983,0.0886441,0.642542,0.292203,0.176441,0.111356,0.100085,0.0988983,0.0547458,0.0613559,0.0869492,0.0613559,0.0759322,0.0949153,0.154576,0.0128814,0.069661,0.0805932,0.0135593,0.0370339,0.0825424,0.0514407,0.12161,0.0627966,0,0.0184746,0.0431441,0.177686,0.0273475,0.171941,0.115263,0.0418305,3.05197,24.7712,247.839,0.525424
0,0,0.0359459,0,0.0359459,0,0,0,0,0,0,0,0,0,0,0,0,0.267838,0.0843243,0,0.0359459,0,0,0,11.2919,2.95811,2.05838,2.32622,2.05838,2.32622,2.32622,2.05838,0,2.05838,2.32622,2.32622,0.0359459,0.108108,0.0359459,2.05838,0,0.108108,0,0,1.09108,0,0,0,0.0233784,0.574568,0.00583784,0.0491892,0,0,3.43824,13,28.5676,0
0.0535955,0.0933708,0.134045,0,0.143371,0.0492135,0.129213,0.321461,0.110449,0.104045,0.044382,0.281573,0.058427,0.16382,0,0.584944,0.185056,0.102921,1.69753,0.0342697,1.08517,0.0659551,0.157303,0.0691011,0.218539,0.256517,0.183933,0.00865169,0,0.0374157,0.0176404,0.0197753,0.0513483,0.0197753,0.0174157,0.104157,0.0860674,0,0.018764,0.0177528,0,0.0401124,0.00853933,0.0441573,0.383933,0.0776404,0,0,0.00677528,0.10836,0.00986517,0.392303,0.116236,0.00595506,4.06469,30.5955,82.573,0.730337
0.121563,0.259063,0.483125,0.308281,0.506875,0.216563,0.601719,0.0714062,0.0659375,0.287969,0.09875,0.511719,0.04875,0.003125,0.010625,0.367031,0.21875,0.429375,2.33109,0.340937,1.39375,0.049375,0.102031,0.155781,0.0625,0.048125,0.005,0.0220313,0.0225,0.0225,0.0146875,0,0.00421875,0,0.0420313,0.0407812,0.105938,0,0.07875,0.00296875,0,0,0.028125,0.011875,0.217656,0.02625,0,0.0271875,0.00767187,0.104266,0.0160625,0.438891,0.218109,0.0396094,8.78503,132.312,332.406,0.859375
0.107405,0.0257838,0.227568,0.00718919,0.171351,0.0802162,0.0825405,0.122973,0.0207027,0.166,0.0305405,0.48827,0.0851892,0.00124324,0.0135135,0.149405,0.121027,0.253243,1.46719,0.018,0.615189,0,0.00389189,0.01,0.864811,0.366486,0.247514,0.297135,0.0907568,0.229189,0.0756757,0.0384865,0.312054,0.0384865,0.184432,0.130432,0.235676,0.0101622,0.114595,0.0667568,0.0556757,0.120973,0.0896216,0.156162,0.259676,0.236054,0.00464865,0.020973,0.0188595,0.182951,0.0223135,0.220438,0.0437297,0.108946,2.02388,9.94595,64.4054,0.286486
0,14.1478,0,0,0,0,0,0,0,0.132222,0,0,0,0,0,0,0,0,0,0,0,0,0,0,0,0,0,0,0,0,0,0,0,0,0,0,0,0,0,0,0,0,0,0,0.132222,0,0,0,0,0,0,0,0,0,1.77778,4.88889,9.02778,0
0.170914,0.08,0.321667,0.00693548,0.476935,0.0975269,0.111452,0.137043,0.0439247,0.175538,0.0294624,0.50914,0.0794624,0.00392473,0.022957,0.232473,0.174355,0.180645,1.66602,0.0376882,0.820591,0.00543011,0.11828,0.0358602,0.560323,0.412957,0.252043,0.207258,0.104624,0.127688,0.0582796,0.0586022,0.0905914,0.0617742,0.146828,0.137151,0.175484,0.00387097,0.106237,0.0606452,0.0439247,0.0517742,0.102957,0.0698925,0.281398,0.158118,0.00150538,0.0548925,0.0243925,0.144151,0.0208925,0.284769,0.0746613,0.0204194,2.2027,14.7957,122.952,0.419355
0.0915152,0.09,0.262879,0.290303,0.261061,0.075303,0.0656061,0.064697,0.285,0.343182,0.0722727,0.448485,0.13803,0.151667,0.095303,0.296667,0.0618182,0.245,1.36652,0.210455,0.85,0.863333,0.0945455,0.0951515,0.379697,0.171818,0.0316667,0.0193939,0.00893939,0.0168182,0.0339394,0.00136364,0.0759091,0.00136364,0.105152,0.0227273,0.167121,0.000606061,0.0174242,0.0407576,0.0101515,0.0369697,0.00454545,0.0101515,0.0451515,0.0513636,0.0166667,0.04,0.0324242,0.150545,0.0204394,0.219667,0.123015,0.110985,6.12858,95.9697,1219.88,0.590909
0.13027,0.20527,0.424324,0.578514,0.281892,0.116892,0.047027,0.109865,0.267703,0.307162,0.0694595,0.790811,0.207568,0.14,0.129054,0.145541,0.146351,0.182027,1.70027,0.146892,0.948649,0,0.12473,0.169324,0.711757,0.134459,0.0221622,0.0228378,0.0140541,0.0175676,0.0198649,0.00216216,0.0714865,0.00216216,0.0345946,0.0608108,0.0912162,0.00189189,0.0168919,0.0340541,0.00216216,0.100541,0.0344595,0.01,0.0254054,0.00162162,0,0.0208108,0.13827,0.131554,0.0183243,1.00588,0.249932,0.0201757,4.07796,61.6216,754.081,0.581081
0.147761,0.131791,0.821791,0.136716,0.703433,0.520149,0.285522,0.140746,0.57209,0.46791,0.214627,0.612985,0.150746,0.0797015,0.967015,0.301791,0.128657,0.762388,1.52985,0.871493,0.956716,0.0862687,0.517612,0.140746,0.0483582,0.00134328,0.021791,0.00432836,0,0.00865672,0,0,0.00537313,0,0.00432836,0,0.0129851,0,0,0.0401493,0,0,0.0880597,0.0119403,0.0447761,0.0364179,0,0,0.00862687,0.0791343,0.0011194,0.443,0.141358,0.0203134,77.618,743.731,1388.16,0.985075
0.117738,0.163214,0.412381,0,0.467262,0.121071,0.319167,0.140238,0.0692857,0.32,0.142857,0.527738,0.151786,0.0572619,0.0541667,0.327024,0.226786,0.275833,1.93214,0.140833,1.04357,0.0194048,0.282619,0.0730952,0.239048,0.0884524,0.0144048,0.126786,0.00714286,0.0746429,0.0145238,0.00714286,0.24619,0.00714286,0.113929,0.0794048,0.150357,0,0.00666667,0.0888095,0.00369048,0.0430952,0.00619048,0.017619,0.120595,0.0753571,0,0.0214286,0.0130476,0.084119,0.00120238,0.470417,0.116238,0.0138452,4.69696,64.1786,195.976,0.654762
0.14907,0.126977,0.280465,0.0072093,0.31093,0.113256,0.0381395,0.221395,0.222093,0.333023,0.0939535,0.565581,0.140698,0.065814,0.0686047,0.339302,0.214884,0.19814,1.53605,0.134651,0.779302,0.939535,0.27907,0.228837,0.194419,0.105349,0.00744186,0.00581395,0.00302326,0.017907,0.0111628,0,0.0890698,0.00302326,0.00581395,0.10907,0.158605,0.01,0.0162791,0.0246512,0.0125581,0.00162791,0.0055814,0.0193023,0.0286047,0.0709302,0.00255814,0.0218605,0.0466047,0.125,0.0394884,0.208302,0.171698,0.124535,5.94228,127.837,1615.47,0.581395
0.256389,0.239167,0.316944,0.00527778,0.245833,0.0802778,0.0447222,0.143333,0.357778,0.434167,0.180833,0.555833,0.316944,0.586944,0.08,0.250556,0.271667,0.107222,2.12972,0.0380556,0.97,0.0466667,0.298333,0.308889,0.474167,0.110556,0.00166667,0.000555556,0.00111111,0.00916667,0,0,0.138889,0,0.00694444,0.0505556,0.165556,0.00305556,0.00777778,0.0163889,0.0141667,0.00444444,0.00916667,0.015,0.0533333,0.0597222,0.00194444,0.0408333,0.0309722,0.108556,0.0131667,0.291917,0.383389,0.0838611,5.63539,191.417,2263.14,0.75
0.111638,0.0924859,0.254746,0,0.394181,0.114915,0.14322,0.117514,0.0353672,0.223785,0.0853107,0.557062,0.0639548,0.0512994,0.0767797,0.335424,0.116215,0.225819,1.78136,0.0289266,0.878362,0.0266667,0.089209,0.0825424,0.701356,0.388192,0.223616,0.267006,0.0910169,0.140339,0.0645198,0.0842938,0.0838418,0.0842938,0.109774,0.167966,0.146271,0.0111299,0.111186,0.0658192,0.0459322,0.0466667,0.110452,0.120565,0.240226,0.298249,0.0131073,0.0165537,0.0257345,0.144994,0.0150452,0.180955,0.0558079,0.0532373,2.20118,12.548,100.333,0.389831
0.145419,0.10257,0.291899,0,0.249888,0.0454749,0.0144693,0.0754749,0.0109497,0.134525,0.00536313,0.463464,0.0620112,0.0880447,0,0.334134,0.0246369,0.212793,1.48916,0.116648,0.497654,0,0.0118436,0.0602235,0.124302,0.0581564,0.666369,0,0.0300559,0.0232402,0,0,0.312626,0,0.111732,0.00558659,0,0.0617877,0.0658101,0.00653631,0.0309497,0.314078,0.0199441,0.15905,0.674693,0.278324,0.0163128,0.0465363,0.0317821,0.11295,0.0141341,0.14448,0.00994972,0,1.41387,3.09497,11.9832,0.0726257
0.0773418,0.0316456,0.236962,0,0.108861,0.0451899,0,0,0.0229114,0.346835,0,0.131392,0.0702532,0,0,0.144177,0,0.0274684,6.99924,0,1.24241,0,0,0.281646,0.0229114,0,0.898987,0,0.0468354,0,0,0,0.0791139,0,0,0,0,0,0.0549367,0,0,0,0,0,1.21734,0.642532,0.0274684,0.0602532,0.014443,0.0540253,0,0.178241,0,0,1.18848,1.83544,6.81013,0.0759494
0,0,0.0158434,0,0.194819,0.0384337,0,0.0669277,0,0.0261446,0,0.100602,0,0.0645783,0,0.0388554,0,0.0463253,0.268253,0,0.276265,0,0,0,0.041988,0.0158434,0.483133,0,0,0,0.0753012,0,0,0,0,0,0,0,0,0,0,0.086506,0,0.447048,0.696928,0.33741,0,0.110422,0.00406627,0.092012,0.0580422,0.182386,0,0,1.20107,1.6506,5.1747,0.0421687
0.403,0.334,0.314,0.019,0.25,0.024,0.006,0.208,0.472,0.742,0.19,0.419,0.421,0.605,0.08,0.136,0.366,0.143,2.3,0.047,1.16,0,0.516,0.497,0.019,0,0,0.019,0,0,0,0,0,0.038,0.006,0.032,0,0,0.017,0.11,0,0,0,0,0.059,0,0,0,0.0151,0.0686,0,0.4377,0.4285,0.0727,225.594,1189.4,2466.4,1
0,0,0,0,0.769231,0,0,0,0,0,0,0,0,0,0,0,0,0,0,0,0,0,0,0,8.54692,4.37077,0.854615,0,0,0,0,0,0,0,0,0.591538,0,0,0,0,0,1.11462,0,0.103846,0,0,0,0,0,0,0,0,0,0,1.38008,2.30769,6.07692,0
0.121032,0.0980159,0.27119,0.0996032,0.350794,0.104048,0.0684921,0.110556,0.205794,0.336032,0.0956349,0.771032,0.131111,0.083254,0.0543651,0.19619,0.163492,0.184127,1.5854,0.0738889,0.972222,0.591508,0.200079,0.10746,0.60254,0.182937,0.0169841,0.0238095,0.015873,0.0289683,0.00849206,0.00150794,0.105079,0.00642857,0.0279365,0.066746,0.126905,0.012619,0.0150794,0.00698413,0.0464286,0.0719048,0.00738095,0.0150794,0.0692857,0.235,0.0203175,0.0185714,0.0377937,0.140659,0.0177698,0.223365,0.0743651,0.080754,4.45874,58.9206,515.238,0.603175
0,0,0.214667,0,1.77467,0,0,0,0,0,0,1.34067,0,0,0,0,0,0,0,0,0.214667,0,0,0,0.175333,0.175333,1.48133,0,4.61733,0,0,0,0,0,0,0,0,0.985333,0,0,0,8.88267,0,0,0,0,0,0,0,0,0,0.0748667,0,0,1.24933,2.4,9.4,0
