0.14551,0.0713265,0.203163,0.145816,0.494898,0.129592,0.0519388,0.0905102,0.198265,0.245408,0.10051,0.705714,0.138061,0.0545918,0.00867347,0.169082,0.239694,0.0740816,1.66622,0.0739796,0.715408,0.639898,0.224388,0.13898,0.54898,0.198878,0.0207143,0.0237755,0.0158163,0.0260204,0.00928571,0.0115306,0.135102,0.00336735,0.0273469,0.0757143,0.148163,0.0102041,0.0196939,0.00867347,0.0596939,0.0652041,0.0119388,0.012449,0.047449,0.308776,0.0323469,0.025,0.0737143,0.12648,0.0136939,0.114673,0.0923367,0.0707959,3.43805,34.7959,482.663,0.561224
0,0,0,0.04,0,0,0,0,0,0,0,0,0,0,0,0.02,0,0,0.02,0,0,0,0,0,0,0,0,0,0,0,0,0,0,0,0,0,0,0,0,0,0,0,0,0,0,0,0,0,1.024,9.752,0.003,1.542,1.785,1.998,239.571,9989,10062,1
0.29913,0.184348,0.309565,0.187391,0.0834783,0.101304,0.0256522,0.14913,0.256522,0.437826,0.14,0.676957,0.350435,0.702609,0.0026087,0.144783,0.28087,0.0521739,2.02435,0.00434783,0.996522,0.0126087,0.586087,0.25087,0.0208696,0.0213043,0.00521739,0.00304348,0.00217391,0,0,0,0.413913,0,0,0.0313043,0.261304,0.000869565,0.00217391,0.01,0.0221739,0.0104348,0.00869565,0.0121739,0.0295652,0.0617391,0.00695652,0.0704348,0.033087,0.0994783,0.00304348,0.232826,0.46587,0.0936087,4.83235,143.087,3093.35,0.695652
0,0,0,0,0,0,0,0,0,0,0,0,0,0,0,0.58,0,0,0,0,0,0,0,0,0,0,1.46,0.29,0,0.58,0,0,0,0,0,0,0.58,0,0,0,0,0,0,0,0,0,0,0,0,0.018,0,0,0,0,251,1488,1506,0
0.29,0.04,0.04,0,0.14,0.04,0,0.29,0.29,0.94,0.14,0.04,0.14,0,0.19,0.04,0.39,0.19,1.6,0.04,0.79,9.53,0.69,0.47,0,0,0,0,0,0,0,0,0,0,0,0.04,0,0,0.04,0,0,0,0,0,0.19,0,0,0,1.117,0.053,0,0.356,0.09,0.011,12.332,1171,9163,1
0.0435528,0.529468,0.177841,0,0.234114,0.0301646,0.0242401,0.0392449,0.0125169,0.110029,0.00707648,0.443853,0.0446176,0.0521491,0.00164569,0.168316,0.0169409,0.105799,1.62667,0.0272604,0.410658,0,0.00550823,0.0656631,0.457009,0.182701,2.8004,0.0278993,0.126951,0.043272,0.0262439,0,0.0864376,0,0.0459051,0.0254405,0.0411326,0.0354695,0.0626137,0.00421104,0.0624589,0.331675,0.0186931,0.148045,0.641646,0.266641,0.0049274,0.0468538,0.01894,0.0917619,0.0162865,0.207066,0.00602517,0.0027667,1.51483,3.73863,13.5344,0.0784124
0.0316667,0.406111,0.788333,0.0777778,0.39,0.133889,0.382222,0.184444,0.225,0.774444,0.293889,0.726667,0.123889,0.141111,0.116111,0.877778,0.284444,0.149444,1.82278,0.243333,1.45667,0.00944444,0.313333,0.112222,0.0138889,0.0283333,0,0,0,0,0,0,0.0177778,0,0.0266667,0,0.202778,0.02,0,0.0261111,0,0,0.01,0,0.176111,0.0266667,0,0,0.0161111,0.102167,0.00827778,0.732444,0.158611,0.0795556,12.7254,362.444,661.667,0.944444
0.392,0.362,0.398,0,0.364,0.062,0.038,0.174,0.58,0.566,0.316,0.652,0.538,1.006,0.374,0.192,0.352,0.212,2.734,0.064,1.18,0,0.634,0.42,0,0,0,0,0,0,0,0,0,0,0,0,0,0,0,0.012,0,0,0.024,0,0.036,0.012,0,0,0.01,0.0906,0,0.361,0.7502,0.104,7.587,565.8,2369.8,1
0.01,0.01,0.07,0,0.05,0,0,0.01,0.03,0.13,0.05,0,0,0.05,0,0,0.01,0.07,0.01,0,0.01,0,0,0,0,0,0,0,0,0,0,0,0.07,0,0,0.13,0,0,0,0.01,0.46,0,0,0.03,0,0.8,0.01,0.07,0.05,0.301,0.131,0.002,0.09,0.002,2.577,82,5395,0
0.111515,0.157879,0.869697,0,0.806061,0.787576,0.37303,0.150909,0.679091,0.360606,0.209394,0.679697,0.250909,0,1.67364,0.179394,0.0445455,1.0703,1.62576,0.192727,0.782424,0,0.687273,0.178182,0.00272727,0.00272727,0,0,0,0,0,0,0,0,0.00878788,0,0,0,0,0.0581818,0,0,0.151515,0.0242424,0.0763636,0.0739394,0,0,0.000363636,0.0785152,0,0.457242,0.147182,0.014697,13.4282,695.061,1439.82,1
0.5,0.25,0.42,0,0.08,0.23,0.02,0.35,0.35,0.69,0.21,0.9,0.5,0.92,0.02,0.33,0.42,0.02,3.05,0,1.43,0,0.94,0.46,0,0,0,0,0,0,0,0,0,0,0,0,0,0,0,0.02,0,0,0,0,0.02,0,0.02,0,0,0.069,0,0.325,0.523,0.124,6.723,445,4128,1
0.195,0.5,0.4,0.095,0.58,0,0,0,0.39,0.19,0,0.2,0,0,0,0.1,0,0,0.195,0.19,0.39,0,0,0.2,0.095,0,0,0.095,0,0,0,0,0,0.19,0,0,0,0,0,0,0,0,0,0,0,0,0,0,0,0.035,0,0.4155,0.7295,0.015,1062,2123,2124,1
0.148036,0.172321,0.504643,0.0121429,0.304464,0.128214,0.122679,0.195714,0.479821,0.571429,0.163036,0.521786,0.156786,0.0446429,0.127321,0.358214,0.157321,0.385714,1.63929,0.208571,1.06821,0.06,0.106964,0.268571,0.196607,0.101429,0.0110714,0.0198214,0.000714286,0.00982143,0.0108929,0,0.0573214,0.00517857,0.142857,0.0164286,0.0935714,0.00232143,0.0223214,0.03875,0.0133929,0.0351786,0.005,0.005,0.0389286,0.0589286,0.00696429,0.00875,0.0333929,0.0952857,0.0503393,0.464625,0.243429,0.04625,4.14229,82.4464,1006.75,0.839286
0,0,0.28,0,0.16,0.18,0,0,0,0,0.02,0.09,0.11,0,0,0,0,0,0.14,0,0.02,0,0,0.04,0,0,0,0,0,0,0,0,0,0.07,0,0,0,0,0.02,0,0,0,0,0,0,0,0,0,0,0.116,0.021,0.032,0,0,16.6155,154,9089,1
0.0946075,0.10116,0.359659,0.00658703,0.361399,0.129761,0.157406,0.150478,0.0665188,0.26901,0.085529,0.526007,0.148669,0.0346075,0.0404778,0.265358,0.165836,0.208225,1.55915,0.101877,0.886109,0.0139932,0.160751,0.0787713,0.590034,0.319044,0.116724,0.136075,0.0732765,0.115631,0.0524232,0.0323891,0.136348,0.0323891,0.0995904,0.105563,0.204642,0.00778157,0.0686007,0.0711263,0.0587713,0.0369625,0.0607509,0.0600341,0.142526,0.150648,0.00372014,0.0314676,0.0387679,0.149147,0.0173413,0.232027,0.0816314,0.0343208,3.14157,31.157,205.317,0.508532
0.229565,0.191739,0.273478,0.0413043,0.362174,0.241304,0.0578261,0.133043,0.483478,0.525217,0.124348,0.446087,0.178696,0.407391,0.584783,0.0704348,0.200435,0.428261,2.03739,0.24087,1.35957,0,0.27,0.28087,0.522609,0.17087,0.0269565,0.0369565,0,0.0317391,0.00956522,0,0.0447826,0,0.0291304,0.0104348,0.0591304,0.0217391,0.0104348,0.0421739,0,0.472174,0.00695652,0.0282609,0.0747826,0.0413043,0,0,0.008,0.225435,0.0131739,0.337348,0.220826,0.062913,5.65635,183.174,718.783,0.652174
0.115806,0.142823,0.33379,0.0850806,0.273226,0.0879032,0.0616129,0.145323,0.190161,0.291452,0.0970161,0.536855,0.118065,0.0294355,0.0772581,0.299113,0.191855,0.223952,1.43734,0.11621,0.814355,0.52371,0.144597,0.0876613,0.663952,0.211129,0.117258,0.0879839,0.0516935,0.0519355,0.0524194,0.0249194,0.0495968,0.0249194,0.0642742,0.0752419,0.124032,0.0471774,0.0494355,0.0762097,0.0275806,0.0674194,0.0412903,0.0479032,0.0869355,0.0654032,0.0174194,0.0389516,0.220629,0.152395,0.0155403,0.255073,0.0782823,0.106105,3.93229,45.3065,388.548,0.483871
0.0925121,0.103527,0.310676,0.00816425,0.318502,0.116812,0.0854589,0.122705,0.06,0.216618,0.0696618,0.479324,0.0915459,0.0342029,0.012657,0.229758,0.181111,0.210676,1.57879,0.127633,0.758696,0.606715,0.149565,0.080628,0.588841,0.22686,0.0879227,0.0487923,0.0455072,0.0596135,0.0263285,0.0248792,0.0571014,0.0278744,0.055942,0.0849275,0.195556,0.000917874,0.0196135,0.0366667,0.0299034,0.0272464,0.0416425,0.0226087,0.145459,0.263671,0.00357488,0.0348792,0.160333,0.162725,0.0260918,0.226333,0.106324,0.1043,3.83522,42.0483,292.396,0.531401
0.203158,0.161053,0.302632,0.0163158,0.327368,0.110526,0.0310526,0.32,0.318421,0.351053,0.121579,0.542632,0.220526,0.0878947,0.0889474,0.339474,0.248421,0.211579,1.89474,0.224211,0.964211,1.10474,0.331053,0.333158,0.133158,0.0921053,0.00736842,0.00263158,0,0.0121053,0,0,0.05,0,0.00421053,0.117368,0.116316,0.0142105,0.0142105,0.0221053,0,0,0.00421053,0.0115789,0.0405263,0.0105263,0.00315789,0.0194737,0.0328947,0.105789,0.0530526,0.244053,0.184421,0.143947,6.58558,137.211,1616.74,0.736842
0.05,0.104687,0.280938,0.59875,0.241875,0.0775,0.0840625,0.0403125,0.308437,0.218125,0.05375,0.336875,0.0540625,0.0415625,0.137812,0.207812,0.0575,0.155,1.18312,0.244063,0.710625,1.21,0.0846875,0.0421875,0.360625,0.20125,0.0221875,0.0121875,0.015625,0.013125,0.0215625,0,0.065625,0,0.160625,0.0184375,0.130312,0.00125,0.0065625,0.026875,0.0021875,0.045625,0,0.010625,0.0453125,0.0346875,0.00375,0.00375,0.0343437,0.1685,0.0266563,0.157594,0.0725625,0.117375,5.53891,78.4062,1294.69,0.59375
0.514737,0.675263,0.789474,0,0.323158,0.285263,0.0573684,0.434211,0.455789,1.41947,0.0305263,1.42526,0.128421,0.318421,0.363158,0.338947,0.06,0.696316,2.06053,0.391053,3.40526,0,0.602632,0.275263,0,0,0,0,0,0,0,0,0.0173684,0,0.06,0.0221053,0,0,0,0,0,0,0,0,0.0326316,0,0,0,0.0151579,0.158105,0.0851579,1.05458,0.194842,0.0637368,38.0616,578.105,830.684,1
0.136935,0.202097,0.421935,0,0.233065,0.123548,0.0427419,0.0708065,0.261613,0.271613,0.0737097,0.822581,0.195161,0.0483871,0.0932258,0.147097,0.11371,0.132258,1.60597,0.0683871,0.785645,0,0.0835484,0.180323,0.919839,0.161613,0.0285484,0.0124194,0.0153226,0.0293548,0.0145161,0.00693548,0.0824194,0.00693548,0.0240323,0.0745161,0.0995161,0.00225806,0.00806452,0.0332258,0.0120968,0.0206452,0.0503226,0.0083871,0.0219355,0.0180645,0.00741935,0.0256452,0.187,0.132935,0.0103871,1.12082,0.268758,0.00887097,3.84913,48.4839,723.823,0.564516
0.19,0,0.38,0,0,0.19,0,0,0,0,0.19,0.19,0,0,0,0.38,0,0.19,1.14,0,0.38,0,0,0,0,0,0,0,0,0,0,0,0,0,0,0,0,0,0,0,0,0,0,0,0,0,0,0,0.01,0.01,0,0,0,0.003,2.383,21,15841,1
0.181667,0.14,0.245,0.0216667,0.105,0.0616667,0.0233333,0.0866667,0.243333,0.305,0.095,0.4,0.161667,0.376667,0.0166667,0.0916667,0.158333,0.0616667,1.115,0.00333333,0.491667,0,0.163333,0.173333,0.43,0.443333,0.005,0.00333333,0.00333333,0,0,0,0.658333,0,0,0.0666667,0.69,0.00833333,0,0.00333333,0.0266667,0.01,0.0166667,0.0233333,0.103333,0.103333,0.00333333,0.0966667,0.0843333,0.186333,0.0388333,0.125833,0.185667,0.0445,3.62817,76.1667,2593.17,0.5
0.391176,0.127647,0.298235,0,0.0552941,0.144706,0.0176471,0.124118,0.205882,0.298824,0.185294,0.754706,0.392941,0.797059,0.0505882,0.215294,0.300588,0.168235,2.08176,0.0905882,0.818824,0.0752941,0.351765,0.387647,0.231176,0.138235,0.00705882,0,0.00294118,0.0105882,0,0,0.291176,0,0,0.0276471,0.134118,0.00294118,0.0105882,0.0223529,0.0111765,0.00705882,0.000588235,0.0258824,0.0652941,0.0264706,0.0158824,0.0394118,0.0318824,0.156941,0.008,0.296412,0.235706,0.103647,5.94647,132.706,3429.41,0.823529
0,0.02,0.05,0,0.02,0,0,0.05,0,0.35,0,0.02,0,0,0,0.05,0.1,0.38,0.07,0.2,0.17,0,0,0,0.02,0,0,0,0,0,0,0,0,0,0,0,0,0,0,0,0,0,0,0,0,0,0,0,0,0.004,0,0.108667,0.0173333,0.0173333,3.922,489,3271,1
0.0928788,0.120758,0.352652,0.00878788,0.521212,0.170076,0.236136,0.0862121,0.0668182,0.236515,0.089697,0.510152,0.114545,0.0130303,0.112576,0.437197,0.194394,0.290152,1.98061,0.258333,1.10136,0.109015,0.219621,0.165379,0.232879,0.108712,0.0733333,0.100227,0.0205303,0.087803,0.0175758,0.0175758,0.0712121,0.027803,0.0470455,0.0525,0.0677273,0,0.116894,0.0770455,0.01,0.0215909,0.0119697,0.0146212,0.183788,0.132652,0,0.0025,0.00233333,0.112841,0.00256061,0.359227,0.078053,0.179848,5.31355,55.5909,133.492,0.628788
0.35,0,1.75444,0,1.05222,0,0.0722222,0,0.574444,0.872222,0,0,0,0,0,0,0,0,0.35,0.925556,0.447778,0,0,0,0.35,0,0,0,0,0,0,0,0,0,0,0,0,0,0,0,0,0,0,0,0,0,0,0,0,0,0,0.926111,0.0888889,0,452.389,1237,1284.33,1
0.120962,0.241731,0.388077,1.15115,0.479615,0.172692,0.651923,0.0384615,0.0769231,0.318077,0.0273077,0.645769,0.0525,0.00384615,0.0176923,0.238846,0.299615,0.381923,2.12827,0.119615,1.24942,0.0525,0.0632692,0.120962,0.0548077,0.0371154,0.127308,0.0271154,0.0276923,0.0276923,0.139231,0,0.00519231,0,0.0786538,0.0203846,0.0361538,0,0.0463462,0.365385,0,0,0.0146154,0.0146154,0.167885,0.00846154,0,0,0.00263462,0.141923,0.0125385,0.364365,0.2315,0.0312308,11.5413,149.788,360.154,0.711538
0.134584,0.0931754,0.267452,0,0.209065,0.0691805,0.118707,0.0701536,0.0234699,0.213675,0.0608835,0.570922,0.0772215,0.0349936,0.016146,0.225237,0.0744942,0.154853,1.6874,0.0122791,0.823432,0,0.0414469,0.0618694,0.854046,0.452458,0.37265,0.293675,0.22749,0.268617,0.196031,0.160704,0.149872,0.160704,0.263137,0.21977,0.201741,0.00585147,0.152484,0.169859,0.068886,0.174648,0.0548784,0.116095,0.320333,0.224046,0.00130602,0.030717,0.0166479,0.166821,0.014443,0.225597,0.0495736,0.054507,2.27537,10.7772,46.4814,0.257362
0.0905128,0.0664103,0.225641,0,0.272821,0.0671795,0.0594872,0.0828205,0.288974,0.392564,0.075641,0.46359,0.141538,0.222564,0.0482051,0.334359,0.0469231,0.324103,1.1741,0.155897,0.833333,1.34513,0.0620513,0.102821,0.437436,0.187436,0.0392308,0.0266667,0.00230769,0.0241026,0.0448718,0.00230769,0.125385,0.00230769,0.0512821,0.0287179,0.241026,0.00128205,0.00666667,0.0482051,0.0153846,0.0251282,0.00769231,0.0307692,0.0387179,0.0584615,0.0264103,0.0589744,0.0619487,0.13559,0.0208718,0.247231,0.165231,0.128154,6.51869,92.0513,1126.38,0.538462
0.175,0.04,0.405,0,0.175,0,0,0.335,0.305,0.88,0.085,0.205,0.395,0,0.13,0,0.35,0.405,1.785,0,1.015,0,0.535,0.35,0,0,0,0,0,0,0,0,0,0,0,0.115,0,0,0.04,0.55,0,0,0,0,0.085,0,0,0,0.0355,0.076,0,0.3255,0.046,0.0055,40.992,1337.5,2938.5,1
0.178641,0.109709,0.357282,0.00106796,0.307184,0.12767,0.0763107,0.203981,0.254757,0.250777,0.0806796,0.691553,0.0821359,0.0999029,0.0140777,0.195534,0.324854,0.0690291,1.22621,0.193398,1.07689,0.304854,0.0759223,0.200485,0.973883,0.152621,0.0173786,0.00815534,0.00932039,0.0171845,0.0146602,0.00145631,0.101942,0.00252427,0.0146602,0.0859223,0.180971,0.0239806,0.0283495,0.0293204,0.066699,0.0937864,0.00951456,0.0205825,0.0412621,0.0999029,0.000873786,0.00951456,0.103243,0.184369,0.0144757,0.246,0.104087,0.0772913,3.99829,59.9709,601.194,0.495146
0.0936364,0.0972727,0.244545,0.00545455,0.328182,0.147273,0.0609091,0.233636,0.0872727,0.245455,0.0709091,0.462727,0.166364,0.07,0.0527273,0.602727,0.295455,0.218182,1.48182,0.111818,0.62,0.236364,0.23,0.161818,1.26909,0.07,0.00181818,0,0.00181818,0.03,0,0,0.05,0,0.0218182,0.151818,0.115455,0.00181818,0.0254545,0.0554545,0.0318182,0.00909091,0.00909091,0.0363636,0.0381818,0.133636,0,0.0809091,0.0214545,0.100273,0.0146364,0.285636,0.110909,0.101091,5.81055,143.091,2014.27,0.545455
0.79,0.9625,0.945,0,0.7625,0,0.4225,0,0.585,2.0925,0,1.5325,0,0,0.7525,2.7325,0.7725,0,1.165,0,2.335,0,0,0.4025,0,0,0,0,0,0,0,0,0,0,0,0,0,0,0,0,0,0,0,0,0,0,0,0.1925,0,0.0335,0,1.56425,0.6845,0.023,128.925,437.25,525.75,1
0.105543,0.275326,0.398043,0.77087,0.768913,0.169565,0.41,0.154022,0.073587,0.302065,0.0818478,0.683804,0.0953261,0.0518478,0.0384783,0.538261,0.948804,0.333587,2.17435,0.364348,1.65217,0.0177174,0.182283,0.138587,0.0663043,0.0157609,0,0.0136957,0,0.0105435,0,0,0.0246739,0,0.0051087,0.0283696,0.0990217,0.0169565,0.0254348,0.0568478,0,0,0,0.00597826,0.145,0.0152174,0,0,0.00461957,0.109141,0.00926087,0.569359,0.186457,0.0320109,7.05105,115.978,223.783,0.891304
0.109508,0.161803,0.38918,0.703279,0.39377,0.160656,0.0908197,0.142623,0.259344,0.364262,0.0813115,0.791803,0.14082,0.0757377,0.108197,0.207377,0.238033,0.334918,2.1823,0.152459,1.49443,0.458689,0.275902,0.15377,0.22918,0.0711475,0,0.0177049,0.00819672,0.0129508,0.00262295,0,0.00786885,0.0101639,0.0222951,0.0163934,0.0529508,0.00704918,0.00327869,0.00131148,0,0.032623,0.00672131,0.00393443,0.106393,0,0.00442623,0.0209836,0.0186885,0.125738,0.0125082,0.466328,0.114574,0.0790164,6.46936,97.0164,514.197,0.868852
0.122604,0.109147,0.299424,0.00483871,0.421935,0.151636,0.114793,0.118272,0.0430415,0.213456,0.0343548,0.528065,0.0842396,0.00610599,0.0149309,0.258641,0.147742,0.17129,1.61101,0.0225346,0.972512,0.0123502,0.119309,0.0776498,0.596336,0.387535,0.261959,0.175392,0.105668,0.131797,0.0713594,0.0692396,0.100507,0.0705991,0.141313,0.127558,0.171797,0.00218894,0.105438,0.0753226,0.0453917,0.050553,0.0993548,0.0431336,0.261498,0.108779,0.00677419,0.0366359,0.026576,0.157378,0.0261221,0.237737,0.0706475,0.0174424,2.42685,17.5899,137.288,0.449309
0.0766667,0.0611111,0.185556,0,0.0311111,0.0233333,0,0.0477778,0.0433333,0.0933333,0.0477778,0.507778,0.0166667,0.0288889,0.00222222,0.0211111,0.0433333,0.113333,0.325556,0.0211111,0.187778,0.393333,0,0,0.281111,0.11,0.01,0.00888889,0.0144444,0.0511111,0.04,0,0.282222,0,0.0144444,0.0966667,0.294444,0.0177778,0.0355556,0.0188889,0.06,0.00777778,0.0177778,0.0377778,0.0166667,0.257778,0.00555556,0.04,0.099,0.178889,0.0476667,0.0228889,0.00177778,0.0247778,2.93811,73.5556,1794.22,0
0.0215789,0.153684,0.283158,0,0.845263,0.0510526,1.48474,0.699474,0.57,0.718421,0.57,0.493158,0,0.0684211,0,1.22053,1.65632,0.176842,1.99947,0.57,2.38263,0,0.227895,0.102632,0.0152632,0.0152632,0.0152632,0.0305263,0,0,0,0,0,0.0152632,0.0305263,0.0121053,0.244211,0,0.0563158,0,0,0,0,0,0.0842105,0,0,0,0,0.105421,0,0.567421,0.188,0.0614211,50.4765,285.211,368.053,0.947368
0.18,0.2285,0.501,0,0.4905,0.244,0.22,0.076,0.34,0.4485,0.3355,0.8245,0.163,0.267,0.188,0.679,0.33,0.4965,2.2915,2.1385,1.564,0.289,0.517,0.1935,0,0,0,0,0,0,0,0,0.018,0,0,0,0,0,0.034,0.024,0,0,0.0245,0,0.035,0,0,0.011,0,0.1146,0.00375,0.3288,0.16875,0.07235,9.78435,498.05,1386.85,1
0.111481,0.128704,0.29463,1.04519,0.313148,0.11,0.0444444,0.186852,0.374815,0.463148,0.0761111,0.61963,0.142407,0.117407,0.134074,0.156852,0.173148,0.308704,1.39333,0.155,0.918148,0.907593,0.135741,0.14963,0.80463,0.207222,0.0503704,0.03,0.0164815,0.0477778,0.0340741,0.00351852,0.167222,0.00166667,0.102963,0.0477778,0.153148,0,0.057963,0.0251852,0.00388889,0.0212963,0.00685185,0.00296296,0.0375926,0.00851852,0.00407407,0.0527778,0.0641481,0.122815,0.0371852,0.244241,0.100944,0.104426,4.83209,71.2963,877,0.518519
0,0,0,0,0,0,0,0,0,0,0,0,0,0,0,0,0,0,0,0,0,0,0,0,0,0,0,0,0,0,0,0,0,0,0,0,0,0,0,0,0,0,0,0,0,0,0,0,0.022,0.022,0.019,0.022,0.022,0.022,3.482,5,5902,0
0.1,0.192857,0.362857,1.30857,0.18,0.741429,0.205714,0.532857,0.678571,0.83,0.105714,0.7,0.0971429,0,1.03714,0.0414286,0.427143,1.00143,1.62,0.262857,0.858571,0,0.517143,0.218571,0,0,0,0,0,0,0,0,0,0,0.0185714,0,0.0414286,0,0,0.0414286,0,0,0.0857143,0,0,0,0,0,0.0808571,0.100286,0,0.282,0.135857,0.0231429,12.9304,700.714,1215.14,1
0.4575,0.7225,0.565,0,0.6175,0.095,0.0825,0.185,0.185,1.0375,0.3525,1.8725,0.0825,0.185,0,0.4375,0,0.42,2.2025,0,3.96,0.095,0.185,0,0,0,0,0,0,0,0,0,0,0,0,0,0.0925,0,0,0,0,0,0,0,0,0,0,0,0,0.15925,0,0.6695,0.11325,0.048,101.151,858.75,1014.5,1
0.54,0.434,0.288,0,0.14,0.03,0.012,0.164,0.548,0.638,0.288,0.658,0.626,1.21,0.03,0.214,0.434,0.046,3.17,0,1.42,0,0.54,0.576,0,0,0,0,0,0,0,0,0,0,0.012,0,0,0,0,0,0,0,0,0,0.046,0,0,0,0.0072,0.0772,0,0.5122,0.5202,0.135,6.8926,760.4,2399.6,1
0.343333,0.332667,0.370667,0,0.254,0.0593333,0.0473333,0.106667,0.504,0.564667,0.245333,0.678667,0.394667,0.878,0.022,0.188,0.316,0.0286667,2.79667,0.0133333,1.324,0,0.304667,0.42,0.0353333,0.0366667,0.000666667,0,0,0,0,0,0.0333333,0,0.000666667,0.00333333,0.0433333,0.00266667,0,0,0,0,0.000666667,0,0.0466667,0,0.00333333,0,0.0215333,0.0854667,0.0064,0.355,0.525267,0.0973333,5.829,154.267,2253.2,0.933333
0.132857,0.125,0.31,0,0.417857,0.161429,0.0678571,0.186429,0.222143,0.472143,0.0857143,0.608571,0.122143,0.0571429,0.0885714,0.429286,0.229286,0.22,1.79857,0.0671429,0.920714,1.06786,0.371429,0.243571,0.235714,0.127857,0.00642857,0.00857143,0,0.00571429,0.00857143,0,0.0242857,0.00928571,0.00285714,0.0921429,0.132857,0,0.00785714,0.0264286,0,0,0,0.0192857,0.0221429,0.0378571,0,0.015,0.0348571,0.121929,0.0175,0.256857,0.264357,0.146929,6.84057,138.929,1479.21,0.714286
0.0839171,0.0885253,0.217189,0.00411674,0.289908,0.0678648,0.131628,0.141644,0.0450538,0.239247,0.050384,0.535038,0.0928418,0.0463748,0.0421198,0.278326,0.131536,0.188602,1.69694,0.0455453,0.754178,0.0211367,0.0745315,0.0633026,0.552227,0.353349,0.208034,0.233333,0.0817819,0.124209,0.0626882,0.0597081,0.0822734,0.0597081,0.12235,0.139155,0.181505,0.00456221,0.104332,0.0560983,0.0267742,0.0674654,0.090768,0.0936406,0.292581,0.219662,0.00863287,0.029063,0.0200123,0.159719,0.0137665,0.248183,0.054788,0.0265975,2.73467,18.0399,85.1813,0.397849
0.59,0.09,0.09,0,0.29,0.09,0,0.59,0.59,2.09,0.29,0.09,0.29,0,0.39,0.09,0.79,0.39,3.19,0.09,1.69,0,1.39,0.99,0,0,0,0,0,0,0,0,0,0,0,0.09,0,0,0.09,0,0,0,0,0,0.19,0,0,0,0.044,0.078,0,0.334,0.133,0.011,15.493,1171,2541,1
