0,14.1478,0,0,0,0,0,0,0,0.132222,0,0,0,0,0,0,0,0,0,0,0,0,0,0,0,0,0,0,0,0,0,0,0,0,0,0,0,0,0,0,0,0,0,0,0.132222,0,0,0,0,0,0,0,0,0,1.77778,4.88889,9.02778,0
0.361,0.581,0.80175,0.02275,0.39725,0.2195,0.1945,0.274,0.3905,1.216,0.1315,1.16,0.12675,0.21475,0.3365,0.7075,0.205,0.43325,1.90525,0.26125,2.49825,0.01375,0.44725,0.24475,0.00625,0.01275,0,0,0,0,0,0,0.01625,0,0.04375,0.0105,0.08175,0.009,0,0,0,0,0.0045,0,0.06725,0.012,0,0.01925,0.01055,0.12565,0.044175,0.94615,0.234025,0.0672,38.5337,490.925,750.35,0.975
0.0632231,0.092562,0.247355,0,0.518182,0.110413,0.259008,0.0776033,0.0505785,0.288264,0.0719835,0.464463,0.163471,0.04,0.106859,0.499339,0.16595,0.279587,2.20537,0.277603,0.926942,0.0457025,0.132975,0.131818,0.0819835,0.0828099,0.0330579,0.0859504,0,0.0214876,0,0,0.0306612,0,0.0324793,0.0401653,0.0378512,0,0.0396694,0.0367769,0.00214876,0.0684298,0.00578512,0.043719,0.270248,0.299421,0,0.00272727,0.00857025,0.0845785,0.0022562,0.21138,0.0525868,0.192,5.05312,54.1736,105.364,0.528926
0.161091,0.0992727,0.255091,0.00563636,0.343091,0.108364,0.0532727,0.173091,0.205818,0.310182,0.150545,0.572182,0.147636,0.148545,0.0536364,0.433091,0.243455,0.166545,1.68982,0.793636,0.969455,0.839636,0.308,0.231636,0.152,0.0823636,0.00581818,0.00454545,0.00236364,0.014,0.00872727,0,0.0734545,0.00236364,0.00454545,0.0852727,0.124,0.00781818,0.0250909,0.0192727,0.00981818,0.00127273,0.00436364,0.0150909,0.0263636,0.0554545,0.002,0.0210909,0.0364364,0.120182,0.0322364,0.247164,0.165073,0.121164,7.02847,201.618,1577,0.672727
0.159833,0.188833,0.9395,0.155833,0.719,0.566333,0.292333,0.1695,0.619333,0.541,0.176333,0.675833,0.164833,0.0123333,1.07983,0.218167,0.0821667,0.841833,1.46133,0.289667,0.919167,0,0.527333,0.128333,0.0571667,0.0015,0.0243333,0.008,0,0.00966667,0,0,0,0.00633333,0.00483333,0,0.0206667,0,0,0.0448333,0,0,0.0933333,0.0133333,0.05,0.0406667,0,0,0.00963333,0.07515,0,0.494233,0.160533,0.0143333,122.02,839.633,1390.77,0.983333
0.0535095,0.0461968,0.203348,0,0.281366,0.0395301,0.0270485,0.0475184,0.00792952,0.133495,0.0058884,0.464464,0.0500587,0.0721586,0,0.148899,0.0198678,0.128649,1.94808,0.0395007,0.50138,0,0.00311307,0.0669016,0.299897,0.136314,0.527974,0.0150073,0.156769,0.0326579,0.0183554,0,0.116285,0,0.0436417,0.0175184,0.0284435,0.0443172,0.0690749,0.00312775,0.0746843,0.37862,0.0248018,0.189662,0.798385,0.365007,0.0074743,0.0571219,0.0204581,0.0987151,0.0227636,0.257395,0.00421292,0.00128341,1.44563,3.16006,11.6094,0.0792952
0.116104,0.137792,0.234935,0.67961,0.409351,0.111429,0.0611039,0.110584,0.222662,0.228182,0.0911039,0.675325,0.120909,0.0444156,0.0425974,0.199805,0.232922,0.166039,1.63429,0.0744156,0.727143,0.75987,0.17526,0.133961,0.668896,0.193442,0.0612338,0.0307792,0.0261688,0.0320779,0.0120779,0.0135065,0.0812338,0.00831169,0.0407143,0.0734416,0.120714,0.0224675,0.018961,0.0116883,0.0330519,0.0468182,0.0183117,0.0106494,0.0623377,0.0823377,0.0205844,0.0234416,0.105701,0.125617,0.0127338,0.173851,0.091026,0.0872338,4.46466,46.6818,463.273,0.558442
0,0,0,0,0,0,0,0,0,0,0,0,0,0,0,0.325203,0,0,0,0,0,0,0,0,0.0903252,0.116098,20.068,0,0,0,0,0,0,0,0,0,0,0,0,0,0,0.18065,0,0,0.0541463,0,0,0,0,0.0285203,0,0.00934146,0,0,1.20634,1.6748,5.45528,0
0.096,0.008,0.196,0.008,0.092,0.118,0,0.058,0.058,0.188,0.074,0.082,0.072,0,0.038,0.088,0.078,0.076,0.608,0.008,0.242,1.906,0.138,0.11,0,0,0,0,0,0,0,0,0,0.028,0,0.008,0,0,0.016,0,0,0,0,0,0.038,0,0,0,0.4302,2.0094,0.009,0.3924,0.375,0.4024,57.5034,2297.8,10648.8,1
0.157181,0.0943624,0.34302,0.00187919,0.321208,0.140336,0.0628859,0.178389,0.236443,0.277181,0.088255,0.738993,0.0983221,0.0980537,0.0226846,0.188792,0.273356,0.0995973,1.44503,0.169799,1.22128,0.211879,0.137315,0.164094,0.793221,0.154899,0.0146309,0.00563758,0.00644295,0.0131544,0.0112081,0.00100671,0.10349,0.00302013,0.0120134,0.0624832,0.16094,0.0165772,0.0227517,0.0208054,0.0679195,0.0768456,0.00932886,0.0158389,0.0603356,0.213356,0.00241611,0.00711409,0.0814564,0.169054,0.0170134,0.281946,0.0977584,0.0612416,4.25561,64.7315,584.624,0.577181
0.30617,0.144894,0.280426,0.0917021,0.0723404,0.106809,0.0193617,0.139787,0.221064,0.399574,0.144681,0.630213,0.341064,0.652766,0.0255319,0.158936,0.276596,0.12,1.86936,0.0476596,0.868511,0.0334043,0.447021,0.28766,0.0951064,0.0604255,0.00510638,0.00148936,0.00212766,0.00382979,0,0,0.309362,0,0,0.0297872,0.176383,0.00148936,0.00659574,0.017234,0.0246809,0.00765957,0.00446809,0.0159574,0.0421277,0.0568085,0.00978723,0.0502128,0.0292553,0.115766,0.00757447,0.24734,0.329319,0.0877872,5.44715,185.447,3357.47,0.744681
0.0874237,0.141492,0.323254,0.00667797,0.388305,0.202881,0.159831,0.0934576,0.0496271,0.233288,0.0399322,0.626644,0.0963729,0.00650847,0.0140339,0.247729,0.131559,0.230915,1.69722,0.0532881,1.15095,0.0442373,0.121661,0.116508,0.580169,0.320441,0.212068,0.131525,0.093322,0.142271,0.0669492,0.064678,0.0907119,0.0682034,0.108644,0.0940678,0.169729,0.000779661,0.103729,0.0841356,0.0439322,0.0417966,0.0849831,0.0162034,0.217864,0.0838983,0.00901695,0.013322,0.0250475,0.155353,0.0219186,0.241092,0.0669322,0.0192508,3.06457,24.3763,152.461,0.494915
0.131543,0.118704,0.374753,0.0221605,0.302407,0.0826543,0.0896296,0.156975,0.13142,0.295062,0.0704938,0.491481,0.0921605,0.0335185,0.052716,0.274012,0.209012,0.224877,1.58901,0.182346,0.918272,0.640556,0.144691,0.0906173,0.44463,0.182531,0.0737037,0.0731481,0.0538272,0.0545062,0.0394444,0.0183951,0.0408642,0.0183951,0.0512346,0.064321,0.159136,0.0235802,0.0378395,0.0702469,0.02,0.0485802,0.042284,0.0455556,0.118272,0.162284,0.0179012,0.0445062,0.253562,0.149167,0.0138642,0.295642,0.141253,0.144093,4.10972,52.2099,351.333,0.549383
0.0762121,0.136212,0.265303,0.290303,0.284242,0.0748485,0.0701515,0.064697,0.298939,0.370758,0.079697,0.445758,0.112727,0.151667,0.095303,0.279091,0.0809091,0.249697,1.30439,0.269697,0.875,0.863333,0.0769697,0.0834848,0.379697,0.171818,0.0316667,0.0193939,0.00893939,0.0168182,0.0339394,0.00136364,0.0781818,0.00136364,0.105152,0.0227273,0.167121,0.000606061,0.00712121,0.0407576,0.0101515,0.0369697,0.0119697,0.0101515,0.0418182,0.0513636,0.0166667,0.0366667,0.0324242,0.153455,0.0204394,0.204652,0.125167,0.10153,6.28667,99.3485,1215.05,0.590909
0.124369,0.151165,0.388058,0.138932,0.295534,0.120291,0.0875728,0.185922,0.42767,0.512816,0.123107,0.543204,0.126602,0.0648544,0.134466,0.267767,0.151748,0.370291,1.39942,0.174272,0.920097,0.840485,0.124078,0.195534,0.500194,0.150583,0.0302913,0.0246602,0.00553398,0.0266019,0.0197087,0.00184466,0.122816,0.00368932,0.124757,0.0323301,0.138544,0.00174757,0.0326214,0.0313592,0.00932039,0.0270874,0.00524272,0.0121359,0.0353398,0.0365049,0.00640777,0.0286408,0.0594369,0.108631,0.043534,0.361893,0.179961,0.0961359,4.62002,76.9126,968.757,0.679612
0.160521,0.188021,0.38625,0.455833,0.290208,0.147292,0.0482292,0.1125,0.335729,0.350833,0.0761458,0.692708,0.200937,0.150729,0.205729,0.123854,0.158229,0.200625,1.74552,0.140417,1.00625,0,0.122396,0.214271,0.755208,0.178646,0.0279167,0.0204167,0.0136458,0.0332292,0.018125,0.00447917,0.074375,0.00447917,0.0319792,0.0539583,0.0946875,0.00666667,0.0183333,0.0401042,0.0078125,0.129896,0.0353125,0.0128125,0.041875,0.0215625,0.00479167,0.020625,0.127104,0.154135,0.0161562,0.853125,0.239729,0.0252396,4.39967,85.2812,739.562,0.59375
0.080231,0.0814851,0.244901,0,0.23462,0.0572607,0.0809571,0.0459736,0.0373432,0.186766,0.0224257,0.58538,0.0875578,0.0467327,0.00950495,0.222904,0.0543234,0.127409,1.79899,0.00980198,0.559323,0,0.039802,0.0616172,1.02881,0.493812,0.4617,0.268564,0.267789,0.254983,0.219109,0.173086,0.084604,0.173086,0.244026,0.23736,0.180759,0.0137789,0.159389,0.180297,0.0867657,0.233647,0.0437129,0.129587,0.44901,0.169026,0.00168317,0.0382013,0.0228795,0.169482,0.0144323,0.198116,0.0454719,0.0149422,2.0522,8.55941,34.3185,0.191419
0.0948077,0.104327,0.314279,0.0105769,0.375192,0.131971,0.0979808,0.104231,0.0656731,0.232308,0.0688462,0.540192,0.142837,0.025625,0.0494231,0.219663,0.201875,0.259904,1.55404,0.105096,0.780048,0.309519,0.174135,0.0820192,0.585337,0.246683,0.112308,0.0749038,0.0645192,0.0765385,0.035625,0.0341827,0.0674038,0.0371635,0.0642308,0.0884615,0.163558,0.00125,0.0376923,0.0590385,0.0194231,0.0352885,0.0485096,0.0338462,0.151923,0.159423,0,0.0224038,0.0542067,0.158476,0.0267163,0.234101,0.116087,0.0596058,3.58572,40.1731,267.111,0.5625
0.0935323,0.105547,0.2249,0.00335821,0.274975,0.064403,0.131119,0.169254,0.056194,0.267637,0.0633831,0.507861,0.0826866,0.0607214,0.0256219,0.275473,0.141542,0.160323,1.65276,0.0421393,0.768458,0.0124627,0.100174,0.0716915,0.602512,0.395249,0.251592,0.245697,0.0779353,0.142687,0.070796,0.073607,0.0827861,0.073607,0.122935,0.149726,0.155299,0.00547264,0.105025,0.0653731,0.0255224,0.0519154,0.0832836,0.085995,0.298607,0.169129,0.0139801,0.0338308,0.0164602,0.165878,0.0114055,0.255896,0.0603408,0.0298085,2.58539,15.597,84.2214,0.412935
0.291163,0.252791,0.311628,0.0044186,0.228837,0.0727907,0.0388372,0.156279,0.376977,0.486279,0.191628,0.547442,0.344884,0.632093,0.0795349,0.236744,0.296279,0.114884,2.24744,0.0339535,1.01651,0.0390698,0.355581,0.348605,0.396977,0.0925581,0.00139535,0.000465116,0.000930233,0.00767442,0,0,0.116279,0,0.0072093,0.047907,0.138605,0.00255814,0.00860465,0.0353488,0.0118605,0.00372093,0.00767442,0.0125581,0.0544186,0.05,0.00162791,0.034186,0.0294419,0.103326,0.0110233,0.31393,0.385093,0.0861628,7.33907,310.907,2297.05,0.790698
0.153611,0.0764103,0.272115,0.00284188,0.190748,0.0648718,0.129423,0.102927,0.0133974,0.19391,0.0888889,0.619893,0.0671581,0.00799145,0.0303846,0.186731,0.0937607,0.190705,1.57342,0.011859,0.940107,0,0.0292094,0.0794658,0.77188,0.366432,0.199338,0.246389,0.109829,0.199081,0.0857479,0.0524573,0.194829,0.0524573,0.196859,0.117073,0.232201,0.0057265,0.121047,0.0616453,0.0379701,0.148355,0.0697222,0.105342,0.240299,0.273846,0,0.030235,0.0147927,0.153177,0.0134658,0.263667,0.0391004,0.0779359,2.46709,12.8205,58.5748,0.303419
0.0632203,0.235932,0.360339,0.00830508,0.640339,0.16322,1.05424,0.258983,0.228475,0.54322,0.215424,0.641525,0.0608475,0.0220339,0.0155932,0.61661,0.781017,0.290339,2.19983,0.205763,1.64712,0.0145763,0.131186,0.101525,0.0457627,0.0133898,0.111695,0.0337288,0.00847458,0.00423729,0.122712,0,0,0.0122034,0.0574576,0.0128814,0.104576,0,0.05,0.322034,0,0.00338983,0,0.00474576,0.168814,0,0,0.0169492,0.0108644,0.148424,0.0100678,0.42022,0.0981017,0.0441864,25.3353,212.542,385.983,0.762712
0.116125,0.3125,0.4195,1.13312,0.773625,0.181875,0.48475,0.177375,0.062625,0.32975,0.088875,0.627875,0.113625,0.0495,0.04425,0.59025,0.986875,0.357875,2.2675,0.37825,1.74063,0.020375,0.17125,0.15325,0.007125,0.007125,0,0.00775,0,0.012125,0,0,0.0075,0,0.005875,0.03925,0.09975,0.0195,0.029875,0.0525,0,0,0,0.006875,0.084875,0.0175,0,0,0.004425,0.11775,0.01065,0.6137,0.185588,0.0368125,7.4968,123.6,221.85,0.9375
0.0946087,0.0968696,0.354957,0.00378261,0.352087,0.135522,0.150957,0.153522,0.0683913,0.256652,0.0973913,0.481957,0.119217,0.0434348,0.0182609,0.294826,0.153739,0.185522,1.56083,0.114565,0.869913,0.00804348,0.156391,0.0830435,0.579565,0.313652,0.0973478,0.135739,0.0586522,0.103522,0.053,0.0274783,0.166391,0.0274783,0.108217,0.105348,0.211304,0.0096087,0.0565652,0.0583043,0.0725652,0.0334783,0.0586522,0.0589565,0.154217,0.186565,0.00473913,0.0346957,0.0417652,0.148065,0.0161391,0.23753,0.0759609,0.0271652,3.13221,32.6609,199.004,0.491304
0.135962,0.0673718,0.278654,0.00413462,0.44375,0.0864423,0.0888782,0.118974,0.0354487,0.163045,0.0325641,0.50359,0.0642949,0.0108654,0.0503846,0.305321,0.154712,0.155032,1.60958,0.0248077,0.833365,0.0317949,0.121538,0.0475,0.547244,0.373526,0.242981,0.207436,0.102404,0.114679,0.0675,0.0609295,0.0812179,0.0638141,0.147244,0.156859,0.161442,0.00477564,0.120224,0.0688782,0.0399038,0.0521474,0.0991026,0.0765064,0.274359,0.163462,0.000897436,0.0446795,0.0259327,0.146548,0.022359,0.268538,0.0775705,0.0226346,2.45739,17.2372,117.032,0.445513
