0.062,0.2055,0.579,0.9865,0.3715,0.258,0.2405,0.2575,0,0.3105,0.241,0.5425,0.047,0,0,0.543,0.3075,0.3535,2.3095,0.78,1.7355,0,0.1625,0.1935,0.0285,0.0285,0,0,0,0,0,0,0.0135,0,0,0.0365,0.158,0,0.1195,0,0,0,0,0,0.154,0.062,0,0,0.0177,0.1079,0.0426,0.45635,0.0945,0.04555,6.32575,131.45,284.25,0.95
0.121475,0.0722951,0.148852,0.0221311,0.255738,0.0372131,0.192623,0.508361,0.0621311,0.113443,0.037541,0.24,0.047541,0.203934,0,0.200492,0.270164,0.131148,1.34295,0.0237705,0.641803,0.0327869,0.173279,0.054918,0.191639,0.172623,0.0798361,0.100492,0,0.0204918,0,0.00967213,0,0.00967213,0.0616393,0.095082,0.118525,0,0,0,0,0,0,0.0481967,0.481967,0.00459016,0,0.0272131,0.00631148,0.151656,0.00434426,0.340984,0.146508,0.01,3.55869,23.623,78.3115,0.721311
0.0096875,0.2925,0.329375,0,0.696875,0.247813,1.0175,0.076875,0.0240625,0.365938,0.0390625,0.719375,0,0,0.02875,0.435938,0.196875,0.387188,2.22156,0,1.23906,0,0.0315625,0.0165625,0.0440625,0,0.196875,0.0440625,0,0,0.22625,0,0,0,0.0878125,0.0165625,0,0,0.05875,0.59375,0,0,0,0,0.246563,0,0,0,0.000875,0.19025,0.0185625,0.282625,0.0101875,0.0326875,14.4371,178.312,386.594,0.65625
0.272676,0.0798592,0.291549,0,0.680282,0.0243662,0.140423,0.0787324,0.0178873,0.100704,0.023662,0.494789,0.0332394,0.0356338,0.0121127,0.48493,0.281549,0.182113,2.30972,0.00619718,1.31507,0,0.211127,0.0833803,0.0871831,0.0266197,0.0953521,0.0522535,0.0071831,0.0288732,0.0071831,0.0160563,0.00619718,0.0160563,0.0469014,0.0950704,0.0283099,0,0.0233803,0.011831,0,0.0447887,0.00901408,0.0309859,0.262113,0.0376056,0,0.0401408,0.010662,0.10262,0.00995775,0.44662,0.164155,0.0058169,3.04956,24.9859,113.704,0.830986
0.554,0.7155,0.843,0,0.321,0.2065,0.0335,0.4395,0.3985,1.5045,0.045,1.664,0.122,0.3395,0.345,0.359,0.057,0.6405,2.0415,0.3615,3.676,0.019,0.4405,0.231,0,0,0,0,0,0,0,0,0.0165,0,0.057,0,0.0185,0,0,0,0,0,0,0,0,0,0,0,0.0081,0.16825,0,1.10565,0.1778,0.0687,44.7956,633.35,839.7,1
0.229062,0.2125,0.316563,0.0059375,0.258125,0.0865625,0.0503125,0.137813,0.331875,0.407813,0.165938,0.5375,0.27625,0.503125,0.08625,0.25375,0.2525,0.119687,2.01125,0.0428125,0.922813,0.0525,0.272812,0.28375,0.533438,0.124375,0.001875,0.000625,0.00125,0.0103125,0,0,0.15625,0,0.0078125,0.056875,0.18625,0.0034375,0.00875,0.0184375,0.0159375,0.005,0.0103125,0.016875,0.05625,0.0671875,0.0021875,0.0459375,0.0335938,0.112438,0.0148125,0.280625,0.319844,0.0784063,5.46125,142.094,2246.34,0.71875
0.172917,0.125417,0.330833,0,0.355833,0.130625,0.065,0.153333,0.351042,0.375,0.0739583,0.596458,0.159375,0.178542,0.167083,0.105833,0.278333,0.0789583,1.29917,0.1575,0.995833,0.140625,0.111042,0.263125,0.955417,0.224167,0.0327083,0.01,0.0122917,0.0320833,0.0102083,0.005625,0.0979167,0.005625,0.0266667,0.0779167,0.148958,0,0.0116667,0.035,0.0364583,0.184167,0.02625,0.0025,0.0633333,0.0847917,0.0114583,0.0297917,0.07025,0.163563,0.012625,0.262833,0.136687,0.028375,3.76787,78.8125,678.75,0.458333
0,0,0,0,0,0,0,0,0,0,0,0,0,0,0,0,0,0,1.19111,0,0,0,0,0,0.411481,0.528889,11.1174,0,0,0,0,0,0,0,0,0,0,0,0,0,0,0.822963,0,0,0.246667,0,0,0.308519,0.0967407,0.129926,0,0.090037,0,0,1.48778,2.85185,8.44444,0
0,0.0854545,0.182727,0,0.742727,0,1.97455,0.984545,0.984545,1.07,0.984545,0.45,0,0.0972727,0,0.845455,2.74091,0.0818182,1.34636,0.984545,3.28,0,0.268182,0.0972727,0,0,0,0,0,0,0,0,0,0,0,0,0.400909,0,0.0972727,0,0,0,0,0,0,0,0,0,0,0.0524545,0,0.727909,0.125909,0.0907273,76.306,286.091,303.455,1
0.0957576,0.134545,0.519697,0,0.301515,0.180909,0.213939,0.324242,0.0506061,0.118788,0.0784849,0.564848,0.0821212,0,0.0672727,0.396364,0.225152,0.193636,2.24727,0.444242,1.52727,0,0.408485,0.183636,0.446061,0.327576,0.0427273,0.0824242,0.0130303,0.0312121,0.0130303,0.0130303,0.0739394,0.0130303,0.0824242,0.0469697,0.163939,0.0166667,0.0945455,0.0954545,0.00939394,0.0333333,0.04,0,0.0930303,0.0254545,0,0.0706061,0.0152727,0.0643636,0.00742424,0.287697,0.190455,0.063303,3.81261,38.2121,176.121,0.727273
0,14.1478,0,0,0,0,0,0,0,0.132222,0,0,0,0,0,0,0,0,0,0,0,0,0,0,0,0,0,0,0,0,0,0,0,0,0,0,0,0,0,0,0,0,0,0,0.132222,0,0,0,0,0,0,0,0,0,1.77778,4.88889,9.02778,0
0.0873171,0.213902,0.309756,0.00756098,0.458537,0.12561,0.141951,0.0780488,0.0658537,0.214878,0.0712195,0.720732,0.152927,0.0746341,0.107561,0.0921951,0.106829,0.212195,1.86854,0.0846341,0.987805,0.779024,0.102927,0.156829,0.471463,0.176585,0.110976,0.119756,0.0402439,0.0609756,0.0463415,0.0207317,0.0409756,0.0285366,0.0821951,0.0653659,0.166829,0.00170732,0.0463415,0.0282927,0.0302439,0.0326829,0.0304878,0.0421951,0.0434146,0.0339024,0,0.0378049,0.111073,0.121,0.0103659,0.19322,0.055561,0.106073,4.15229,39.439,253.756,0.634146
0.131905,0.0654762,0.202024,0,0.178452,0.052619,0.129524,0.070119,0.0154762,0.228095,0.0725,0.792738,0.027381,0.0330952,0.0479762,0.127262,0.194524,0.0780952,1.87667,0.00535714,0.534643,0,0.0432143,0.00464286,0.295357,0.11631,0.171905,0,0.0359524,0.144762,0.0107143,0,0.191548,0,0,0.106071,0.198452,0.00654762,0.0988095,0.00309524,0.157738,0.127976,0.0254762,0.105833,0.302381,0.161667,0,0.0910714,0.0147024,0.111131,0.00903571,0.209131,0.0127262,0.0119048,1.59743,5.75,45.2143,0.107143
0.134861,0.0606944,0.316111,0.00472222,0.270833,0.122361,0.0313889,0.167222,0.184167,0.223889,0.06625,0.788333,0.125278,0.120556,0.0151389,0.135278,0.183333,0.0569444,1.48833,0.0968056,1.37139,0.00472222,0.162083,0.105417,0.742917,0.120278,0.00736111,0.0163889,0.01125,0.0206944,0.00222222,0,0.104028,0,0.0161111,0.0597222,0.156806,0.00819444,0.0283333,0.0102778,0.0844444,0.0752778,0.00430556,0.0165278,0.0747222,0.352639,0.0075,0.00583333,0.0398194,0.158236,0.02075,0.224278,0.0608889,0.0158889,3.66343,53.3611,550.111,0.597222
0.109828,0.0734483,0.328621,0,0.445862,0.129828,0.0513793,0.179828,0.0308621,0.251724,0.0546552,0.431207,0.0541379,0,0.0256897,0.270345,0.133276,0.136897,1.50534,0.113276,0.940345,0.0174138,0.124138,0.0418966,0.718793,0.568621,0.223966,0.347069,0.147931,0.136724,0.0748276,0.0641379,0.0739655,0.0796552,0.201379,0.159138,0.197414,0,0.14569,0.0546552,0.0618966,0.105862,0.128793,0.0589655,0.304138,0.251379,0.00155172,0.0196552,0.0154138,0.139172,0.0306724,0.299241,0.0637414,0.0195345,2.19059,14.3621,128.862,0.431034
0.217619,0.187143,0.543333,0,0.367143,0.0433333,0.15,0.022381,0.0847619,0.114286,0.0119048,0.492381,0.120476,0,0,0.389524,0.222857,0.408571,2.36476,0.184762,1.09476,0.150476,0.100476,0.160952,0.0961905,0.119524,0.0152381,0,0.0685714,0.0685714,0,0,0,0,0.0609524,0.0552381,0.151429,0,0.027619,0.00904762,0,0,0.067619,0.0361905,0.169524,0,0,0.0828571,0.00519048,0.0591429,0.00561905,0.482857,0.542714,0.0247619,6.08262,110.619,333.048,0.761905
0.146078,0.148235,0.308627,0.0227451,0.219216,0.166667,0.180392,0.0433333,0.00745098,0.211961,0.0468627,0.452157,0.116275,0,0.0243137,0.577059,0.202353,0.107647,1.84451,0.00607843,0.954118,0.111569,0.19098,0.122941,0.583529,0.392941,0.265294,0.132353,0.0917647,0.168235,0.0841176,0.0841176,0.0966667,0.110588,0.123725,0.128824,0.0513725,0,0.188431,0.0929412,0.00647059,0,0,0,0.208824,0.0419608,0,0.05,0.0158431,0.138451,0.0120588,0.457471,0.044,0.0526275,3.79453,35.7451,129.294,0.588235
0.103942,0.0646154,0.254231,0,0.239327,0.0498077,0.0290385,0.0727885,0,0.0942308,0,0.696731,0.0664423,0.0296154,0.00634615,0.184615,0.0124038,0.147212,2.13904,0.00644231,0.587885,0,0,0.0401923,0.325962,0.340385,0.213942,0,0.108558,0.0252885,0.0111538,0,0.0547115,0,0,0.0294231,0.230865,0.0101923,0.0468269,0,0.132212,0.254231,0.015,0.112885,0.416346,0.177404,0,0,0.0275385,0.112,0.0120673,0.127154,0.0180192,0.0113942,1.54375,5.21154,30.4135,0.125
1.51333,1.51333,0,0,0,0,0,0,0,0,0,0,0,0,0,10.4,0,3.03,0,0,1.51333,0,0,3.03,0,0,0,0,0,0,0,0,0,0,0,0,0,0,0,0,0,0,0,0,0,0,0,0,0,0,0,1.02533,0,0,2.39633,6.33333,11,1
0,0,0,0,0.0937805,0.0358537,0,0,0,0,0,0.0406098,0,0,0,0,0,0.0937805,0.0739024,0,0.0304878,0,0,0,0,0,0.329756,0,0,0,0.152439,0,0,0,0,0,0,0,0,0,0,0,0,0.810244,0.247317,0,0,0,0,0.10072,0.0497683,0.141244,0,0,1.15732,1.40244,4.36585,0.0121951
0.041875,0.0428571,0.283125,0,0.237768,0.0335714,0.0330357,0.0104464,0.0375,0.102054,0.0294643,0.819464,0.0853571,0.0215179,0.0151786,0.0808929,0.04,0.0966964,1.77089,0.01125,0.339375,0,0,0.01875,0.315357,0.377054,0.479732,0,0.061875,0.085,0,0,0.0847321,0,0.0516964,0,0.159821,0.0125,0.0594643,0,0.015,0.159286,0.00767857,0.0964286,0.449554,0.176607,0,0.0914286,0.0283214,0.128187,0.00620536,0.179312,0.00953571,0.00575893,1.65077,5.25893,24.625,0.0982143
0.126768,0.139596,0.476263,0,0.345051,0.0663636,0.0164646,0.0770707,0.019798,0.201414,0,0.484343,0.0979798,0.129495,0,0.133333,0.0157576,0.118384,1.06778,0,0.551111,0,0.0214141,0.0170707,0.129394,0.105152,0.606566,0,0.0543434,0,0,0,0.183636,0,0,0.0179798,0,0.0829293,0.101515,0.0118182,0.0559596,0.408788,0.0360606,0.0329293,0.657475,0.23697,0.0294949,0,0.0292828,0.112333,0,0.147455,0,0,1.25895,2.56566,13.0404,0.030303
0,0,0,0,0,0,0,0,0,0,0,0.568182,0,0,0,0,0,0,12.4018,0,1.93364,0,0,2.02273,0,0,0,0,0,0,0,0,0,0,0,0,0,0,0,0,0,0,0,0,3.09727,0.192727,0,0,0.034,0,0,2.95255,0,0,1.14809,1.72727,5.36364,0.181818
0.126364,0.0536364,0.403864,0,0.825909,0.142727,0.147045,0.211136,0.124545,0.315,0.1125,0.760682,0.0259091,0.0436364,0.0227273,0.308182,0.575455,0.176136,2.12955,0.183182,1.22886,0,0.327727,0.0279545,0.318409,0.0820455,0.0270455,0.0234091,0.00886364,0.0325,0.00886364,0.00886364,0.0515909,0.00886364,0.0259091,0.095,0.0954545,0,0.0288636,0.0718182,0,0,0.0143182,0.0390909,0.281591,0.00363636,0,0.0118182,0.00581818,0.0971136,0.00565909,0.394386,0.143045,0.0583864,4.28391,74,240.659,0.772727
0.114118,0.0923529,0.459412,0,0.452353,0.0558824,0.193529,0.0982353,0.127647,0.344118,0.0511765,0.562353,0.201176,0.0888235,0.0494118,0.489412,0.304118,0.488824,1.77,0.0576471,0.807059,0,0.473529,0.09,0.514706,0.201176,0,0.0170588,0.0294118,0.0147059,0.0170588,0,0,0.0364706,0.0288235,0.0305882,0.171765,0,0.0117647,0,0,0.0641176,0.0241176,0,0.110588,0,0,0.0705882,0.0318824,0.179529,0.00511765,0.473941,0.159706,0.0439412,8.43482,153.176,521.824,0.647059
0.163333,0.131212,0.258485,0.00939394,0.313636,0.110909,0.0348485,0.248485,0.216667,0.34303,0.099697,0.539697,0.138485,0.0681818,0.0660606,0.392727,0.262121,0.19303,1.47515,0.168182,0.712424,0.771212,0.299394,0.233939,0.153333,0.0830303,0.0069697,0.00393939,0.00393939,0.0209091,0.0109091,0,0.105758,0.00393939,0.00636364,0.124242,0.186667,0.0130303,0.0212121,0.0309091,0.0163636,0.00212121,0.00727273,0.0169697,0.0312121,0.0924242,0.00333333,0.0260606,0.0481212,0.126091,0.0440303,0.201424,0.14397,0.114758,5.78727,133.606,1661.39,0.545455
0.071519,0.0583544,0.242658,0,0.421899,0.0967089,0.0464557,0.0968354,0.0229114,0.160127,0.0272152,0.655443,0.0537975,0.0108861,0.134051,0.224684,0.0813924,0.126076,1.22532,0.00531646,0.666329,0.0407595,0.0756962,0.0591139,0.755443,0.432152,0.229747,0.276456,0.149873,0.144051,0.0905063,0.0677215,0.063038,0.0677215,0.147975,0.205063,0.229241,0.0129114,0.116329,0.0887342,0.066962,0.065443,0.145063,0.127975,0.264557,0.283418,0,0.0216456,0.0387468,0.161532,0.0249367,0.128494,0.0659747,0.0102152,2.19543,11.0253,104.62,0.278481
0.0563158,0.00947368,0.293158,0.00763158,0.302368,0.0965789,0.0942105,0.0884211,0.0531579,0.310526,0.0144737,0.360789,0.291053,0.0181579,0.131579,0.0621053,0.0834211,0.344737,1.08921,0.0357895,0.542895,0.290263,0.176053,0.0344737,1.11658,0.535526,0.268421,0.173947,0.141316,0.159474,0.0868421,0.143158,0.0663158,0.143158,0.0989474,0.158158,0.210263,0,0.113947,0.178158,0,0.07,0.143421,0.0376316,0.218947,0.100789,0,0.0155263,0.0945526,0.249474,0.0417632,0.128316,0.193289,0.0176842,2.51376,14.9474,258.553,0.421053
0.135758,0.234242,0.499394,0,0.386667,0.119697,0.41303,0.0236364,0.0536364,0.369091,0.0954545,0.523333,0.179091,0.0139394,0.0769697,0.338788,0.172424,0.331212,2.18848,0,0.833636,0.0493939,0.509697,0.0612121,0.099697,0.115455,0,0.218485,0,0.099697,0,0,0.604545,0,0.199697,0.0190909,0.0069697,0,0,0.11,0,0.102727,0.0157576,0.0166667,0.126061,0.144545,0,0,0.0136061,0.0856061,0,0.7,0.124152,0.0269697,6.31412,75.8485,191.03,0.666667
0.0871429,0.074,0.246571,0,0.274571,0.103143,0.0365714,0.219429,0.235714,0.308571,0.0794286,0.552,0.0897143,0.118857,0.102571,0.0988571,0.207429,0.170571,1.07229,0.152,0.646571,0.687714,0.119714,0.0802857,1.13457,0.257143,0.0231429,0.0462857,0.02,0.0611429,0.0525714,0.00542857,0.202286,0.00257143,0.152286,0.0668571,0.216857,0.00114286,0.062,0.0248571,0.006,0.0268571,0.00371429,0.00285714,0.044,0.0131429,0.00628571,0.0774286,0.0773429,0.1388,0.0384857,0.130229,0.0944286,0.0780857,3.52309,41.4571,896.314,0.4
0.0617778,0.144222,0.304,0.0133333,0.390889,0.107111,0.0822222,0.208222,0.0255556,0.340444,0.114222,0.457778,0.139333,0.00377778,0.0211111,0.398,0.178222,0.232444,1.21889,0.0546667,0.866222,0.0911111,0.159111,0.0846667,0.296444,0.153778,0.0715556,0.0453333,0.0793333,0.140444,0.0113333,0.0113333,0.0742222,0.0113333,0.0226667,0.0422222,0.288,0.0337778,0.0308889,0.0277778,0.008,0.0297778,0.0322222,0.0522222,0.0786667,0.028,0,0.0308889,0.0269556,0.152978,0.0359556,0.198311,0.0869333,0.0258,2.98304,28.2,228.622,0.577778
0,0,0,0,0.909091,0,0,0,0,0,0,0,0,0,0,0,0,0,0,0,0,0,0,0,8.84545,4.67455,0,0,0,0,0,0,0,0,0,0.699091,0,0,0,0,0,0.826364,0,0.122727,0,0,0,0,0,0,0,0,0,0,1.41282,2.36364,6.09091,0
0,0.0277358,0.184528,0,0.252264,0.0709434,0.0418868,0.138302,0.0628302,0.101698,0,0.511321,0.0483019,0.0369811,0,0.309245,0.0628302,0.191698,1.80679,0,0.666415,0,0.12717,0.404717,0.716038,0.338113,0.113019,0.286038,0.283962,0.142264,0.140943,0,0,0,0.162453,0.09,0.114906,0.0754717,0.219245,0.0418868,0.178679,0.486415,0.0549057,0.182075,0.713962,0.151321,0,0.0483019,0.11866,0.107189,0.0248302,0.368943,0.0692453,0.0725094,2.92291,12.6792,26.7358,0.415094
0.135417,0.0938542,0.234062,0,0.173229,0.1075,0.139167,0.121146,0.0302083,0.281979,0.0314583,0.463333,0.0579167,0,0.0147917,0.21875,0.136042,0.175833,1.70469,0.0071875,0.83625,0,0.0075,0.0130208,1.06833,0.463333,0.292708,0.417708,0.075625,0.265521,0.123021,0.0636458,0.238437,0.0636458,0.247604,0.132917,0.237812,0.00895833,0.102292,0.118125,0.02875,0.128021,0.089375,0.153542,0.337708,0.245104,0,0.00916667,0.0203333,0.177542,0.0173854,0.224885,0.0692604,0.193687,2.27729,11.9792,60.6146,0.354167
0.0443299,0.0941237,0.423814,0,0.264124,0.00804124,0.0828866,0.0493814,0.0168041,0.174227,0.0314433,0.691546,0.0991753,0.0473196,0,0.159485,0.054433,0.215773,2.70289,0.0391753,0.708969,0,0,0.0164948,0.12299,0.0776289,0.505258,0,0.0941237,0.0876289,0,0,0.0614433,0,0,0.0253608,0.0646392,0.0447423,0.0226804,0.00989691,0.0160825,0.286289,0.100515,0.101959,0.435361,0.123711,0,0.0351546,0.0241546,0.136825,0,0.139577,0.00671134,0.00126804,1.31927,3.17526,19.4124,0.113402
0.05475,0.0935,0.39525,0,0.7335,0.088,0.23925,0.196,0.1075,0.18325,0.12875,0.68375,0.06,0,0.31,0.32,0.34125,0.2845,1.8845,0.61725,1.14125,0,0.3225,0.0965,0.33875,0.186,0.051,0.20125,0.019,0.11675,0.019,0.019,0,0.019,0.05,0.06875,0.11675,0,0.188,0.09625,0,0.07125,0,0,0.2335,0.05475,0,0,0.005025,0.183125,0,0.275375,0.09225,0.00825,5.40948,58.75,137,0.65
0.241111,0,0,0,0,0,0,0,0,0.748333,0,4.95,0,0,0,0,0,0,0.363889,0,0,0,0,0,0.198333,0.198333,0,0,0.252222,0,0,0,0,0,0,0,0,0,0.178889,0,0,0,0,0,0,0,0,0.185,0,0.0313333,0,0.52,0,0,2.00044,7.11111,17.1111,0
0.0926316,0.0526316,0.192105,0.131754,0.549825,0.149649,0.0505263,0.127544,0.111053,0.128596,0.0668421,0.608421,0.168772,0.0508772,0.00842105,0.122982,0.330351,0.108246,1.91421,0.0652632,0.638246,0.748421,0.250175,0.0461404,0.882281,0.25,0.044386,0.037193,0.0480702,0.0357895,0.0166667,0.0166667,0.0696491,0.0166667,0.0491228,0.0935088,0.158596,0.037193,0.0198246,0.0191228,0.0436842,0.044386,0.0380702,0.0022807,0.0689474,0.0608772,0.0154386,0.0266667,0.226825,0.107825,0.0151228,0.0978421,0.0898421,0.0644912,2.91877,27.807,435,0.508772
0.144902,0.136078,0.448431,0.0133333,0.282353,0.128431,0.126078,0.208824,0.554314,0.537451,0.147451,0.559804,0.0996078,0.0443137,0.112353,0.375098,0.131176,0.334118,1.62373,0.198824,1.03333,0.728039,0.0954902,0.243137,0.285294,0.158627,0.015098,0.0215686,0,0.0156863,0.0158824,0,0.0986274,0.00333333,0.160784,0.0201961,0.140784,0.0027451,0.0245098,0.0282353,0.0147059,0.0386275,0.00470588,0.022549,0.0415686,0.0647059,0.00862745,0.00960784,0.0631961,0.118706,0.0615098,0.435667,0.206333,0.0815686,4.10904,65.9216,1025.37,0.745098
0,0,0,0,1.18,0,0,0,0,0,0,0,0,0,0,0,0,0,0.915385,0,0,0,0,0,0,0,0,0,0,0,0,0,0,0,0,0,0,0,0,0,0,0,0,0,0.274615,0,0,0,0.0519231,0.122538,0,0.771615,0,0,1.03846,1.07692,1.61538,0.153846
0,0,0,0,0,0,0,0,0,0,0,0.131905,0,0,0,0,0,0.34,0.280476,0,0,0,0,0,8.2019,4.09857,3.75857,4.09857,3.89095,4.09857,4.09857,3.75857,0,3.75857,4.09857,4.09857,0,0,0,3.75857,0,0,0,0,0,0,0,0,0,1.06048,0,0.0228095,0,0,3.1259,10.9048,31.1905,0
0.096,0.008,0.196,0.008,0.092,0.118,0,0.058,0.058,0.188,0.074,0.082,0.072,0,0.038,0.088,0.078,0.076,0.608,0.008,0.242,1.906,0.138,0.11,0,0,0,0,0,0,0,0,0,0.028,0,0.008,0,0,0.016,0,0,0,0,0,0.038,0,0,0,0.4302,2.0094,0.009,0.3924,0.375,0.4024,57.5034,2297.8,10648.8,1
0.134839,0.195591,0.278925,0,0.343978,0.132043,0.208065,0.145054,0.0422581,0.302903,0.12,0.486774,0.0691398,0.0469892,0.0322581,0.425699,0.128925,0.278065,2.10183,0.0505376,0.956237,0.016129,0.100968,0.102366,0.707957,0.396667,0.276344,0.293763,0.0721505,0.164839,0.0927957,0.139785,0.106022,0.139785,0.12828,0.162258,0.12043,0.0102151,0.142473,0.076129,0.0305376,0.0488172,0.0991398,0.181183,0.23871,0.300968,0.0249462,0.00956989,0.011957,0.136774,0.00772043,0.215333,0.0419355,0.0938602,2.16902,12.7097,94.8172,0.408602
0.0990805,0.104828,0.223448,0,0.304828,0.0632184,0.0968966,0.136092,0.0396552,0.335172,0.0654023,0.721149,0.092069,0.00287356,0.0282759,0.0991954,0.09,0.163103,1.67713,0.0185057,0.567126,0,0.0270115,0.0293103,0.726782,0.486897,0.245862,0.425172,0.0994253,0.186667,0.085977,0.0533333,0.13092,0.0533333,0.207816,0.180805,0.18977,0.0062069,0.150575,0.0714943,0.0449425,0.0597701,0.100345,0.0704598,0.20092,0.173908,0.00931034,0.0718391,0.020023,0.162586,0.0215862,0.167885,0.0225402,0.00281609,2.10192,10.8391,85.1724,0.206897
0.1,0.108529,0.315294,0.563529,0.263824,0.111471,0.0755882,0.0623529,0.337059,0.212941,0.0735294,0.491176,0.135588,0.0561765,0.0947059,0.253824,0.0679412,0.175,1.46176,0.0147059,0.748824,1.11088,0.156176,0.124118,0.294118,0.184118,0.0123529,0.0114706,0.0147059,0.00558824,0.0135294,0,0.0705882,0,0.0205882,0.0320588,0.123529,0.00117647,0.02,0.0102941,0.00205882,0.0164706,0,0.0108824,0.0270588,0.0267647,0,0.0111765,0.0430294,0.174676,0.0322941,0.193412,0.139235,0.130882,5.9325,104.088,1366.68,0.617647
0.080303,0.139091,0.272121,0,0.208333,0.0669697,0.120909,0.0193939,0.0193939,0.252576,0.0384848,0.429091,0.287273,0.0193939,0,0.437121,0.0498485,0.136667,1.76364,0.0404545,0.803485,0,0.08,0.0566667,0.67803,0.435606,0.539848,0.316061,0.182727,0.282121,0.188636,0.149848,0.158485,0.149848,0.402121,0.208485,0.222576,0.00621212,0.357879,0.163333,0.0889394,0.342424,0.162879,0.201515,0.250909,0.191667,0,0,0.0113939,0.143333,0.0113788,0.256061,0.219258,0.00839394,2.21071,11.4242,43.7121,0.318182
0.295,0.0833333,1.3825,0.0158333,0.885833,0,0.0541667,0,0.495833,0.685833,0,0.0333333,0,0,0,0.065,0,0,0.295,0.725833,0.400833,0,0,0.0333333,0.278333,0,0.121667,0.04,0,0.0483333,0,0,0,0.0316667,0,0,0.0483333,0,0,0,0,0,0,0,0,0,0,0,0,0.00733333,0,0.763833,0.18825,0.0025,537.208,1405.58,1442.75,0.916667
0.0948936,0.249574,0.500213,0,0.260851,0.120851,0.0629787,0.118723,0.298298,0.325319,0.0761702,0.859787,0.199362,0.121277,0.185319,0.155106,0.134894,0.225532,1.96043,0.0878723,0.988723,0,0.140426,0.12383,0.457872,0.0991489,0.0251064,0.0242553,0.0112766,0.00893617,0.0134043,0.00340426,0.0557447,0.00340426,0.0155319,0.0355319,0.0687234,0.00297872,0.0159574,0.0482979,0.00340426,0.0587234,0.0419149,0.0131915,0.0217021,0.00255319,0,0.00340426,0.200149,0.133106,0.0259362,1.43279,0.341979,0.0134894,4.33783,54.8936,763.851,0.659574
0.134865,0.488649,0.356757,1.91676,1.01486,0.16027,0.638378,0.169189,0.0643243,0.403784,0.0472973,0.678919,0.176216,0.0908108,0,0.809459,1.7027,0.264865,2.09892,0.303784,1.67838,0,0.00864865,0.155676,0,0,0,0,0,0.0262162,0,0,0,0,0,0.0578378,0.125946,0.0421622,0,0.00918919,0,0,0,0,0.00918919,0,0,0,0,0.126135,0,0.757622,0.153568,0.0357838,8.13586,130.514,189.757,0.918919
0.226471,0.315294,0.601765,0.0558824,0.431765,0.341176,0.164118,0.202941,0.421765,0.688824,0.260588,0.661765,0.222941,0.104706,0.332353,0.263529,0.241765,0.412353,1.98588,0.137059,1.48529,0.01,0.364118,0.298235,0.548824,0.231176,0.0141176,0,0,0.0429412,0,0,0.0794118,0,0.0423529,0.0141176,0.192353,0.0505882,0.0141176,0.0429412,0,0.0429412,0.02,0.0288235,0.0876471,0.0841176,0,0,0.000705882,0.186,0.00876471,0.645235,0.247647,0.0516471,9.96018,302.059,738.765,0.941176
0.0164865,0.10027,0.29027,0,0.116216,0.057027,0.134324,0.0732432,0.194595,0.177838,0.0448649,0.328378,0.0110811,0.168919,0,0.889189,0.191081,0.12027,1.32108,0.0432432,0.934865,0.0251351,0.161081,0.0832432,0.456216,0.390541,0.289189,0.0575676,0,0.0562162,0.0424324,0.0478378,0.123514,0.0478378,0.0418919,0.121622,0.0789189,0,0.0613514,0.0427027,0,0.0205405,0.0367568,0.0108108,0.188919,0.0737838,0,0,0.00591892,0.144973,0.0188649,0.597514,0.0560811,0,3.45938,28.5405,89.4595,0.675676
0.11875,0.14075,0.4245,0.0315,0.33525,0.09025,0.148,0.31775,0.1,0.44925,0.05,0.416,0.0265,0.00825,0,0.30925,0.3115,0.18825,1.7325,0.35,1.1875,1.352,0.07,0.057,0.483,0.298,0.0735,0.0395,0.042,0.0345,0.0165,0.0165,0.01425,0.0165,0.0445,0.0165,0.232,0,0.005,0.08825,0,0,0.029,0.03675,0.159,0.0295,0.03475,0.0385,0.46795,0.1738,0.023275,0.388675,0.09475,0.398975,5.32335,59.2,328.925,0.575
0,0,0,0,1.48333,0,0,0,0,0,0,5.48667,0,0,0,0,0,0,0,0,0.51,0,0,0,1.28,1.28,0,0,6.92667,0,0,0,0,0,0,0,0,0,0,0,0,6.92667,0,0,0,0,0,0,0,0.0793333,0,0.193667,0,0,1.574,4,25.6667,0
0.0823232,0.0431313,0.215758,0,0.28303,0.0482828,0.0829293,0.0488889,0.0326263,0.382626,0.0472727,0.564949,0.129596,0.0111111,0.0470707,0.0834343,0.118485,0.0986869,1.3597,0.0765657,0.527475,0.00585859,0.0885859,0.0919192,0.82101,0.504747,0.406566,0.266061,0.179394,0.215657,0.131313,0.119293,0.0753535,0.119293,0.161515,0.196162,0.264747,0.00464646,0.15798,0.137576,0.0252525,0.0682828,0.162222,0.0725253,0.319495,0.174343,0.0251515,0.0314141,0.0311111,0.223455,0.0120202,0.217323,0.0509596,0.0238384,2.17404,10.3636,76.1212,0.272727
0.140909,0.297273,0.449091,2.56545,0.44,0.113636,0.0722727,0.0354545,0.400455,0.762727,0.126818,0.551364,0.214091,0.00727273,0.205909,0.261818,0.0818182,0.682727,1.49364,0.325455,1.14864,1.13909,0.171818,0.270909,0.08,0,0.07,0.00727273,0.00272727,0.02,0,0,0.0272727,0.00545455,0.00636364,0.00409091,0,0,0.02,0.0463636,0,0.00590909,0.00772727,0,0.0131818,0,0,0.00636364,0.0120455,0.0517727,0,0.481273,0.244955,0.141409,7.69373,153.773,914.091,0.954545
0.305217,0.146304,0.278913,0.0936957,0.0663043,0.10913,0.0197826,0.131522,0.212609,0.37,0.14413,0.638261,0.331304,0.666957,0.0204348,0.162391,0.267391,0.115,1.85261,0.0486957,0.843261,0.0341304,0.443478,0.278696,0.0971739,0.0617391,0.00521739,0.00152174,0.00217391,0.00391304,0,0,0.316087,0,0,0.0286957,0.180217,0.00152174,0.005,0.013913,0.0252174,0.00782609,0.00456522,0.0163043,0.0393478,0.0580435,0.01,0.0513043,0.0298913,0.116522,0.00773913,0.24063,0.334978,0.0894565,5.14743,164.043,3362.72,0.73913
0.106271,0.0488136,0.12,0,0.14661,0.0486441,0.121017,0.239492,0.0440678,0.225424,0.0477966,0.437458,0.0762712,0.0201695,0.0671186,0.168305,0.0881356,0.0823729,1.28136,0,0.704407,0,0.0861017,0.0971186,0.804068,0.358983,0.0988136,0.370169,0.0905085,0.0154237,0,0.0118644,0.191525,0.0118644,0.195424,0.061017,0.438814,0,0.117288,0,0.0318644,0.111356,0.0925424,0.0157627,0.390847,0.480847,0,0.0672881,0.020678,0.238797,0.0147627,0.265237,0.0740339,0,3.03119,18.8475,67.5085,0.423729
0.107143,0.0885714,0.244545,0,0.341558,0.06,0.117532,0.162597,0.0828571,0.164935,0.037013,0.546364,0.0850649,0,0.0328571,0.138442,0.141429,0.220519,1.49714,0,0.456104,0,0.0593506,0,0.615195,0.444156,0.369351,0.198052,0.118442,0.143377,0.0777922,0.0744156,0.144805,0.0744156,0.183636,0.168312,0.237013,0.00935065,0.141169,0.0902597,0.0594805,0.0302597,0.147273,0.109481,0.272208,0.138312,0.00246753,0.0850649,0.0315844,0.163727,0.0263766,0.165013,0.0281558,0.0306364,2.02484,12.2468,117.026,0.246753
0,0.1208,0.0972,0,0.5,0,0.328,0,0,0.1768,0,0.4048,0.1916,0.1248,0,0.8092,0.0492,0.5488,3.844,0,1.664,0,0,0,0.6152,0.0344,0.104,0,0,0,0,0,0,0,0,0,0,0,0,0,0,0,0,0.0816,0.3892,0.392,0,0,0.01236,0.0238,0,0.9222,0.0368,0,6.12752,49.24,70.36,0.44
0.0530645,0.0464516,0.272903,0,0.423871,0.267258,0.131613,0.165161,0.0309677,0.247742,0.0137097,0.472581,0.173226,0.0224194,0.00403226,0.245968,0.14129,0.0995161,1.52065,0,1.56435,0,0.0127419,0.10871,0.635,0.372742,0.239194,0.177742,0.0920968,0.189032,0.0985484,0.0625806,0.0827419,0.0625806,0.145806,0.124355,0.150968,0.00370968,0.0641935,0.0662903,0.051129,0.0129032,0.104677,0.00596774,0.288226,0.0609677,0,0,0.0330806,0.176355,0.0356774,0.066371,0.0598871,0.0147419,1.83005,10.129,141.935,0.435484
0.0960465,0.0630233,0.31093,0.0202326,0.271163,0.0811628,0.0262791,0.0844186,0.109767,0.219535,0.0109302,0.434419,0.0686047,0.0355814,0.0267442,0.0588372,0.132791,0.125581,1.24837,0.0234884,0.549302,0,0.0262791,0.0348837,0.846744,0.536744,0.255814,0.16814,0.106279,0.132558,0.155814,0.0718605,0.299302,0.0718605,0.121395,0.183721,0.240233,0,0.13,0.113488,0.0139535,0.0427907,0.124884,0.190698,0.204651,0.156512,0.0253488,0.0413953,0.0218372,0.26107,0.0187674,0.0875116,0.025,0.0638837,2.29493,15.6744,212.395,0.27907
0,0,0,0,1.47286,0,0,0,0,0,0,2.87286,0,0,0,0,0,0,0,0,0,0,0,0,0.375714,0.375714,0,0,9.21429,0,0,0,0,0,0,0,0,0,0,0,0,8.50143,0,0,0,0,0,0,0,0,0,0.160429,0,0,1.382,3.28571,12.7143,0
0.0490909,0.0509091,0.293091,0,0.367273,0.171273,0.0694545,0.0901818,0.0261818,0.137636,0.0389091,0.556,0.0847273,0.014,0.0345455,0.196364,0.162727,0.197636,1.12982,0.0572727,0.797273,0,0.0789091,0.0796364,0.780545,0.383455,0.0785455,0.122545,0.1,0.136182,0.0336364,0.0170909,0.06,0.0170909,0.0783636,0.0796364,0.234727,0.00254545,0.110727,0.0461818,0.29,0.0343636,0.0732727,0.0581818,0.180182,0.507818,0,0.0503636,0.110509,0.148855,0.00996364,0.1056,0.0744727,0.0135273,1.91958,14.1273,181.255,0.363636
0.129559,0.136471,0.272647,0.179559,0.355588,0.0882353,0.0766176,0.107353,0.245882,0.334706,0.133676,0.763529,0.0988235,0.0461765,0.0723529,0.201471,0.155882,0.193529,1.41294,0.0822059,0.749118,1.09103,0.136029,0.173529,0.543088,0.205294,0.0252941,0.0267647,0.0189706,0.0332353,0.0133824,0.0166176,0.117941,0.00485294,0.0317647,0.0841176,0.115735,0.0182353,0.0179412,0.0104412,0.0382353,0.0616176,0.00308824,0.015,0.045,0.106176,0.0297059,0.0277941,0.0439265,0.1455,0.0147794,0.197544,0.0652794,0.125265,4.04735,44.4412,490.721,0.602941
0,0,0.20125,0,1.01938,0,0,0.694375,0,0,0,0,0,0,0,0,0,0,0,0,0.895625,0,0,0,0.16875,0.3375,0,0,0.2975,0,0,0,0,0,0,0,0,0.92375,0,0,0,3.97375,0,0,1.39625,2.93813,0,0,0,0.135562,0,0.2695,0,0,1.08225,1.3125,5.1875,0.0625
0.608095,0.144524,0.665952,0,0.177381,0.0492857,0.042381,0,0,0.135238,0.52381,1.385,0,0.0552381,0,0.232857,0.027619,0.0519048,1.38833,0,4.40786,0,0,0.496905,0.105476,0.102857,0.143571,0.0552381,0,0.0959524,0,0.119762,0,0.119762,0.0285714,0,0.0383333,0,0.0540476,0,0,0.0571429,0,0.027619,0.0621429,0.027619,0,0.0578571,0,0.0759762,0,0.174071,0.0787857,0.00452381,4.53376,26.8571,54.619,0.452381
0.127381,0.0952381,0.380952,0.0307143,0.406905,0.29881,0.119048,0.103095,0.0388095,0.16881,0.0304762,0.691905,0.0421429,0,0.00690476,0.325714,0.144524,0.33619,1.6819,0.00880952,1.04619,0,0.361905,0.16,0.381429,0.367857,0.0652381,0.0788095,0.0138095,0.0638095,0,0.00738095,0.0759524,0,0.0695238,0.0497619,0.0952381,0,0.0247619,0.0409524,0.0630952,0,0.0190476,0.0328571,0.165238,0.095,0.0378571,0.00666667,0.0408095,0.137452,0.00111905,0.345952,0.0856905,0.00516667,2.60331,20.1429,141.024,0.571429
0.117857,0.157679,0.693036,0.163571,0.661607,0.622321,0.324643,0.168393,0.575714,0.406071,0.243214,0.716964,0.180357,0.0953571,1.15696,0.350714,0.153929,0.909464,1.75214,0.830893,1.03696,0.103214,0.619286,0.165714,0.00160714,0.00160714,0,0,0,0,0,0,0.00375,0,0.00517857,0,0.00517857,0,0,0.0480357,0,0,0.1,0.0142857,0.0535714,0.0435714,0,0,0.0103214,0.0895179,0.00133929,0.377946,0.151214,0.0239107,15.5029,656.5,1405.09,1
0.21,0.448824,0.646471,0.0823529,0.291176,0.0241176,0.437647,0.0335294,0.169412,0.931176,0.145294,0.911765,0.0476471,0.0776471,0.177059,1.51235,0.374706,0.0370588,1.97235,0.135882,1.54941,0,0.0482353,0.146471,0.0317647,0.0470588,0.0170588,0.0341176,0,0,0,0,0,0.0170588,0.0341176,0.0135294,0.0358824,0,0,0,0,0,0,0,0.120588,0,0,0.0452941,0.0170588,0.0634706,0,0.830765,0.316118,0.0754118,40.6247,379.294,549.412,0.882353
0.0986301,0.156575,0.321507,0.0110959,0.422329,0.129589,0.11,0.0754795,0.0435616,0.256164,0.0454795,0.606849,0.0742466,0.00726027,0.00219178,0.202603,0.154247,0.175205,1.46589,0.0286301,0.92,0,0.0794521,0.089863,0.710959,0.433151,0.297808,0.196301,0.14726,0.147808,0.101644,0.114384,0.0535616,0.114384,0.143014,0.140548,0.221781,0,0.0976712,0.12411,0.0639726,0.0636986,0.143699,0.0393151,0.245205,0.153014,0.0146575,0.00712329,0.0346712,0.163301,0.0273014,0.0897945,0.0384247,0.00946575,2.13677,14.3836,161.301,0.369863
0.103559,0.0423729,0.317288,0,0.145763,0.0605085,0,0,0.030678,0.464407,0,0.07,0.0940678,0,0,0.302373,0,0.0367797,5.66458,0,1.4622,0,0,0,0.030678,0,0.317966,0,0.0627119,0,0,0,0,0,0,0,0,0,0.0735593,0,0,0,0,0,0.665424,0.786949,0.0367797,0,0.013,0.0526441,0,0.135695,0,0,1.12597,1.50847,6.37288,0.0677966
0,0,0.0467857,0,0.633393,0.105,0.112857,0.0317857,0,0.0317857,0,0.0203571,0.08125,0.278036,0,0.0521429,0,0.0342857,0.565536,0.0878571,0.111786,0,0,0.162321,0.167679,0.0125,0.170536,0.0775,0.0575,0,0,0,0.551429,0,0,0,0.0955357,0,0.217143,0,0.0814286,0.444286,0.06375,0.344286,0.484821,0.145179,0,0,0,0.125911,0.0854643,0.133893,0,0,2.09877,6.25,16.6429,0.107143
0.461667,0.345833,0.301667,0,0.160833,0.03,0.005,0.235833,0.516667,0.801667,0.258333,0.55,0.565,0.923333,0.0766667,0.171667,0.446667,0.121667,2.91,0.0075,1.35083,0,0.5975,0.550833,0,0,0,0,0,0,0,0,0,0,0.005,0.0266667,0,0,0.0141667,0.0916667,0,0,0,0,0.0591667,0,0,0,0.0159167,0.0771667,0,0.422917,0.53275,0.100583,13.3378,832.667,2500.5,1
0,0,0,0,0.476,0,0,0,0,0,0,0,0,0,0,0,0,0,2.40467,0,0,0,0,0,0,0,1.02267,0,0,0,0,0,0.416667,0,0,0,0,0,0.740667,0,0,0,0,0,11.408,0,0,0,0,0.152333,0,0.6172,0,0,1.34333,2.66667,7.4,0
0,0,0,0,0,0,0,0,0,0,0,0,0,0,0,0,0,0,0,0,0,0,0,0,16.3043,1.09857,0,0,0,0,0,0,0,0,0,0,0,0,0,0,0,0,0,0,2.88357,0,0,0,0,0,0,0.0802143,0,0,4.16179,16.5714,25.5,0
0.143585,0.0433019,0.302547,0,0.28217,0.104151,0.0987736,0.0169811,0.0223585,0.0890566,0.0132075,0.465283,0.112736,0.0232075,0,0.198019,0.0320755,0.0933962,1.64623,0.00839623,0.45934,0,0.0599057,0.0437736,0.285377,0.263679,0.305472,0,0.0816981,0.0631132,0.0121698,0,0.0839623,0,0.0414151,0.0821698,0.136509,0.00877358,0.0795283,0.00943396,0.0277358,0.207453,0,0.125,0.325377,0.0874528,0.00962264,0.0578302,0.00495283,0.124472,0.0134717,0.189792,0.0095283,0.00490566,1.5816,5.37736,37.3585,0.150943
0.109872,0.0820513,0.271667,0,0.216154,0.06,0.21141,0.0626923,0.00423077,0.112564,0.0532051,0.720128,0.116026,0,0.0232051,0.278718,0.0761538,0.22641,1.68833,0.025641,0.603846,0,0.0880769,0,0.256282,0.0996154,0.185385,0.0228205,0.154359,0.0348718,0.0142308,0,0.229872,0,0.0514103,0.070641,0.145128,0.0102564,0.165385,0,0,0.222692,0.0292308,0.0632051,0.172308,0.0523077,0,0.0235897,0.018359,0.140308,0,0.170359,0.0268205,0.025,1.7255,6,54.2051,0.269231
0.0925581,0.161628,0.373256,0.0134884,0.236047,0.104651,0.114884,0.118372,0.0527907,0.250465,0.0944186,0.50814,0.0734884,0.00697674,0,0.409535,0.185581,0.425814,1.92465,0.135814,0.955116,0,0.125349,0.111395,0.140698,0.0630233,0,0.0267442,0,0.0511628,0,0,0,0.00697674,0.0711628,0.0532558,0.104884,0,0,0.0283721,0,0.00790698,0.0153488,0,0.177907,0.553023,0,0.0244186,0.0111163,0.129163,0.0109302,0.373721,0.119953,0.0226977,4.19149,64.814,278.581,0.627907
0,0.527647,0.193529,0,0.164706,0,0.344706,0,0,1.18235,0,0.552941,0.0929412,0.0838235,0,0.0808824,0,0.0838235,2.55941,0,0.731765,0,0,0.184412,0.367647,0.0638235,0.616471,0.512353,0,0,0,0,0.146176,0,0,0.0838235,0.47,0,0.929412,0.122353,0.0376471,0,0.0552941,0.0694118,0.621765,0.226176,0,0,0.0754118,0.306029,0,0.0907647,0.0588529,0.0236765,3.67321,22.7059,39.9706,0.294118
0.0505494,0,0.101429,0,0.0925275,0.0378022,0,0.0646154,0,0.0687912,0,0.382857,0.0153846,0.15011,0,0.101758,0.0313187,0.0153846,0.548242,0.19978,0.302747,0,0,0,0.136374,0.0289011,0.743407,0,0,0.0457143,0,0,0.077033,0,0,0,0,0.0313187,0.0323077,0,0,0.185165,0,0.277912,0.821648,0.211538,0,0.253736,0.00457143,0.110692,0.0692857,0.0499121,0.0158571,0,1.39493,2.54945,8.32967,0.032967
0.105526,0.0947368,0.253158,0,0.616316,0.203421,0.258421,0,0.0871053,0.315526,0.0715789,0.255789,0.223158,0.0452632,0.0139474,0.700526,0.0589474,0.194737,1.92868,0.0302632,0.796579,0,0.00868421,0.266579,0.126579,0.0663158,0.0939474,0.07,0,0.0389474,0,0,0.0976316,0,0.0313158,0.0586842,0.0534211,0,0.0213158,0.0357895,0.00684211,0,0.0184211,0.0507895,0.261316,0.328158,0,0,0.00118421,0.0662105,0.00718421,0.273132,0.0542895,0.521816,5.39237,57.4737,110.158,0.552632
0.213559,0.130847,0.322542,0.00186441,0.315424,0.172542,0.0608475,0.169153,0.277797,0.28,0.0989831,0.698983,0.0713559,0.0788136,0.0137288,0.229322,0.330339,0.0859322,1.48407,0.222203,1.02695,0.417797,0.049661,0.251695,0.942881,0.155085,0.0227119,0.00932203,0.00254237,0.0164407,0.020678,0.00254237,0.119153,0.00440678,0.020678,0.0710169,0.16661,0.0318644,0.0162712,0.0242373,0.0488136,0.0920339,0.0147458,0.0232203,0.0442373,0.07,0,0.0108475,0.145542,0.183441,0.0131186,0.296034,0.117915,0.121237,4.27008,63.6441,610.678,0.508475
0.0353659,0.0658537,0.159756,0,0.0863415,0.0582927,0.145122,0.0717073,0.0317073,0.218537,0,0.501463,0.16439,0,0,0.301707,0.052439,0.145854,2.20098,0.284146,0.909024,0.134878,0,0.0792683,0.0290244,0.17561,0,0.0365854,0,0,0,0,0,0,0.0365854,0.0156098,0,0,0,0,0,0.213659,0,0.0321951,0.401951,0.411707,0,0,0.0166585,0.0317805,0,0.166732,0.0180488,0.0787805,4.54015,47.3659,89.3415,0.390244
0.0933333,0.144848,0.312424,0,0.474242,0.119394,0.29303,0.190303,0.0481818,0.324545,0.235455,0.438182,0.226061,0.106364,0.0306061,0.315455,0.107273,0.281515,1.69152,0.169394,1.09273,0,0.0633333,0.0745455,0.385455,0.0721212,0.0366667,0.104242,0.0181818,0.090303,0.0369697,0.0181818,0.0121212,0.0181818,0.0760606,0.18303,0.241515,0,0.0169697,0.0815152,0,0.0069697,0,0.0281818,0.110909,0.0266667,0,0.0124242,0.0196061,0.0976364,0.00306061,0.26003,0.0726061,0.00557576,3.27242,53.1515,194.727,0.636364
0.160889,0.0268889,0.272222,0.00933333,0.285556,0.176667,0.0597778,0.0526667,0.064,0.0995556,0.0682222,0.457778,0.135778,0.0104444,0.002,0.192889,0.144889,0.170889,1.34333,0.122889,0.556444,0.475556,0.223333,0.0873333,0.884889,0.344667,0.109556,0.0417778,0.0655556,0.044,0.0404444,0.00955556,0.105556,0.00955556,0.0555556,0.0648889,0.238667,0.00422222,0.00755556,0.0131111,0.0586667,0.0666667,0.0417778,0.0295556,0.0911111,0.0953333,0,0.0157778,0.113356,0.178244,0.0453556,0.194178,0.1076,0.0726889,3.33676,25.3333,299.356,0.444444
0.0608696,0.168261,0.422174,0,0.313478,0.139565,0.285652,0.116087,0.0526087,0.266957,0.115217,0.636522,0.114348,0,0,0.111739,0.142609,0.711304,2.39826,0.158696,1.41652,0.513478,0.114783,0.125652,0.259565,0.0530435,0.0530435,0.0265217,0.0265217,0.126087,0.0265217,0.0265217,0.0391304,0.0265217,0.0482609,0.0265217,0.0156522,0,0.0530435,0.0965217,0.046087,0,0.0156522,0,0.125217,0.023913,0,0,0.00269565,0.082,0.00282609,0.377478,0.0998696,0.0789565,6.73335,60.6087,158.348,0.652174
0.103462,0.074359,0.243462,0,0.238846,0.0502564,0.108205,0.105128,0,0.231667,0.0585897,0.574231,0.0412821,0,0.0452564,0.0961538,0.0787179,0.140385,1.61769,0.0284615,0.400128,0,0.0542308,0,1.27949,0.757308,0.183333,0.368333,0.206667,0.418205,0.227564,0.121538,0.0808974,0.121538,0.449359,0.171026,0.234872,0,0.09,0.129744,0.05,0.220513,0.0591026,0.0915385,0.244359,0.674872,0,0.0201282,0.00779487,0.126769,0.00833333,0.299026,0.0146154,0.176269,2.47865,13.141,51.5769,0.24359
0,0,0.170714,0,0.168929,0.0533929,0.0433929,0,0,0.0658929,0.0171429,0.379464,0,0.0446429,0,0.187321,0,0.447321,5.0375,0,0.900536,0,0,0,0.0714286,0,0.0408929,0,0,0,0,0,0.181429,0,0,0,0,0,0,0,0,0.0742857,0,0.0316071,0.515179,0.345536,0,0,0,0.0762143,0.00589286,0.677321,0.0114286,0,1.51054,3.89286,13.4821,0.267857
0,0,0,0,0,0,0,0,0,0,0,0,0,0,0,0.37037,0,0,0,0,0,0,0,0,0,0,20.987,0,0,0,0,0,0,0,0,0,0,0,0,0,0,0,0,0,0,0,0,0,0,0,0,0,0,0,1.16356,1.51852,5.13889,0
0.0989189,0.0656757,0.267297,0,0.264595,0.0645946,0.0535135,0.0743243,0.263514,0.437838,0.0816216,0.503784,0.161622,0.0691892,0.103784,0.303514,0.0637838,0.334324,1.42216,0.368378,1.03243,0.62973,0.0824324,0.0983784,0.443784,0.185676,0.0218919,0.0272973,0.00243243,0.027027,0.0256757,0.00243243,0.0797297,0.00243243,0.144054,0.027027,0.149189,0,0.0127027,0.0643243,0.0162162,0.0508108,0.00810811,0.0154054,0.0610811,0.067027,0.0297297,0.0632432,0.0295405,0.140838,0.0134054,0.267649,0.141486,0.081973,4.97478,72.7297,1165.95,0.648649
0.0713953,0.0322093,0.249302,0.0154651,0.202442,0.064186,0.0474419,0.122209,0.0137209,0.108953,0.0310465,0.511047,0.116512,0.00267442,0.0219767,0.100116,0.128488,0.394186,1.49547,0.00744186,0.503488,0,0,0.0215116,0.621279,0.242093,0.145116,0.182442,0.0643023,0.194651,0.0632558,0.0117442,0.325233,0.0117442,0.119419,0.143837,0.260698,0.0118605,0.121744,0.0117442,0.072907,0.120698,0.0980233,0.163023,0.189419,0.162558,0,0.0224419,0.0172326,0.166477,0.0338256,0.249558,0.0169651,0.0147558,1.76903,8.31395,67.5698,0.255814
0,0,0,0,0,0,0,0,0,0,0,0,0,0,0,0,0,0,0,0,0,0,0,0,0,0,0.588,0.588,0,0.588,0,0,0,0,2.588,0,0,0,0,0,3.92,0,0,0,0,6.738,0,0,0,0.0763,0,0,0,0,3.5641,7.7,12.6,0
0.113509,0.113333,0.397368,0.0175439,0.315614,0.117544,0.0698246,0.107544,0.150175,0.342281,0.113684,0.498246,0.153684,0.0403509,0.126491,0.294386,0.218246,0.25386,1.45386,0.115614,0.817544,0.674386,0.259474,0.0959649,0.423684,0.188596,0.104561,0.130351,0.0654386,0.07,0.0424561,0.0340351,0.0307018,0.0340351,0.0664912,0.0721053,0.107368,0.0440351,0.0635088,0.0877193,0.0163158,0.125614,0.0333333,0.00561404,0.109298,0.0682456,0.0264912,0.064386,0.304088,0.146386,0.00992982,0.25214,0.0870526,0.0916316,3.46633,37.1579,372.035,0.526316
0.208571,0,0.222857,0,0.41,0.102857,1.20429,0.187143,0.187143,0.254286,0,0.238571,0.187143,0,0,0.102857,0.711429,0.208571,2.07429,0.187143,2.70714,0,0.17,0.432857,0,0,0,0,0,0,0,0,0,0,0,0,0,0,0,0,0,0,0,0,0,0,0,0,0,0.108143,0,0.409143,0.468286,0,19.095,192.286,264.286,1
0.085,0.0261765,0.322059,0,0.267353,0.182941,0.0767647,0.0688235,0.145588,0.221176,0.0402941,0.651176,0.0608824,0.0894118,0.00588235,0.379706,0.143529,0.117647,1.65382,0.182647,0.775882,0,0.12,0.124118,0.807059,0.316176,0.179706,0.117647,0.09,0.0729412,0.0544118,0.0329412,0.102059,0.0329412,0.102059,0.122059,0.113235,0,0.0341176,0.035,0,0.00941176,0.115882,0,0.201176,0.0661765,0,0,0.0303529,0.166118,0.0438529,0.139265,0.0318529,0.00726471,2.52382,20.2941,195.647,0.470588
0.114286,0.0782143,0.218571,0.0196429,0.233929,0.0621429,0.035,0.123214,0.0289286,0.166786,0.0514286,0.607143,0.102143,0.0928571,0,0.0807143,0.176786,0.0521429,1.12357,0.0917857,0.521429,0.239643,0.122143,0.0403571,0.907143,0.149286,0.0971429,0.0878571,0.0667857,0.0721429,0.118214,0.0135714,0.146071,0.0135714,0.0517857,0.0985714,0.220357,0,0.0482143,0.0135714,0.0825,0.0117857,0.0357143,0.1825,0.085,0.725,0,0.00928571,0.0633571,0.174036,0.00667857,0.0916071,0.0481786,0.0296786,2.55889,21.3929,332.393,0.357143
0.141622,0.277027,0.272973,2.31216,0.284865,0.0756757,0.0264865,0.107297,0.468649,0.227297,0.0602703,0.515135,0.0802703,0.0172973,0.0672973,0.378919,0.126216,0.246757,1.71973,0.092973,1.07757,0,0.0827027,0.225946,0.252162,0.00405405,0.14,0,0,0,0,0,0.00405405,0,0.00621622,0.0456757,0.0543243,0.0381081,0.022973,0.0616216,0,0.0127027,0.0435135,0.00783784,0.0678378,0.047027,0,0,0.0103514,0.134432,0.0110811,0.352486,0.152595,0.0526757,7.28532,85.3243,416.73,0.675676
0.0709524,0.247381,0.18381,0,0.300952,0.247619,0.134762,0.0180952,0.0707143,0.295238,0.0361905,0.535238,0.0592857,0,0,0.150238,0.0440476,0.184048,1.33071,0,0.79881,0.0295238,0.0414286,0.0480952,0.59119,0.286905,0.356429,0.12619,0.16,0.125952,0.077619,0.0852381,0.214762,0.0852381,0.141667,0.0878571,0.27119,0,0.155476,0.072619,0.0169048,0.1,0.103571,0.0154762,0.236905,0.0430952,0,0.0635714,0.00340476,0.240952,0.0424524,0.365548,0.0892857,0.0305476,3.62805,29.5,155.286,0.452381
0.0881818,0.0442424,0.359545,0,0.240455,0.0583333,0.126515,0.102121,0.153788,0.153485,0.0398485,0.324545,0.0140909,0.174242,0.0175758,0.56697,0.0701515,0.231212,1.78303,0,0.834848,0,0.0321212,0.0698485,0.895,0.736667,0.420758,0.39197,0.243485,0.346515,0.382424,0.243485,0.0181818,0.243485,0.369697,0.313636,0.174848,0,0.11697,0.243485,0.110606,0.153939,0.112727,0.254545,0.37197,0.315606,0,0,0.00816667,0.193303,0.0385152,0.263379,0.0449697,0.0299394,2.54123,13.0303,36.8788,0.378788
0.0681818,0.451818,0.26,0,0.370909,0.250909,0.09,0.203636,0.305455,0.658182,0.124545,0.399091,0.110909,0.565455,0.141818,0.141818,0.208182,0.310909,1.74727,0.46,1.19727,1.01545,0.38,0.211818,0.176364,0,0.0863636,0,0,0,0.0863636,0,0.0136364,0,0.0981818,0.0381818,0.179091,0,0,0,0,0,0.0445455,0,0.0654545,0,0,0,0.0114545,0.0558182,0.147091,0.256909,0.174545,0.143,14.8495,331.727,1086,0.636364
