0.102113,0.0442254,0.26493,0,0.282324,0.0730282,0.123592,0.0476761,0.0139437,0.167113,0.0423944,0.647746,0.131056,0.0257746,0.0157746,0.120282,0.121268,0.0983803,1.7919,0.00943662,0.48993,0,0.0792958,0.0354225,0.323873,0.18838,0.19007,0.0199296,0.0674648,0.109859,0.0271127,0,0.142465,0,0.0347887,0.0873239,0.157042,0.0104225,0.105352,0.00183099,0.103592,0.22993,0.0150704,0.0585211,0.235282,0.111338,0,0.0503521,0.0123944,0.116113,0.0131338,0.205606,0.0354155,0.00771831,1.58215,5.76056,42.1831,0.147887
0.0928986,0.0873913,0.265942,0.277681,0.258841,0.0771014,0.065942,0.0634783,0.295217,0.362899,0.0817391,0.461304,0.134783,0.145797,0.093913,0.283913,0.0591304,0.246812,1.34826,0.248696,0.882464,0.87,0.0985507,0.0943478,0.372899,0.174783,0.0310145,0.0185507,0.00855072,0.016087,0.0324638,0.00130435,0.0776812,0.00130435,0.10058,0.0236232,0.166522,0.00057971,0.0166667,0.0389855,0.00971014,0.0353623,0.00869565,0.0111594,0.0413043,0.0491304,0.015942,0.0382609,0.0344928,0.153725,0.0202754,0.224087,0.127522,0.104116,6.15028,101.159,1231.72,0.594203
0,0.034186,0,0,0.217209,0,0.105581,0.0930233,0,0.347442,0,1.06395,0,0.293721,0,0.532093,0,0.034186,1.22419,0.0516279,0.0644186,0,0,0.245581,0,0,0.42093,0.237674,0.0893023,0.136744,0,0,0,0,0.226047,0,0,0,0.167907,0,1.02326,0.0893023,0,0.0455814,0.0595349,0.906977,0,0.0774419,0.0894419,0.14107,0.0360465,0.208535,0,0.0174651,3.28309,10.0465,17.3256,0.162791
0.122235,0.161294,0.416353,0,0.464706,0.122588,0.318353,0.144471,0.0684706,0.316235,0.147059,0.548118,0.15,0.0565882,0.0535294,0.329059,0.235882,0.275529,1.95682,0.139176,1.05494,0.0191765,0.279294,0.0722353,0.236235,0.0874118,0.0142353,0.125294,0.00705882,0.0737647,0.0143529,0.00705882,0.243294,0.00705882,0.112588,0.0784706,0.148588,0,0.00658824,0.0877647,0.00364706,0.0425882,0.00611765,0.0174118,0.119176,0.0744706,0,0.0211765,0.0128941,0.0835294,0.00118824,0.469294,0.115271,0.0136824,4.69112,64.1294,196.388,0.658824
0.314865,0.276757,0.336486,0.00351351,0.248919,0.0745946,0.0389189,0.149459,0.425676,0.528919,0.214054,0.579189,0.367838,0.723243,0.0859459,0.259189,0.332432,0.11027,2.41297,0.0359459,1.0927,0.0454054,0.393784,0.371622,0.0959459,0.0994595,0.00162162,0.000540541,0.000540541,0,0,0,0.123243,0,0.00189189,0.0321622,0.133784,0.00297297,0.00243243,0.0391892,0.00432432,0.00216216,0.00621622,0.00378378,0.0594595,0.0194595,0.00189189,0.0156757,0.0328378,0.100892,0.0108919,0.335595,0.430541,0.0987568,7.64754,346.757,2344.32,0.864865
0,0,0,0,0.42,0,0,0,0,0,0,0,0,0,0,0,0,0,2.12176,0,0,0,0,0,0,0,0.902353,0,0,0,0,0,0.367647,0,0,0,0,0,0.653529,0,0,0,0,0,10.8859,0.452353,0,0,0,0.18,0,0.544588,0,0,1.30294,2.47059,7.23529,0
0.112273,0.102784,0.256193,0,0.38767,0.115568,0.136761,0.120114,0.0355682,0.244489,0.0857955,0.571875,0.06625,0.0297159,0.0772159,0.343466,0.115398,0.224716,1.76909,0.0290909,0.872045,0.0268182,0.0897159,0.0830114,0.713295,0.397216,0.24017,0.258864,0.0964205,0.146023,0.0697727,0.08625,0.0843182,0.08625,0.117216,0.173807,0.159091,0.0111932,0.118239,0.0710795,0.0461932,0.0469318,0.1175,0.131364,0.244602,0.274205,0.0131818,0.0166477,0.0253239,0.14246,0.0152727,0.182443,0.0560909,0.0519148,2.18389,12.1989,100.068,0.380682
0,0,0,0,0.313741,0.0434014,0,0.0755782,0,0.0295238,0,0.0617007,0,0.0434014,0,0.0438775,0,0.0523129,0.184082,0,0.311973,0,0,0,0.609116,0.367143,0.387211,0,0.032381,0,0.085034,0,0,0,0,0.0523129,0,0.0566667,0,0,0,0.450476,0,0.0304082,0.352721,0.288707,0,0.124694,0.00459184,0.088068,0.0655442,0.197238,0,0,1.18584,1.53741,4.68707,0.047619
0.151343,0.146716,0.826866,0.00283582,0.707612,0.520149,0.272836,0.136716,0.56597,0.458209,0.203284,0.601194,0.150746,0.0797015,0.967015,0.304776,0.11209,0.760149,1.5091,0.820448,0.926119,0.0862687,0.517612,0.144478,0.051194,0.00134328,0.021791,0.00716418,0,0.00865672,0,0,0.00313433,0.00567164,0.00432836,0,0.0129851,0,0,0.0401493,0,0,0.0835821,0.0119403,0.0447761,0.0364179,0,0,0.00285075,0.0761343,0.0011194,0.448209,0.160104,0.019791,108.883,790.104,1415.94,0.985075
0.0222581,0.111075,0.470538,0,0.186022,0.0321505,0.0919355,0.0390323,0.00806452,0.174194,0.0224731,0.631075,0.0549462,0.0574194,0,0.221935,0.0567742,0.348387,4.34516,0.0408602,0.998495,0,0,0.0172043,0.0519355,0.0252688,0.395484,0,0.0383871,0.074086,0,0,0.0645161,0,0,0.0191398,0.0674194,0.00967742,0.0130108,0.0125806,0,0.0401075,0.0487097,0.0539785,0.493871,0.188387,0,0.00978495,0.0162366,0.0624516,0.00354839,0.423935,0.0102473,0,1.39671,3.49462,16.7527,0.204301
0.0765556,0.0902222,0.196222,0,0.248778,0.025,0.147111,0.408444,0.122111,0.126444,0.0615556,0.308,0.0115556,0.207667,0.007,0.435111,0.202111,0.148,1.16044,0.0338889,0.800222,0.0325556,0.209778,0.0683333,0.283778,0.290444,0.173,0.0837778,0,0.037,0.0174444,0.0262222,0.0507778,0.0262222,0.059,0.114444,0.112778,0,0.0252222,0.0245556,0,0.0396667,0.0151111,0.021,0.365222,0.0303333,0,0.0184444,0.00671111,0.148022,0.0107,0.380267,0.1158,0.00677778,3.60698,25.8889,83.1667,0.733333
0,0,0.0359459,0,0.0359459,0,0,0,0,0,0,0,0,0,0,0,0,0.267838,0,0,0.0359459,0,0,0,11.273,2.94865,2.04892,2.31676,1.97405,2.31676,2.24189,1.97405,0,1.97405,2.24189,2.24189,0.0359459,0.108108,0.0359459,1.97405,0,0.108108,0,0,1.09108,0,0,0,0.0233784,0.549892,0.00583784,0.0491892,0,0,3.39508,13,28.2432,0
0.0757447,0.0625532,0.33078,0.00617021,0.303972,0.156738,0.0714184,0.146667,0.0882979,0.185248,0.0463121,0.486454,0.0848936,0.0378723,0.0214184,0.241844,0.155745,0.165035,1.38284,0.120284,0.749645,0,0.125603,0.076383,0.751206,0.447447,0.13461,0.149716,0.0869504,0.139078,0.0714894,0.0342553,0.112979,0.0342553,0.107447,0.116879,0.240284,0.00489362,0.0891489,0.0635461,0.117376,0.0258156,0.0759574,0.0768794,0.170284,0.254326,0.0077305,0.0421277,0.0569362,0.185716,0.0249645,0.131879,0.0589291,0.0387943,2.45279,19.383,194.525,0.425532
0.13027,0.20527,0.424324,0.578514,0.281892,0.116892,0.047027,0.109865,0.267703,0.307162,0.0694595,0.790811,0.207568,0.14,0.129054,0.145541,0.146351,0.182027,1.70027,0.146892,0.948649,0,0.12473,0.169324,0.711757,0.134459,0.0221622,0.0228378,0.0140541,0.0175676,0.0198649,0.00216216,0.0714865,0.00216216,0.0345946,0.0608108,0.0912162,0.00189189,0.0168919,0.0340541,0.00216216,0.100541,0.0344595,0.01,0.0254054,0.00162162,0,0.0208108,0.13827,0.131554,0.0183243,1.00588,0.249932,0.0201757,4.07796,61.6216,754.081,0.581081
0.193178,0.11215,0.370841,0.00102804,0.343271,0.148318,0.0765421,0.193551,0.301308,0.292336,0.0940187,0.657196,0.0754206,0.106542,0.0756075,0.210467,0.334393,0.0790654,1.38832,0.208505,1.16009,0.293458,0.0851402,0.246449,0.820561,0.166262,0.0228972,0.0103738,0.00392523,0.021215,0.0166355,0.00392523,0.0990654,0.00495327,0.0166355,0.0611215,0.173925,0.0175701,0.028785,0.0320561,0.0697196,0.105421,0.014486,0.0128037,0.052243,0.104673,0.00514019,0.0116822,0.110308,0.195579,0.0145701,0.288084,0.124607,0.0741308,4.21123,70.8879,617.458,0.551402
0.0873504,0.0851282,0.301282,0,0.165897,0.0597436,0.101538,0.0576068,0.0976923,0.222393,0.0287179,0.375726,0.113333,0.109231,0.00991453,0.525983,0.0505983,0.173333,1.83,0.0228205,0.819744,0,0.0437607,0.034359,0.927265,0.653675,0.547949,0.434701,0.370427,0.375726,0.350598,0.272222,0.0846154,0.272222,0.446154,0.322991,0.202479,0.00350427,0.215726,0.279829,0.07,0.275128,0.131795,0.239316,0.398889,0.24359,0,0,0.0100085,0.192128,0.0277094,0.267487,0.117436,0.0344701,2.46497,12.4872,39.4188,0.316239
0.039321,0.0296296,0.282901,0,0.277099,0.0329012,0.0424691,0.0330247,0.0519136,0.115926,0.0262963,0.860617,0.0633951,0.0291975,0.0104938,0.0722222,0.0482099,0.106481,1.88599,0.00777778,0.410494,0,0,0.136296,0.272284,0.308827,0.377778,0.0241975,0.0990123,0.0587654,0,0,0.0649383,0,0.0357407,0.011358,0.121914,0.00864198,0.0546914,0.0196296,0.0398765,0.252654,0.0162963,0.138025,0.436543,0.164691,0,0.0632099,0.0219074,0.166086,0.00429012,0.213469,0.0150679,0.00947531,1.67277,5.41358,24.5432,0.12963
0.153478,0.124783,0.265435,0.00804348,0.295435,0.106304,0.0395652,0.230435,0.203696,0.299348,0.0923913,0.540435,0.148261,0.0695652,0.0623913,0.32413,0.210435,0.185652,1.49261,0.128696,0.707826,0.652609,0.261522,0.233478,0.461087,0.0893478,0.00586957,0.00543478,0.00326087,0.023913,0.0104348,0,0.0884783,0.00282609,0.0106522,0.118043,0.160217,0.00934783,0.0213043,0.0245652,0.0193478,0.00326087,0.0073913,0.0245652,0.0297826,0.0973913,0.0023913,0.0397826,0.0394565,0.123587,0.0373696,0.200739,0.163326,0.101739,5.77274,124.522,1677.87,0.543478
0.11869,0.0861379,0.326207,0,0.251931,0.0167586,0.0178621,0.0405517,0.008,0.136069,0.00662069,0.415655,0.0765517,0.126345,0,0.244897,0.0196552,0.170759,1.156,0.125379,0.388069,0,0,0.0626897,0.224483,0.0605517,0.909448,0,0.169517,0.0286897,0,0,0.156483,0,0.137931,0,0,0.0697241,0.0812414,0,0.0710345,0.328483,0,0.186621,0.707862,0.321793,0,0.0902759,0.0269379,0.104641,0.00517931,0.1212,0.0122828,0,1.36741,2.7931,10.4414,0.0689655
0.124573,0.106935,0.273668,0,0.194121,0.0481407,0.127789,0.0797487,0.00874372,0.205025,0.0586432,0.626382,0.0720101,0,0.0398995,0.218141,0.0827638,0.180452,1.71171,0.021206,0.563417,0,0.0557789,0.0230151,0.721809,0.419146,0.196834,0.233869,0.145829,0.229347,0.115628,0.0476382,0.155477,0.0476382,0.252462,0.118492,0.189246,0.0040201,0.105377,0.0717588,0.0382915,0.204673,0.0467337,0.0961809,0.226533,0.342915,0,0.0306533,0.0108543,0.138804,0.0058995,0.221884,0.0200704,0.0816884,2.04879,9.57286,53.0653,0.251256
0.17,0.0795722,0.319947,0.0068984,0.48123,0.0970053,0.117701,0.13631,0.0436898,0.174599,0.0293048,0.506417,0.0790374,0.00390374,0.0228342,0.234652,0.173422,0.186524,1.66396,0.0374866,0.819626,0.00540107,0.117647,0.0356684,0.557326,0.410749,0.250695,0.20615,0.104064,0.127005,0.0579679,0.0582888,0.090107,0.0614439,0.146043,0.136417,0.174545,0.00385027,0.105668,0.0603209,0.0436898,0.0514973,0.102406,0.0695187,0.279893,0.157273,0.00149733,0.0545989,0.024262,0.14338,0.0207807,0.283701,0.0751711,0.0203102,2.20411,14.8128,122.888,0.42246
0.117853,0.0691411,0.245828,0,0.277607,0.0830675,0.0589571,0.041227,0.0103681,0.0776687,0.00558282,0.618957,0.0676687,0.0263804,0.00404908,0.256687,0.0356442,0.13816,1.83945,0.00411043,0.638098,0,0.0474847,0.0317791,0.297914,0.287178,0.248773,0.0122699,0.136748,0.0380982,0.0359509,0,0.0641104,0,0.0122699,0.0593252,0.226196,0.00650307,0.134847,0.00613497,0.113497,0.232331,0.0379755,0.164969,0.499571,0.185215,0.00625767,0.0398773,0.0272515,0.0983804,0.0167362,0.183104,0.0283313,0.0141779,1.76225,6.65031,31.6564,0.190184
0.0292857,0.0671429,0.253571,0,0.705714,0.0692857,1.59143,0.773571,0.773571,0.880714,0.773571,0.582143,0,0.0764286,0,0.977143,2.15357,0.0642857,1.82643,0.773571,2.815,0,0.309286,0.105714,0.0207143,0.0207143,0.0207143,0.0414286,0,0,0,0,0,0.0207143,0.0414286,0,0.315,0,0.0764286,0,0,0,0,0,0,0,0,0,0,0.0775,0,0.696071,0.255143,0.0712857,64.0539,294.929,330.786,0.928571
0.096,0.008,0.196,0.008,0.092,0.118,0,0.058,0.058,0.188,0.074,0.082,0.072,0,0.038,0.088,0.078,0.076,0.608,0.008,0.242,1.906,0.138,0.11,0,0,0,0,0,0,0,0,0,0.028,0,0.008,0,0,0.016,0,0,0,0,0,0.038,0,0,0,0.4302,2.0094,0.009,0.3924,0.375,0.4024,57.5034,2297.8,10648.8,1
0.0780833,0.0389167,0.11275,0,0.457333,0.0835,0.0148333,0.0880833,0.00666667,0.0739167,0,0.852,0.0755,0.0539167,0,0.0569167,0.013,0.0870833,0.514917,0.0225,0.264083,0,0.0176667,0.0140833,0.2385,0.155583,0.331583,0,0.543333,0.0134167,0,0,0.353917,0,0,0.0148333,0.0445833,0.0903333,0.068,0,0,1.09392,0.0881667,0.154917,0.463333,0.3385,0.0243333,0.0208333,0.0221583,0.0901583,0.0269667,0.133,0,0,1.47809,3.7,16.1583,0.0416667
0.219062,0.405938,0.650312,0.0734375,0.365938,0.18125,0.319688,0.125625,0.314063,0.860625,0.215625,0.77125,0.14375,0.096875,0.270625,0.930625,0.3275,0.23875,1.85531,0.145,1.52562,0.0053125,0.193438,0.223438,0.299375,0.13875,0.0075,0,0,0.0228125,0,0,0.0421875,0,0.0225,0.0146875,0.12125,0.026875,0.0075,0.0228125,0,0.0228125,0.010625,0.0153125,0.110625,0.0446875,0,0.0240625,0.0094375,0.125656,0.00465625,0.753812,0.231156,0.0675,25.445,340.531,656.719,0.9375
0.136691,0.101799,0.346619,0.0232374,0.302446,0.101655,0.0895683,0.151079,0.100935,0.308273,0.0717266,0.470576,0.112878,0.038705,0.052518,0.248921,0.217698,0.187194,1.47784,0.172806,0.787122,0.693453,0.176187,0.0710072,0.737986,0.293022,0.104748,0.0888489,0.0570504,0.0603597,0.0576259,0.0230935,0.072446,0.0230935,0.0653237,0.0634532,0.208489,0.0076259,0.0323022,0.0643885,0.0423022,0.063741,0.0407194,0.0531655,0.121583,0.190144,0.0208633,0.0344604,0.275259,0.172007,0.0222446,0.253734,0.0902878,0.168396,3.78397,37.7554,331.554,0.496403
0.124369,0.15301,0.389223,0.138932,0.297961,0.119612,0.088835,0.185922,0.42767,0.51534,0.123107,0.532718,0.128447,0.0634951,0.135728,0.270291,0.145631,0.371553,1.42854,0.176796,0.934078,0.91165,0.12466,0.198058,0.470777,0.150583,0.0302913,0.0246602,0.00553398,0.0266019,0.0197087,0.00184466,0.122816,0.00368932,0.124757,0.0316505,0.136505,0.00174757,0.0326214,0.0313592,0.00932039,0.0270874,0.00524272,0.0121359,0.0366019,0.0365049,0.00640777,0.0286408,0.0586214,0.106913,0.043534,0.362107,0.180175,0.104767,4.71909,77.699,971.097,0.68932
0.11881,0.430476,0.334286,1.68857,0.94,0.14119,0.679762,0.161905,0.0566667,0.366905,0.0545238,0.659524,0.186429,0.0864286,0,0.713095,1.50643,0.24619,2.0931,0.267619,1.79667,0,0.0188095,0.157143,0,0,0,0,0,0.0230952,0,0,0,0,0,0.057381,0.110952,0.0371429,0,0.00809524,0,0,0,0,0.00809524,0,0,0,0,0.12531,0,0.716262,0.209595,0.0315238,9.06862,136.214,195.667,0.928571
0,14.1478,0,0,0,0,0,0,0,0.132222,0,0,0,0,0,0,0,0,0,0,0,0,0,0,0,0,0,0,0,0,0,0,0,0,0,0,0,0,0,0,0,0,0,0,0.132222,0,0,0,0,0,0,0,0,0,1.77778,4.88889,9.02778,0
0.104138,0.103448,0.368391,0.00666667,0.493908,0.12,0.11069,0.122184,0.0687356,0.271954,0.0949425,0.600575,0.0742529,0.0127586,0,0.367586,0.307241,0.281264,1.99184,0.132069,1.02253,0.184483,0.190345,0.0954023,0.21954,0.082069,0.0318391,0.0274713,0.00632184,0.0435632,0.00448276,0.00804598,0.0247126,0.0151724,0.0428736,0.0712644,0.113218,0,0.0218391,0.043908,0,0.0185057,0.0168966,0.0271264,0.21977,0.275172,0,0.0314943,0.0585747,0.116483,0.00943678,0.336563,0.123667,0.0670115,4.28672,65,265.851,0.655172
0.0996512,0.0837209,0.242674,0.0134884,0.308953,0.110233,0.149419,0.0722093,0.0162791,0.165465,0.0327907,0.387558,0.0996512,0.0209302,0.0305814,0.506279,0.148256,0.102093,1.93616,0.0130233,0.888953,0.0661628,0.18314,0.0875581,0.348953,0.224419,0.192442,0.0924419,0.0544186,0.0911628,0.0498837,0.0498837,0.049186,0.0655814,0.106163,0.13093,0.0209302,0,0.12314,0.0589535,0.00383721,0.0186047,0.00744186,0.0255814,0.259419,0.134186,0,0.0296512,0.0102674,0.140337,0.0162907,0.4325,0.0714651,0.0328372,3.62444,33.9302,121.186,0.627907
0.30617,0.144894,0.280426,0.0917021,0.0723404,0.106809,0.0193617,0.139787,0.221064,0.399574,0.144681,0.630213,0.341064,0.652766,0.0255319,0.158936,0.276596,0.12,1.86936,0.0476596,0.868511,0.0334043,0.447021,0.28766,0.0951064,0.0604255,0.00510638,0.00148936,0.00212766,0.00382979,0,0,0.309362,0,0,0.0297872,0.176383,0.00148936,0.00659574,0.017234,0.0246809,0.00765957,0.00446809,0.0159574,0.0421277,0.0568085,0.00978723,0.0502128,0.0292553,0.115766,0.00757447,0.24734,0.329319,0.0877872,5.44715,185.447,3357.47,0.744681
0.0881481,0.0918519,0.150185,0,0.345926,0.145926,0.197222,0,0.0701852,0.293519,0.0503704,0.365,0.181481,0.0318519,0,0.621667,0.065,0.196481,1.96167,0.222037,0.905741,0.047963,0,0.187593,0.111111,0.127963,0.0661111,0.077037,0,0.0274074,0,0,0.0687037,0,0.0498148,0.0531481,0.0251852,0,0,0.0251852,0.00481481,0.0153704,0.012963,0.0501852,0.232963,0.237593,0,0,0.0134815,0.0502593,0.00359259,0.278333,0.0519074,0.418685,5.19446,53.8148,101.5,0.518519
0.114513,0.0863717,0.268142,0.0902655,0.429469,0.13115,0.0342478,0.133982,0.151416,0.152832,0.0735398,0.578673,0.131062,0.0293805,0.0225664,0.205664,0.26177,0.134425,1.68496,0.10177,0.76354,0.469204,0.177699,0.110885,0.611593,0.13708,0.0318584,0.0276106,0.0390265,0.0253097,0.010177,0.0184956,0.0430973,0.0114159,0.0285841,0.0822124,0.116991,0.0478761,0.0265487,0.0332743,0.0220354,0.0409735,0.0359292,0.00637168,0.0746018,0.0686726,0.00778761,0.0229204,0.160027,0.121248,0.0111416,0.202044,0.0965398,0.0504248,3.58558,40.8142,423.195,0.548673
0.0825676,0.0337838,0.252973,0,0.116216,0.0482432,0,0,0.0244595,0.316216,0,0.122973,0.075,0,0,0.153919,0,0.0293243,7.09122,0,1.32635,0,0,0.300676,0.0244595,0,0.688108,0,0.05,0,0,0,0,0,0,0,0,0,0.0586487,0,0,0,0,0,1.07149,0.651351,0.0293243,0,0.0129595,0.0552162,0,0.629176,0,0,1.1778,1.75676,6.58108,0.0810811
0.161556,0.178667,0.526889,0.438444,0.381556,0.150889,0.254667,0.154,0.0686667,0.220444,0.112667,0.486889,0.0771111,0,0,0.439111,0.351333,0.380222,2.27333,0.462,1.43267,0.255333,0.135111,0.209778,0.0575556,0.0684444,0.00711111,0,0.032,0.032,0,0,0.006,0,0.0284444,0.042,0.140889,0,0.066,0.00422222,0,0,0.0315556,0.0168889,0.147556,0.0275556,0,0.0386667,0.0102889,0.0837556,0.0215556,0.455089,0.3006,0.0369778,7.13513,124.533,308.844,0.866667
0.0378723,0.371064,0.301915,1.76298,0.541915,0.185745,0.721915,0.0695745,0.231277,0.334894,0.0319149,0.701702,0.0519149,0.013617,0.0285106,0.342128,0.192553,0.348511,2.07128,0.0270213,1.17298,0,0.100851,0.0825532,0.11383,0.0106383,0.244255,0.03,0.0106383,0.00531915,0.154043,0,0,0.0131915,0.0597872,0.0112766,0.0468085,0,0.04,0.404255,0,0.00425532,0,0,0.194894,0.0093617,0,0.0212766,0.0103191,0.182085,0.0138723,0.293617,0.0750851,0.0393404,13.1006,163.745,409.319,0.638298
0.082619,0.138286,0.296286,0.00385714,0.396429,0.221476,0.128333,0.100048,0.0461905,0.250381,0.032619,0.573476,0.0835714,0.00914286,0.00461905,0.238095,0.128714,0.19019,1.52424,0.0169524,1.17614,0.00590476,0.115524,0.112381,0.616333,0.352333,0.250857,0.155857,0.10981,0.130524,0.0799524,0.0752857,0.115143,0.0752857,0.127619,0.106476,0.197333,0.00109524,0.0950952,0.0835714,0.0533333,0.051,0.114143,0.019619,0.244476,0.0847619,0.0126667,0.0177619,0.0302429,0.170876,0.0291857,0.172424,0.0681476,0.0142143,2.4832,17.7095,153.662,0.466667
0.118699,0.0904878,0.253252,0.102033,0.334472,0.10439,0.0612195,0.115854,0.215285,0.323252,0.0979675,0.782683,0.120244,0.0856098,0.0556911,0.159106,0.157561,0.176341,1.5361,0.0737398,0.962276,0.605935,0.183821,0.110081,0.660569,0.193659,0.0182927,0.0243902,0.0170732,0.0304878,0.00869919,0.00154472,0.113008,0.00154472,0.0286179,0.0704065,0.129512,0.0129268,0.0154472,0.00796748,0.047561,0.0736585,0.00756098,0.0171545,0.0696748,0.240732,0.020813,0.0190244,0.0411057,0.136878,0.0184553,0.201106,0.0640081,0.0820732,4.24932,53.1057,517.122,0.577236
0.097967,0.10533,0.222857,0.00741758,0.290165,0.0564835,0.0885714,0.066978,0.0326374,0.363187,0.0423077,0.616264,0.112637,0.00741758,0.0225824,0.101758,0.0943407,0.117692,1.565,0.0504945,0.538132,0.00318681,0.0384066,0.0655495,0.679615,0.441868,0.298626,0.352582,0.12533,0.178297,0.109505,0.0855495,0.0857692,0.0855495,0.175824,0.17956,0.199725,0.00549451,0.151593,0.0846703,0.0352198,0.0773626,0.111044,0.102198,0.262473,0.175549,0.0134066,0.0455495,0.0264945,0.187731,0.0141923,0.233214,0.0325714,0.0156758,2.15697,10.8571,81.0549,0.236264
0,0,0,0,0,0,0,0,0,0,0,0,0,0,0,0,0,0,0,0,0,0,0,0,0,0,0,0,0,0,0,0,0,0,0,0,0,0,0,0,0,0,0,15.83,0,0,0,0,0,0,0,0,0,0,1.475,2.5,5.25,0
0.4672,0.7208,0.7428,0.3664,0.3468,0.2716,0.0656,0.4024,0.4188,1.3644,0.0604,1.4292,0.1212,0.2716,0.3344,0.2872,0.1692,0.6348,2.064,0.3444,3.2556,0.0152,0.5196,0.2464,0,0,0,0,0,0,0,0,0.0132,0,0.0508,0.0168,0.0148,0,0,0,0,0,0.0076,0,0.0248,0,0,0,0.027,0.14768,0.06472,0.95372,0.17836,0.06036,39.2918,602.2,882.64,1
0,0,0,0,0,0,0,0,0,0,0,0,0,0,0,0.325203,0,0,0,0,0,0,0,0,0.0903252,0.116098,20.068,0,0,0,0,0,0,0,0,0,0,0,0,0,0,0.18065,0,0,0.0541463,0,0,0,0,0.0285203,0,0.00934146,0,0,1.20634,1.6748,5.45528,0
0.081393,0.0294527,0.214129,0.00661692,0.155871,0.0821891,0.0763184,0.157065,0.0206468,0.178955,0.0232338,0.53607,0.102637,0.00114428,0.0370149,0.105124,0.115721,0.225572,1.48358,0.00661692,0.610697,0,0.0377114,0.0242786,0.995423,0.41,0.241891,0.309104,0.100448,0.222139,0.089801,0.0555721,0.253433,0.0555721,0.211642,0.136169,0.281443,0.00935323,0.141692,0.0675124,0.0504975,0.110846,0.120846,0.141045,0.335821,0.263085,0.00427861,0.0390547,0.0170846,0.190925,0.0258955,0.206269,0.0576468,0.0977612,2.13864,10.9701,66.209,0.278607
0,0.484865,0.235946,0,0.18027,0,0.424865,0,0,1.08649,0,0.508108,0.0854054,0.077027,0,0.0743243,0,0.077027,2.41243,0,0.701351,0,0,0.169459,0.464865,0.122162,0.566486,0.470811,0,0,0,0,0.134324,0,0,0.077027,0.431892,0,0.854054,0.112432,0.0345946,0,0.0508108,0.0637838,0.571351,0.207838,0,0,0.0692973,0.281216,0,0.0885946,0.0540811,0.0217568,3.73703,22.4595,40.7027,0.324324
0.425405,0.103919,0.412838,0,0.257297,0.0721622,0.164595,0.0752703,0.0251351,0.138784,0.355946,0.87473,0,0.0474324,0.0189189,0.30027,0.142838,0.109865,1.39878,0,2.86486,0,0,0.318514,0.175135,0.173649,0.121486,0.114459,0.0421622,0.0544595,0,0.0774324,0.128649,0.0774324,0.0372973,0.0363514,0.242432,0,0.0510811,0,0,0.0745946,0.0189189,0.0156757,0.0977027,0.133514,0,0.0328378,0.0164865,0.153892,0.00277027,0.270865,0.0730541,0.00256757,4.00681,24.8784,59.0676,0.540541
0.0170732,0.0736585,0.193415,0,0.33,0.0190244,0.26439,0.0717073,0.0134146,0.212439,0,0.389756,0.184634,0.0760976,0,0.663902,0.03,0.348049,3.23073,0,1.24829,0.0717073,0,0.0792683,0.375122,0.0209756,0.0634146,0,0,0,0,0,0,0,0,0,0,0,0,0,0,0.124878,0,0.0629268,0.447805,0.456585,0,0,0.00753659,0.0251463,0,0.630293,0.022439,0.0109756,5.60854,49.2927,75.4878,0.414634
0.0673729,0.122542,0.303644,0.0101695,0.355847,0.117288,0.104492,0.114746,0.0525424,0.282542,0.0671186,0.509746,0.189492,0.0332203,0.0877966,0.177712,0.120169,0.276186,1.35856,0.0513559,0.818559,0.309915,0.148983,0.0827966,0.648814,0.292203,0.174915,0.109576,0.100085,0.0994915,0.0547458,0.0613559,0.0851695,0.0613559,0.0759322,0.0961017,0.155169,0.0134746,0.0678814,0.0805932,0.0135593,0.0268644,0.0825424,0.0514407,0.122203,0.0627966,0,0.0166949,0.0429068,0.175856,0.0298051,0.166,0.114364,0.0418305,3.00799,24.7712,247.788,0.516949
0.0626667,0.153333,0.4092,0,0.572267,0.115333,0.237867,0.146533,0.0782667,0.206933,0.1152,0.699333,0.0734667,0,0.191067,0.277733,0.306267,0.406,2.16973,0.439333,1.32773,0.157467,0.269733,0.125067,0.2948,0.130133,0.0492,0.115467,0.0182667,0.1108,0.0182667,0.0182667,0.0213333,0.0182667,0.0414667,0.0448,0.1016,0,0.144933,0.1048,0.0141333,0.0526667,0.0048,0,0.169333,0.0386667,0,0,0.00350667,0.130693,0.000866667,0.303667,0.0947733,0.03128,5.6484,57.0267,145.773,0.666667
