0.13027,0.20527,0.424324,0.578514,0.281892,0.116892,0.047027,0.109865,0.267703,0.307162,0.0694595,0.790811,0.207568,0.14,0.129054,0.145541,0.146351,0.182027,1.70027,0.146892,0.948649,0,0.12473,0.169324,0.711757,0.134459,0.0221622,0.0228378,0.0140541,0.0175676,0.0198649,0.00216216,0.0714865,0.00216216,0.0345946,0.0608108,0.0912162,0.00189189,0.0168919,0.0340541,0.00216216,0.100541,0.0344595,0.01,0.0254054,0.00162162,0,0.0208108,0.13827,0.131554,0.0183243,1.00588,0.249932,0.0201757,4.07796,61.6216,754.081,0.581081
0.069589,0.0679452,0.185616,0,0.441233,0.104247,0.294384,0,0.0594521,0.303425,0.0372603,0.453562,0.185616,0.0663014,0,0.613562,0.0480822,0.302192,2.37479,0.164247,0.898493,0.0354795,0,0.183288,0.0639726,0.0764384,0.0489041,0.0205479,0,0.020274,0,0,0.0508219,0,0.0368493,0.0210959,0.0186301,0,0,0.0186301,0.00356164,0.0815068,0.00958904,0.0724658,0.28,0.345616,0,0,0.0142055,0.0388219,0.00265753,0.222849,0.0383973,0.309712,5.10414,54.3836,94,0.452055
0.117738,0.163214,0.412381,0,0.467262,0.121071,0.319167,0.140238,0.0692857,0.32,0.142857,0.527738,0.151786,0.0572619,0.0541667,0.327024,0.226786,0.275833,1.93214,0.140833,1.04357,0.0194048,0.282619,0.0730952,0.239048,0.0884524,0.0144048,0.126786,0.00714286,0.0746429,0.0145238,0.00714286,0.24619,0.00714286,0.113929,0.0794048,0.150357,0,0.00666667,0.0888095,0.00369048,0.0430952,0.00619048,0.017619,0.120595,0.0753571,0,0.0214286,0.0130476,0.084119,0.00120238,0.470417,0.116238,0.0138452,4.69696,64.1786,195.976,0.654762
0.118699,0.0904878,0.253252,0.102033,0.334472,0.10439,0.0612195,0.115854,0.215285,0.323252,0.0979675,0.782683,0.120244,0.0856098,0.0556911,0.159106,0.157561,0.176341,1.5361,0.0737398,0.962276,0.605935,0.183821,0.110081,0.660569,0.193659,0.0182927,0.0243902,0.0170732,0.0304878,0.00869919,0.00154472,0.113008,0.00154472,0.0286179,0.0704065,0.129512,0.0129268,0.0154472,0.00796748,0.047561,0.0736585,0.00756098,0.0171545,0.0696748,0.240732,0.020813,0.0190244,0.0411057,0.136878,0.0184553,0.201106,0.0640081,0.0820732,4.24932,53.1057,517.122,0.577236
0.500784,0.11902,0.548431,0,0.146078,0.0405882,0.193333,0,0,0.467843,0.431373,1.14059,0,0.0454902,0,0.211569,0.0227451,0.062549,1.43686,0,3.69137,0,0,0.449216,0.480588,0.130784,0.118235,0.0454902,0,0.0790196,0,0.0986275,0.0415686,0.0986275,0.0235294,0,0.0315686,0,0.0445098,0.0815686,0,0.0470588,0,0.0227451,0.0752941,0.0227451,0,0.0476471,0,0.0625686,0,0.52351,0.0648824,0.0155294,5.33524,28.1961,53.7059,0.431373
0.0757447,0.0625532,0.33078,0.00617021,0.303972,0.156738,0.0714184,0.146667,0.0882979,0.185248,0.0463121,0.486454,0.0848936,0.0378723,0.0214184,0.241844,0.155745,0.165035,1.38284,0.120284,0.749645,0,0.125603,0.076383,0.751206,0.447447,0.13461,0.149716,0.0869504,0.139078,0.0714894,0.0342553,0.112979,0.0342553,0.107447,0.116879,0.240284,0.00489362,0.0891489,0.0635461,0.117376,0.0258156,0.0759574,0.0768794,0.170284,0.254326,0.0077305,0.0421277,0.0569362,0.185716,0.0249645,0.131879,0.0589291,0.0387943,2.45279,19.383,194.525,0.425532
0,0,0,0,0.122326,0,0.105581,0.0827907,0,0.289767,0,0.933256,0,0.273953,0,0.441395,0,0,0.35093,0,0.0644186,0,0.0493023,0,0,0,0.54814,0.136744,0,0.136744,0,0,0.0565116,0,0.60186,0,0.0413953,0,0.0930233,0,1.01209,0.0565116,0.166047,0.0748837,0.206512,1.66744,0,0.0774419,0.0327442,0.12407,0.0273488,0.249163,0,0,2.73751,7.83721,14.186,0.0465116
0.0292857,0.0671429,0.253571,0,0.705714,0.0692857,1.59143,0.773571,0.773571,0.880714,0.773571,0.582143,0,0.0764286,0,0.977143,2.15357,0.0642857,1.82643,0.773571,2.815,0,0.309286,0.105714,0.0207143,0.0207143,0.0207143,0.0414286,0,0,0,0,0,0.0207143,0.0414286,0,0.315,0,0.0764286,0,0,0,0,0,0,0,0,0,0,0.0775,0,0.696071,0.255143,0.0712857,64.0539,294.929,330.786,0.928571
0.0890556,0.0258889,0.228222,0.00738889,0.174056,0.0802222,0.0852222,0.127833,0.0189444,0.165833,0.0259444,0.537167,0.105778,0.00127778,0.0271111,0.109444,0.120389,0.251889,1.52211,0.00738889,0.619167,0,0.0138889,0.0127778,0.933889,0.385111,0.270111,0.313556,0.0998333,0.248056,0.100278,0.0620556,0.254556,0.0620556,0.211667,0.156556,0.276778,0.0104444,0.144444,0.0753889,0.0563889,0.104611,0.118,0.1575,0.308444,0.238333,0.00477778,0.0371667,0.0190778,0.191894,0.0267611,0.215861,0.0488389,0.108317,2.03461,10.2222,65.6556,0.261111
0.314865,0.276757,0.336486,0.00351351,0.248919,0.0745946,0.0389189,0.149459,0.425676,0.528919,0.214054,0.579189,0.367838,0.723243,0.0859459,0.259189,0.332432,0.11027,2.41297,0.0359459,1.0927,0.0454054,0.393784,0.371622,0.0959459,0.0994595,0.00162162,0.000540541,0.000540541,0,0,0,0.123243,0,0.00189189,0.0321622,0.133784,0.00297297,0.00243243,0.0391892,0.00432432,0.00216216,0.00621622,0.00378378,0.0594595,0.0194595,0.00189189,0.0156757,0.0328378,0.100892,0.0108919,0.335595,0.430541,0.0987568,7.64754,346.757,2344.32,0.864865
0,0,0,0,0,0,0,0,0,0,0,0,0,0,0,0.325203,0,0,0,0,0,0,0,0,0.0903252,0.116098,20.068,0,0,0,0,0,0,0,0,0,0,0,0,0,0,0.18065,0,0,0.0541463,0,0,0,0,0.0285203,0,0.00934146,0,0,1.20634,1.6748,5.45528,0
0.110471,0.105882,0.361412,0.00682353,0.532235,0.117412,0.108118,0.134118,0.0703529,0.265647,0.0994118,0.628118,0.0628235,0.0127059,0,0.332824,0.328588,0.277412,1.92624,0.135176,0.981412,0.123529,0.194824,0.0828235,0.234,0.0821176,0.0325882,0.0281176,0.00458824,0.0435294,0.00458824,0.00823529,0.0252941,0.012,0.0438824,0.0777647,0.111765,0.000823529,0.0223529,0.0430588,0,0.0197647,0.0172941,0.0202353,0.219059,0.281647,0,0.0284706,0.0577765,0.110165,0.00965882,0.322435,0.118188,0.0552588,4.21665,66.6706,263.376,0.647059
0.0632394,0.0411268,0.215775,0,0.253944,0.0529577,0.0269014,0.132254,0.0469014,0.0788732,0.0128169,0.674225,0.0487324,0.0276056,0,0.197183,0.0750704,0.125634,1.86521,0,0.82,0,0.109014,0.0374648,0.568169,0.700845,0.252113,0.174507,0.195915,0.0947887,0.0825352,0,0.0502817,0,0.028169,0.028169,0.379437,0.0149296,0.237746,0,0.126761,0.332958,0.0652113,0.167887,0.437606,0.126338,0,0.088169,0.0247042,0.0914789,0.0359718,0.218211,0.0541972,0.0627042,2.23876,10.2958,29.2676,0.225352
0,0.0397297,0.144054,0,0.286486,0.0202703,0.06,0.108108,0.0435135,0.12973,0,0.783784,0,0,0,0.168108,0,0.0397297,2.67973,0.06,0.0986487,0,0,0.57973,0.112973,0.112973,0.211351,0.117297,0.103784,0.087027,0,0,0.0202703,0,0.26027,0,0,0,0.087027,0.06,0.204324,0.190811,0,0,0.366486,0.127838,0,0.02,0.112135,0.126838,0.0101081,0.475757,0.0118649,0.0303243,2.82057,10.5676,22.2973,0.405405
0.112273,0.102784,0.256193,0,0.38767,0.115568,0.136761,0.120114,0.0355682,0.244489,0.0857955,0.571875,0.06625,0.0297159,0.0772159,0.343466,0.115398,0.224716,1.76909,0.0290909,0.872045,0.0268182,0.0897159,0.0830114,0.713295,0.397216,0.24017,0.258864,0.0964205,0.146023,0.0697727,0.08625,0.0843182,0.08625,0.117216,0.173807,0.159091,0.0111932,0.118239,0.0710795,0.0461932,0.0469318,0.1175,0.131364,0.244602,0.274205,0.0131818,0.0166477,0.0253239,0.14246,0.0152727,0.182443,0.0560909,0.0519148,2.18389,12.1989,100.068,0.380682
0.30617,0.144894,0.280426,0.0917021,0.0723404,0.106809,0.0193617,0.139787,0.221064,0.399574,0.144681,0.630213,0.341064,0.652766,0.0255319,0.158936,0.276596,0.12,1.86936,0.0476596,0.868511,0.0334043,0.447021,0.28766,0.0951064,0.0604255,0.00510638,0.00148936,0.00212766,0.00382979,0,0,0.309362,0,0,0.0297872,0.176383,0.00148936,0.00659574,0.017234,0.0246809,0.00765957,0.00446809,0.0159574,0.0421277,0.0568085,0.00978723,0.0502128,0.0292553,0.115766,0.00757447,0.24734,0.329319,0.0877872,5.44715,185.447,3357.47,0.744681
0.0928986,0.0873913,0.265942,0.277681,0.258841,0.0771014,0.065942,0.0634783,0.295217,0.362899,0.0817391,0.461304,0.134783,0.145797,0.093913,0.283913,0.0591304,0.246812,1.34826,0.248696,0.882464,0.87,0.0985507,0.0943478,0.372899,0.174783,0.0310145,0.0185507,0.00855072,0.016087,0.0324638,0.00130435,0.0776812,0.00130435,0.10058,0.0236232,0.166522,0.00057971,0.0166667,0.0389855,0.00971014,0.0353623,0.00869565,0.0111594,0.0413043,0.0491304,0.015942,0.0382609,0.0344928,0.153725,0.0202754,0.224087,0.127522,0.104116,6.15028,101.159,1231.72,0.594203
0.124369,0.15301,0.389223,0.138932,0.297961,0.119612,0.088835,0.185922,0.42767,0.51534,0.123107,0.532718,0.128447,0.0634951,0.135728,0.270291,0.145631,0.371553,1.42854,0.176796,0.934078,0.91165,0.12466,0.198058,0.470777,0.150583,0.0302913,0.0246602,0.00553398,0.0266019,0.0197087,0.00184466,0.122816,0.00368932,0.124757,0.0316505,0.136505,0.00174757,0.0326214,0.0313592,0.00932039,0.0270874,0.00524272,0.0121359,0.0366019,0.0365049,0.00640777,0.0286408,0.0586214,0.106913,0.043534,0.362107,0.180175,0.104767,4.71909,77.699,971.097,0.68932
0.125352,0.0466197,0.152113,0,0.175211,0.0556338,0.19493,0.285775,0.0529577,0.162113,0.0473239,0.355634,0.0569014,0.0457746,0.0557746,0.141972,0.205352,0.112817,1.33732,0,0.648028,0,0.107183,0.0830986,0.679296,0.372676,0.0416901,0.253099,0.0752113,0,0,0.00985915,0.0888732,0.00985915,0.137465,0.0523944,0.371127,0,0.0561972,0,0,0.0925352,0.0626761,0.0204225,0.339437,0.297746,0,0.0397183,0.020169,0.212197,0.00835211,0.238732,0.0971268,0.00961972,3.24868,20.6056,70.2254,0.521127
0.167168,0.0787611,0.267788,0,0.266195,0.0948673,0.0463717,0.00973451,0.0209735,0.114867,0.0060177,0.58,0.090531,0.0284956,0.00584071,0.248673,0.0338938,0.201947,1.97628,0.0138053,0.596549,0,0.0124779,0.0223009,0.145398,0.0569027,0.184602,0,0.173894,0.0199115,0,0,0.0657522,0,0,0.050708,0.0722124,0,0.0378761,0.00884956,0.0943363,0.25885,0.0138053,0.136549,0.452655,0.198673,0.00902655,0,0.0244779,0.120664,0.00724779,0.122009,0.0170973,0.00356637,1.43743,4.0708,33.5221,0.150442
0,0,0,0,0.310435,0,0,0.483043,0,0,0,0,0,0,0,0,0,0,4.13217,0,1.10391,0,0,0,0,0,0.666957,0,0,0,0,0,0.271739,0,0,0,0,0,0.483043,0,0,0,0,0,9.68696,0.551739,0,0,0,0.133043,0,1.87713,0,0,1.25287,2.17391,6.56522,0.0434783
0.153478,0.124783,0.265435,0.00804348,0.295435,0.106304,0.0395652,0.230435,0.203696,0.299348,0.0923913,0.540435,0.148261,0.0695652,0.0623913,0.32413,0.210435,0.185652,1.49261,0.128696,0.707826,0.652609,0.261522,0.233478,0.461087,0.0893478,0.00586957,0.00543478,0.00326087,0.023913,0.0104348,0,0.0884783,0.00282609,0.0106522,0.118043,0.160217,0.00934783,0.0213043,0.0245652,0.0193478,0.00326087,0.0073913,0.0245652,0.0297826,0.0973913,0.0023913,0.0397826,0.0394565,0.123587,0.0373696,0.200739,0.163326,0.101739,5.77274,124.522,1677.87,0.543478
2.27,2.27,0,0,0,0,0,0,0,0,0,0,0,0,0,2.27,0,4.545,0,0,2.27,0,0,9.09,0,0,0,0,0,0,0,0,0,0,0,0,0,0,0,0,0,0,0,0,0,0,0,0,0,0.467,0,1.538,0,0,2.214,6.5,14,0.5
0.193178,0.11215,0.370841,0.00102804,0.343271,0.148318,0.0765421,0.193551,0.301308,0.292336,0.0940187,0.657196,0.0754206,0.106542,0.0756075,0.210467,0.334393,0.0790654,1.38832,0.208505,1.16009,0.293458,0.0851402,0.246449,0.820561,0.166262,0.0228972,0.0103738,0.00392523,0.021215,0.0166355,0.00392523,0.0990654,0.00495327,0.0166355,0.0611215,0.173925,0.0175701,0.028785,0.0320561,0.0697196,0.105421,0.014486,0.0128037,0.052243,0.104673,0.00514019,0.0116822,0.110308,0.195579,0.0145701,0.288084,0.124607,0.0741308,4.21123,70.8879,617.458,0.551402
0.0985714,0.118516,0.219945,0.00741758,0.322802,0.0564835,0.100549,0.0940659,0.0326374,0.376593,0.056978,0.608516,0.102637,0.00741758,0.026044,0.114945,0.114011,0.143132,1.55951,0.0504945,0.560714,0.00318681,0.0513187,0.0655495,0.665275,0.432802,0.298626,0.348626,0.12533,0.178297,0.109505,0.0855495,0.0857692,0.0855495,0.175824,0.17956,0.198956,0.00549451,0.151593,0.0881319,0.0352198,0.0773626,0.111044,0.0942308,0.254231,0.156758,0.0134066,0.0455495,0.0264945,0.186055,0.0141923,0.244341,0.0306923,0.0156758,2.14823,10.8901,81.3297,0.263736
0.219062,0.405938,0.650312,0.0734375,0.365938,0.18125,0.319688,0.125625,0.314063,0.860625,0.215625,0.77125,0.14375,0.096875,0.270625,0.930625,0.3275,0.23875,1.85531,0.145,1.52562,0.0053125,0.193438,0.223438,0.299375,0.13875,0.0075,0,0,0.0228125,0,0,0.0421875,0,0.0225,0.0146875,0.12125,0.026875,0.0075,0.0228125,0,0.0228125,0.010625,0.0153125,0.110625,0.0446875,0,0.0240625,0.0094375,0.125656,0.00465625,0.753812,0.231156,0.0675,25.445,340.531,656.719,0.9375
0.11642,0.112955,0.28267,0,0.218977,0.0568182,0.135057,0.0682955,0.00988636,0.216875,0.0584091,0.640852,0.0814205,0,0.0349432,0.223352,0.0960227,0.20233,1.72875,0.0239773,0.590966,0,0.0630682,0.00710227,0.725739,0.403352,0.169545,0.234602,0.145114,0.210966,0.110739,0.0389773,0.213125,0.0389773,0.237443,0.103068,0.205852,0.00454545,0.113182,0.06625,0.0264773,0.213125,0.046875,0.0761932,0.221705,0.368295,0,0.019375,0.0115909,0.135932,0.00596023,0.246625,0.0200739,0.0916818,2.09591,10.0341,53.8636,0.278409
0.0378723,0.371064,0.301915,1.76298,0.541915,0.185745,0.721915,0.0695745,0.231277,0.334894,0.0319149,0.701702,0.0519149,0.013617,0.0285106,0.342128,0.192553,0.348511,2.07128,0.0270213,1.17298,0,0.100851,0.0825532,0.11383,0.0106383,0.244255,0.03,0.0106383,0.00531915,0.154043,0,0,0.0131915,0.0597872,0.0112766,0.0468085,0,0.04,0.404255,0,0.00425532,0,0,0.194894,0.0093617,0,0.0212766,0.0103191,0.182085,0.0138723,0.293617,0.0750851,0.0393404,13.1006,163.745,409.319,0.638298
0.0848864,0.0473295,0.347443,0,0.229489,0.0409091,0.0147159,0.0334091,0.016875,0.104716,0.00545455,0.402955,0.0843182,0.104091,0,0.226023,0.0161932,0.139943,3.33318,0.103295,0.761989,0,0,0.12642,0.174659,0.0396023,0.938068,0,0.223807,0.0236364,0,0,0.142386,0,0,0,0,0.0207955,0.0915909,0,0.0182955,0.297102,0,0.125341,0.721761,0.415852,0.0123295,0.074375,0.0176023,0.0966193,0.00614205,0.145011,0.0101193,0,1.26498,2.36364,9.875,0.0795455
0.0448592,0.0338028,0.308521,0,0.313169,0.0322535,0.0476761,0.0142254,0.0244366,0.111338,0.0360563,0.952465,0.0723239,0.0389437,0.0119718,0.125282,0.0478873,0.0999296,1.94754,0.0356338,0.471972,0,0,0.0260563,0.271761,0.255,0.377887,0,0.166761,0.0443662,0,0,0.0688028,0,0,0.0129577,0.126056,0.00985915,0.0623944,0.00676056,0.045493,0.306338,0.0185915,0.157465,0.420563,0.172606,0,0.0408451,0.0262042,0.159613,0.000352113,0.143049,0.00840141,0.000866197,1.51008,4.37324,24.3732,0.0915493
0.102484,0.0452941,0.254314,0,0.246275,0.0786274,0.134314,0.0576471,0.00849673,0.191176,0.0537255,0.602484,0.0936601,0.0181699,0.0263399,0.234967,0.13366,0.107255,1.75039,0.0203922,0.557647,0,0.0716993,0.0546405,0.440392,0.263725,0.297582,0.112876,0.0764052,0.193268,0.0736601,0.0510458,0.169085,0.0510458,0.161438,0.13634,0.176797,0.00359477,0.184902,0.0585621,0.107908,0.18549,0.0435948,0.132157,0.257843,0.132418,0,0.0547712,0.0143987,0.134098,0.00979739,0.227961,0.0809085,0.00653595,1.79576,7.35294,44.6405,0.196078
0.17,0.0795722,0.319947,0.0068984,0.48123,0.0970053,0.117701,0.13631,0.0436898,0.174599,0.0293048,0.506417,0.0790374,0.00390374,0.0228342,0.234652,0.173422,0.186524,1.66396,0.0374866,0.819626,0.00540107,0.117647,0.0356684,0.557326,0.410749,0.250695,0.20615,0.104064,0.127005,0.0579679,0.0582888,0.090107,0.0614439,0.146043,0.136417,0.174545,0.00385027,0.105668,0.0603209,0.0436898,0.0514973,0.102406,0.0695187,0.279893,0.157273,0.00149733,0.0545989,0.024262,0.14338,0.0207807,0.283701,0.0751711,0.0203102,2.20411,14.8128,122.888,0.42246
0,0,0.0369444,0,0.0369444,0,0,0,0,0,0,0,0,0,0,0,0,0.275278,0,0,0.0369444,0,0,0,11.4319,2.95361,2.02889,2.30417,2.02889,2.30417,2.30417,2.02889,0,2.02889,2.30417,2.30417,0.0369444,0.111111,0.0369444,2.02889,0,0.111111,0,0,1.12139,0,0,0,0.0240278,0.565167,0.006,0.0505556,0,0,3.43781,13.0556,28.3056,0
0.114513,0.0863717,0.268142,0.0902655,0.429469,0.13115,0.0342478,0.133982,0.151416,0.152832,0.0735398,0.578673,0.131062,0.0293805,0.0225664,0.205664,0.26177,0.134425,1.68496,0.10177,0.76354,0.469204,0.177699,0.110885,0.611593,0.13708,0.0318584,0.0276106,0.0390265,0.0253097,0.010177,0.0184956,0.0430973,0.0114159,0.0285841,0.0822124,0.116991,0.0478761,0.0265487,0.0332743,0.0220354,0.0409735,0.0359292,0.00637168,0.0746018,0.0686726,0.00778761,0.0229204,0.160027,0.121248,0.0111416,0.202044,0.0965398,0.0504248,3.58558,40.8142,423.195,0.548673
0.0602105,0.0901053,0.271737,0,0.360526,0.0621579,0.0432632,0.056,0.00815789,0.141053,0.00647368,0.678632,0.0841053,0.0624211,0,0.113895,0.0237895,0.185263,1.97021,0.0142105,0.489632,0,0,0.00889474,0.165368,0.0999474,0.406684,0,0.263,0.0447368,0,0,0.229842,0,0,0.0187368,0.0517895,0.0617895,0.0493158,0.00615789,0,0.598789,0.0419474,0.117632,0.541526,0.158737,0.0153684,0.0179474,0.0194421,0.0764316,0.0170316,0.264989,0.00501579,0,1.42391,3.51579,16.4632,0.105263
0.0323077,0.111648,0.211648,0,0.239231,0.0121978,0.108462,0.0149451,0.0718681,0.156154,0.0145055,0.411099,0.148791,0.14044,0.0127473,0.458571,0.0383516,0.151868,1.25505,0,0.508022,0,0.0316484,0,1.1378,0.897582,0.625934,0.401099,0.353626,0.408681,0.358022,0.292967,0.0556044,0.292967,0.449341,0.38011,0.195604,0.0102198,0.104505,0.292967,0.0673626,0.291868,0.131209,0.178022,0.328571,0.124945,0,0.0593407,0.00846154,0.191758,0.0382418,0.233198,0.0491099,0.0143187,2.109,9.81319,38,0.186813
0,14.1478,0,0,0,0,0,0,0,0.132222,0,0,0,0,0,0,0,0,0,0,0,0,0,0,0,0,0,0,0,0,0,0,0,0,0,0,0,0,0,0,0,0,0,0,0.132222,0,0,0,0,0,0,0,0,0,1.77778,4.88889,9.02778,0
0.0482558,0.0966279,0.138721,0,0.14093,0.0383721,0.0886047,0.332674,0.114302,0.095814,0.0333721,0.266744,0.049186,0.193372,0,0.592791,0.128023,0.0867442,1.5186,0.0354651,1.05791,0.0682558,0.162791,0.0643023,0.226163,0.265465,0.211279,0.0247674,0,0.0387209,0.0182558,0.0274419,0.0531395,0.0274419,0.0180233,0.107791,0.0816279,0,0.0263953,0.0183721,0,0.0415116,0.015814,0.0219767,0.411279,0.100814,0,0,0.00455814,0.118186,0.0111977,0.403942,0.11257,0.00616279,4.07371,29.9767,83.3256,0.732558
0.121707,0.440976,0.342439,1.72976,0.936341,0.144634,0.696341,0.152683,0.0580488,0.375854,0.0426829,0.635854,0.190976,0.0819512,0,0.730488,1.53659,0.239024,2.09098,0.274146,1.82732,0,0.0192683,0.160976,0,0,0,0,0,0.0236585,0,0,0,0,0,0.0521951,0.113659,0.0380488,0,0.00829268,0,0,0,0,0.00829268,0,0,0,0,0.123293,0,0.729683,0.212683,0.0322927,9.20393,136.756,194.512,0.926829
0.103833,0.299,0.377167,0,0.108833,0.071,0.1795,0.112333,0.0815,0.498667,0.0255,0.511667,0.075,0.0475,0,0.188667,0,0.0475,2.6725,0,0.931167,0,0.0186667,0.1375,0.257833,0.0606667,0.437667,0.314833,0.0218333,0.0218333,0.0756667,0,0.0543333,0,0,0.0693333,0.3695,0.00683333,0.597833,0,0.0556667,0,0.0313333,0.125333,0.619,0.392333,0,0,0.0427333,0.223233,0.00421667,0.193767,0.0671667,0.0274333,2.92415,18.85,38.7167,0.383333
0.0626667,0.153333,0.4092,0,0.572267,0.115333,0.237867,0.146533,0.0782667,0.206933,0.1152,0.699333,0.0734667,0,0.191067,0.277733,0.306267,0.406,2.16973,0.439333,1.32773,0.157467,0.269733,0.125067,0.2948,0.130133,0.0492,0.115467,0.0182667,0.1108,0.0182667,0.0182667,0.0213333,0.0182667,0.0414667,0.0448,0.1016,0,0.144933,0.1048,0.0141333,0.0526667,0.0048,0,0.169333,0.0386667,0,0,0.00350667,0.130693,0.000866667,0.303667,0.0947733,0.03128,5.6484,57.0267,145.773,0.666667
0.135139,0.0982639,0.347778,0.0224306,0.291944,0.103056,0.0864583,0.147708,0.0974306,0.308194,0.0751389,0.478403,0.112917,0.0394444,0.0506944,0.269861,0.21625,0.192361,1.53715,0.166806,0.802014,0.707917,0.170069,0.0725,0.713472,0.283958,0.104236,0.0857639,0.0561806,0.059375,0.055625,0.0222917,0.0699306,0.024375,0.0630556,0.06125,0.204167,0.00736111,0.0311806,0.0632639,0.0408333,0.0615278,0.0393056,0.0557639,0.121319,0.183542,0.0201389,0.0354861,0.266986,0.172361,0.0234861,0.256826,0.0921806,0.170417,3.78813,37.8819,330.236,0.5
0.0654701,0.12359,0.307778,0.0102564,0.35094,0.118291,0.111282,0.115726,0.0529915,0.281111,0.0676923,0.507863,0.195812,0.0335043,0.088547,0.178632,0.114274,0.278547,1.3688,0.0517949,0.842735,0.312564,0.150256,0.0894017,0.646239,0.294701,0.172564,0.110513,0.10094,0.0997436,0.0552137,0.0618803,0.0858974,0.0618803,0.0765812,0.0957265,0.155897,0.0129915,0.0684615,0.0812821,0.0136752,0.0264957,0.0832479,0.0518803,0.12265,0.0633333,0,0.0168376,0.0432735,0.178222,0.0275812,0.17341,0.116248,0.042188,3.05705,24.5983,247.752,0.529915
0.161556,0.178667,0.526889,0.438444,0.381556,0.150889,0.254667,0.154,0.0686667,0.220444,0.112667,0.486889,0.0771111,0,0,0.439111,0.351333,0.380222,2.27333,0.462,1.43267,0.255333,0.135111,0.209778,0.0575556,0.0684444,0.00711111,0,0.032,0.032,0,0,0.006,0,0.0284444,0.042,0.140889,0,0.066,0.00422222,0,0,0.0315556,0.0168889,0.147556,0.0275556,0,0.0386667,0.0102889,0.0837556,0.0215556,0.455089,0.3006,0.0369778,7.13513,124.533,308.844,0.866667
0.101705,0.0818182,0.265455,0.0131818,0.301932,0.107727,0.146023,0.0705682,0.0159091,0.176818,0.0320455,0.391932,0.0973864,0.0204545,0.0298864,0.503523,0.144886,0.0997727,1.90091,0.0127273,0.86875,0.0646591,0.178977,0.0855682,0.356136,0.234432,0.188068,0.120568,0.0531818,0.0890909,0.04875,0.04875,0.0480682,0.0640909,0.10375,0.143068,0.0204545,0,0.120341,0.0576136,0.00375,0.0181818,0.00727273,0.025,0.262273,0.135455,0,0.0289773,0.0100341,0.141841,0.0159205,0.42267,0.0698409,0.0320909,3.61434,34.2614,120.966,0.613636
0.082619,0.138286,0.296286,0.00385714,0.396429,0.221476,0.128333,0.100048,0.0461905,0.250381,0.032619,0.573476,0.0835714,0.00914286,0.00461905,0.238095,0.128714,0.19019,1.52424,0.0169524,1.17614,0.00590476,0.115524,0.112381,0.616333,0.352333,0.250857,0.155857,0.10981,0.130524,0.0799524,0.0752857,0.115143,0.0752857,0.127619,0.106476,0.197333,0.00109524,0.0950952,0.0835714,0.0533333,0.051,0.114143,0.019619,0.244476,0.0847619,0.0126667,0.0177619,0.0302429,0.170876,0.0291857,0.172424,0.0681476,0.0142143,2.4832,17.7095,153.662,0.466667
0.151343,0.146716,0.826866,0.00283582,0.707612,0.520149,0.272836,0.136716,0.56597,0.458209,0.203284,0.601194,0.150746,0.0797015,0.967015,0.304776,0.11209,0.760149,1.5091,0.820448,0.926119,0.0862687,0.517612,0.144478,0.051194,0.00134328,0.021791,0.00716418,0,0.00865672,0,0,0.00313433,0.00567164,0.00432836,0,0.0129851,0,0,0.0401493,0,0,0.0835821,0.0119403,0.0447761,0.0364179,0,0,0.00285075,0.0761343,0.0011194,0.448209,0.160104,0.019791,108.883,790.104,1415.94,0.985075
0.096,0.008,0.196,0.008,0.092,0.118,0,0.058,0.058,0.188,0.074,0.082,0.072,0,0.038,0.088,0.078,0.076,0.608,0.008,0.242,1.906,0.138,0.11,0,0,0,0,0,0,0,0,0,0.028,0,0.008,0,0,0.016,0,0,0,0,0,0.038,0,0,0,0.4302,2.0094,0.009,0.3924,0.375,0.4024,57.5034,2297.8,10648.8,1
0.4672,0.7208,0.7428,0.3664,0.3468,0.2716,0.0656,0.4024,0.4188,1.3644,0.0604,1.4292,0.1212,0.2716,0.3344,0.2872,0.1692,0.6348,2.064,0.3444,3.2556,0.0152,0.5196,0.2464,0,0,0,0,0,0,0,0,0.0132,0,0.0508,0.0168,0.0148,0,0,0,0,0,0.0076,0,0.0248,0,0,0,0.027,0.14768,0.06472,0.95372,0.17836,0.06036,39.2918,602.2,882.64,1
0.0208696,0,0.0392391,0,0.268152,0.0346739,0,0,0,0.130652,0,0.0764674,0,0.0346739,0,0.0350543,0,0.0417935,0.691576,0,0.296467,0,0,0,0.496467,0.293315,0.355217,0,0.0258696,0,0.0679348,0,0,0,0,0.0417935,0,0.0803261,0,0,0,0.394946,0,0.395598,0.319402,0.281685,0,0.0996196,0.00561957,0.0825652,0.0523641,0.157576,0,0,1.22188,1.68478,4.91304,0.0434783
