0,14.1478,0,0,0,0,0,0,0,0.132222,0,0,0,0,0,0,0,0,0,0,0,0,0,0,0,0,0,0,0,0,0,0,0,0,0,0,0,0,0,0,0,0,0,0,0.132222,0,0,0,0,0,0,0,0,0,1.77778,4.88889,9.02778,0
0.096,0.008,0.196,0.008,0.092,0.118,0,0.058,0.058,0.188,0.074,0.082,0.072,0,0.038,0.088,0.078,0.076,0.608,0.008,0.242,1.906,0.138,0.11,0,0,0,0,0,0,0,0,0,0.028,0,0.008,0,0,0.016,0,0,0,0,0,0.038,0,0,0,0.4302,2.0094,0.009,0.3924,0.375,0.4024,57.5034,2297.8,10648.8,1
0.123867,0.322133,0.413333,1.20867,0.799067,0.184933,0.518,0.188533,0.0752,0.360133,0.0948,0.616533,0.1212,0.0528,0.0472,0.614133,1.008,0.340133,2.25467,0.375333,1.74907,0.0217333,0.147467,0.163467,0.0076,0.0076,0,0.00826667,0,0.0129333,0,0,0.008,0,0.00626667,0.0418667,0.1064,0.0208,0.0318667,0.0469333,0,0,0,0.00733333,0.0777333,0.0186667,0,0,0.00472,0.1214,0.01136,0.61284,0.17564,0.03848,8.29771,127.973,223.093,0.933333
0.0605263,0.244211,0.36807,0.00859649,0.639825,0.164035,1.06333,0.240175,0.208596,0.519123,0.222982,0.648947,0.0478947,0.022807,0.0161404,0.638246,0.785439,0.300526,2.20333,0.19,1.61053,0,0.135789,0.100175,0.0473684,0.0138596,0.115614,0.0349123,0.00877193,0.00438596,0.127018,0,0,0.0126316,0.0594737,0.0133333,0.108246,0,0.0517544,0.333333,0,0.00350877,0,0,0.174737,0,0,0.0175439,0.0112456,0.153632,0.0104211,0.423193,0.095614,0.0428246,25.2799,214.281,388.439,0.754386
0.30617,0.144894,0.280426,0.0917021,0.0723404,0.106809,0.0193617,0.139787,0.221064,0.399574,0.144681,0.630213,0.341064,0.652766,0.0255319,0.158936,0.276596,0.12,1.86936,0.0476596,0.868511,0.0334043,0.447021,0.28766,0.0951064,0.0604255,0.00510638,0.00148936,0.00212766,0.00382979,0,0,0.309362,0,0,0.0297872,0.176383,0.00148936,0.00659574,0.017234,0.0246809,0.00765957,0.00446809,0.0159574,0.0421277,0.0568085,0.00978723,0.0502128,0.0292553,0.115766,0.00757447,0.24734,0.329319,0.0877872,5.44715,185.447,3357.47,0.744681
0.123173,0.152212,0.386827,0.137596,0.296442,0.119135,0.0879808,0.184135,0.423558,0.510385,0.121923,0.540481,0.127885,0.0642308,0.134423,0.267692,0.150288,0.367981,1.41615,0.175096,0.925096,0.902885,0.124135,0.196154,0.495385,0.149135,0.03,0.0244231,0.00548077,0.0263462,0.0195192,0.00182692,0.121635,0.00365385,0.123558,0.0320192,0.137212,0.00173077,0.0323077,0.0310577,0.00923077,0.0268269,0.00519231,0.0120192,0.03625,0.0361538,0.00634615,0.0283654,0.0588654,0.107587,0.0431154,0.358625,0.178442,0.10376,4.69535,77.2019,969.981,0.682692
0.0939048,0.103333,0.315857,0.0104762,0.385381,0.130714,0.0993333,0.103238,0.0650476,0.230095,0.0681905,0.544238,0.141476,0.025381,0.0489524,0.219857,0.209143,0.257429,1.56224,0.104095,0.795619,0.306571,0.177048,0.0812381,0.579762,0.244333,0.111238,0.0741905,0.0639048,0.0758095,0.0352857,0.0338571,0.0667619,0.0368095,0.063619,0.087619,0.162,0.0012381,0.0373333,0.0584762,0.0192381,0.0349524,0.0480476,0.0335238,0.155048,0.157905,0,0.0221905,0.0536905,0.157752,0.0264619,0.23619,0.117338,0.0590381,3.60063,40.5429,266.824,0.566667
0.361,0.581,0.80175,0.02275,0.39725,0.2195,0.1945,0.274,0.3905,1.216,0.1315,1.16,0.12675,0.21475,0.3365,0.7075,0.205,0.43325,1.90525,0.26125,2.49825,0.01375,0.44725,0.24475,0.00625,0.01275,0,0,0,0,0,0,0.01625,0,0.04375,0.0105,0.08175,0.009,0,0,0,0,0.0045,0,0.06725,0.012,0,0.01925,0.01055,0.12565,0.044175,0.94615,0.234025,0.0672,38.5337,490.925,750.35,0.975
0.0752838,0.0554795,0.254364,0,0.256673,0.0472994,0.0598043,0.0481605,0.0409589,0.123151,0.0179061,0.633229,0.0686301,0.0434638,0.00688845,0.19317,0.0335225,0.140665,1.80346,0.012955,0.503679,0,0.021546,0.0773386,1.18566,0.548532,0.452779,0.245851,0.316243,0.264814,0.228356,0.18591,0.0514873,0.18591,0.252955,0.23955,0.149569,0.0144618,0.116086,0.19409,0.0768297,0.248395,0.0284736,0.126341,0.48456,0.149511,0.00199609,0.037045,0.0296477,0.17456,0.0136654,0.192303,0.0236908,0.0144168,1.98091,7.67319,30.2211,0.176125
0.0557945,0.048138,0.192616,0,0.273884,0.0407544,0.0265008,0.0500642,0.00725522,0.131188,0.00351525,0.407801,0.0494703,0.0775923,0,0.157721,0.0155538,0.12297,1.94159,0.0370787,0.504639,0,0.00340289,0.0676083,0.246404,0.128299,0.559968,0.0164045,0.151075,0.0297592,0.0200642,0,0.124254,0,0.0415409,0.0180578,0.0186517,0.048443,0.0671108,0.00187801,0.0750241,0.389037,0.0242536,0.193291,0.835265,0.384543,0.00817014,0.061252,0.0153884,0.0917111,0.0248828,0.260936,0.00438844,0,1.40655,2.91493,10.6886,0.0754414
0.157181,0.0943624,0.34302,0.00187919,0.321208,0.140336,0.0628859,0.178389,0.236443,0.277181,0.088255,0.738993,0.0983221,0.0980537,0.0226846,0.188792,0.273356,0.0995973,1.44503,0.169799,1.22128,0.211879,0.137315,0.164094,0.793221,0.154899,0.0146309,0.00563758,0.00644295,0.0131544,0.0112081,0.00100671,0.10349,0.00302013,0.0120134,0.0624832,0.16094,0.0165772,0.0227517,0.0208054,0.0679195,0.0768456,0.00932886,0.0158389,0.0603356,0.213356,0.00241611,0.00711409,0.0814564,0.169054,0.0170134,0.281946,0.0977584,0.0612416,4.25561,64.7315,584.624,0.577181
0.100043,0.0827195,0.226146,0.00573876,0.250278,0.0650749,0.119379,0.177816,0.0471306,0.251328,0.0489722,0.545782,0.0953105,0.0488865,0.033469,0.202827,0.139743,0.190086,1.53069,0.0330835,0.649186,0.00873662,0.0750321,0.0591221,0.659443,0.390749,0.241585,0.274304,0.0878158,0.140257,0.0773019,0.0709422,0.114433,0.0709422,0.148544,0.152934,0.235974,0.00432548,0.130428,0.0610493,0.0318415,0.0737901,0.106253,0.100814,0.296231,0.173812,0.0104925,0.0361456,0.0178051,0.18361,0.0185696,0.267071,0.050788,0.0116017,2.44395,14.0364,78.1156,0.37045
0.0937712,0.0979661,0.352712,0.00368644,0.344746,0.136314,0.150339,0.155381,0.0695339,0.253008,0.0949153,0.478432,0.116186,0.0423305,0.0177966,0.290212,0.167034,0.194025,1.5678,0.126144,0.879788,0.00783898,0.159534,0.0809322,0.569534,0.307246,0.102754,0.133856,0.0587288,0.111949,0.0532203,0.0283475,0.162161,0.0283475,0.107034,0.104237,0.209068,0.00936441,0.0596186,0.0612712,0.0722881,0.0326271,0.0602966,0.0574576,0.151864,0.18339,0.00461864,0.0338136,0.0414661,0.146894,0.0161907,0.242775,0.0795212,0.0269958,3.13536,33.3093,198.979,0.5
0,0,0,0,0,0,0,0,0,0,0,0,0,0,0,0.325203,0,0,0,0,0,0,0,0,0.0903252,0.116098,20.068,0,0,0,0,0,0,0,0,0,0,0,0,0,0,0.18065,0,0,0.0541463,0,0,0,0,0.0285203,0,0.00934146,0,0,1.20634,1.6748,5.45528,0
0.0850462,0.134338,0.320462,0.0100308,0.421385,0.190338,0.161108,0.107323,0.0450462,0.241662,0.0453846,0.635108,0.0916615,0.00590769,0.0508923,0.252862,0.169938,0.227908,1.69465,0.0962769,1.14351,0.0422462,0.153108,0.112431,0.553754,0.3104,0.195938,0.143015,0.0851385,0.134431,0.0612,0.0591385,0.0868308,0.0623385,0.104369,0.0943385,0.157815,0.000707692,0.103169,0.0876923,0.0387385,0.0401231,0.0748615,0.0176,0.212646,0.0775692,0.00818462,0.0131077,0.0252185,0.160311,0.0207538,0.234591,0.0713692,0.0200954,3.22835,26.6677,150.511,0.510769
0.132454,0.117975,0.374172,0.0220245,0.300552,0.083865,0.0907975,0.15773,0.132331,0.300307,0.0700613,0.493742,0.0968712,0.0333129,0.0523926,0.272331,0.20773,0.223497,1.59699,0.181227,0.921472,0.641902,0.143804,0.0917791,0.441902,0.181411,0.0732515,0.0726994,0.0534969,0.0541718,0.0392025,0.0182822,0.0406135,0.0182822,0.0509202,0.0639264,0.15816,0.0234356,0.0376074,0.069816,0.0198773,0.0482822,0.0420245,0.0469939,0.117546,0.161288,0.0177914,0.0442331,0.252006,0.148252,0.0137791,0.297227,0.141742,0.144227,4.1172,52.7485,351.27,0.552147
0.116104,0.137792,0.234935,0.67961,0.409351,0.111429,0.0611039,0.110584,0.222662,0.228182,0.0911039,0.675325,0.120909,0.0444156,0.0425974,0.199805,0.232922,0.166039,1.63429,0.0744156,0.727143,0.75987,0.17526,0.133961,0.668896,0.193442,0.0612338,0.0307792,0.0261688,0.0320779,0.0120779,0.0135065,0.0812338,0.00831169,0.0407143,0.0734416,0.120714,0.0224675,0.018961,0.0116883,0.0330519,0.0468182,0.0183117,0.0106494,0.0623377,0.0823377,0.0205844,0.0234416,0.105701,0.125617,0.0127338,0.173851,0.091026,0.0872338,4.46466,46.6818,463.273,0.558442
0.0915714,0.129714,0.267571,0.273714,0.271429,0.0787143,0.065,0.0625714,0.291,0.379429,0.0832857,0.465571,0.135571,0.143714,0.0925714,0.279857,0.0828571,0.248714,1.37257,0.250571,0.908,0.857571,0.0971429,0.093,0.367571,0.172286,0.0305714,0.0182857,0.00842857,0.0158571,0.032,0.00128571,0.0765714,0.00128571,0.0991429,0.0232857,0.164143,0.000571429,0.0164286,0.0384286,0.00957143,0.0348571,0.0112857,0.011,0.0407143,0.0484286,0.0157143,0.0377143,0.034,0.153971,0.0199857,0.225086,0.1278,0.102971,6.30633,105.857,1230.47,0.6
0.155429,0.161857,0.823714,0.133571,0.691714,0.497857,0.269,0.145286,0.556143,0.496286,0.205143,0.654857,0.144286,0.0868571,0.925571,0.302286,0.123143,0.727571,1.517,0.789143,1.02771,0.0825714,0.506,0.138286,0.049,0.00128571,0.0208571,0.00685714,0,0.00828571,0,0,0.003,0.00542857,0.00414286,0,0.0177143,0,0,0.0384286,0,0,0.08,0.0114286,0.0428571,0.0348571,0,0,0.00825714,0.0784857,0.00107143,0.468929,0.158857,0.0214143,106.227,790.257,1399.94,0.985714
0.125645,0.0785673,0.28212,0,0.428338,0.0855014,0.0982808,0.12235,0.0379656,0.174699,0.0499713,0.500573,0.0572493,0.0148997,0.0460172,0.286705,0.138596,0.162923,1.64639,0.0302579,0.860659,0.0264756,0.124871,0.0564756,0.589169,0.38404,0.232464,0.224756,0.0997421,0.127307,0.0640688,0.0581948,0.0753868,0.0607736,0.138338,0.157278,0.153926,0.00770774,0.121032,0.0640115,0.0447564,0.0518911,0.0975358,0.0774499,0.26533,0.215587,0.00286533,0.0414613,0.0231547,0.140693,0.0201003,0.248877,0.0771605,0.0399943,2.40644,16.5731,114.011,0.429799
0.148489,0.107764,0.27646,0,0.204099,0.0669772,0.144472,0.0604141,0.012029,0.262319,0.0877226,0.630787,0.0816977,0.0215735,0.0223395,0.223706,0.0988199,0.137785,1.68758,0.0151967,0.963934,0,0.0516149,0.0691097,0.627681,0.312857,0.260352,0.221118,0.106977,0.197308,0.0952381,0.0602277,0.194472,0.0602277,0.184141,0.119379,0.203747,0.00542443,0.156791,0.0729607,0.0567909,0.168364,0.056087,0.1147,0.256232,0.252629,0,0.031677,0.0151304,0.14305,0.00689648,0.250031,0.0607039,0.0783913,2.39274,11.8116,51.1801,0.281573
0.314865,0.276757,0.336486,0.00351351,0.248919,0.0745946,0.0389189,0.149459,0.425676,0.528919,0.214054,0.579189,0.367838,0.723243,0.0859459,0.259189,0.332432,0.11027,2.41297,0.0359459,1.0927,0.0454054,0.393784,0.371622,0.0959459,0.0994595,0.00162162,0.000540541,0.000540541,0,0,0,0.123243,0,0.00189189,0.0321622,0.133784,0.00297297,0.00243243,0.0391892,0.00432432,0.00216216,0.00621622,0.00378378,0.0594595,0.0194595,0.00189189,0.0156757,0.0328378,0.100892,0.0108919,0.335595,0.430541,0.0987568,7.64754,346.757,2344.32,0.864865
0.05504,0.10312,0.2012,0,0.36488,0.10984,0.22176,0.03928,0.0604,0.23008,0.05248,0.36152,0.16368,0.03872,0.00424,0.65112,0.0772,0.2728,2.38904,0.14416,1.02464,0.05168,0.02912,0.12136,0.20592,0.1156,0.08536,0.03944,0,0.018,0.00616,0,0.04088,0,0.0404,0.02912,0.02096,0,0.00648,0.01576,0.00208,0.08304,0.0056,0.04232,0.30968,0.3132,0,0,0.008296,0.057976,0.003944,0.258848,0.042312,0.185264,5.0055,50.032,94.792,0.512
0.153478,0.124783,0.265435,0.00804348,0.295435,0.106304,0.0395652,0.230435,0.203696,0.299348,0.0923913,0.540435,0.148261,0.0695652,0.0623913,0.32413,0.210435,0.185652,1.49261,0.128696,0.707826,0.652609,0.261522,0.233478,0.461087,0.0893478,0.00586957,0.00543478,0.00326087,0.023913,0.0104348,0,0.0884783,0.00282609,0.0106522,0.118043,0.160217,0.00934783,0.0213043,0.0245652,0.0193478,0.00326087,0.0073913,0.0245652,0.0297826,0.0973913,0.0023913,0.0397826,0.0394565,0.123587,0.0373696,0.200739,0.163326,0.101739,5.77274,124.522,1677.87,0.543478
0.160521,0.188021,0.38625,0.455833,0.290208,0.147292,0.0482292,0.1125,0.335729,0.350833,0.0761458,0.692708,0.200937,0.150729,0.205729,0.123854,0.158229,0.200625,1.74552,0.140417,1.00625,0,0.122396,0.214271,0.755208,0.178646,0.0279167,0.0204167,0.0136458,0.0332292,0.018125,0.00447917,0.074375,0.00447917,0.0319792,0.0539583,0.0946875,0.00666667,0.0183333,0.0401042,0.0078125,0.129896,0.0353125,0.0128125,0.041875,0.0215625,0.00479167,0.020625,0.127104,0.154135,0.0161562,0.853125,0.239729,0.0252396,4.39967,85.2812,739.562,0.59375
