0.103614,0.108434,0.36253,0,0.520843,0.129157,0.110723,0.173012,0.0720482,0.307711,0.101807,0.616506,0.073253,0.013012,0,0.335542,0.360723,0.278795,1.98554,0.138434,1.01952,0.126506,0.199518,0.0848193,0.237108,0.0840964,0.0257831,0.0262651,0.0046988,0.0445783,0.0046988,0.00843373,0.0233735,0.0122892,0.0449398,0.0796386,0.109157,0.000843373,0.0203614,0.0440964,0,0.00493976,0.0177108,0.0207229,0.224337,0.277831,0,0.0266265,0.0588313,0.109904,0.00918072,0.341036,0.121036,0.0558795,4.22006,67.4458,262.867,0.662651
0.4672,0.7208,0.7428,0.3664,0.3468,0.2716,0.0656,0.4024,0.4188,1.3644,0.0604,1.4292,0.1212,0.2716,0.3344,0.2872,0.1692,0.6348,2.064,0.3444,3.2556,0.0152,0.5196,0.2464,0,0,0,0,0,0,0,0,0.0132,0,0.0508,0.0168,0.0148,0,0,0,0,0,0.0076,0,0.0248,0,0,0,0.027,0.14768,0.06472,0.95372,0.17836,0.06036,39.2918,602.2,882.64,1
0.0212155,0,0.0544199,0,0.345249,0.0352486,0,0.0613812,0,0.0239779,0,0.0922652,0,0.0592265,0,0.0560773,0,0.0424862,0.357293,0,0.27116,0,0,0,0.509227,0.312707,0.307901,0,0.0262983,0,0.0690608,0,0,0,0,0.0424862,0,0.0816575,0,0,0,0.401492,0,0.417459,0.920608,0.330663,0,0.101271,0.00372928,0.0879503,0.053232,0.206227,0,0,1.19513,1.60773,5.10497,0.0441989
0.0282759,0.0748276,0.247586,0,0.605172,0.0334483,0.953103,0.458276,0.381724,0.457586,0.382069,0.785862,0.00689655,0.0368966,0.00827586,0.749655,1.27103,0.115862,1.75138,0.373448,2.00034,0,0.156207,0.0868966,0.0444828,0.0272414,0.227241,0.02,0.0172414,0.00862069,0.217241,0,0,0.01,0.0682759,0,0.177931,0,0.0368966,0.655172,0,0.00689655,0,0,0.0710345,0,0,0.0344828,0.0157586,0.161276,0.0204828,0.386483,0.126724,0.0344138,38.6563,249.552,370.793,0.586207
0,0,0,0,0,0,0,0,0,0,0,0,0,0,0,0,0,0,0,0,0,0,0,0,0.483043,0.62087,11.6526,0,0,0,0,0,0,0,0,0,0,0,0,0,0,0.966087,0,0,0.289565,0,0,0.362174,0.113565,0.152522,0,0.105696,0,0,1.53543,3.04348,8.52174,0
0.185824,0.125275,0.328571,0.00120879,0.35033,0.152967,0.0761538,0.167802,0.333187,0.327143,0.0973626,0.646923,0.076044,0.123407,0.090989,0.18044,0.332967,0.0771429,1.45,0.209011,1.05747,0.345055,0.0632967,0.240659,0.866923,0.185495,0.0279121,0.0121978,0.00461538,0.0249451,0.0195604,0.00461538,0.103407,0.00582418,0.0195604,0.0582418,0.160989,0.0206593,0.0167033,0.0325275,0.0508791,0.142418,0.017033,0.0150549,0.0571429,0.0901099,0.00604396,0.0118681,0.125297,0.184692,0.0147582,0.270308,0.13022,0.0888791,4.20715,73.5275,628.11,0.494505
0.314865,0.276757,0.336486,0.00351351,0.248919,0.0745946,0.0389189,0.149459,0.425676,0.528919,0.214054,0.579189,0.367838,0.723243,0.0859459,0.259189,0.332432,0.11027,2.41297,0.0359459,1.0927,0.0454054,0.393784,0.371622,0.0959459,0.0994595,0.00162162,0.000540541,0.000540541,0,0,0,0.123243,0,0.00189189,0.0321622,0.133784,0.00297297,0.00243243,0.0391892,0.00432432,0.00216216,0.00621622,0.00378378,0.0594595,0.0194595,0.00189189,0.0156757,0.0328378,0.100892,0.0108919,0.335595,0.430541,0.0987568,7.64754,346.757,2344.32,0.864865
0.125429,0.149143,0.238857,0,0.592286,0.136857,0.291143,0.0748571,0.0954286,0.258,0.14,0.423143,0.134286,0.0491429,0.315714,0.684286,0.136286,0.328,1.91771,0.149143,1.076,0,0.225143,0.308,0.122571,0.034,0.102,0,0,0.0422857,0,0,0.106,0,0.0571429,0.0257143,0.0748571,0,0.0748571,0.113714,0.00742857,0.0462857,0.02,0.0551429,0.215143,0.159714,0,0,0,0.0914857,0.0078,0.345286,0.111114,0.569371,6.1194,64.0286,115.6,0.685714
0.0403165,0.0303797,0.313165,0,0.307405,0.0337342,0.0428481,0.0127848,0.0321519,0.121139,0.0324051,0.949367,0.065,0.035,0.0107595,0.112595,0.043038,0.0898101,1.96171,0.0320253,0.450633,0,0,0.0234177,0.288418,0.279051,0.372405,0,0.138481,0.0602532,0,0,0.0665823,0,0.0140506,0.0116456,0.140759,0.00886076,0.0868987,0.00607595,0.0408861,0.263924,0.0167089,0.141519,0.393038,0.155127,0,0.0413924,0.0254684,0.158335,0.00439873,0.164956,0.00755063,0.00486076,1.59506,4.79747,24.3228,0.101266
0.153478,0.124783,0.265435,0.00804348,0.295435,0.106304,0.0395652,0.230435,0.203696,0.299348,0.0923913,0.540435,0.148261,0.0695652,0.0623913,0.32413,0.210435,0.185652,1.49261,0.128696,0.707826,0.652609,0.261522,0.233478,0.461087,0.0893478,0.00586957,0.00543478,0.00326087,0.023913,0.0104348,0,0.0884783,0.00282609,0.0106522,0.118043,0.160217,0.00934783,0.0213043,0.0245652,0.0193478,0.00326087,0.0073913,0.0245652,0.0297826,0.0973913,0.0023913,0.0397826,0.0394565,0.123587,0.0373696,0.200739,0.163326,0.101739,5.77274,124.522,1677.87,0.543478
0.0196053,0.0577632,0.201316,0,0.31,0.0494737,0.0953947,0.176184,0.0438158,0.0709211,0.0119737,0.562763,0.0336842,0.0414474,0,0.295395,0.0701316,0.188816,1.89171,0,0.610921,0,0.101842,0.295395,0.579868,0.519079,0.100263,0.199474,0.198026,0.127763,0.0982895,0,0.0469737,0,0.160263,0.0627632,0.102763,0.0526316,0.175526,0.0292105,0.184211,0.393947,0.0609211,0.146579,0.606447,0.146579,0,0.0823684,0.0880658,0.0935921,0.0208026,0.369487,0.0564079,0.0555658,2.71249,12,27.9605,0.407895
0.0870199,0.172848,0.306358,0,0.386093,0.185629,0.121788,0.0849669,0.0542384,0.219007,0.0464901,0.583775,0.0682781,0.00350993,0.0102649,0.208079,0.11596,0.173841,1.44762,0.0647682,0.931325,0.00821192,0.141921,0.0524503,0.702583,0.36298,0.246093,0.16106,0.108344,0.135563,0.0739073,0.08,0.102781,0.08,0.136291,0.109801,0.263576,0,0.141921,0.0854305,0.141258,0.0784106,0.124503,0.0287417,0.239934,0.265563,0.00450331,0.0297351,0.0563245,0.16543,0.0248609,0.183762,0.0840331,0.0273775,2.68761,20.5497,164.808,0.430464
0.0757143,0.0892308,0.194066,0,0.217143,0.0481319,0.156154,0.403956,0.120769,0.136923,0.0727473,0.275824,0.0114286,0.205385,0.00692308,0.478022,0.251538,0.14989,1.28253,0.0335165,0.762198,0.0321978,0.207473,0.0675824,0.280659,0.256374,0.171099,0.0828571,0,0.0365934,0.0172527,0.0259341,0.0502198,0.0259341,0.0583516,0.113187,0.111538,0,0.0249451,0.0242857,0,0.00835165,0.0149451,0.0207692,0.361209,0.03,0,0.0182418,0.00663736,0.147022,0.0105824,0.391121,0.118286,0.0067033,3.57151,26.044,83.2198,0.747253
0,14.1478,0,0,0,0,0,0,0,0.132222,0,0,0,0,0,0,0,0,0,0,0,0,0,0,0,0,0,0,0,0,0,0,0,0,0,0,0,0,0,0,0,0,0,0,0.132222,0,0,0,0,0,0,0,0,0,1.77778,4.88889,9.02778,0
0.110824,0.0451765,0.276235,0.0136471,0.342118,0.108824,0.102941,0.0545882,0.0357647,0.146118,0.0185882,0.393647,0.114235,0.0211765,0.0101176,0.481059,0.15,0.0676471,1.86965,0.0171765,0.914706,0.0669412,0.185294,0.0885882,0.336235,0.262588,0.162235,0.157059,0.0458824,0.0830588,0.0412941,0.0412941,0.0378824,0.0571765,0.1,0.127059,0.0211765,0,0.103529,0.0504706,0,0.0188235,0.00752941,0.0258824,0.248941,0.127294,0,0.03,0.0109176,0.141859,0.00996471,0.436494,0.0813647,0.0322,3.60242,35,119.082,0.623529
0.144611,0.102,0.290278,0,0.279333,0.0361667,0.0143889,0.0490556,0.0108889,0.156,0.00533333,0.500944,0.0616667,0.0875556,0,0.239722,0.0158333,0.199278,1.3385,0.116,0.468389,0,0.0117778,0.0505,0.200389,0.0882778,0.471333,0,0.311278,0.0231111,0,0,0.310889,0,0.111111,0,0,0.0614444,0.127167,0.0065,0.215889,0.586111,0.0198333,0.140278,0.648389,0.490889,0.0162222,0,0.01565,0.114511,0.0140556,0.131406,0.00989444,0,1.48312,3.13889,11.5778,0.0666667
0.10589,0.135153,0.261779,0,0.396994,0.105767,0.150307,0.129877,0.0384049,0.265644,0.077546,0.637607,0.0620245,0.0320859,0.0833742,0.341963,0.0990798,0.212883,1.80282,0.0338037,0.876012,0.0289571,0.0914724,0.093865,0.713804,0.418405,0.227485,0.318344,0.098589,0.145828,0.0873006,0.106135,0.0712883,0.106135,0.144356,0.184969,0.14135,0.00981595,0.108282,0.0764417,0.0331902,0.0538037,0.0953374,0.175399,0.211166,0.26589,0.0142331,0.0240491,0.0211411,0.152945,0.0120613,0.184865,0.050546,0.0560123,2.1971,11.9632,96.7975,0.361963
0.096,0.008,0.196,0.008,0.092,0.118,0,0.058,0.058,0.188,0.074,0.082,0.072,0,0.038,0.088,0.078,0.076,0.608,0.008,0.242,1.906,0.138,0.11,0,0,0,0,0,0,0,0,0,0.028,0,0.008,0,0,0.016,0,0,0,0,0,0.038,0,0,0,0.4302,2.0094,0.009,0.3924,0.375,0.4024,57.5034,2297.8,10648.8,1
0.0298684,0.0328947,0.193684,0,0.0626316,0.0469737,0,0,0.0238158,0.307895,0,0.119737,0.0730263,0,0,0.101184,0,0.0285526,7.26776,0,1.29145,0,0,0.292763,0.0238158,0,0.934474,0,0.0486842,0,0,0,0.0822368,0,0,0,0,0,0.0571053,0,0,0,0,0,1.9925,0.583684,0.0285526,0.0626316,0.0126184,0.0557105,0,0.624789,0,0,1.21839,1.97368,6.85526,0.0657895
0.130777,0.0686408,0.305437,0.0150485,0.286117,0.113592,0.075534,0.139806,0.0581553,0.213981,0.0483495,0.481845,0.0961165,0.0337864,0.000873786,0.217476,0.195243,0.128544,1.48243,0.152913,0.710777,0.717087,0.157961,0.0714563,0.760874,0.285728,0.100874,0.0402913,0.061165,0.0482524,0.0521359,0.0123301,0.0856311,0.0152427,0.0394175,0.0596117,0.243398,0.00184466,0.0164078,0.0318447,0.0480583,0.0323301,0.0372816,0.0690291,0.123786,0.256893,0.00718447,0.0224272,0.245476,0.174728,0.0296311,0.215417,0.0940583,0.158825,3.7923,34.8738,314.825,0.466019
0.124035,0.152982,0.259123,0.809474,0.444561,0.117281,0.0501754,0.0979825,0.233333,0.185789,0.100702,0.697193,0.145263,0.0387719,0.0545614,0.208947,0.259386,0.180526,1.81254,0.0723684,0.792544,0.72114,0.197544,0.152193,0.592018,0.108684,0.0626316,0.0163158,0.0225439,0.00929825,0.0119298,0.0146491,0.0780702,0.0114035,0.0268421,0.0702632,0.0922807,0.0245614,0.015614,0.00719298,0.0114035,0.0376316,0.0166667,0.00535088,0.0594737,0.0473684,0.0077193,0.015,0.0928947,0.109561,0.00657895,0.195377,0.106202,0.0820789,4.559,47.4123,451.43,0.605263
0.30617,0.144894,0.280426,0.0917021,0.0723404,0.106809,0.0193617,0.139787,0.221064,0.399574,0.144681,0.630213,0.341064,0.652766,0.0255319,0.158936,0.276596,0.12,1.86936,0.0476596,0.868511,0.0334043,0.447021,0.28766,0.0951064,0.0604255,0.00510638,0.00148936,0.00212766,0.00382979,0,0,0.309362,0,0,0.0297872,0.176383,0.00148936,0.00659574,0.017234,0.0246809,0.00765957,0.00446809,0.0159574,0.0421277,0.0568085,0.00978723,0.0502128,0.0292553,0.115766,0.00757447,0.24734,0.329319,0.0877872,5.44715,185.447,3357.47,0.744681
0.115207,0.0634711,0.220083,0,0.287107,0.0704959,0.114545,0.0728926,0.0163636,0.193058,0.0693388,0.690248,0.0709917,0.0229752,0.0333058,0.102149,0.141818,0.0928099,1.85603,0.00371901,0.507273,0,0.0708264,0.0415702,0.290661,0.138264,0.191818,0.0171074,0.0323967,0.12595,0.014876,0,0.166777,0,0.0266116,0.0941322,0.164793,0.00454545,0.0816529,0.00214876,0.136446,0.157521,0.017686,0.094876,0.260083,0.144545,0,0.0692562,0.0139008,0.123744,0.00839669,0.177851,0.0130165,0.00905785,1.59307,5.7438,44.0826,0.123967
0.129583,0.209722,0.431806,0.594583,0.276389,0.120139,0.0483333,0.112917,0.26,0.315694,0.0713889,0.80875,0.209028,0.125278,0.13,0.149583,0.144306,0.187083,1.73278,0.150972,0.950694,0,0.128194,0.174028,0.717361,0.12875,0.0215278,0.0234722,0.0144444,0.0180556,0.0204167,0.00222222,0.0694444,0.00222222,0.0355556,0.0625,0.0911111,0.00194444,0.0173611,0.035,0.00222222,0.0723611,0.0354167,0.0102778,0.0261111,0.00166667,0,0.0213889,0.140569,0.130917,0.017875,1.03196,0.256306,0.0185694,4.10265,61.0833,755.875,0.597222
0.0692661,0.132661,0.307523,0.0110092,0.349174,0.111651,0.113119,0.12,0.0498165,0.291835,0.0698165,0.523853,0.197431,0.0359633,0.0950459,0.177431,0.121743,0.294312,1.36,0.0533945,0.814679,0.335505,0.138073,0.0753211,0.673303,0.304954,0.173211,0.116055,0.0995413,0.102569,0.0547706,0.0619266,0.0898165,0.0619266,0.0724771,0.0982569,0.16367,0.013945,0.0709174,0.0827523,0.0146789,0.0394495,0.0826606,0.0556881,0.11633,0.0627523,0,0.02,0.0441376,0.178174,0.0264954,0.174798,0.114422,0.0442294,2.98525,24.945,247.661,0.522936
0.0145556,0.0507222,0.239889,0,0.308222,0.0496111,0.0708889,0.0625,0.00416667,0.143944,0.00683333,0.801889,0.0787222,0.121444,0,0.181222,0.0251111,0.171556,1.9935,0.0123333,0.460278,0,0,0.0598889,0.130333,0.0413333,0.394611,0.0567778,0.164611,0.0798889,0,0,0.0844444,0,0.0326667,0.0197778,0.0645556,0.0241111,0.0921667,0,0.058,0.349944,0.0641111,0.108944,0.489778,0.275333,0,0.0374444,0.0120611,0.0889889,0.0185389,0.303578,0.00529444,0,1.64194,4.56111,17.15,0.122222
0.219062,0.405938,0.650312,0.0734375,0.365938,0.18125,0.319688,0.125625,0.314063,0.860625,0.215625,0.77125,0.14375,0.096875,0.270625,0.930625,0.3275,0.23875,1.85531,0.145,1.52562,0.0053125,0.193438,0.223438,0.299375,0.13875,0.0075,0,0,0.0228125,0,0,0.0421875,0,0.0225,0.0146875,0.12125,0.026875,0.0075,0.0228125,0,0.0228125,0.010625,0.0153125,0.110625,0.0446875,0,0.0240625,0.0094375,0.125656,0.00465625,0.753812,0.231156,0.0675,25.445,340.531,656.719,0.9375
0.155724,0.0575862,0.230345,0,0.24531,0.073931,0.0531034,0.0169655,0.0116552,0.107517,0,0.568138,0.0767586,0.0222069,0.00455172,0.22669,0.0323448,0.137103,1.75931,0.0107586,0.554276,0,0.00972414,0.0288276,0.338345,0.362621,0.304207,0,0.166759,0.0547586,0.008,0,0.0474483,0,0.00937931,0.0622759,0.214207,0.0137241,0.0383448,0.00689655,0.0735172,0.263379,0.0107586,0.111793,0.417034,0.165103,0.00703448,0.0372414,0.0202897,0.111552,0.0094,0.125434,0.0133241,0.00764828,1.52838,4.91034,33.2621,0.131034
0.112582,0.109231,0.282802,0,0.213242,0.0582418,0.130604,0.066044,0.00956044,0.234945,0.0510989,0.638187,0.0816484,0,0.0337912,0.214835,0.0957692,0.190275,1.69225,0.0231868,0.554835,0,0.060989,0.00686813,0.892198,0.418297,0.178352,0.241264,0.154725,0.266099,0.121484,0.0520879,0.16033,0.0520879,0.253626,0.121429,0.205824,0.0043956,0.109451,0.0784615,0.0256044,0.206099,0.0453297,0.0736813,0.217692,0.350769,0,0.0187363,0.0112088,0.137648,0.00645055,0.236571,0.0196484,0.165099,2.08746,9.81868,53.8846,0.258242
0.069913,0.0526087,0.311565,0.00756522,0.312348,0.143739,0.0598261,0.135217,0.0936522,0.203391,0.0426087,0.488696,0.0945217,0.0464348,0.0186957,0.246435,0.157391,0.169391,1.39417,0.0901739,0.737304,0,0.0626087,0.10313,0.682609,0.380261,0.145217,0.13713,0.101652,0.126609,0.082087,0.0393043,0.133217,0.0393043,0.0946957,0.119913,0.216087,0.006,0.0610435,0.071913,0.00521739,0.0272174,0.084,0.0814783,0.162783,0.082,0.00947826,0.0426087,0.0250087,0.202565,0.0289478,0.131043,0.0393217,0.0293565,2.47401,18.6957,200.157,0.443478
0.0953049,0.0720122,0.219085,0.00823171,0.287073,0.0568293,0.0935366,0.0676829,0.0362195,0.379512,0.044878,0.550366,0.126524,0.00823171,0.0261585,0.107073,0.111585,0.126768,1.55183,0.0536585,0.554329,0.00353659,0.042622,0.0606098,0.684817,0.424878,0.31939,0.303171,0.126402,0.198049,0.0965854,0.0756098,0.092378,0.0756098,0.163415,0.165671,0.20622,0.00609756,0.156646,0.0819512,0.0357927,0.0729268,0.124817,0.0685366,0.274878,0.180244,0.014878,0.0418293,0.0280732,0.185628,0.0154634,0.249116,0.0345305,0.0145183,2.1543,10.7988,79.7744,0.256098
0.0940385,0.345,0.305577,0,0.128269,0.0230769,0.354615,0.0686538,0.0940385,0.530769,0,0.471538,0.0607692,0.0548077,0,0.206154,0,0.0548077,2.70019,0,0.864423,0,0,0.19,0.330769,0.0869231,0.403077,0.363269,0,0,0.0873077,0,0.0955769,0,0,0.0548077,0.307308,0,0.619615,0.08,0.0246154,0,0.0361538,0.144615,0.486923,0.147885,0,0,0.0493077,0.229692,0.00486538,0.183827,0.0742115,0.0432308,3.21012,20.1923,39.5385,0.442308
0.0771154,0.0744872,0.316859,0.0134615,0.38391,0.224231,0.125449,0.154231,0.0301923,0.262628,0.0383974,0.540769,0.0935897,0.00891026,0.0133974,0.24891,0.122179,0.183141,1.60519,0.0110256,1.16917,0,0.120064,0.115769,0.60141,0.428397,0.214615,0.178333,0.105192,0.139038,0.0687821,0.0516667,0.098141,0.0554487,0.12641,0.120192,0.127372,0.00147436,0.0742949,0.0621795,0.0508974,0.0398077,0.0740385,0.0330769,0.265833,0.114423,0.0132692,0.00910256,0.0299679,0.158263,0.0236987,0.184141,0.0554936,0.00944872,2.21497,14.9487,139.244,0.448718
0,0,0,0,0,0,0,0,0,0,0,0,0,0,0,0,0,0,0,0,0,0,0,0,16.3043,1.09857,0,0,0,0,0,0,0,0,0,0,0,0,0,0,0,0,0,0,2.88357,0,0,0,0,0,0,0.0802143,0,0,4.16179,16.5714,25.5,0
0,0,0,0,0,0,0,0,0,0,0,0,0,0,0,0.37037,0,0,0,0,0,0,0,0,0,0,20.987,0,0,0,0,0,0,0,0,0,0,0,0,0,0,0,0,0,0,0,0,0,0,0,0,0,0,0,1.16356,1.51852,5.13889,0
0.117589,0.0792857,0.293125,0.112054,0.305714,0.1125,0.0666964,0.157946,0.197054,0.297321,0.0640179,0.729375,0.120982,0.0967857,0.0202679,0.193125,0.189732,0.127768,1.40339,0.0888393,1.08813,0.237946,0.207589,0.0946429,0.707232,0.181607,0.0124107,0.0186607,0.0166071,0.03,0.00223214,0,0.093125,0.00169643,0.0241071,0.0617857,0.156607,0.0111607,0.0292857,0.0116964,0.0658929,0.0708929,0.0075,0.0180357,0.0707143,0.265714,0.0228571,0.0190179,0.0429821,0.163179,0.0200625,0.23175,0.0736696,0.0468482,4.40768,58.5536,536.018,0.598214
0.472963,0.142407,0.527963,0,0.16037,0.052963,0.115185,0.0933333,0.0344444,0.462963,0.429815,1.10722,0,0.065,0,0.271667,0.0214815,0.0624074,1.31278,0,3.56648,0,0,0.386481,0.366852,0.08,0.111667,0.042963,0,0.0746296,0,0.0931481,0.022037,0.0931481,0.0222222,0,0.0298148,0,0.042037,0,0,0.0444444,0,0.0214815,0.0711111,0.0414815,0,0.045,0,0.105852,0,0.518611,0.0859074,0.00351852,4.91876,27.5926,56.1852,0.444444
0.0928986,0.0873913,0.265942,0.277681,0.258841,0.0771014,0.065942,0.0634783,0.295217,0.362899,0.0817391,0.461304,0.134783,0.145797,0.093913,0.283913,0.0591304,0.246812,1.34826,0.248696,0.882464,0.87,0.0985507,0.0943478,0.372899,0.174783,0.0310145,0.0185507,0.00855072,0.016087,0.0324638,0.00130435,0.0776812,0.00130435,0.10058,0.0236232,0.166522,0.00057971,0.0166667,0.0389855,0.00971014,0.0353623,0.00869565,0.0111594,0.0413043,0.0491304,0.015942,0.0382609,0.0344928,0.153725,0.0202754,0.224087,0.127522,0.104116,6.15028,101.159,1231.72,0.594203
0.121707,0.440976,0.342439,1.72976,0.936341,0.144634,0.696341,0.152683,0.0580488,0.375854,0.0426829,0.635854,0.190976,0.0819512,0,0.730488,1.53659,0.239024,2.09098,0.274146,1.82732,0,0.0192683,0.160976,0,0,0,0,0,0.0236585,0,0,0,0,0,0.0521951,0.113659,0.0380488,0,0.00829268,0,0,0,0,0.00829268,0,0,0,0,0.123293,0,0.729683,0.212683,0.0322927,9.20393,136.756,194.512,0.926829
0.0560317,0.143968,0.366349,0,0.591587,0.137302,0.263333,0.132857,0.0685714,0.246349,0.0968254,0.673333,0.0874603,0,0.0604762,0.308889,0.310476,0.391746,2.17016,0.440159,1.26111,0.18746,0.196032,0.138571,0.332381,0.149206,0.0585714,0.13746,0.021746,0.131905,0.021746,0.021746,0.0253968,0.021746,0.0365079,0.0533333,0.094127,0,0.130952,0.0831746,0.0168254,0.0195238,0.00571429,0,0.157778,0.0460317,0,0,0.0041746,0.125778,0.00103175,0.315825,0.0702381,0.0356667,5.80017,55.9683,148.175,0.666667
0.151343,0.146716,0.826866,0.00283582,0.707612,0.520149,0.272836,0.136716,0.56597,0.458209,0.203284,0.601194,0.150746,0.0797015,0.967015,0.304776,0.11209,0.760149,1.5091,0.820448,0.926119,0.0862687,0.517612,0.144478,0.051194,0.00134328,0.021791,0.00716418,0,0.00865672,0,0,0.00313433,0.00567164,0.00432836,0,0.0129851,0,0,0.0401493,0,0,0.0835821,0.0119403,0.0447761,0.0364179,0,0,0.00285075,0.0761343,0.0011194,0.448209,0.160104,0.019791,108.883,790.104,1415.94,0.985075
0,0,0,0,0.0927273,0,0,0,0,0,0,0.125909,0,0,0,0,0,0.324545,0.267727,0,0,0,0,0,8.01455,4.005,3.68045,4.005,3.80682,4.005,4.005,3.68045,0,3.68045,4.005,4.005,0,0,0,3.68045,0,0.185455,0,0,0,0,0,0,0,1.04277,0,0.0217727,0,0,3.09745,10.9091,31.3636,0
0.195549,0.0928049,0.317073,0,0.485976,0.0737195,0.117866,0.110183,0.0427439,0.135793,0.0345122,0.511768,0.0682927,0.00445122,0.022622,0.257012,0.187561,0.199207,1.65835,0.0345122,0.799024,0.00615854,0.106646,0.0369512,0.542012,0.36811,0.259695,0.194207,0.0888415,0.117866,0.0596951,0.0560976,0.0931098,0.0560976,0.151829,0.143049,0.198537,0.00664634,0.119512,0.0622561,0.0587805,0.0340244,0.121707,0.0669512,0.279878,0.142256,0.00115854,0.0645122,0.0261707,0.130415,0.0246341,0.25325,0.0813963,0.0234024,2.18501,14.8537,116.061,0.408537
0.0484545,0.0905455,0.315364,0,0.142818,0.0642727,0.103545,0.0288182,0.0594545,0.195364,0.0305455,0.415818,0.187455,0.105364,0.0105455,0.508455,0.0538182,0.188636,1.60927,0.0242727,0.762818,0,0.0581818,0.034,0.888909,0.581364,0.558909,0.374091,0.253636,0.330727,0.286364,0.217455,0.106455,0.217455,0.442818,0.286545,0.221091,0.00372727,0.275364,0.225545,0.0744545,0.267455,0.149727,0.226727,0.303455,0.259091,0,0,0.00806364,0.175645,0.0348909,0.268136,0.1404,0.00988182,2.21035,11.4,40.9909,0.272727
0.0111111,0.0907936,0.14254,0,0.254603,0.0379365,0.224603,0.0466667,0.00873016,0.212381,0,0.439365,0.183016,0.0495238,0,0.51746,0.0536508,0.312698,2.91873,0.184921,1.2519,0.0877778,0,0.0515873,0.0188889,0.127937,0.0412698,0,0,0,0,0,0,0,0,0.0101587,0,0,0,0,0,0.139048,0,0.0533333,0.396508,0.423492,0,0,0.015746,0.030127,0,0.170794,0.0263492,0.0512698,4.89267,48.1429,82.746,0.428571
0.124369,0.15301,0.389223,0.138932,0.297961,0.119612,0.088835,0.185922,0.42767,0.51534,0.123107,0.532718,0.128447,0.0634951,0.135728,0.270291,0.145631,0.371553,1.42854,0.176796,0.934078,0.91165,0.12466,0.198058,0.470777,0.150583,0.0302913,0.0246602,0.00553398,0.0266019,0.0197087,0.00184466,0.122816,0.00368932,0.124757,0.0316505,0.136505,0.00174757,0.0326214,0.0313592,0.00932039,0.0270874,0.00524272,0.0121359,0.0366019,0.0365049,0.00640777,0.0286408,0.0586214,0.106913,0.043534,0.362107,0.180175,0.104767,4.71909,77.699,971.097,0.68932
0.104695,0.0277934,0.200423,0.00624413,0.173944,0.0775587,0.0846948,0.150704,0.0194836,0.153897,0.0315493,0.503286,0.0900469,0.00107981,0.0406573,0.116385,0.117653,0.228404,1.48423,0.00624413,0.639718,0,0.0355869,0.0355869,0.843239,0.426948,0.24216,0.320563,0.109437,0.158967,0.0847418,0.0557277,0.278263,0.0557277,0.199624,0.138638,0.331549,0.00882629,0.140798,0.0637089,0.0476526,0.119249,0.118122,0.133099,0.336103,0.284131,0.00403756,0.031831,0.0218498,0.199033,0.0253991,0.239732,0.0561925,0.0275023,2.27238,11.9765,66.1033,0.314554
0.121563,0.259063,0.480156,0.308281,0.503906,0.216563,0.601719,0.0684375,0.0629687,0.285,0.09875,0.50875,0.0457813,0.003125,0.010625,0.355156,0.21875,0.429375,2.31625,0.340937,1.38594,0.179531,0.102031,0.155781,0.0625,0.048125,0.005,0.0220313,0.0225,0.0225,0.0146875,0,0.00421875,0,0.0420313,0.0378125,0.105938,0,0.0757812,0.00296875,0,0,0.0221875,0.011875,0.214688,0.02625,0,0.0271875,0.00767187,0.103359,0.0160625,0.438406,0.218109,0.04325,8.87014,132.172,331.5,0.859375
0.137701,0.115057,0.376322,0.0349425,0.301839,0.103218,0.0729885,0.152184,0.188851,0.34977,0.103333,0.474943,0.118161,0.0314943,0.0981609,0.292069,0.198391,0.257356,1.50414,0.165632,0.924828,0.537586,0.173678,0.0996552,0.475977,0.231494,0.0872414,0.119195,0.0498851,0.0663218,0.0373563,0.0293103,0.0303448,0.0293103,0.0718391,0.0797701,0.12954,0.043908,0.0482759,0.102414,0.0393103,0.0866667,0.0467816,0.0128736,0.0851724,0.0724138,0.0248276,0.0466667,0.24608,0.163529,0.0172874,0.292368,0.0816322,0.117793,3.60985,45.4483,374.655,0.54023
0.117738,0.163214,0.409524,0,0.461429,0.12381,0.319167,0.137381,0.0692857,0.317143,0.14,0.527381,0.151786,0.0572619,0.0541667,0.320714,0.229405,0.278571,1.93845,0.140833,1.04298,0.0194048,0.282619,0.0730952,0.239048,0.0884524,0.0144048,0.126786,0.00714286,0.0746429,0.0145238,0.00714286,0.248929,0.00714286,0.113929,0.0794048,0.150357,0,0.00666667,0.0888095,0.00369048,0.0430952,0.00619048,0.017619,0.120595,0.0753571,0,0.0214286,0.0139643,0.0845714,0.00120238,0.464726,0.116238,0.0142976,4.69377,64.1548,196.06,0.654762
