0.115806,0.0506452,0.35129,0,0.906129,0.140645,0.161613,0.238065,0.12129,0.36,0.0880645,0.809032,0.0158065,0.0454839,0.0322581,0.299355,0.624839,0.19,2.16258,0.230323,1.20935,0,0.333226,0.0396774,0.178387,0.0283871,0,0.0206452,0,0.00774194,0,0,0.0732258,0,0.0151613,0.103548,0.086129,0,0.0154839,0.0893548,0,0,0.00774194,0,0.331613,0.00516129,0,0.00774194,0.00825806,0.0914516,0,0.430968,0.164419,0,4.39994,79.8065,242.226,0.806452
0,0,0,0,0.769231,0,0,0,0,0,0,0,0,0,0,0,0,0,0,0,0,0,0,0,8.54692,4.37077,0.854615,0,0,0,0,0,0,0,0,0.591538,0,0,0,0,0,1.11462,0,0.103846,0,0,0,0,0,0,0,0,0,0,1.38008,2.30769,6.07692,0
0.09,0.133269,0.337692,0.0155769,0.508462,0.140192,0.113077,0.0863462,0.0498077,0.233654,0.0548077,0.697692,0.0553846,0.0101923,0.00307692,0.184423,0.126923,0.218077,1.60712,0.0401923,1.00923,0,0.0963462,0.126154,0.652308,0.427308,0.222692,0.167115,0.123654,0.126154,0.0726923,0.100769,0.0471154,0.100769,0.113654,0.118654,0.179231,0,0.111538,0.0951923,0.0898077,0.0686538,0.0917308,0.0328846,0.175577,0.183846,0.0205769,0.01,0.0148077,0.139115,0.0241538,0.0960962,0.0411538,0.00859615,2.05552,14.3846,158.346,0.423077
0.1025,0.160588,0.391765,0.208088,0.273529,0.1025,0.0582353,0.213529,0.258382,0.508529,0.125147,0.472206,0.117353,0.0714706,0.153088,0.264853,0.189706,0.277353,1.16118,0.138676,0.758824,0.7225,0.0914706,0.152941,0.640147,0.165294,0.0352941,0.0347059,0.00926471,0.0333824,0.0247059,0.00279412,0.147206,0.00558824,0.0814706,0.0423529,0.1425,0.00191176,0.0373529,0.0379412,0.0126471,0.0173529,0.00441176,0.00308824,0.0442647,0.0508824,0.00455882,0.0401471,0.0556765,0.12125,0.0211765,0.270838,0.120015,0.0983088,4.6259,72.5147,925.206,0.647059
0.0898913,0.0230435,0.0751087,0,0.412283,0.0816304,0.0193478,0.0895652,0,0.0620652,0,0.568478,0.0843478,0.0513043,0,0.0478261,0.0169565,0.0204348,0.305761,0.0293478,0.265,0,0.0230435,0.0183696,0.199783,0.117826,0.344674,0,0.0843478,0,0,0,0.483478,0,0,0.0193478,0.0581522,0.0804348,0.101848,0,0,0.600217,0.0776087,0.16663,0.508152,0.413587,0.0230435,0,0.0175978,0.0945652,0.0351739,0.113207,0,0,1.53659,3.78261,15.3587,0.0326087
0.160769,0.303077,0.175128,0,0.308718,0.0187179,0.254103,0.0684615,0,0.182051,0.0605128,0.723333,0.1,0,0.0671795,0.318462,0.116923,0.261026,1.73974,0.0330769,0.814103,0,0.215897,0,0.159487,0.03,0.126154,0.131282,0.0289744,0.0392308,0,0,0.0861538,0,0.0897436,0,0.278205,0,0.0566667,0.0164103,0.0692308,0.274872,0.08,0.0138462,0.210256,0.75718,0,0.0402564,0.0105385,0.0971538,0.00635897,0.209,0.042,0.350615,2.28926,12,54.1282,0.410256
0.055625,0.0478125,0.276563,0,0.322812,0.075625,0.0865625,0.010625,0.01125,0.111563,0.0834375,0.536875,0.194688,0,0.03875,0.03625,0.163438,0.223438,1.95281,0,0.575937,0,0,0.0125,0.435,0.111562,0.110625,0,0.0603125,0.152187,0,0,0.2475,0,0.068125,0.076875,0.126875,0,0,0,0.010625,0.0846875,0.0375,0.279375,0.140937,0.0390625,0,0.0334375,0.0190938,0.188313,0.0103437,0.33225,0,0,1.52497,5.625,69.4062,0.25
0.21,0.448824,0.646471,0.0823529,0.291176,0.0241176,0.437647,0.0335294,0.169412,0.931176,0.145294,0.911765,0.0476471,0.0776471,0.177059,1.51235,0.374706,0.0370588,1.97235,0.135882,1.54941,0,0.0482353,0.146471,0.0317647,0.0470588,0.0170588,0.0341176,0,0,0,0,0,0.0170588,0.0341176,0.0135294,0.0358824,0,0,0,0,0,0,0,0.120588,0,0,0.0452941,0.0170588,0.0634706,0,0.830765,0.316118,0.0754118,40.6247,379.294,549.412,0.882353
0.153636,0.0538182,0.408545,0,0.340545,0.0856364,0.105273,0,0.0123636,0.104909,0.0254545,0.627636,0.167273,0,0,0.124,0.0149091,0.114727,1.53964,0,0.460909,0,0.107455,0.0914545,0.232182,0.147091,0.213273,0,0.0661818,0.107818,0.0234545,0,0.0752727,0,0,0.0534545,0.0736364,0.0169091,0.0605455,0,0.0778182,0.221818,0,0.0625455,0.226364,0.0292727,0,0.0761818,0.00945455,0.148964,0.0236364,0.1942,0.0127273,0.0066,1.52236,5.54545,39.7455,0.163636
0.0420455,0.0904545,0.0627273,0,0.314773,0.0270455,0.158636,0.72,0.0597727,0.154545,0.0606818,0.153182,0.0143182,0.282727,0.0143182,0.0545455,0.264773,0.160227,0.934318,0.0329545,0.654318,0.0454545,0.293636,0,0.122045,0.1225,0.0938636,0.122955,0,0.0134091,0,0.0134091,0,0.0134091,0.0756818,0.116818,0.0811364,0,0,0.0143182,0,0,0,0,0.579318,0,0,0.0377273,0.00393182,0.177841,0.00602273,0.257227,0.1595,0.0138636,3.68159,22.6136,80.1364,0.818182
0.151528,0.119444,0.312778,0,0.359444,0.0745833,0.100833,0.0898611,0.0515278,0.134306,0.0422222,0.564167,0.106806,0,0.02125,0.139306,0.171806,0.292917,1.59083,0,0.542917,0,0.0372222,0.0444444,0.519444,0.325833,0.348889,0.161944,0.08875,0.133472,0.0554167,0.0518056,0.141111,0.0518056,0.1325,0.175,0.201667,0.0151389,0.132917,0.0751389,0.0166667,0.0323611,0.130278,0.0866667,0.26375,0.0831944,0.00263889,0.0879167,0.0268056,0.138625,0.0155833,0.177306,0.0574028,0.0319444,2.04594,12.1944,115.181,0.333333
0.0867742,0.265806,0.323548,2.73452,0.35,0.145806,0.108065,0.0906452,0.380645,0.212581,0.0783871,0.589677,0.0783871,0.0141935,0.190968,0.31129,0.146129,0.434839,1.6029,0.0519355,0.944516,1.48226,0.0883871,0.226129,0.46129,0.133871,0.0267742,0.00870968,0.0535484,0.00870968,0.00870968,0.00870968,0,0.00870968,0.016129,0.0354839,0.086129,0.0254839,0.0212903,0.00870968,0,0.0322581,0.0190323,0.00451613,0.0729032,0.0383871,0,0,0.0176452,0.117581,0.00441935,0.377355,0.15429,0.195871,7.01387,80.6452,451.065,0.806452
0.0490476,0,0.395714,0,0.0433333,0.0214286,0.0433333,0.092381,0.259524,0.159048,0.0571429,0.364762,0,0.2,0,0.694762,0.0433333,0.0214286,1.01476,0.0761905,1.07857,0,0.17619,0.0242857,0.65619,0.501429,0.077619,0,0,0.0747619,0.0380952,0,0.150952,0,0,0.209048,0.0380952,0,0.0433333,0,0,0,0,0,0.1,0,0,0,0,0.139143,0.0129524,0.690952,0.0541429,0,3.31995,28.4286,86.2857,0.666667
0,0,0,0,0,0,0,0,0,1.085,0,0,0,0,0,0,0,0,0,0,0,0,0,0,14,1.6075,0.5675,0.5675,0.5675,2.7375,0.5675,0.5675,0,0.5675,0.5675,0.5675,0,0,0,0.5675,0,0,0,0,0,0,0,0,0,0.166,0,0,0,3.448,2.749,11.25,61,0
0.12125,0.098125,0.47,0,0.4625,0.059375,0.205625,0.104375,0.1175,0.365625,0.054375,0.579375,0.21375,0.02,0.0525,0.52,0.305,0.519375,1.8625,0.06125,0.839375,0,0.503125,0.095625,0.546875,0.21375,0,0,0.03125,0.015625,0,0,0,0.03875,0.0125,0.0325,0.164375,0,0.0125,0,0,0.0125,0.025625,0,0.1175,0,0,0.075,0.033875,0.181,0.0035,0.480062,0.169688,0.038875,8.75337,152.938,516.25,0.6875
0,0.0531915,0.264894,0,0.101277,0.0759574,0,0,0.0385106,0.149574,0,0.0606383,0.118085,0,0,0,0,0.0461702,7.31191,0,1.99979,0,0,0.207447,0,0,1.51106,0,0.0787234,0,0,0,0.132979,0,0,0,0,0,0.0923404,0,0,0,0,0,1.67234,0.648511,0.0461702,0.101277,0.012766,0.045617,0,0.240043,0,0,1.21902,2.06383,7.97872,0.0425532
0.0838462,0,0.388462,0,0.0915385,0,0,0,0,0,0,0.566154,0,0,0,0,0,0.276154,0.696923,0,0.0761538,0,0,0,4.30077,2.62308,0.527692,1.04692,0.802308,1.48,0.721538,0.527692,0,0.527692,1.42615,0.721538,0.0915385,0,0,0.527692,0,0.44,0,0,0.175385,0.178462,0,0,0,0.256538,0,0.0113077,0,0,2.23808,10.8462,52.9231,0
0.0505063,0.0441772,0.228734,0.0170886,0.198861,0.0527848,0.0860759,0.0507595,0.0486076,0.640127,0.0363291,0.418734,0.121266,0,0.0388608,0.106329,0.0770886,0.130506,1.6038,0,0.478228,0.00734177,0.0331646,0.0992405,0.927342,0.478608,0.396835,0.47481,0.15443,0.282152,0.146456,0.116076,0.0078481,0.116076,0.253797,0.183418,0.263797,0.00683544,0.205823,0.122152,0.0321519,0.0406329,0.165823,0.0448101,0.34557,0.242405,0,0.0178481,0.044443,0.203797,0.0141392,0.317,0.0420506,0.019962,2.56727,13.1646,79.2658,0.278481
0,0,0.0369444,0,0.0369444,0,0,0,0,0,0,0,0,0,0,0,0,0.275278,0,0,0.0369444,0,0,0,11.4319,2.95361,2.02889,2.30417,2.02889,2.30417,2.30417,2.02889,0,2.02889,2.30417,2.30417,0.0369444,0.111111,0.0369444,2.02889,0,0.111111,0,0,1.12139,0,0,0,0.0240278,0.565167,0.006,0.0505556,0,0,3.43781,13.0556,28.3056,0
0.135313,0.240625,0.344063,0.0425,0.229063,0.0275,0.0284375,0.105937,0.426875,0.17875,0.05625,0.520937,0.0584375,0.00625,0.0453125,0.23,0.106875,0.309062,1.985,0.21,1.08937,0.066875,0.0184375,0.15125,0.185312,0.0046875,0.161875,0.0075,0,0,0.015,0,0.0046875,0,0.020625,0.0528125,0.0590625,0.068125,0.014375,0.07125,0,0.0415625,0.0428125,0.0084375,0.068125,0.0171875,0,0.0340625,0.00521875,0.146125,0.0128125,0.394,0.0762188,0.06,5.46728,84.4688,385.312,0.65625
0.2,0.124651,0.510465,0.0293023,0.324651,0.0802326,0.157907,0.26093,0.104419,0.31093,0.0937209,0.430465,0.0316279,0.00697674,0,0.510698,0.407907,0.205581,2.01977,0.354186,1.33628,0.69,0.11093,0.11907,0.0951163,0.0886047,0.00860465,0.0260465,0.0174419,0.0213953,0.00465116,0.00465116,0,0.0116279,0.0306977,0.0316279,0.107907,0,0.0181395,0.0881395,0,0,0.0239535,0.0265116,0.170465,0.0267442,0.0323256,0.0706977,0.12493,0.130535,0.0148605,0.477953,0.353,0.347535,5.30142,67.5814,328.651,0.72093
0.197619,0.132857,0.340595,0.00130952,0.369167,0.16381,0.0770238,0.18,0.348571,0.353571,0.0910714,0.617857,0.0745238,0.132738,0.0963095,0.190714,0.347381,0.0725,1.51107,0.22369,1.10083,0.37381,0.0647619,0.260714,0.638214,0.173929,0.0291667,0.0132143,0.005,0.0259524,0.0189286,0.005,0.10131,0.00630952,0.0189286,0.0611905,0.15881,0.0215476,0.0146429,0.0341667,0.055119,0.154286,0.0184524,0.0115476,0.0619048,0.097619,0.00654762,0.0105952,0.107321,0.168702,0.014131,0.29056,0.139464,0.0962857,4.26093,75.4881,629.75,0.52381
0.0702041,0.133469,0.296531,0,0.325102,0.102857,0.0902041,0.0355102,0.0316327,0.222449,0.0222449,0.57551,0.0891837,0,0.022449,0.194898,0.151224,0.0679592,1.07469,0,0.640408,0,0.0934694,0.00959184,0.965918,0.451224,0.256122,0.186531,0.112245,0.169184,0.0885714,0.0710204,0.0989796,0.0710204,0.120816,0.129592,0.330408,0,0.156939,0.102041,0.32551,0.0487755,0.163673,0.0477551,0.278571,0.525306,0,0.025102,0.153592,0.165816,0.0207347,0.087551,0.0615714,0.00889796,2.24855,16,172.02,0.285714
0.114048,0.06,0.246667,0,0.162381,0.047619,0.199762,0.131429,0,0.234048,0.0483333,1.00143,0.0195238,0,0.042619,0.176429,0.0195238,0.0357143,1.45048,0,0.656905,0,0.0133333,0,0.484048,0.136905,0.114762,0,0.08,0.164762,0,0,0.149762,0,0,0.143095,0.248095,0,0.382619,0,0.147857,0.22619,0,0.169286,0.209286,0.230476,0,0.0854762,0.00259524,0.135357,0,0.154071,0.00780952,0.00914286,1.74579,6.2381,49.7857,0.190476
0,0,0,0,0.2335,0,0.1135,0,0,0.33675,0,1.24275,0,0.31575,0,0.472,0,0,0.769,0.0555,0.06925,0,0,0.22725,0,0,0.4525,0.2555,0,0.147,0,0,0,0,0.147,0,0,0,0.1805,0,0.975,0,0,0.049,0.064,0.975,0,0.08325,0.09615,0.15165,0.03875,0.25655,0,0,3.14425,9.45,16.525,0.1
0.30617,0.144894,0.280426,0.0917021,0.0723404,0.106809,0.0193617,0.139787,0.221064,0.399574,0.144681,0.630213,0.341064,0.652766,0.0255319,0.158936,0.276596,0.12,1.86936,0.0476596,0.868511,0.0334043,0.447021,0.28766,0.0951064,0.0604255,0.00510638,0.00148936,0.00212766,0.00382979,0,0,0.309362,0,0,0.0297872,0.176383,0.00148936,0.00659574,0.017234,0.0246809,0.00765957,0.00446809,0.0159574,0.0421277,0.0568085,0.00978723,0.0502128,0.0292553,0.115766,0.00757447,0.24734,0.329319,0.0877872,5.44715,185.447,3357.47,0.744681
0.15,0.216719,0.207344,0,0.34125,0.0459375,0.0840625,0.0789063,0.0145313,0.315938,0.0360937,0.885781,0.0520313,0.00390625,0.015,0.122969,0.0715625,0.1075,1.62406,0.00609375,0.533281,0,0.010625,0.0570312,0.75,0.583594,0.321094,0.435469,0.13,0.163281,0.145,0.119063,0.162813,0.119063,0.176406,0.244219,0.207969,0,0.152656,0.109063,0.029375,0.0878125,0.137344,0.167187,0.217656,0.0689063,0.0126563,0.0670312,0.0113906,0.173422,0.0260781,0.0855312,0.01725,0.0112031,1.99164,10.1094,88.125,0.140625
0.112647,0.192647,0.573529,0.580294,0.462647,0.192353,0.309118,0.203824,0.0617647,0.255,0.141765,0.531765,0.126765,0,0,0.421176,0.376176,0.389706,2.35206,0.519706,1.59265,0.0252941,0.142059,0.236176,0.0591176,0.0735294,0.00941176,0,0.0423529,0.0423529,0,0,0.00794118,0,0.0288235,0.0214706,0.135294,0,0.0702941,0.00558824,0,0,0.0223529,0.0223529,0.119118,0.0364706,0,0,0.0104118,0.0932647,0.0250588,0.433176,0.0785882,0.0354412,7.799,134.647,296.559,0.911765
0.075,0.121316,0.322368,0,0.278947,0.0805263,0.126316,0.0471053,0,0.0860526,0.0944737,0.611842,0.194211,0,0,0.266053,0.103158,0.205526,1.94053,0,0.612368,0,0.0226316,0,0.168947,0.180789,0.219474,0,0.123158,0.0505263,0.0292105,0,0.158947,0,0.0134211,0.0355263,0.12,0.0210526,0.0260526,0,0,0.108158,0.06,0.0552632,0.238421,0.0323684,0,0.0247368,0.0362368,0.122842,0,0.128263,0.0192105,0.0220263,1.50795,5,55.1053,0.210526
0.0667391,0.0184783,0.312609,0,0.331304,0.0291304,0.0247826,0.0184783,0,0.0647826,0.0241304,1.03217,0.028913,0.0504348,0,0.0426087,0,0.0145652,0.687826,0,0.289783,0,0,0,0.633913,1.16174,0.210435,0,0.311739,0.0706522,0.0252174,0,0.063913,0,0,0.0184783,0.279348,0.0534783,0.0245652,0,0.043913,0.628696,0,0.143913,0.293043,0.096087,0,0.0804348,0.0229348,0.20487,0.0217609,0.0672609,0.00271739,0.0140217,1.72176,5.6087,28.087,0.0434783
0.19625,0.314167,0.525417,0.0395833,0.455417,0.356667,0.13375,0.17375,0.587083,0.7875,0.224583,0.84125,0.230417,0.0783333,0.313333,0.232083,0.18875,0.516667,2.1975,0.3475,1.63167,0.02,0.49125,0.287083,0.38875,0.16375,0.01,0,0,0.0304167,0,0,0.05625,0,0.03,0.0275,0.13625,0.0358333,0.01,0.0304167,0,0.0304167,0.0141667,0.0204167,0.0966667,0.0595833,0,0,0.00575,0.149625,0.073625,0.649417,0.2335,0.0465833,9.866,292.417,788.958,0.958333
0.106977,0.11186,0.312326,0.445581,0.306744,0.112558,0.0832558,0.0860465,0.306279,0.288372,0.092093,0.483488,0.119302,0.0495349,0.0946512,0.310233,0.12186,0.195581,1.41326,0.119535,0.75186,0.878372,0.196977,0.131628,0.276744,0.157209,0.00976744,0.0109302,0.0116279,0.0072093,0.0155814,0,0.0593023,0.00302326,0.0181395,0.0416279,0.132326,0.000930233,0.0232558,0.0186047,0.00162791,0.0130233,0.00697674,0.014186,0.0239535,0.0334884,0,0.0127907,0.0365814,0.164279,0.0255349,0.21393,0.141744,0.116721,6.04479,121.907,1366.98,0.651163
0.112,0.0591667,0.349,0,0.328,0.2255,0.0843333,0.1135,0.0511667,0.274667,0.0275,0.563333,0.0666667,0.0231667,0.00483333,0.3185,0.102,0.165,1.50033,0.00616667,1.21317,0,0.156167,0.149667,0.586,0.420833,0.234,0.188167,0.0726667,0.177333,0.0941667,0.057,0.115,0.057,0.154667,0.12,0.172833,0.00383333,0.0763333,0.067,0.097,0.00916667,0.100167,0.01,0.222667,0.0743333,0.0265,0.00466667,0.0466833,0.15775,0.0351333,0.143383,0.0496167,0.01375,2.04982,13.6833,144.217,0.416667
0.13359,0.0608974,0.227949,0.090641,0.512436,0.124359,0.0412821,0.110769,0.148077,0.183077,0.114103,0.727821,0.170513,0.0488462,0.00384615,0.155385,0.297179,0.0811538,1.81051,0.0820513,0.718077,0.679744,0.25359,0.132564,0.638333,0.103718,0.0144872,0.0203846,0.0116667,0.0101282,0.0139744,0.0179487,0.112179,0.00769231,0.0328205,0.0866667,0.0965385,0.0257692,0.014359,0.00705128,0.0166667,0.0421795,0.0167949,0.00410256,0.0498718,0.0539744,0.0112821,0.0219231,0.119372,0.104756,0.00785897,0.119833,0.0841154,0.0623205,3.07553,30.359,454.641,0.564103
0.0758621,0.158276,0.237069,0,0.31431,0.0587931,0.0751724,0.022069,0.022069,0.242241,0.0282759,0.450517,0.308276,0.022069,0,0.524138,0.0398276,0.100517,1.7231,0.0460345,0.854655,0,0.0910345,0.00706897,1.10828,0.649483,0.797241,0.574483,0.443103,0.452586,0.395517,0.372586,0.075,0.372586,0.602069,0.418103,0.216552,0.00706897,0.126034,0.387931,0.0248276,0.30431,0.167241,0.259138,0.254655,0.0894828,0,0,0.00808621,0.216414,0.0411207,0.261638,0.244293,0.00955172,2.24336,11.1724,42.3448,0.327586
0.0467742,0.0687097,0.319032,0.0143548,0.351452,0.0830645,0.144355,0.0819355,0.0380645,0.245,0.0582258,0.350645,0.302742,0.0517742,0.131129,0.140484,0.0893548,0.308065,1.29452,0.0593548,0.688226,0.56,0.178871,0.0824194,0.879355,0.333387,0.164516,0.117581,0.0962903,0.101452,0.0751613,0.0877419,0.0643548,0.0877419,0.0716129,0.122097,0.168065,0,0.0698387,0.117581,0.00258065,0.0429032,0.10371,0.0306452,0.145323,0.0641935,0,0.00951613,0.0709839,0.196581,0.0336452,0.174,0.154613,0.0663871,3.07829,20.0968,257.516,0.564516
0.129167,0.0911111,0.301528,0.00222222,0.298611,0.0976389,0.0980556,0.107917,0.446528,0.448056,0.0945833,0.525,0.131528,0.144444,0.07125,0.299583,0.0665278,0.352778,1.61347,0.291944,1.07556,0.990139,0.102361,0.186389,0.366389,0.156944,0.0344444,0.0193056,0.00125,0.0204167,0.0325,0.00125,0.0776389,0.00125,0.193472,0.0201389,0.166111,0.000694444,0.0183333,0.0418056,0.00972222,0.0519444,0.0075,0.0190278,0.0420833,0.0386111,0.0201389,0.0366667,0.047625,0.113458,0.0491667,0.342486,0.224069,0.10475,5.59783,80.0139,1102.92,0.638889
0,14.1478,0,0,0,0,0,0,0,0.132222,0,0,0,0,0,0,0,0,0,0,0,0,0,0,0,0,0,0,0,0,0,0,0,0,0,0,0,0,0,0,0,0,0,0,0.132222,0,0,0,0,0,0,0,0,0,1.77778,4.88889,9.02778,0
0.0512,0,0.0533333,0,0.182667,0.0392,0,0,0,0.0578667,0,0.0289333,0,0.0970667,0,0.0493333,0,0,0.520533,0,0.142667,0,0,0,0.0578667,0,0.201867,0,0,0,0.166667,0,0,0,0,0,0,0,0,0,0,0.140267,0,0.9228,0.659333,0.7488,0,0.2444,0,0.0907333,0.0740533,0.127827,0,0,1.29948,1.92,6.36,0.04
0.0370455,0.10375,0.534091,0,0.250568,0.0161364,0.108068,0.0544318,0.00852273,0.191591,0.0346591,0.740795,0.0934091,0.0521591,0,0.225114,0.06,0.325,3.4558,0.0431818,0.835909,0,0,0.0181818,0.0860227,0.0360227,0.379773,0,0.0911364,0.0965909,0,0,0.0131818,0,0,0.0279545,0.07125,0.0493182,0.025,0.0109091,0,0.239432,0.0905682,0.0204545,0.453864,0.124205,0,0.03875,0.0242727,0.0691932,0,0.14492,0.0108295,0,1.33644,3.43182,18.9205,0.181818
0.211333,0.0575,0.329,0,0.557667,0.0831667,0.122333,0.247667,0.064,0.175,0.0303333,0.413333,0.0423333,0,0.0363333,0.4425,0.1785,0.125,1.49533,0.1095,0.982667,0.0168333,0.197167,0.0201667,0.603833,0.470167,0.218833,0.265167,0.0866667,0.114167,0.061,0.0631667,0.0325,0.0631667,0.212167,0.115167,0.179,0,0.0718333,0.054,0.0863333,0.054,0.109,0.088,0.241167,0.176333,0,0.0123333,0.0172833,0.138317,0.0428,0.394383,0.119483,0.019,2.33572,17.7667,123.15,0.466667
0.0954098,0.0314754,0.326393,0,0.153934,0.0796721,0.105574,0.110492,0.166393,0.159016,0.0281967,0.306066,0.0152459,0.188525,0.0190164,0.531475,0.0431148,0.17918,1.71066,0,0.770984,0,0.0183607,0.0591803,0.842459,0.58623,0.279344,0.213279,0.135082,0.224754,0.263607,0.135082,0,0.135082,0.18918,0.18918,0.231148,0,0.143115,0.135082,0.119672,0.166557,0.121967,0.212623,0.531967,0.517213,0,0,0.00883607,0.155426,0.0148852,0.270984,0.0464098,0.0323934,2.6563,13.6066,36.7869,0.360656
0.155263,0.124474,0.240263,0.0339474,0.473684,0.175263,0.258421,0.0773684,0.0126316,0.26,0.0452632,0.668158,0.0728947,0,0.0326316,0.540263,0.106053,0.256316,2.01395,0,1.10395,0.0818421,0.154474,0.0547368,0.551316,0.362368,0.172895,0.181053,0.0263158,0.0307895,0.0205263,0.0205263,0.0621053,0.0442105,0.107895,0.0907895,0.0776316,0,0.0592105,0.0560526,0.00868421,0,0.0126316,0.0307895,0.181053,0,0,0,0.0139737,0.184105,0.0161842,0.470921,0.0549211,0.0288158,3.26039,26.4211,133.763,0.605263
0.081,0.0583333,0.3575,0.0145,0.3285,0.0933333,0.0528333,0.153333,0.0803333,0.312,0.0663333,0.413333,0.0905,0.0045,0.0191667,0.250167,0.124333,0.120833,1.276,0.0168333,0.657167,0.0308333,0.0548333,0.0825,0.797,0.4145,0.191667,0.1205,0.072,0.0978333,0.111667,0.0515,0.210333,0.0515,0.087,0.145,0.264,0.0253333,0.107833,0.085,0.01,0.0348333,0.124167,0.157,0.178167,0.1225,0.014,0.037,0.0287333,0.232367,0.0196167,0.1503,0.0395333,0.047,2.4174,16.9667,215.533,0.383333
0.131316,0.475789,0.347368,1.86632,0.988158,0.156053,0.659211,0.164737,0.0626316,0.405526,0.0460526,0.686053,0.183947,0.088421,0,0.788158,1.65789,0.257895,2.11921,0.295789,1.64658,0,0.0207895,0.151579,0,0,0,0,0,0.0255263,0,0,0,0,0,0.0563158,0.122632,0.0410526,0,0.00894737,0,0,0,0,0.00894737,0,0,0,0,0.122816,0,0.755947,0.149526,0.0348421,8.12463,131.395,191.053,0.921053
0.0834483,0.0806897,0.489655,0,0.143103,0.11,0.192414,0.125862,0,0.353103,0.0441379,0.397586,0.0182759,0,0.0982759,0.0544828,0.0268966,0.0482759,2.42345,0,0.49931,0,0.0268966,0.03,0.44,0.222414,0,0.131034,0,0.08,0.0906897,0,0.111724,0,0.144828,0,0.324828,0,0.166207,0.143448,0.0817241,0.144828,0.0982759,0.0572414,0.269655,0.757241,0,0,0.0067931,0.0848966,0.0141724,0.571103,0.0117931,0.0207586,3.09817,16.8276,49.6552,0.206897
0.134471,0.191059,0.374,0,0.301059,0.048,0.0304706,0.0137647,0.0230588,0.261529,0.0112941,0.473647,0.0928235,0.0538824,0,0.202471,0,0.414118,3.39671,0,0.906235,0,0,0.106941,0.131529,0.0276471,0.352,0,0.0632941,0,0,0,0.119529,0,0,0,0,0,0.104,0.0137647,0.0272941,0.158588,0,0.112118,0.457765,0.386235,0.00941176,0,0.0172,0.0887765,0.00388235,0.487894,0.00397647,0,1.32629,2.94118,12.6706,0.152941
0,0.0731034,0.217931,0,0.466552,0.0268966,0.408276,0,0.0189655,0.300345,0,0.523103,0.229655,0.107586,0,0.56069,0,0.429655,3.02034,0,0.865517,0,0,0.0489655,0.530345,0,0,0,0,0,0,0,0,0,0,0,0,0,0,0,0,0.176552,0,0.0889655,0.26,0.565517,0,0,0.0106552,0.0203448,0,0.772276,0,0,5.45034,53.2759,74.9655,0.275862
0.062381,0.123333,0.310714,0,0.736667,0.129524,0.205952,0.186667,0.102381,0.211905,0.0861905,0.674048,0.0571429,0,0.295238,0.259048,0.441667,0.324048,1.91762,0.587857,1.26333,0,0.338333,0.0919048,0.375714,0.194762,0.0588095,0.191667,0.0180952,0.12881,0.0180952,0.0180952,0.0166667,0.0180952,0.047619,0.0654762,0.146667,0,0.214524,0.0916667,0,0.0678571,0,0,0.185952,0.0521429,0,0,0.00478571,0.174952,0,0.20131,0.0914048,0.012619,4.75029,57.0714,137.167,0.642857
0.0709524,0.266667,0.165476,0,0.349286,0.247619,0.134762,0.027619,0.0707143,0.311429,0.0361905,0.472381,0.0592857,0,0.00690476,0.166667,0.0440476,0.190952,1.44762,0,0.851429,0.0295238,0.0869048,0.057619,0.578571,0.274286,0.356429,0.100714,0.16,0.125952,0.077619,0.0852381,0.203333,0.0852381,0.141667,0.0752381,0.215952,0,0.13,0.072619,0.0169048,0.1,0.124762,0.0154762,0.246429,0.0430952,0,0.0452381,0.00340476,0.23981,0.0424524,0.363119,0.0969286,0.0305476,3.56043,29.9048,155.619,0.5
0.162281,0.0101754,0.372982,0,0.125088,0.134737,0.0887719,0.178596,0.0508772,0.223684,0.0231579,0.569649,0.0659649,0.00403509,0,0.175263,0.129649,0.286842,2.04351,0.0121053,0.948772,0,0,0.0259649,1.03333,0.687193,0.269649,0.479474,0.072807,0.217544,0.188421,0.0673684,0.145614,0.0673684,0.287895,0.189649,0.331053,0.0178947,0.110351,0.159123,0.0484211,0.166316,0.126667,0.161404,0.256491,0.122982,0,0,0.0198421,0.139596,0.0269298,0.259228,0.048386,0.0499298,2.0436,11.1579,61.6842,0.298246
0.08375,0.0732143,0.145714,0,0.174821,0.0614286,0.194286,0.0560714,0.0232143,0.184107,0.0825,0.69,0.0410714,0.0496429,0.04,0.0905357,0.277143,0.0942857,2.21554,0.00803571,0.570357,0,0.0648214,0,0.260179,0.0423214,0.192143,0,0.0378571,0.0932143,0,0,0.239821,0,0,0.0860714,0.175536,0.00982143,0.0489286,0.00464286,0.0492857,0.175893,0.0382143,0.0753571,0.31875,0.120536,0,0.0528571,0.0188036,0.103839,0.0100893,0.279304,0.0190893,0.0130893,1.56775,5.42857,44.5357,0.125
0.0767391,0.154565,0.375435,0.0126087,0.290652,0.106957,0.0984783,0.115652,0.0608696,0.19087,0.0606522,0.531739,0.0882609,0,0,0.351957,0.165652,0.391957,1.99674,0.123043,0.892174,0.146739,0.192826,0.109348,0.139348,0.0784783,0,0.025,0,0.0478261,0,0,0,0,0.0665217,0.0497826,0.0963043,0,0.00913043,0.0265217,0,0.0073913,0.0182609,0,0.18413,0.497826,0,0.0228261,0.100587,0.121761,0.0117826,0.355522,0.124913,0.0218696,4.11493,62.6957,274.913,0.630435
0.045534,0.0466019,0.25835,0,0.270388,0.0235922,0.0248544,0.0113592,0.0493204,0.104951,0.0212621,0.91466,0.0867961,0.0233981,0.0165049,0.0879612,0.0434951,0.113592,1.62126,0.012233,0.353981,0,0,0.0203883,0.336408,0.255922,0.465534,0,0.140583,0.0799029,0,0,0.114272,0,0.0215534,0,0.173786,0,0.0536893,0,0.0254369,0.194369,0.0256311,0.152816,0.490971,0.19,0,0.0490291,0.0299126,0.159223,0,0.179262,0.0103689,0.00119417,1.59864,4.79612,23.6893,0.0970874
0,0.0671429,0.224286,0,0.664286,0.04,1.78143,0.773571,0.773571,0.880714,0.773571,0.434286,0,0.0764286,0,0.947857,2.15357,0.0642857,1.45071,0.773571,3.37857,0,0.250714,0.0764286,0,0,0,0,0,0,0,0,0,0,0,0,0.315,0,0.0764286,0,0,0,0,0,0,0,0,0,0,0.0617857,0,0.656429,0.306714,0.0712857,64.9501,277.786,300.929,1
0.01,0.301935,0.303548,0,0.682903,0.237742,1.03226,0.0793548,0.0248387,0.359677,0.0403226,0.706129,0,0,0.0296774,0.321935,0.203226,0.399677,2.20161,0,1.26097,0,0.0145161,0.0170968,0.0454839,0,0.203226,0.0454839,0,0,0.233548,0,0,0,0.0906452,0.0170968,0,0,0.0606452,0.612903,0,0,0,0,0.254516,0,0,0,0.000903226,0.187097,0.0191613,0.266968,0.0105161,0.0337419,14.5259,174.516,385.871,0.645161
0.328286,0.287429,0.328857,0.00371429,0.255143,0.066,0.036,0.148857,0.435714,0.535143,0.220571,0.596857,0.371429,0.762,0.0811429,0.248571,0.340857,0.102857,2.44,0.0368571,1.1,0.048,0.403143,0.384857,0.0888571,0.0917143,0.00114286,0.000571429,0.000571429,0,0,0,0.127143,0,0.002,0.034,0.141429,0.00257143,0.00257143,0.0334286,0.00457143,0.00171429,0.00657143,0.004,0.0548571,0.0194286,0.002,0.0165714,0.0294286,0.0994857,0.0102571,0.339857,0.451857,0.102629,7.83891,361.771,2360,0.885714
0.49913,0.766087,0.79,0.398261,0.340435,0.222609,0.0530435,0.428696,0.393043,1.43826,0.0473913,1.52652,0.131739,0.295217,0.363478,0.312174,0.183913,0.671739,2.03609,0.365652,3.39478,0.0165217,0.417826,0.241304,0,0,0,0,0,0,0,0,0.0143478,0,0.0552174,0,0.016087,0,0,0,0,0,0.00826087,0,0,0,0,0,0.0238696,0.153739,0,1.01309,0.170435,0.0643478,41.0404,622.435,877.391,1
0.141212,0.0327273,0.250303,0,0.172424,0.0181818,0.109697,0.0569697,0,0.27697,0.0554545,0.52303,0.0327273,0,0.0206061,0.199394,0.114545,0.313333,1.3803,0.0281818,0.25,0,0.0145455,0.100909,1.29,0.889091,0.341212,0.470606,0.252121,0.551818,0.377576,0.14,0.28,0.14,0.663636,0.323636,0.10697,0,0.505758,0.14,0.0987879,0.177273,0.0318182,0.213333,0.176061,0.0987879,0,0,0.00857576,0.171424,0.00378788,0.121152,0.0164545,0.0129394,2.11452,10.9394,47.9394,0.242424
0.0528125,0.081875,0.243438,0,0.3575,0.194063,0.170313,0.118437,0.145625,0.293125,0.106563,0.689688,0.150625,0.0884375,0.029375,0.239375,0.133437,0.114688,1.68156,0.225,1.09156,0,0.045,0.115938,0.30875,0.128125,0.0359375,0.0978125,0.04375,0.165313,0.0353125,0.0159375,0.0403125,0.0159375,0.031875,0.06375,0.2675,0,0.0521875,0.04875,0,0.0340625,0.0115625,0.009375,0.112813,0.01625,0.0078125,0.0221875,0.0102813,0.129625,0.02925,0.102062,0.0734062,0.0104688,3.14087,40.7188,203.156,0.625
0.0915686,0.0323529,0.281176,0,0.32549,0.191765,0.0827451,0.127255,0.0394118,0.164902,0.0566667,0.494902,0.0960784,0.0470588,0.0156863,0.23549,0.205098,0.248039,1.38431,0.124118,0.845098,0,0.0839216,0.116275,0.656863,0.365098,0.125882,0.152353,0.132157,0.103725,0.0588235,0.0331373,0.0688235,0.0331373,0.125294,0.113529,0.170784,0.0027451,0.0156863,0.0607843,0,0.0176471,0.0872549,0.0396078,0.197451,0.118627,0,0.0503922,0.0229216,0.169882,0.0213137,0.119137,0.0432549,0.0136275,2.05671,13.4902,189.157,0.411765
0.0583333,0.16125,0.47375,0,0.369583,0.13375,0.342917,0.11125,0.0504167,0.255833,0.110417,0.679167,0.109583,0,0,0.245833,0.136667,0.681667,2.3675,0.152083,1.3575,0.492083,0.11,0.120417,0.24875,0.0508333,0.0508333,0.0254167,0.0254167,0.120833,0.0254167,0.0254167,0.0375,0.0254167,0.04625,0.0254167,0.015,0,0.0508333,0.0925,0.0441667,0,0.015,0,0.12,0.0229167,0,0,0.00258333,0.0904167,0.00270833,0.421083,0.0957083,0.0756667,7.46667,60.5417,157.833,0.666667
0.123966,0.112586,0.355172,0.0148276,0.328793,0.122586,0.0686207,0.108276,0.102069,0.351034,0.115517,0.476207,0.159138,0.0501724,0.122241,0.304483,0.176034,0.234138,1.34017,0.0946552,0.757069,0.810517,0.237931,0.0703448,0.60569,0.312241,0.138966,0.163793,0.0713793,0.0924138,0.0910345,0.0405172,0.057069,0.0405172,0.0872414,0.0896552,0.157586,0.0282759,0.0725862,0.0808621,0.0589655,0.107069,0.0431034,0.0793103,0.12,0.106724,0.0260345,0.0477586,0.376793,0.159259,0.017,0.188,0.0769483,0.102034,3.44762,31.4655,375.086,0.413793
0.0790667,0.0408,0.209467,0.0177333,0.0896,0.0730667,0.0378667,0.1672,0.0306667,0.154133,0,0.643333,0.137733,0,0.0745333,0.064,0.134667,0.204933,1.39387,0.00853333,0.549067,0,0.1072,0.0672,0.833067,0.505467,0.207867,0.294133,0.0921333,0.2112,0.103333,0.0770667,0.163467,0.0770667,0.17,0.142,0.359867,0,0.196,0.0948,0.0741333,0.0961333,0.2212,0.0661333,0.398667,0.489467,0.0114667,0.0662667,0.00842667,0.205467,0.0337067,0.222773,0.0656267,0.0159867,2.35304,13.24,70.0267,0.253333
0.0810714,0.130714,0.150357,0,0.293929,0,0.151071,0.24,0,0.06,0.0325,1.06571,0.0796429,0,0.0235714,0.0575,0.0714286,0.345,4.0175,0,1.08286,0,0.0357143,0.136429,0.242857,0.144643,0.365357,0,0.0964286,0,0,0,0.1275,0,0,0.03,0.333214,0,0.173929,0,0.100357,0.16,0,0.0810714,0.121071,0.132857,0,0.0532143,0,0.0305,0.0085,0.296393,0.0345357,0.05125,1.90379,8.25,30.6429,0.285714
0.0522222,0.075,0.208333,0,0.143611,0.0566667,0.0641667,0.0816667,0.0455556,0.174167,0,0.341944,0.166944,0.0477778,0,0.251111,0.0597222,0.187222,2.0125,0.333056,0.955556,0.153611,0,0.0872222,0.133611,0.158889,0,0.115556,0,0,0,0,0,0,0.0416667,0.0547222,0,0,0,0,0,0.0230556,0,0.0216667,0.373056,0.376389,0,0,0.0202222,0.0594167,0.00538889,0.109861,0.0443611,0.0897222,4.30986,46.8056,97.0278,0.361111
0.153611,0,0.0275,0,0.171389,0.0636111,0.226667,0,0,0.144444,0.0422222,0.143889,0.015,0.0330556,0,0.151667,0.109722,0.170278,1.31083,0,0.900833,0,0,0.075,0.356667,0.0669444,0.197778,0.524722,0,0.0247222,0,0,0.570833,0,0.346111,0,0.160833,0,0,0,0.0522222,0,0,0.0480556,0.625,0.702778,0,0,0.0161111,0.246361,0.0025,0.247806,0.124083,0.0478889,2.86097,16.1944,60.9167,0.472222
0.0614286,0.236667,0.273571,0,0.343571,0.125714,0.291905,0.175714,0,0.315476,0.0935714,0.238571,0.0290476,0.0919048,0.0261905,0.544524,0.166667,0.435476,2.01738,0.0992857,0.960476,0.0357143,0.125238,0.0792857,0.584762,0.277143,0.355476,0.174048,0.01,0.139048,0.01,0.179286,0.0507143,0.179286,0.0685714,0.0271429,0.159762,0,0.126429,0.01,0.0404762,0.0509524,0.100238,0.0266667,0.257381,0.641429,0.0171429,0,0.0149762,0.136595,0.00869048,0.364333,0.0439048,0.188905,2.40612,17.881,95.0476,0.52381
0.0389474,0.0526316,0.134737,0,0.180789,0.0323684,0.0176316,0.247895,0.00868421,0.268421,0.0189474,0.502895,0.0476316,0,0.0160526,0.325,0.101316,0.298158,0.821053,0.0526316,0.207368,0,0.0189474,0,0.411316,0.131579,0.293421,0,0.195526,0.115,0,0,0.616842,0,0.0165789,0.123684,0.210526,0.0226316,0.216053,0,0.00973684,0.162105,0,0.141316,0.0665789,0.0478947,0,0.0476316,0.0140789,0.158,0.0292368,0.0904737,0.0105526,0.0269211,1.71521,6.81579,62.3947,0.263158
0.0389091,0.0465455,0.3,0,0.427091,0.273273,0.140545,0.198909,0.0112727,0.202545,0.0427273,0.477091,0.161273,0,0.0101818,0.126727,0.122182,0.114727,1.68309,0,1.33273,0,0.0881818,0.103273,0.509273,0.364545,0.189818,0.170364,0.151455,0.154545,0.0663636,0.0583636,0.0845455,0.0527273,0.100727,0.158,0.117273,0,0.113273,0.0527273,0.0325455,0.102909,0.092,0.0347273,0.403636,0.226909,0.00163636,0.0167273,0.0221636,0.1376,0.0110182,0.116655,0.0739818,0.00330909,1.94276,10.4182,134.927,0.472727
0,0.588621,0.142414,0,0.138621,0,0.349655,0,0,1.35621,0,0.563793,0.108966,0.0982759,0,0.0403448,0,0.0982759,2.77069,0,0.773448,0,0,0.186207,0,0.0748276,0.722759,0.60069,0,0,0,0,0.171379,0,0,0.0982759,0.462759,0,1.08966,0,0.0441379,0,0.0648276,0.0813793,0.698966,0,0,0,0.0884138,0.345172,0,0.0936207,0.0642414,0.007,3.64338,23.1379,39.2759,0.310345
0,0,0,0,0,0,0,0,0,0,0,0,0,0,0,0.336134,0,0,0,0,0,0,0,0,0,0.12,20.3692,0,0,0,0,0,0,0,0,0,0,0,0,0,0,0,0,0,0.0559664,0,0,0,0,0.029479,0,0.00965546,0,0,1.20908,1.67227,5.41176,0
0,0,0.23,0,1.90143,0,0,0,0,0,0,1.43643,0,0,0,0,0,0,0,0,0.23,0,0,0,0.187857,0.187857,1.58714,0,4.94714,0,0,0,0,0,0,0,0,1.05571,0,0,0,8.96786,0,0,0,0,0,0,0,0,0,0.0802143,0,0,1.23857,2.28571,9.07143,0
0,0,0,0,0,0,0,11.11,0,0,0,0,0,0,0,0,0,0,0,0,11.11,0,0,0,0,0,0,0,0,0,0,0,0,0,0,0,0,0,0,0,0,0,0,0,5.55,0,0,0,0,0,0,0,0,0,1,1,4,1
0.150811,0.122162,0.25973,0.01,0.227838,0.0927027,0.0297297,0.227568,0.2,0.267297,0.0908108,0.498649,0.166757,0.0686487,0.0618919,0.271892,0.184865,0.183243,1.40838,0.135676,0.698108,0.687838,0.215676,0.214865,0.514054,0.0948649,0.00675676,0.00351351,0.00405405,0.0275676,0.00972973,0,0.109189,0,0.0121622,0.115405,0.161351,0.0121622,0.0235135,0.0281081,0.0240541,0.00459459,0.00918919,0.0259459,0.0362162,0.107838,0.00297297,0.0437838,0.0473514,0.125108,0.0423784,0.188243,0.119622,0.0921892,5.43157,115.108,1754.84,0.486486
0.161064,0.0857447,0.199149,0,0.605745,0.0176596,0.117234,0.0565957,0.0270213,0.108936,0.0202128,0.527872,0.0142553,0.0538298,0.0182979,0.458723,0.287021,0.161489,2.3934,0.0093617,1.2434,0,0.212128,0.0489362,0.0538298,0.0338298,0.0780851,0.0680851,0,0,0,0.0134043,0.0093617,0.0134043,0.0429787,0.0982979,0.03,0,0.0353191,0.00702128,0,0.0142553,0.013617,0.012766,0.291489,0.0459574,0,0.0542553,0.00968085,0.118234,0.00791489,0.425745,0.111,0.00878723,3.2474,26.7234,111.298,0.829787
0.172927,0.0860976,0.243902,0,0.405366,0.0404878,0.0970732,0.0846341,0.0285366,0.0221951,0.0714634,0.61878,0.16878,0.0268293,0.0185366,0.13,0.14439,0.111707,1.4139,0.214634,0.553415,0,0.0778049,0.0182927,0.339268,0.221951,0.186829,0.0731707,0.0856098,0.0329268,0.00731707,0,0.0863415,0,0.0292683,0.130732,0.0846341,0.0112195,0.0626829,0,0.0485366,0.0953659,0.02,0.162195,0.191463,0.0960976,0.0397561,0.0631707,0.0141951,0.183927,0.00217073,0.21678,0.0357561,0.0136341,1.63412,6.85366,77.2439,0.292683
0.177778,0.125556,0.143889,0,0.750556,0.266111,0.407778,0,0.119444,0.472222,0.236111,0.312778,0.261111,0,0,1.13889,0.0755556,0.215,1.87111,0,0.745556,0,0,0.49,0.0661111,0.0661111,0.198333,0,0,0.0822222,0,0,0.206111,0,0.0661111,0.05,0.0755556,0,0,0.0755556,0.0144444,0,0.0388889,0.107222,0.123889,0.0677778,0,0,0,0.0287778,0,0.582333,0.067,1.10161,7.70206,69.2778,109.778,0.777778
0.125067,0.0512,0.214267,0.0129333,0.249333,0.1324,0.0528,0.1084,0.0454667,0.219067,0.0465333,0.496133,0.107467,0.0424,0.0012,0.134533,0.157333,0.111867,1.2228,0.108,0.4672,0.7156,0.1796,0.0582667,1.02253,0.3764,0.127333,0.0488,0.0766667,0.0594667,0.0354667,0.0169333,0.108667,0.0169333,0.0476,0.0818667,0.308933,0.00253333,0.0136,0.0190667,0.066,0.0444,0.0489333,0.0316,0.098,0.337467,0,0.0161333,0.268547,0.188747,0.03596,0.143467,0.0812933,0.06588,3.23553,25.4133,312.467,0.386667
0.077971,0.0376812,0.234058,0,0.409565,0.0884058,0.0465217,0.107826,0.0226087,0.154783,0.0244928,0.645217,0.0523188,0.0124638,0.153478,0.243913,0.0656522,0.122754,1.30232,0.00608696,0.703188,0.0466667,0.08,0.0676812,0.711159,0.433478,0.205652,0.278696,0.148986,0.11,0.103623,0.0682609,0.0671015,0.0682609,0.161159,0.190435,0.220435,0.0057971,0.118841,0.0949275,0.0766667,0.0633333,0.136957,0.131014,0.253478,0.329275,0,0.0171014,0.0417101,0.16758,0.0279855,0.137029,0.071087,0.0111304,2.25716,11.3333,104.536,0.304348
0.151343,0.146716,0.826866,0.00283582,0.707612,0.520149,0.272836,0.136716,0.56597,0.458209,0.203284,0.601194,0.150746,0.0797015,0.967015,0.304776,0.11209,0.760149,1.5091,0.820448,0.926119,0.0862687,0.517612,0.144478,0.051194,0.00134328,0.021791,0.00716418,0,0.00865672,0,0,0.00313433,0.00567164,0.00432836,0,0.0129851,0,0,0.0401493,0,0,0.0835821,0.0119403,0.0447761,0.0364179,0,0,0.00285075,0.0761343,0.0011194,0.448209,0.160104,0.019791,108.883,790.104,1415.94,0.985075
0.115306,0.208776,0.452857,0,0.423469,0.100612,0.357347,0.0761224,0.0361224,0.309184,0.161224,0.533469,0.176939,0.0881633,0.0573469,0.325306,0.143878,0.366122,2.00816,0.0189796,0.92102,0.0332653,0.377551,0.0506122,0.213673,0.0961224,0,0.193878,0,0.0855102,0,0,0.407143,0,0.173469,0.123878,0.0979592,0,0.0114286,0.0834694,0,0.0738776,0.0106122,0.0302041,0.109184,0.102857,0,0,0.0203061,0.0925306,0.000816327,0.596061,0.102449,0.0197347,5.46816,70.3265,191.837,0.653061
0.113714,0.117714,0.492286,0,0.278571,0.178857,0.217714,0.286857,0.0648571,0.125714,0.088,0.495429,0.102286,0,0.0551429,0.370571,0.224,0.166857,2.03943,0.432857,1.49114,0,0.342286,0.175714,0.524286,0.343429,0.0948571,0.0948571,0.0294286,0.0811429,0.0294286,0.0294286,0.0614286,0.0294286,0.0948571,0.0465714,0.189714,0.0157143,0.0891429,0.116286,0.00885714,0.0314286,0.0122857,0,0.0934286,0.0265714,0,0.0708571,0.0133143,0.0698857,0.0134857,0.301571,0.182571,0.0596857,3.88983,39.6,178.429,0.657143
0.120213,0.0917021,0.274255,0,0.392128,0.148936,0.144255,0.127234,0.0889362,0.19766,0.145106,0.664894,0.118085,0.0544681,0.0259574,0.357234,0.139362,0.165106,1.96255,0.0112766,0.998298,0,0.0734043,0.108298,0.737021,0.492766,0.191915,0.261064,0.0921277,0.195106,0.0589362,0.0589362,0.164468,0.0589362,0.09,0.209574,0.0634043,0.0255319,0.14,0.0668085,0.0242553,0.0391489,0.0806383,0.224681,0.186809,0.0282979,0.0340426,0.0302128,0.0188298,0.124468,0.00651064,0.102872,0.0375745,0.00770213,1.86506,8.95745,95.9574,0.319149
0,0,0,0,0.476,0,0,0,0,0,0,0,0,0,0,0,0,0,1.826,0,0,0,0,0,0,0,0,0,0,0,0,0,0,0,0,0,0,0,0.740667,0,0,0,0,0,11.342,0.512667,0,0,0,0.204,0,2.7824,0,0,1.36873,2.66667,7.06667,0
0.1025,0.11575,0.36625,0.029,0.25725,0.1805,0.096,0.016,0.01625,0.1565,0.02875,0.27875,0.174,0,0.01325,0.40875,0.1575,0.0745,1.7685,0.028,0.68675,0.0645,0.185,0.11575,0.54125,0.40475,0.1985,0.11175,0.0975,0.1765,0.08775,0.08775,0.058,0.1215,0.1195,0.0975,0.045,0,0.167,0.099,0,0,0,0,0.29725,0.253,0,0.06375,0.017075,0.12175,0.001975,0.388325,0.03745,0.039125,3.8136,39.975,124.325,0.525
0.650541,0.124324,0.694595,0,0.201351,0.0559459,0,0,0,0.0656757,0.594595,1.40595,0,0,0,0.216216,0,0.0108108,1.36027,0,4.91189,0,0,0.564054,0.11973,0.116757,0.162973,0,0,0.108919,0,0.135946,0,0.135946,0.0324324,0,0,0,0,0,0,0.0648649,0,0,0.0705405,0,0,0.0656757,0,0.0687568,0,0.175189,0.0894324,0,4.55743,26.5135,53.7568,0.486486
0.118511,0.220638,0.356596,0.00659574,0.42,0.155957,0.0846809,0.128298,0.0897872,0.287872,0.0578723,0.755106,0.0319149,0.0151064,0.0474468,0.19383,0.22234,0.272128,1.60787,0.0740426,1.00809,0.0797872,0.0923404,0.0493617,0.369574,0.235957,0.175106,0.0982979,0.0957447,0.110851,0.0197872,0.026383,0.0755319,0.0331915,0.0714894,0.0570213,0.163617,0.00148936,0.0482979,0.0329787,0.0306383,0.0285106,0.0148936,0.0810638,0.0806383,0.04,0,0.0440426,0.00193617,0.142723,0.0183617,0.186638,0.052234,0.0844043,3.52274,43.8298,240.106,0.510638
0.145672,0.0519403,0.204328,0,0.229254,0.145075,0.0698507,0.0268657,0.0252239,0.0904478,0,0.49194,0.0410448,0.0480597,0,0.211493,0.0507463,0.0941791,1.53388,0.0232836,0.44194,0,0.00656716,0,0.260896,0.321045,0.357164,0,0.151343,0.0235821,0,0,0.0823881,0,0.0655224,0.0861194,0.168507,0,0.0761194,0.0149254,0.0686567,0.233881,0,0.162239,0.457463,0.16403,0.0152239,0.058806,0.00962687,0.111478,0.0107015,0.150254,0.00462687,0.00453731,1.63281,5.37313,35.2836,0.104478
0.0887952,0,0.259398,0,0.112892,0.0707229,0,0.0708434,0,0.0231325,0,0.416988,0.0168675,0.184819,0,0.267952,0.0343373,0.0348193,0.452289,0.219036,0.321446,0,0,0,0.099759,0.0496386,1.67807,0,0,0.0501205,0,0,0.140482,0,0.240964,0,0,0.0440964,0.0354217,0,0.0961446,0.26988,0,0.255904,0.846867,0.208916,0,0.100361,0.0364819,0.117867,0.00904819,0.0937952,0.0173855,0,1.41342,2.90361,9.75904,0.0361446
0.0840741,0,0.0840741,0,0,0,0,0,0,0.606296,0,0.231481,0,0,0,0.523704,0,0,6.8063,0,0.392963,0,0,0.462963,0.067037,0,0,0,0,0,0,0,0,0,0,0,0,0,0,0,0,0,0,0,0.532222,0.390741,0,0,0.0382963,0.0534815,0,0.0891852,0,0,1.108,1.25926,3.48148,0.185185
0.116383,0.0289362,0.308511,0,0.249787,0.0544681,0.0148936,0,0,0.154681,0,0.479149,0.0844681,0,0,0.332553,0.0274468,0.12617,2.57383,0,0.510213,0,0,0.0289362,0.144894,0.0421277,0.149149,0,0.0738298,0.0142553,0,0,0.0185106,0,0,0.0291489,0.0204255,0,0,0,0.16766,0.164255,0.0331915,0.087234,0.466809,0.19766,0,0,0.032766,0.096383,0.0067234,0.125553,0.0195532,0.00210638,1.27787,3.23404,30.4043,0.148936
0,0.03,0.172449,0,0.245714,0.0767347,0.0453061,0.149592,0.0679592,0.11,0,0.514694,0.0522449,0.04,0,0.33449,0.0679592,0.150816,1.96837,0,0.693673,0,0.137551,0.437755,0.308163,0.145918,0.170816,0.252857,0.307143,0.0973469,0.0959184,0,0,0,0.192041,0.0408163,0.0971429,0,0.21,0.0453061,0.193265,0.44449,0.0593878,0.196939,0.650816,0.163673,0,0.0522449,0.0322041,0.0996939,0.022449,0.383898,0.074898,0.0713061,2.65692,12.2857,26.8367,0.408163
0.0508333,0,0.0383333,0,0.194167,0.138333,0.250833,0.0641667,0.0508333,0.206667,0.0383333,0.145,0,0,0,1.34917,0.513333,0.245833,2.1625,0,0.853333,0.0775,0.188333,0.161667,0.258333,0.3225,0.375,0.0641667,0,0.0641667,0.0641667,0,0.116667,0,0.129167,0.0641667,0,0,0,0.131667,0,0,0,0,0.21,0,0,0,0,0.100083,0.0183333,0.590417,0.0764167,0,4.26442,32.1667,93.6667,0.833333
0.096,0.008,0.196,0.008,0.092,0.118,0,0.058,0.058,0.188,0.074,0.082,0.072,0,0.038,0.088,0.078,0.076,0.608,0.008,0.242,1.906,0.138,0.11,0,0,0,0,0,0,0,0,0,0.028,0,0.008,0,0,0.016,0,0,0,0,0,0.038,0,0,0,0.4302,2.0094,0.009,0.3924,0.375,0.4024,57.5034,2297.8,10648.8,1
0.128676,0.210441,0.432353,0.629559,0.266765,0.121618,0.0511765,0.1125,0.266176,0.296618,0.0695588,0.781618,0.214853,0.130588,0.138971,0.146029,0.137206,0.196618,1.70059,0.085,0.918088,0,0.133824,0.173824,0.695147,0.136618,0.0241176,0.0207353,0.0144118,0.0173529,0.0172059,0.00235294,0.0777941,0.00235294,0.0314706,0.0651471,0.0935294,0.00205882,0.0148529,0.0355882,0.00235294,0.0729412,0.0375,0.0108824,0.0225,0.00176471,0,0.0208824,0.148676,0.128735,0.0199412,1.0809,0.261912,0.0174412,4.054,58.5441,748.824,0.588235
0.171667,0.0683333,0.318,0,0.270333,0.0373333,0.148,0.224333,0.100667,0.134667,0.076,0.397,0.0223333,0.0773333,0.0466667,0.252333,0.061,0,1.17833,0,0.581,0,0,0,0.369333,0.266,0.0986667,0.430333,0.178,0,0,0.0233333,0,0.0233333,0.214333,0.0896667,0.598,0,0.126,0,0,0.178,0.0466667,0.0386667,0.194333,0.0746667,0,0,0.0477333,0.266167,0.00683333,0.399967,0.0655667,0.00633333,3.70897,23.9333,67,0.566667
0,0,0,0,0.225588,0,0,0,0,0,0,0.0489706,0,0,0,0,0,0.113088,0,0,0,0,0,0,0,0,0.337059,0,0,0,0,0,0,0,0,0,0,0,0,0,0,0.0564706,0,0,0.117647,0,0,0,0,0.0975441,0.0600147,0.275338,0,0,1.05882,1.13235,3.47059,0.0294118
0.091,0.102,0.057,0,0.183,0.054,0.343,0.0605,0.057,0.089,0.1145,0.5695,0,0,0,0.9955,0.3345,0.3245,3.484,0,2.151,0,0,0.185,0,0.2205,0.167,0,0,0,0,0,0,0,0,0,0.183,0,0,0,0,0.1405,0,0.0745,0.425,0,0,0,0,0.02205,0,0.20825,0.12,0,4.5163,36.35,74.4,0.8
0.122308,0.0717308,0.279038,0.120673,0.269808,0.105385,0.0403846,0.151346,0.195769,0.268942,0.0746154,0.778269,0.104808,0.101923,0.01375,0.148654,0.185,0.0666346,1.34779,0.0907692,1.12346,0.0832692,0.151154,0.0972115,0.943077,0.182788,0.0133654,0.0200962,0.0178846,0.0331731,0.00423077,0,0.106154,0,0.0258654,0.0630769,0.161346,0.0126923,0.0324038,0.0134615,0.0709615,0.0763462,0.00413462,0.0232692,0.0660577,0.286154,0.0246154,0.0203846,0.0673558,0.176962,0.0219038,0.19726,0.05975,0.0248269,3.67904,48.0577,541.24,0.538462
