0.0894584,0.23138,0.24877,0.0227398,0.301003,0.0795218,0.106621,0.0895592,0.034431,0.195411,0.0430193,0.516451,0.0801268,0.0386834,0.0233362,0.239882,0.113325,0.164183,1.66967,0.0482656,0.737277,0.0236848,0.0694497,0.0727629,0.5773,0.306698,1.00413,0.157119,0.125385,0.128101,0.0784961,0.0605359,0.103374,0.061187,0.125102,0.112973,0.137591,0.0141083,0.096779,0.07104,0.050484,0.161489,0.0541285,0.0994872,0.375658,0.203878,0.00454048,0.0343878,0.0219833,0.137125,0.016104,0.238656,0.0490648,0.0320199,2.47581,17.0884,80.0176,0.310573
0.19,0,0.38,0,0,0.19,0,0,0,0,0.19,0.19,0,0,0,0.38,0,0.19,1.14,0,0.38,0,0,0,0,0,0,0,0,0,0,0,0,0,0,0,0,0,0,0,0,0,0,0,0,0,0,0,0.01,0.01,0,0,0,0.003,2.383,21,15841,1
0.12027,0.140946,0.338018,0.34455,0.296577,0.112432,0.0733333,0.146937,0.357387,0.443919,0.10455,0.540135,0.144189,0.0969369,0.105045,0.265135,0.136441,0.287342,1.52748,0.196081,0.935405,0.762703,0.148964,0.179009,0.450946,0.172973,0.0275676,0.0195045,0.00774775,0.0257207,0.0231532,0.00126126,0.095,0.0027027,0.0951351,0.0368919,0.136126,0.0054955,0.026982,0.0313063,0.00734234,0.0283333,0.00684685,0.012973,0.0404505,0.0354955,0.0081982,0.0295495,0.0461306,0.121712,0.0414054,0.291581,0.162995,0.0970676,5.50062,96.1532,1096.95,0.653153
0.131697,0.143663,0.35116,0.186153,0.358628,0.127737,0.164738,0.148501,0.19529,0.309208,0.100636,0.625248,0.10802,0.0605092,0.0614993,0.285446,0.27256,0.192815,1.64662,0.156195,1.0271,0.385502,0.155884,0.134809,0.55942,0.155021,0.0524328,0.0340453,0.0253324,0.0300424,0.0282461,0.00858557,0.0629279,0.00932108,0.0391089,0.0595474,0.145318,0.0141726,0.0263366,0.0556011,0.0308911,0.0586704,0.0227157,0.0193352,0.0921641,0.144625,0.0097454,0.0233663,0.119355,0.149362,0.0161485,0.370663,0.131325,0.0799307,6.9339,79.9646,465.612,0.595474
0.29,0.04,0.04,0,0.14,0.04,0,0.29,0.29,0.94,0.14,0.04,0.14,0,0.19,0.04,0.39,0.19,1.6,0.04,0.79,9.53,0.69,0.47,0,0,0,0,0,0,0,0,0,0,0,0.04,0,0,0.04,0,0,0,0,0,0.19,0,0,0,1.117,0.053,0,0.356,0.09,0.011,12.332,1171,9163,1
0.231356,0.212034,0.292034,0.00491525,0.257288,0.08,0.0318644,0.170339,0.324237,0.387288,0.153559,0.542542,0.272881,0.461017,0.0964407,0.273051,0.272203,0.149831,1.87441,0.0610169,0.858136,0.276441,0.301864,0.275085,0.354915,0.0940678,0.00254237,0.00169492,0.00288136,0.0147458,0.0061017,0,0.131017,0,0.00745763,0.0784746,0.170339,0.00779661,0.0144068,0.0359322,0.0177966,0.00389831,0.0116949,0.0162712,0.0459322,0.0771186,0.0020339,0.0310169,0.0389661,0.117,0.0190508,0.271508,0.28778,0.0894407,6.76349,269.305,2132.53,0.677966
0.310625,0.148958,0.282917,0.0897917,0.07375,0.108125,0.02,0.139792,0.226042,0.402083,0.148125,0.635625,0.342292,0.663333,0.0260417,0.157917,0.275625,0.119792,1.89083,0.0466667,0.873333,0.0327083,0.450833,0.2925,0.093125,0.0591667,0.005,0.00145833,0.00208333,0.00375,0,0,0.302917,0,0,0.0291667,0.172708,0.00145833,0.00645833,0.016875,0.0241667,0.0075,0.004375,0.015625,0.0429167,0.055625,0.00958333,0.0491667,0.0286458,0.114875,0.00741667,0.24975,0.333604,0.0887083,5.46223,184.896,3345.25,0.75
0.243708,0.274157,0.817079,0.105056,0.59764,0.443258,0.222472,0.212809,0.530449,0.70809,0.168876,0.841348,0.143596,0.136292,0.802921,0.309213,0.112584,0.730899,1.6209,0.74573,1.56225,0.0692135,0.485281,0.17191,0.0385393,0.00101124,0.0164045,0.00539326,0,0.00651685,0,0,0.00775281,0.00426966,0.0175281,0,0.0139326,0,0,0.028427,0,0,0.0644944,0.00898876,0.032809,0.0265169,0,0,0.00817978,0.0970337,0.000842697,0.593955,0.164067,0.0313708,92.3647,748.303,1273.34,0.988764
0,0,0.28,0,0.16,0.18,0,0,0,0,0.02,0.09,0.11,0,0,0,0,0,0.14,0,0.02,0,0,0.04,0,0,0,0,0,0,0,0,0,0.07,0,0,0,0,0.02,0,0,0,0,0,0,0,0,0,0,0.116,0.021,0.032,0,0,16.6155,154,9089,1
0,0,0,0.04,0,0,0,0,0,0,0,0,0,0,0,0.02,0,0,0.02,0,0,0,0,0,0,0,0,0,0,0,0,0,0,0,0,0,0,0,0,0,0,0,0,0,0,0,0,0,1.024,9.752,0.003,1.542,1.785,1.998,239.571,9989,10062,1
