0.0895209,0.236613,0.245839,0.0234197,0.293396,0.0774089,0.105336,0.0880717,0.0322266,0.191543,0.0418289,0.513055,0.0762428,0.0389003,0.0210334,0.241889,0.107222,0.15969,1.6707,0.0443989,0.727032,0.0111449,0.0637933,0.0719705,0.580196,0.310253,1.04456,0.160533,0.127972,0.130286,0.0804067,0.0612956,0.105152,0.0618801,0.128481,0.114092,0.137936,0.0147334,0.0989515,0.0705664,0.0523742,0.16768,0.0541338,0.102323,0.385444,0.211522,0.00474842,0.0349443,0.0203254,0.136536,0.0158367,0.23861,0.0447433,0.0308942,2.40695,15.687,72.1648,0.296174
0.19,0,0.38,0,0,0.19,0,0,0,0,0.19,0.19,0,0,0,0.38,0,0.19,1.14,0,0.38,0,0,0,0,0,0,0,0,0,0,0,0,0,0,0,0,0,0,0,0,0,0,0,0,0,0,0,0.01,0.01,0,0,0,0.003,2.383,21,15841,1
0.317234,0.152128,0.288936,0.0917021,0.0753191,0.110426,0.0204255,0.142766,0.230851,0.410638,0.151277,0.649149,0.349574,0.677447,0.0265957,0.161277,0.281489,0.12234,1.93106,0.0476596,0.891915,0.0334043,0.460426,0.298723,0.0951064,0.0604255,0.00510638,0.00148936,0.00212766,0.00382979,0,0,0.309362,0,0,0.0297872,0.176383,0.00148936,0.00659574,0.017234,0.0246809,0.00765957,0.00446809,0.0159574,0.0438298,0.0568085,0.00978723,0.0502128,0.0287872,0.116851,0.00717021,0.254596,0.340234,0.0901277,5.50436,188.723,3290.85,0.765957
0,0,0,0.04,0,0,0,0,0,0,0,0,0,0,0,0.02,0,0,0.02,0,0,0,0,0,0,0,0,0,0,0,0,0,0,0,0,0,0,0,0,0,0,0,0,0,0,0,0,0,1.024,9.752,0.003,1.542,1.785,1.998,239.571,9989,10062,1
0.125659,0.161628,0.490388,0.221938,0.424031,0.33031,0.166667,0.15876,0.415349,0.353721,0.160388,0.622558,0.151473,0.0770543,0.553333,0.300853,0.160233,0.497829,1.60527,0.479922,0.916977,0.619457,0.39186,0.166589,0.135581,0.0751938,0.00744186,0.00449612,0.00410853,0.00728682,0.0079845,0,0.0310853,0.00100775,0.0427907,0.036124,0.0811628,0.00364341,0.0123256,0.0268217,0.00193798,0.0113178,0.0486822,0.0131008,0.0433333,0.0407752,0.00139535,0.00953488,0.028155,0.124589,0.0176977,0.295093,0.144907,0.0815271,8.39737,348.388,1421.21,0.790698
0.287333,0.163333,1.13533,0.0126667,1.03467,0.0293333,0.124,0.0586667,0.426,0.932667,0.0446667,0.188667,0.0513333,0,0.147333,0.178,0,0.170667,0.836667,0.580667,1.01133,0,0.0586667,0.0853333,0.222667,0,0.0973333,0.032,0,0.0386667,0,0,0,0.0253333,0,0,0.0386667,0,0,0.0586667,0,0,0,0,0,0,0,0,0,0.0138667,0,0.6918,0.175,0.002,454.223,1330.4,1462.73,0.933333
0.0725,0.01,0.15,0,0.115,0.1,0,0.0725,0.0725,0.235,0.045,0.055,0.09,0,0.0475,0.01,0.0975,0.0475,0.47,0.01,0.2075,2.3825,0.1725,0.1375,0,0,0,0,0,0,0,0,0,0.035,0,0.01,0,0,0.02,0,0,0,0,0,0.0475,0,0,0,0.28475,0.07675,0.01525,0.1105,0.028,0.00825,12.2612,371,8310.75,0.75
0.156303,0.198662,0.419014,0.207676,0.310106,0.138486,0.0798944,0.171901,0.357852,0.515423,0.105563,0.676056,0.151197,0.131901,0.159155,0.240915,0.164331,0.297324,1.56708,0.200035,1.17465,0.409155,0.158521,0.191408,0.541092,0.153028,0.0263732,0.0197183,0.00693662,0.0248592,0.0201408,0.0025,0.0891549,0.00316901,0.0700352,0.0385211,0.128592,0.00415493,0.0199648,0.0352113,0.0122183,0.0579577,0.0158451,0.00989437,0.0424296,0.0410563,0.00771127,0.0254577,0.0727254,0.133391,0.0301831,0.572282,0.199877,0.0635704,7.57266,129.539,869.863,0.65493
0.121258,0.128702,0.328517,0.173444,0.383748,0.12302,0.168384,0.143007,0.15747,0.289828,0.092106,0.60845,0.112093,0.0464503,0.0436556,0.281046,0.272079,0.208185,1.65266,0.152066,1.00551,0.411722,0.161576,0.117311,0.537881,0.173576,0.0704503,0.0461325,0.036596,0.0419205,0.0321987,0.0163179,0.0625695,0.0174305,0.0435099,0.0664768,0.145232,0.0132583,0.0335497,0.0624503,0.0282517,0.0448344,0.027894,0.0247682,0.111748,0.13543,0.00839735,0.0242517,0.107164,0.148274,0.0178424,0.274628,0.116748,0.0823934,6.58655,69.2795,389.874,0.6
0.262609,0.232174,0.293043,0.00413043,0.233478,0.0713043,0.0373913,0.152174,0.343696,0.451087,0.175217,0.523913,0.31413,0.572174,0.0736957,0.261087,0.299783,0.118913,2.08739,0.0404348,0.942174,0.0565217,0.329783,0.316739,0.381087,0.0923913,0.00282609,0.000869565,0.00304348,0.00847826,0,0,0.157391,0,0.00673913,0.0563043,0.147826,0.0023913,0.00804348,0.038913,0.018913,0.005,0.00826087,0.0178261,0.0517391,0.0758696,0.0026087,0.0330435,0.0282826,0.105304,0.0177609,0.299609,0.35187,0.0853043,7.12354,296.196,2248.04,0.73913
