0.0896302,0.235246,0.246063,0.0234059,0.294074,0.0776469,0.104817,0.088822,0.0329943,0.193299,0.0419982,0.514653,0.0768387,0.038649,0.021351,0.241873,0.109404,0.159591,1.66694,0.0454101,0.728401,0.011703,0.0646883,0.0715419,0.578589,0.310274,1.03512,0.159395,0.128032,0.130033,0.0797942,0.0608768,0.10518,0.0614554,0.127542,0.113546,0.138249,0.014584,0.0983358,0.0705249,0.0518908,0.16598,0.0538533,0.102186,0.382419,0.209448,0.00470027,0.0348225,0.0202642,0.136732,0.0159556,0.238213,0.0450892,0.031572,2.41611,15.9383,73.8333,0.298539
0.187237,0.220132,0.803816,0.120526,0.650526,0.475132,0.251711,0.161053,0.515789,0.580395,0.204211,0.755789,0.163026,0.103816,0.849474,0.307763,0.145526,0.695263,1.6625,0.778158,1.28908,0.0810526,0.477368,0.147368,0.0426316,0.00118421,0.0192105,0.00381579,0,0.00763158,0,0,0.00473684,0,0.00552632,0,0.0163158,0,0.00894737,0.0332895,0,0,0.0780263,0.0105263,0.0413158,0.0310526,0,0.00289474,0.00744737,0.0904079,0.000986842,0.515605,0.144553,0.0331184,74.2588,727.789,1333.67,0.986842
0.219259,0.195802,0.309506,0.0045679,0.294568,0.0985185,0.0402469,0.189012,0.30284,0.401358,0.147284,0.57642,0.251235,0.355926,0.0938272,0.302716,0.25716,0.165926,1.93778,0.0903704,0.919012,0.519506,0.319877,0.288889,0.288395,0.0783951,0.0037037,0.00308642,0.00185185,0.0135802,0.00592593,0,0.0844444,0.00160494,0.00691358,0.077284,0.126173,0.00604938,0.0120988,0.0223457,0.0122222,0.00234568,0.00876543,0.0141975,0.0417284,0.0616049,0.00197531,0.0279012,0.0333333,0.112691,0.023963,0.271815,0.287975,0.110235,6.04056,203.728,1916.75,0.703704
0.0966667,0.0133333,0.2,0,0.153333,0.133333,0,0.0966667,0.0966667,0.313333,0.06,0.0733333,0.12,0,0.0633333,0.0133333,0.13,0.0633333,0.626667,0.0133333,0.276667,3.17667,0.23,0.183333,0,0,0,0,0,0,0,0,0,0.0466667,0,0.0133333,0,0,0.0266667,0,0,0,0,0,0.0633333,0,0,0,0.372333,0.095,0.014,0.14,0.03,0.00366667,15.1877,493,9113.67,1
0.122646,0.129441,0.335492,0.174348,0.385585,0.124694,0.171476,0.145372,0.167806,0.29512,0.0948271,0.606476,0.109907,0.0493883,0.0512633,0.279255,0.275359,0.203936,1.66621,0.159309,1.0202,0.419348,0.159229,0.12625,0.554548,0.16891,0.0668351,0.0447207,0.0310505,0.0380186,0.0321277,0.0158378,0.0608511,0.0169548,0.042766,0.0657181,0.142779,0.0133112,0.0326995,0.0619415,0.0296941,0.0484973,0.0276463,0.0208511,0.111809,0.139734,0.00916223,0.0233112,0.110406,0.14898,0.0171516,0.281453,0.12164,0.0793324,6.65933,72.2021,407.612,0.601064
0.3,0.1438,0.278,0.0888,0.0736,0.1056,0.0192,0.1368,0.2238,0.3882,0.1422,0.6214,0.3286,0.6372,0.0254,0.1542,0.2672,0.1172,1.8226,0.0448,0.8436,0.0314,0.4328,0.2808,0.1174,0.0856,0.0054,0.0018,0.0024,0.0036,0,0,0.3266,0,0,0.033,0.2078,0.0024,0.0062,0.0162,0.0244,0.008,0.0046,0.0174,0.0412,0.0592,0.0096,0.0502,0.03266,0.1185,0.01074,0.23982,0.3205,0.08516,5.34284,179.76,3317.82,0.72
0,0,0,0.04,0,0,0,0,0,0,0,0,0,0,0,0.02,0,0,0.02,0,0,0,0,0,0,0,0,0,0,0,0,0,0,0,0,0,0,0,0,0,0,0,0,0,0,0,0,0,1.024,9.752,0.003,1.542,1.785,1.998,239.571,9989,10062,1
0.142286,0.189464,0.398464,0.275821,0.291643,0.132393,0.0775714,0.149643,0.360714,0.471571,0.0996429,0.622929,0.150214,0.122964,0.150857,0.241429,0.127536,0.314893,1.51107,0.187393,1.064,0.513286,0.1595,0.172607,0.494929,0.153357,0.0261429,0.0196786,0.00785714,0.0241786,0.0205,0.00157143,0.0906786,0.00225,0.0864643,0.0362857,0.133393,0.00435714,0.019,0.03275,0.0085,0.0546429,0.0138214,0.0116071,0.038,0.0346429,0.00628571,0.02625,0.0690929,0.132125,0.0325393,0.539996,0.186861,0.0723714,6.7402,118.204,942.95,0.653571
0.19,0,0.38,0,0,0.19,0,0,0,0,0.19,0.19,0,0,0,0.38,0,0.19,1.14,0,0.38,0,0,0,0,0,0,0,0,0,0,0,0,0,0,0,0,0,0,0,0,0,0,0,0,0,0,0,0.01,0.01,0,0,0,0.003,2.383,21,15841,1
0.245,0.2725,0.3375,0.0475,0.3625,0.0225,0,0.185,0.3425,0.6175,0.0725,0.16,0.0725,0,0.0975,0.0725,0.1975,0.2125,1.1275,0.1175,0.6175,0,0.4625,0.3475,0.0475,0,0,0.0475,0,0,0,0,0,0.095,0,0.06,0,0,0.0225,0.2325,0,0,0,0,0.0475,0,0,0,0.02875,0.05475,0,0.315,0.40375,0.01025,550.561,1730.5,2387.5,1
