0.0381481,0.0825926,0.35,0,0.0337037,0.0166667,0.0337037,0.112222,0.244074,0.175556,0.0444444,0.482222,0,0.155556,0,0.663333,0.0337037,0.0166667,1.03593,0.0592593,1.18148,0,0.137037,0.0611111,0.51037,0.494074,0.112222,0,0,0.0581482,0.0296296,0,0.169259,0,0,0.162593,0.07,0,0.0337037,0,0,0.104074,0,0,0.118148,0,0,0,0.00640741,0.135593,0.0182222,0.598111,0.075037,0,3.75441,29.5926,85.6296,0.666667
0.0703297,0.0537363,0.351099,0,0.423626,0.269011,0.116374,0.132527,0.0312088,0.240659,0.0124176,0.509121,0.121538,0.0152747,0.00274725,0.218571,0.119451,0.144505,1.50582,0.00406593,1.37868,0,0.160769,0.0796703,0.57011,0.38011,0.183077,0.143956,0.0667033,0.158242,0.0671429,0.0426374,0.0864835,0.0426374,0.117912,0.0957143,0.141868,0.00252747,0.0551648,0.0569231,0.063956,0.00879121,0.0748352,0.0106593,0.27011,0.0853846,0.0174725,0.00307692,0.0377912,0.160736,0.0248242,0.124429,0.0715934,0.010044,1.99645,12.8352,141.912,0.483516
0.12925,0.059,0.41175,0,0.8785,0.14425,0.16175,0.23225,0.137,0.3225,0.111,0.76675,0.0285,0.03525,0.025,0.339,0.62025,0.181,2.14975,0.2015,1.21525,0,0.3605,0.03075,0.204,0.022,0,0.016,0,0.006,0,0,0.05675,0,0.01175,0.09475,0.06675,0,0.012,0.06925,0,0,0.006,0.0145,0.3,0.004,0,0.006,0.0064,0.090025,0.004925,0.4229,0.153625,0.062925,4.29043,75.45,241.55,0.825
0.0418182,0.0630303,0.220455,0,0.326061,0.045303,0,0,0,0,0.0168182,1.12864,0.065,0.0716667,0,0.107727,0,0.094697,0.538636,0.0190909,0.175758,0,0,0.0262121,0.473485,0.417273,0.346212,0,0.188939,0.0954545,0,0,0.127727,0,0.0336364,0,0.120152,0.0212121,0.0325758,0,0.00939394,0.390758,0,0.154091,0.527273,0.055303,0,0.0334848,0.0388485,0.159515,0.0105303,0.111955,0,0.00977273,1.69988,5.31818,24.7121,0.0151515
0.0297368,0,0.285263,0,0.163158,0.0742105,0.120263,0,0.0234211,0.196579,0,0.401579,0.178684,0.0452632,0,0.217632,0.0565789,0.0344737,2.07711,0.315526,0.660526,0.0681579,0,0.12,0.0952632,0.119211,0,0.07,0,0,0,0,0,0,0,0.0518421,0,0,0,0,0,0.156579,0,0.0205263,0.374211,0.480263,0,0,0.00678947,0.0631316,0.00510526,0.0913421,0.0225526,0.0236316,3.63013,49.6316,94.5526,0.289474
0.129825,0.130877,0.33386,0.0203509,0.246667,0.159474,0.19193,0.0387719,0.0114035,0.195263,0.0419298,0.396667,0.150351,0,0.0310526,0.534737,0.110526,0.0961404,1.9193,0.0196491,0.799474,0.0998246,0.153684,0.11,0.482982,0.338596,0.229825,0.118421,0.0821053,0.137544,0.0752632,0.0752632,0.0742105,0.0989474,0.110702,0.115263,0.0315789,0,0.156667,0.0831579,0.00578947,0,0,0,0.291579,0.177544,0,0.0447368,0.0141754,0.131228,0.0121754,0.417526,0.0367544,0.0435789,3.75154,37.1579,126.509,0.54386
0.08,0.158824,0.0270588,0,0.137059,0.0976471,0.144118,0.218235,0.08,0.133529,0.0270588,0.278824,0,0,0,1.01,0.134118,0.492941,2.26294,0,1.25941,0.227647,0.132941,0,0.252353,0.297647,0.182353,0.133529,0,0.0452941,0.0452941,0,0,0,0.179412,0.0452941,0,0,0,0.0358824,0,0,0,0,0.32,0,0,0,0.0276471,0.0500588,0,0.441706,0.0898235,0.137176,5.47518,36.3529,93.8235,0.882353
0.0919444,0.261389,0.2975,0.00861111,0.431111,0.1425,0.0861111,0.104722,0.0955556,0.290833,0.0144444,0.797778,0.0494444,0.015,0.0572222,0.158889,0.187222,0.320278,1.50472,0.0438889,0.985833,0.104167,0.0355556,0.104444,0.405556,0.304167,0.169444,0.128333,0.0822222,0.144722,0.0258333,0.0344444,0.0808333,0.0433333,0.0933333,0.0583333,0.1875,0.00194444,0.0630556,0.0430556,0.04,0.0372222,0.0194444,0.0897222,0.0619444,0.0522222,0,0.0575,0.000777778,0.14425,0.0055,0.196583,0.0378333,0.0285833,3.85728,42.0833,243.389,0.5
0.0281132,0,0.210943,0,0.315094,0,0.0418868,0.0628302,0.0628302,0.0739623,0,0.715472,0.0483019,0.0369811,0,0.233774,0.0628302,0.163962,2.01981,0,0.578679,0,0.12717,0.376981,0.749623,0.539434,0.188679,0.216226,0.0718868,0.142264,0.140943,0,0.0673585,0,0.157358,0.09,0.114906,0.0754717,0.219245,0.0418868,0.137358,0.307925,0.0549057,0.210189,0.508868,0.177736,0,0.0698113,0.0460943,0.102302,0.012,0.416698,0.0692453,0.0371509,2.39308,11.0943,27.4528,0.339623
0.183763,0.197419,0.503978,0,0.283441,0.0531183,0.0278495,0.0125806,0.0210753,0.199892,0.0103226,0.441398,0.104301,0.11871,0,0.202151,0,0.241075,1.35129,0.195484,0.637742,0,0,0.115914,0.194516,0.0607527,0.493871,0,0.0578495,0,0,0,0.226129,0,0,0.0107527,0,0.118925,0.0950538,0.0125806,0.0346237,0.329677,0,0.0678495,0.648387,0.277312,0.0313978,0,0.0286129,0.105753,0,0.177172,0,0,1.24196,2.39785,12.2366,0.0860215
0.0595455,0.117727,0.348182,0,0.740909,0.123636,0.234318,0.178182,0.0977273,0.202273,0.0822727,0.695,0.0545455,0,0.281818,0.322955,0.421591,0.309318,1.88205,0.561136,1.20591,0,0.322955,0.0877273,0.484091,0.213636,0.0838636,0.196818,0.0311364,0.164773,0.0311364,0.0311364,0.0159091,0.0311364,0.0593182,0.0763636,0.14,0,0.2325,0.101364,0,0.0647727,0,0,0.191364,0.0497727,0,0,0.00456818,0.176705,0,0.224523,0.08725,0.0120455,5.17107,56.9773,137.682,0.636364
0.106346,0.133269,0.337692,0.0155769,0.508462,0.140192,0.113077,0.0863462,0.0498077,0.223462,0.0548077,0.6625,0.0553846,0.0101923,0.00307692,0.266538,0.126923,0.218077,1.6625,0.0401923,1.09135,0,0.0963462,0.241154,0.642115,0.417115,0.222692,0.146538,0.123654,0.126154,0.0726923,0.100769,0.0471154,0.100769,0.113654,0.108462,0.179231,0,0.0909615,0.0951923,0.0898077,0.0686538,0.0917308,0.0328846,0.175577,0.183846,0.0205769,0.01,0.0148077,0.138192,0.0241538,0.113038,0.0411538,0.00859615,2.07992,14.3077,158.288,0.442308
0,0,0,0,0,0,0,0,0,0,0,0,0,0,0,0,0,0,0,0,0,0,0,0,0.483043,0.62087,11.6526,0,0,0,0,0,0,0,0,0,0,0,0,0,0,0.966087,0,0,0.289565,0,0,0.362174,0.113565,0.152522,0,0.105696,0,0,1.53543,3.04348,8.52174,0
0,0.0448276,0.283448,0,0.175172,0.0515517,0.0560345,0,0,0.158448,0,0.530862,0.0137931,0.0431034,0,0.122586,0,0.345,4.46483,0,1.10276,0,0,0,0,0,0.359828,0,0,0.0584483,0,0,0,0,0,0.0441379,0,0,0.0208621,0,0,0,0.0781034,0,0.643103,0.23569,0,0.0156897,0.013,0.0575517,0.00568966,0.593897,0.016431,0,1.36366,3.32759,15.4655,0.172414
0.0848077,0.0263462,0.278462,0,0.298462,0.188077,0.085,0.124808,0.0486538,0.186346,0.0555769,0.477308,0.0942308,0.0732692,0.0192308,0.233654,0.201154,0.2325,1.33308,0.18,0.839808,0,0.0823077,0.121731,0.633462,0.347308,0.116538,0.149423,0.141923,0.101731,0.0576923,0.0325,0.0798077,0.0325,0.122885,0.111346,0.1575,0.00269231,0.0153846,0.0596154,0,0.0173077,0.0748077,0.0388462,0.177308,0.116346,0,0.0494231,0.0222308,0.172885,0.0284038,0.118673,0.0436923,0.0146346,2.16012,14.3654,188.808,0.423077
0.0434146,0.300244,0.322439,0.978781,0.611951,0.208293,0.817317,0.0797561,0.0680488,0.369024,0.0365854,0.740976,0.0595122,0.0156098,0.022439,0.392195,0.220732,0.368293,2.21293,0.0309756,1.23488,0,0.0656098,0.0704878,0.10561,0.0121951,0.153659,0.0343902,0.0121951,0.00609756,0.176585,0,0,0.0104878,0.0685366,0.0129268,0.0387805,0,0.0458537,0.463415,0,0.00487805,0,0,0.223415,0.0107317,0,0.0243902,0.0118293,0.191585,0.0159024,0.327707,0.0500976,0.0304878,12.9032,169.829,403.293,0.634146
0.30617,0.144894,0.280426,0.0917021,0.0723404,0.106809,0.0193617,0.139787,0.221064,0.399574,0.144681,0.630213,0.341064,0.652766,0.0255319,0.158936,0.276596,0.12,1.86936,0.0476596,0.868511,0.0334043,0.447021,0.28766,0.0951064,0.0604255,0.00510638,0.00148936,0.00212766,0.00382979,0,0,0.309362,0,0,0.0297872,0.176383,0.00148936,0.00659574,0.017234,0.0246809,0.00765957,0.00446809,0.0159574,0.0421277,0.0568085,0.00978723,0.0502128,0.0292553,0.115766,0.00757447,0.24734,0.329319,0.0877872,5.44715,185.447,3357.47,0.744681
0.10569,0.0465517,0.27,0,0.455,0.075,0.0632759,0.103276,0.0268966,0.201724,0.037069,0.688448,0.0565517,0.0148276,0.182586,0.300862,0.0584483,0.176034,1.51034,0.00724138,0.847069,0.0555172,0.103103,0.0877586,0.777759,0.458103,0.271379,0.366724,0.136379,0.0948276,0.123276,0.0812069,0.09,0.0812069,0.183966,0.181379,0.271379,0.00689655,0.141379,0.112069,0.0706897,0.0717241,0.180517,0.121552,0.308103,0.376034,0,0.0106897,0.0416897,0.18581,0.0326207,0.174207,0.0979655,0.0132414,2.45062,12.8276,104.103,0.413793
0,0,0,0,0,0,0,0,0,0,0,0,0,0,0,0,0,0,0,0,0,0,0,0,0,0,26.666,0,0,0,0,0,0,0,0,0,0,0,0,0,0,0,0,0,0,0,0,0,0,0,0,0,0,0,1.59575,2.8,5.1,0
0.0656364,0.0261818,0.512,0,0.215636,0.0283636,0.0845455,0,0.0763636,0.254182,0.0554545,0.503455,0.0958182,0.0145455,0.0309091,0.127091,0.0814545,0.0989091,3.99727,0.0690909,0.84,0,0,0.0358182,0.110727,0.0658182,0.562364,0,0.0110909,0.0585455,0,0,0.038,0,0,0.018,0.208364,0,0.188545,0,0.0778182,0.0918182,0.0156364,0.0676364,0.308182,0.276364,0,0.0652727,0.0163636,0.0742909,0,0.146891,0.0194182,0,1.44091,4.32727,25.0727,0.145455
0,0,0,0,0.284321,0.0362963,0,0,0,0,0,0.0411111,0,0,0,0,0,0.0949383,0.241975,0,0,0,0,0,0,0,0.241605,0,0,0,0.154321,0,0,0,0,0,0,0,0,0,0,0,0,0,0.0440741,0,0,0,0.00833333,0.108321,0.0503827,0.253259,0,0,1.10494,1.22222,3.7037,0.0493827
0.124222,0.108333,0.248667,0.135667,0.510778,0.120889,0.0623333,0.100111,0.199667,0.265778,0.111333,0.742222,0.131556,0.058,0.0546667,0.149333,0.238444,0.155667,1.73656,0.0812222,0.719778,0.824333,0.227667,0.133,0.519,0.167889,0.0191111,0.0258889,0.0172222,0.0262222,0.0101111,0.0125556,0.101111,0.00366667,0.0272222,0.0868889,0.102667,0.0147778,0.016,0.00944444,0.0288889,0.069,0.0118889,0.0135556,0.0406667,0.0973333,0.0322222,0.0272222,0.0377,0.125611,0.0115444,0.135211,0.0751333,0.0957,3.48063,36.9556,482.422,0.6
0.106061,0.157121,0.23697,0.80197,0.246212,0.0783333,0.0409091,0.125455,0.307576,0.193939,0.069697,0.49803,0.105909,0.0171212,0.0330303,0.282424,0.165455,0.175758,1.50106,0.0365152,0.792273,0.646364,0.0874242,0.131515,0.754848,0.168788,0.116818,0.0201515,0.0375758,0.0309091,0.0143939,0.0143939,0.0430303,0.0143939,0.0415152,0.0657576,0.133636,0.0521212,0.0224242,0.0472727,0.00575758,0.0151515,0.0415152,0.00636364,0.0789394,0.0274242,0,0.0292424,0.189061,0.127258,0.0142273,0.238273,0.119636,0.0816212,5.33314,57.1818,422.167,0.530303
0.0294382,0.0733708,0.429101,0,0.304157,0.00876404,0.0596629,0.0669663,0.0183146,0.106517,0.0246067,0.524045,0.117191,0.0425843,0,0.16618,0.0593258,0.226517,1.85157,0,0.460674,0,0,0,0.114831,0.125843,0.475056,0,0.138764,0.0574157,0,0,0.0969663,0,0,0,0.102472,0.048764,0.0403371,0.0107865,0.0462921,0.343258,0.0586517,0.124494,0.443258,0.158427,0,0.0280899,0.0172472,0.152876,0.0123371,0.149472,0,0.00138202,1.39126,3.46067,19.4382,0.134831
0.0956757,0.228919,0.157838,0,0.330541,0.108108,0.140811,0.05,0,0.262703,0.0264865,0.258108,0.0616216,0,0.077027,0.14973,0.0483784,0.0545946,1.16865,0,0.44973,0,0,0,0.458108,0.167027,0.162973,0.195946,0,0.118649,0,0.135946,0.381351,0.135946,0.265405,0,0.325135,0,0.0281081,0,0,0.28027,0.105135,0.0810811,0.0775676,1.2073,0,0,0.00808108,0.178351,0.0111081,0.133865,0,0,2.74786,17.1892,53.973,0.216216
0.49913,0.766087,0.79,0.398261,0.340435,0.222609,0.0530435,0.428696,0.393043,1.43826,0.0473913,1.52652,0.131739,0.295217,0.363478,0.312174,0.183913,0.671739,2.03609,0.365652,3.39478,0.0165217,0.417826,0.241304,0,0,0,0,0,0,0,0,0.0143478,0,0.0552174,0,0.016087,0,0,0,0,0,0.00826087,0,0,0,0,0,0.0238696,0.153739,0,1.01309,0.170435,0.0643478,41.0404,622.435,877.391,1
0,0,0,0,0.549231,0,0,0,0,0,0,0,0,0,0,0,0,0,1.59462,0,0,0,0,0,0,0,0,0,0,0,0,0,0,0,0,0,0,0,0.854615,0,0,0,0,0,11.9831,0,0,0,0,0.175769,0,0.712154,0,0,1.37423,2.76923,7.38462,0
0.119688,0.204687,0.584375,0.616562,0.491562,0.204375,0.318437,0.216563,0.055625,0.270937,0.150625,0.529687,0.134687,0,0,0.4475,0.399688,0.404062,2.46844,0.552187,1.61,0.026875,0.135937,0.250938,0.0178125,0.0178125,0,0,0,0,0,0,0.0084375,0,0,0.0228125,0.09875,0,0.0746875,0.0059375,0,0,0.02375,0.00875,0.126562,0.03875,0,0,0.0110625,0.0990938,0.026625,0.456531,0.0816563,0.0336562,7.91838,135.781,293.969,0.96875
0.135938,0.198125,0.467344,0.668906,0.281875,0.12625,0.054375,0.117187,0.266719,0.3025,0.074375,0.799844,0.215156,0.112187,0.14625,0.166406,0.144375,0.208437,1.83437,0.0923437,1.01672,0,0.142031,0.192187,0.548594,0.122344,0.0207813,0.0264062,0.01125,0.0165625,0.0195312,0.0025,0.07375,0.0025,0.0275,0.0326562,0.0825,0.0021875,0.0195312,0.039375,0.0025,0.0801562,0.031875,0.0096875,0.0248438,0.001875,0,0.0096875,0.155875,0.131547,0.0201094,1.15155,0.282859,0.02025,4.21297,59.7344,761.781,0.640625
0,0,0,0,0,0,0,0,0,0,0,0,0,0,0,0,0,0,6.66,0,0,0,0,0,0,0,0,0,0,0,0,0,0,0,0,0,0,0,0,0,0,0,0,0,6.66,0,0,0,0,0,0,32.478,0,0,1.666,3,5,0
0.18,0.14549,0.509412,0.0360784,0.30451,0.072549,0.140196,0.194706,0.161569,0.247059,0.0566667,0.46,0.032549,0,0.0178431,0.394314,0.378235,0.284706,2.01765,0.36098,1.37608,0.43902,0.120196,0.129608,0.132745,0.0990196,0.0101961,0.0266667,0.0429412,0.0462745,0.0133333,0.00392157,0,0.00392157,0.0580392,0.0303922,0.106275,0.0170588,0.0239216,0.0582353,0,0.0260784,0.0243137,0.027451,0.159608,0.00745098,0.0272549,0.0619608,0.0211373,0.135569,0.0113725,0.494235,0.310216,0.286471,4.89198,76.1373,339.961,0.745098
0.151343,0.146716,0.826866,0.00283582,0.707612,0.520149,0.272836,0.136716,0.56597,0.458209,0.203284,0.601194,0.150746,0.0797015,0.967015,0.304776,0.11209,0.760149,1.5091,0.820448,0.926119,0.0862687,0.517612,0.144478,0.051194,0.00134328,0.021791,0.00716418,0,0.00865672,0,0,0.00313433,0.00567164,0.00432836,0,0.0129851,0,0,0.0401493,0,0,0.0835821,0.0119403,0.0447761,0.0364179,0,0,0.00285075,0.0761343,0.0011194,0.448209,0.160104,0.019791,108.883,790.104,1415.94,0.985075
0.103425,0.0934247,0.260685,0,0.347123,0.0580822,0.123973,0.167534,0.0873973,0.165205,0.0219178,0.510822,0.089726,0,0.0346575,0.151644,0.109041,0.212466,1.54178,0,0.504658,0,0.0626027,0,0.580274,0.460685,0.389589,0.201096,0.124932,0.120822,0.0820548,0.0784932,0.132192,0.0784932,0.179041,0.150548,0.243151,0.00986301,0.148904,0.0912329,0.0627397,0.0319178,0.155342,0.109863,0.287534,0.14589,0.00260274,0.0841096,0.0333151,0.162507,0.0288493,0.16537,0.0289589,0.0323151,2.05062,12.726,117.534,0.246575
0.0530556,0.0780556,0.253333,0,0.311111,0.181667,0.218611,0.169167,0.116944,0.256111,0.191944,0.670278,0.196944,0.0769444,0.0280556,0.238333,0.116944,0.17,1.4525,0.1425,0.925556,0,0.0177778,0.124167,0.449722,0.095,0.0336111,0.110556,0.0166667,0.193889,0.0338889,0.0166667,0.0111111,0.0166667,0.0563889,0.200556,0.191944,0,0.0477778,0.0619444,0,0.00638889,0.0102778,0.0238889,0.105556,0.0244444,0,0.0311111,0.019,0.119333,0.0213056,0.123389,0.0715,0.00297222,3.01158,45.9722,197.556,0.583333
0,0.543636,0.199394,0,0.169697,0,0.355152,0,0,1.21818,0,0.569697,0.0957576,0.0863636,0,0.0833333,0,0.0863636,2.63697,0,0.753939,0,0,0.19,0,0.0657576,0.635152,0.527879,0,0,0,0,0.150606,0,0,0.0863636,0.484242,0,0.957576,0.126061,0.0387879,0,0.0569697,0.0715152,0.640606,0.23303,0,0,0.077697,0.315303,0,0.0935152,0.0606364,0.0243939,3.60703,22.8485,39.9394,0.30303
0.109091,0.275455,0.162424,0,0.317576,0.0181818,0.18303,0.236061,0.0175758,0.322727,0.114848,0.362121,0.111818,0,0.0333333,0.106061,0.209697,0.180303,1.95455,0,0.731212,0.0606061,0.0712121,0.0254545,0.803636,0.456364,0.351515,0.454848,0.070303,0.205758,0.0563636,0.0563636,0,0.0563636,0.320303,0.0563636,0.276364,0,0.220606,0.0924242,0.06,0.0845455,0.140909,0,0.25697,0.303636,0,0,0.00906061,0.130576,0.0403939,0.384424,0.0266061,0.00242424,2.39794,15.9697,84,0.333333
0.125057,0.0693103,0.336782,0.00390805,0.294598,0.116552,0.0543678,0.16023,0.186437,0.241724,0.055977,0.733103,0.123563,0.0998851,0.0244828,0.175747,0.201034,0.143678,1.54851,0.123218,1.29805,0.00390805,0.201264,0.111609,0.662184,0.158966,0.00609195,0.0124138,0.00931034,0.015977,0.00183908,0,0.0849425,0,0.0156322,0.0568966,0.166207,0.00678161,0.0245977,0.00850575,0.0698851,0.0577011,0.00896552,0.0136782,0.0788506,0.282644,0.0062069,0.00712644,0.0354598,0.150897,0.018069,0.267437,0.0701034,0.0198391,4.39193,64.6437,550.931,0.643678
0.0605263,0,0.0346053,0,0.110789,0,0,0.0773684,0,0.0823684,0,0.339868,0.0184211,0.0957895,0,0.200789,0.0375,0.0184211,0.384868,0,0.0230263,0,0,0,0.0917105,0.0346053,0.387368,0,0,0.0547368,0,0,0.0547368,0,0.263158,0,0,0,0.0386842,0,0,0.169079,0,0.250132,0.207895,0.0936842,0,0.197368,0.00547368,0.118789,0.0730789,0.0505,0.0189868,0,1.46949,2.81579,8.09211,0.0394737
0.0929412,0.130588,0.491176,0,0.312353,0.175588,0.201176,0.282059,0.0752941,0.142059,0.0761765,0.561176,0.0797059,0,0.0652941,0.384706,0.212059,0.227353,2.135,0.431176,1.47559,0,0.409706,0.158529,0.432941,0.317941,0.0414706,0.08,0.0126471,0.0302941,0.0126471,0.0126471,0.0717647,0.0126471,0.08,0.0455882,0.159118,0.0161765,0.0917647,0.0926471,0.00911765,0.0323529,0.0388235,0,0.0967647,0.0247059,0,0.0685294,0.0148235,0.0671471,0.00720588,0.281647,0.188588,0.0614412,3.732,38.7059,174.912,0.735294
0.101087,0.154565,0.386087,0.0126087,0.258261,0.0978261,0.107391,0.133478,0.0493478,0.237609,0.103043,0.542391,0.0947826,0.00652174,0,0.420652,0.173478,0.401522,2.0363,0.149783,0.952826,0,0.151522,0.133696,0.139348,0.0784783,0,0.025,0,0.0478261,0,0,0,0.00652174,0.0665217,0.0497826,0.10587,0,0,0.0265217,0,0.0073913,0.0182609,0,0.170217,0.516957,0,0.0228261,0.0109565,0.122065,0.0102174,0.369609,0.123891,0.0218696,4.20615,63.7174,277.739,0.630435
0,0,0,0,0,0,0,0,0,0,0,0,0,0,0,0,0,0,0,0,0,0,0,0,16.3043,1.09857,0,0,0,0,0,0,0,0,0,0,0,0,0,0,0,0,0,0,2.88357,0,0,0,0,0,0,0.0802143,0,0,4.16179,16.5714,25.5,0
0.133846,0.106374,0.226044,0,0.134835,0.098022,0.140879,0.131429,0.0354945,0.273846,0.0224176,0.447912,0.0508791,0,0.0156044,0.206923,0.108022,0.192967,1.67,0.0295604,0.837912,0,0.00791209,0.0137363,1.04648,0.47,0.343077,0.388352,0.123736,0.286154,0.135824,0.0671429,0.156813,0.0671429,0.235055,0.130549,0.248681,0,0.0575824,0.124615,0.0303297,0.105824,0.0827473,0.114945,0.347473,0.162637,0,0,0.0196264,0.172681,0.0108791,0.224714,0.0735934,0.212341,2.26738,11.3626,60.6154,0.351648
0.096,0.008,0.196,0.008,0.092,0.118,0,0.058,0.058,0.188,0.074,0.082,0.072,0,0.038,0.088,0.078,0.076,0.608,0.008,0.242,1.906,0.138,0.11,0,0,0,0,0,0,0,0,0,0.028,0,0.008,0,0,0.016,0,0,0,0,0,0.038,0,0,0,0.4302,2.0094,0.009,0.3924,0.375,0.4024,57.5034,2297.8,10648.8,1
0.0534884,0.0572093,0.179767,0.0313953,0.217907,0.0983721,0.146744,0.0767442,0.0265116,0.190233,0.0202326,0.388372,0.129767,0.012093,0,0.109302,0.100698,0.0818605,1.74395,0,0.686744,0,0.08,0.0451163,0.796512,0.492791,0.56093,0.313256,0.159535,0.234651,0.142326,0.142326,0.0360465,0.142326,0.154186,0.142326,0.357907,0,0.166047,0.142326,0.0118605,0.0486047,0.246512,0.0648837,0.357442,0.290698,0,0,0.0177674,0.203,0.0143256,0.347372,0.049093,0.0347674,2.34312,13.8605,75.8837,0.302326
0.6875,0,0.738437,0,0.075625,0,0,0,0,0.0759375,0.6875,1.55062,0,0,0,0.25,0,0.0125,1.50406,0,5.53563,0,0,0.652187,0.07375,0.135,0,0,0,0.06125,0,0,0,0,0,0,0,0,0,0,0,0,0,0,0.0503125,0,0,0.0759375,0,0.014875,0,0.16625,0.103406,0,4.92928,27.2188,53.5938,0.5625
0.153478,0.124783,0.265435,0.00804348,0.295435,0.106304,0.0395652,0.230435,0.203696,0.299348,0.0923913,0.540435,0.148261,0.0695652,0.0623913,0.32413,0.210435,0.185652,1.49261,0.128696,0.707826,0.652609,0.261522,0.233478,0.461087,0.0893478,0.00586957,0.00543478,0.00326087,0.023913,0.0104348,0,0.0884783,0.00282609,0.0106522,0.118043,0.160217,0.00934783,0.0213043,0.0245652,0.0193478,0.00326087,0.0073913,0.0245652,0.0297826,0.0973913,0.0023913,0.0397826,0.0394565,0.123587,0.0373696,0.200739,0.163326,0.101739,5.77274,124.522,1677.87,0.543478
0,0,0,0,0.833333,0,0,0,0,0,0,0,0,0,0,0,0,0,0,0,0,0,0,0,8.33333,4.735,0,0,0,0,0,0,0,0,0,0.640833,0,0,0,0,0,1.2075,0,0.1125,0,0,0,0,0,0,0,0,0,0,1.41175,2.41667,6.16667,0
0,14.1478,0,0,0,0,0,0,0,0.132222,0,0,0,0,0,0,0,0,0,0,0,0,0,0,0,0,0,0,0,0,0,0,0,0,0,0,0,0,0,0,0,0,0,0,0.132222,0,0,0,0,0,0,0,0,0,1.77778,4.88889,9.02778,0
0.184412,0.0476471,0.142647,0,0.238529,0.0647059,0.358235,0.163824,0.0547059,0.158529,0.0988235,0.356471,0.0197059,0.103235,0.0411765,0.306765,0.293824,0.198529,1.43235,0,0.873824,0,0,0.0794118,0.287353,0.222059,0.0870588,0.379706,0.157059,0,0,0.0205882,0.035,0.0205882,0.176471,0.0791176,0.527647,0,0.111176,0,0,0.157059,0.0411765,0.0341176,0.175882,0.0658824,0,0,0.0358824,0.229353,0.00602941,0.360029,0.068,0.00558824,3.54671,23.8235,65.7353,0.617647
0.131538,0.25641,0.519487,0,0.455128,0.0633333,0.375128,0.0766667,0.0453846,0.364103,0.12359,0.494872,0.161026,0.0438462,0.0651282,0.389744,0.180769,0.39,2.37513,0.0117949,1.08872,0.0417949,0.468462,0.0635897,0.084359,0.084359,0,0.184872,0,0.084359,0,0,0.416667,0,0.181282,0.0251282,0.0702564,0,0,0.104872,0,0.0869231,0,0.0235897,0.118974,0.122308,0,0,0.0115128,0.0876154,0,0.705154,0.120308,0.0247949,6.11626,72.0256,193.359,0.74359
0.27125,0,0,0,0.26,0,0,0,0,0.305,0,5.23938,0,0,0,0,0,0,0.555625,0,0,0,0,0,0.223125,0.223125,0,0,0.28375,0,0,0,0.26,0,0,0,0,0,0,0,0,0.26,0,0,0,0,0,0,0,0.0783125,0,0.42725,0,0,1.81781,5.5625,15.9375,0
0.131316,0.475789,0.347368,1.86632,0.988158,0.156053,0.659211,0.164737,0.0626316,0.405526,0.0460526,0.686053,0.183947,0.088421,0,0.788158,1.65789,0.257895,2.11921,0.295789,1.64658,0,0.0207895,0.151579,0,0,0,0,0,0.0255263,0,0,0,0,0,0.0563158,0.122632,0.0410526,0,0.00894737,0,0,0,0,0.00894737,0,0,0,0,0.122816,0,0.755947,0.149526,0.0348421,8.12463,131.395,191.053,0.921053
0.12125,0.0608333,0.315208,0,0.162292,0.146042,0.138333,0.266667,0.211458,0.157917,0.0422917,0.366667,0.019375,0.239583,0.0241667,0.623542,0.0964583,0.19625,2.32813,0,1.13438,0,0.0441667,0.0960417,0.182083,0.473958,0.183333,0.0770833,0.154167,0.0452083,0,0,0,0,0,0,0.133958,0,0.130208,0,0.088125,0.280833,0.123125,0.0129167,0.771667,0.124583,0,0.0533333,0.0112292,0.082625,0.0225417,0.35175,0.06825,0.0449583,2.62642,13.9375,35,0.520833
0.11775,0.01075,0.173,0,0.22475,0.02975,0.08175,0.70075,0.09475,0.05225,0.03025,0.219,0,0.311,0,0.15225,0.15625,0.087,0.78175,0.03625,0.446,0,0.26425,0.064,0.167,0.12275,0.12175,0.13525,0,0.01475,0,0.01475,0,0.01475,0.094,0.1285,0.14,0,0,0,0,0,0,0.03725,0.61975,0,0,0.0415,0.0053,0.167725,0.006625,0.218125,0.186975,0.01325,3.9607,24.9,78.1,0.775
0.0665789,0.261579,0.255789,0,0.296316,0.0926316,0.248158,0.194211,0,0.310526,0.103421,0.248158,0.0321053,0.101579,0.0289474,0.513947,0.286316,0.359211,1.98842,0.0742105,0.913158,0.0394737,0.138421,0.138684,0.615526,0.275526,0.331053,0.192368,0.0110526,0.153684,0.0110526,0.0744737,0.0405263,0.0744737,0.0757895,0.0110526,0.176579,0,0.126579,0.0365789,0.0447368,0.0915789,0.110789,0.0294737,0.301053,0.744211,0.0189474,0,0.0116842,0.1275,0.00960526,0.246158,0.0497895,0.211316,2.43,18.5789,94.9211,0.473684
0.19625,0.314167,0.525417,0.0395833,0.455417,0.356667,0.13375,0.17375,0.587083,0.7875,0.224583,0.84125,0.230417,0.0783333,0.313333,0.232083,0.18875,0.516667,2.1975,0.3475,1.63167,0.02,0.49125,0.287083,0.38875,0.16375,0.01,0,0,0.0304167,0,0,0.05625,0,0.03,0.0275,0.13625,0.0358333,0.01,0.0304167,0,0.0304167,0.0141667,0.0204167,0.0966667,0.0595833,0,0,0.00575,0.149625,0.073625,0.649417,0.2335,0.0465833,9.866,292.417,788.958,0.958333
0.0928986,0.0873913,0.265942,0.277681,0.258841,0.0771014,0.065942,0.0634783,0.295217,0.362899,0.0817391,0.461304,0.134783,0.145797,0.093913,0.283913,0.0591304,0.246812,1.34826,0.248696,0.882464,0.87,0.0985507,0.0943478,0.372899,0.174783,0.0310145,0.0185507,0.00855072,0.016087,0.0324638,0.00130435,0.0776812,0.00130435,0.10058,0.0236232,0.166522,0.00057971,0.0166667,0.0389855,0.00971014,0.0353623,0.00869565,0.0111594,0.0413043,0.0491304,0.015942,0.0382609,0.0344928,0.153725,0.0202754,0.224087,0.127522,0.104116,6.15028,101.159,1231.72,0.594203
0,0,0,0,1.28875,0,0,0,0,0,0,3.475,0,0,0,0,0,0,0,0,0,0,0,0,0.80875,0.80875,0,0,9.02375,0,0,0,0,0,0,0,0,0,0,0,0,8.4,0,0,0,0,0,0,0,0,0,0.213,0,0,1.41112,3.375,13.75,0
0.220968,0.120968,0.286452,0.00177419,0.181935,0.168226,0.0427419,0.155,0.363226,0.215806,0.0867742,0.720645,0.0793548,0.0351613,0.0166129,0.185968,0.312419,0.0333871,1.14919,0.204194,0.804032,0.136129,0.0316129,0.234516,1.42161,0.245645,0.0333871,0.0108065,0.00951613,0.0380645,0.0216129,0.00435484,0.113548,0.00612903,0.0309677,0.110968,0.183065,0.0217742,0.0169355,0.0267742,0.0746774,0.02,0.0230645,0.0122581,0.0337097,0.132258,0.00741935,0.0322581,0.177468,0.221984,0.0142097,0.242903,0.102532,0.0858871,3.80674,45.3387,634.274,0.33871
0,0,0.107333,0,0.543667,0,0,0.370333,0,0,0,0.138667,0,0,0,0.133333,0,0,0.104,0,0.736333,0,0,0,0,0,0.774667,0,0.158667,0,0,0,0,0,0,0,0,0.492667,0,0,0,2.07267,0,0.270667,2.772,1.70567,0,0.111,0,0.0878,0,0.180367,0,0,1.05507,1.23333,5.86667,0.0333333
0.177778,0.125556,0.143889,0,0.750556,0.266111,0.407778,0,0.119444,0.472222,0.236111,0.312778,0.261111,0,0,1.13889,0.0755556,0.215,1.87111,0,0.745556,0,0,0.49,0.0661111,0.0661111,0.198333,0,0,0.0822222,0,0,0.206111,0,0.0661111,0.05,0.0755556,0,0,0.0755556,0.0144444,0,0.0388889,0.107222,0.123889,0.0677778,0,0,0,0.0287778,0,0.582333,0.067,1.10161,7.70206,69.2778,109.778,0.777778
0.262319,0.076087,0.275072,0,0.693333,0.0250725,0.144493,0.0810145,0.0184058,0.103623,0.0243478,0.503043,0.0342029,0.0366667,0.0124638,0.486232,0.28971,0.175217,2.28116,0.00637681,1.32145,0,0.217246,0.0797101,0.0897101,0.0273913,0.0981159,0.0537681,0.0073913,0.0297101,0.0073913,0.0165217,0.00637681,0.0165217,0.0482609,0.0978261,0.0291304,0,0.024058,0.0121739,0,0.046087,0.00927536,0.0318841,0.256957,0.0386957,0,0.0413043,0.010971,0.103435,0.0102464,0.443116,0.162072,0.00598551,3.07378,25.1449,113.696,0.826087
0.060274,0.125753,0.311233,0,0.184932,0.0512329,0.0710959,0,0.0175342,0.205479,0.0306849,0.406849,0.244932,0.0175342,0,0.433014,0.0316438,0.141644,1.47082,0.0365753,0.750685,0,0.0547945,0.00561644,1.24726,0.585616,0.621644,0.51,0.318219,0.409041,0.42589,0.300274,0.0354795,0.300274,0.527808,0.381644,0.242055,0.00561644,0.150137,0.312466,0.0778082,0.241781,0.153836,0.375068,0.269589,0.332055,0,0,0.00642466,0.199247,0.0396027,0.21663,0.196452,0.0256849,2.36045,11.8493,41.5205,0.260274
0.125051,0.147172,0.387273,0.144545,0.284545,0.114545,0.0924242,0.188182,0.397778,0.485859,0.123737,0.490404,0.118384,0.0650505,0.122323,0.270202,0.148384,0.336364,1.39162,0.175354,0.882626,0.945354,0.107273,0.196162,0.489798,0.156667,0.0315152,0.0256566,0.00575758,0.0276768,0.0205051,0.00191919,0.127778,0.00383838,0.129798,0.0329293,0.14202,0.00181818,0.0339394,0.0326263,0.00969697,0.0281818,0.00545455,0.0126263,0.0370707,0.0379798,0.00666667,0.029798,0.0609899,0.110354,0.0452929,0.336889,0.180515,0.107051,4.67404,71.0505,973.01,0.676768
0.21,0.448824,0.646471,0.0823529,0.291176,0.0241176,0.437647,0.0335294,0.169412,0.931176,0.145294,0.911765,0.0476471,0.0776471,0.177059,1.51235,0.374706,0.0370588,1.97235,0.135882,1.54941,0,0.0482353,0.146471,0.0317647,0.0470588,0.0170588,0.0341176,0,0,0,0,0,0.0170588,0.0341176,0.0135294,0.0358824,0,0,0,0,0,0,0,0.120588,0,0,0.0452941,0.0170588,0.0634706,0,0.830765,0.316118,0.0754118,40.6247,379.294,549.412,0.882353
0.314865,0.276757,0.336486,0.00351351,0.248919,0.0745946,0.0389189,0.149459,0.425676,0.528919,0.214054,0.579189,0.367838,0.723243,0.0859459,0.259189,0.332432,0.11027,2.41297,0.0359459,1.0927,0.0454054,0.393784,0.371622,0.0959459,0.0994595,0.00162162,0.000540541,0.000540541,0,0,0,0.123243,0,0.00189189,0.0321622,0.133784,0.00297297,0.00243243,0.0391892,0.00432432,0.00216216,0.00621622,0.00378378,0.0594595,0.0194595,0.00189189,0.0156757,0.0328378,0.100892,0.0108919,0.335595,0.430541,0.0987568,7.64754,346.757,2344.32,0.864865
0.108966,0.147241,0.367241,0,0.723103,0.126897,0.114828,0.202069,0.257241,0.575172,0.12931,0.538621,0.0775862,0.375517,0.243103,0.0982759,0.388621,0.0982759,1.72759,0.177931,1.42414,0.791724,0.141724,0.218276,0.235517,0.0289655,0.0237931,0.0151724,0.00517241,0.00517241,0.0227586,0.00517241,0.0913793,0.0117241,0.0227586,0.0206897,0.0824138,0.0182759,0.0162069,0.0448276,0,0.406897,0.0127586,0.0182759,0.0986207,0,0.00310345,0,0.0136552,0.117138,0.0146552,0.296069,0.183379,0.0946897,4.79872,127.69,640.483,0.689655
0.101053,0.0657895,0.335526,0,0.226316,0.184474,0,0,0,0.428684,0,0.127632,0,0.167895,0,0.267105,0,0.0571053,4.45737,0,2.65368,0,0,0,0,0,0.433158,0,0.0973684,0,0,0,0,0,0,0,0,0,0.114211,0,0,0,0,0,0.527105,1.22184,0.0571053,0,0.0107368,0.0671053,0,0.210684,0,0,1.15434,1.60526,7.13158,0.0789474
0,0,0.191,0,0,0,0,0.086,0,0.512,0,0.495,0.097,0,0.256,0,0,0.217,0.304,0,0.086,0,0,0,6.203,3.635,0.446,0.748,0.314,0.531,0.314,0.314,0.617,0.314,0.314,0.314,0.67,0,0.236,0.314,0,0.31,0.675,0,0.543,0,0.086,0.1,0.0512,0.2015,0.1723,0.0133,0,0,2.7862,13.5,69.2,0
0.0569231,0.0403846,0.276154,0,0.288462,0.158077,0,0.075,0,0.0246154,0.0480769,0.566154,0.0373077,0,0,0.0811538,0.156538,0.101923,1.02731,0,0.334231,0,0,0,0.563846,0.221923,0.0188462,0.0438462,0.0911538,0.187692,0,0,0.0711538,0,0.0803846,0.255769,0.0515385,0.0142308,0.0134615,0.0307692,0.0457692,0.0184615,0.0134615,0.0923077,0.127692,0.035,0,0.0373077,0.0207308,0.0962692,0.003,0.0797692,0.00530769,0.0015,1.58065,7,108.115,0.115385
0.0242222,0.0828889,0.243556,0,0.264222,0.154889,0.0908889,0.0344444,0.0531111,0.15,0.0848889,0.372444,0.125111,0.0608889,0.0522222,0.121778,0.0453333,0.15,1.30511,0.08,0.630667,0.871556,0.142667,0.0782222,0.658,0.248,0.126222,0.048,0.104,0.0435556,0.05,0.0673333,0.107556,0.0673333,0.0544444,0.100444,0.163556,0,0.0351111,0.0333333,0,0.0344444,0.0606667,0.046,0.119556,0.0817778,0,0.0202222,0.164333,0.193044,0.0526444,0.133644,0.141467,0.104689,3.30773,22.6222,271.956,0.511111
0.0792857,0.0189286,0.324286,0.0317857,0.396429,0.0325,0.135357,0.155714,0.0264286,0.363214,0.0339286,0.403929,0.4425,0.0167857,0.206429,0.205357,0.143214,0.449643,1.18857,0.0114286,0.6925,0.0803571,0.234286,0.015,0.918571,0.368571,0.269286,0.183214,0.168214,0.160357,0.0860714,0.0860714,0.0239286,0.0860714,0.0860714,0.119286,0.169643,0,0.113214,0.2125,0.00571429,0.07,0.132143,0.0167857,0.155,0.0192857,0,0,0.0477143,0.188929,0.0368929,0.178393,0.133214,0.02975,2.359,17.8214,245.036,0.464286
0,0,0.137037,0,0,0,0,0,0.067037,0,0,0,0.205556,0,0,0,0,0.194815,7.23259,0,0.067037,0,0,0,0.154074,0,2.54333,0,0,0,0,0,0.453704,0,0,0,0,0,0,0,0,0,0,0,1.63333,0.29963,0,0.176296,0,0.0547407,0.0278148,0.225,0.0125185,0,1.35826,2.85185,9.40741,0.0740741
0.1575,0.00975,0.2995,0,0.4925,0.0365,0.104,0.02325,0.00975,0.0395,0.07325,0.66225,0.252,0.0145,0.027,0.09875,0.20175,0.11125,1.90125,0.12275,0.6525,0,0.06075,0.01925,0.3325,0.076,0.05175,0,0.035,0.11975,0,0,0.00725,0,0.062,0.12725,0.06725,0.0115,0.02875,0,0.05825,0.115,0.03,0.18075,0.21625,0.0765,0.0225,0.056,0.012,0.1828,0.00585,0.205725,0.02645,0.001725,1.5441,5.975,74.425,0.325
0.0979412,0.0591176,0.318529,0,0.408529,0.0811765,0.100588,0.201765,0.0297059,0.41,0.119706,0.477059,0.125,0.0458824,0.0170588,0.238529,0.118529,0.105588,1.45529,0.0326471,0.907941,0.0544118,0.147941,0.109412,0.512941,0.225294,0.165,0.107647,0.0826471,0.0720588,0.0520588,0.0520588,0.0882353,0.0520588,0.0767647,0.0755882,0.346471,0.0447059,0.0858824,0.0585294,0,0.0429412,0.0882353,0.0611765,0.137647,0.0385294,0,0.0129412,0.0349118,0.180765,0.0211471,0.175382,0.0962059,0.0218529,2.94826,23.5294,223.735,0.558824
0.12,0.068046,0.230345,0,0.254598,0.0718391,0.0347126,0.0173563,0,0.0942529,0,0.691034,0.0965517,0.00873563,0.00758621,0.170575,0.0148276,0.175977,1.75218,0.00770115,0.631609,0,0,0.0347126,0.365632,0.36931,0.272644,0,0.15069,0.0302299,0.0133333,0,0.0790805,0,0,0.0316092,0.250805,0.0121839,0,0,0.0887356,0.248391,0.017931,0.202069,0.436207,0.17092,0,0,0.0329195,0.109621,0.0144253,0.0962644,0.016023,0.00925287,1.46759,4.74713,30.908,0.126437
0.0807895,0.065,0.379211,0.0228947,0.296579,0.103158,0.0234211,0.0828947,0.114211,0.196842,0.0123684,0.359474,0.0705263,0.00368421,0.0194737,0.215,0.124737,0.149737,1.33447,0.0231579,0.595,0,0.0355263,0.0323684,0.932632,0.541053,0.226316,0.147632,0.0728947,0.116842,0.143158,0.0481579,0.272895,0.0481579,0.0955263,0.174737,0.266579,0,0.106842,0.0952632,0.0157895,0.0452632,0.131842,0.193158,0.218947,0.158947,0.0286842,0.0468421,0.0211579,0.258711,0.0176842,0.100289,0.0148684,0.0655,2.21182,15.4474,208.737,0.263158
0.182,0.0734545,0.263091,0,0.394545,0.159273,0.234727,0.104909,0.076,0.266545,0.131455,0.561455,0.0796364,0.0278182,0.0312727,0.443636,0.103273,0.208182,2.08509,0.0341818,1.04836,0,0.0750909,0.112545,0.794727,0.519273,0.246182,0.315636,0.0983636,0.184727,0.07,0.155455,0.103091,0.155455,0.0965455,0.240545,0.0812727,0.0218182,0.140909,0.0767273,0.0207273,0.0285455,0.096,0.152909,0.235091,0.0241818,0.0290909,0.0258182,0.0174909,0.148727,0.00816364,0.213727,0.0328182,0.00587273,2.06615,10.0545,95.1636,0.363636
0.0784615,0.0470769,0.235692,0.0204615,0.107385,0.0610769,0.0315385,0.163077,0.0353846,0.118154,0.00830769,0.674,0.136769,0.00353846,0.0466154,0.0916923,0.152923,0.195231,1.57523,0.00984615,0.662923,0,0.0889231,0.0689231,0.441846,0.133692,0.171538,0.323846,0.0469231,0.150923,0.0598462,0.0295385,0.149231,0.0295385,0.200308,0.104462,0.299077,0,0.194923,0.05,0.114462,0.0749231,0.156462,0.0827692,0.410615,0.603538,0,0.0610769,0.00510769,0.211969,0.0242154,0.202338,0.0563538,0.0160923,2.27432,13.3538,69.0769,0.261538
0,0,0.0116667,0,0.444833,0.125167,0.0296667,0.137333,0,0.0683333,0,0.0308333,0.049,0.1225,0,0.0503333,0.026,0,0.314,0.045,0.1185,0,0.0353333,0,0.1565,0.091,0.277,0.098,0,0.098,0,0,0.453,0,0.098,0,0.0891667,0,0.163,0,0.725333,0.498833,0.119,0.25,0.474167,1.30983,0,0,0,0.123783,0.0552333,0.122533,0,0,2.18587,5.88333,14.7167,0.0333333
0,0,0,0,0,0,0,0,0,0,0,0,0,0,0,0.454545,0,0,0,0,0,0,0,0,0,0,19.6964,0,0,0,0,0,0,0,0,0,0,0,0,0,0,0,0,0,0,0,0,0,0,0,0,0,0,0,1.06533,1.22727,5.14773,0
0.0834783,0.168261,0.432174,0,0.348261,0.226087,0.33,0.0765217,0.013913,0.227391,0.115217,0.683043,0.114348,0,0,0.111739,0.123043,0.653043,2.29348,0.158696,1.36783,0.513478,0.0952174,0.125652,0.0195652,0.0226087,0,0,0,0.046087,0,0,0.2,0,0.0217391,0,0.0156522,0,0,0.07,0.046087,0,0.0382609,0,0.0891304,0.023913,0,0,0.00269565,0.0681304,0.00282609,0.429391,0.0943478,0.0789565,6.73248,65.1304,160.043,0.608696
0.157297,0.0963514,0.31027,0,0.238243,0.0683784,0.213784,0.0616216,0,0.122703,0.0560811,0.697703,0.103378,0,0.0486486,0.23973,0.0640541,0.221351,1.85838,0,0.661892,0,0.0928378,0,0.232297,0.0485135,0.149189,0.0240541,0.108649,0.0293243,0.00756757,0,0.212027,0,0.0541892,0.0563514,0.126216,0.0108108,0.174324,0,0.04,0.230405,0.0308108,0.0666216,0.231351,0.114595,0,0.0462162,0.0174324,0.137068,0,0.17777,0.0270405,0.0165,1.6877,5.90541,53.1216,0.243243
0.0784444,0.237111,0.161556,0,0.334,0.260444,0.146667,0.0726667,0.0817778,0.287778,0.056,0.565778,0.0688889,0,0.00644444,0.203111,0.107333,0.275556,1.42644,0,0.855333,0.0275556,0.0688889,0.05,0.500444,0.257556,0.332667,0.117778,0.154222,0.107333,0.0724444,0.0795556,0.193333,0.0795556,0.132222,0.082,0.191333,0,0.134889,0.0677778,0.0157778,0.0626667,0.107333,0.0144444,0.226222,0.0402222,0,0.0422222,0.00317778,0.229356,0.0396222,0.375644,0.0917333,0.0294222,3.51133,29.3111,153.4,0.466667
0.0357447,0.0359574,0.195532,0,0.169574,0.0417021,0.0242553,0.087234,0.0617021,0.848936,0.0187234,0.464468,0.0755319,0,0.0638298,0.0846809,0.0534043,0.187447,1.14106,0.082766,0.366596,0.0123404,0.0468085,0.144468,0.615745,0.438511,0.254681,0.372766,0.185957,0.19234,0.13766,0.0802128,0.0638298,0.0802128,0.163191,0.211277,0.129149,0.0114894,0.201277,0.0904255,0.0170213,0.0523404,0.0859574,0.0440426,0.307021,0.140638,0.032766,0.0602128,0.0611702,0.236745,0.00493617,0.191957,0.0425532,0.0154255,2.60604,10.8723,80.3404,0.297872
0.0702041,0.142857,0.280408,0,0.319796,0.102857,0.084898,0.0302041,0.0316327,0.222449,0.0222449,0.558163,0.0891837,0,0.022449,0.194898,0.151224,0.0626531,1.07061,0,0.667551,0,0.0934694,0.00959184,1.01306,0.460612,0.256122,0.186531,0.112245,0.178571,0.0885714,0.0710204,0.0989796,0.0710204,0.120816,0.11898,0.33449,0,0.166327,0.0967347,0.32551,0.0769388,0.163673,0.0477551,0.278571,0.525306,0,0.0197959,0.152816,0.168204,0.0207347,0.0859796,0.0615714,0.00889796,2.27267,15.9796,171.939,0.265306
0.0866667,0.211458,0.223125,0,0.417708,0.06125,0.0760417,0.0504167,0.019375,0.293125,0.0395833,1.03708,0.0660417,0.0266667,0.00958333,0.135625,0.084375,0.14125,1.50813,0.008125,0.464167,0,0,0.0414583,0.587708,0.463125,0.22625,0.375208,0.1025,0.144792,0.132083,0.0975,0.267292,0.0975,0.133542,0.231458,0.149375,0,0.0754167,0.0725,0.0235417,0.0310417,0.0552083,0.267708,0.0864583,0.040625,0,0.089375,0.00902083,0.166208,0.0088125,0.0954167,0.0204375,0.0129375,1.87148,8.64583,88.1458,0.166667
0.0528571,0.0312245,0.214286,0,0.189388,0.0487755,0.0528571,0.162857,0.00734694,0.152245,0.0544898,0.608367,0.0820408,0,0.0106122,0.126122,0.117959,0.390204,1.17163,0,0.352245,0,0,0,0.593469,0.212653,0.157347,0.0502041,0.0806122,0.110408,0.0502041,0,0.558367,0,0.0753061,0.184694,0.287551,0.0383673,0.167551,0,0.00755102,0.12102,0,0.237959,0.092449,0.0334694,0,0.0369388,0.0193061,0.130224,0.0264694,0.237388,0.0145714,0.006,1.56453,6.59184,65.4694,0.204082
0,0.0671429,0.224286,0,0.664286,0.04,1.78143,0.773571,0.773571,0.880714,0.773571,0.434286,0,0.0764286,0,0.947857,2.15357,0.0642857,1.45071,0.773571,3.37857,0,0.250714,0.0764286,0,0,0,0,0,0,0,0,0,0,0,0,0.315,0,0.0764286,0,0,0,0,0,0,0,0,0,0,0.0617857,0,0.656429,0.306714,0.0712857,64.9501,277.786,300.929,1
0.112656,0.0860938,0.294063,0.0201562,0.414063,0.162656,0.0720312,0.162969,0.0279687,0.228125,0.0495313,0.492812,0.0621875,0,0.0232813,0.254375,0.136094,0.162656,1.56047,0.102656,0.851094,0.0157813,0.1125,0.0379688,0.70625,0.577344,0.217188,0.33375,0.134063,0.123906,0.0678125,0.0629688,0.0670312,0.0721875,0.201719,0.16125,0.185938,0,0.132031,0.0596875,0.0560937,0.0959375,0.116719,0.065625,0.275625,0.227813,0.00140625,0.0178125,0.0190625,0.148016,0.026625,0.346,0.0643125,0.0204531,2.30978,15.2656,129.594,0.4375
0.0986957,0,0.0986957,0,0,0,0,0,0,0.483043,0,0.395652,0,0,0,0.334348,0,0,9.39739,0,1.10565,0,0,0.967391,0.0786956,0,0,0,0,0,0,0,0,0,0,0,0,0,0,0,0,0,0,0,1.57826,0.0921739,0,0,0.0318696,0.0330435,0,0,0,0,1.03261,1.08696,3.95652,0.0869565
0.142128,0.0488298,0.280638,0,0.280638,0.0529787,0.0890426,0.0191489,0.0252128,0.100426,0.0148936,0.502234,0.111277,0.0261702,0,0.218191,0.0361702,0.0964894,1.72883,0.00946808,0.429362,0,0.015,0.0565957,0.313191,0.29734,0.282766,0,0.146596,0.0625532,0.0137234,0,0.0364894,0,0.0467021,0.0758511,0.123191,0.00989362,0.0728723,0.0106383,0.0312766,0.265532,0,0.0629787,0.30266,0.110957,0.0108511,0.0652128,0.00415957,0.134213,0.0151915,0.199404,0.00705319,0.00553191,1.58856,5.44681,37.117,0.148936
0,0.0565385,0,0,0.283846,0,0.174615,0.153846,0,0.386923,0,0.698846,0,0.384615,0,0.88,0,0.0565385,1.575,0.0853846,0.0569231,0,0,0.406154,0,0,0.0853846,0.166923,0.147692,0,0,0,0,0,0.147692,0,0,0,0.123846,0,0.192308,0.147692,0,0,0,0,0,0.156538,0.147923,0.124769,0.0143846,0.299846,0,0.0288846,3.29277,10.6538,19.7692,0.346154
0.0925275,0.0450549,0.184835,0,0.264176,0.098022,0.152308,0.0787912,0.0142857,0.216484,0.0669231,0.785385,0.0371429,0.0305495,0.0246154,0.136813,0.17956,0.077033,1.85978,0.00494505,0.539121,0,0.108242,0.00956044,0.281538,0.107363,0.194835,0.0128571,0.0331868,0.142527,0.00989011,0,0.184615,0,0,0.115275,0.199011,0.00604396,0.108571,0.00285714,0.148901,0.141758,0.0235165,0.0976923,0.254396,0.136703,0,0.0667033,0.015044,0.11311,0.00834066,0.209165,0.0155604,0.00967033,1.6508,5.95604,44.4725,0.142857
0.137391,0.0608696,0.232464,0.014058,0.258986,0.114928,0.0586957,0.126087,0.0431884,0.22942,0.0337681,0.494928,0.106812,0.046087,0.00130435,0.112174,0.163623,0.0995652,1.25855,0.113913,0.451739,0.910435,0.156522,0.0594203,1.10667,0.40942,0.120725,0.0530435,0.0488406,0.0623188,0.0385507,0.0184058,0.0981159,0.0184058,0.0456522,0.0847826,0.324783,0.00275362,0.0147826,0.0318841,0.0717391,0.035942,0.0556522,0.03,0.102609,0.363333,0,0.0128986,0.353217,0.188174,0.0262609,0.140971,0.0747971,0.0706957,3.38112,26.9565,316.319,0.391304
0,0,0,0,0.0927273,0,0,0,0,0,0,0.125909,0,0,0,0,0,0.324545,0.267727,0,0,0,0,0,8.01455,4.005,3.68045,4.005,3.80682,4.005,4.005,3.68045,0,3.68045,4.005,4.005,0,0,0,3.68045,0,0.185455,0,0,0,0,0,0,0,1.04277,0,0.0217727,0,0,3.09745,10.9091,31.3636,0
0,0.107857,0.106429,0,0.446429,0,0.292857,0,0.0196429,0.225714,0,0.361429,0.21,0.111429,0,0.742143,0.0439286,0.509643,3.62607,0,1.61214,0,0,0,0.549286,0.0307143,0.0928571,0,0,0,0,0,0,0,0,0,0,0,0,0,0,0,0,0.0921429,0.405714,0.417857,0,0,0.0110357,0.0275357,0,0.8435,0.0328571,0,5.82118,49.4286,71.5714,0.392857
0.13,0.0492754,0.31,0,0.216087,0.0578261,0.116812,0.092029,0,0.218261,0.0792754,0.627391,0.0311594,0,0.00985507,0.15087,0.0953623,0.20913,1.73899,0.0321739,0.411159,0,0.0613043,0.0482609,1.45986,0.923188,0.294348,0.471449,0.275072,0.546667,0.323333,0.166377,0.148116,0.166377,0.567826,0.25942,0.117971,0,0.291449,0.175652,0.0565217,0.205507,0.0256522,0.102029,0.284638,0.237826,0,0.0227536,0.00857971,0.148377,0.00346377,0.342768,0.0208986,0.201,2.26967,11.7391,50.3333,0.26087
0.125556,0.111852,0.365556,0.00777778,0.32963,0.119444,0.0737037,0.108148,0.101481,0.342593,0.124074,0.499259,0.162222,0.0466667,0.131296,0.286667,0.155741,0.244444,1.28315,0.101667,0.705556,0.698519,0.246296,0.0668519,0.538889,0.240926,0.122778,0.161296,0.0690741,0.0738889,0.0901852,0.0359259,0.0612963,0.0359259,0.0790741,0.0851852,0.138519,0.0303704,0.0783333,0.0792593,0.0562963,0.115,0.0351852,0.0851852,0.117778,0.11463,0.027963,0.0477778,0.328537,0.151426,0.0152222,0.203204,0.072,0.0991296,3.43722,31.1481,372.648,0.425926
0,0,0,0,0,0,0,0,0,0,0,0,0,0,0,0,0,0,0,0,0,0,0,0,0,0,0,0,0,0,0,0,0,0,0,0,0,0,0,0,0,0,0,15.83,0,0,0,0,0,0,0,0,0,0,1.475,2.5,5.25,0
