0.0542105,0.133509,0.389298,0,0.577544,0.0989474,0.275263,0.168421,0.0810526,0.194912,0.101228,0.666491,0.0819298,0,0.217544,0.257018,0.289123,0.463158,2.0893,0.465439,1.28702,0.207193,0.264737,0.118421,0.33614,0.145614,0.057193,0.15193,0.0240351,0.132807,0.0240351,0.0240351,0.0157895,0.0240351,0.0457895,0.0589474,0.0819298,0,0.153333,0.106491,0.0185965,0.05,0.00631579,0,0.165965,0.0480702,0,0,0.00461404,0.153737,0.00114035,0.294632,0.0977018,0.0346667,6.1334,60.0175,143.877,0.631579
0.08,0.0931818,0.149545,0,0.2225,0.0781818,0.0820455,0.0518182,0.0295455,0.234318,0.105,0.619545,0.0522727,0,0.0509091,0.115227,0.333182,0.12,2.72795,0.0102273,0.671364,0,0.0825,0,0.251591,0.0538636,0.207955,0,0.0272727,0.0990909,0,0,0.224091,0,0,0.0540909,0.0745455,0.0125,0.0263636,0.00590909,0.0627273,0.0913636,0.0306818,0.0959091,0.390455,0.153409,0,0.0288636,0.0153636,0.0910909,0.0128409,0.330409,0.0183864,0.0166591,1.5368,4.97727,44.7045,0.136364
0.0628736,0.141839,0.314368,0.00517241,0.340115,0.122184,0.126207,0.0986207,0.061954,0.234138,0.0617241,0.54977,0.231724,0.0413793,0.117126,0.108046,0.0735632,0.28977,1.49989,0.0663218,0.76092,0.450805,0.183908,0.105057,0.683333,0.286667,0.192414,0.132414,0.100805,0.105172,0.0597701,0.0722989,0.0809195,0.075977,0.0789655,0.103218,0.147126,0,0.0716092,0.0922989,0.016092,0.0451724,0.0774713,0.0337931,0.116552,0.0627586,0,0.0170115,0.0988276,0.182299,0.0283448,0.171218,0.142805,0.051908,3.31755,26.6207,256.345,0.563218
0.147761,0.131791,0.821791,0.136716,0.703433,0.520149,0.285522,0.140746,0.57209,0.46791,0.214627,0.612985,0.150746,0.0797015,0.967015,0.301791,0.128657,0.762388,1.52985,0.871493,0.956716,0.0862687,0.517612,0.140746,0.0483582,0.00134328,0.021791,0.00432836,0,0.00865672,0,0,0.00537313,0,0.00432836,0,0.0129851,0,0,0.0401493,0,0,0.0880597,0.0119403,0.0447761,0.0364179,0,0,0.00862687,0.0791343,0.0011194,0.443,0.141358,0.0203134,77.618,743.731,1388.16,0.985075
0,0.1208,0.0972,0,0.5,0,0.328,0,0,0.1768,0,0.4048,0.1916,0.1248,0,0.8092,0.0492,0.5488,3.844,0,1.664,0,0,0,0.6152,0.0344,0.104,0,0,0,0,0,0,0,0,0,0,0,0,0,0,0,0,0.0816,0.3892,0.392,0,0,0.01236,0.0238,0,0.9222,0.0368,0,6.12752,49.24,70.36,0.44
0.0568605,0.0684884,0.202209,0.0156977,0.261628,0.027093,0.138488,0.130349,0.0313953,0.626628,0.0644186,0.341047,0.125,0,0.0430233,0.109884,0.129302,0.161512,1.74849,0,0.563605,0.00674419,0.0440698,0.0843023,0.77907,0.422791,0.383837,0.385814,0.14186,0.204884,0.120465,0.106628,0,0.106628,0.21907,0.160698,0.268488,0.00627907,0.179535,0.126047,0.0382558,0.0373256,0.16314,0.0369767,0.335,0.235698,0,0.0163953,0.0420116,0.194628,0.0206628,0.273523,0.0335465,0.0183372,2.56084,14.0233,79.8488,0.325581
0,0,0,0,0,0.0498305,0,0,0,0,0,0.0564407,0,0,0,0,0,0.130339,0.102712,0,0,0,0,0,0,0,0.258136,0,0,0,0,0,0,0,0,0,0,0,0,0,0,0,0,1.1261,0.0528814,0,0,0,0,0.0970169,0.0691695,0.0409322,0,0,1.09153,1.23729,3.91525,0
0.126327,0.14602,0.388571,0.14602,0.283469,0.115714,0.0920408,0.190102,0.401837,0.488163,0.125,0.492755,0.116939,0.0657143,0.122245,0.270306,0.149898,0.338469,1.37378,0.17449,0.876939,0.880204,0.107041,0.19551,0.494796,0.158265,0.0318367,0.0259184,0.00581633,0.0279592,0.0207143,0.00193878,0.129082,0.00387755,0.131122,0.0332653,0.143469,0.00183673,0.0342857,0.0329592,0.00979592,0.0284694,0.0055102,0.0127551,0.0361224,0.0383673,0.00673469,0.030102,0.0616122,0.11148,0.0457551,0.340102,0.182133,0.0990714,4.59465,70.6837,971.755,0.673469
0.0771605,0.0450617,0.310123,0,0.279383,0.175185,0.0641975,0.0901235,0.0703704,0.155432,0.0408642,0.531481,0.0744444,0.047037,0.0230864,0.191975,0.173704,0.174321,1.29765,0.115556,0.720123,0,0.0946914,0.106173,0.726667,0.370988,0.148642,0.119259,0.110864,0.121235,0.0534568,0.0332099,0.132346,0.0332099,0.0966667,0.113704,0.17037,0.0017284,0.0433333,0.0706173,0.196914,0.0225926,0.085679,0.0444444,0.191111,0.371975,0.00469136,0.0364198,0.0832222,0.159272,0.0247778,0.101222,0.0546296,0.0115432,2.17972,15.4938,190.049,0.382716
0.186538,0.215897,0.228974,0,0.395513,0.111026,0.17859,0.113333,0.0380769,0.309872,0.0648718,0.800769,0.109872,0.0328205,0.0355128,0.385385,0.110769,0.205513,1.94808,0.0291026,0.75359,0,0.0283333,0.0925641,0.870769,0.641026,0.336538,0.399615,0.129359,0.178974,0.146026,0.185,0.109359,0.185,0.183205,0.262051,0.174615,0,0.185641,0.114103,0.015641,0.080641,0.140897,0.222308,0.273333,0.064359,0.0205128,0.0497436,0.0119487,0.179256,0.0142821,0.179436,0.022359,0.0140897,2.08515,10.9231,91.0513,0.294872
0,0,0,0,0.0915385,0,0,0,0,0.055641,0,0.0811538,0,0,0,0,0,0,0,0,0.0320513,0,0,0,0.055641,0,0.291538,0,0,0,0.160256,0,0,0,0,0,0,0,0,0,0,0.184103,0,0,1.27667,0.747308,0,0.235,0,0.0705641,0.0712051,0.125026,0,0,1.37685,2.28205,6.61538,0.025641
0,0,0,0,0,0,0,0,0,0,0,0,0.69375,0,0,0,0,0,7.22625,0,0,0,0,0,0,0,7.22625,0,0,0,0,0,0.78125,0,0,0,0,0,0,0,0,0,0,0,2.5125,0,0,0.595,0,0,0,0,0,0,1.2425,2.125,8.25,0
0.0873684,0.0460526,0.312368,0,0.369737,0.0507895,0.0347368,0.08,0.0276316,0.0857895,0.0605263,0.668421,0.108684,0.00657895,0.02,0.123421,0.102895,0.178947,1.35579,0.180789,0.513421,0,0.02,0.0197368,0.252105,0.284474,0.137105,0.0628947,0.0794737,0.0592105,0.0397368,0,0.333421,0,0.0397368,0.107632,0.0773684,0,0.0686842,0,0.0294737,0.0186842,0.00789474,0.146053,0.0802632,0.0552632,0.0405263,0.0894737,0.0113158,0.164105,0.00244737,0.154526,0.0316316,0.0139737,1.65468,6.42105,82.1316,0.210526
0.0353659,0.0658537,0.159756,0,0.0863415,0.0839024,0.145122,0.0717073,0.0317073,0.244878,0,0.41122,0.16439,0,0,0.300244,0.052439,0.145854,2.22683,0.284146,0.793902,0.134878,0,0.0792683,0.084878,0.107073,0,0.0365854,0,0,0,0,0,0,0.0365854,0.0156098,0,0,0,0,0,0.145122,0,0.0321951,0.420488,0.411707,0,0,0.0166585,0.0394634,0,0.179244,0.0180488,0.0787805,4.35654,47.6341,90.7317,0.390244
0.106444,0.056,0.331111,0,0.151556,0.0577778,0.186444,0.122667,0,0.280667,0.0657778,0.954667,0.0182222,0,0.0397778,0.164667,0.0804444,0.0533333,1.55778,0.0206667,0.633778,0,0.0124444,0,0.471778,0.147778,0.107111,0,0.0946667,0.153778,0.02,0,0.159778,0,0,0.153556,0.231556,0,0.357111,0,0.138,0.231111,0,0.158,0.229333,0.215111,0,0.0797778,0.00242222,0.1368,0,0.156778,0.0107111,0.0112,1.74042,6.42222,49.7111,0.2
0,0,0,0,1.28875,0,0,0,0,0,0,3.475,0,0,0,0,0,0,0,0,0,0,0,0,0.80875,0.80875,0,0,9.02375,0,0,0,0,0,0,0,0,0,0,0,0,8.4,0,0,0,0,0,0,0,0,0,0.213,0,0,1.41112,3.375,13.75,0
0,0,0,0,0,0,0,0,0,0,0,0,0,0,0,0,0,0,0,0,0,0,0,0,0,0,0.653333,0.653333,0,0.653333,0,0,0,0,0.653333,0,0,0,0,0,4.35556,0,0,0,0,7.48667,0,0,0,0.0847778,0,0,0,0,3.68233,7.77778,12.8889,0
0.323333,0.156889,0.292444,0.0957778,0.0697778,0.115333,0.0213333,0.137333,0.226889,0.386889,0.153111,0.672222,0.347556,0.706444,0.022,0.168444,0.278222,0.118444,1.958,0.0497778,0.886222,0.0348889,0.467333,0.296444,0.0993333,0.0631111,0.00533333,0.00155556,0.00222222,0.004,0,0,0.321556,0,0,0.0264444,0.184222,0.00155556,0.00511111,0.014,0.0155556,0.008,0.00466667,0.016,0.042,0.0415556,0.01,0.0508889,0.0289556,0.113556,0.00457778,0.253511,0.351822,0.0938444,5.26431,169.289,3247.98,0.777778
0.188235,0.132941,0.152353,0,0.769412,0.231176,0.431765,0,0.126471,0.5,0.25,0.331176,0.276471,0,0,1.20588,0.08,0.227647,1.85353,0,0.789412,0,0,0.518824,0.07,0.07,0.21,0,0,0.0364706,0,0,0.218235,0,0.07,0.0529412,0.08,0,0,0.08,0.0152941,0,0.0411765,0.113529,0.131176,0.0717647,0,0,0,0.0264706,0,0.616588,0.0709412,1.16641,7.98318,70.1176,109.529,0.764706
0,0.0783333,0.261667,0,0.775,0.0466667,1.85667,0.9025,0.9025,1.0275,0.9025,0.506667,0,0.0891667,0,1.10583,2.5125,0.075,1.47083,0.9025,3.05333,0,0.2925,0.0891667,0,0,0,0,0,0,0,0,0,0,0,0,0.3675,0,0.0891667,0,0,0,0,0,0,0,0,0,0,0.0720833,0,0.73125,0.115417,0.0831667,70.9209,286.917,312.25,1
0.187889,0.126667,0.330222,0.00122222,0.353222,0.154667,0.077,0.169667,0.336889,0.330778,0.0954444,0.628444,0.0738889,0.124778,0.092,0.182444,0.333667,0.078,1.46611,0.211333,1.06722,0.348889,0.064,0.243333,0.842556,0.187556,0.0282222,0.0123333,0.00466667,0.0252222,0.0197778,0.00466667,0.101556,0.00588889,0.0197778,0.0588889,0.160778,0.0208889,0.0168889,0.0328889,0.0514444,0.144,0.0172222,0.0152222,0.0577778,0.0911111,0.00611111,0.012,0.1251,0.185444,0.0149222,0.273311,0.131233,0.0898667,4.2282,74.0778,628.533,0.5
0,0,0,0,0,0,0,0,0,0,0,0,0,0,0,0.40404,0,0,0,0,0,0,0,0,0,0,21.3467,0,0,0,0,0,0,0,0,0,0,0,0,0,0,0,0,0,0,0,0,0,0,0,0,0,0,0,1.14561,1.46465,5.06061,0
0.0801786,0,0.238929,0,0.275714,0,0,0.108214,0,0.03,0,0.668393,0.0160714,0.035,0,0.25,0,0.0851786,1.71804,0,0.663036,0,0.120357,0.0296429,1.12839,1.08089,0.319643,0.134643,0.0832143,0.169643,0.105893,0,0.06375,0,0.0851786,0.0851786,0.441071,0.0903571,0.190893,0,0.13,0.295357,0.0519643,0.0682143,0.23125,0.105179,0,0.0660714,0.0467679,0.0938393,0.0325893,0.221393,0.0662679,0.0371429,2.16986,9.21429,29.2679,0.178571
0.608095,0.144524,0.665952,0,0.177381,0.0492857,0.042381,0,0,0.135238,0.52381,1.385,0,0.0552381,0,0.232857,0.027619,0.0519048,1.38833,0,4.40786,0,0,0.496905,0.105476,0.102857,0.143571,0.0552381,0,0.0959524,0,0.119762,0,0.119762,0.0285714,0,0.0383333,0,0.0540476,0,0,0.0571429,0,0.027619,0.0621429,0.027619,0,0.0578571,0,0.0759762,0,0.174071,0.0787857,0.00452381,4.53376,26.8571,54.619,0.452381
0,0,0,0,0.833333,0,0,0,0,0,0,0,0,0,0,0,0,0,0,0,0,0,0,0,8.33333,4.735,0,0,0,0,0,0,0,0,0,0.640833,0,0,0,0,0,1.2075,0,0.1125,0,0,0,0,0,0,0,0,0,0,1.41175,2.41667,6.16667,0
0.112206,0.112353,0.379706,0,0.668676,0.138971,0.119559,0.1575,0.109412,0.308824,0.0880882,0.710588,0.0398529,0.0207353,0.0147059,0.317794,0.420735,0.271618,1.95,0.163088,1.08529,0.0551471,0.189118,0.0579412,0.238088,0.138382,0.0175,0.0151471,0.0132353,0.0291176,0.00573529,0.00573529,0.0333824,0.00573529,0.0136765,0.0730882,0.120588,0.00102941,0.0186765,0.0705882,0,0.00602941,0.0216176,0.0407353,0.214706,0.00235294,0,0.0279412,0.00610294,0.0961618,0.00741176,0.370618,0.109559,0.0531912,4.09993,67.5882,249.176,0.735294
0.0491549,0.0216901,0.23831,0,0.42507,0.0995775,0.058169,0.118169,0.0483099,0.173099,0.0514084,0.651268,0.0450704,0.0121127,0.149155,0.255211,0.0747887,0.110704,1.36507,0.00591549,0.776761,0.0453521,0.104789,0.0752113,0.650282,0.403803,0.162535,0.310986,0.134085,0.137183,0.0798592,0.0608451,0.0308451,0.0608451,0.135352,0.216197,0.142958,0.0225352,0.0964789,0.0795775,0.0350704,0.0742254,0.085493,0.14831,0.195352,0.411268,0,0.00746479,0.0327887,0.161423,0.0183239,0.130859,0.0698873,0.00573239,2.21476,10.5493,101.394,0.309859
0.12,0.01,0.245,0,0.115,0.1475,0,0.0725,0.0725,0.235,0.0925,0.1025,0.09,0,0.0475,0.105,0.0975,0.095,0.755,0.01,0.3025,2.3825,0.1725,0.1375,0,0,0,0,0,0,0,0,0,0.035,0,0.01,0,0,0.02,0,0,0,0,0,0.0475,0,0,0,0.28175,0.07375,0.0105,0.105,0.0225,0.0035,11.9865,375,10795.5,1
0.133529,0,0.133529,0,0,0,0,0,0,0.962941,0,0,0,0,0,0.452353,0,0,5.97,0,0.244706,0,0,0,0.106471,0,0,0,0,0,0,0,0,0,0,0,0,0,0,0,0,0,0,0,0.21,0,0,0,0.0608235,0.0849412,0,0.0402353,0,0,1.15682,1.35294,3.05882,0.117647
0.0386957,0.37913,0.308478,0.872391,0.553696,0.189783,0.728478,0.071087,0.236304,0.333043,0.0326087,0.707826,0.0530435,0.013913,0.02,0.349565,0.196739,0.328261,2.0513,0.0276087,1.15217,0,0.0752174,0.0843478,0.116304,0.0108696,0.249565,0.0306522,0.0108696,0.00543478,0.157391,0,0,0.0134783,0.061087,0.0115217,0.0386957,0,0.0408696,0.413043,0,0.00434783,0,0,0.19913,0.00956522,0,0.0217391,0.0105435,0.186043,0.0141739,0.3,0.0691304,0.0401957,13.2332,165.022,408.63,0.630435
0.12519,0.0531646,0.213038,0.0122785,0.245316,0.127848,0.0501266,0.102911,0.0474684,0.216582,0.0441772,0.519494,0.102025,0.0402532,0.00113924,0.129873,0.149367,0.106203,1.2281,0.102532,0.462405,0.77076,0.170506,0.0553165,0.986709,0.367975,0.131519,0.0501266,0.0727848,0.0564557,0.0679747,0.0160759,0.111646,0.0160759,0.0451899,0.0777215,0.299494,0.00240506,0.0213924,0.0181013,0.0626582,0.0421519,0.0486076,0.09,0.093038,0.32038,0,0.0153165,0.311127,0.185671,0.0341392,0.137,0.0771772,0.0770633,3.26462,25.8101,313.709,0.367089
0.005,0.005,0.035,0,0.025,0,0,0.005,0.015,0.065,0.025,0,0,0.025,0,0,0.005,0.035,0.005,0,0.005,0,0,0,0,0,0,0,0,0,0,0,0.035,0,0,0.065,0,0,0,0.005,0.23,0,0,0.015,0,0.4,0.005,0.035,0.036,0.1615,0.075,0.012,0.056,0.012,3.0295,43.5,5648.5,0
0.28375,0.28375,0.135625,0,0.2975,0.215,0,0.694375,0,0.23125,0,0.223125,0,0.215,0,0.686875,0,0.70375,2.88938,0,7.28,0,0,0.568125,0,0,0.709375,0,0.23125,0,0,0,0,0,0,0,0,0,0,0,0,0,0,0,0.814375,0,0.135625,0,0,0.0325,0,0.456688,0,0,1.23087,2.25,8.0625,0.25
0,0,0.219,0,0.23475,0.015,0.015,0.034,0,0.13,0.015,0.39125,0.04525,0,0.029,0.06,0.0215,0.146,0.91375,0,0.189,0,0,0,1.81775,1.661,0.8655,0.67925,0.58575,0.641,0.619,0.471,0.03,0.471,0.789,0.65075,0.19175,0,0.03225,0.471,0,0.23975,0.029,0.291,0.24275,0.06275,0,0.0985,0,0.244425,0.0462,0.1379,0.0043,0.0099,2.14995,9.6,37.175,0.05
0,0,0,0,0,0,0,0,0,0,0,0,0,0,0,0,0,0,3.42375,0,0,0,0,0,0,0,0,0,0,0,0,0,0,0,0,0,0,0,1.38875,0,0,0,0,0,14.6637,0,0,0,0,0.285625,0,5.217,0,0,1.46187,2.875,7.375,0
0.21,0.448824,0.646471,0.0823529,0.291176,0.0241176,0.437647,0.0335294,0.169412,0.931176,0.145294,0.911765,0.0476471,0.0776471,0.177059,1.51235,0.374706,0.0370588,1.97235,0.135882,1.54941,0,0.0482353,0.146471,0.0317647,0.0470588,0.0170588,0.0341176,0,0,0,0,0,0.0170588,0.0341176,0.0135294,0.0358824,0,0,0,0,0,0,0,0.120588,0,0,0.0452941,0.0170588,0.0634706,0,0.830765,0.316118,0.0754118,40.6247,379.294,549.412,0.882353
0.119727,0.0696364,0.281273,0.114091,0.299636,0.110182,0.0579091,0.157182,0.198,0.277455,0.0676364,0.741364,0.107091,0.0985455,0.0206364,0.166909,0.190273,0.116364,1.37845,0.0904545,1.09436,0.242273,0.185818,0.0963636,0.747909,0.184909,0.0126364,0.019,0.0169091,0.0305455,0.00227273,0,0.0972727,0,0.0245455,0.0629091,0.155727,0.0113636,0.0298182,0.0119091,0.0670909,0.0721818,0.00763636,0.0183636,0.072,0.270545,0.0232727,0.0193636,0.0450636,0.158255,0.0204273,0.226427,0.0648455,0.0477,4.25983,54.9636,537.164,0.581818
0.266981,0.106981,0.277547,0,0.53717,0.0230189,0.103962,0.0501887,0.0239623,0.0966038,0.0179245,0.55283,0.0273585,0.0477358,0.0162264,0.437736,0.276604,0.219811,2.57943,0.00830189,1.26472,0,0.188113,0.103774,0.0477358,0.03,0.0692453,0.0603774,0,0,0,0.0118868,0.00830189,0.0118868,0.0381132,0.0871698,0.0266038,0,0.0313208,0.00622642,0,0.0126415,0.0120755,0.0113208,0.289434,0.0407547,0,0.0481132,0.00858491,0.109925,0.00701887,0.434264,0.139453,0.00779245,3.18402,25.8491,111.453,0.849057
0.0438776,0.0666327,0.458367,0,0.272143,0.00795918,0.0638775,0.0608163,0.0166327,0.106429,0.0311224,0.74449,0.09,0.0468367,0,0.157857,0.0930612,0.213469,2.31316,0.0387755,0.569388,0,0,0.0163265,0.15949,0.124796,0.482143,0,0.0931633,0.106327,0,0,0.060102,0,0,0.00693878,0.130816,0.0442857,0.022449,0.00979592,0.0420408,0.283367,0.0532653,0.100918,0.405306,0.16949,0,0.0255102,0.0219592,0.14698,0.0112041,0.168031,0.00664286,0.0012551,1.39269,3.53061,19.9898,0.122449
0.154023,0.0628736,0.206897,0,0.143103,0.111724,0.155517,0.110345,0.0266667,0.133448,0.025977,0.398276,0.0633333,0,0,0.167241,0.11069,0.177816,1.67471,0.00793103,0.909195,0,0,0.0206897,0.872529,0.475747,0.315977,0.52908,0.0737931,0.150575,0.121264,0.0702299,0.294483,0.0702299,0.306207,0.122069,0.262759,0,0.0781609,0.130345,0.087931,0.111609,0.124713,0.125632,0.448506,0.405977,0,0,0.0191724,0.185276,0.022,0.25031,0.0776437,0.0528391,2.41611,13.1724,61.2299,0.367816
0.124286,0.113214,0.361429,0.0361905,0.30119,0.0911905,0.0683333,0.110238,0.180476,0.325,0.0991667,0.482619,0.123571,0.032619,0.101667,0.31381,0.160119,0.24881,1.53155,0.133095,0.872262,0.579048,0.179881,0.103214,0.482381,0.234643,0.0903571,0.114762,0.0516667,0.0661905,0.0386905,0.0303571,0.0332143,0.0303571,0.0692857,0.0844048,0.134167,0.0454762,0.05,0.0939286,0.0407143,0.0897619,0.0484524,0.015119,0.0957143,0.075,0.0179762,0.0483333,0.254738,0.15669,0.0162857,0.269167,0.0815119,0.124917,3.66949,45.881,377.667,0.52381
0.0794366,0.0839437,0.297606,0.0228169,0.361408,0.0828169,0.0588732,0.162817,0.0811268,0.311408,0.068169,0.433944,0.0980282,0.0260563,0.0185915,0.326901,0.175915,0.197324,1.37972,0.0443662,0.838451,0.0577465,0.0861972,0.0697183,0.646197,0.363944,0.142113,0.129296,0.0691549,0.146338,0.0926761,0.041831,0.0994366,0.041831,0.0790141,0.112254,0.293521,0.0214085,0.105915,0.0509859,0.0112676,0.0316901,0.0840845,0.127183,0.151972,0.0960563,0.01,0.0359155,0.0236901,0.222268,0.0258169,0.151676,0.0580845,0.0526338,2.6577,22.169,219.451,0.450704
0.121707,0.440976,0.342439,1.72976,0.936341,0.144634,0.696341,0.152683,0.0580488,0.375854,0.0426829,0.635854,0.190976,0.0819512,0,0.730488,1.53659,0.239024,2.09098,0.274146,1.82732,0,0.0192683,0.160976,0,0,0,0,0,0.0236585,0,0,0,0,0,0.0521951,0.113659,0.0380488,0,0.00829268,0,0,0,0,0.00829268,0,0,0,0,0.123293,0,0.729683,0.212683,0.0322927,9.20393,136.756,194.512,0.926829
0.05425,0,0.03275,0,0.387875,0.093875,0.079,0.103,0,0.149,0,0.98625,0.056875,0.216875,0,0.24475,0.0195,0.024,0.272,0.0615,0.07825,0,0.0265,0.113625,0.187,0.112875,0.1765,0,0.097,0,0,0,0.33975,0,0,0.0125,0.066875,0,0.152,0,0.025,0.433625,0.08925,0.241,0.375625,0.111125,0,0.041625,0.005525,0.108188,0.0461,0.201275,0,0,1.96574,5.8625,15.8875,0.075
0.521818,0.800909,0.825909,0,0.343636,0.232727,0.0304545,0.435909,0.398636,1.49136,0.0495455,1.58364,0.137727,0.308636,0.38,0.326364,0.141818,0.702273,2.10364,0.37,3.51136,0.0172727,0.436818,0.252273,0,0,0,0,0,0,0,0,0.015,0,0.0577273,0,0.0168182,0,0,0,0,0,0.00863636,0,0,0,0,0,0.00736364,0.160727,0,1.04545,0.178182,0.0653182,42.0204,619.182,865.909,1
0.03,0.254872,0.249231,0,0.253846,0.0751282,0.241795,0.133333,0,0.338462,0.100769,0.210513,0.0161538,0.0989744,0.0130769,0.407692,0.261795,0.374615,1.99667,0.0723077,0.915641,0.0384615,0.165385,0.12,0.679231,0.367692,0.437949,0.207179,0.0107692,0.169487,0.0305128,0.0725641,0.0753846,0.0725641,0.11359,0.0305128,0.155897,0,0.0884615,0.035641,0.0435897,0.0194872,0.107949,0.0287179,0.218205,0.312564,0.0184615,0,0.0113846,0.126282,0.015,0.274667,0.0666667,0.198846,2.54259,20.4103,94.9487,0.512821
0,0,0,0,0,0,0,0,0,0,0,0,0,0,0,0,0,0,0,0,0,0,0,0,0,0,0,0,0,0,0,0,0,0,0,0,0,0,0,0,0,0,0,0,0,0,0,0,0,0,0,4.03575,0,0,1,1,3,0.5
0,0,0,0,0,0,0,0,0,0,0,0,0,0,0,0,0,0.357,0.156,0,0,0,0,0,8.3345,4.165,3.808,4.165,3.808,4.165,4.165,3.808,0,3.808,4.165,4.165,0,0,0,3.808,0,0,0,0,0,0,0,0,0,1.05205,0,0.02395,0,0,3.1197,10.9,30.8,0
0.119667,0.124833,0.277667,0,0.234667,0.051,0.162167,0.045,0.0151667,0.2365,0.0695,0.628333,0.128333,0,0.0436667,0.357167,0.1195,0.310167,1.81133,0.0333333,0.5915,0,0.105167,0.0208333,0.178833,0.1355,0.205667,0.0506667,0.144667,0.053,0.0395,0,0.223333,0,0.0878333,0.057,0.126167,0.0133333,0.0165,0,0,0.131167,0.038,0.035,0.151,0.0205,0,0.0156667,0.0238667,0.158333,0.00223333,0.141567,0.0305,0.0295167,1.74283,6.38333,55.75,0.3
0,0,0.4025,0,4.9175,0,0,0,0,0,0,0,0,0,0,0,0,0,0,0,0.4025,0,0,0,0,0,0,0,0.595,0,0,0,0,0,0,0,0,1.8475,0,0,0,5.4775,0,0,0,0,0,0,0,0.0735,0,0,0,0,1.14575,1.375,4.375,0.125
0.234894,0.0361702,0.388085,0,0.315532,0.0308511,0.0523404,0.0093617,0.0144681,0.109362,0.0144681,0.484043,0.162553,0.0187234,0,0.187234,0.04,0.181915,2.18766,0.0189362,0.630851,0,0.03,0.0102128,0.27,0.138085,0.224043,0,0.101064,0.108723,0,0,0.0117021,0,0,0.0289362,0.0393617,0.0197872,0.036383,0.0212766,0.0425532,0.205957,0,0.0397872,0.279787,0.120851,0.0217021,0.0465957,0.00478723,0.177979,0,0.144872,0.00751064,0.00646808,1.38634,4.29787,38,0.12766
0.12383,0.0621277,0.272553,0,0.165745,0.149149,0.164894,0.143404,0.215957,0.135532,0.0431915,0.374468,0.0197872,0.244681,0,0.668085,0.0985106,0.200426,2.3583,0,1.13447,0,0.0451064,0.0980851,0.0923404,0.0570213,0.187234,0.11,0.157447,0,0,0,0,0,0,0,0.3,0,0.132979,0,0.155319,0.208085,0.133617,0.0131915,0.441489,0.585106,0,0.0544681,0.0114681,0.122447,0.0193191,0.289468,0.0594894,0.0459149,2.61664,14.234,35.766,0.531915
0,0,0,0,0,0,0,0,0,0,0,0,0,0,0,0,0,0,0,0,0,0,0,0,16.3043,1.09857,0,0,0,0,0,0,0,0,0,0,0,0,0,0,0,0,0,0,2.88357,0,0,0,0,0,0,0.0802143,0,0,4.16179,16.5714,25.5,0
0.0223944,0.108873,0.296479,0,0.252817,0.0421127,0.0592958,0,0,0.209577,0.0135211,0.509718,0.0112676,0.0352113,0,0.132817,0,0.425915,4.17845,0,0.937746,0,0,0.0238028,0.0722535,0.0330986,0.372394,0,0.0292958,0.0250704,0,0,0.196197,0,0,0.0360563,0,0,0.0170423,0.0164789,0.0326761,0.0823944,0.0638028,0.0483099,0.572817,0.254507,0,0.0128169,0.0100563,0.0594366,0.00464789,0.50438,0.00425352,0,1.37208,3.32394,14.9296,0.15493
0.0697826,0.248478,0.151087,0,0.344783,0.241522,0.132826,0.0552174,0.0897826,0.320652,0.0484783,0.505,0.0541304,0,0.00630435,0.188478,0.05,0.22587,1.4363,0,0.86,0.0269565,0.104565,0.0576087,0.539783,0.261957,0.325435,0.115217,0.146087,0.115,0.0708696,0.0778261,0.185652,0.0778261,0.129348,0.0802174,0.197174,0,0.141957,0.0663043,0.0154348,0.0913043,0.124348,0.0141304,0.23,0.0393478,0,0.0413043,0.0031087,0.228696,0.0387609,0.355435,0.0957174,0.0287826,3.58091,29.8696,155.174,0.478261
0.16675,0.08275,0.18175,0,0.23375,0.09875,0.2305,0.16825,0.0755,0.229,0.084,0.36975,0.01675,0.02975,0.099,0.21625,0.17575,0.09475,1.30425,0,0.664,0,0,0.0695,1.021,0.52675,0.074,0.296,0.1335,0,0,0.0175,0.15775,0.0175,0.16075,0.06725,0.50325,0,0.08125,0,0,0.1335,0.11125,0,0.1895,0.027,0,0.029,0.0358,0.24075,0.014825,0.3132,0.080675,0,3.41575,22.55,67.825,0.525
0.0926562,0.0389063,0.319844,0,0.270781,0.0903125,0.1125,0.150781,0.0464062,0.166875,0.04,0.4275,0.0965625,0,0.0345313,0.165,0.0629688,0.237656,1.53844,0.0071875,0.63875,0.0071875,0.0671875,0.026875,0.615,0.546563,0.28875,0.307656,0.153281,0.139219,0.0884375,0.081875,0.102813,0.081875,0.2325,0.162188,0.164844,0.01125,0.145781,0.08625,0.0604688,0.0515625,0.165781,0.0460937,0.31875,0.0864063,0.004375,0.0151562,0.0181094,0.166141,0.0376406,0.151203,0.0404219,0.0167188,1.94842,11.2969,123.875,0.28125
0.0415044,0.0545133,0.295398,0,0.300354,0.0375221,0.0327434,0.00752212,0.0229204,0.124513,0.0292035,0.796195,0.0947788,0.0418584,0.0150442,0.141062,0.00566372,0.0630973,1.93336,0.0111504,0.444779,0,0,0.0235398,0.282655,0.206283,0.408053,0,0.131681,0.0230088,0,0,0.0850442,0,0,0.0141593,0.100442,0.0123894,0.0589381,0,0.0642478,0.276637,0.00761062,0.142124,0.489911,0.182124,0,0.0513274,0.0306106,0.131195,0.000442478,0.11131,0.0105575,0.000876106,1.54147,4.56637,25.7168,0.0707965
0.0834118,0.142,0.319882,0,0.442235,0.133176,0.110471,0.0702353,0.0374118,0.227647,0.0414118,0.656941,0.0787059,0.00623529,0.00458824,0.202706,0.138118,0.156471,1.36376,0.0245882,0.896235,0,0.0830588,0.0455294,0.781412,0.402706,0.262,0.176588,0.132941,0.137294,0.0872941,0.0982353,0.0828235,0.0982353,0.126824,0.130588,0.253765,0,0.121529,0.106588,0.0549412,0.0701176,0.138588,0.0371765,0.240353,0.142941,0.0125882,0.0175294,0.0325882,0.160694,0.0254471,0.100871,0.0422588,0.00878824,2.11285,14.7529,163.447,0.364706
0.131892,0.0944595,0.226081,0,0.276757,0.126216,0.0708108,0.00891892,0.0228378,0.112703,0,0.681486,0.0858108,0.0316216,0.00891892,0.240946,0.0263514,0.213919,1.73622,0.00905405,0.546892,0,0,0.0264865,0.108514,0.0614865,0.176351,0,0.213919,0.0304054,0,0,0.0812162,0,0,0.0631081,0.0852703,0,0.052027,0,0.0851351,0.296081,0.0210811,0.183378,0.486216,0.209459,0,0,0.0283514,0.0926892,0.0110676,0.120054,0.0213378,0,1.47869,4.37838,32.6081,0.162162
0.128169,0.204366,0.434648,0.602958,0.277042,0.120282,0.0490141,0.114507,0.252113,0.303521,0.0708451,0.791972,0.208732,0.127042,0.131831,0.15169,0.144789,0.189718,1.68901,0.0832394,0.939155,0,0.13,0.173239,0.727465,0.130563,0.021831,0.0238028,0.0146479,0.0183099,0.0207042,0.00225352,0.0704225,0.00225352,0.0360563,0.0633803,0.0923944,0.00197183,0.0176056,0.035493,0.00225352,0.0733803,0.0359155,0.0104225,0.0249296,0.00169014,0,0.0216901,0.142549,0.130141,0.0181268,1.04466,0.257549,0.0185775,4.07931,59.4789,755.324,0.591549
0.127692,0.102692,0.269038,0.501442,0.482115,0.124327,0.055,0.105962,0.163942,0.197596,0.108942,0.691346,0.15625,0.0382692,0.0598077,0.205865,0.271442,0.183173,1.80519,0.0770192,0.802308,0.790481,0.216538,0.144615,0.61625,0.117692,0.0188462,0.0178846,0.0247115,0.0101923,0.0130769,0.0160577,0.0841346,0.00836538,0.0294231,0.0755769,0.0997115,0.0269231,0.0171154,0.00788462,0.0125,0.04125,0.0182692,0.00442308,0.0591346,0.0519231,0.00846154,0.0164423,0.101606,0.108202,0.00721154,0.188606,0.102106,0.082375,3.88119,41.0096,452.904,0.615385
0.104805,0.0753247,0.234545,0,0.241948,0.0509091,0.10961,0.106494,0,0.198312,0.0472727,0.581688,0.0418182,0,0.0458442,0.0974026,0.0433766,0.142208,1.57805,0.0167532,0.393247,0,0.0549351,0,1.2961,0.767143,0.185714,0.373117,0.209351,0.423636,0.230519,0.123117,0.0819481,0.123117,0.455195,0.173247,0.237922,0,0.0911688,0.131429,0.0506494,0.223377,0.0598701,0.0927273,0.235455,0.683636,0,0.0203896,0.0078961,0.128416,0.00844156,0.296883,0.0128052,0.178558,2.48991,13.1818,51.5974,0.233766
0.0352174,0.0582609,0.394783,0,0.508261,0.230435,0.130435,0,0.0504348,0.151739,0,0.177826,0.183913,0.0747826,0.0230435,0.331304,0.0578261,0.173043,2.04304,0.05,0.791304,0,0.06,0.0569565,0.0578261,0.0578261,0,0.115652,0,0.0373913,0,0,0,0,0,0.0578261,0.0291304,0,0.0352174,0,0,0,0,0,0.368261,0.48913,0,0,0.00195652,0.0930435,0.0118696,0.0765217,0.0372609,0,3.55013,47.9565,112.696,0.478261
0.168913,0.16913,0.305435,0.0252174,0.209565,0.166957,0.158043,0.0480435,0.00826087,0.257174,0.0519565,0.527609,0.126087,0,0.0269565,0.526739,0.228696,0.14413,1.9387,0.046087,1.01,0.123696,0.203043,0.136304,0.638478,0.411087,0.241957,0.11413,0.106522,0.186522,0.0932609,0.0932609,0.0973913,0.122609,0.12087,0.117174,0.0408696,0,0.176957,0.103043,0.00717391,0,0,0,0.218696,0.0465217,0,0.00717391,0.0175652,0.150674,0.0103261,0.526304,0.0499348,0.0592609,3.76963,36.2609,130.891,0.586957
0,0,0,0.04,0,0,0,0,0,0,0,0,0,0,0,0.02,0,0,0.02,0,0,0,0,0,0,0,0,0,0,0,0,0,0,0,0,0,0,0,0,0,0,0,0,0,0,0,0,0,1.024,9.752,0.003,1.542,1.785,1.998,239.571,9989,10062,1
0.0673684,0.0438596,0.310702,0,0.105439,0.0626316,0,0,0.0317544,0.128596,0,0.105088,0.0245614,0.179298,0,0.105614,0,0.116842,4.70614,0,0.502807,0,0,0,0.211754,0.0461404,0.381053,0,0,0,0,0,0,0,0,0,0,0,0.0761404,0,0,0.0407018,0,0.0850877,0.781404,1.13298,0,0,0.0144561,0.115298,0.0131754,0.216053,0.00592982,0,1.17954,1.85965,8.54386,0.0526316
0,0,0,0,0,0,0,0,0,0,0,0,0,0,0,0,0,0,0,0,0,0,0,0,0,1.785,12.4225,0,0,0,0,0,0,0,0,0,0,0,0,0,0,0,0,0,0.8325,0,0,1.04125,0.176,0,0,0.143625,0,0,2.60162,6.625,12.125,0
0.130169,0.195593,0.46661,0,0.449492,0.131864,0.394407,0.0983051,0.0362712,0.33339,0.16678,0.527288,0.161017,0.0732203,0.0601695,0.340169,0.170339,0.351356,2.13593,0.0783051,1.07559,0.0276271,0.361525,0.0594915,0.18678,0.0844068,0,0.170339,0,0.0755932,0.00677966,0,0.344915,0,0.152034,0.102881,0.0813559,0,0.00949153,0.0789831,0,0.0613559,0.00881356,0.0250847,0.123729,0.09,0,0,0.0182542,0.0911525,0.00171186,0.551797,0.108017,0.0182034,5.16124,68.7627,194.39,0.694915
0.0538462,0.044,0.248,0,0.241231,0.0498462,0.0426154,0.145077,0.00553846,0.231692,0.0521538,0.501077,0.117538,0.00353846,0.0256923,0.149846,0.148462,0.406615,1.48523,0,0.545846,0,0.0110769,0.00969231,0.812,0.145077,0.160923,0.0676923,0.0736923,0.262923,0.0378462,0,0.420769,0,0.0624615,0.120308,0.226,0.0289231,0.126308,0,0.0109231,0.147231,0,0.217231,0.092,0.0535385,0,0.0278462,0.0174462,0.129,0.0221846,0.244277,0.0182923,0.216708,1.59385,6.8,65.5077,0.246154
0.0995556,0.102222,0.450222,0,0.339556,0.162667,0.199556,0.256889,0.074,0.131778,0.104,0.526667,0.154222,0.00355556,0.0428889,0.327778,0.179111,0.155333,1.93667,0.347333,1.32089,0,0.266222,0.147333,0.446222,0.283556,0.0582222,0.0737778,0.0228889,0.0631111,0.0277778,0.0228889,0.0477778,0.0228889,0.0848889,0.056,0.220222,0.0122222,0.0693333,0.106889,0.00688889,0.0244444,0.0177778,0,0.119111,0.0262222,0,0.0608889,0.0116222,0.0681778,0.00544444,0.266556,0.152489,0.0464222,3.57884,40.8667,179.533,0.644444
0.14907,0.126977,0.280465,0.0072093,0.31093,0.113256,0.0381395,0.221395,0.222093,0.333023,0.0939535,0.565581,0.140698,0.065814,0.0686047,0.339302,0.214884,0.19814,1.53605,0.134651,0.779302,0.939535,0.27907,0.228837,0.194419,0.105349,0.00744186,0.00581395,0.00302326,0.017907,0.0111628,0,0.0890698,0.00302326,0.00581395,0.10907,0.158605,0.01,0.0162791,0.0246512,0.0125581,0.00162791,0.0055814,0.0193023,0.0286047,0.0709302,0.00255814,0.0218605,0.0466047,0.125,0.0394884,0.208302,0.171698,0.124535,5.94228,127.837,1615.47,0.581395
0.112396,0.0484375,0.2,0.0138542,0.195312,0.0679167,0.0715625,0.144063,0.0398958,0.110729,0.0228125,0.673542,0.136458,0.0114583,0.0334375,0.110625,0.144375,0.138854,1.50042,0.0267708,0.596667,0,0.121354,0.0513542,0.774271,0.369271,0.206354,0.260313,0.0865625,0.245208,0.0807292,0.0602083,0.0829167,0.0602083,0.154792,0.147083,0.268333,0.00479167,0.141667,0.0740625,0.0417708,0.102812,0.135313,0.0744792,0.365729,0.371771,0.0183333,0.0559375,0.0112604,0.207135,0.0198854,0.251292,0.0499375,0.0132083,2.13572,11.2396,71.6146,0.28125
0.0638462,0.0418462,0.186769,0,0.152,0.0346154,0.0712308,0.46,0.151231,0.0769231,0.0441538,0.338462,0,0.256,0,0.488308,0.110154,0.0724615,0.934923,0.0469231,0.780462,0.0450769,0.236,0.0552308,0.294615,0.274154,0.1,0.0832308,0,0.0332308,0.0123077,0.00907692,0.0487692,0.00907692,0.0512308,0.146615,0.0753846,0,0.014,0.00938462,0,0.0432308,0,0.0229231,0.418923,0,0,0.0255385,0.00266154,0.138523,0.00826154,0.411585,0.138015,0.00938461,3.91871,27,82.2308,0.769231
0.0770149,0.10403,0.227612,0,0.395821,0.0849254,0.0764179,0.0774627,0.0553731,0.127015,0.0498507,0.576716,0.0691045,0,0,0.12,0.166716,0.159851,1.20313,0,0.414179,0,0.0334328,0.0131343,0.712836,0.430299,0.363731,0.223284,0.101194,0.156567,0.0670149,0.0468657,0.171343,0.0468657,0.140448,0.199701,0.267015,0.00552239,0.188657,0.0753731,0.0564179,0.0459701,0.14209,0.114627,0.289403,0.177313,0,0.11209,0.0379701,0.134358,0.023209,0.150433,0.0403731,0.0355821,2.02349,11.9104,111.687,0.238806
0.266,0.234,0.34,0.038,0.36,0.018,0,0.252,0.396,0.846,0.092,0.18,0.216,0,0.13,0.058,0.298,0.24,1.43,0.094,0.9,0,0.492,0.418,0.038,0,0,0.038,0,0,0,0,0,0.076,0,0.064,0,0,0.034,0.22,0,0,0,0,0.072,0,0,0,0.023,0.06,0,0.3632,0.3368,0.0104,444.295,1618.4,2533.2,1
0.106389,0.218611,0.581944,0.548056,0.431944,0.181667,0.268611,0.1925,0.0836111,0.240833,0.133889,0.547222,0.0963889,0,0,0.416111,0.355278,0.441389,2.28833,0.490833,1.53056,0.0238889,0.134167,0.199722,0.0558333,0.0694444,0.00888889,0,0.04,0.04,0,0,0.0075,0,0.0355556,0.0202778,0.127778,0,0.0663889,0.00527778,0,0,0.0211111,0.0211111,0.130833,0.0344444,0,0,0.0128611,0.0873056,0.0236667,0.444472,0.0706389,0.0334722,7.42831,132.528,302.5,0.888889
0,0,0,0,0,0,0,0,0,0,0,0,0,0,0,0,0,0,0,0,2.08,0,0,0,0,0,0,0,0,0,0,0,0,0,0,0,0,0,0,0,0,0,0,0,8.33,0,0,0,0,0,0.34,0.34,0,0,4.1165,18,30.5,0
0,0.035,0.180952,0,0.252381,0.0178571,0.0528571,0.174524,0.117619,0.207619,0,0.694762,0.0609524,0,0,0.0952381,0.0792857,0.128333,2.53452,0,0.245476,0,0,0.510714,0.0995238,0.0995238,0.133333,0.196667,0.135476,0.0766667,0.0642857,0,0.0178571,0,0.229286,0,0.0440476,0,0.214762,0.0528571,0.119048,0.25619,0,0.192857,0.454048,0.0840476,0,0.017619,0.0987857,0.146452,0,0.433643,0.0104524,0.0474048,2.76117,11.381,23.4762,0.380952
0.1556,0.0869,0.4146,0,0.2898,0.0494,0.0163,0.0705,0.0196,0.1714,0,0.6111,0.097,0.1104,0,0.312,0.0285,0.0498,0.7012,0.1818,0.3347,0,0,0,0.0568,0.033,0.7743,0,0.033,0.0416,0,0,0.2519,0,0.2,0,0,0.1106,0.1178,0,0.0322,0.435,0,0.2204,0.8105,0.1204,0.0292,0,0.03138,0.13341,0,0.10514,0.01443,0,1.31625,2.63,11.46,0.06
0.1225,0.0315,0.231,0,0.28925,0.105,0.3485,0.0215,0,0.07,0.018,0.7265,0.02525,0.0695,0,0.09225,0.042,0.02075,0.7555,0,0.3015,0,0.1235,0.11375,0.119,0.05475,0.13225,0,0.023,0.042,0,0,0.223,0,0,0.1005,0.2185,0,0.079,0,0.107,0.3355,0.01975,0.06025,0.126,0,0,0.09225,0.01875,0.1204,0.0325,0.24705,0.015175,0.009075,1.68755,6.85,41.825,0.225
0,0,0,0,0,0,0,0,0,0,0,0,0,0,0,0,0,0,0,0,0,0,0,0,0,0,0,0,0,0,0,0,0,0,0,0,0,0,0,0,0,0,0,0,0,0,0,0,0,0.1515,0,0,0,0,1,1,1.33333,0
0.2288,0.056,0.3084,0.0258,0.7132,0.1038,0.1588,0.2236,0.0298,0.166,0.0248,0.4522,0.0342,0,0.03,0.5184,0.2338,0.0544,1.6006,0.1222,1.1732,0.011,0.1702,0.0226,0.4034,0.2606,0.154,0.1602,0.0166,0.062,0.0102,0.0212,0.0302,0.0392,0.1222,0.082,0.1692,0,0.06,0.0232,0.0756,0.0502,0.0416,0.1066,0.147,0.152,0,0.0504,0.01564,0.11738,0.01812,0.47036,0.1257,0.01642,2.75142,22.36,124.98,0.62
0,0,0,0,0,0,0,0,0,0,0,0,0,0,0,0,0,0,0,0,0,0,0,0,0,0,0,0,0,0,0,0,0,0,0,0,0,0,0,0,0,0,0,0,0,0,0,0,0,0,0,0,0,0,0,0,0,0
0,0,0,0,0,0,0,0,0,0,0,0,0,0,0,0,0,0,0,0,0,0,0,0,0,0,0,0,0,0,0,0,0,0,0,0,0,0,0,0,0,0,0,0,0,0,0,0,0,0,0,0,0,0,0,0,0,0
0.28525,0.261,0.31125,0.00475,0.23525,0.07175,0.0405,0.146,0.379,0.4575,0.191,0.56025,0.3535,0.6505,0.0745,0.2495,0.293,0.0995,2.2405,0.03425,1.023,0.042,0.32025,0.337,0.42675,0.0995,0.0015,0.0005,0.001,0.00825,0,0,0.125,0,0.00775,0.0455,0.149,0.00275,0.007,0.01475,0.01275,0.004,0.00825,0.0135,0.05175,0.05375,0.00175,0.03675,0.028775,0.105525,0.01185,0.317675,0.3967,0.08905,5.77915,263.35,2267.5,0.775
0,0,0,0,0,0,0,0,0,0,0,0,0,0,0,0,0,0,0,0,0,0,0,0,0,0,0,0,0,0,0,0,0,0,0,0,0,0,0,0,0,0,0,0,0,0,0,0,0,0,0,0,0,0,0,0,0,0
0.080303,0.139091,0.326061,0,0.208333,0.0669697,0.107576,0.0193939,0.0193939,0.246364,0.0384848,0.435152,0.287273,0.0193939,0,0.534091,0.0498485,0.136667,1.64152,0.0404545,0.782273,0,0.08,0.0566667,0.67803,0.457879,0.539848,0.316061,0.182727,0.282121,0.257424,0.149848,0.131818,0.149848,0.402121,0.208485,0.243788,0.00621212,0.401364,0.163333,0.0889394,0.315,0.162879,0.270303,0.250909,0.191667,0,0,0.0113939,0.138788,0.0113788,0.263545,0.219258,0.0224091,2.2968,11.6515,43.7273,0.318182
0.0756075,0.0657944,0.328879,0.00757009,0.410935,0.259159,0.115794,0.140374,0.0265421,0.271869,0.0190654,0.519159,0.10757,0.0129907,0.00794393,0.255047,0.128505,0.163178,1.57776,0.00345794,1.32299,0,0.15729,0.148785,0.585794,0.396729,0.19729,0.159813,0.0919626,0.15514,0.078785,0.0538318,0.077757,0.0509346,0.121402,0.116916,0.143645,0.00214953,0.0551402,0.0630841,0.0543925,0.0357944,0.0824299,0.0105607,0.278411,0.147757,0.0148598,0.00626168,0.0390187,0.156953,0.0228318,0.143065,0.0647664,0.00854206,2.07821,13.1308,141.336,0.485981
0,0.543636,0.199394,0,0.169697,0,0.355152,0,0,1.21818,0,0.569697,0.0957576,0.0863636,0,0.0833333,0,0.0863636,2.63697,0,0.753939,0,0,0.19,0.378788,0.0657576,0.635152,0.527879,0,0,0,0,0.150606,0,0,0.0863636,0.406667,0,0.957576,0.126061,0.0387879,0,0.0569697,0.0715152,0.640606,0,0,0,0.077697,0.303333,0,0.0935152,0.0606364,0.0243939,3.69361,22.8485,40,0.30303
0,0,0,0,0,0,0,0,0,0,0,0,0,0,0,0,0,0,0,0,0,0,0,0,0,0,0,0,0,0,0,0,0,0,0,0,0,0,0,0,0,0,0,0,0,0,0,0,0,0,0,0,0,0,0,0,0,0
0,0,0,0,0,0,0,0,0,0,0,0,0,0,0,0,0,0,0,0,0,0,0,0,0,0,0,0,0,0,0,0,0,0,0,0,0,0,0,0,0,0,0,0,0,0,0,0,0,0,0,0,0,0,0,0,0,0
0,0,0,0,0,0,0,0,0,0,0,0,0,0,0,0,0,0,0,0,0,0,0,0,0,0,0,0,0,0,0,0,0,0,0,0,0,0,0,0,0,0,0,0,0,0,0,0,0,0,0,0,0,0,0,0,0,0
0,0,0,0,0,0,0,0,0,0,0,0.606667,0,0,0,0,0,0,11.382,0,1.418,0,0,1.48333,0,0,0,0,0,0,0,0,0,0,0,0,0,0,0,0,0,0,0,0,2.73733,0.141333,0,0,0.0249333,0,0,0,0,0,1.0642,1.4,5.4,0.133333
0.170545,0.09,0.472909,0.0105455,0.271273,0.0763636,0.119091,0.236909,0.0810909,0.280727,0.0763636,0.363455,0.04,0.00545455,0,0.423091,0.349091,0.254182,1.96582,0.294364,1.22273,0.395091,0.0861818,0.108727,0.146182,0.0536364,0,0.0376364,0.01,0.0443636,0,0,0,0.00545455,0.0723636,0.042,0.127455,0,0.0105455,0.0521818,0,0,0.012,0,0.214182,0.437273,0.0252727,0.062,0.0188727,0.145564,0.0139091,0.421036,0.293673,0.196818,4.92051,70.4545,313.527,0.618182
0,14.1478,0,0,0,0,0,0,0,0.132222,0,0,0,0,0,0,0,0,0,0,0,0,0,0,0,0,0,0,0,0,0,0,0,0,0,0,0,0,0,0,0,0,0,0,0.132222,0,0,0,0,0,0,0,0,0,1.77778,4.88889,9.02778,0
0.0915152,0.09,0.262879,0.290303,0.261061,0.075303,0.0656061,0.064697,0.285,0.343182,0.0722727,0.448485,0.13803,0.151667,0.095303,0.296667,0.0618182,0.245,1.36652,0.210455,0.85,0.863333,0.0945455,0.0951515,0.379697,0.171818,0.0316667,0.0193939,0.00893939,0.0168182,0.0339394,0.00136364,0.0759091,0.00136364,0.105152,0.0227273,0.167121,0.000606061,0.0174242,0.0407576,0.0101515,0.0369697,0.00454545,0.0101515,0.0451515,0.0513636,0.0166667,0.04,0.0324242,0.150545,0.0204394,0.219667,0.123015,0.110985,6.12858,95.9697,1219.88,0.590909
0.19625,0.314167,0.525417,0.0395833,0.455417,0.356667,0.13375,0.17375,0.587083,0.7875,0.224583,0.84125,0.230417,0.0783333,0.313333,0.232083,0.18875,0.516667,2.1975,0.3475,1.63167,0.02,0.49125,0.287083,0.38875,0.16375,0.01,0,0,0.0304167,0,0,0.05625,0,0.03,0.0275,0.13625,0.0358333,0.01,0.0304167,0,0.0304167,0.0141667,0.0204167,0.0966667,0.0595833,0,0,0.00575,0.149625,0.073625,0.649417,0.2335,0.0465833,9.866,292.417,788.958,0.958333
0,0,0,0,0,0,0,0,0,0,0,0,0,0,0,0,0,0,0,0,0,0,0,0,0,0,0,0,0,0,0,0,0,0,0,0,0,0,0,0,0,0,0,0,0,0,0,0,0,0,0,0,0,0,0,0,0,0
0,0,0,0,0,0,0,0,0,0,0,0,0,0,0,0,0,0,0,0,0,0,0,0,0.483043,0,13.7065,0,0,0,0,0,0,0,0,0,0,0,0,0,0,0.966087,0,0,0,0,0,0,0,0.152522,0,0.0557391,0,0,1.10722,1.47826,6.26087,0
