0.0282759,0.0748276,0.247586,0,0.605172,0.0334483,0.953103,0.458276,0.381724,0.457586,0.382069,0.785862,0.00689655,0.0368966,0.00827586,0.749655,1.27103,0.115862,1.75138,0.373448,2.00034,0,0.156207,0.0868966,0.0444828,0.0272414,0.227241,0.02,0.0172414,0.00862069,0.217241,0,0,0.01,0.0682759,0,0.177931,0,0.0368966,0.655172,0,0.00689655,0,0,0.0710345,0,0,0.0344828,0.0157586,0.161276,0.0204828,0.386483,0.126724,0.0344138,38.6563,249.552,370.793,0.586207
0.0982099,0.11858,0.293086,0,0.238272,0.062963,0.15284,0.0721605,0.00358025,0.223765,0.0574074,0.655802,0.077963,0,0.037963,0.209444,0.0857407,0.19142,1.76426,0.0137037,0.575556,0,0.0685185,0.0282716,0.755494,0.42463,0.184136,0.237778,0.149136,0.230802,0.136481,0.0585185,0.13963,0.0585185,0.275864,0.128148,0.217654,0.00493827,0.129444,0.0624691,0.0240741,0.205864,0.0549383,0.0924074,0.234136,0.382654,0,0.0210494,0.0122531,0.139105,0.00483951,0.250833,0.0190802,0.0958457,2.09349,10.1049,52.9321,0.259259
0.158897,0.0581618,0.219044,0,0.246176,0.0793382,0.0566176,0.0180882,0.0174265,0.105588,0.005,0.561103,0.0954412,0.0236765,0.00485294,0.202426,0.0344853,0.167794,1.69574,0.0114706,0.507794,0,0.0103676,0.0266176,0.325221,0.386176,0.259779,0,0.171176,0.0439706,0.00852941,0,0.0561029,0,0.01,0.0631618,0.203897,0.00683824,0.0408824,0.00735294,0.0610294,0.263162,0.0114706,0.109338,0.390074,0.161912,0.0075,0.0397059,0.0177721,0.115824,0.00777206,0.129471,0.0142059,0.00901471,1.53231,4.93382,34.1176,0.139706
0,0,0,0,0.396667,0,0,0.617222,0,0,0,0,0,0,0,0,0,0,2.02667,0,0.617222,0,0,0,0,0,0.505,0,0,0,0,0,0,0,0,0,0,0,0.617222,0,0,0,0,0,10.6122,0.427222,0,0,0,0.17,0,2.31867,0,0,1.30728,2.38889,6.83333,0.0555556
0.30617,0.144894,0.280426,0.0917021,0.0723404,0.106809,0.0193617,0.139787,0.221064,0.399574,0.144681,0.630213,0.341064,0.652766,0.0255319,0.158936,0.276596,0.12,1.86936,0.0476596,0.868511,0.0334043,0.447021,0.28766,0.0951064,0.0604255,0.00510638,0.00148936,0.00212766,0.00382979,0,0,0.309362,0,0,0.0297872,0.176383,0.00148936,0.00659574,0.017234,0.0246809,0.00765957,0.00446809,0.0159574,0.0421277,0.0568085,0.00978723,0.0502128,0.0292553,0.115766,0.00757447,0.24734,0.329319,0.0877872,5.44715,185.447,3357.47,0.744681
0.124035,0.152982,0.259123,0.809474,0.444561,0.117281,0.0501754,0.0979825,0.233333,0.185789,0.100702,0.697193,0.145263,0.0387719,0.0545614,0.208947,0.259386,0.180526,1.81254,0.0723684,0.792544,0.72114,0.197544,0.152193,0.592018,0.108684,0.0626316,0.0163158,0.0225439,0.00929825,0.0119298,0.0146491,0.0780702,0.0114035,0.0268421,0.0702632,0.0922807,0.0245614,0.015614,0.00719298,0.0114035,0.0376316,0.0166667,0.00535088,0.0594737,0.0473684,0.0077193,0.015,0.0928947,0.109561,0.00657895,0.195377,0.106202,0.0820789,4.559,47.4123,451.43,0.605263
0.4672,0.7208,0.7428,0.3664,0.3468,0.2716,0.0656,0.4024,0.4188,1.3644,0.0604,1.4292,0.1212,0.2716,0.3344,0.2872,0.1692,0.6348,2.064,0.3444,3.2556,0.0152,0.5196,0.2464,0,0,0,0,0,0,0,0,0.0132,0,0.0508,0.0168,0.0148,0,0,0,0,0,0.0076,0,0.0248,0,0,0,0.027,0.14768,0.06472,0.95372,0.17836,0.06036,39.2918,602.2,882.64,1
0.121707,0.440976,0.342439,1.72976,0.936341,0.144634,0.696341,0.152683,0.0580488,0.375854,0.0426829,0.635854,0.190976,0.0819512,0,0.730488,1.53659,0.239024,2.09098,0.274146,1.82732,0,0.0192683,0.160976,0,0,0,0,0,0.0236585,0,0,0,0,0,0.0521951,0.113659,0.0380488,0,0.00829268,0,0,0,0,0.00829268,0,0,0,0,0.123293,0,0.729683,0.212683,0.0322927,9.20393,136.756,194.512,0.926829
0.314865,0.276757,0.336486,0.00351351,0.248919,0.0745946,0.0389189,0.149459,0.425676,0.528919,0.214054,0.579189,0.367838,0.723243,0.0859459,0.259189,0.332432,0.11027,2.41297,0.0359459,1.0927,0.0454054,0.393784,0.371622,0.0959459,0.0994595,0.00162162,0.000540541,0.000540541,0,0,0,0.123243,0,0.00189189,0.0321622,0.133784,0.00297297,0.00243243,0.0391892,0.00432432,0.00216216,0.00621622,0.00378378,0.0594595,0.0194595,0.00189189,0.0156757,0.0328378,0.100892,0.0108919,0.335595,0.430541,0.0987568,7.64754,346.757,2344.32,0.864865
0.0928986,0.0873913,0.265942,0.277681,0.258841,0.0771014,0.065942,0.0634783,0.295217,0.362899,0.0817391,0.461304,0.134783,0.145797,0.093913,0.283913,0.0591304,0.246812,1.34826,0.248696,0.882464,0.87,0.0985507,0.0943478,0.372899,0.174783,0.0310145,0.0185507,0.00855072,0.016087,0.0324638,0.00130435,0.0776812,0.00130435,0.10058,0.0236232,0.166522,0.00057971,0.0166667,0.0389855,0.00971014,0.0353623,0.00869565,0.0111594,0.0413043,0.0491304,0.015942,0.0382609,0.0344928,0.153725,0.0202754,0.224087,0.127522,0.104116,6.15028,101.159,1231.72,0.594203
0.0479355,0.0397419,0.319871,0,0.262839,0.0372258,0.023871,0.0130323,0.0270968,0.0907742,0.0268387,0.896452,0.0690968,0.0305161,0.0109677,0.117613,0.0289032,0.0853548,2.03123,0.00812903,0.426968,0,0,0.0171613,0.32271,0.31529,0.423548,0,0.103161,0.0740645,0,0,0.0734839,0,0.0143226,0.0147097,0.164968,0.015871,0.0807742,0,0.0468387,0.214452,0.00554839,0.130581,0.426065,0.160452,0,0.0660645,0.0267032,0.16651,0.00645806,0.159239,0.00769677,0.0048,1.57995,4.81935,25.2,0.0774194
0.0754321,0.0308642,0.231111,0,0.106173,0.0440741,0,0,0.0223457,0.338272,0,0.128148,0.0685185,0,0,0.140617,0,0.0267901,6.83642,0,1.21173,0,0,0.274691,0.0223457,0,0.803086,0,0.045679,0,0,0,0.0771605,0,0,0,0,0,0.0535802,0,0,0,0,0,1.07506,0.699259,0.0267901,0.0587654,0.0140864,0.0588889,0,0.17384,0,0,1.18383,1.81481,6.83951,0.0740741
0.137701,0.115057,0.376322,0.0349425,0.301839,0.103218,0.0729885,0.152184,0.188851,0.34977,0.103333,0.474943,0.118161,0.0314943,0.0981609,0.292069,0.198391,0.257356,1.50414,0.165632,0.924828,0.537586,0.173678,0.0996552,0.475977,0.231494,0.0872414,0.119195,0.0498851,0.0663218,0.0373563,0.0293103,0.0303448,0.0293103,0.0718391,0.0797701,0.12954,0.043908,0.0482759,0.102414,0.0393103,0.0866667,0.0467816,0.0128736,0.0851724,0.0724138,0.0248276,0.0466667,0.24608,0.163529,0.0172874,0.292368,0.0816322,0.117793,3.60985,45.4483,374.655,0.54023
0.10626,0.0549593,0.229187,0,0.285528,0.0756098,0.128618,0.0717073,0.0105691,0.178455,0.0626829,0.671301,0.0963415,0.0226016,0.0327642,0.140244,0.14748,0.0968293,1.8065,0.00365854,0.536992,0,0.0800813,0.0408943,0.29374,0.142602,0.188374,0.0443902,0.0315447,0.14439,0.0281301,0,0.210325,0,0.0622764,0.106098,0.162114,0.00447154,0.186667,0.00211382,0.134228,0.186179,0.0173984,0.0933333,0.250163,0.142195,0,0.0681301,0.0154472,0.117431,0.00826016,0.182659,0.0441301,0.00715447,1.66443,6.19512,44.5285,0.162602
0.117589,0.0792857,0.293125,0.112054,0.305714,0.1125,0.0666964,0.157946,0.197054,0.297321,0.0640179,0.729375,0.120982,0.0967857,0.0202679,0.193125,0.189732,0.127768,1.40339,0.0888393,1.08813,0.237946,0.207589,0.0946429,0.707232,0.181607,0.0124107,0.0186607,0.0166071,0.03,0.00223214,0,0.093125,0.00169643,0.0241071,0.0617857,0.156607,0.0111607,0.0292857,0.0116964,0.0658929,0.0708929,0.0075,0.0180357,0.0707143,0.265714,0.0228571,0.0190179,0.0429821,0.163179,0.0200625,0.23175,0.0736696,0.0468482,4.40768,58.5536,536.018,0.598214
0.0785235,0.0589933,0.316779,0.014094,0.401946,0.230336,0.114564,0.15094,0.0316107,0.251141,0.0318792,0.545101,0.0979866,0.00932886,0.0057047,0.227047,0.127919,0.174966,1.58517,0.0115436,1.19456,0,0.125705,0.121208,0.595235,0.432685,0.200604,0.181477,0.104899,0.140336,0.0667785,0.0488591,0.0959732,0.0528188,0.127114,0.120604,0.133356,0.00154362,0.0725503,0.0598658,0.0510738,0.0416779,0.0775168,0.0346309,0.270872,0.119799,0.0138926,0.0095302,0.0313758,0.153517,0.0206644,0.189443,0.0581007,0.00989262,2.16277,14.2148,139.342,0.456376
0.219062,0.405938,0.650312,0.0734375,0.365938,0.18125,0.319688,0.125625,0.314063,0.860625,0.215625,0.77125,0.14375,0.096875,0.270625,0.930625,0.3275,0.23875,1.85531,0.145,1.52562,0.0053125,0.193438,0.223438,0.299375,0.13875,0.0075,0,0,0.0228125,0,0,0.0421875,0,0.0225,0.0146875,0.12125,0.026875,0.0075,0.0228125,0,0.0228125,0.010625,0.0153125,0.110625,0.0446875,0,0.0240625,0.0094375,0.125656,0.00465625,0.753812,0.231156,0.0675,25.445,340.531,656.719,0.9375
0.0175,0.0755,0.19825,0,0.33825,0.0195,0.271,0.0735,0.01375,0.21775,0,0.3995,0.18925,0.078,0,0.6805,0.03075,0.35675,3.25,0,1.2795,0.0735,0,0.08125,0.3845,0.0215,0.065,0,0,0,0,0,0,0,0,0,0,0,0,0,0,0.128,0,0.0645,0.42825,0.468,0,0,0.007725,0.025775,0,0.167775,0.023,0.01125,5.4175,49.325,76.05,0.425
0.0915385,0.0953846,0.155962,0,0.359231,0.131346,0.204808,0,0.0728846,0.284038,0.0523077,0.369038,0.188462,0.0330769,0,0.582885,0.0675,0.204038,1.93269,0.230577,0.940577,0.0498077,0,0.194808,0.115385,0.132885,0.0686538,0.08,0,0.0284615,0,0,0.0713462,0,0.0517308,0.0551923,0.0261538,0,0,0.0261538,0.005,0.0159615,0.0134615,0.0521154,0.241923,0.246731,0,0,0.014,0.0510962,0.00373077,0.247654,0.0539038,0.434788,5.24262,54.5,101.596,0.5
0.0722414,0.0521552,0.31181,0.0075,0.312586,0.145431,0.0593103,0.134052,0.0928448,0.201638,0.0422414,0.484483,0.0937069,0.0460345,0.0185345,0.24431,0.156034,0.167931,1.40293,0.0893966,0.739828,0,0.062069,0.102241,0.694483,0.385862,0.152845,0.14181,0.100776,0.131379,0.0813793,0.0389655,0.132069,0.0389655,0.0997414,0.118879,0.223103,0.00594828,0.0605172,0.0712931,0.00517241,0.0269828,0.0862069,0.0807759,0.167241,0.0842241,0.00939655,0.0422414,0.0257931,0.203336,0.0291983,0.129914,0.0389828,0.0291034,2.47279,18.6638,200,0.439655
0.0986145,0.0711446,0.223976,0.00813253,0.268916,0.0522289,0.0968675,0.0756024,0.040241,0.355723,0.0443373,0.546867,0.135241,0.00813253,0.0401807,0.105783,0.105542,0.128795,1.52386,0.053012,0.57494,0.00349398,0.0528313,0.0598795,0.762771,0.453735,0.324699,0.285843,0.131988,0.198855,0.10253,0.0818072,0.108614,0.0818072,0.168554,0.16259,0.225542,0.0060241,0.150843,0.0960843,0.0353614,0.0720482,0.126506,0.0589759,0.275663,0.180422,0.0198795,0.0413253,0.0268554,0.191928,0.0169759,0.247361,0.0393313,0.0147711,2.16997,10.6506,79.247,0.253012
0,0,0.0369444,0,0.0369444,0,0,0,0,0,0,0,0,0,0,0,0,0.275278,0,0,0.0369444,0,0,0,11.4319,2.95361,2.02889,2.30417,2.02889,2.30417,2.30417,2.02889,0,2.02889,2.30417,2.30417,0.0369444,0.111111,0.0369444,2.02889,0,0.111111,0,0,1.12139,0,0,0,0.0240278,0.565167,0.006,0.0505556,0,0,3.43781,13.0556,28.3056,0
0.0435644,0.0986139,0.321485,0,0.18297,0.0370297,0.107822,0,0.0647525,0.202376,0.0221782,0.41198,0.14,0.126535,0.0114851,0.543168,0.0489109,0.181386,1.53495,0.0264356,0.701287,0,0.039604,0.00405941,1.10257,0.745049,0.621089,0.452376,0.373762,0.435248,0.37396,0.315347,0.0435644,0.315347,0.516832,0.374158,0.221584,0.00405941,0.145446,0.324158,0.0722772,0.317228,0.152673,0.226139,0.35099,0.273366,0,0,0.0099802,0.204406,0.038,0.296386,0.113069,0.0107624,2.24501,11.3168,40,0.247525
0.137725,0.0971429,0.276455,0,0.266032,0.0430688,0.0137037,0.0714815,0.0103704,0.127407,0.00507936,0.489471,0.0587302,0.0833862,0,0.316455,0.0233333,0.201534,1.33646,0.110476,0.456667,0,0.0112169,0.057037,0.209947,0.0840741,0.600423,0,0.34455,0.0220106,0,0,0.296085,0,0.10582,0.00529101,0,0.0585185,0.062328,0.00619048,0.205608,0.615238,0.0188889,0.108413,0.583598,0.540899,0.0154497,0.0440741,0.0301005,0.0992063,0.0133862,0.139889,0.00942328,0,1.50496,3.2328,11.9577,0.0687831
0.185824,0.125275,0.328571,0.00120879,0.35033,0.152967,0.0761538,0.167802,0.333187,0.327143,0.0973626,0.646923,0.076044,0.123407,0.090989,0.18044,0.332967,0.0771429,1.45,0.209011,1.05747,0.345055,0.0632967,0.240659,0.866923,0.185495,0.0279121,0.0121978,0.00461538,0.0249451,0.0195604,0.00461538,0.103407,0.00582418,0.0195604,0.0582418,0.160989,0.0206593,0.0167033,0.0325275,0.0508791,0.142418,0.017033,0.0150549,0.0571429,0.0901099,0.00604396,0.0118681,0.125297,0.184692,0.0147582,0.270308,0.13022,0.0888791,4.20715,73.5275,628.11,0.494505
0.180169,0.0899438,0.29573,0,0.477809,0.0679213,0.108596,0.108596,0.039382,0.13236,0.0317978,0.489213,0.0629213,0.0142135,0.0208427,0.289551,0.201236,0.192416,1.65978,0.0317978,0.842753,0.00567416,0.0982584,0.0340449,0.499382,0.339157,0.252753,0.185674,0.0818539,0.108596,0.055,0.0516854,0.0857865,0.0516854,0.139888,0.131798,0.182921,0.0061236,0.110112,0.0573596,0.0541573,0.0313483,0.11573,0.0650562,0.282921,0.14118,0.00106742,0.0594382,0.0241124,0.134736,0.0247865,0.268899,0.0800225,0.0226798,2.28475,15.9157,115.545,0.438202
0.0566667,0.131159,0.37913,0,0.591594,0.11913,0.258551,0.159275,0.0798551,0.212319,0.12,0.686812,0.0798551,0,0.207681,0.266377,0.272754,0.441304,2.13507,0.410725,1.26942,0.171159,0.274203,0.0978261,0.315217,0.136232,0.0472464,0.125507,0.0198551,0.120435,0.0198551,0.0198551,0.0231884,0.0198551,0.0450725,0.0486957,0.0944928,0,0.157536,0.0949275,0.0153623,0.0413043,0.00521739,0,0.184058,0.042029,0,0,0.00381159,0.141319,0.000942029,0.290029,0.0988696,0.0329275,5.6873,58.1884,145.29,0.652174
0.129583,0.209722,0.431806,0.594583,0.276389,0.120139,0.0483333,0.112917,0.26,0.315694,0.0713889,0.80875,0.209028,0.125278,0.13,0.149583,0.144306,0.187083,1.73278,0.150972,0.950694,0,0.128194,0.174028,0.717361,0.12875,0.0215278,0.0234722,0.0144444,0.0180556,0.0204167,0.00222222,0.0694444,0.00222222,0.0355556,0.0625,0.0911111,0.00194444,0.0173611,0.035,0.00222222,0.0723611,0.0354167,0.0102778,0.0261111,0.00166667,0,0.0213889,0.140569,0.130917,0.017875,1.03196,0.256306,0.0185694,4.10265,61.0833,755.875,0.597222
0.0692661,0.132661,0.307523,0.0110092,0.349174,0.111651,0.113119,0.12,0.0498165,0.291835,0.0698165,0.523853,0.197431,0.0359633,0.0950459,0.177431,0.121743,0.294312,1.36,0.0533945,0.814679,0.335505,0.138073,0.0753211,0.673303,0.304954,0.173211,0.116055,0.0995413,0.102569,0.0547706,0.0619266,0.0898165,0.0619266,0.0724771,0.0982569,0.16367,0.013945,0.0709174,0.0827523,0.0146789,0.0394495,0.0826606,0.0556881,0.11633,0.0627523,0,0.02,0.0441376,0.178174,0.0264954,0.174798,0.114422,0.0442294,2.98525,24.945,247.661,0.522936
0.0141622,0.0493514,0.259838,0,0.358378,0.0394595,0.0855676,0.0355135,0.00881081,0.18173,0.0118378,0.850703,0.0765946,0.122486,0,0.119189,0.0285405,0.160108,2.03227,0.0325405,0.509081,0,0,0.0577838,0.140054,0.072973,0.437351,0.0552432,0.152595,0.0777297,0,0,0.0821622,0,0.0317838,0.0138378,0.0628108,0.0234595,0.0962162,0.00518919,0.0648649,0.340919,0.072,0.120486,0.435135,0.187514,0,0.0364324,0.0119135,0.0908595,0.0180378,0.297384,0.00515135,0.000664865,1.63715,4.60541,17.7405,0.135135
0.116199,0.0311696,0.235906,0.00777778,0.167135,0.0867836,0.0892982,0.128012,0.0223977,0.159064,0.024152,0.520468,0.0836257,0.00134503,0.0135673,0.14614,0.138713,0.275029,1.55404,0.0194737,0.609415,0,0.00421053,0.0108187,0.895906,0.377836,0.280936,0.292398,0.117778,0.251871,0.0948538,0.0546199,0.258187,0.0546199,0.179123,0.154094,0.250877,0.0109942,0.140234,0.0852047,0.052807,0.134444,0.106842,0.163509,0.248304,0.14386,0,0.0164327,0.0204035,0.167912,0.0271754,0.221076,0.0312865,0.117865,1.94456,9.57895,64.5497,0.269006
0.153478,0.124783,0.265435,0.00804348,0.295435,0.106304,0.0395652,0.230435,0.203696,0.299348,0.0923913,0.540435,0.148261,0.0695652,0.0623913,0.32413,0.210435,0.185652,1.49261,0.128696,0.707826,0.652609,0.261522,0.233478,0.461087,0.0893478,0.00586957,0.00543478,0.00326087,0.023913,0.0104348,0,0.0884783,0.00282609,0.0106522,0.118043,0.160217,0.00934783,0.0213043,0.0245652,0.0193478,0.00326087,0.0073913,0.0245652,0.0297826,0.0973913,0.0023913,0.0397826,0.0394565,0.123587,0.0373696,0.200739,0.163326,0.101739,5.77274,124.522,1677.87,0.543478
0.130777,0.0686408,0.305437,0.0150485,0.286117,0.113592,0.075534,0.139806,0.0581553,0.213981,0.0483495,0.481845,0.0961165,0.0337864,0.000873786,0.217476,0.195243,0.128544,1.48243,0.152913,0.710777,0.717087,0.157961,0.0714563,0.760874,0.285728,0.100874,0.0402913,0.061165,0.0482524,0.0521359,0.0123301,0.0856311,0.0152427,0.0394175,0.0596117,0.243398,0.00184466,0.0164078,0.0318447,0.0480583,0.0323301,0.0372816,0.0690291,0.123786,0.256893,0.00718447,0.0224272,0.245476,0.174728,0.0296311,0.215417,0.0940583,0.158825,3.7923,34.8738,314.825,0.466019
0.103614,0.108434,0.36253,0,0.520843,0.129157,0.110723,0.173012,0.0720482,0.307711,0.101807,0.616506,0.073253,0.013012,0,0.335542,0.360723,0.278795,1.98554,0.138434,1.01952,0.126506,0.199518,0.0848193,0.237108,0.0840964,0.0257831,0.0262651,0.0046988,0.0445783,0.0046988,0.00843373,0.0233735,0.0122892,0.0449398,0.0796386,0.109157,0.000843373,0.0203614,0.0440964,0,0.00493976,0.0177108,0.0207229,0.224337,0.277831,0,0.0266265,0.0588313,0.109904,0.00918072,0.341036,0.121036,0.0558795,4.22006,67.4458,262.867,0.662651
0,14.1478,0,0,0,0,0,0,0,0.132222,0,0,0,0,0,0,0,0,0,0,0,0,0,0,0,0,0,0,0,0,0,0,0,0,0,0,0,0,0,0,0,0,0,0,0.132222,0,0,0,0,0,0,0,0,0,1.77778,4.88889,9.02778,0
0.117738,0.163214,0.409524,0,0.461429,0.12381,0.319167,0.137381,0.0692857,0.317143,0.14,0.527381,0.151786,0.0572619,0.0541667,0.320714,0.229405,0.278571,1.93845,0.140833,1.04298,0.0194048,0.282619,0.0730952,0.239048,0.0884524,0.0144048,0.126786,0.00714286,0.0746429,0.0145238,0.00714286,0.248929,0.00714286,0.113929,0.0794048,0.150357,0,0.00666667,0.0888095,0.00369048,0.0430952,0.00619048,0.017619,0.120595,0.0753571,0,0.0214286,0.0139643,0.0845714,0.00120238,0.464726,0.116238,0.0142976,4.69377,64.1548,196.06,0.654762
0.121622,0.11973,0.279189,0.0156757,0.301622,0.133919,0.173649,0.0668919,0.0189189,0.195676,0.0381081,0.409054,0.115811,0,0.0355405,0.494595,0.151081,0.0972973,1.98378,0.0151351,0.768378,0.0768919,0.230541,0.101757,0.437568,0.315541,0.197027,0.118514,0.0632432,0.105946,0.057973,0.057973,0.0571622,0.0762162,0.105135,0.138514,0.0333784,0,0.129459,0.0685135,0.00445946,0.0216216,0,0.0216216,0.241216,0.131622,0,0.0344595,0.0119324,0.135135,0.0139054,0.432176,0.0717973,0.0352973,3.80432,35.5,124.311,0.621622
0.124369,0.15301,0.389223,0.138932,0.297961,0.119612,0.088835,0.185922,0.42767,0.51534,0.123107,0.532718,0.128447,0.0634951,0.135728,0.270291,0.145631,0.371553,1.42854,0.176796,0.934078,0.91165,0.12466,0.198058,0.470777,0.150583,0.0302913,0.0246602,0.00553398,0.0266019,0.0197087,0.00184466,0.122816,0.00368932,0.124757,0.0316505,0.136505,0.00174757,0.0326214,0.0313592,0.00932039,0.0270874,0.00524272,0.0121359,0.0366019,0.0365049,0.00640777,0.0286408,0.0586214,0.106913,0.043534,0.362107,0.180175,0.104767,4.71909,77.699,971.097,0.68932
0.104606,0.133515,0.260121,0,0.411091,0.108424,0.148485,0.128303,0.0379394,0.276788,0.0766061,0.656545,0.0612727,0.031697,0.0823636,0.337818,0.102242,0.210303,1.80485,0.0333939,0.861879,0.0286061,0.0903636,0.0927273,0.718485,0.422667,0.236667,0.33497,0.101333,0.148,0.0901818,0.108788,0.0726061,0.108788,0.146545,0.194909,0.139636,0.00969697,0.10697,0.0794545,0.0327879,0.0531515,0.0981212,0.173273,0.206848,0.262667,0.0140606,0.0237576,0.0212061,0.158461,0.0119152,0.183327,0.0499333,0.0553333,2.19695,11.9333,96.6909,0.363636
0.053908,0.0883908,0.161954,0,0.233103,0.037931,0.118736,0.409195,0.112989,0.138276,0.0636782,0.314943,0.011954,0.214828,0.00724138,0.487586,0.207816,0.137241,1.14437,0.0350575,0.774828,0.0336782,0.217011,0.0635632,0.291379,0.338391,0.178966,0.0866667,0,0.0457471,0.018046,0.0271264,0.0525287,0.0271264,0.056092,0.118391,0.0943678,0,0.0335632,0.0254023,0,0.0410345,0.0231034,0.0217241,0.382184,0.0313793,0,0.0190805,0.00557471,0.136632,0.011069,0.401805,0.113655,0.00701149,3.55671,26.0115,84.3908,0.735632
0.151343,0.146716,0.826866,0.00283582,0.707612,0.520149,0.272836,0.136716,0.56597,0.458209,0.203284,0.601194,0.150746,0.0797015,0.967015,0.304776,0.11209,0.760149,1.5091,0.820448,0.926119,0.0862687,0.517612,0.144478,0.051194,0.00134328,0.021791,0.00716418,0,0.00865672,0,0,0.00313433,0.00567164,0.00432836,0,0.0129851,0,0,0.0401493,0,0,0.0835821,0.0119403,0.0447761,0.0364179,0,0,0.00285075,0.0761343,0.0011194,0.448209,0.160104,0.019791,108.883,790.104,1415.94,0.985075
0.096,0.008,0.196,0.008,0.092,0.118,0,0.058,0.058,0.188,0.074,0.082,0.072,0,0.038,0.088,0.078,0.076,0.608,0.008,0.242,1.906,0.138,0.11,0,0,0,0,0,0,0,0,0,0.028,0,0.008,0,0,0.016,0,0,0,0,0,0.038,0,0,0,0.4302,2.0094,0.009,0.3924,0.375,0.4024,57.5034,2297.8,10648.8,1
0,0,0,0,0,0,0,0,0,0,0,0,0,0,0,0.325203,0,0,0,0,0,0,0,0,0.0903252,0.116098,20.068,0,0,0,0,0,0,0,0,0,0,0,0,0,0,0.18065,0,0,0.0541463,0,0,0,0,0.0285203,0,0.00934146,0,0,1.20634,1.6748,5.45528,0
0.521224,0.123878,0.570816,0,0.152041,0.0422449,0.201224,0,0,0.486939,0.44898,1.18714,0,0.0473469,0,0.199592,0.0236735,0.0444898,1.39245,0,3.82143,0,0,0.467551,0.186327,0.136122,0.123061,0.0473469,0,0.0822449,0,0.102653,0.0432653,0.102653,0.0244898,0,0.0328571,0,0.0463265,0.084898,0,0.0489796,0,0.0236735,0.0783673,0.0236735,0,0.0495918,0,0.0651224,0,0.544878,0.0675306,0.0161633,5.0632,27.1429,53.5306,0.44898
0.11,0.042987,0.144156,0,0.141169,0.0512987,0.143117,0.198571,0.0488312,0.201688,0.0633766,0.360779,0.0702597,0.0154545,0.0514286,0.155714,0.126623,0.0979221,1.36519,0,0.662987,0,0.065974,0.0824675,0.65039,0.314805,0.0757143,0.292987,0.0693506,0,0,0.00909091,0.254935,0.00909091,0.155325,0.0349351,0.38039,0,0.0780519,0,0.0244156,0.0853247,0.0709091,0.0309091,0.403896,0.499481,0,0.0515584,0.0185974,0.241597,0.0113117,0.249831,0.109662,0.00198701,3.13817,19.5974,67.6753,0.480519
0.121563,0.259063,0.480156,0.308281,0.503906,0.216563,0.601719,0.0684375,0.0629687,0.285,0.09875,0.50875,0.0457813,0.003125,0.010625,0.355156,0.21875,0.429375,2.31625,0.340937,1.38594,0.179531,0.102031,0.155781,0.0625,0.048125,0.005,0.0220313,0.0225,0.0225,0.0146875,0,0.00421875,0,0.0420313,0.0378125,0.105938,0,0.0757812,0.00296875,0,0,0.0221875,0.011875,0.214688,0.02625,0,0.0271875,0.00767187,0.103359,0.0160625,0.438406,0.218109,0.04325,8.87014,132.172,331.5,0.859375
0,0,0.0342105,0,0.301228,0.0373099,0,0,0,0.0253801,0,0.125497,0,0.0626901,0,0.0377193,0,0.0449708,0.202515,0,0.222047,0,0,0,0.539006,0.330994,0.478596,0,0.0278363,0,0.0730994,0,0,0,0,0.0449708,0,0.0864327,0,0,0,0.424971,0,0.469708,0.340409,0.248187,0,0.107193,0.00394737,0.0856257,0.056345,0.177053,0,0,1.21342,1.67251,5.12281,0.0350877
0.0338806,0.0655224,0.16194,0,0.28791,0.0561194,0.0616418,0.199851,0.0497015,0.0804478,0.0135821,0.615075,0.038209,0.0292537,0,0.244627,0.0795522,0.155075,2.12836,0,0.766418,0,0.115522,0.335075,0.25194,0.167164,0.13403,0.184925,0.224627,0.071194,0.0701493,0,0.0532836,0,0.140448,0.0298507,0.0967164,0,0.179254,0.0331343,0.208955,0.351642,0.0691045,0.17791,0.517015,0.166269,0,0.038209,0.0809552,0.0862985,0.0203731,0.349493,0.0639851,0.0630299,2.67866,11.8507,27.4478,0.402985
0.0836601,0.170588,0.31732,0,0.387386,0.18098,0.120196,0.0838562,0.0535294,0.216144,0.0458824,0.584706,0.0673856,0.00346405,0.0101307,0.205359,0.118758,0.171569,1.4819,0.0940523,0.977059,0.00810458,0.140065,0.0689542,0.679935,0.351503,0.241569,0.15451,0.106928,0.129346,0.0729412,0.0789542,0.101438,0.0789542,0.130065,0.108366,0.253399,0,0.140065,0.0928758,0.139412,0.0773856,0.120654,0.028366,0.232353,0.259869,0.00444444,0.0293464,0.0548301,0.167,0.0250915,0.192118,0.0838301,0.0270196,2.70829,20.9608,164.582,0.437908
0.111923,0.345,0.310385,0,0.125577,0.0625,0.199231,0.129615,0.0940385,0.530769,0.0215385,0.549615,0.0786538,0.0548077,0,0.206154,0,0.0548077,2.72846,0,0.902308,0,0.0215385,0.150769,0.240385,0.07,0.454423,0.363269,0,0,0.0873077,0,0.0548077,0,0,0.0548077,0.324423,0,0.647885,0,0.0417308,0,0.0361538,0.144615,0.647115,0.165,0,0,0.0493077,0.239173,0.00486538,0.197442,0.0775,0.0316538,3.04058,19.4423,38.2885,0.423077
