0.263333,0.573333,0.75,0.0758333,0.364167,0,0.4975,0.0475,0.24,1.1275,0.205833,0.935833,0.0675,0.0908333,0.250833,1.68833,0.420833,0.0525,1.59417,0.1925,1.68083,0,0,0.134167,0.0208333,0.0425,0,0,0,0,0,0,0,0,0,0,0.0316667,0,0,0,0,0,0,0,0.0991667,0,0,0.0641667,0.0111667,0.0613333,0,0.987667,0.265583,0.09275,51.5122,406.5,571.5,0.916667
0.19,0,0.38,0,0,0.19,0,0,0,0,0.19,0.19,0,0,0,0.38,0,0.19,1.14,0,0.38,0,0,0,0,0,0,0,0,0,0,0,0,0,0,0,0,0,0,0,0,0,0,0,0,0,0,0,0.01,0.01,0,0,0,0.003,2.383,21,15841,1
0,0,0.28,0,0.16,0.18,0,0,0,0,0.02,0.09,0.11,0,0,0,0,0,0.14,0,0.02,0,0,0.04,0,0,0,0,0,0,0,0,0,0.07,0,0,0,0,0.02,0,0,0,0,0,0,0,0,0,0,0.116,0.021,0.032,0,0,16.6155,154,9089,1
0,0,0,0.04,0,0,0,0,0,0,0,0,0,0,0,0.02,0,0,0.02,0,0,0,0,0,0,0,0,0,0,0,0,0,0,0,0,0,0,0,0,0,0,0,0,0,0,0,0,0,1.024,9.752,0.003,1.542,1.785,1.998,239.571,9989,10062,1
0,0,0.46,0,0,0,0,0.15,0,0,0,0.15,0,0,0,0,0,0.46,0.93,0,0,0,0.46,0,0,0,0,0,0,0,0,0,0,0,0,0.15,0,0,0,0.93,0,0,0,0,0,0,0,0,0.071,0.071,0,0.095,0.023,0,62.75,1505,2761,1
0.0964935,0.108658,0.185238,0.00584416,0.275281,0.0496537,0.0977056,0.197792,0.0257143,0.321948,0.0448918,0.548052,0.0914719,0.059697,0.0205195,0.104675,0.126407,0.123247,1.40991,0.0460606,0.532424,0.0111688,0.0908658,0.0538528,0.580866,0.383593,0.261255,0.301212,0.0987446,0.148701,0.0862771,0.0732468,0.0778355,0.0732468,0.154805,0.167662,0.1829,0.004329,0.126667,0.0694372,0.0277489,0.0642424,0.0907792,0.0822511,0.321558,0.148918,0.0105628,0.0430736,0.0221472,0.187723,0.0140303,0.230463,0.0604805,0.0156537,2.41558,13.316,80.9437,0.337662
0.148361,0.171148,0.448525,0.0370492,0.300328,0.084918,0.134426,0.203443,0.105902,0.51918,0.0868852,0.480164,0.0727869,0.017541,0.108197,0.406557,0.22918,0.241967,1.54656,0.210492,0.876721,1.26705,0.163279,0.0795082,0.583934,0.258197,0.0619672,0.0513115,0.0213115,0.0409836,0.0695082,0.0136066,0.0372131,0.0136066,0.0534426,0.024918,0.200492,0,0.0183607,0.0618033,0.0378689,0.0388525,0.0218033,0.10541,0.0683607,0.0262295,0.0227869,0.014918,0.52623,0.160279,0.0146885,0.342754,0.244557,0.296344,4.66282,47,342.541,0.557377
0,0,0,0,0,0,0,0,0,0,0,0,0,0,0,0,0,0,0,0,0,0,0,0,0,0,0,0,0,0,0,0,0,0,0,0,0,0,0,0,0,0,0,0,0,0,0,0,0.022,0.022,0.019,0.022,0.022,0.022,3.482,5,5902,0
0.42,0.39,0.36,0,0.13,0.09,0.09,0.06,0.49,0.91,0.26,0.55,0.42,1.08,0.03,0.26,0.42,0.03,2.75,0,1.27,0,0.32,0.52,0,0,0,0,0,0,0,0,0,0,0,0,0,0,0,0,0,0,0,0,0.09,0,0,0,0.032,0.104,0.016,0.345,0.515,0.109,5.632,134,2501,1
0.06625,0.0125,0.161875,0,0.22875,0.038125,0.05625,0.11125,0.28625,0.0825,0.059375,0.306875,0.03875,0.09125,0.003125,0.313125,0.045625,0.321875,0.738125,0.003125,0.764375,0,0.07,0.015,0.6675,0.2725,0.026875,0.02625,0.005625,0.031875,0.02625,0.005625,0.181875,0.005625,0.041875,0.03875,0.268125,0,0.0025,0.036875,0.035,0.06125,0.014375,0.020625,0.023125,0.14,0.06125,0.11375,0.05725,0.172312,0.02575,0.236625,0.190563,0.0154375,3.79362,46.375,1140.94,0.4375
0,0,0,0,0.13,0,0,0,0,0.13,0,0.06,0,0,0,0,0,0,0.2,0,0.06,0,0,0,0,0,0,0,0,0,0,0,0,0,0,0,0,0,0,0,0,0,0,0,0,0,0,0,0.01,1.03,0,0,1.611,0.01,7.549,278,3752,1
0.01,0.01,0.07,0,0.05,0,0,0.01,0.03,0.13,0.05,0,0,0.05,0,0,0.01,0.07,0.01,0,0.01,0,0,0,0,0,0,0,0,0,0,0,0.07,0,0,0.13,0,0,0,0.01,0.46,0,0,0.03,0,0.8,0.01,0.07,0.05,0.301,0.131,0.002,0.09,0.002,2.577,82,5395,0
0.040625,0.06,0.231875,0,0.135,0.07,0.069375,0.020625,0.40625,0.128125,0.03125,0.270625,0.049375,0.0075,0.086875,0.135,0.0525,0.126875,0.6475,0.0125,0.495,0.83375,0.09125,0.024375,0.41875,0.279375,0.020625,0.016875,0.03125,0.006875,0.02125,0,0.12875,0,0.04125,0.03125,0.205,0.0025,0,0.01125,0.004375,0.03,0,0.00625,0.0275,0.00375,0,0.005,0.06375,0.24675,0.044,0.101562,0.092,0.103875,4.48369,66.3125,1337.62,0.4375
0.120513,0.17,0.40141,0,0.42359,0.121538,0.330128,0.099359,0.0426923,0.298462,0.141667,0.504103,0.180385,0.0574359,0.0455128,0.315256,0.186667,0.28,1.96603,0.101923,1.04346,0.0208974,0.284359,0.0728205,0.235769,0.0921795,0.0155128,0.136538,0.00769231,0.0803846,0.015641,0.00769231,0.263846,0.00769231,0.122692,0.0855128,0.138077,0,0.00717949,0.0810256,0.00397436,0.0464103,0.00666667,0.0189744,0.116282,0.0811538,0,0.0230769,0.0150385,0.0834872,0.00129487,0.468936,0.114038,0.0153974,4.73053,63.6538,192.333,0.653846
0.0412269,0.0578704,0.256505,0,0.307106,0.0424537,0.0525694,0.0525463,0.0230556,0.152801,0.0169213,0.786898,0.0650463,0.0675231,0.00393519,0.156019,0.033912,0.153704,1.96572,0.0231019,0.466713,0,0.00490741,0.0831713,0.178218,0.163148,0.365833,0.0327315,0.184306,0.0553241,0,0,0.144954,0,0.0359028,0.0105324,0.0726157,0.0304167,0.0631944,0.0100694,0.119815,0.382708,0.041088,0.109699,0.428866,0.30912,0.00675926,0.0393056,0.0276319,0.115313,0.0134514,0.239076,0.0059838,0.00529167,1.70584,4.88657,19.2593,0.122685
0.348,0,1.74,0,1.044,0,0,0,0.62,0.892,0,0,0,0,0,0,0,0,0.348,0.968,0.544,0,0,0,0.348,0,0,0,0,0,0,0,0,0,0,0,0,0,0,0,0,0,0,0,0,0,0,0,0,0,0,0.921,0.096,0,561.4,1297.4,1300.2,1
0,0.473333,1.05167,0,0.58,0.291667,0.22,0.181667,0.453333,0.658333,0.295,0.843333,0,0.241667,0,0.575,0.291667,0.265,1.99333,0.03,1.72667,0,0.163333,0.2,0,0,0,0,0,0,0,0,0.0533333,0,0,0,0.545,0.06,0,0,0,0,0.03,0,0.181667,0,0,0,0,0.1755,0.0248333,0.791667,0.261167,0.0496667,12.7788,373.667,749.5,1
0.0846875,0.205313,0.535312,0,0.290625,0.140312,0.076875,0.0684375,0.252188,0.298437,0.0615625,0.910625,0.195312,0.13125,0.0946875,0.1025,0.0953125,0.08375,1.98687,0.09,0.894375,0,0.0709375,0.106875,0.4575,0.119062,0.0290625,0.015625,0.0165625,0.013125,0.0196875,0.005,0.0728125,0.005,0.0228125,0.0325,0.076875,0.004375,0.0078125,0.0165625,0.005,0.023125,0.056875,0.014375,0.0065625,0.00375,0,0,0.233344,0.100687,0.0266562,1.58319,0.367062,0.006375,4.00206,45.4688,772.781,0.65625
0.491111,0.267778,0.423333,0,0.0688889,0.145556,0.0322222,0.191111,0.415556,0.655556,0.243333,0.947778,0.53,1.16444,0.0344444,0.163333,0.38,0.115556,3.26444,0,1.32889,0.142222,0.981111,0.455556,0,0,0,0,0,0,0,0,0,0,0,0,0,0,0,0,0,0,0.00222222,0,0.04,0,0.00444444,0,0.00344444,0.0742222,0.00111111,0.329222,0.598222,0.164222,6.385,193.111,3249.78,1
0.143871,0.025,0.246935,0.0156452,0.26629,0.146774,0.0517742,0.0422581,0.0548387,0.0859677,0.0612903,0.517258,0.142419,0.0375806,0.00145161,0.159516,0.167742,0.144677,1.35177,0.0943548,0.584839,0.351613,0.193387,0.0924194,0.871129,0.28371,0.112581,0.0570968,0.0804839,0.0448387,0.0354839,0.0130645,0.115161,0.0130645,0.053871,0.0804839,0.225,0.00306452,0.0164516,0.0183871,0.0425806,0.0567742,0.0464516,0.0258065,0.114516,0.384032,0,0.021129,0.0922903,0.188403,0.0340645,0.157081,0.0839839,0.0527581,3.09761,22.3387,303.677,0.419355
0.0871429,0.0385714,0.155714,0,0.0285714,0.0185714,0,0.0357143,0.0557143,0.0657143,0.0357143,0.357143,0.0214286,0.0371429,0.00285714,0.0271429,0.0557143,0.0771429,0.392857,0.0271429,0.23,0.505714,0,0,0.35,0.141429,0.0128571,0.0114286,0.0185714,0.0328571,0.0514286,0,0.362857,0,0.0185714,0.0985714,0.31,0.0228571,0.0457143,0.0242857,0.0771429,0.01,0.0114286,0.0485714,0.0214286,0.331429,0.00714286,0.0514286,0.121571,0.184714,0.0585714,0.0294286,0.00228571,0.031,3.01729,41.7143,1799.71,0
0.115789,0.216316,1.07421,0,0.681579,0.736316,0.489474,0.08,0.768421,0.286316,0.284737,0.881579,0.257368,0,1.29789,0.296842,0.0384211,1.21895,1.67158,0.188947,0.836316,0,0.694211,0.116316,0,0,0,0,0,0,0,0,0,0,0,0,0,0,0,0.0252632,0,0,0.136316,0,0.0931579,0.0678947,0,0,0,0.106579,0,0.407368,0.177368,0.0151053,7.82863,641.632,1349.63,1
0.195,0.5,0.4,0.095,0.58,0,0,0,0.39,0.19,0,0.2,0,0,0,0.1,0,0,0.195,0.19,0.39,0,0,0.2,0.095,0,0,0.095,0,0,0,0,0,0.19,0,0,0,0,0,0,0,0,0,0,0,0,0,0,0,0.035,0,0.4155,0.7295,0.015,1062,2123,2124,1
0.127,0.245,0.507,0,0.889,0.076,0.729,0.286,0.029,0.542,0.025,0.421,0.271,0,0,1.231,0.233,0.397,2.601,0,0.852,0,0.7,0.104,0.1,0.05,0,0,0.05,0.025,0,0,0,0.043,0,0,0.162,0,0,0,0,0.02,0,0,0.279,0,0,0.1,0.0457,0.2441,0,0.4587,0.2281,0.0168,13.9029,188.5,480.3,0.8
0.0996296,0.197037,0.565926,0.0192593,0.258519,0.103333,0.0859259,0.225926,0.241111,0.608519,0.195556,0.376667,0.155556,0.0251852,0.192222,0.44,0.215185,0.287778,1.12704,0.121852,0.777778,0.311481,0.0796296,0.211111,0.0951852,0.072963,0.00185185,0.0296296,0.00148148,0.00407407,0.00592593,0,0.0462963,0.0107407,0.0174074,0.0214815,0.0718519,0.00481481,0.00703704,0.0544444,0,0.00407407,0.00148148,0.00407407,0.0559259,0.0148148,0.00333333,0.00185185,0.0351481,0.0956296,0,0.409667,0.163852,0.0701481,4.35867,87.5185,971.185,0.925926
0,0,0.08325,0,0.03325,0,0,0,0,0,0,0,0,0,0,0,0,0.29775,0.078,0,0.03325,0,0,0,10.9963,2.8555,1.97325,2.271,1.904,2.271,2.20175,1.904,0,1.904,2.20175,2.20175,0.03325,0.1,0.03325,1.904,0,0.1,0,0,1.00925,0,0,0,0.021625,0.535975,0.0054,0.0455,0,0,3.4135,13,28.825,0
0.156875,0.4725,0.11375,5.29813,0.25875,0.10125,0.045625,0.054375,0.678125,0.169375,0.029375,0.414375,0.10125,0.0275,0.02625,0.19875,0.2575,0.22375,1.57625,0.085625,1.07437,0,0.17125,0.3125,0.495,0,0.32375,0,0,0,0,0,0,0,0,0.019375,0.046875,0.00625,0.15875,0,0,0,0.00625,0,0.080625,0,0,0,0.019125,0.140375,0,0.345375,0.1505,0.0609375,11.9763,105.812,438.312,0.6875
0.35,0.229091,0.356364,0.0863636,0.350909,0.368182,0.133636,0.214545,0.404545,0.705455,0.241818,0.562727,0.344545,0.03,0.513636,0.0936364,0.214545,0.492727,1.98182,0.195455,1.35364,0.0154545,0.473636,0.351818,0.848182,0.357273,0.0218182,0,0,0.0663636,0,0,0.0936364,0,0.0654545,0.0218182,0,0.0454545,0.0218182,0.0663636,0,0.0663636,0.0145455,0.0445455,0.0363636,0.13,0,0,0.00109091,0.191727,0,0.565364,0.240273,0.0527273,8.42273,263,732.909,0.909091
0.463,0.931,0.931,0,0.463,0,0,0.463,0,1.866,0,2.334,0,0.605,0,0.463,0,0,1.866,0,5.231,0,0,0,0,0,0,0,0,0,0,0,0,0,0,0,0,0,0,0,0,0,0,0,0,0,0,0,0,0.2503,0,1.6712,0.1913,0.0832,59.0805,657,751.2,1
0.5,0.25,0.42,0,0.08,0.23,0.02,0.35,0.35,0.69,0.21,0.9,0.5,0.92,0.02,0.33,0.42,0.02,3.05,0,1.43,0,0.94,0.46,0,0,0,0,0,0,0,0,0,0,0,0,0,0,0,0.02,0,0,0,0,0.02,0,0.02,0,0,0.069,0,0.325,0.523,0.124,6.723,445,4128,1
0.448889,0.264444,0.424444,0.478889,0.0555556,0.138889,0.0455556,0.214444,0.386667,0.612222,0.222222,0.843333,0.532222,1.11556,0,0.222222,0.386667,0.0411111,3.01667,0,1.32778,0,0.891111,0.372222,0,0,0,0,0,0,0,0,0,0,0,0,0.00888889,0,0,0,0,0,0,0.00333333,0.0411111,0,0.00333333,0,0.0403333,0.065,0,0.389778,0.721556,0.155222,6.89722,194,3029.44,1
0.303056,0.188889,0.429444,0,0.5925,0.289444,0.120556,0.211389,0.512778,0.571944,0.103056,0.721111,0.0655556,0.213056,0.198333,0.259444,0.348056,0.0588889,2.04111,0.254722,1.44333,0.65,0.103333,0.436111,0.177222,0.0930556,0.0194444,0.0122222,0.00416667,0.00416667,0.0122222,0.00416667,0.0930556,0.00416667,0.0122222,0.0377778,0.0669444,0.0147222,0.0130556,0.0436111,0,0.216111,0.0122222,0.0147222,0.0866667,0,0.0025,0,0.0191667,0.142861,0.0130556,0.381944,0.227167,0.0698333,5.23889,103.694,632.556,0.75
0.0892727,0.068,0.215455,0.136545,0.56,0.149273,0.0425455,0.13,0.103091,0.152364,0.0767273,0.605636,0.166727,0.0505455,0.0189091,0.238364,0.317455,0.0910909,2.01927,0.0641818,0.687455,0.775636,0.259273,0.058,0.807091,0.210182,0.046,0.0263636,0.0472727,0.0370909,0.0172727,0.0172727,0.0667273,0.0172727,0.0456364,0.0858182,0.124545,0.0385455,0.0170909,0.0172727,0.00690909,0.032,0.0369091,0.00236364,0.0749091,0.0349091,0.016,0.0223636,0.225418,0.106255,0.0106727,0.129327,0.0931273,0.0692545,3.04873,29.2364,434.309,0.545455
0.511111,0.442222,0.302222,0,0.143333,0.03,0.00666667,0.174444,0.555556,0.641111,0.293333,0.677778,0.633333,1.23111,0.03,0.218889,0.43,0.0288889,3.12889,0,1.38778,0,0.523333,0.546667,0,0,0,0,0,0,0,0,0,0,0.00666667,0,0,0,0,0,0,0,0,0,0.0388889,0,0,0,0.00844444,0.0773333,0,0.454444,0.685333,0.131667,6.953,682.889,2398.67,1
0.2025,0.1575,0.5125,0,1.265,0.3375,0.22,0.385,0.4225,1.6325,0.0625,0.7525,0.245,0,1.2175,0.24,0.0475,0.86,2.565,0.135,1.96,0,0.64,0.41,0,0,0,0,0,0,0,0,0,0,0.0225,0,0,0,0,0.26,0,0,0.04,0,0.02,0.02,0,0,0.003,0.03375,0,0.519,0.1535,0.0115,49.1835,859,1747.5,1
0.0942857,0.0914286,0.227143,0,0.0971429,0.0928571,0.0542857,0.08,0.0842857,0.258571,0.06,0.287143,0.174286,0.0242857,0.0542857,0.138571,0.0671429,0.142857,1.21286,0.00571429,0.55,0,0.13,0.115714,1.99429,0.11,0.00285714,0,0.00285714,0.0471429,0,0,0.0785714,0,0.0342857,0.124286,0.144286,0.00285714,0.04,0.0457143,0.05,0.0142857,0.0142857,0.0571429,0.0557143,0.21,0,0.127143,0.0321429,0.131429,0.00628571,0.175,0.0868571,0.0161429,5.411,75.1429,2031.14,0.285714
0.104429,0.109918,0.276467,0,0.253451,0.0735054,0.0760598,0.0491576,0.0375,0.163614,0.0184511,0.547201,0.0978533,0.0609239,0.0110326,0.264674,0.0522554,0.123451,1.94027,0.0127174,0.636277,0,0.0604891,0.0412228,0.403071,0.333668,0.338424,0.123913,0.164484,0.106793,0.097337,0.0584239,0.0567391,0.0584239,0.0970924,0.116522,0.215598,0.00652174,0.176277,0.0642663,0.0903804,0.240163,0.0492663,0.14587,0.445217,0.186386,0.00277174,0.0290489,0.0232799,0.146405,0.019163,0.211815,0.0432663,0.0193967,1.93206,8.58152,35.6304,0.211957
0.5725,0.11875,0.41625,0,0.03125,0.22375,0.0025,0.17375,0.21,0.31875,0.26625,1.0325,0.60625,1.06625,0.06875,0.36125,0.43375,0.22125,2.735,0.19125,1.115,0,0.26125,0.5675,0,0,0.00125,0,0.00375,0.00125,0,0,0.19375,0,0,0.02875,0.1025,0,0.00125,0.045,0.0075,0.01125,0,0.02875,0.0725,0.015,0.025,0.07125,0.0185,0.088125,0.00025,0.471125,0.124625,0.125,3.83137,106.25,3504,0.875
0.156,0.2,0.974,0,0.374,0.654,0.39,0.348,0.71,0.578,0.156,0.75,0.284,0,1.154,0.216,0.096,1.416,1.776,0.268,0.802,0,0.648,0.392,0,0,0,0,0,0,0,0,0,0,0.04,0,0,0,0,0.016,0,0,0.072,0,0.052,0.036,0,0,0,0.0604,0,0.4398,0.179,0.0208,10.4036,689,1490.4,1
0,0.0854545,0.182727,0,0.742727,0,1.97455,0.984545,0.984545,1.07,0.984545,0.45,0,0.0972727,0,0.845455,2.74091,0.0818182,1.34636,0.984545,3.28,0,0.268182,0.0972727,0,0,0,0,0,0,0,0,0,0,0,0,0.400909,0,0.0972727,0,0,0,0,0,0,0,0,0,0,0.0524545,0,0.727909,0.125909,0.0907273,76.306,286.091,303.455,1
0,0.28963,0.291481,0,0.555185,0.272963,0.99037,0,0.017037,0.401481,0.0348148,0.799259,0,0,0.0340741,0.0603704,0.233333,0.367778,2.24185,0,1.2637,0,0.0166667,0.00814815,0.0522222,0,0.233333,0.0522222,0,0,0.268148,0,0,0,0.104074,0.00814815,0,0,0,0.703704,0,0,0,0,0.246667,0,0,0,0.00103704,0.157593,0.022,0.251444,0.0103704,0.037037,14.4535,170.148,378,0.592593
0.075,0.191286,0.354143,0.0165714,0.537571,0.123571,0.246714,0.142,0.0668571,0.261143,0.0922857,0.748429,0.0695714,0,0.0544286,0.317714,0.279429,0.374,2.07129,0.396143,1.20371,0.168714,0.189571,0.168,0.368,0.185714,0.0764286,0.147429,0.037,0.136143,0.037,0.037,0.0228571,0.037,0.0565714,0.0755714,0.100429,0,0.129,0.0922857,0.0151429,0.0332857,0.00514286,0,0.169143,0.051,0,0.00471429,0.00375714,0.123157,0.000928571,0.3119,0.0618286,0.0350571,5.63459,53.7571,147.314,0.642857
0.136222,0.152667,0.340222,0,0.408222,0.108444,0.0893333,0.0906667,0.255333,0.273333,0.159111,0.865556,0.132667,0.0351111,0.105778,0.205111,0.154444,0.280889,1.65244,0.0744444,0.866444,1.47822,0.124444,0.224889,0.396222,0.128222,0.0191111,0.0266667,0.0266667,0.0306667,0.0182222,0.0251111,0.0933333,0.00733333,0.0297778,0.0731111,0.0891111,0.0202222,0.00755556,0.00622222,0.0288889,0.056,0.00511111,0.00422222,0.0444444,0.0633333,0,0.0135556,0.0279333,0.117533,0.00726667,0.237111,0.0998444,0.1612,4.26031,50,477.467,0.688889
0.16037,0.0818519,0.287778,0.0288889,0.224815,0.0325926,0.0337037,0.114815,0.391111,0.20037,0.0711111,0.550741,0.0425926,0.00740741,0.0492593,0.23,0.0933333,0.240741,1.85889,0.216667,1.11185,0.0792593,0.0218519,0.168519,0.123333,0.00555556,0,0,0,0,0,0,0.00555556,0,0.0111111,0.0625926,0.07,0.0807407,0.017037,0.0844444,0,0.00925926,0.0559259,0.0107407,0.0381481,0.0437037,0,0.0359259,0.00625926,0.141852,0.0151852,0.337926,0.0792963,0.0527407,3.94644,80,389.148,0.666667
0.12475,0.452,0.33,1.773,0.93875,0.14825,0.69275,0.1565,0.0595,0.38525,0.04375,0.65175,0.17475,0.084,0,0.74875,1.575,0.245,2.07975,0.281,1.83075,0,0.01975,0.144,0,0,0,0,0,0.02425,0,0,0,0,0,0.0535,0.1165,0.039,0,0.0085,0,0,0,0,0.0085,0,0,0,0,0.116675,0,0.728525,0.214775,0.0331,9.17465,135.975,193.15,0.925
0.035,0.175,0.131667,0,0.458333,0.0166667,0.045,0.12,0.07,0.455,0.035,0.215,0.07,1.02,0,0.225,0.0866667,0,1.62833,0,0.74,1.81,0.0516667,0.335,0.323333,0,0.158333,0,0,0,0.158333,0,0,0,0.158333,0,0.328333,0,0,0,0,0,0,0,0,0,0,0,0,0.00466667,0,0.0783333,0.681167,0.235,15.7567,230.833,1093.33,0.333333
0.139318,0.09,0.525227,0,0.332273,0.123182,0.0654545,0.138636,0.207045,0.318864,0.0834091,0.762045,0.112727,0.0913636,0.0370455,0.226818,0.134318,0.208864,2.03886,0.150227,1.61705,0,0.140682,0.152273,0.256364,0.110682,0,0.0245455,0,0.0122727,0.00363636,0,0.0275,0,0.0309091,0.0347727,0.0856818,0.00954545,0.04,0.00181818,0,0.0406818,0.0122727,0.01,0.113864,0,0.00613636,0.00636364,0.0158409,0.162295,0.0181818,0.431614,0.0616364,0.0278864,4.49627,85.4773,546.864,0.840909
0.123333,0.11,0.266667,0.02,0.636667,0.223333,0.0633333,0.536667,0.123333,0.23,0.0866667,0.72,0.203333,0.166667,0.0666667,1.24,0.62,0.333333,1.95667,0.263333,0.786667,0.56,0.37,0.29,0,0,0,0,0,0,0,0,0,0,0,0.166667,0.0533333,0,0,0.0633333,0,0,0,0,0.01,0,0,0,0.00366667,0.045,0.0336667,0.466333,0.15,0.219667,5.95267,255,2016.33,1
0.35,0.08,0.35,0,0.35,0,0,0.52,0.61,1.76,0.17,0.26,0.79,0,0.26,0,0.7,0.35,2.64,0,2.03,0,0.61,0.7,0,0,0,0,0,0,0,0,0,0,0,0.08,0,0,0.08,0.17,0,0,0,0,0.17,0,0,0,0,0.081,0,0.556,0.069,0.011,19.234,1170,3116,1
0,0.29,0.29,0,0,0.59,0.29,1.04,1.04,2.22,0.14,1.04,0,0,1.04,0.29,0.74,0,1.63,0.44,0.59,0,1.48,0,0,0,0,0,0,0,0,0,0,0,0,0,0.29,0,0,0.29,0,0,0,0,0,0,0,0,0,0.084,0,0.105,0.21,0.021,10.817,887,1244,1
0.181935,0.105806,0.378065,0.00516129,0.290968,0.146452,0.141613,0.148065,0.711613,0.440968,0.11871,0.617097,0.103548,0.0554839,0.0490323,0.279032,0.0716129,0.440645,1.79548,0.246774,1.13355,0.0945161,0.131935,0.250645,0.386452,0.197419,0.0232258,0.01,0,0.0222581,0.0209677,0,0.122258,0,0.249355,0.0177419,0.188387,0.0016129,0.0341935,0.0241935,0.0241935,0.06,0.00774194,0.0167742,0.0248387,0.0935484,0.0112903,0.0141935,0.0516452,0.11629,0.0958387,0.462677,0.221935,0.0335161,3.61826,57.4194,1047.94,0.645161
0.66875,0.4225,0.7775,0,0.08375,0.56875,0.08375,0.5275,1.00375,1.06,0.02,0.49,0.355,0,1.045,0.22625,0.175,1.88375,2.265,0.97,1.2675,0,1.10875,0.69375,0,0,0,0,0,0,0,0,0.04125,0,0.15875,0,0,0,0,0,0,0,0,0,0,0,0,0,0.02025,0.043125,0,0.422,0.183375,0.048625,13.183,525,937.125,1
0.0375,0.0375,0.6225,0.1225,0.1325,0.0475,0.295,0,0,0.53,0.155,0.8075,0.0375,0.0575,0,0.87,0.275,0.2325,1.765,0,1.0725,0,0.1925,0.1175,0,0,0,0,0,0,0,0,0,0.0475,0,0.0575,0.105,0,0,0,0,0,0,0,0.1225,0,0,0,0.039,0.10575,0,0.3865,0.078,0.006,7.74875,235,560.25,1
0.155,0.1275,0.303333,0,0.290833,0.11,0.0408333,0.159167,0.259167,0.5325,0.0816667,0.551667,0.1425,0.0483333,0.103333,0.145,0.109167,0.218333,1.78167,0.02,1.01583,1.24583,0.335,0.265833,0.275,0.149167,0.0075,0.01,0,0.00666667,0.01,0,0.0283333,0.0108333,0.00333333,0.0491667,0.155,0,0.00916667,0.0125,0,0,0,0.0225,0.0258333,0.0441667,0,0.0175,0.0406667,0.132583,0.0204167,0.2285,0.276083,0.135833,6.643,114.917,1474.25,0.666667
0.3525,0,1.7725,0,1.0625,0,0.1625,0,0.5175,0.8475,0,0,0,0,0,0,0,0,0.3525,0.8725,0.3275,0,0,0,0.3525,0,0,0,0,0,0,0,0,0,0,0,0,0,0,0,0,0,0,0,0,0,0,0,0,0,0,0.9325,0.08,0,316.125,1161.5,1264.5,1
0.0175,0.06,0.0375,0,0.065,0.0175,0.0425,0.065,0.04,0.08,0.005,0.1475,0.0175,0.0875,0.005,0.0075,0.0375,0.0325,0.08,0.0025,0.1025,0,0.0525,0,0.9825,0.5875,0.0275,0,0.005,0.0425,0,0,0.85,0,0,0.06,0.365,0.0125,0.0425,0.005,0.0325,0.0075,0.0025,0.0525,0.0875,0.0825,0.0075,0.025,0.08825,0.14375,0.031,0.0155,0.01325,0.00075,8.607,91.75,3326,0.5
0.05,0.1,0.230909,0,0.167273,0.0481818,0.0545455,0.0745455,0.191818,0.317273,0.116364,0.389091,0.0363636,0.0954545,0.149091,0.195455,0.0736364,0.162727,1.68545,0.669091,1.07909,1.44545,0.0709091,0.0209091,0.521818,0.228182,0.0345455,0.0536364,0,0.0445455,0.0481818,0,0.00363636,0,0.423636,0.0118182,0.111818,0,0.0390909,0.0445455,0.00363636,0.0818182,0,0.0218182,0.103636,0.0218182,0.0109091,0.0118182,0.00590909,0.121273,0,0.220818,0.119909,0.155273,4.98645,50.5455,1229.55,0.636364
0.0739423,0.141731,0.303558,0.0115385,0.353173,0.121827,0.12125,0.130192,0.0495192,0.292212,0.0667308,0.503077,0.212404,0.0376923,0.0996154,0.191154,0.120288,0.2825,1.44596,0.0559615,0.830673,0.347788,0.158558,0.0858654,0.668365,0.298462,0.171442,0.102885,0.107404,0.0940385,0.0621154,0.0696154,0.0921154,0.0696154,0.0599038,0.107692,0.16125,0.0146154,0.0770192,0.0898077,0.0153846,0.0248077,0.0936538,0.0482692,0.128269,0.0689423,0,0.00894231,0.0445769,0.165365,0.0281635,0.160558,0.125029,0.04675,2.94725,24.0192,244.99,0.548077
0.29,0.04,0.04,0,0.14,0.04,0,0.29,0.29,0.94,0.14,0.04,0.14,0,0.19,0.04,0.39,0.19,1.6,0.04,0.79,9.53,0.69,0.47,0,0,0,0,0,0,0,0,0,0,0,0.04,0,0,0.04,0,0,0,0,0,0.19,0,0,0,1.117,0.053,0,0.356,0.09,0.011,12.332,1171,9163,1
0.0945455,0.0877273,0.43,0.0131818,0.240682,0.0418182,0.0936364,0.164545,0.0488636,0.211818,0.0668182,0.396591,0.0418182,0.00681818,0,0.364091,0.269091,0.262955,1.73341,0.166818,1.015,0.266818,0.11,0.0620455,0.1675,0.0518182,0,0.0261364,0.0125,0.0452273,0,0,0,0.00681818,0.0695455,0.0706818,0.152727,0,0.0131818,0.0356818,0,0,0.015,0,0.256591,0.548636,0,0.0775,0.0221591,0.129295,0.0115909,0.377568,0.128432,0.0413864,4.53839,69.1591,299.818,0.568182
0.12,0.206364,0.515455,3.89182,0.504545,0.0945455,0.0709091,0.304545,0.258182,0.781818,0.100909,0.672727,0.231818,0,0.198182,0.289091,0.225455,0.343636,2.40818,0.593636,1.65364,0.848182,0.0663636,0.273636,0.00909091,0.00909091,0.0145455,0.0672727,0.00545455,0,0,0,0,0,0.0127273,0.00818182,0.00909091,0,0.0390909,0.0436364,0,0.0118182,0,0.0145455,0.0690909,0,0,0.0127273,0.00581818,0.226818,0,0.507636,0.130636,0.14,6.79227,126.182,828,0.909091
0.181667,0.1375,0.426667,0,0.384167,0.12,0.08,0.04,0.315,0.9625,0.1175,0.8425,0.420833,0.0916667,0.165,0.423333,0.0841667,0.4275,2.0975,0.515,1.345,3.46667,0.100833,0.269167,0,0,0,0.0125,0,0,0,0,0.0125,0,0,0.0208333,0,0,0,0.103333,0,0,0.00583333,0.0433333,0.0675,0,0,0.0325,0.0854167,0.11825,0.0208333,0.3485,0.0823333,0.278333,7.81017,126.833,1115.33,1
0.161266,0.080131,0.316943,0.00563319,0.437118,0.09869,0.128122,0.130306,0.0382969,0.170175,0.0335808,0.459738,0.0829694,0.00318777,0.0278166,0.320087,0.156419,0.160699,1.76061,0.0319651,0.838428,0.0292576,0.148384,0.0487773,0.480786,0.356376,0.228734,0.179258,0.0894323,0.104323,0.0570742,0.0573362,0.0823581,0.0658079,0.14083,0.124978,0.135895,0.0031441,0.106507,0.0611354,0.0371179,0.0467686,0.0762009,0.0535371,0.271092,0.134847,0.00122271,0.0502183,0.0222489,0.14348,0.0222445,0.347428,0.0837555,0.0265764,2.57554,19.6288,122.969,0.489083
0.211765,0.147059,0.261765,0.0123529,0.272941,0.0988235,0.0347059,0.308235,0.344706,0.320588,0.114706,0.514118,0.207647,0.0923529,0.0958824,0.246471,0.220588,0.208824,1.79588,0.232353,0.864118,1.23471,0.316471,0.351176,0.148824,0.102941,0.00823529,0.00294118,0,0.0135294,0,0,0.0558824,0,0.00470588,0.112941,0.13,0.0158824,0.0158824,0.0188235,0,0,0.00470588,0.0129412,0.0452941,0.0117647,0.00352941,0.0217647,0.0361176,0.113706,0.0592941,0.223765,0.179824,0.147059,6.06118,119.765,1612.76,0.705882
0.170833,0.100367,0.295367,0,0.2085,0.055,0.169533,0.0582,0.00433333,0.256067,0.1205,0.736067,0.0737667,0.0039,0.0264667,0.2373,0.0795,0.133567,1.62707,0.0074,1.1376,0,0.0432,0.0984333,0.5989,0.337867,0.212333,0.205167,0.121933,0.2204,0.100867,0.0724667,0.1635,0.0724667,0.2209,0.1195,0.1679,0.0045,0.166267,0.0717,0.0576667,0.177667,0.0546667,0.106633,0.195933,0.255133,0,0.0383,0.0110533,0.12943,0.00522333,0.206857,0.0567567,0.0547633,2.48958,12.2067,50.0867,0.283333
0.06,0.16,0.264,1.832,0.252,0.76,0.23,0.378,0.582,0.478,0.12,0.612,0.056,0,0.952,0,0.398,0.95,1.462,0.174,0.872,0,0.268,0.12,0,0,0,0,0,0,0,0,0,0,0,0,0,0,0,0,0,0,0.12,0,0,0,0,0,0.1132,0.1236,0,0.2552,0.1048,0.0204,13.6466,698.6,1230,1
0.106389,0.218611,0.605278,0.548056,0.455278,0.181667,0.291944,0.1925,0.0583333,0.240833,0.133889,0.538889,0.119722,0,0,0.416111,0.355278,0.441389,2.35889,0.490833,1.5775,0.0238889,0.134167,0.223056,0.0558333,0.0694444,0.00888889,0,0.04,0.04,0,0,0.0075,0,0.0272222,0.0202778,0.127778,0,0.0663889,0.00527778,0,0,0.0211111,0.0211111,0.130833,0.0344444,0,0,0.00983333,0.0910278,0.0236667,0.466028,0.0742222,0.0334722,7.61633,133.889,299.5,0.916667
0.06,0.06,0.1025,0,0.08,0.03,0,0.0225,0.02,0.09,0,0.445,0.035,0.055,0.0025,0.115,0.0725,0.04,0.525,0.0225,0.75,0,0.0675,0.0925,0,0,0.0125,0.0075,0.0025,0,0,0,0.8275,0,0,0.055,0.4525,0,0,0.02,0.0475,0.035,0.0075,0.04,0.0125,0.0675,0.015,0.095,0.019,0.14875,0.00125,0.00925,0.03375,0.00125,2.14725,75.25,3192.5,0.5
0.02,0.12,0.2975,0.025,0.5375,0.2,0.025,0.2225,0,0.17,0.095,0.9575,0,0.05,0,0.985,0.44,0.2725,0.9525,0.1775,0.25,0.23,0.2575,0.05,0.02,0,0,0,0,0.0575,0,0,0,0,0,0.1975,0.145,0,0,0.05,0,0,0.02,0,0,0,0,0,0.01,0.10475,0.00875,0.2255,0.086,0.13675,5.5885,238,1791.5,0.5
0.105441,0.101422,0.241078,0,0.373725,0.104657,0.137549,0.105049,0.0332843,0.228235,0.0728922,0.547206,0.0620098,0.0445098,0.0666176,0.367206,0.158284,0.219559,1.7323,0.025098,0.883824,0.0231373,0.0783333,0.0811275,0.673627,0.377598,0.27152,0.248578,0.0890196,0.144755,0.0643137,0.0834804,0.0869608,0.0834804,0.111961,0.17652,0.151912,0.00965686,0.126373,0.0716176,0.0398529,0.0430392,0.114118,0.127745,0.254559,0.258775,0.0113725,0.0189216,0.0232941,0.142877,0.0152304,0.19798,0.0530637,0.0457647,2.25168,13.1569,100.897,0.401961
0.1025,0.1875,0.4775,0,0.4275,0.2425,0.3275,0,0,0.2325,0,0.9875,0,0,0,1.5625,0.0925,0,3.3475,0,1.2075,0,0.345,0.1025,0.0725,0.0725,0.0725,0.145,0,0,0,0,0,0.0725,0.145,0,0,0,0,0,0,0,0,0,0.0925,0,0,0,0,0.127,0,0.495,0.54675,0.03625,16.7432,328.5,450.25,0.75
0,0.02,0.05,0,0.02,0,0,0.05,0,0.35,0,0.02,0,0,0,0.05,0.1,0.38,0.07,0.2,0.17,0,0,0,0.02,0,0,0,0,0,0,0,0,0,0,0,0,0,0,0,0,0,0,0,0,0,0,0,0,0.004,0,0.108667,0.0173333,0.0173333,3.922,489,3271,1
0.334444,0.354444,0.286667,0,0.283333,0.0511111,0.0655556,0.14,0.557778,0.565556,0.26,0.66,0.432222,0.951111,0.0233333,0.188889,0.342222,0.0388889,2.88556,0.0222222,1.42333,0,0.326667,0.395556,0,0,0,0,0,0,0,0,0,0,0,0.00444444,0.0222222,0,0,0,0,0,0,0,0.0377778,0,0,0,0.0124444,0.0853333,0.00355556,0.363,0.417556,0.108111,5.27922,115,2224.56,1
0.1175,0.1375,0.1975,0,0.1725,0.0475,0.0075,0.065,0.2375,0.24,0.0725,0.345,0.1475,0.26,0.0075,0.11,0.135,0.05,0.975,0.005,0.445,0,0.1275,0.1475,0.4275,0.4425,0.0025,0,0,0,0,0,0.665,0,0.0025,0.04,0.6225,0.01,0,0.005,0.025,0.005,0.0225,0.005,0.13,0.0825,0.0125,0.1075,0.104,0.18475,0.025,0.11925,0.1465,0.035,3.5205,57.25,2424,0.5
0.0442505,0.987818,0.108748,0,0.171954,0.0234915,0.00309298,0.0322391,0.00563567,0.085408,0,0.146452,0.024649,0.0468691,0,0.166983,0.00540797,0.0565275,1.36786,0.0344972,0.353036,0,0,0.0594687,0.252751,0.142732,5.16366,0,0.0798292,0.00789374,0.0237192,0,0.0480266,0,0.0379507,0.014592,0,0.0349905,0.0481594,0,0.0151423,0.285598,0,0.17814,0.796584,0.254744,0.00411765,0.0596205,0.00980455,0.0700417,0.0197078,0.186677,0.00337951,0,1.2778,2.14231,6.81025,0.0398482
0.59,0.09,0.09,0,0.29,0.09,0,0.59,0.59,2.09,0.29,0.09,0.29,0,0.39,0.09,0.79,0.39,3.19,0.09,1.69,0,1.39,0.99,0,0,0,0,0,0,0,0,0,0,0,0.09,0,0,0.09,0,0,0,0,0,0.19,0,0,0,0.044,0.078,0,0.334,0.133,0.011,15.493,1171,2541,1
0.5,0.626667,0.753333,0,0.373333,0.126667,0,0.246667,0.246667,1.38333,0.246667,2.27333,0,0.246667,0,0.246667,0,0,2.15,0,4.04333,0.126667,0.246667,0,0,0,0,0,0,0,0,0,0,0,0,0,0.123333,0,0,0,0,0,0,0,0,0,0,0,0,0.172333,0,0.872667,0.131,0.064,70.3683,807.333,965.667,1
0.0809091,0.09,0.78,0,0.843636,0.998182,0.271818,0.154545,0.607273,0.09,0.180909,0.598182,0.180909,0,2.15364,0.235455,0.0727273,0.945455,1.58273,0.171818,0.443636,0,0.826364,0.0809091,0.00818182,0.00818182,0,0,0,0,0,0,0,0,0,0,0,0,0,0.0727273,0,0,0.171818,0.0727273,0.0809091,0.0809091,0,0,0,0.0676364,0,0.412545,0.118818,0.0127273,7.58673,669,1408.64,1
0.258421,0.195789,0.383684,0,0.303158,0.130526,0.0284211,0.0957895,0.414737,0.385789,0.0705263,0.536316,0.3,0.379474,0.307368,0.200526,0.19,0.480526,1.78053,0.111053,1.37684,0,0.314211,0.359474,0.167368,0.0357895,0.0173684,0.0110526,0,0,0.0115789,0,0.0178947,0,0.0226316,0.0126316,0.0710526,0,0,0.0742105,0,0.435263,0.00315789,0,0.0289474,0.00578947,0.0242105,0,0.0141053,0.107263,0.0184211,0.420684,0.115421,0.0647895,4.76153,98.0526,707.263,0.631579
0.0833491,0.114528,0.287783,0.00382075,0.401981,0.211226,0.122453,0.0991038,0.0457547,0.245425,0.0306132,0.584434,0.082783,0.0090566,0.00457547,0.234151,0.132311,0.17717,1.50255,0.0116038,1.15175,0.00584906,0.1075,0.111321,0.647264,0.368538,0.251887,0.154387,0.11467,0.141792,0.0791981,0.0745755,0.117453,0.0745755,0.127925,0.109245,0.196698,0.00108491,0.0941981,0.082783,0.0528302,0.0505189,0.11467,0.019434,0.243396,0.0839623,0.0125472,0.0175943,0.0305613,0.176377,0.0289104,0.168745,0.060217,0.013816,2.46427,17.316,153.071,0.448113
0.113077,0.0565385,0.195385,0.00211538,0.200385,0.0682692,0.0263462,0.239231,0.129423,0.143269,0.0684615,0.737308,0.0965385,0.0869231,0.01,0.119808,0.390192,0.0494231,0.803654,0.155,0.999808,0.153846,0.0971154,0.0896154,1.56769,0.16,0.0188462,0.00442308,0.0155769,0.0263462,0.0155769,0,0.103269,0.00211538,0.0155769,0.106923,0.207308,0.0292308,0.0115385,0.0325,0.109808,0.0698077,0.00615385,0.0213462,0.0209615,0.137115,0,0.0188462,0.178981,0.188423,0.0158077,0.185173,0.0724038,0.103423,3.30312,37.2885,589.846,0.346154
0.0628571,0.197143,0.455714,2.73714,0.581429,0.15,0.165714,0.02,0.262857,0.288571,0.0457143,0.477143,0.0771429,0.0228571,0.197143,0.477143,0.0328571,0.371429,1.54857,0.0357143,0.588571,1.35429,0.0728571,0.104286,0,0,0,0,0,0,0,0,0,0,0,0,0.0371429,0,0,0.0271429,0,0.0114286,0,0,0,0.121429,0,0,0.00385714,0.0591429,0.0212857,0.254286,0.0458571,0.058,8.20257,138,1270.71,0.857143
0.112778,0.0622222,0.221111,0,0.338611,0.143333,0.0444444,0.139444,0.0544444,0.196667,0.0811111,0.468056,0.136389,0.0638889,0.0169444,0.109167,0.1925,0.160833,1.06111,0.128333,0.594167,0.287778,0.190556,0.0686111,0.628611,0.327778,0.160833,0.205556,0.0988889,0.106111,0.0491667,0.0491667,0.0569444,0.0491667,0.0905556,0.123056,0.1775,0.0455556,0.0913889,0.0886111,0.0844444,0.152778,0.0480556,0.00555556,0.121389,0.166667,0.0419444,0.0619444,0.146889,0.184222,0.0221111,0.123917,0.0586111,0.0728333,2.82975,26.9167,380.917,0.361111
0.203333,0.126667,0.24,0.0433333,0.0933333,0.0866667,0.0166667,0.09,0.266667,0.21,0.103333,0.483333,0.133333,0.393333,0.0233333,0.08,0.12,0.0733333,1.09,0,0.453333,0,0.21,0.173333,0.466667,0.48,0.01,0.00666667,0.00666667,0,0,0,0.596667,0,0,0.0833333,0.7,0.0166667,0,0,0.02,0.0133333,0.00666667,0.04,0.0266667,0.0966667,0.00666667,0.05,0.086,0.161333,0.0603333,0.122,0.182333,0.044,3.70867,90.6667,2696.67,0.333333
0.0926923,0.132115,0.329231,0,0.578077,0.1775,0.239038,0.0503846,0.0865385,0.262885,0.110385,0.315962,0.171731,0.0330769,0.2125,0.583269,0.117308,0.261923,2.03827,0.1225,1.00442,0,0.194231,0.207308,0.108077,0.0484615,0.0686538,0.0511538,0,0.0284615,0,0,0.0713462,0,0.0384615,0.0428846,0.0503846,0,0.0659615,0.0765385,0.005,0.0311538,0.0134615,0.0371154,0.244038,0.239808,0,0,0.000865385,0.0899038,0.00525,0.273173,0.0912692,0.383231,5.28804,58.1154,114.981,0.615385
0.130909,0,0.159091,0,0.535455,0.0790909,0.144545,0,0.244545,0.276364,0.412727,0.564545,0.0190909,0.485455,0,0.733636,0.335455,0.0518182,1.79455,3.76273,1.70818,0.525455,0.343636,0.193636,0,0,0,0,0,0,0,0,0.0327273,0,0,0,0,0,0,0,0,0,0.0272727,0,0,0,0,0,0,0.114182,0.00681818,0.304727,0.153727,0.0600909,11.3098,489.545,1437,1
0.0373077,0.0659615,0.215096,0,0.245481,0.0536538,0.221058,0.07,0.118173,0.172596,0.0379808,0.391731,0.110865,0.0703846,0,0.625673,0.0964423,0.267115,2.49212,0.127404,1.17375,0.0621154,0.0573077,0.0668269,0.304038,0.223077,0.0742308,0.0218269,0,0.01375,0.0150962,0,0.00769231,0,0.0293269,0.0470192,0.0428846,0,0,0.00586538,0,0.0842308,0,0.0466346,0.276635,0.256538,0,0,0.00953846,0.0471923,0,0.5075,0.047,0.0310577,4.70894,41.6538,82.7981,0.548077
0.205714,0.46,0.384286,1.94714,0.408571,0.221429,0.0242857,0.0228571,0.947143,1.03,0.0857143,1.03143,0.15,0.0228571,0.277143,0.221429,0,0.975714,1.86714,0.132857,1.51714,1.04571,0.317143,0.317143,0.251429,0,0.22,0,0,0.0628571,0,0,0.0628571,0,0,0,0,0,0.0628571,0,0,0,0.0242857,0,0,0,0,0,0,0.052,0,0.572714,0.147143,0.135,8.72629,181.429,900.143,0.857143
0.109452,0.0964384,0.380411,0,0.676575,0.135205,0.11137,0.175342,0.106164,0.306164,0.106164,0.73137,0.0616438,0.0193151,0.0136986,0.320548,0.401644,0.253151,2.01808,0.180548,1.11027,0.143836,0.232192,0.0831507,0.260274,0.106575,0.0638356,0.0428767,0.00534247,0.0530137,0.00534247,0.00958904,0.0339726,0.0139726,0.0386301,0.0638356,0.113151,0.000958904,0.0260274,0.0657534,0,0.0230137,0.020137,0.0379452,0.204384,0.00219178,0,0.0349315,0.0619589,0.108959,0.00830137,0.348315,0.124438,0.0559315,4.16563,65.5068,249.699,0.69863
0.05,0.94,0.3,0,0.495,0.49,0.105,0.18,0.41,0.7675,0.1525,0.475,0.205,0.025,0.025,0.0525,0.5075,0.2525,2.5875,0.25,1.9175,0.0775,0.845,0.1775,0,0,0,0,0,0,0,0,0,0,0,0.105,0,0,0,0,0,0,0.0475,0,0.18,0,0,0,0.0315,0.08575,0.4045,0.43075,0.1795,0.0255,14.7213,371.75,1008.25,1
0.358,0.264,0.658,0,0.404,0.09,0.056,0.078,0.48,0.592,0.286,0.742,0.342,0.714,0.368,0.158,0.27,0.206,2.822,0.064,1.22,0,0.462,0.442,0,0,0,0,0,0,0,0,0,0,0,0,0,0,0,0.012,0,0,0.024,0,0.07,0.012,0,0,0.0042,0.0896,0,0.3802,0.7542,0.0766,8.1344,317.2,2261.6,1
0.0737589,0.0605674,0.33922,0.00617021,0.299929,0.16539,0.0764539,0.146667,0.0882979,0.185248,0.0488652,0.479645,0.0829078,0.0378723,0.0214184,0.241135,0.14844,0.161418,1.35681,0.128085,0.764965,0,0.125816,0.076383,0.751206,0.447447,0.13461,0.149716,0.0869504,0.139078,0.0714894,0.0342553,0.111348,0.0342553,0.107447,0.116879,0.240284,0.00489362,0.0891489,0.0635461,0.117376,0.0258156,0.0759574,0.0768794,0.170284,0.254326,0.0077305,0.0421277,0.0563901,0.185397,0.0249645,0.133418,0.0683404,0.039844,2.43782,19.1206,194.149,0.425532
0.108409,0.0938636,0.153864,0.285227,0.292273,0.0997727,0.0470455,0.114091,0.241136,0.312045,0.07,0.6325,0.0879545,0.0538636,0.0190909,0.165682,0.204318,0.0881818,1.11114,0.0995455,0.594091,0.182045,0.133182,0.0611364,0.801818,0.319318,0.0290909,0.0229545,0.00522727,0.0265909,0.00204545,0,0.192045,0,0.0304545,0.0686364,0.214545,0.0075,0.0284091,0.015,0.103409,0.0609091,0.00727273,0.0297727,0.0438636,0.608182,0.0520455,0.0356818,0.0642955,0.170705,0.0248864,0.0864773,0.0598636,0.0337727,3.31811,35.6364,518.614,0.409091
0.036,0.038,0.134,0,0.156,0.05,0,0.03,0.052,0.076,0.006,0.318,0.024,0.018,0.006,0.028,0.152,0.118,0.184,0.002,0.108,0.058,0.008,0,0.096,0.098,0.014,0.008,0.008,0,0,0,1.242,0,0,0.1,0.824,0.004,0.01,0.03,0.064,0.02,0.03,0.018,0.016,0.23,0.014,0.248,0.0644,0.1596,0.013,0.011,0.0096,0.0044,2.2954,53.4,3015.2,0
0.0846875,0.0765625,0.238437,0,0.250313,0.0940625,0.04,0.229375,0.248437,0.3,0.0775,0.55375,0.079375,0.125625,0.109063,0.0925,0.206875,0.183437,1.08812,0.16625,0.6275,0.752187,0.107812,0.0865625,1.24094,0.28125,0.0253125,0.0475,0.020625,0.066875,0.0575,0.0059375,0.22125,0.0028125,0.166563,0.07,0.218437,0,0.0678125,0.0228125,0.0065625,0.029375,0.0028125,0.003125,0.046875,0.014375,0.006875,0.0846875,0.083375,0.145469,0.0420938,0.125875,0.0892187,0.0815625,3.45878,41.4688,893.438,0.34375
0.284,0.136,0.474,0,0.622,0.232,0.092,0.246,0.038,0.36,0.188,0.898,0.504,0.044,0.012,1.138,0.498,0.188,3.192,0.14,1.408,0,0.546,0.28,0,0,0,0,0,0,0,0,0,0,0,0.14,0,0,0.136,0.044,0,0,0,0,0.044,0,0,0.044,0.0022,0.0778,0,0.5538,0.1722,0.2262,9.1342,298,1462.6,1
0.102205,0.0371863,0.226616,0.00505703,0.175323,0.0673384,0.0905703,0.142433,0.0294677,0.193308,0.0340304,0.52057,0.0869962,0.0142205,0.0336122,0.146464,0.116768,0.222966,1.47004,0.0126616,0.635627,0,0.0247148,0.0335741,0.869011,0.404335,0.220646,0.296502,0.10384,0.188403,0.078289,0.0451331,0.254829,0.0451331,0.180837,0.126806,0.306046,0.00714829,0.122662,0.0674144,0.0414829,0.112395,0.0992015,0.114259,0.304068,0.253346,0.00326996,0.0298479,0.0193156,0.191452,0.0220532,0.228437,0.050403,0.0784068,2.27221,12.2167,65.1065,0.315589
0,0,0,0,0,0,0,0,0,0,0,0,0,0,0,0.58,0,0,0,0,0,0,0,0,0,0,1.46,0.29,0,0.58,0,0,0,0,0,0,0.58,0,0,0,0,0,0,0,0,0,0,0,0,0.018,0,0,0,0,251,1488,1506,0
0.092069,0.135517,0.196897,0,0.11931,0.0596552,0.0062069,0.0675862,0.226897,0.111379,0.0710345,0.66,0.101379,0.0275862,0.00655172,0.103448,0.118966,0.0410345,0.66,0.01,0.315517,0,0.0444828,0.0586207,1.81931,0.335862,0.037931,0.0151724,0.0203448,0.0568966,0.0182759,0.00931035,0.158966,0.00931035,0.0382759,0.145517,0.234483,0,0.0217241,0.0224138,0.0603448,0.0251724,0.0496552,0.00413793,0.0368966,0.136552,0,0.0548276,0.169448,0.191793,0.0167931,0.44,0.129069,0,3.00852,34,688.31,0.206897
0.33,1.01,0,0,1.35,0,0.33,0,0,0,0.67,0.67,0.33,0,0,1.01,0,1.68,2.36,0,3.71,0,0,0,0,0,0,0,0,0,0,0,0,0,0,0,0,0,0,0,0,0,0,0,0,0,0,0,0,0.12,0,0.06,0.06,0,193.5,1013,1161,1
