0,0,0,0,0.42,0,0,0.653529,0,0,0,0,0,0,0,0,0,0,1.61118,0,0.653529,0,0,0,0,0,0,0,0,0,0,0,0,0,0,0,0,0,0.653529,0,0,0,0,0,10.7018,0.452353,0,0,0,0.18,0,2.45506,0,0,1.32535,2.47059,6.88235,0.0588235
0.120782,0.046648,0.269441,0,0.289497,0.0760894,0.0493855,0.0108939,0.00944134,0.0873743,0.00620112,0.690391,0.0740782,0.0358101,0.0131844,0.184972,0.0262011,0.116648,1.94101,0.00871508,0.577263,0,0.0024581,0.023352,0.265419,0.323073,0.291061,0,0.180391,0.0307263,0.00648045,0,0.0521229,0,0,0.0493296,0.192514,0.013743,0.067933,0.00558659,0.0869274,0.32419,0.00871508,0.14257,0.404358,0.147039,0.00569832,0.033743,0.0236816,0.122944,0.00789385,0.136425,0.00951955,0.00619553,1.53651,4.83799,31.0782,0.111732
0.31358,0.0766667,0.389259,0,0.244321,0.0230864,0.216543,0.0914815,0.051358,0.0839506,0.314815,0.92037,0.0591358,0.0671605,0,0.56037,0.0969136,0.232099,2.33704,0,3.04988,0,0,0.303333,0.249506,0.10321,0.0604938,0.0671605,0.0385185,0,0,0,0,0,0.0245679,0,0.0650617,0,0.0280247,0,0,0.0732099,0,0.0579012,0.14,0.112963,0,0.03,0.00381481,0.0552099,0,0.416062,0.0869012,0.00234568,4.93152,33.9506,63.9506,0.54321
0.0835533,0.0969036,0.302284,0.00411168,0.425178,0.24198,0.115787,0.113249,0.0462437,0.252792,0.0311675,0.584518,0.0915736,0.00974619,0.0051269,0.221168,0.119746,0.180102,1.57802,0.0124873,1.17132,0.00629442,0.112893,0.10934,0.576954,0.37269,0.229188,0.138325,0.0989848,0.134873,0.0707107,0.07,0.0988325,0.0684264,0.120914,0.0971066,0.158832,0.00116751,0.084264,0.0741624,0.0568528,0.0364975,0.0832995,0.0177157,0.242995,0.13797,0.0135025,0.0137056,0.0237919,0.170893,0.0270914,0.201178,0.0616701,0.0133249,2.38842,16.9848,148.066,0.467005
0.151343,0.146716,0.826866,0.00283582,0.707612,0.520149,0.272836,0.136716,0.56597,0.458209,0.203284,0.601194,0.150746,0.0797015,0.967015,0.304776,0.11209,0.760149,1.5091,0.820448,0.926119,0.0862687,0.517612,0.144478,0.051194,0.00134328,0.021791,0.00716418,0,0.00865672,0,0,0.00313433,0.00567164,0.00432836,0,0.0129851,0,0,0.0401493,0,0,0.0835821,0.0119403,0.0447761,0.0364179,0,0,0.00285075,0.0761343,0.0011194,0.448209,0.160104,0.019791,108.883,790.104,1415.94,0.985075
0.19156,0.110092,0.365413,0.00100917,0.32367,0.147523,0.0751376,0.196606,0.303486,0.288807,0.0922936,0.670092,0.0768807,0.104954,0.0742202,0.201651,0.334771,0.0776147,1.35954,0.204679,1.13642,0.288073,0.0855046,0.241927,0.872018,0.170275,0.0234862,0.0101835,0.00477064,0.0217431,0.0163303,0.00385321,0.103303,0.00486239,0.0163303,0.0622936,0.175596,0.0172477,0.0282569,0.0323853,0.0684404,0.103486,0.0142202,0.0144954,0.0498165,0.102752,0.00504587,0.0114679,0.110982,0.195092,0.0145872,0.277349,0.123615,0.0727706,4.15359,69.0917,616.761,0.53211
0.161467,0.0805778,0.294578,0.00573333,0.442667,0.0749333,0.121556,0.124311,0.0413333,0.153911,0.0328,0.449867,0.0712,0.0112444,0.0258222,0.348044,0.179289,0.168578,1.74836,0.0325333,0.872044,0.0297778,0.140089,0.0496444,0.487022,0.361511,0.2516,0.192711,0.0940444,0.110711,0.0595556,0.0584444,0.0807111,0.0684444,0.144356,0.139378,0.136089,0.0032,0.114133,0.0608,0.0377778,0.0464889,0.0841333,0.0563556,0.267244,0.0948,0.00124444,0.0511111,0.0205689,0.139964,0.0217111,0.338987,0.0829111,0.0255156,2.59232,19.9867,120.556,0.502222
0.0282759,0.0748276,0.247586,0,0.605172,0.0334483,0.953103,0.458276,0.381724,0.457586,0.382069,0.785862,0.00689655,0.0368966,0.00827586,0.749655,1.27103,0.115862,1.75138,0.373448,2.00034,0,0.156207,0.0868966,0.0444828,0.0272414,0.227241,0.02,0.0172414,0.00862069,0.217241,0,0,0.01,0.0682759,0,0.177931,0,0.0368966,0.655172,0,0.00689655,0,0,0.0710345,0,0,0.0344828,0.0157586,0.161276,0.0204828,0.386483,0.126724,0.0344138,38.6563,249.552,370.793,0.586207
0.103371,0.110337,0.367528,0.00651685,0.531348,0.130899,0.0977528,0.163371,0.0713483,0.316292,0.0983146,0.63236,0.0716854,0.0155056,0,0.336517,0.355393,0.280674,1.99629,0.129101,1.03449,0.117978,0.186067,0.0844944,0.255506,0.0889888,0.054382,0.0480899,0.00438202,0.062809,0.00438202,0.00786517,0.0241573,0.0148315,0.0631461,0.068764,0.106742,0.000786517,0.0213483,0.0411236,0,0.0188764,0.0165169,0.0193258,0.212584,0.268989,0,0.0321348,0.0551798,0.118596,0.00922472,0.326787,0.115831,0.0555843,4.16853,66.573,263.438,0.640449
0.219062,0.405938,0.650312,0.0734375,0.365938,0.18125,0.319688,0.125625,0.314063,0.860625,0.215625,0.77125,0.14375,0.096875,0.270625,0.930625,0.3275,0.23875,1.85531,0.145,1.52562,0.0053125,0.193438,0.223438,0.299375,0.13875,0.0075,0,0,0.0228125,0,0,0.0421875,0,0.0225,0.0146875,0.12125,0.026875,0.0075,0.0228125,0,0.0228125,0.010625,0.0153125,0.110625,0.0446875,0,0.0240625,0.0094375,0.125656,0.00465625,0.753812,0.231156,0.0675,25.445,340.531,656.719,0.9375
0.0665854,0.0703659,0.203537,0,0.332317,0.154512,0.203049,0.0358537,0.0562195,0.303659,0.0331707,0.348049,0.191098,0.0209756,0,0.493049,0.0590244,0.162195,2.10805,0.156098,0.8,0.067439,0.0168293,0.163171,0.0731707,0.0842683,0.0435366,0.0507317,0,0.0180488,0,0,0.0452439,0,0.0328049,0.035,0.0247561,0,0.00987805,0.0165854,0.00317073,0.072561,0.00853659,0.0396341,0.31561,0.393171,0,0,0.00887805,0.0489024,0.00236585,0.231122,0.0341829,0.281207,4.89761,52.1707,99.5854,0.487805
0.0974236,0.0770306,0.230699,0,0.221004,0.0547598,0.108472,0.0372489,0.0142358,0.181354,0.0446288,0.55655,0.131223,0.0385153,0.0175983,0.307511,0.0857205,0.14048,1.68201,0.0136245,0.532489,0,0.0647162,0.0365065,0.587991,0.380349,0.358996,0.177511,0.12607,0.221266,0.134192,0.0932314,0.137467,0.0932314,0.229127,0.176376,0.176594,0.00646288,0.161485,0.0982533,0.0988646,0.218908,0.0762009,0.149563,0.27131,0.143493,0,0.0429694,0.0106288,0.147852,0.0217424,0.212672,0.0744192,0.00953275,1.83988,7.82969,42.4934,0.187773
0,14.1478,0,0,0,0,0,0,0,0.132222,0,0,0,0,0,0,0,0,0,0,0,0,0,0,0,0,0,0,0,0,0,0,0,0,0,0,0,0,0,0,0,0,0,0,0.132222,0,0,0,0,0,0,0,0,0,1.77778,4.88889,9.02778,0
0.113981,0.123241,0.373333,0.0260185,0.308241,0.0823148,0.0986111,0.188241,0.115463,0.370833,0.0771296,0.45713,0.0996296,0.0449074,0.0667593,0.27713,0.228611,0.200463,1.55509,0.176019,0.911019,0.843611,0.180556,0.064537,0.567963,0.239722,0.0950926,0.100833,0.0519444,0.0608333,0.0573148,0.0257407,0.0463889,0.0257407,0.0631481,0.0561111,0.173519,0.00805556,0.0403704,0.0788889,0.03,0.0542593,0.0356481,0.062037,0.122685,0.224352,0.0268519,0.0407407,0.337435,0.15437,0.0151759,0.268731,0.0861574,0.199787,4.00341,42.537,343.537,0.537037
0.13384,0.115105,0.260422,0,0.230759,0.0618143,0.146076,0.0847679,0.0136287,0.227426,0.0495359,0.578608,0.0752321,0.0050211,0.0285232,0.209747,0.113671,0.201013,1.64072,0.0178059,0.620759,0,0.0498734,0.0128692,0.786667,0.356329,0.204641,0.229705,0.131646,0.240127,0.102869,0.0652743,0.19519,0.0652743,0.224093,0.10654,0.205738,0.00700422,0.102489,0.0688186,0.0281013,0.198987,0.0451899,0.0765823,0.255359,0.331477,0,0.0220253,0.0122532,0.153646,0.00569198,0.227093,0.0381097,0.135992,2.15025,10.6371,55.4177,0.28692
0,0,0,0,0,0,0,0,0,0,0,0,0,0,0,0,0,0,0,0,0,0,0,0,8.42583,4.735,0.925833,0,0,0,0,0,0,0,0,0.640833,0,0,0,0,0,1.2075,0,0.1125,0,0,0,0,0,0,0,0,0,0,1.384,2.33333,6.25,0
0,0,0,0,0.194583,0,0,0,0,0,0,0.115417,0,0,0,0,0,0.2975,0.355,0,0.109583,0,0,0,7.77917,3.8875,3.59,3.8875,3.70583,3.8875,3.8875,3.59,0,3.59,3.8875,3.8875,0,0,0,3.59,0,0.17,0,0.109583,0,0,0,0,0,1.02562,0,0.0199583,0,0,3.07167,10.9167,32.0833,0
0.0686747,0.21241,0.370361,0.0139759,0.525542,0.104217,0.25253,0.13241,0.0663855,0.227952,0.10988,0.66988,0.0745783,0,0.179036,0.294578,0.276747,0.401928,2.14108,0.396988,1.28988,0.142289,0.270241,0.149518,0.296506,0.136265,0.0736145,0.127349,0.0279518,0.111566,0.0279518,0.0279518,0.0192771,0.0279518,0.0604819,0.0604819,0.0785542,0,0.130964,0.106145,0.0127711,0.0343373,0.00433735,0,0.179036,0.043012,0,0.0039759,0.00316867,0.127446,0.00173494,0.313952,0.0880482,0.0365422,5.54101,55.494,144.217,0.674699
0.165135,0,0.292162,0,0.103784,0.0964865,0,0,0,0.532432,0,0.168919,0,0,0,0.482162,0,0,6.16459,0,0.622432,0,0,0.337838,0.0489189,0,0,0,0,0,0,0,0,0,0,0,0,0,0,0,0,0,0,0,0.478378,0.485405,0,0,0.0279459,0.088973,0,0.0650811,0,0,1.0833,1.21622,4.27027,0.135135
0.105125,0.067875,0.26575,0.007,0.263875,0.154125,0.077625,0.040375,0.05275,0.1205,0.0645,0.449125,0.137625,0.0435,0.0305,0.141,0.111,0.1605,1.32112,0.111125,0.546875,0.645375,0.174125,0.081125,0.908375,0.3285,0.11875,0.0505,0.069125,0.056,0.050875,0.04325,0.112375,0.04325,0.056625,0.10225,0.2175,0.002375,0.01875,0.024125,0.033,0.04625,0.057625,0.0345,0.116875,0.092,0,0.01625,0.0635,0.20555,0.0440625,0.16095,0.126363,0.0811,3.25626,23.2,285.525,0.4875
0,0,0,0,1.28875,0,0,0,0,0,0,3.475,0,0,0,0,0,0,0,0,0,0,0,0,0.80875,0.80875,0,0,9.02375,0,0,0,0,0,0,0,0,0,0,0,0,8.4,0,0,0,0,0,0,0,0,0,0.213,0,0,1.41112,3.375,13.75,0
0.121032,0.0980159,0.27119,0.0996032,0.350794,0.104048,0.0684921,0.110556,0.205794,0.336032,0.0956349,0.771032,0.131111,0.083254,0.0543651,0.19619,0.163492,0.184127,1.5854,0.0738889,0.972222,0.591508,0.200079,0.10746,0.60254,0.182937,0.0169841,0.0238095,0.015873,0.0289683,0.00849206,0.00150794,0.105079,0.00642857,0.0279365,0.066746,0.126905,0.012619,0.0150794,0.00698413,0.0464286,0.0719048,0.00738095,0.0150794,0.0692857,0.235,0.0203175,0.0185714,0.0377937,0.140659,0.0177698,0.223365,0.0743651,0.080754,4.45874,58.9206,515.238,0.603175
0.12,0.01,0.245,0,0.115,0.1475,0,0.0725,0.0725,0.235,0.0925,0.1025,0.09,0,0.0475,0.105,0.0975,0.095,0.755,0.01,0.3025,2.3825,0.1725,0.1375,0,0,0,0,0,0,0,0,0,0.035,0,0.01,0,0,0.02,0,0,0,0,0,0.0475,0,0,0,0.28175,0.07375,0.0105,0.105,0.0225,0.0035,11.9865,375,10795.5,1
0.124369,0.15301,0.389223,0.138932,0.297961,0.119612,0.088835,0.185922,0.42767,0.51534,0.123107,0.532718,0.128447,0.0634951,0.135728,0.270291,0.145631,0.371553,1.42854,0.176796,0.934078,0.91165,0.12466,0.198058,0.470777,0.150583,0.0302913,0.0246602,0.00553398,0.0266019,0.0197087,0.00184466,0.122816,0.00368932,0.124757,0.0316505,0.136505,0.00174757,0.0326214,0.0313592,0.00932039,0.0270874,0.00524272,0.0121359,0.0366019,0.0365049,0.00640777,0.0286408,0.0586214,0.106913,0.043534,0.362107,0.180175,0.104767,4.71909,77.699,971.097,0.68932
0.121563,0.259063,0.483125,0.308281,0.506875,0.216563,0.601719,0.0714062,0.0659375,0.287969,0.09875,0.511719,0.04875,0.003125,0.010625,0.367031,0.21875,0.429375,2.33109,0.340937,1.39375,0.049375,0.102031,0.155781,0.0625,0.048125,0.005,0.0220313,0.0225,0.0225,0.0146875,0,0.00421875,0,0.0420313,0.0407812,0.105938,0,0.07875,0.00296875,0,0,0.028125,0.011875,0.217656,0.02625,0,0.0271875,0.00767187,0.104266,0.0160625,0.438891,0.218109,0.0396094,8.78503,132.312,332.406,0.859375
0,0,0,0.04,0,0,0,0,0,0,0,0,0,0,0,0.02,0,0,0.02,0,0,0,0,0,0,0,0,0,0,0,0,0,0,0,0,0,0,0,0,0,0,0,0,0,0,0,0,0,1.024,9.752,0.003,1.542,1.785,1.998,239.571,9989,10062,1
0,0,0.46,0,2.33,0,0,0,0,0,0,0,0,0,0,0,0,0,0,0,0.46,0,0,0,0,0,3.17429,0,0.68,0,0,0,0,0,0,0,0,2.11143,0,0,0,9.43429,0,0,0,0,0,0,0,0,0,0,0,0,1.09514,1.28571,5.42857,0
0.0292233,0.055,0.320971,0,0.28466,0.0186893,0.0806311,0.028932,0.028301,0.195583,0.0254369,0.808155,0.0834466,0.091068,0,0.123883,0.0473786,0.168204,2.0768,0.0353398,0.456262,0,0,0.0620874,0.236311,0.132524,0.399078,0.021068,0.063932,0.0812136,0,0,0.062767,0,0.0107767,0.0119417,0.106553,0.021068,0.0696602,0.00466019,0.0297087,0.216748,0.0353398,0.103835,0.42767,0.160049,0,0.0542718,0.0190049,0.123612,0.00714563,0.168922,0.00981068,0.000597087,1.59936,4.66019,20.8058,0.126214
0.30617,0.144894,0.280426,0.0917021,0.0723404,0.106809,0.0193617,0.139787,0.221064,0.399574,0.144681,0.630213,0.341064,0.652766,0.0255319,0.158936,0.276596,0.12,1.86936,0.0476596,0.868511,0.0334043,0.447021,0.28766,0.0951064,0.0604255,0.00510638,0.00148936,0.00212766,0.00382979,0,0,0.309362,0,0,0.0297872,0.176383,0.00148936,0.00659574,0.017234,0.0246809,0.00765957,0.00446809,0.0159574,0.0421277,0.0568085,0.00978723,0.0502128,0.0292553,0.115766,0.00757447,0.24734,0.329319,0.0877872,5.44715,185.447,3357.47,0.744681
0.0928986,0.0873913,0.265942,0.277681,0.258841,0.0771014,0.065942,0.0634783,0.295217,0.362899,0.0817391,0.461304,0.134783,0.145797,0.093913,0.283913,0.0591304,0.246812,1.34826,0.248696,0.882464,0.87,0.0985507,0.0943478,0.372899,0.174783,0.0310145,0.0185507,0.00855072,0.016087,0.0324638,0.00130435,0.0776812,0.00130435,0.10058,0.0236232,0.166522,0.00057971,0.0166667,0.0389855,0.00971014,0.0353623,0.00869565,0.0111594,0.0413043,0.0491304,0.015942,0.0382609,0.0344928,0.153725,0.0202754,0.224087,0.127522,0.104116,6.15028,101.159,1231.72,0.594203
0.121707,0.440976,0.342439,1.72976,0.936341,0.144634,0.696341,0.152683,0.0580488,0.375854,0.0426829,0.635854,0.190976,0.0819512,0,0.730488,1.53659,0.239024,2.09098,0.274146,1.82732,0,0.0192683,0.160976,0,0,0,0,0,0.0236585,0,0,0,0,0,0.0521951,0.113659,0.0380488,0,0.00829268,0,0,0,0,0.00829268,0,0,0,0,0.123293,0,0.729683,0.212683,0.0322927,9.20393,136.756,194.512,0.926829
0.0916176,0.263824,0.393235,0,0.111765,0.0626471,0.277206,0.0991176,0.0719118,0.718971,0.0225,0.535294,0.0661765,0.0419118,0,0.181029,0,0.0535294,2.55044,0,0.932647,0,0.0164706,0.151324,0.34,0.160294,0.386176,0.277794,0.0192647,0.0480882,0.0667647,0,0.0791176,0,0,0.0611765,0.337647,0.00602941,0.5275,0.0611765,0.0491176,0,0.0276471,0.110588,0.446912,0.346176,0,0,0.0396912,0.209926,0.00372059,0.185397,0.0592647,0.0330588,3.22601,19.4412,39.8088,0.382353
0.13027,0.20527,0.424324,0.578514,0.281892,0.116892,0.047027,0.109865,0.267703,0.307162,0.0694595,0.790811,0.207568,0.14,0.129054,0.145541,0.146351,0.182027,1.70027,0.146892,0.948649,0,0.12473,0.169324,0.711757,0.134459,0.0221622,0.0228378,0.0140541,0.0175676,0.0198649,0.00216216,0.0714865,0.00216216,0.0345946,0.0608108,0.0912162,0.00189189,0.0168919,0.0340541,0.00216216,0.100541,0.0344595,0.01,0.0254054,0.00162162,0,0.0208108,0.13827,0.131554,0.0183243,1.00588,0.249932,0.0201757,4.07796,61.6216,754.081,0.581081
0,0,0,0,0,0,0,0,0,0,0,0,0,0,0,0,0,0,0,0,0,0,0,0,16.3043,1.09857,0,0,0,0,0,0,0,0,0,0,0,0,0,0,0,0,0,0,2.88357,0,0,0,0,0,0,0.0802143,0,0,4.16179,16.5714,25.5,0
0.0967836,0.0881287,0.263158,0,0.376491,0.119532,0.119474,0.125322,0.0366082,0.208129,0.0827485,0.596316,0.0663743,0.0305848,0.0725146,0.316725,0.131228,0.208304,1.70743,0.0299415,0.875088,0.0276023,0.0725731,0.081462,0.745439,0.405906,0.229942,0.261404,0.0942105,0.154912,0.0667836,0.0837427,0.0955556,0.0837427,0.118538,0.179064,0.160292,0.0115205,0.127018,0.0698246,0.0475439,0.051345,0.111462,0.146842,0.244971,0.282222,0.0135673,0.0225731,0.0258889,0.145684,0.0162105,0.174556,0.0555439,0.0534327,2.15007,11.9181,100.673,0.356725
0,0,0,0,8.2575,0,0,0,0,0,0,0,0,0,0,0,0,0,0,0,0,0,0,0,2.5,0,0,0,0,0,0,0,0,0,0,0,0,0,0,0,0,0,0,0,0,0,0,0,0,0.147,0,0,0,0,1.20825,1.5,3.5,0.25
0.314865,0.276757,0.336486,0.00351351,0.248919,0.0745946,0.0389189,0.149459,0.425676,0.528919,0.214054,0.579189,0.367838,0.723243,0.0859459,0.259189,0.332432,0.11027,2.41297,0.0359459,1.0927,0.0454054,0.393784,0.371622,0.0959459,0.0994595,0.00162162,0.000540541,0.000540541,0,0,0,0.123243,0,0.00189189,0.0321622,0.133784,0.00297297,0.00243243,0.0391892,0.00432432,0.00216216,0.00621622,0.00378378,0.0594595,0.0194595,0.00189189,0.0156757,0.0328378,0.100892,0.0108919,0.335595,0.430541,0.0987568,7.64754,346.757,2344.32,0.864865
0,0.054875,0.22025,0,0.2945,0.047,0.090625,0.167375,0.107375,0.096375,0.011375,0.5725,0.032,0.10875,0.0145,0.280625,0.0995,0.179375,1.78825,0,0.60525,0,0.09675,0.280625,0.621625,0.57425,0.17125,0.1895,0.188125,0.121375,0.093375,0,0.044625,0,0.15225,0.059625,0.097625,0.05,0.16675,0.02775,0.175,0.352,0.072375,0.120625,0.598125,0.13925,0,0.07825,0.08745,0.09525,0.027825,0.336087,0.0535875,0.06085,2.69795,11.9625,28.0875,0.3875
0.114054,0.0944144,0.272252,0,0.301396,0.0631532,0.0196847,0.0688739,0.00882883,0.107838,0.00432432,0.537162,0.0569369,0.0822523,0,0.268423,0.0198649,0.169595,1.38622,0.0940541,0.501261,0,0.00954955,0.0485586,0.0788739,0.050045,0.582748,0.0264865,0.0591892,0.0452252,0,0,0.271622,0,0.116577,0.00801802,0.0240991,0.0498198,0.079955,0.00527027,0.201532,0.339685,0.0471622,0.10536,0.541757,0.511892,0.0131532,0.0375225,0.0194009,0.0983423,0.0149279,0.279153,0.0065,0,1.59593,3.75225,13.2748,0.0855856
0.153478,0.124783,0.265435,0.00804348,0.295435,0.106304,0.0395652,0.230435,0.203696,0.299348,0.0923913,0.540435,0.148261,0.0695652,0.0623913,0.32413,0.210435,0.185652,1.49261,0.128696,0.707826,0.652609,0.261522,0.233478,0.461087,0.0893478,0.00586957,0.00543478,0.00326087,0.023913,0.0104348,0,0.0884783,0.00282609,0.0106522,0.118043,0.160217,0.00934783,0.0213043,0.0245652,0.0193478,0.00326087,0.0073913,0.0245652,0.0297826,0.0973913,0.0023913,0.0397826,0.0394565,0.123587,0.0373696,0.200739,0.163326,0.101739,5.77274,124.522,1677.87,0.543478
0,0.0446429,0.155536,0,0.085,0,0,0,0.0323214,0.1375,0,0.110893,0.0991071,0.0525,0,0,0,0.132679,6.9375,0,1.56679,0,0,0.174107,0.0971429,0,1.395,0,0.0660714,0,0,0,0.21875,0,0,0,0,0,0.0775,0,0,0,0,0.0371429,1.66321,0.585714,0.03875,0.085,0.0139643,0.0296429,0.0193036,0.220661,0.00603571,0,1.26211,2.33929,8.80357,0.0714286
0.4672,0.7208,0.7428,0.3664,0.3468,0.2716,0.0656,0.4024,0.4188,1.3644,0.0604,1.4292,0.1212,0.2716,0.3344,0.2872,0.1692,0.6348,2.064,0.3444,3.2556,0.0152,0.5196,0.2464,0,0,0,0,0,0,0,0,0.0132,0,0.0508,0.0168,0.0148,0,0,0,0,0,0.0076,0,0.0248,0,0,0,0.027,0.14768,0.06472,0.95372,0.17836,0.06036,39.2918,602.2,882.64,1
0,0,0,0,0,0,0,0,0,0,0,0,0,0,0,0.333333,0,0,0,0,0,0,0,0,0,0.119,20.292,0,0,0,0,0,0,0,0,0,0,0,0,0,0,0,0,0,0.0555,0,0,0,0,0.0292333,0,0.009575,0,0,1.2115,1.69167,5.44167,0
0.0825862,0.104397,0.311207,0.0166379,0.361034,0.092931,0.0891379,0.146638,0.0762931,0.312672,0.0499138,0.505862,0.175776,0.0221552,0.0789655,0.230517,0.13431,0.264138,1.37319,0.0299138,0.826207,0.0353448,0.115172,0.0735345,0.637845,0.382845,0.167069,0.143793,0.102155,0.132672,0.0842241,0.0531034,0.0919828,0.0531034,0.0781034,0.105086,0.245431,0.0131034,0.103103,0.0909483,0.0189655,0.0362931,0.0881034,0.0999138,0.13181,0.080431,0.00612069,0.0262931,0.0260172,0.200888,0.0240345,0.176922,0.0748879,0.0351121,2.86347,24.1983,228.776,0.491379
0.0753378,0.0958784,0.329324,0,0.279257,0.163446,0.116284,0.125338,0.0539865,0.183581,0.0519595,0.536486,0.0857432,0.0257432,0.0161486,0.250676,0.153986,0.160338,1.37459,0.115203,0.79777,0,0.137297,0.0846622,0.728378,0.355473,0.164662,0.13527,0.0997297,0.110946,0.0551351,0.040473,0.118311,0.040473,0.104189,0.110473,0.215676,0.00466216,0.0814189,0.0739865,0.109865,0.0452703,0.104054,0.0341216,0.196824,0.222365,0.00256757,0.0422297,0.0641486,0.153385,0.0216757,0.131581,0.082723,0.0226959,2.54335,19.8041,182.358,0.425676
0.0979372,0.0333632,0.220448,0.00596413,0.204843,0.0837668,0.0613901,0.124215,0.0187892,0.142735,0.0362332,0.56426,0.122915,0.00596413,0.0385202,0.0862332,0.113094,0.187937,1.4843,0.0279821,0.603767,0,0.0522422,0.036278,0.822377,0.424484,0.253722,0.287489,0.0933632,0.165336,0.0801794,0.0583408,0.20278,0.0583408,0.170583,0.150404,0.318296,0.00663677,0.141211,0.0611659,0.0454709,0.0983408,0.140179,0.144574,0.305471,0.250852,0.0111659,0.0323318,0.0215874,0.191812,0.0250717,0.262789,0.0394126,0.0167937,2.10779,11.1839,69.6547,0.295964
0.0863033,0.118957,0.203081,0.0063981,0.261232,0.0431754,0.111991,0.211185,0.0620853,0.363081,0.0409479,0.454502,0.0533649,0.089763,0.0263981,0.242559,0.122227,0.147583,1.39877,0.0347393,0.576351,0.0166351,0.115924,0.0604265,0.553033,0.397725,0.253365,0.286588,0.0823697,0.130379,0.0836019,0.0666825,0.0869194,0.0666825,0.152227,0.164834,0.162891,0.00255924,0.121896,0.0652133,0.0209479,0.0418957,0.0743128,0.0491469,0.313081,0.116303,0.00383886,0.0416114,0.0208626,0.178422,0.0145261,0.285308,0.0638341,0.0160853,2.78485,16.4076,83.8673,0.417062
0.112281,0.138947,0.247895,0.816316,0.402632,0.127544,0.0358772,0.118596,0.228509,0.151404,0.0722807,0.581754,0.122719,0.0323684,0.0260526,0.191842,0.254474,0.146228,1.69272,0.0984211,0.776667,0.465088,0.164035,0.129561,0.615175,0.135877,0.0770175,0.0236842,0.0386842,0.0250877,0.0100877,0.0183333,0.0427193,0.0113158,0.0283333,0.0761404,0.11886,0.0474561,0.022807,0.0329825,0.0218421,0.040614,0.0316667,0.00631579,0.0707018,0.0550877,0.0077193,0.0227193,0.158518,0.122947,0.0110439,0.203868,0.104009,0.055693,4.28827,45.4474,426.07,0.54386
0.122821,0.171795,0.428974,0,0.496923,0.119487,0.343718,0.147949,0.0746154,0.33859,0.150769,0.542949,0.163462,0.0616667,0.0583333,0.324103,0.238205,0.297051,1.99769,0.151667,1.10436,0.0208974,0.304359,0.0633333,0.233333,0.0952564,0.0155128,0.136538,0.00769231,0.0803846,0.015641,0.00769231,0.265128,0.00769231,0.122692,0.0855128,0.135385,0,0.00717949,0.095641,0,0.0464103,0.00666667,0.0189744,0.125897,0.0724359,0,0.00525641,0.0140513,0.0862308,0.00129487,0.496628,0.105885,0.0149103,4.79138,65.7179,196.718,0.666667
0.0106061,0,0.0159394,0,0.0131515,0.0386667,0,0,0,0.0379394,0,0.194727,0.00848485,0.0649697,0,0.0318788,0,0.0550909,0.216182,0,0.182121,0,0,0,0.0422424,0.0159394,0.597212,0,0,0,0.0757576,0,0,0,0,0,0,0,0.0178182,0,0,0.101091,0,0.52297,0.411333,0.342303,0,0.111091,0.00981818,0.103339,0.0583939,0.179345,0,0,1.2117,1.70303,5.59394,0.0242424
