0.174571,0,0.308857,0,0.109714,0.102,0,0,0,0.562857,0,0.178571,0,0,0,0.509714,0,0,6.27886,0,0.398286,0,0,0.357143,0.0517143,0,0,0,0,0,0,0,0,0,0,0,0,0,0,0,0,0,0,0,0.505714,0.513143,0,0,0.0295429,0.0940571,0,0.0688,0,0,1.08806,1.22857,4.34286,0.142857
0,0,0,0,0.476,0,0,0,0,0,0,0,0,0,0,0,0,0,1.826,0,0,0,0,0,0,0,0,0,0,0,0,0,0,0,0,0,0,0,0.740667,0,0,0,0,0,11.342,0.512667,0,0,0,0.204,0,2.7824,0,0,1.36873,2.66667,7.06667,0
0.0553968,0.0244444,0.23381,0,0.479048,0.104444,0.0655556,0.125397,0.0544444,0.195079,0.0579365,0.701111,0.0303175,0.0136508,0.161111,0.284286,0.0842857,0.105079,1.37,0.00666667,0.85,0.0511111,0.118095,0.0847619,0.657143,0.406032,0.166667,0.327778,0.142381,0.145873,0.0812698,0.0598413,0.0253968,0.0598413,0.136825,0.214603,0.100159,0.0253968,0.10873,0.0809524,0.0361905,0.0803175,0.087619,0.160159,0.194762,0.127302,0,0.0084127,0.0369524,0.165683,0.0185873,0.138413,0.0762063,0.00520635,2.23773,10.4127,101.063,0.333333
0.104615,0.0932692,0.227885,0,0.281538,0.0534615,0.145385,0.243269,0.102308,0.163462,0.0325,0.505192,0.0832692,0,0.0355769,0.1325,0.108462,0.212885,1.55096,0,0.576923,0,0.0761538,0.00807692,0.468654,0.406731,0.265,0.146923,0.107308,0.0905769,0.0619231,0.0569231,0.174423,0.0569231,0.155192,0.0969231,0.271538,0.0138462,0.0851923,0.0748077,0.0675,0.0311538,0.165962,0.0563462,0.295192,0.193077,0,0.108077,0.0398462,0.139731,0.0216923,0.180904,0.0253846,0.0372115,2.06877,13.1731,118.423,0.288462
0.106173,0.111111,0.366914,0,0.52716,0.118025,0.10963,0.140741,0.07,0.278765,0.100494,0.628519,0.0659259,0.0133333,0,0.343827,0.342222,0.281852,1.95889,0.141852,1.04247,0.0462963,0.204444,0.0869136,0.242963,0.0861728,0.0146914,0.0269136,0.00481481,0.045679,0.00481481,0.00481481,0.0239506,0.00481481,0.0460494,0.0816049,0.108025,0.000864198,0.015679,0.0451852,0,0.00506173,0.0181481,0.0212346,0.222099,0.284691,0,0.027284,0.00938272,0.109123,0.00814815,0.351519,0.124025,0.0486667,4.22201,67.321,262.247,0.679012
0.0742593,0.0737037,0.0562963,0,0.256481,0.022037,0.129259,0.622778,0.0487037,0.125926,0.0718519,0.275185,0.0653704,0.23037,0.0116667,0.222778,0.232593,0.135741,1.12889,0.0268519,0.623148,0.037037,0.239259,0.0283333,0.185741,0.187037,0.0901852,0.100185,0,0.04,0,0.0109259,0.0137037,0.0109259,0.0616667,0.124259,0.0661111,0,0.0168519,0.0116667,0,0,0,0.0275926,0.472037,0.00518519,0,0.0307407,0.0032037,0.165537,0.00490741,0.335259,0.137815,0.0112963,3.46131,22.8889,80.0741,0.740741
0.19625,0.314167,0.525417,0.0395833,0.455417,0.356667,0.13375,0.17375,0.587083,0.7875,0.224583,0.84125,0.230417,0.0783333,0.313333,0.232083,0.18875,0.516667,2.1975,0.3475,1.63167,0.02,0.49125,0.287083,0.38875,0.16375,0.01,0,0,0.0304167,0,0,0.05625,0,0.03,0.0275,0.13625,0.0358333,0.01,0.0304167,0,0.0304167,0.0141667,0.0204167,0.0966667,0.0595833,0,0,0.00575,0.149625,0.073625,0.649417,0.2335,0.0465833,9.866,292.417,788.958,0.958333
0,0,0,0,0,0,0,0,0,0,0,0.145789,0,0,0,0,0,0,0.31,0,0,0,0,0,8.31368,4.15421,4.15421,4.15421,4.30053,4.15421,4.15421,4.15421,0,4.15421,4.15421,4.15421,0,0,0,4.15421,0,0,0,0,0,0,0,0,0,1.14689,0,0,0,0,3.27737,11,31.6316,0
0,0.125833,0.10125,0,0.520833,0,0.341667,0,0,0.184167,0,0.421667,0.199583,0.13,0,0.842917,0.05125,0.571667,3.90167,0,1.73333,0,0,0,0.640833,0.0358333,0.108333,0,0,0,0,0,0,0,0,0,0,0,0,0,0,0,0,0.085,0.354167,0.408333,0,0,0.012875,0.0247917,0,0.1635,0.0383333,0,5.83075,49.2917,71.0833,0.458333
0.193067,0.0508,0.282533,0,0.318667,0.0912,0.0624,0.00586667,0.0316,0.0896,0.0186667,0.3848,0.1352,0.0328,0,0.205867,0.0338667,0.100133,1.72253,0.0118667,0.488133,0,0.0188,0.0554667,0.268933,0.264133,0.292267,0,0.0913333,0.0784,0,0,0.0850667,0,0,0.0950667,0.135333,0.0124,0.0570667,0.0133333,0.0392,0.160667,0,0.176667,0.3568,0.103733,0.0136,0.0633333,0.00521333,0.135613,0.00486667,0.130013,0.00628,0.00693333,1.48372,4.49333,37.0267,0.133333
0,0.0555556,0.175778,0,0.105778,0,0,0,0.0402222,0.0822222,0,0.0633333,0.123333,0,0,0,0,0.0482222,7.49044,0,2.01467,0,0,0.216667,0,0,1.57822,0,0.0822222,0,0,0,0.138889,0,0,0,0,0,0.0964444,0,0,0,0,0,1.74667,0.672,0.0482222,0.105778,0.0133333,0.0328444,0,0.2746,0,0,1.24907,2.22222,8.26667,0.0444444
0.157647,0.0602941,0.280588,0,0.251471,0.0647059,0.28,0.197941,0.0888235,0.118824,0.0988235,0.435588,0.0197059,0.0682353,0.0411765,0.230882,0.214412,0.0852941,1.55794,0,0.701176,0,0,0.0535294,0.325882,0.234706,0.0870588,0.379706,0.157059,0,0,0.0205882,0,0.0205882,0.189118,0.0791176,0.611765,0,0.111176,0,0,0.157059,0.0411765,0.0341176,0.171471,0.0658824,0,0,0.0421176,0.234853,0.00602941,0.347088,0.0955882,0.00558824,3.62635,25.0588,67.8529,0.617647
0.0348718,0.0984615,0.254103,0,0.0830769,0.0541026,0.135897,0.0505128,0.203846,0.179744,0.0425641,0.311538,0,0.107692,0,0.890513,0.157949,0.22641,1.58846,0.0410256,1.33897,0.0238462,0.152821,0.0789744,0.365641,0.37,0.157179,0.0582051,0,0.0197436,0.0402564,0,0.0982051,0,0.0782051,0.0920513,0.0205128,0,0,0.0405128,0,0.0720513,0,0,0.218205,0,0,0,0.0120513,0.102641,0.0126154,0.603846,0.0721795,0.0482564,4.36336,32.5641,89.6154,0.769231
0.0745,0.25975,0.17375,0,0.316,0.26,0.1415,0.019,0.07425,0.29675,0.038,0.47575,0.06225,0,0,0.15775,0.04625,0.19325,1.384,0,0.83875,0.031,0.0435,0.0505,0.6075,0.288,0.37425,0.10575,0.168,0.13225,0.0815,0.0895,0.20625,0.0895,0.14875,0.079,0.22675,0,0.1365,0.07625,0.01775,0.105,0.10875,0.01625,0.24875,0.04525,0,0.0475,0.003575,0.2456,0.044575,0.381275,0.09375,0.032075,3.5969,29.8,155.05,0.475
0.0433962,0,0.0870755,0,0.0204717,0.0324528,0,0.160283,0,0.0967925,0,0.328679,0.0132075,0.101132,0,0.0873585,0.0268868,0.0132075,0.415189,0,0.364717,0,0,0,0.0657547,0.0248113,0.858868,0,0,0.0392453,0,0,0.0661321,0,0,0,0,0.0268868,0.0277358,0,0,0.258208,0,0.853302,0.851132,0.270094,0,0.172925,0.017,0.102528,0.0523962,0.0527075,0.0136132,0,1.33827,2.27358,7.69811,0.0283019
0.0665854,0.105366,0.295366,0,0.352195,0.128537,0.232439,0.122683,0.0826829,0.226098,0.169756,0.633171,0.172927,0.067561,0.0246341,0.251707,0.0885366,0.24122,1.60073,0.0563415,0.939024,0,0.0509756,0.138293,0.394878,0.0834146,0.0295122,0.0839024,0.0146341,0.0878049,0.0297561,0.0146341,0.0097561,0.0146341,0.0612195,0.171463,0.168537,0,0.0287805,0.0543902,0,0.00560976,0.00902439,0.0136585,0.0958537,0.0214634,0,0.0273171,0.0157805,0.101195,0.00590244,0.220878,0.103463,0.0044878,3.22754,48.3415,194.854,0.609756
0,0,0,0,1.28875,0,0,0,0,0,0,3.475,0,0,0,0,0,0,0,0,0,0,0,0,0.80875,0.80875,0,0,9.02375,0,0,0,0,0,0,0,0,0,0,0,0,8.4,0,0,0,0,0,0,0,0,0,0.213,0,0,1.41112,3.375,13.75,0
0.09,0.133269,0.337692,0.0155769,0.508462,0.140192,0.113077,0.0863462,0.0498077,0.233654,0.0548077,0.697692,0.0553846,0.0101923,0.00307692,0.184423,0.126923,0.218077,1.60712,0.0401923,1.00923,0,0.0963462,0.126154,0.652308,0.427308,0.222692,0.167115,0.123654,0.126154,0.0726923,0.100769,0.0471154,0.100769,0.113654,0.118654,0.179231,0,0.111538,0.0951923,0.0898077,0.0686538,0.0917308,0.0328846,0.175577,0.183846,0.0205769,0.01,0.0148077,0.139115,0.0241538,0.0960962,0.0411538,0.00859615,2.05552,14.3846,158.346,0.423077
0.144658,0.133836,0.391233,0.0309589,0.316712,0.119863,0.0987671,0.163288,0.14411,0.369041,0.112192,0.510685,0.129178,0.0345205,0.0987671,0.270959,0.26,0.278082,1.50397,0.204247,0.930548,0.526575,0.202603,0.089589,0.41863,0.180411,0.0935616,0.13274,0.0538356,0.0635616,0.0760274,0.0293151,0.0412329,0.0293151,0.0815068,0.0590411,0.105205,0.0343836,0.0615068,0.0890411,0.0127397,0.0980822,0.0287671,0.0756164,0.101644,0.0558904,0.039726,0.0530137,0.240973,0.151959,0.0116575,0.296014,0.0751644,0.130904,3.63938,41.3836,366.26,0.534247
0,0,0,0,0,0,0,0,0,0,0,0,0,0,0,0,0,0,0,0,0,0,0,0,0,0,0.588,0.588,0,0.588,0,0,0,0,2.588,0,0,0,0,0,3.92,0,0,0,0,6.738,0,0,0,0.0763,0,0,0,0,3.5641,7.7,12.6,0
0.05425,0,0.03275,0,0.450375,0.093875,0.079,0.02225,0,0.149,0,1.0265,0.03675,0.194625,0,0.24475,0,0.024,0.640375,0.0615,0.112875,0,0,0.113625,0.162,0.053375,0.383125,0.05425,0.097,0,0,0,0.33975,0,0,0,0.066875,0,0.19225,0,0.025,0.311,0.044625,0.212,0.3265,0.069625,0,0.041625,0.0176,0.078875,0.059825,0.509188,0,0,2.10082,6.3875,16.0375,0.125
0.0434259,0.0444444,0.293611,0,0.275,0.042037,0.0342593,0.0108333,0.0388889,0.105833,0.0305556,0.961481,0.0885185,0.0223148,0.0157407,0.0838889,0.0414815,0.114537,1.76852,0.0116667,0.373333,0,0,0.0194444,0.201204,0.196019,0.460278,0,0.121111,0.0762037,0,0,0.0974074,0,0.0205556,0,0.165741,0.012963,0.0616667,0,0.0155556,0.22213,0.0244444,0.128611,0.464722,0.183148,0,0.0605556,0.031287,0.184769,0.000462963,0.160787,0.00988889,0,1.5726,4.82407,24.4444,0.0740741
0.0884932,0.0771233,0.217397,0.102877,0.475342,0.126712,0.0512329,0.123151,0.136575,0.124384,0.0731507,0.602329,0.146301,0.0575342,0.00657534,0.153699,0.281918,0.105479,1.73151,0.0638356,0.679452,0.795753,0.206438,0.0669863,0.832466,0.210411,0.0417808,0.0347945,0.0375342,0.03,0.0242466,0.0284932,0.0824658,0.0175342,0.049589,0.0890411,0.153151,0.0323288,0.0154795,0.0168493,0.0341096,0.0472603,0.0309589,0.00438356,0.0610959,0.0558904,0.0120548,0.0241096,0.185356,0.114411,0.0129041,0.130932,0.0793562,0.0680411,3.15207,29.4932,443.342,0.520548
0.126733,0.102277,0.264356,0.124257,0.356337,0.115644,0.0578218,0.115743,0.223366,0.349505,0.110198,0.830297,0.125446,0.0636634,0.0678218,0.148515,0.155743,0.192772,1.68584,0.089802,1.02455,0.585149,0.157723,0.128416,0.552277,0.211386,0.0160396,0.0255446,0.0169307,0.0317822,0.00247525,0,0.111089,0,0.0267327,0.0628713,0.122079,0.0140594,0.0188119,0.00732673,0.0579208,0.0565347,0.00831683,0.0162376,0.0760396,0.287129,0.0253465,0.0171287,0.0412079,0.143129,0.0207921,0.214703,0.064901,0.0850495,3.9106,53.5941,516.089,0.613861
0,0.0596774,0.309032,0,0.262097,0.00967742,0.150323,0.0219355,0.0848387,0.123871,0.0243548,0.385968,0.0291935,0.185484,0.0187097,0.531129,0.0885484,0.27129,1.23935,0,0.542581,0,0.016129,0.016129,0.989516,0.700645,0.53,0.393548,0.288387,0.333871,0.354677,0.259194,0.0485484,0.259194,0.464355,0.333871,0.171774,0,0.132258,0.259194,0.103387,0.251613,0.12,0.187742,0.382581,0.172097,0,0.0222581,0.00869355,0.187258,0.0540645,0.245113,0.0151452,0.00859677,2.19247,10.2742,36.9032,0.241935
1.375,0,0.05,0,0.15125,0,0.11125,0,0,1.39938,1.375,1.55188,0,0,0,0.11125,0,0.13625,2.19188,0,5.86375,0,0,0,0.025,0.025,0,0,0,0,0,0,0,0,0,0,0,0,0,0,0,0,0,0,0.1775,0,0,0.151875,0,0,0,1.21256,0,0,7.04238,32.25,53.1875,0
0.0707143,0.0671429,0.232857,0,0.35125,0.0992857,0.0778571,0.0328571,0.0189286,0.123393,0.0517857,0.478036,0.0789286,0,0.00785714,0.1225,0.139821,0.1775,1.14875,0,0.389464,0,0.0191071,0.0157143,0.806786,0.436607,0.371786,0.259821,0.110179,0.172143,0.0853571,0.0658929,0.102857,0.0658929,0.14875,0.258036,0.2525,0.00660714,0.193214,0.0883929,0.0619643,0.0298214,0.142679,0.119643,0.287321,0.27,0,0.0376786,0.0266429,0.151143,0.0210893,0.102661,0.0432679,0.0150714,1.992,11.25,109.821,0.214286
0,0,0,0,0,0,0,0,0,0,0,0,0,0,0,0,0,0,0,0,0,0,0,0,8.42583,4.735,0.925833,0,0,0,0,0,0,0,0,0.640833,0,0,0,0,0,1.2075,0,0.1125,0,0,0,0,0,0,0,0,0,0,1.384,2.33333,6.25,0
0.142308,0.270769,0.266923,2.19359,0.270256,0.0717949,0.0330769,0.101795,0.452564,0.22359,0.0651282,0.496667,0.0761538,0.0164103,0.0638462,0.399487,0.135641,0.234103,1.67154,0.168205,1.16667,0.0479487,0.0784615,0.222308,0.239231,0.00384615,0.132821,0,0,0,0,0,0.00384615,0,0.00589744,0.0512821,0.0515385,0.0361538,0.07,0.0584615,0,0.0120513,0.0412821,0.0074359,0.064359,0.0446154,0,0,0.00982051,0.148692,0.0105128,0.390179,0.147872,0.0569487,7.40156,87.0769,415.462,0.692308
0.0398148,0.084537,0.451204,0,0.277407,0.0131481,0.0880556,0.0443519,0.0150926,0.170093,0.0282407,0.639444,0.103981,0.0656481,0,0.183426,0.0488889,0.264444,3.00435,0.0351852,0.774444,0,0,0.0148148,0.0803704,0.0396296,0.445463,0,0.084537,0.0787037,0,0,0.0799074,0,0,0.0227778,0.0580556,0.0401852,0.0315741,0.00888889,0.0381481,0.25713,0.0737963,0.0844444,0.496204,0.144352,0,0.0315741,0.0219815,0.0819444,0,0.125509,0.00882407,0.00113889,1.35107,3.32407,18.9074,0.138889
0.0398182,0.138364,0.380545,0,0.567636,0.0732727,0.268909,0.174545,0.084,0.182182,0.132727,0.636364,0.0556364,0,0.225455,0.266364,0.299636,0.48,2.04873,0.482364,1.33382,0.165273,0.274364,0.122727,0.328545,0.131091,0.0592727,0.117636,0.0249091,0.137636,0.0249091,0.0249091,0.0163636,0.0249091,0.0474545,0.0412727,0.0849091,0,0.158909,0.110364,0.0192727,0.0518182,0.00654545,0,0.199818,0.0498182,0,0,0.00478182,0.150636,0.00118182,0.276545,0.0901273,0.0275818,6.10815,60.7818,143.545,0.636364
0.122927,0.142927,0.373415,0,0.617805,0.123659,0.107073,0.195366,0.327561,0.472927,0.095122,0.494878,0.0678049,0.279024,0.182439,0.17122,0.363659,0.130976,1.66268,0.244878,1.33415,0.56,0.104878,0.230488,0.213415,0.0760976,0.025122,0.0107317,0.00365854,0.00365854,0.0160976,0.00365854,0.09,0.00365854,0.0160976,0.0307317,0.0987805,0.0129268,0.0114634,0.0343902,0,0.290488,0.00756098,0.0178049,0.0865854,0.00268293,0.0134146,0,0.0160488,0.120512,0.0135122,0.344341,0.146634,0.0678293,4.6911,116.732,627.073,0.707317
0.0929577,0.0864789,0.361972,0,0.226056,0.0740845,0.176338,0.0960563,0,0.212535,0.078169,0.774225,0.0919718,0,0.0252113,0.237746,0.106197,0.0970423,1.79901,0.0130986,0.655775,0,0.02,0,0.303944,0.0821127,0.136338,0,0.0850704,0.103239,0,0,0.145493,0,0.0071831,0.0967606,0.135634,0.0112676,0.231268,0,0.0416901,0.182676,0.0264789,0.120704,0.24831,0.119437,0,0.0638028,0.0117606,0.119986,0,0.156606,0.0170704,0.0140845,1.61007,5.73239,51.6901,0.225352
0.0846667,0.176667,0.512667,0.0326667,0.634,0.0633333,0.534,0.190667,0.0193333,0.502667,0.0166667,0.571333,0.180667,0.0153333,0,1.064,0.250667,0.306,2.15267,0.016,0.752,0,0.518,0.100667,0.360667,0.0746667,0,0,0.0333333,0.0166667,0,0,0,0.0413333,0,0.0286667,0.149333,0,0,0,0,0.0133333,0,0,0.218667,0,0,0.08,0.0408667,0.1906,0,0.400667,0.172867,0.0128,11.5584,193.267,494.133,0.733333
0.117925,0.0362264,0.253208,0,0.410189,0.0392453,0.113396,0.0401887,0.0141509,0.0690566,0.0916981,0.639245,0.23,0.0109434,0.0301887,0.0964151,0.19434,0.190943,1.89717,0.0364151,0.604528,0,0.0458491,0.00754717,0.414151,0.174528,0.0335849,0,0.0520755,0.101887,0,0,0.141509,0,0.0467925,0.123774,0.0962264,0.00867925,0,0,0.0277358,0.0650943,0.0226415,0.256415,0.164717,0.0609434,0.0332075,0.0422642,0.0138679,0.166585,0.00471698,0.293792,0.00954717,0.00130189,1.49109,5.69811,72.2453,0.301887
0.131429,0.230357,0.232857,0,0.23625,0.0130357,0.176964,0.0476786,0,0.126786,0.0421429,0.680536,0.0542857,0,0.0467857,0.221786,0.0814286,0.308036,1.39446,0.0230357,0.60375,0,0.150357,0,1.17339,0.633393,0.193214,0.445714,0.189286,0.374464,0.148571,0.0828571,0.157321,0.0828571,0.476071,0.148571,0.185179,0,0.0601786,0.0942857,0.0482143,0.293571,0.0557143,0.0239286,0.208571,0.496786,0,0.0280357,0.00733929,0.141946,0.00442857,0.163446,0.02925,0.244179,2.23087,11.75,53.875,0.303571
0,0,0.46,0,2.33,0,0,0,0,0,0,0,0,0,0,0,0,0,0,0,0.46,0,0,0,0,0,3.17429,0,0.68,0,0,0,0,0,0,0,0,2.11143,0,0,0,9.43429,0,0,0,0,0,0,0,0,0,0,0,0,1.09514,1.28571,5.42857,0
0.215897,0.0815385,0.335128,0.00141026,0.188846,0.144359,0.0487179,0.188205,0.274231,0.165385,0.0789744,0.712436,0.0848718,0.0742308,0.00782051,0.208462,0.305769,0.0405128,1.10987,0.157308,1.01051,0.108205,0.0758974,0.219231,1.25308,0.199231,0.0224359,0.00858974,0.00846154,0.0321795,0.0171795,0.00346154,0.0983333,0.0048718,0.0171795,0.0879487,0.207308,0.0194872,0.0334615,0.0271795,0.095641,0.0516667,0.0158974,0.0130769,0.0282051,0.142179,0,0.0182051,0.151385,0.221205,0.0140385,0.225628,0.0963462,0.0710513,3.81717,44.6282,607.885,0.423077
0,0,0,0,0,0.040274,0,0,0,0,0,0.0456164,0,0,0,0,0,0.105342,0.040274,0,0.0342466,0,0,0,0,0,0.313973,0,0,0,0.171233,0,0,0,0,0,0,0,0,0,0,0.0526027,0,0,0.143836,0.458082,0,0,0,0.115781,0.0559041,0.211329,0,0,1.10959,1.23288,4.10959,0
0.245532,0.119787,0.324468,0.0274468,0.716809,0.0961702,0.199787,0.130213,0.0248936,0.166809,0.0504255,0.451915,0.0382979,0,0.0514894,0.604681,0.214468,0.11766,1.72064,0.136596,1.20149,0.0634043,0.16766,0.0480851,0.401064,0.207021,0.185319,0.156383,0.0108511,0.0659574,0.0108511,0.0225532,0.053617,0.0417021,0.108298,0.0804255,0.11,0,0.0429787,0.0108511,0.0453191,0.0534043,0.0234043,0.0859574,0.163404,0.119574,0,0.053617,0.0108085,0.113851,0.0204468,0.448936,0.121298,0.027617,2.86864,24,126.149,0.617021
0.177419,0,0.12371,0,0.204194,0.131935,0.195968,0.121452,0.0240323,0.140968,0.0364516,0.343871,0.0470968,0.0191935,0,0.157581,0.132097,0.198387,1.81726,0.011129,1.01855,0,0,0.0435484,0.886129,0.37371,0.347097,0.41629,0.0669355,0.0898387,0.0803226,0.0619355,0.334677,0.0619355,0.205161,0.0619355,0.213548,0,0.101452,0.0619355,0.0625806,0.112742,0.116452,0.154677,0.493871,0.454677,0,0,0.0239677,0.180194,0.0191613,0.290258,0.0975645,0.0630161,2.56824,14.5161,61.9839,0.451613
0.122034,0.168475,0.295085,0,0.353051,0.103729,0.25,0.131864,0.0216949,0.26661,0.0733898,0.279492,0.0322034,0.0728814,0.0362712,0.433559,0.144746,0.343051,1.99136,0.0744068,0.88339,0.0254237,0.10678,0.0808475,0.863898,0.489492,0.394407,0.267458,0.0611864,0.164068,0.0611864,0.181695,0.0659322,0.181695,0.150847,0.116102,0.179831,0,0.161695,0.0611864,0.040339,0.0589831,0.153729,0.05,0.345763,0.494746,0.039322,0.0150847,0.0188136,0.147898,0.0121017,0.287169,0.0344237,0.140644,2.34407,16.5254,94.4915,0.440678
0,0,0,0,8.2575,0,0,0,0,0,0,0,0,0,0,0,0,0,0,0,0,0,0,0,2.5,0,0,0,0,0,0,0,0,0,0,0,0,0,0,0,0,0,0,0,0,0,0,0,0,0.147,0,0,0,0,1.20825,1.5,3.5,0.25
0.268727,0.103091,0.278909,0,0.552545,0.0221818,0.123455,0.0483636,0.0230909,0.0930909,0.0172727,0.544182,0.0263636,0.046,0.0156364,0.445091,0.278,0.211818,2.61564,0.008,1.27673,0,0.192727,0.1,0.046,0.0289091,0.0667273,0.0581818,0,0,0,0.0114545,0.008,0.0114545,0.0367273,0.084,0.0256364,0,0.0301818,0.006,0,0.0121818,0.0116364,0.0109091,0.290727,0.0392727,0,0.0463636,0.0100909,0.105927,0.00676364,0.459673,0.139836,0.00750909,3.16793,25.6909,111.691,0.854545
0.0506452,0.0712903,0.255161,0.0145161,0.224946,0.0598925,0.0810753,0.0987097,0.0496774,0.548065,0.0388172,0.467957,0.0776344,0.0055914,0.0373118,0.102151,0.0746237,0.125161,1.40581,0.073871,0.463871,0.00623656,0.0363441,0.0893548,0.809355,0.48043,0.415699,0.427849,0.16,0.243978,0.127634,0.0986022,0.0409677,0.0986022,0.218817,0.164839,0.249677,0.00580645,0.206452,0.103763,0.0446237,0.0686021,0.153656,0.0375269,0.331183,0.236022,0.0165591,0.0304301,0.045172,0.212172,0.0130215,0.249613,0.0433763,0.0222258,2.46676,11.9355,79.4301,0.268817
0.1081,0.0672,0.2761,0,0.2744,0.0518,0.0302,0.0757,0,0.098,0,0.8014,0.0691,0.0308,0.0066,0.192,0.0129,0.1531,2.2363,0.0067,0.6114,0,0,0.0418,0.2228,0.091,0.2225,0,0.1823,0.0263,0.0116,0,0.0569,0,0,0.0306,0.1116,0.0106,0.0487,0,0.1375,0.3129,0.0156,0.1174,0.4221,0.1845,0,0,0.02864,0.11759,0.01255,0.1438,0.02066,0.01185,1.51611,5.09,30.47,0.13
0,0,0.02875,0,0.178125,0,0.575,0,0,0,0,0.204375,0.1975,0.178125,0,0,0,0.178125,1.2875,0,0.72,0,0,0.27875,0,0,1.24,1.08875,0,0,0,0,0.310625,0,0,0.178125,0.83875,0,1.55687,0.26,0,0,0,0,0.206875,0,0,0,0.16025,0.560562,0,0.13625,0.034875,0.037625,3.53731,24.4375,39.9375,0.4375
0.0548864,0.129091,0.293523,0.0136364,0.331136,0.120795,0.115795,0.0794318,0.06125,0.257159,0.0445455,0.516591,0.215568,0.0426136,0.115795,0.10125,0.100114,0.280227,1.3042,0.0418182,0.706136,0.47125,0.131705,0.0796591,0.709773,0.329886,0.195909,0.130909,0.114545,0.116364,0.0590909,0.0714773,0.0856818,0.0751136,0.0810227,0.103864,0.161932,0,0.0707955,0.09125,0.0159091,0.0446591,0.0765909,0.0453409,0.122955,0.0620455,0,0.0197727,0.0971818,0.196795,0.0321705,0.148102,0.117114,0.0575795,3.18364,25.1818,253.705,0.511364
0.12295,0.132086,0.353165,0,0.306403,0.0468345,0.0186331,0.0548921,0.0141007,0.159424,0.00690647,0.422734,0.0697842,0.113381,0,0.243813,0.011223,0.263957,1.91381,0.130791,0.676619,0,0.0152518,0.077554,0.160072,0.0748921,0.592014,0,0.038705,0,0,0,0.203885,0,0,0.0128058,0,0.0590647,0.0635971,0.00841727,0.0398561,0.321079,0.0256835,0.0453957,0.573022,0.277914,0.0210072,0.0599281,0.0191439,0.0966691,0.00777698,0.175986,0.00243165,0,1.30806,2.81295,12.6547,0.0863309
0.0854545,0.0877273,0.325,0.0131818,0.383485,0.0856061,0.0633333,0.167576,0.0872727,0.30697,0.0733333,0.435,0.0963636,0.0257576,0.02,0.315,0.149242,0.203182,1.45152,0.0477273,0.877273,0.0280303,0.0836364,0.075,0.657273,0.384394,0.145303,0.139091,0.0622727,0.140909,0.099697,0.045,0.0993939,0.045,0.085,0.110909,0.302727,0.0230303,0.113939,0.0548485,0.0121212,0.0340909,0.0904545,0.136818,0.153182,0.103333,0.0107576,0.0278788,0.0254848,0.218818,0.0222424,0.165121,0.0583182,0.0478182,2.67214,22.5909,218.333,0.469697
0.1416,0.2428,0.996,0,0.2012,0.0828,0,0,0,0.0588,0,1.0876,0,0,0,0.32,0,0,0.9816,0,3.588,0,0,0.8348,0.1612,0.1568,0.2412,0,0,0.1612,0,0.2012,0,0.2012,0.048,0,0,0,0,0,0,0.096,0,0,0.04,0,0,0,0,0.10176,0,0.24848,0.13236,0,3.94352,24.32,53.96,0.72
0,0,0,0,0,0,0,0,0,0,0,0,0,0,0,0.333333,0,0,0,0,0,0,0,0,0,0.119,20.292,0,0,0,0,0,0,0,0,0,0,0,0,0,0,0,0,0,0.0555,0,0,0,0,0.0292333,0,0.009575,0,0,1.2115,1.69167,5.44167,0
0,0.279286,0.321429,0,0.575714,0.283214,0.975,0,0.0164286,0.407143,0.0335714,0.811071,0,0,0.0328571,0.2,0.225,0.354643,2.26321,0,1.23857,0,0.0360714,0.00785714,0.0503571,0,0.225,0.0503571,0,0,0.258571,0,0,0,0.100357,0.00785714,0,0,0,0.678571,0,0,0,0,0.237857,0,0,0,0.001,0.16225,0.0212143,0.269893,0.01,0.0357143,14.3546,174.643,379.107,0.607143
0,0,0,0,0,0,0,0,0,0,0,0,0,0,0,0,0,0,0.421111,0,0,0,0,0,0,0,0,0,0,0,0,0,0,0,0,0,0,0,0,0,0,0,0,0,0,0,0,0,0,0.101,0,1.03856,0,0,1,1,1.44444,0.222222
0.096,0.008,0.196,0.008,0.092,0.118,0,0.058,0.058,0.188,0.074,0.082,0.072,0,0.038,0.088,0.078,0.076,0.608,0.008,0.242,1.906,0.138,0.11,0,0,0,0,0,0,0,0,0,0.028,0,0.008,0,0,0.016,0,0,0,0,0,0.038,0,0,0,0.4302,2.0094,0.009,0.3924,0.375,0.4024,57.5034,2297.8,10648.8,1
0.151343,0.146716,0.826866,0.00283582,0.707612,0.520149,0.272836,0.136716,0.56597,0.458209,0.203284,0.601194,0.150746,0.0797015,0.967015,0.304776,0.11209,0.760149,1.5091,0.820448,0.926119,0.0862687,0.517612,0.144478,0.051194,0.00134328,0.021791,0.00716418,0,0.00865672,0,0,0.00313433,0.00567164,0.00432836,0,0.0129851,0,0,0.0401493,0,0,0.0835821,0.0119403,0.0447761,0.0364179,0,0,0.00285075,0.0761343,0.0011194,0.448209,0.160104,0.019791,108.883,790.104,1415.94,0.985075
0.138571,0.406429,0.353333,0,0.05,0.101429,0.0871429,0.160476,0.116429,0.660476,0.0266667,0.567857,0.0221429,0,0,0.255476,0,0,3.14119,0,0.956429,0,0.0266667,0.108333,0.360714,0.110238,0.0902381,0.035,0,0,0.108095,0,0,0,0,0,0.167381,0,0.233095,0,0.0516667,0,0.0447619,0.179048,0.725714,0.532619,0,0,0,0.103762,0.00602381,0.226833,0.079381,0.0391905,2.8301,17.3095,37.9048,0.380952
0,0,0,0,0,0,0,0,0,0,0,0,0,0,0,0,0,0,0,0,0,0,0,0,0,0,0,0,0,0,0,0,0,0,0,0,0,0,0,0,0,0,0,0,0,0,0,0,0,0,0,0,0,0,0,0,0,0
0,0,0,0,0,0,0,0,0,0,0,0,0,0,0,0,0,0,0,0,0,0,0,0,0,0,0,0,0,0,0,0,0,0,0,0,0,0,0,0,0,0,0,0,0,0,0,0,0,0,0,0,0,0,0,0,0,0
0.129437,0.202535,0.435915,0.602958,0.278028,0.120282,0.0490141,0.111408,0.264366,0.297183,0.0708451,0.792958,0.21,0.104648,0.134507,0.15169,0.14169,0.189718,1.67535,0.0832394,0.941831,0,0.13,0.173239,0.726056,0.140141,0.02,0.0238028,0.0146479,0.0183099,0.0176056,0.00225352,0.074507,0.00225352,0.0329577,0.0633803,0.0887324,0.00197183,0.0176056,0.035493,0.00225352,0.0733803,0.0359155,0.0104225,0.0249296,0.00169014,0,0.0216901,0.144113,0.131549,0.0190986,1.04466,0.258127,0.0185775,4.05585,57.9155,755.056,0.591549
0.314865,0.276757,0.336486,0.00351351,0.248919,0.0745946,0.0389189,0.149459,0.425676,0.528919,0.214054,0.579189,0.367838,0.723243,0.0859459,0.259189,0.332432,0.11027,2.41297,0.0359459,1.0927,0.0454054,0.393784,0.371622,0.0959459,0.0994595,0.00162162,0.000540541,0.000540541,0,0,0,0.123243,0,0.00189189,0.0321622,0.133784,0.00297297,0.00243243,0.0391892,0.00432432,0.00216216,0.00621622,0.00378378,0.0594595,0.0194595,0.00189189,0.0156757,0.0328378,0.100892,0.0108919,0.335595,0.430541,0.0987568,7.64754,346.757,2344.32,0.864865
0.0812346,0.0377778,0.219506,0.0164198,0.0858025,0.0750617,0.0350617,0.144198,0.0283951,0.147901,0,0.66716,0.132716,0.00283951,0.0690123,0.0620988,0.127531,0.250494,1.45,0.00790123,0.578148,0,0.0992593,0.0650617,0.869383,0.465802,0.214198,0.311605,0.0853086,0.231111,0.126049,0.071358,0.156543,0.071358,0.195185,0.167037,0.399136,0,0.181481,0.0877778,0.068642,0.0890123,0.204815,0.0865432,0.388765,0.45321,0,0.061358,0.00833333,0.197025,0.0329259,0.217173,0.0607654,0.0148025,2.29744,13.0864,69.8519,0.246914
0.130286,0.126857,0.527429,0,0.372286,0.191429,0.221143,0.274,0.0731429,0.138,0.0882857,0.615714,0.0877143,0,0.0634286,0.339429,0.206,0.220857,2.34514,0.418857,1.52,0.0777143,0.398,0.119714,0.420571,0.308857,0.0402857,0.0777143,0.0122857,0.0294286,0.0122857,0.0122857,0.0697143,0.0122857,0.092,0.0442857,0.164857,0.0157143,0.0891429,0.09,0.00885714,0.0314286,0.0377143,0,0.122857,0.024,0,0.0665714,0.0144,0.0677143,0.007,0.332943,0.164743,0.0728,3.80926,39.7429,173.429,0.714286
0,0,0,0,0,0,0,0,0,0,0,0,0,0,0,0,0,0,0,0,0,0,0,0,0,0,0,0,0,0,0,0,0,0,0,0,0,0,0,0,0,0,0,0,0,0,0,0,0,0,0,0,0,0,0,0,0,0
0,0,0,0,0,0,0,0,0,0,0,0,0,0,0,0,0,0,0,0,0,0,0,0,0,0,0,0,0,0,0,0,0,0,0,0,0,0,0,0,0,0,0,0,0,0,0,0,0,0,0,0,0,0,0,0,0,0
0.0928986,0.0873913,0.265942,0.277681,0.258841,0.0771014,0.065942,0.0634783,0.295217,0.362899,0.0817391,0.461304,0.134783,0.145797,0.093913,0.283913,0.0591304,0.246812,1.34826,0.248696,0.882464,0.87,0.0985507,0.0943478,0.372899,0.174783,0.0310145,0.0185507,0.00855072,0.016087,0.0324638,0.00130435,0.0776812,0.00130435,0.10058,0.0236232,0.166522,0.00057971,0.0166667,0.0389855,0.00971014,0.0353623,0.00869565,0.0111594,0.0413043,0.0491304,0.015942,0.0382609,0.0344928,0.153725,0.0202754,0.224087,0.127522,0.104116,6.15028,101.159,1231.72,0.594203
0.125051,0.147172,0.387273,0.144545,0.284545,0.114545,0.0924242,0.188182,0.397778,0.485859,0.123737,0.490404,0.118384,0.0650505,0.122323,0.270202,0.148384,0.336364,1.39162,0.175354,0.882626,0.945354,0.107273,0.196162,0.489798,0.156667,0.0315152,0.0256566,0.00575758,0.0276768,0.0205051,0.00191919,0.127778,0.00383838,0.129798,0.0329293,0.14202,0.00181818,0.0339394,0.0326263,0.00969697,0.0281818,0.00545455,0.0126263,0.0370707,0.0379798,0.00666667,0.029798,0.0609899,0.110354,0.0452929,0.336889,0.180515,0.107051,4.67404,71.0505,973.01,0.676768
0.238,0.508667,0.652,0.0606667,0.33,0.0273333,0.448,0.038,0.192,0.926667,0.164667,0.936667,0.054,0.0726667,0.200667,1.50267,0.361333,0.042,1.97867,0.154,1.62933,0,0.0546667,0.134667,0.036,0.0533333,0.0193333,0.0386667,0,0,0,0,0,0.0193333,0.0386667,0,0.0253333,0,0,0,0,0,0,0,0.104,0,0,0.0513333,0.00893333,0.0637333,0,0.870933,0.358267,0.0838667,44.8956,393.067,550,0.866667
0.14662,0.252254,0.232254,0,0.364789,0.0849296,0.107324,0.0843662,0.0276056,0.330563,0.0876056,0.957183,0.109014,0.0333803,0.0160563,0.267887,0.0921127,0.176056,1.91535,0.00985915,0.750704,0,0.0164789,0.0809859,0.602254,0.482535,0.269155,0.336338,0.101972,0.151549,0.115493,0.0921127,0.231549,0.0921127,0.116479,0.20493,0.157887,0,0.118169,0.0883099,0.0159155,0.0602817,0.0942254,0.226056,0.13493,0.0274648,0,0.0604225,0.00609859,0.158521,0.0200563,0.101817,0.025338,0.00952113,1.8829,9.05634,89.0563,0.225352
0.152558,0.186977,0.543256,0.458837,0.395349,0.153953,0.258372,0.161163,0.0718605,0.222558,0.113953,0.497209,0.0806977,0,0,0.436977,0.336744,0.389767,2.26256,0.41093,1.38093,0.223721,0.141395,0.207209,0.0602326,0.0716279,0.00744186,0,0.0334884,0.0334884,0,0,0.00627907,0,0.0297674,0.0439535,0.147442,0,0.0690698,0.0044186,0,0,0.0330233,0.0176744,0.154419,0.0288372,0,0.0404651,0.0107674,0.0852326,0.0225581,0.44093,0.312163,0.0334419,7.22884,125.721,306.419,0.860465
0.100882,0.0158824,0.276176,0,0.374412,0.208529,0.0817647,0.113235,0.035,0.299706,0.025,0.534118,0.0997059,0.0294118,0,0.442353,0.0911765,0.147647,1.48618,0,1.44412,0,0.01,0.242353,0.542353,0.284706,0.267941,0.131176,0.0708824,0.142941,0.119412,0.0538235,0.122353,0.0538235,0.110588,0.118529,0.18,0.00676471,0.0911765,0.0605882,0.112353,0.00470588,0.13,0.00941176,0.196471,0.131176,0,0,0.0479412,0.169029,0.0323235,0.0952647,0.0282941,0.0230588,1.92094,10.6765,145.324,0.352941
0.49913,0.766087,0.79,0.398261,0.340435,0.222609,0.0530435,0.428696,0.393043,1.43826,0.0473913,1.52652,0.131739,0.295217,0.363478,0.312174,0.183913,0.671739,2.03609,0.365652,3.39478,0.0165217,0.417826,0.241304,0,0,0,0,0,0,0,0,0.0143478,0,0.0552174,0,0.016087,0,0,0,0,0,0.00826087,0,0,0,0,0,0.0238696,0.153739,0,1.01309,0.170435,0.0643478,41.0404,622.435,877.391,1
0.0997403,0.0463636,0.236623,0,0.154156,0.0444156,0.0312987,0.163117,0.0225974,0.308442,0.0298701,0.488831,0.0631169,0,0.00792208,0.24987,0.0879221,0.246883,1.13532,0.025974,0.396623,0,0.00935065,0.0162338,1.09987,0.422857,0.232078,0.200779,0.151948,0.286883,0.0867532,0.0294805,0.378182,0.0294805,0.158052,0.155455,0.226234,0.0244156,0.114935,0.0974026,0.0146753,0.120649,0.00519481,0.0850649,0.12039,0.0667532,0,0.0235065,0.0177662,0.163286,0.0201039,0.114065,0.0204805,0.205442,1.85935,8,61,0.220779
0.127949,0.46359,0.36,1.81846,0.984359,0.152051,0.663846,0.160513,0.0610256,0.395128,0.0448718,0.668462,0.200769,0.0861538,0,0.767949,1.61538,0.251282,2.13,0.288205,1.64769,0,0.0202564,0.169231,0,0,0,0,0,0.0248718,0,0,0,0,0,0.0548718,0.119487,0.04,0,0.00871795,0,0,0,0,0.00871795,0,0,0,0,0.129615,0,0.756462,0.149,0.0339487,8.18233,132.333,192.538,0.923077
0,0,0,0,0,0,0,0,0,0,0,0,0,0,0,0,0,0,0,0,0,0,0,0,0,0,0,0,0,0,0,0,0,0,0,0,0,0,0,0,0,0,0,0,0,0,0,0,0,0,0,0,0,0,0,0,0,0
0.153478,0.124783,0.265435,0.00804348,0.295435,0.106304,0.0395652,0.230435,0.203696,0.299348,0.0923913,0.540435,0.148261,0.0695652,0.0623913,0.32413,0.210435,0.185652,1.49261,0.128696,0.707826,0.652609,0.261522,0.233478,0.461087,0.0893478,0.00586957,0.00543478,0.00326087,0.023913,0.0104348,0,0.0884783,0.00282609,0.0106522,0.118043,0.160217,0.00934783,0.0213043,0.0245652,0.0193478,0.00326087,0.0073913,0.0245652,0.0297826,0.0973913,0.0023913,0.0397826,0.0394565,0.123587,0.0373696,0.200739,0.163326,0.101739,5.77274,124.522,1677.87,0.543478
0.0839344,0.0368852,0.308525,0,0.295246,0.180984,0.0745902,0.119672,0.0481967,0.181148,0.047377,0.45459,0.0896721,0.062459,0.0163934,0.208852,0.187213,0.207377,1.2723,0.153443,0.742623,0,0.0842623,0.10377,0.661967,0.325902,0.15,0.126557,0.136885,0.0914754,0.0595082,0.0380328,0.171475,0.0380328,0.0991803,0.115574,0.131639,0.00229508,0.0131148,0.0834426,0,0.0204918,0.0916393,0.0396721,0.171803,0.0654098,0.00622951,0.0483607,0.0227213,0.162672,0.0278525,0.110492,0.0377869,0.0109836,2.13162,13.9836,192.066,0.409836
0,0,0,0,0,0,0,0,0,0,0,0,0,0,0,0,0,0,0,0,0,0,0,0,0,0,0,0,0,0,0,0,0,0,0,0,0,0,0,0,0,0,0,0,0,0,0,0,0,0,0,0,0,0,0,0,0,0
0.0726027,0.125753,0.226575,0,0.266301,0.0467123,0.109315,0.0432877,0.0175342,0.247397,0.0347945,0.402877,0.259726,0.0175342,0.00931507,0.424932,0.0450685,0.143288,1.61055,0.0365753,0.720822,0,0.0723288,0.0512329,0.972466,0.621644,0.573151,0.392192,0.240822,0.400137,0.256575,0.201781,0.143288,0.201781,0.518767,0.274521,0.220411,0.00561644,0.328904,0.213973,0.080411,0.284795,0.14726,0.200959,0.233425,0.131781,0,0,0.0103014,0.157904,0.012,0.229288,0.198233,0.00758904,2.21042,11.3151,44.4795,0.30137
0,0,0,0,0,0,0,0,0,0,0,0,0,0,0,0,0,0,0,0,0,0,0,0,0,0,0,0,0,0,0,0,0,0,0,0,0,0,0,0,0,0,0,0,0,0,0,0,0,0,0,0,0,0,0,0,0,0
0,0,0,0,0,0,0,0,0,0,0,0,0,0,0,0,0,0,0,0,0,0,0,0,0,0,0,0,0,0,0,0,0,0,0,0,0,0,0,0,0,0,0,0,0,0,0,0,0,0,0,0,0,0,0,0,0,0
0.0225806,0,0.21129,0,0.0783871,0.0770968,0.147419,0.0948387,0.0177419,0.250645,0,0.430323,0.217419,0,0,0.166452,0.0693548,0.0177419,2.15806,0.375806,0.519677,0.178387,0,0.104839,0,0.103226,0,0,0,0,0,0,0,0,0,0.0206452,0,0,0,0,0,0.191935,0,0.0425806,0.406129,0.544516,0,0,0.00687097,0.0420323,0,0.111903,0,0.0434839,3.99226,49.8387,89,0.258065
0.0741176,0.128235,0.281765,0,0.313922,0.10549,0.0815686,0.0290196,0.0303922,0.213725,0.0213725,0.527255,0.0856863,0,0.0215686,0.187255,0.145294,0.0601961,1.0649,0,0.625294,0,0.0898039,0.00921569,0.968431,0.453725,0.266275,0.192549,0.107843,0.175882,0.085098,0.0682353,0.095098,0.0682353,0.135098,0.137255,0.353333,0,0.150784,0.0929412,0.312745,0.0582353,0.163922,0.0515686,0.307451,0.563333,0,0.0190196,0.149098,0.174098,0.0210588,0.0834706,0.0591569,0.0110784,2.25447,15.6471,172.588,0.254902
0.10973,0.108108,0.4,0,0.415135,0.282432,0.123243,0.117027,0.047027,0.191622,0.0345946,0.764865,0.0478378,0,0.00783784,0.219459,0.164054,0.36973,1.61486,0.01,1.00405,0,0.351351,0.02,0.435135,0.408108,0.0740541,0.103514,0.0156757,0.0637838,0,0.00837838,0.0862162,0,0.0810811,0.0354054,0.0754054,0,0.00756757,0.0464865,0.0540541,0,0.012973,0.00756757,0.151351,0,0.042973,0.00756757,0.0341892,0.144054,0,0.331973,0.0875946,0.00283784,2.49784,20.2703,141.27,0.567568
0.30617,0.144894,0.280426,0.0917021,0.0723404,0.106809,0.0193617,0.139787,0.221064,0.399574,0.144681,0.630213,0.341064,0.652766,0.0255319,0.158936,0.276596,0.12,1.86936,0.0476596,0.868511,0.0334043,0.447021,0.28766,0.0951064,0.0604255,0.00510638,0.00148936,0.00212766,0.00382979,0,0,0.309362,0,0,0.0297872,0.176383,0.00148936,0.00659574,0.017234,0.0246809,0.00765957,0.00446809,0.0159574,0.0421277,0.0568085,0.00978723,0.0502128,0.0292553,0.115766,0.00757447,0.24734,0.329319,0.0877872,5.44715,185.447,3357.47,0.744681
0,14.1478,0,0,0,0,0,0,0,0.132222,0,0,0,0,0,0,0,0,0,0,0,0,0,0,0,0,0,0,0,0,0,0,0,0,0,0,0,0,0,0,0,0,0,0,0.132222,0,0,0,0,0,0,0,0,0,1.77778,4.88889,9.02778,0
0,0.0257895,0.113158,0,0.252982,0.0659649,0.0389474,0.128596,0.0584211,0.152982,0,0.593158,0.0449123,0.034386,0,0.287544,0.0584211,0.0945614,2.04123,0,0.596316,0,0.118246,0.376316,0.0973684,0.0417544,0.0982456,0.133684,0.264035,0,0.0473684,0,0,0,0.13,0,0.0835088,0,0.180526,0.0389474,0.16614,0.382105,0.0510526,0.169298,0.559474,0.140702,0,0.0449123,0.0951579,0.11107,0.0192982,0.410018,0.064386,0.0674211,2.84658,12.193,26.0877,0.45614
0.138276,0.077931,0.243448,0,0.595862,0.18,0.253103,0,0.104828,0.348276,0.0937931,0.300345,0.201379,0.0593103,0,0.859655,0.0468966,0.178621,1.68414,0.0117241,0.894828,0,0,0.34931,0.165862,0.0868966,0.123103,0.0917241,0,0.0510345,0,0,0.127931,0,0.0410345,0.0768966,0.0468966,0,0,0.0468966,0.00896552,0,0.0241379,0.0665517,0.163103,0.167931,0,0,0.00155172,0.0617241,0.00668966,0.331483,0.0711379,0.683759,5.93352,60.6552,107.897,0.586207
0.157,0.029,0.324333,0,0.138333,0.106333,0.186,0.121667,0,0.308333,0.0426667,0.541333,0.0463333,0,0.095,0.0846667,0.026,0.0466667,2.42267,0,0.519333,0,0.042,0.029,0.484667,0.274333,0,0.126667,0,0.0773333,0.147,0,0.108,0,0.14,0,0.396333,0,0.121667,0,0.04,0.14,0.095,0.174333,0.266333,0.854,0,0,0.00656667,0.0820667,0.0137,0.572167,0.0143,0.0102333,2.98103,16.0333,50,0.266667
0.136087,0.197391,0.515,0,0.510217,0.132174,0.378043,0.175652,0.0926087,0.379348,0.117826,0.571957,0.136522,0.0443478,0.0769565,0.381522,0.293913,0.301739,2.24152,0.155652,1.06978,0.0354348,0.470652,0.063913,0.108261,0.0880435,0,0.156739,0,0.0715217,0,0,0.44087,0,0.153478,0.0136957,0.1,0,0,0.113696,0,0.0736957,0.0113043,0.02,0.141522,0.103696,0,0,0.00976087,0.0862174,0,0.664304,0.132109,0.0193478,5.82609,74.7609,199.13,0.717391
0.110789,0.0539474,0.195921,0,0.209342,0.100526,0.170789,0.0413158,0.0171053,0.177763,0.0607895,0.762632,0.0302632,0.0365789,0.0294737,0.0730263,0.215,0.0922368,1.96079,0.00592105,0.535395,0,0.112763,0.0114474,0.235395,0.0859211,0.19,0,0.0397368,0.0901316,0.0118421,0,0.197895,0,0,0.0960526,0.171053,0.00723684,0.0568421,0.00342105,0.135395,0.193553,0.0281579,0.0606579,0.295,0.120789,0,0.0652632,0.0165789,0.1155,0.00998684,0.232079,0.0186316,0.0115789,1.61239,5.64474,43.9342,0.118421
0.0545161,0.0274194,0.269355,0,0.268387,0.116774,0.0129032,0.190323,0.02,0.187742,0.0558065,0.515806,0.0932258,0,0.0219355,0.21,0.0558065,0.114839,1.56452,0.0148387,0.666774,0.0148387,0.0487097,0.0554839,0.812581,0.793548,0.299677,0.469355,0.184194,0.180645,0.0870968,0.0735484,0.104194,0.0735484,0.329355,0.207097,0.185806,0,0.203871,0.0735484,0.0625806,0.0916129,0.118065,0.0880645,0.286774,0.036129,0.00903226,0.0241935,0.00322581,0.177,0.0610645,0.156742,0.0450645,0.0217742,1.87742,10.7419,126.968,0.193548
0,0,0,0,0,0,0,0,0,0,0,0,0,0,0,0,0,0,0,0,0,0,0,0,16.3043,1.09857,0,0,0,0,0,0,0,0,0,0,0,0,0,0,0,0,0,0,2.88357,0,0,0,0,0,0,0.0802143,0,0,4.16179,16.5714,25.5,0
0.12,0.123878,0.336122,0.0236735,0.303265,0.226735,0.107347,0.045102,0.0132653,0.263469,0.0171429,0.44,0.188776,0,0.0108163,0.439592,0.228571,0.1,1.83,0.0534694,0.802245,0.0665306,0.20551,0.0963265,0.58102,0.408163,0.206531,0.151837,0.0955102,0.175102,0.087551,0.087551,0.0616327,0.115102,0.107143,0.132245,0.0520408,0,0.182653,0.0967347,0,0,0,0,0.231224,0.198776,0,0.00673469,0.0164898,0.139592,0.00493878,0.433061,0.0377347,0.0445918,3.949,40.5102,127.755,0.571429
0,0,0,0,0,0,0,0,0,0,0,0,0,0,0,0,0,0,0,0,0,0,0,0,0,0,0,0,0,0,0,0,0,0,0,0,0,0,0,0,0,0,0,0,0,0,0,0,0,0,0,0,0,0,0,0,0,0
0,0.0723077,0.154615,0,0.628462,0,1.87538,0.833077,0.833077,0.905385,0.833077,0.380769,0,0.0823077,0,0.715385,2.31923,0.0692308,1.34385,0.833077,3.59538,0,0.226923,0.0823077,0,0,0,0,0,0,0,0,0,0,0,0,0.339231,0,0.0823077,0,0,0,0,0,0,0,0,0,0,0.0443846,0,0.647846,0.330308,0.0767692,69.0474,276.385,292.615,1
0.12949,0.0583673,0.303265,0.0158163,0.274388,0.116531,0.0614286,0.13,0.0556122,0.213878,0.0479592,0.486735,0.0915306,0.0355102,0.000918367,0.228571,0.190918,0.112959,1.47847,0.140612,0.678163,0.753673,0.16602,0.0654082,0.797245,0.297857,0.0991837,0.0373469,0.0642857,0.0482653,0.0271429,0.0129592,0.0831633,0.0160204,0.0364286,0.0626531,0.255816,0.00193878,0.0104082,0.0306122,0.0505102,0.0339796,0.0391837,0.0276531,0.121939,0.27,0,0.0235714,0.257704,0.17502,0.0299286,0.202867,0.0967143,0.161265,3.7159,34.2245,314.122,0.459184
0,0,0.185,0,0.0738889,0,0,0,0,0,0,0.205556,0,0,0,0,0,0.661667,0.277222,0,0.0738889,0,0,0,4.41556,4.675,0.359444,0.815556,0,1.00778,0.661667,0,0,0,0.661667,0.661667,0.787778,0.222222,0.0738889,0,0,0.468889,0,0,0.191111,0,0,0.205556,0.0480556,0.0592778,0.0478333,0.169778,0,0.0358333,2.01683,8.38889,28.0556,0
0,0,0,0,0,0,0,0,0,0,0,0,0,0,0,0,0,0,0,0,0,0,0,0,0,0,0,0,0,0,0,0,0,0,0,0,0,0,0,0,0,0,0,0,0,0,0,0,0,0,0,0,0,0,0,0,0,0
0.0388889,0.0655556,0.35,0,0.470444,0.305778,0.162889,0.162444,0.0137778,0.238444,0.0137778,0.334889,0.177111,0.00866667,0.0124444,0.143333,0.132667,0.0895556,1.69267,0,1.49,0,0.107778,0.0995556,0.613778,0.376444,0.205778,0.184889,0.157111,0.203111,0.0971111,0.0804444,0.0315556,0.0804444,0.133111,0.159333,0.164,0,0.0866667,0.0804444,0.0204444,0.0917778,0.128444,0.0117778,0.469333,0.272667,0,0.00866667,0.0276444,0.151711,0.0331778,0.1346,0.0848,0.00288889,2.01598,10.9778,136.778,0.555556
