0.0898599,0.235106,0.246128,0.023392,0.294396,0.0776692,0.104966,0.088769,0.0329747,0.193252,0.0419732,0.5147,0.0767928,0.0386259,0.0213383,0.241872,0.109836,0.159496,1.66779,0.045383,0.729252,0.011696,0.0647928,0.0717109,0.578244,0.310089,1.0345,0.1593,0.127955,0.129955,0.0797466,0.0608405,0.105118,0.0614188,0.127466,0.113478,0.138167,0.0145753,0.0982772,0.0704829,0.0518599,0.165881,0.0538212,0.102125,0.382334,0.209323,0.00469747,0.0348018,0.0202522,0.136674,0.0159461,0.238286,0.0451347,0.0315532,2.41715,15.9633,73.9317,0.298957
0.292449,0.138163,0.274082,0.0879592,0.0716327,0.110612,0.0185714,0.129388,0.20551,0.366531,0.13898,0.603673,0.318367,0.626122,0.0230612,0.153265,0.25898,0.111837,1.77755,0.0465306,0.808571,0.226531,0.430408,0.272857,0.0912245,0.0579592,0.00489796,0.00142857,0.00204082,0.00367347,0,0,0.296735,0.00285714,0,0.0277551,0.169184,0.00142857,0.00632653,0.0130612,0.0236735,0.00734694,0.00428571,0.0153061,0.0408163,0.0544898,0.00938775,0.0481633,0.0508571,0.115204,0.00812245,0.234469,0.316306,0.0842041,5.76214,184.184,3714.82,0.755102
0.185,0.165676,0.299189,0.00675676,0.288243,0.103243,0.0439189,0.188243,0.265676,0.369865,0.126351,0.559054,0.201216,0.255811,0.0771622,0.306892,0.234054,0.166216,1.75959,0.0967568,0.849865,0.568649,0.280135,0.255676,0.334595,0.10527,0.00445946,0.00364865,0.0022973,0.0148649,0.00648649,0,0.116622,0.00175676,0.00675676,0.087973,0.166486,0.0072973,0.0132432,0.0222973,0.0141892,0.00310811,0.0077027,0.0171622,0.0409459,0.0702703,0.00243243,0.0325676,0.0387838,0.119122,0.0286757,0.242392,0.237892,0.10627,5.7637,134.581,1890.88,0.648649
0.167123,0.186849,0.812466,0.125479,0.674384,0.493973,0.262055,0.150274,0.546164,0.524658,0.216027,0.681918,0.171918,0.0832877,0.907534,0.303014,0.151507,0.738904,1.65562,0.812329,1.09466,0.0791781,0.512055,0.154521,0.0443836,0.00123288,0.02,0.0039726,0,0.00794521,0,0,0.00493151,0,0.00575342,0,0.0169863,0,0.00931507,0.0368493,0,0,0.0834247,0.0109589,0.0441096,0.0334247,0,0.0030137,0.00791781,0.0837808,0.0010274,0.472986,0.142959,0.0304658,73.5142,727.726,1369.6,0.986301
0,0,0,0.04,0,0,0,0,0,0,0,0,0,0,0,0.02,0,0,0.02,0,0,0,0,0,0,0,0,0,0,0,0,0,0,0,0,0,0,0,0,0,0,0,0,0,0,0,0,0,1.024,9.752,0.003,1.542,1.785,1.998,239.571,9989,10062,1
0.19,0,0.38,0,0,0.19,0,0,0,0,0.19,0.19,0,0,0,0.38,0,0.19,1.14,0,0.38,0,0,0,0,0,0,0,0,0,0,0,0,0,0,0,0,0,0,0,0,0,0,0,0,0,0,0,0.01,0.01,0,0,0,0.003,2.383,21,15841,1
0.118474,0.12332,0.324833,0.173641,0.381272,0.125382,0.163373,0.146131,0.167858,0.280375,0.0931727,0.599023,0.111124,0.0500268,0.0478313,0.248541,0.269946,0.204886,1.64025,0.157282,0.996426,0.422155,0.158849,0.122169,0.583373,0.17419,0.0676439,0.0450201,0.0316867,0.0397858,0.0323427,0.0159438,0.0627711,0.0170683,0.0438286,0.0697055,0.146667,0.0134003,0.0329183,0.0623561,0.0306827,0.0519143,0.0286212,0.0211513,0.109665,0.142008,0.00922356,0.024257,0.111469,0.151233,0.0174993,0.264985,0.115553,0.0786278,5.87873,66.3159,409.189,0.585007
0.423571,0.367857,0.315714,0.0135714,0.220714,0.0257143,0.00428571,0.202143,0.498571,0.714286,0.221429,0.5,0.484286,0.791429,0.0657143,0.161429,0.382857,0.104286,2.52214,0.0335714,1.21357,0,0.512143,0.500714,0.0135714,0,0,0.0135714,0,0,0,0,0,0.0271429,0.00428571,0.0228571,0,0,0.0121429,0.0785714,0,0,0,0,0.0507143,0,0,0,0.0136429,0.0711429,0,0.421857,0.560857,0.0883571,163.147,1017,2446.71,1
0.334444,0.492407,0.672593,0.0435185,0.377407,0.221111,0.20537,0.231296,0.366481,1.01037,0.138519,0.994815,0.133519,0.227407,0.288148,0.66963,0.209074,0.386481,1.89907,0.223519,2.20148,0.0101852,0.339259,0.245741,0.194259,0.0822222,0.00851852,0,0,0.0135185,0.00407407,0,0.0311111,0,0.0385185,0.0122222,0.0801852,0.0159259,0.00444444,0.0135185,0,0.0487037,0.0062963,0.00907407,0.077037,0.0264815,0,0.0142593,0.0130926,0.135444,0.0327222,0.825741,0.241852,0.0666296,30.3861,422.796,726.407,0.925926
0.114464,0.149227,0.372918,0.327382,0.285365,0.10897,0.0722318,0.132704,0.351974,0.410086,0.0949785,0.585579,0.148026,0.101845,0.126609,0.243133,0.120901,0.290172,1.49961,0.183305,0.927339,0.616094,0.115622,0.163219,0.469227,0.151931,0.0282833,0.0236481,0.00806867,0.021073,0.023691,0.00188841,0.0969099,0.00270386,0.0924893,0.0293991,0.132318,0.00154506,0.0218026,0.0362232,0.0076824,0.0444635,0.012618,0.0113305,0.0350215,0.0312017,0.00755365,0.0257082,0.0789571,0.126687,0.0307725,0.534798,0.192378,0.0767983,4.90538,76.2446,980.232,0.643777
