0.077788,0.0799539,0.205207,0.0062212,0.2653,0.0490783,0.0908756,0.21106,0.0628111,0.329677,0.0485714,0.421244,0.0818894,0.0829032,0.0218433,0.150092,0.11553,0.129309,1.38,0.0528571,0.614977,0.0161751,0.107051,0.0481567,0.573641,0.387742,0.276728,0.27106,0.0917051,0.145161,0.076682,0.0633641,0.0796774,0.0633641,0.138341,0.153272,0.170599,0.0046083,0.126083,0.0666359,0.0242857,0.0552074,0.0953917,0.045023,0.325484,0.139816,0.009447,0.0320737,0.0236175,0.186456,0.0144516,0.288691,0.0656221,0.0144885,2.64496,15.5945,80.9539,0.410138
0,14.1478,0,0,0,0,0,0,0,0.132222,0,0,0,0,0,0,0,0,0,0,0,0,0,0,0,0,0,0,0,0,0,0,0,0,0,0,0,0,0,0,0,0,0,0,0.132222,0,0,0,0,0,0,0,0,0,1.77778,4.88889,9.02778,0
0,0,0,0,0,0,0,0,0,0,0,0,0,0,0,0,0,0,6.66,0,0,0,0,0,0,0,0,0,0,0,0,0,0,0,0,0,0,0,0,0,0,0,0,0,6.66,0,0,0,0,0,0,32.478,0,0,1.666,3,5,0
0.4672,0.7208,0.7428,0.3664,0.3468,0.2716,0.0656,0.4024,0.4188,1.3644,0.0604,1.4292,0.1212,0.2716,0.3344,0.2872,0.1692,0.6348,2.064,0.3444,3.2556,0.0152,0.5196,0.2464,0,0,0,0,0,0,0,0,0.0132,0,0.0508,0.0168,0.0148,0,0,0,0,0,0.0076,0,0.0248,0,0,0,0.027,0.14768,0.06472,0.95372,0.17836,0.06036,39.2918,602.2,882.64,1
0.124369,0.15301,0.389223,0.138932,0.297961,0.119612,0.088835,0.185922,0.42767,0.51534,0.123107,0.532718,0.128447,0.0634951,0.135728,0.270291,0.145631,0.371553,1.42854,0.176796,0.934078,0.91165,0.12466,0.198058,0.470777,0.150583,0.0302913,0.0246602,0.00553398,0.0266019,0.0197087,0.00184466,0.122816,0.00368932,0.124757,0.0316505,0.136505,0.00174757,0.0326214,0.0313592,0.00932039,0.0270874,0.00524272,0.0121359,0.0366019,0.0365049,0.00640777,0.0286408,0.0586214,0.106913,0.043534,0.362107,0.180175,0.104767,4.71909,77.699,971.097,0.68932
0.0928986,0.0873913,0.265942,0.277681,0.258841,0.0771014,0.065942,0.0634783,0.295217,0.362899,0.0817391,0.461304,0.134783,0.145797,0.093913,0.283913,0.0591304,0.246812,1.34826,0.248696,0.882464,0.87,0.0985507,0.0943478,0.372899,0.174783,0.0310145,0.0185507,0.00855072,0.016087,0.0324638,0.00130435,0.0776812,0.00130435,0.10058,0.0236232,0.166522,0.00057971,0.0166667,0.0389855,0.00971014,0.0353623,0.00869565,0.0111594,0.0413043,0.0491304,0.015942,0.0382609,0.0344928,0.153725,0.0202754,0.224087,0.127522,0.104116,6.15028,101.159,1231.72,0.594203
0,0,0,0,0,0,0,0,0,0,0,0,0,0,0,0.4,0,0,0,0,0,0,0,0,0,0,21.3332,0,0,0,0,0,0,0,0,0,0,0,0,0,0,0,0,0,0,0,0,0,0,0,0,0,0,0,1.16748,1.53,5.11,0
0.133672,0.136484,0.386172,0.0219531,0.312422,0.0721875,0.108438,0.157344,0.111719,0.328125,0.0682031,0.490625,0.0964844,0.0399219,0.0625,0.3,0.218594,0.245547,1.63656,0.184687,0.954687,0.712266,0.149922,0.0798437,0.511328,0.221875,0.0849219,0.0850781,0.0550781,0.0625781,0.0483594,0.0217187,0.0452344,0.0217187,0.0632812,0.0599219,0.176016,0.00679687,0.0400781,0.0689063,0.0253125,0.0457813,0.0435937,0.0560938,0.134844,0.190703,0.0226562,0.0479688,0.262133,0.152297,0.0141797,0.310828,0.158695,0.169977,4.37123,54.3047,341.898,0.5625
0.219062,0.405938,0.650312,0.0734375,0.365938,0.18125,0.319688,0.125625,0.314063,0.860625,0.215625,0.77125,0.14375,0.096875,0.270625,0.930625,0.3275,0.23875,1.85531,0.145,1.52562,0.0053125,0.193438,0.223438,0.299375,0.13875,0.0075,0,0,0.0228125,0,0,0.0421875,0,0.0225,0.0146875,0.12125,0.026875,0.0075,0.0228125,0,0.0228125,0.010625,0.0153125,0.110625,0.0446875,0,0.0240625,0.0094375,0.125656,0.00465625,0.753812,0.231156,0.0675,25.445,340.531,656.719,0.9375
0.0795763,0.129153,0.337712,0.0101695,0.412288,0.109237,0.11839,0.12678,0.0502542,0.308051,0.0705932,0.534915,0.192966,0.0332203,0.0877966,0.193644,0.141525,0.269153,1.43864,0.060678,0.848814,0.199746,0.146102,0.0863559,0.624407,0.309746,0.182542,0.114661,0.094322,0.109576,0.0580508,0.064661,0.0829661,0.064661,0.0795763,0.0940678,0.169068,0.0134746,0.0763559,0.0874576,0.0135593,0.0376271,0.0794068,0.0660169,0.132119,0.0594915,0,0.0208475,0.0392712,0.174517,0.0250254,0.174136,0.113059,0.0505339,3.02808,27.4661,244.475,0.525424
0,0,0,0,0,0,0,0,0,0,0,0,0,0,0,0,0,0,0,0,0,0,0,0,0.383103,0.492414,13.2276,0,0,0,0,0,0,0,0,0,0,0,0,0,0,0.766207,0,0,0.229655,0,0,0.287241,0.0415172,0.120966,0,0.0838276,0,0,1.34934,2.27586,7.31034,0
0.096,0.008,0.196,0.008,0.092,0.118,0,0.058,0.058,0.188,0.074,0.082,0.072,0,0.038,0.088,0.078,0.076,0.608,0.008,0.242,1.906,0.138,0.11,0,0,0,0,0,0,0,0,0,0.028,0,0.008,0,0,0.016,0,0,0,0,0,0.038,0,0,0,0.4302,2.0094,0.009,0.3924,0.375,0.4024,57.5034,2297.8,10648.8,1
0,0,0,0,0.833333,0,0,0,0,0,0,0,0,0,0,0,0,0,0,0,0,0,0,0,8.33333,4.735,0,0,0,0,0,0,0,0,0,0.640833,0,0,0,0,0,1.2075,0,0.1125,0,0,0,0,0,0,0,0,0,0,1.41175,2.41667,6.16667,0
0.121032,0.0980159,0.27119,0.0996032,0.350794,0.104048,0.0684921,0.110556,0.205794,0.336032,0.0956349,0.771032,0.131111,0.083254,0.0543651,0.19619,0.163492,0.184127,1.5854,0.0738889,0.972222,0.591508,0.200079,0.10746,0.60254,0.182937,0.0169841,0.0238095,0.015873,0.0289683,0.00849206,0.00150794,0.105079,0.00642857,0.0279365,0.066746,0.126905,0.012619,0.0150794,0.00698413,0.0464286,0.0719048,0.00738095,0.0150794,0.0692857,0.235,0.0203175,0.0185714,0.0377937,0.140659,0.0177698,0.223365,0.0743651,0.080754,4.45874,58.9206,515.238,0.603175
0,0.0288235,0,0,0.183137,0,0.0890196,0.113333,0,0.292941,0,1.05,0,0.247647,0,0.121961,0,0.0288235,0.928431,0.0435294,0.0543137,0,0,0.207059,0,0,0.443922,0.200392,0.0752941,0.115294,0,0,0,0,0.190588,0,0.034902,0,0.182353,0,0.862745,0.0752941,0.07,0.0384314,0.156275,0.942941,0,0.0652941,0.0754118,0.154843,0.0303922,0.244843,0,0.0147255,3.03845,9.33333,17.2157,0.117647
0,0,0,0,0,0,0,0,0,0,0,0,0,0,0,13.33,0,0,0,0,0,0,0,0,0,0,0,0,0,0,0,0,0,0,0,0,0,0,0,0,0,0,0,0,0,0,0,0,0,0,0,0,0,0,2.8805,7.5,11.5,1
0.106325,0.0269658,0.201752,0.00568376,0.177778,0.0705983,0.0820085,0.132564,0.0194017,0.171624,0.0336325,0.531709,0.0996581,0.00606838,0.0377778,0.117564,0.126538,0.218376,1.45479,0.00897436,0.622137,0,0.0359829,0.0323932,0.927009,0.393761,0.213761,0.278462,0.0898291,0.194872,0.0771368,0.0507265,0.273718,0.0507265,0.185641,0.142521,0.321966,0.00803419,0.128162,0.0579915,0.0459402,0.114786,0.109786,0.127821,0.325342,0.273077,0.00534188,0.035641,0.0201239,0.190038,0.024,0.236124,0.0494829,0.0833205,2.19932,11.4701,66.3718,0.299145
0.130553,0.126037,0.267512,0,0.222765,0.0601382,0.144654,0.0756682,0.00801843,0.22235,0.0537788,0.625115,0.0660369,0,0.0365899,0.21212,0.0861751,0.178664,1.63152,0.019447,0.560323,0,0.0511521,0.021106,0.715069,0.409078,0.217512,0.223687,0.147097,0.251152,0.119401,0.0760829,0.168618,0.0760829,0.258387,0.12788,0.190968,0.00368664,0.160737,0.075023,0.0500922,0.197327,0.0428571,0.0911982,0.20894,0.305069,0,0.0281106,0.0112074,0.146912,0.00472811,0.220438,0.0184055,0.0749124,2.09297,9.98157,52.7189,0.253456
0.100204,0.124541,0.258776,0,0.37,0.102143,0.14602,0.117347,0.0319388,0.239286,0.0721939,0.606224,0.06,0.0371429,0.0693367,0.340204,0.127857,0.197041,1.72398,0.0261224,0.807296,0.0240816,0.0821429,0.092449,0.689286,0.422092,0.251837,0.28199,0.0971939,0.142296,0.087449,0.0987755,0.0834184,0.0987755,0.132041,0.185612,0.156224,0.010051,0.117143,0.0744898,0.0442347,0.0495408,0.102959,0.157092,0.22949,0.273929,0.0118367,0.0260204,0.0229184,0.151316,0.0155102,0.180087,0.0531684,0.0490255,2.20365,12.2908,98.0051,0.352041
0.151343,0.146716,0.826866,0.00283582,0.707612,0.520149,0.272836,0.136716,0.56597,0.458209,0.203284,0.601194,0.150746,0.0797015,0.967015,0.304776,0.11209,0.760149,1.5091,0.820448,0.926119,0.0862687,0.517612,0.144478,0.051194,0.00134328,0.021791,0.00716418,0,0.00865672,0,0,0.00313433,0.00567164,0.00432836,0,0.0129851,0,0,0.0401493,0,0,0.0835821,0.0119403,0.0447761,0.0364179,0,0,0.00285075,0.0761343,0.0011194,0.448209,0.160104,0.019791,108.883,790.104,1415.94,0.985075
0.0410465,0.0772674,0.337093,0,0.278895,0.0218023,0.0552907,0.0346512,0.0188372,0.126279,0.0177326,0.732151,0.0935465,0.0356395,0,0.126977,0.0530233,0.222035,2.2518,0.0294186,0.582558,0,0,0.0215116,0.232326,0.143837,0.399477,0,0.0952907,0.0912791,0,0,0.0672093,0,0.012907,0.0143023,0.0815116,0.0252326,0.0540698,0.0055814,0.00906977,0.269535,0.0423256,0.112965,0.428605,0.130116,0,0.0369767,0.0227616,0.116895,0.0103895,0.148767,0.0107616,0.000715116,1.43658,3.93605,20.2907,0.116279
0.0846053,0.17375,0.325526,0,0.388289,0.182895,0.119342,0.0876974,0.0538816,0.217566,0.0461842,0.588882,0.0678289,0.00348684,0.0101974,0.208355,0.119539,0.162171,1.495,0.0946711,0.982171,0.00815789,0.140987,0.0694079,0.683355,0.343684,0.237697,0.144408,0.107632,0.130197,0.0734211,0.0794737,0.102105,0.0794737,0.119803,0.109079,0.260329,0,0.135461,0.0934868,0.142368,0.0778947,0.121447,0.0285526,0.223421,0.248618,0.00447368,0.0284868,0.0549013,0.160796,0.0234474,0.192112,0.0843816,0.0239079,2.69307,21.3553,164.829,0.434211
0.108205,0.0792308,0.301111,0.00854701,0.343675,0.147607,0.0760684,0.123248,0.065812,0.196154,0.0845299,0.505556,0.095812,0.0120513,0.000769231,0.281368,0.228889,0.249402,1.67983,0.134017,0.762906,0.383761,0.183675,0.0882051,0.495128,0.170171,0.0502564,0.0313675,0.0303419,0.0377778,0.0155556,0.00632479,0.0571795,0.0116239,0.0475214,0.08,0.153419,0.00162393,0.0105983,0.0261538,0.0225641,0.028547,0.0317949,0.0113675,0.156068,0.241197,0,0.0225641,0.0879487,0.133821,0.0242564,0.286103,0.111607,0.0608291,3.89185,48.7094,282.068,0.57265
0.0667647,0,0.317941,0,0.112941,0.105,0,0,0,0.579412,0,0.183824,0,0,0,0.524706,0,0,6.28529,0,0.677353,0,0,0.367647,0.0532353,0,0,0,0,0,0,0,0,0,0,0,0,0,0,0,0,0,0,0,0.520588,0.105,0,0,0.0304118,0.0778529,0,0.0201176,0,0,1.09065,1.23529,4.14706,0.147059
0.19156,0.110092,0.365413,0.00100917,0.32367,0.147523,0.0751376,0.196606,0.303486,0.288807,0.0922936,0.670092,0.0768807,0.104954,0.0742202,0.201651,0.334771,0.0776147,1.35954,0.204679,1.13642,0.288073,0.0855046,0.241927,0.872018,0.170275,0.0234862,0.0101835,0.00477064,0.0217431,0.0163303,0.00385321,0.103303,0.00486239,0.0163303,0.0622936,0.175596,0.0172477,0.0282569,0.0323853,0.0684404,0.103486,0.0142202,0.0144954,0.0498165,0.102752,0.00504587,0.0114679,0.110982,0.195092,0.0145872,0.277349,0.123615,0.0727706,4.15359,69.0917,616.761,0.53211
0,0.05,0.1334,0,0.0952,0,0,0,0.0362,0.154,0,0.073,0.111,0.0588,0,0,0,0.1486,7.1872,0,1.714,0,0,0.195,0.0832,0,1.5624,0,0.074,0,0,0,0.125,0,0,0,0,0,0.0868,0,0,0,0,0.016,1.654,0.4232,0.0434,0.0952,0.00748,0.02956,0.01502,0.21838,0.00676,0,1.26946,2.34,8.68,0.08
0.107375,0.0744583,0.253,0,0.253792,0.064625,0.107917,0.0259167,0.038625,0.150333,0.0327083,0.513833,0.130458,0.047,0.0141667,0.311083,0.102833,0.127083,1.74008,0.0167083,0.568917,0,0.0589167,0.0209583,0.552875,0.369083,0.384083,0.172333,0.159375,0.190458,0.134458,0.102875,0.089625,0.102875,0.197292,0.185458,0.166792,0.00616667,0.113,0.111833,0.0767917,0.211833,0.0731667,0.139042,0.306458,0.124292,0.00425,0.0462083,0.00883333,0.143975,0.020675,0.219225,0.0452292,0.0103625,1.79393,7.26667,40.5,0.183333
0.306625,0.07225,0.394125,0,0.247375,0.023375,0.21925,0.092625,0.052,0.079625,0.31875,0.921,0.059875,0.068,0,0.567375,0.098125,0.235,2.3225,0,3.07163,0,0,0.307125,0.23625,0.099125,0.06125,0.068,0.039,0,0,0,0,0,0.0195,0,0.065875,0,0.028375,0,0,0.074125,0,0.058625,0.14175,0.114375,0,0.030375,0.0038625,0.053525,0,0.421263,0.0879875,0.002375,4.9671,34.0625,63.8375,0.55
0.0722619,0.0686905,0.19869,0,0.338929,0.158095,0.205476,0.035,0.0621429,0.296429,0.032381,0.354286,0.186548,0.0204762,0,0.573452,0.057619,0.158333,2.1494,0.152381,0.814048,0.0658333,0.0236905,0.159286,0.0714286,0.0822619,0.0425,0.0495238,0,0.017619,0,0,0.0441667,0,0.0320238,0.0341667,0.0241667,0,0.00964286,0.0234524,0.00309524,0.0708333,0.00833333,0.0386905,0.308095,0.38381,0,0,0.00866667,0.0499286,0.00230952,0.249167,0.033369,0.274512,4.94231,51.7262,99.3571,0.5
0.063578,0.047156,0.27922,0,0.30789,0.0424312,0.0640826,0.05,0.0314679,0.1,0.0193119,0.761147,0.0718349,0.0325688,0.0108257,0.204954,0.0333028,0.137982,2.03096,0.00307339,0.55711,0,0.0355046,0.115413,0.288991,0.313624,0.307569,0.027156,0.142569,0.0318807,0.0268807,0,0.0827523,0,0.0255505,0.023211,0.196284,0.0112844,0.103303,0.0101835,0.103486,0.309266,0.0283945,0.148165,0.487982,0.182064,0,0.0334404,0.0295688,0.118972,0.0120872,0.201954,0.0277202,0.0156835,1.78094,6.57798,28.8257,0.197248
0.0759355,0.0749677,0.31871,0.0135484,0.383484,0.228968,0.139871,0.155226,0.0303871,0.264323,0.0386452,0.553548,0.100194,0.00896774,0.0134839,0.257806,0.119484,0.183871,1.68439,0.0110968,1.15806,0,0.117355,0.127097,0.594129,0.42,0.216,0.168774,0.105871,0.139935,0.0692258,0.052,0.0948387,0.05,0.121871,0.125548,0.118452,0.00148387,0.0747742,0.0625806,0.0512258,0.0400645,0.0745161,0.0279355,0.267548,0.111226,0.0133548,0.00774194,0.0304452,0.156245,0.0247032,0.203677,0.0548581,0.00950968,2.25808,15.0516,139.561,0.464516
0.30617,0.144894,0.280426,0.0917021,0.0723404,0.106809,0.0193617,0.139787,0.221064,0.399574,0.144681,0.630213,0.341064,0.652766,0.0255319,0.158936,0.276596,0.12,1.86936,0.0476596,0.868511,0.0334043,0.447021,0.28766,0.0951064,0.0604255,0.00510638,0.00148936,0.00212766,0.00382979,0,0,0.309362,0,0,0.0297872,0.176383,0.00148936,0.00659574,0.017234,0.0246809,0.00765957,0.00446809,0.0159574,0.0421277,0.0568085,0.00978723,0.0502128,0.0292553,0.115766,0.00757447,0.24734,0.329319,0.0877872,5.44715,185.447,3357.47,0.744681
0.13027,0.20527,0.424324,0.578514,0.281892,0.116892,0.047027,0.109865,0.267703,0.307162,0.0694595,0.790811,0.207568,0.14,0.129054,0.145541,0.146351,0.182027,1.70027,0.146892,0.948649,0,0.12473,0.169324,0.711757,0.134459,0.0221622,0.0228378,0.0140541,0.0175676,0.0198649,0.00216216,0.0714865,0.00216216,0.0345946,0.0608108,0.0912162,0.00189189,0.0168919,0.0340541,0.00216216,0.100541,0.0344595,0.01,0.0254054,0.00162162,0,0.0208108,0.13827,0.131554,0.0183243,1.00588,0.249932,0.0201757,4.07796,61.6216,754.081,0.581081
0.153478,0.124783,0.265435,0.00804348,0.295435,0.106304,0.0395652,0.230435,0.203696,0.299348,0.0923913,0.540435,0.148261,0.0695652,0.0623913,0.32413,0.210435,0.185652,1.49261,0.128696,0.707826,0.652609,0.261522,0.233478,0.461087,0.0893478,0.00586957,0.00543478,0.00326087,0.023913,0.0104348,0,0.0884783,0.00282609,0.0106522,0.118043,0.160217,0.00934783,0.0213043,0.0245652,0.0193478,0.00326087,0.0073913,0.0245652,0.0297826,0.0973913,0.0023913,0.0397826,0.0394565,0.123587,0.0373696,0.200739,0.163326,0.101739,5.77274,124.522,1677.87,0.543478
0,0,0.03325,0,0.08425,0,0,0,0,0,0,0,0,0,0,0,0,0.24775,0.078,0,0.03325,0,0,0,10.7943,3.128,2.02425,2.272,1.955,2.32625,2.20275,1.955,0,1.955,2.20275,2.20275,0.03325,0.1,0.03325,1.955,0,0.202,0,0,1.00925,0,0,0,0.021625,0.54825,0.0054,0.09045,0,0,3.35467,12.9,28.8,0
0.0830667,0.2392,0.327867,0,0.0870667,0.121867,0.198,0.0898667,0.0652,0.6668,0.0204,0.519467,0.06,0.112,0,0.164133,0,0.0634667,2.42853,0,0.951867,0,0.0298667,0.1372,0.308267,0.145333,0.350133,0.3012,0.116133,0.0436,0.0605333,0,0.0717333,0,0,0.0554667,0.306133,0.00546667,0.478267,0.0554667,0.0445333,0.0986667,0.0250667,0.100267,0.627333,0.313867,0,0.0341333,0.0359867,0.195333,0.01244,0.181067,0.133773,0.0500133,3.19565,19.0133,38.7333,0.373333
0.0562745,0.211569,0.34,0,0.695686,0.183137,1.12078,0.266078,0.232941,0.491765,0.241765,0.650196,0.0303922,0.0209804,0.0180392,0.495686,0.823529,0.298824,2.18118,0.212353,1.67961,0.0168627,0.111765,0.108235,0.0529412,0.0154902,0.129216,0.0390196,0.00980392,0.00490196,0.141961,0,0,0.00568627,0.0664706,0.0103922,0.101176,0,0.0578431,0.372549,0,0.00392157,0,0.0054902,0.17098,0,0,0.0196078,0.0095098,0.149353,0.0116471,0.406412,0.0851961,0.0433333,27.1243,208.529,369.843,0.72549
0,0,0,0,1.28875,0,0,0,0,0,0,3.475,0,0,0,0,0,0,0,0,0,0,0,0,0.80875,0.80875,0,0,9.02375,0,0,0,0,0,0,0,0,0,0,0,0,8.4,0,0,0,0,0,0,0,0,0,0.213,0,0,1.41112,3.375,13.75,0
0.314865,0.276757,0.336486,0.00351351,0.248919,0.0745946,0.0389189,0.149459,0.425676,0.528919,0.214054,0.579189,0.367838,0.723243,0.0859459,0.259189,0.332432,0.11027,2.41297,0.0359459,1.0927,0.0454054,0.393784,0.371622,0.0959459,0.0994595,0.00162162,0.000540541,0.000540541,0,0,0,0.123243,0,0.00189189,0.0321622,0.133784,0.00297297,0.00243243,0.0391892,0.00432432,0.00216216,0.00621622,0.00378378,0.0594595,0.0194595,0.00189189,0.0156757,0.0328378,0.100892,0.0108919,0.335595,0.430541,0.0987568,7.64754,346.757,2344.32,0.864865
0.0786538,0.297308,0.451538,1.74327,0.816538,0.106538,0.583269,0.191538,0.0709615,0.228269,0.130192,0.501923,0.160577,0.0398077,0,0.696923,1.0675,0.334808,2.34981,0.421154,1.92154,0,0.0776923,0.160192,0.0109615,0.0109615,0,0,0,0,0,0,0.00519231,0,0,0.0192308,0.153462,0,0.0459615,0,0,0,0,0,0.0623077,0.0269231,0,0,0.00680769,0.120327,0.0163846,0.62125,0.195692,0.0364231,9.34392,140.192,234.538,0.942308
0.106752,0.132735,0.249744,0.795385,0.394957,0.130427,0.0318803,0.123932,0.224957,0.148462,0.0691453,0.569573,0.124957,0.0321368,0.0186325,0.192222,0.25188,0.131795,1.68906,0.0982906,0.76906,0.453162,0.181624,0.124957,0.599402,0.132393,0.0750427,0.0230769,0.0376923,0.0244444,0.00982906,0.0178632,0.0416239,0.0110256,0.0276068,0.074188,0.116581,0.0462393,0.0222222,0.0311966,0.0212821,0.0395726,0.031453,0.00615385,0.0704274,0.052735,0.00752137,0.0221368,0.154393,0.122009,0.0107607,0.195222,0.103684,0.0542222,4.21847,44.2222,424.889,0.547009
0.166957,0,0.220435,0,0,0,0,0,0,0,0,0.236522,0,0,0,0,0,0,1.6413,0,0.0886957,0,0,0,0,0,0,0,0,0,0,0,0,0,0,0,0,0,0,0,0.206957,0,0,0,0.953043,5.52783,0,0,0.0177391,0.16,0,0.366348,0,0,1.16365,1.65217,8.04348,0
0.07125,0.160875,0.351375,0.0145,0.559875,0.108125,0.262,0.145125,0.068875,0.221625,0.114,0.676375,0.077375,0,0.18575,0.287875,0.278875,0.38725,2.09375,0.35425,1.25225,0.147625,0.280375,0.113375,0.307625,0.141375,0.076375,0.132125,0.029,0.11575,0.029,0.029,0.02,0.029,0.06275,0.053875,0.0815,0,0.135875,0.09375,0.01325,0.035625,0.0045,0,0.18575,0.044625,0,0.004125,0.0032875,0.130987,0.0018,0.29615,0.0896375,0.039025,5.61159,56.2375,143.938,0.6625
0,0,0.4025,0,4.9175,0,0,0,0,0,0,0,0,0,0,0,0,0,0,0,0.4025,0,0,0,0,0,0,0,0.595,0,0,0,0,0,0,0,0,1.8475,0,0,0,5.4775,0,0,0,0,0,0,0,0.0735,0,0,0,0,1.14575,1.375,4.375,0.125
0.131243,0.0992432,0.310324,0,0.338216,0.0757838,0.0236216,0.073027,0.0105946,0.139784,0.00518919,0.510324,0.0758919,0.0987027,0,0.154541,0.0238378,0.177459,1.50341,0.112865,0.520541,0,0.0114595,0.0582703,0.101568,0.0600541,0.47227,0,0.0536216,0.0224865,0,0,0.338,0,0.108108,0.00962162,0.0192973,0.0597838,0.0543243,0.00632432,0.0299459,0.382,0.0372973,0.145892,0.592865,0.179297,0.0157838,0,0.0232811,0.10227,0.00961622,0.295238,0.0078,0,1.42319,3.21622,12.9676,0.0810811
0.07776,0.05616,0.28896,0.00696,0.28168,0.14048,0.07488,0.12544,0.09088,0.20952,0.0464,0.46872,0.10928,0.044,0.0172,0.23848,0.1784,0.1644,1.35792,0.1096,0.7192,0,0.06088,0.09976,0.66032,0.37256,0.13008,0.1412,0.0896,0.118,0.07336,0.03224,0.1244,0.03224,0.09952,0.1064,0.2472,0.00552,0.05896,0.07072,0.0048,0.02448,0.07416,0.07496,0.16392,0.09944,0.00872,0.05488,0.022464,0.193384,0.026768,0.139608,0.049536,0.030984,2.55845,21.192,197.992,0.44
0.181373,0.0788235,0.294069,0,0.451863,0.0707353,0.108676,0.106127,0.039902,0.134608,0.0239706,0.465343,0.0677941,0.012402,0.022402,0.352059,0.198284,0.173529,1.68402,0.0292647,0.878676,0.0328431,0.148039,0.0428922,0.483529,0.351667,0.239412,0.175735,0.0712745,0.110637,0.050049,0.0525,0.0773039,0.0635294,0.137647,0.131225,0.143971,0.00352941,0.112157,0.0587745,0.0312745,0.0305882,0.0811765,0.0594118,0.260931,0.097549,0.000931373,0.0580392,0.0203775,0.141309,0.0201863,0.345034,0.0898039,0.0265147,2.59716,20.3088,118.186,0.509804
0.011745,0,0.017651,0,0.0145638,0.0428188,0,0,0,0.0291275,0,0.187718,0,0.0719463,0,0.035302,0,0.0516107,0.200805,0,0.201678,0,0,0,0.0467785,0.017651,0.43953,0,0,0,0.0838926,0,0,0,0,0,0,0,0.0197315,0,0,0.111946,0,0.563557,0.412013,0,0,0.12302,0.00279195,0.0953087,0.0646644,0.16106,0,0,1.23085,1.75839,5.41611,0.0268456
0.146512,0.224651,0.420698,0,0.533721,0.169535,0.348953,0.122326,0.0652326,0.411512,0.131395,0.687093,0.112442,0.074186,0.052907,0.364884,0.403023,0.284535,1.99791,0.171512,1.17872,0.0189535,0.305349,0.0772093,0.227209,0.0747674,0.0140698,0.123837,0.00697674,0.084186,0.0116279,0.00697674,0.240465,0.00697674,0.111279,0.102442,0.0794186,0.0181395,0.00651163,0.0827907,0,0.042093,0.00604651,0.0172093,0.147209,0.0617442,0,0,0.0133488,0.0960698,0.00117442,0.52464,0.112965,0.0164535,5.14323,75.3372,198.802,0.732558
0,0,0,0,0.476,0,0,0.740667,0,0,0,0,0,0,0,0,0,0,1.382,0,0.740667,0,0,0,0,0,0,0,0,0,0,0,0,0,0,0,0,0,0.740667,0,0,0,0,0,11.172,0,0,0,0,0.152333,0,0.6172,0,0,1.32433,2.53333,7.13333,0.0666667
