0,0,0,0,0,0,0,0,0,0,0,0,0,0,0,0,0,0,0,0,0,0,0,0,0,0,33.33,0,0,0,0,0,0,0,0,0,0,0,0,0,0,0,0,0,0,0,0,0,0,0,0,0,0,0,1,1,3,0
0.079404,0.063245,0.333377,0.00576159,0.30596,0.163311,0.0915894,0.131391,0.0836424,0.186026,0.0536424,0.484371,0.100927,0.0355629,0.0172848,0.254238,0.166093,0.154238,1.39219,0.140795,0.767351,0,0.119338,0.0876821,0.703907,0.410927,0.122318,0.122185,0.0778146,0.12106,0.043245,0.0286093,0.101192,0.0286093,0.0915232,0.0975497,0.241457,0.00456954,0.0712583,0.0629801,0.109603,0.017351,0.0709272,0.0394702,0.160662,0.244238,0.00721854,0.0465563,0.0499934,0.168669,0.0221854,0.139748,0.0777616,0.033106,2.53633,21.6887,192.272,0.437086
0.0918557,0.0865464,0.253711,0,0.414021,0.105,0.132113,0.107835,0.0378866,0.192887,0.0773196,0.591443,0.0675258,0.0309278,0.0629897,0.31933,0.166804,0.223505,1.75866,0.0247938,0.922216,0.0243299,0.0709794,0.0696392,0.667371,0.369072,0.248608,0.236134,0.0910825,0.143866,0.0640722,0.0790206,0.0595876,0.0790206,0.115773,0.170206,0.138454,0.0101546,0.128041,0.0701031,0.0419072,0.0452577,0.105619,0.118969,0.254381,0.258041,0.0119588,0.0198969,0.0246804,0.14551,0.0141082,0.207031,0.0597423,0.0501701,2.23557,13.232,102.933,0.402062
0,0,0,0,0,0,0,0,0,0,0,0,0,0,0,0,0,0,2.96143,0,0,0,0,0,0,0,0,0,0,0,0,0,0,0,0,0,0,0,1.58714,0,0,0,0,0,15.8071,0,0,0,0,0.326429,0,1.32257,0,0,1.43271,2.85714,7.71429,0
0.219062,0.405938,0.650312,0.0734375,0.365938,0.18125,0.319688,0.125625,0.314063,0.860625,0.215625,0.77125,0.14375,0.096875,0.270625,0.930625,0.3275,0.23875,1.85531,0.145,1.52562,0.0053125,0.193438,0.223438,0.299375,0.13875,0.0075,0,0,0.0228125,0,0,0.0421875,0,0.0225,0.0146875,0.12125,0.026875,0.0075,0.0228125,0,0.0228125,0.010625,0.0153125,0.110625,0.0446875,0,0.0240625,0.0094375,0.125656,0.00465625,0.753812,0.231156,0.0675,25.445,340.531,656.719,0.9375
0.096,0.008,0.196,0.008,0.092,0.118,0,0.058,0.058,0.188,0.074,0.082,0.072,0,0.038,0.088,0.078,0.076,0.608,0.008,0.242,1.906,0.138,0.11,0,0,0,0,0,0,0,0,0,0.028,0,0.008,0,0,0.016,0,0,0,0,0,0.038,0,0,0,0.4302,2.0094,0.009,0.3924,0.375,0.4024,57.5034,2297.8,10648.8,1
0.4672,0.7208,0.7428,0.3664,0.3468,0.2716,0.0656,0.4024,0.4188,1.3644,0.0604,1.4292,0.1212,0.2716,0.3344,0.2872,0.1692,0.6348,2.064,0.3444,3.2556,0.0152,0.5196,0.2464,0,0,0,0,0,0,0,0,0.0132,0,0.0508,0.0168,0.0148,0,0,0,0,0,0.0076,0,0.0248,0,0,0,0.027,0.14768,0.06472,0.95372,0.17836,0.06036,39.2918,602.2,882.64,1
0,0,0,0,1.14556,0,0,0,0,0,0,3.08889,0,0,0,0,0,0,0,0,0,0,0,0,0.718889,0.718889,0,0,8.02111,0,0,0,0,0,0,0,0,0,0,0,0,9.05333,0,0,0,0,0,0,0,0,0,0.189333,0,0,1.36544,3.11111,12.6667,0
0.121032,0.0980159,0.27119,0.0996032,0.350794,0.104048,0.0684921,0.110556,0.205794,0.336032,0.0956349,0.771032,0.131111,0.083254,0.0543651,0.19619,0.163492,0.184127,1.5854,0.0738889,0.972222,0.591508,0.200079,0.10746,0.60254,0.182937,0.0169841,0.0238095,0.015873,0.0289683,0.00849206,0.00150794,0.105079,0.00642857,0.0279365,0.066746,0.126905,0.012619,0.0150794,0.00698413,0.0464286,0.0719048,0.00738095,0.0150794,0.0692857,0.235,0.0203175,0.0185714,0.0377937,0.140659,0.0177698,0.223365,0.0743651,0.080754,4.45874,58.9206,515.238,0.603175
0.30617,0.144894,0.280426,0.0917021,0.0723404,0.106809,0.0193617,0.139787,0.221064,0.399574,0.144681,0.630213,0.341064,0.652766,0.0255319,0.158936,0.276596,0.12,1.86936,0.0476596,0.868511,0.0334043,0.447021,0.28766,0.0951064,0.0604255,0.00510638,0.00148936,0.00212766,0.00382979,0,0,0.309362,0,0,0.0297872,0.176383,0.00148936,0.00659574,0.017234,0.0246809,0.00765957,0.00446809,0.0159574,0.0421277,0.0568085,0.00978723,0.0502128,0.0292553,0.115766,0.00757447,0.24734,0.329319,0.0877872,5.44715,185.447,3357.47,0.744681
0.0562745,0.211569,0.34,0,0.695686,0.183137,1.12078,0.266078,0.232941,0.491765,0.241765,0.650196,0.0303922,0.0209804,0.0180392,0.495686,0.823529,0.298824,2.18118,0.212353,1.67961,0.0168627,0.111765,0.108235,0.0529412,0.0154902,0.129216,0.0390196,0.00980392,0.00490196,0.141961,0,0,0.00568627,0.0664706,0.0103922,0.101176,0,0.0578431,0.372549,0,0.00392157,0,0.0054902,0.17098,0,0,0.0196078,0.0095098,0.149353,0.0116471,0.406412,0.0851961,0.0433333,27.1243,208.529,369.843,0.72549
0.0223077,0.088,0.138154,0,0.246769,0.0367692,0.217692,0.0452308,0.02,0.205846,0,0.472,0.177385,0.048,0,0.501538,0.052,0.303077,2.82892,0.179231,1.21338,0.0850769,0,0.05,0.254923,0.124,0.04,0.0230769,0,0,0,0,0,0,0.0230769,0.00984615,0,0,0,0,0,0.134769,0,0.0516923,0.384308,0.410462,0,0,0.0152615,0.0292,0,0.165538,0.0255385,0.0496923,5.01668,48.0769,82.6,0.415385
0.0690789,0.181974,0.366447,0.0152632,0.562237,0.113816,0.227237,0.152763,0.0615789,0.219868,0.085,0.765658,0.0814474,0,0.188553,0.292632,0.285132,0.390526,2.14487,0.364868,1.35053,0.155395,0.284079,0.154737,0.297632,0.14,0.0601316,0.125526,0.0238158,0.115132,0.0238158,0.0238158,0.0210526,0.0238158,0.0418421,0.0593421,0.0925,0,0.143026,0.109211,0.0139474,0.0306579,0.00473684,0,0.152237,0.0469737,0,0.00434211,0.00346053,0.121974,0.000855263,0.304645,0.0920395,0.0334605,5.56589,54.7895,146.934,0.684211
0.0675676,0.0463063,0.276757,0,0.307477,0.0416667,0.0629279,0.0490991,0.0309009,0.0981982,0.018964,0.766667,0.0705405,0.031982,0.0106306,0.201261,0.0327027,0.147973,1.99694,0.00301802,0.54964,0,0.0348649,0.113333,0.343604,0.321396,0.31964,0.0516216,0.150315,0.0562613,0.0388739,0,0.0864414,0,0.0375676,0.0352703,0.192748,0.0110811,0.101441,0.01,0.101622,0.303694,0.0278829,0.153288,0.465586,0.178784,0,0.0443694,0.029036,0.11823,0.0118694,0.201482,0.0272207,0.0154009,1.7843,6.63063,28.8243,0.193694
0.1055,0.08025,0.300833,0.00833333,0.335083,0.148333,0.0864167,0.120167,0.0641667,0.19425,0.0868333,0.5135,0.0948333,0.01175,0.00075,0.27875,0.228917,0.256667,1.65758,0.130667,0.751333,0.374167,0.182083,0.093,0.503417,0.17375,0.049,0.0334167,0.031,0.0368333,0.0151667,0.00616667,0.05575,0.0113333,0.0491667,0.078,0.151,0.00158333,0.0103333,0.0269167,0.022,0.0321667,0.031,0.0110833,0.160583,0.235167,0,0.0248333,0.0886417,0.138692,0.02365,0.282008,0.109325,0.060325,3.88088,48,281.825,0.566667
0.13027,0.20527,0.424324,0.578514,0.281892,0.116892,0.047027,0.109865,0.267703,0.307162,0.0694595,0.790811,0.207568,0.14,0.129054,0.145541,0.146351,0.182027,1.70027,0.146892,0.948649,0,0.12473,0.169324,0.711757,0.134459,0.0221622,0.0228378,0.0140541,0.0175676,0.0198649,0.00216216,0.0714865,0.00216216,0.0345946,0.0608108,0.0912162,0.00189189,0.0168919,0.0340541,0.00216216,0.100541,0.0344595,0.01,0.0254054,0.00162162,0,0.0208108,0.13827,0.131554,0.0183243,1.00588,0.249932,0.0201757,4.07796,61.6216,754.081,0.581081
0.0786538,0.297308,0.451538,1.74327,0.816538,0.106538,0.583269,0.191538,0.0709615,0.228269,0.130192,0.501923,0.160577,0.0398077,0,0.696923,1.0675,0.334808,2.34981,0.421154,1.92154,0,0.0776923,0.160192,0.0109615,0.0109615,0,0,0,0,0,0,0.00519231,0,0,0.0192308,0.153462,0,0.0459615,0,0,0,0,0,0.0623077,0.0269231,0,0,0.00680769,0.120327,0.0163846,0.62125,0.195692,0.0364231,9.34392,140.192,234.538,0.942308
0.162731,0.0849537,0.315833,0.00597222,0.417824,0.102963,0.12125,0.133148,0.0364815,0.172778,0.0316667,0.425417,0.0782407,0.00337963,0.0294907,0.324583,0.136898,0.156898,1.71639,0.0338889,0.844398,0.0310185,0.151898,0.0488426,0.490185,0.376528,0.227824,0.1825,0.091713,0.108426,0.0583333,0.0586111,0.0846296,0.0675926,0.14412,0.130324,0.140972,0.00333333,0.110093,0.0596296,0.0393519,0.0495833,0.0775926,0.0456944,0.26963,0.142963,0.0012963,0.0532407,0.0228333,0.137444,0.0225324,0.341903,0.0824074,0.0260833,2.58222,19.8194,123.838,0.481481
0.0241584,0.060198,0.284208,0,0.278069,0.0185644,0.0695545,0.0493069,0.0160396,0.181485,0.015099,0.772228,0.0796535,0.0928713,0,0.138911,0.0451485,0.196337,2.07094,0.0360396,0.469653,0,0,0.0705941,0.233069,0.135149,0.359901,0.0505941,0.0888119,0.106832,0,0,0.0515347,0,0.0591089,0.0121782,0.0694059,0.0214851,0.0920792,0.00475248,0.0841584,0.243366,0.0360396,0.0973267,0.387871,0.207475,0,0.0479703,0.0384208,0.12552,0.010698,0.163995,0.00916337,0.00432673,1.70612,4.99505,20.1139,0.128713
0.0360317,0.0396825,0.199206,0,0,0.0566667,0,0,0.0287302,0.323333,0,0.164762,0.0880952,0,0,0.122063,0,0,7.54,0,0.629365,0,0,0.353175,0.0287302,0,1.05841,0,0,0,0,0,0.0992063,0,0,0,0,0,0.0688889,0,0,0,0,0,1.33095,0.663175,0,0.0755556,0.0181111,0.040127,0,0.139286,0,0,1.16538,1.68254,6.50794,0.0793651
0.153478,0.124783,0.265435,0.00804348,0.295435,0.106304,0.0395652,0.230435,0.203696,0.299348,0.0923913,0.540435,0.148261,0.0695652,0.0623913,0.32413,0.210435,0.185652,1.49261,0.128696,0.707826,0.652609,0.261522,0.233478,0.461087,0.0893478,0.00586957,0.00543478,0.00326087,0.023913,0.0104348,0,0.0884783,0.00282609,0.0106522,0.118043,0.160217,0.00934783,0.0213043,0.0245652,0.0193478,0.00326087,0.0073913,0.0245652,0.0297826,0.0973913,0.0023913,0.0397826,0.0394565,0.123587,0.0373696,0.200739,0.163326,0.101739,5.77274,124.522,1677.87,0.543478
0.0796748,0.125447,0.325935,0.0097561,0.40122,0.105691,0.103902,0.139268,0.0515447,0.310569,0.0634146,0.514146,0.188211,0.0329268,0.087561,0.18252,0.137724,0.249512,1.43309,0.0592683,0.848211,0.191626,0.15,0.0782114,0.60626,0.306098,0.179268,0.128862,0.093252,0.115935,0.0863415,0.0661789,0.0848781,0.0661789,0.0843902,0.104472,0.188374,0.0129268,0.0879675,0.0866667,0.0155285,0.0401626,0.0761789,0.103008,0.126016,0.0570732,0,0.0230081,0.0389024,0.17348,0.0253902,0.177236,0.110707,0.0528293,3.04126,27.6016,242.041,0.528455
0,0,0,0,0,0,0,0,0,0,0,0,0,0,0,0,0,0,6.66,0,0,0,0,0,0,0,0,0,0,0,0,0,0,0,0,0,0,0,0,0,0,0,0,0,6.66,0,0,0,0,0,0,32.478,0,0,1.666,3,5,0
0.19156,0.110092,0.365413,0.00100917,0.32367,0.147523,0.0751376,0.196606,0.303486,0.288807,0.0922936,0.670092,0.0768807,0.104954,0.0742202,0.201651,0.334771,0.0776147,1.35954,0.204679,1.13642,0.288073,0.0855046,0.241927,0.872018,0.170275,0.0234862,0.0101835,0.00477064,0.0217431,0.0163303,0.00385321,0.103303,0.00486239,0.0163303,0.0622936,0.175596,0.0172477,0.0282569,0.0323853,0.0684404,0.103486,0.0142202,0.0144954,0.0498165,0.102752,0.00504587,0.0114679,0.110982,0.195092,0.0145872,0.277349,0.123615,0.0727706,4.15359,69.0917,616.761,0.53211
0.0782955,0.0922727,0.200682,0,0.220114,0.0375,0.146932,0.367841,0.124886,0.153409,0.0326136,0.254886,0.00465909,0.212386,0,0.497386,0.199545,0.126023,1.10966,0.0346591,0.723409,0.0332955,0.218523,0.0698864,0.305568,0.280455,0.176932,0.0856818,0,0.0378409,0.0178409,0.0268182,0.0519318,0.0268182,0.0603409,0.117045,0.115341,0,0.0257955,0.0179545,0,0.00863636,0.0154545,0.0214773,0.373523,0.0310227,0,0.0188636,0.00686364,0.150989,0.0109432,0.399636,0.118432,0.00693182,3.64148,26.0227,83.4773,0.738636
0.151343,0.146716,0.826866,0.00283582,0.707612,0.520149,0.272836,0.136716,0.56597,0.458209,0.203284,0.601194,0.150746,0.0797015,0.967015,0.304776,0.11209,0.760149,1.5091,0.820448,0.926119,0.0862687,0.517612,0.144478,0.051194,0.00134328,0.021791,0.00716418,0,0.00865672,0,0,0.00313433,0.00567164,0.00432836,0,0.0129851,0,0,0.0401493,0,0,0.0835821,0.0119403,0.0447761,0.0364179,0,0,0.00285075,0.0761343,0.0011194,0.448209,0.160104,0.019791,108.883,790.104,1415.94,0.985075
0,0,0.357778,0,6.97,0,0,0,0,0,0,0,0,0,0,0,0,0,0,0,0.357778,0,0,0,1.11111,0,0,0,0.528889,0,0,0,0,0,0,0,0,1.64222,0,0,0,2.17111,0,0,0.793333,0,0,0,0,0.0653333,0,0,0,0,1.27033,2.11111,5.33333,0.111111
0.102553,0.14617,0.308511,0,0.58383,0.196383,0.264468,0,0.0957447,0.290851,0.122128,0.237872,0.19,0.0365957,0.0112766,0.645319,0.0848936,0.234043,1.97532,0.135532,0.831489,0,0.047234,0.229362,0.119574,0.053617,0.0759574,0.0565957,0,0.0314894,0,0,0.0789362,0,0.0425532,0.0474468,0.0557447,0,0.017234,0.0289362,0.00553191,0.0344681,0.0148936,0.0410638,0.259149,0.265319,0,0,0.000957447,0.0793191,0.00580851,0.292191,0.0505532,0.424,5.31464,57.9149,113.277,0.574468
0.0325,0,0.0385465,0,0.0349419,0.017093,0,0,0,0.0252326,0,0.166047,0.00813953,0.0423256,0,0.052093,0,0.0528488,0.408314,0,0.0418023,0,0,0,0.0405233,0.0152907,0.520988,0,0,0,0.0726744,0,0,0,0,0,0,0,0.017093,0,0,0.155116,0,0.120058,0.651686,0.395407,0,0.10657,0.013343,0.103855,0.0560174,0.176023,0,0,1.20506,1.69767,5.51163,0.0232558
0,0,0,0,0,0,0,0,0,0,0,0,0,0,0,0,0,0,0,0,0,0,0,0,0,0,0,0,0,0,0,0,0,0,0,0,0,0,0,0,0,0,0,15.83,0,0,0,0,0,0,0,0,0,0,1.475,2.5,5.25,0
0.0928986,0.0873913,0.265942,0.277681,0.258841,0.0771014,0.065942,0.0634783,0.295217,0.362899,0.0817391,0.461304,0.134783,0.145797,0.093913,0.283913,0.0591304,0.246812,1.34826,0.248696,0.882464,0.87,0.0985507,0.0943478,0.372899,0.174783,0.0310145,0.0185507,0.00855072,0.016087,0.0324638,0.00130435,0.0776812,0.00130435,0.10058,0.0236232,0.166522,0.00057971,0.0166667,0.0389855,0.00971014,0.0353623,0.00869565,0.0111594,0.0413043,0.0491304,0.015942,0.0382609,0.0344928,0.153725,0.0202754,0.224087,0.127522,0.104116,6.15028,101.159,1231.72,0.594203
0,0,0,0,0,0,0,0,0,0,0,0,0,0,0,0.338983,0,0,0,0,0,0,0,0,0,0.121017,19.6944,0,0,0,0,0,0,0,0,0,0,0,0,0,0,0.188305,0,0,0.0564407,0,0,0,0,0.0297288,0,0.00973729,0,0,1.21508,1.70339,5.54237,0
0.133672,0.136484,0.386172,0.0219531,0.312422,0.0721875,0.108438,0.157344,0.111719,0.328125,0.0682031,0.490625,0.0964844,0.0399219,0.0625,0.3,0.218594,0.245547,1.63656,0.184687,0.954687,0.712266,0.149922,0.0798437,0.511328,0.221875,0.0849219,0.0850781,0.0550781,0.0625781,0.0483594,0.0217187,0.0452344,0.0217187,0.0632812,0.0599219,0.176016,0.00679687,0.0400781,0.0689063,0.0253125,0.0457813,0.0435937,0.0560938,0.134844,0.190703,0.0226562,0.0479688,0.262133,0.152297,0.0141797,0.310828,0.158695,0.169977,4.37123,54.3047,341.898,0.5625
0,14.1478,0,0,0,0,0,0,0,0.132222,0,0,0,0,0,0,0,0,0,0,0,0,0,0,0,0,0,0,0,0,0,0,0,0,0,0,0,0,0,0,0,0,0,0,0.132222,0,0,0,0,0,0,0,0,0,1.77778,4.88889,9.02778,0
0,0,0,0,0.1868,0,0,0,0,0,0,0.1108,0,0,0,0,0,0.2856,0.3408,0,0.1052,0,0,0,7.6416,4.1664,3.4464,3.732,3.5576,3.8188,3.732,3.4464,0,3.4464,3.732,3.732,0,0,0,3.4464,0,0.1632,0,0.1052,0,0,0,0,0,0.9846,0,0.09108,0,0,3.0534,11,32.16,0
0.146512,0.224651,0.420698,0,0.533721,0.169535,0.348953,0.122326,0.0652326,0.411512,0.131395,0.687093,0.112442,0.074186,0.052907,0.364884,0.403023,0.284535,1.99791,0.171512,1.17872,0.0189535,0.305349,0.0772093,0.227209,0.0747674,0.0140698,0.123837,0.00697674,0.084186,0.0116279,0.00697674,0.240465,0.00697674,0.111279,0.102442,0.0794186,0.0181395,0.00651163,0.0827907,0,0.042093,0.00604651,0.0172093,0.147209,0.0617442,0,0,0.0133488,0.0960698,0.00117442,0.52464,0.112965,0.0164535,5.14323,75.3372,198.802,0.732558
0.0935648,0.0274074,0.22125,0.00615741,0.150972,0.0764815,0.0710185,0.146157,0.0230556,0.177639,0.0216204,0.530139,0.101898,0.00106481,0.0344444,0.111528,0.118519,0.218981,1.48676,0.00615741,0.611019,0,0.0350926,0.0225926,0.986991,0.42037,0.229583,0.312593,0.0934722,0.215787,0.0835648,0.051713,0.28625,0.051713,0.20375,0.130463,0.27125,0.0087037,0.131852,0.0820833,0.0505093,0.120926,0.112454,0.13375,0.326759,0.274074,0.00398148,0.0363426,0.0158981,0.187315,0.0259028,0.205449,0.0554676,0.0909722,2.13596,10.9815,65.713,0.277778
0.425405,0.103919,0.412838,0,0.257297,0.0721622,0.164595,0.0752703,0.0251351,0.138784,0.355946,0.87473,0,0.0474324,0.0189189,0.30027,0.142838,0.109865,1.43203,0,2.86486,0,0,0.318514,0.175135,0.173649,0.121486,0.114459,0.0421622,0.0544595,0,0.0774324,0.0160811,0.0774324,0.0372973,0.0363514,0.242432,0,0.0510811,0,0,0.0745946,0.0189189,0.0156757,0.114324,0.133514,0,0.0328378,0.0164865,0.144608,0.00277027,0.529392,0.0730541,0.00256757,4.16015,25.2973,58.9865,0.540541
0,0,0,0,0,0,0,0,0,0,0,0,0,0,0,0,0,0,0,0,0,0,0,0,8.42583,4.735,0.925833,0,0,0,0,0,0,0,0,0.640833,0,0,0,0,0,1.2075,0,0.1125,0,0,0,0,0,0,0,0,0,0,1.384,2.33333,6.25,0
0.238947,0.238947,0.114211,0,0.250526,0.181053,0,0.584737,0,0.37,0,0.187895,0,0.335789,0,0.578421,0,0.592632,3.05,0,6.65158,0,0,0.478421,0,0,0.752105,0,0.194737,0,0,0,0,0,0,0,0,0,0,0,0,0,0,0,1.01579,0.0952632,0.114211,0,0,0.0567368,0,0.384579,0,0,1.201,2.10526,8.10526,0.210526
0,0,0.0886667,0,0.0886667,0,0,0,0,0,0,0,0,0,0,0,0,0,0,0,0.0886667,0,0,0,15.7507,1.55867,0,0,0,0,0,0,0,0,0,0,0.0886667,0.266667,0.0886667,0,0,0.266667,0,0,2.69133,0,0,0,0.0576667,0,0.0144,0.0748667,0,0,3.99413,16.2667,25.6667,0
0.106752,0.132735,0.249744,0.795385,0.394957,0.130427,0.0318803,0.123932,0.224957,0.148462,0.0691453,0.569573,0.124957,0.0321368,0.0186325,0.192222,0.25188,0.131795,1.68906,0.0982906,0.76906,0.453162,0.181624,0.124957,0.599402,0.132393,0.0750427,0.0230769,0.0376923,0.0244444,0.00982906,0.0178632,0.0416239,0.0110256,0.0276068,0.074188,0.116581,0.0462393,0.0222222,0.0311966,0.0212821,0.0395726,0.031453,0.00615385,0.0704274,0.052735,0.00752137,0.0221368,0.154393,0.122009,0.0107607,0.195222,0.103684,0.0542222,4.21847,44.2222,424.889,0.547009
0.314865,0.276757,0.336486,0.00351351,0.248919,0.0745946,0.0389189,0.149459,0.425676,0.528919,0.214054,0.579189,0.367838,0.723243,0.0859459,0.259189,0.332432,0.11027,2.41297,0.0359459,1.0927,0.0454054,0.393784,0.371622,0.0959459,0.0994595,0.00162162,0.000540541,0.000540541,0,0,0,0.123243,0,0.00189189,0.0321622,0.133784,0.00297297,0.00243243,0.0391892,0.00432432,0.00216216,0.00621622,0.00378378,0.0594595,0.0194595,0.00189189,0.0156757,0.0328378,0.100892,0.0108919,0.335595,0.430541,0.0987568,7.64754,346.757,2344.32,0.864865
0.0841892,0.242432,0.305811,0,0.0882432,0.123514,0.25473,0.0910811,0.0660811,0.675811,0.0206757,0.438919,0.0608108,0.113514,0,0.166351,0,0.0643243,2.46135,0,0.96473,0,0.0302703,0.139054,0.285946,0.0943243,0.354865,0.30527,0.117703,0.0177027,0.0613514,0,0.0727027,0,0,0.0562162,0.31027,0.00554054,0.48473,0.0562162,0.0451351,0.1,0.0254054,0.101622,0.635811,0.318108,0,0,0.036473,0.191541,0.0126081,0.176959,0.135581,0.0506892,3.27132,18.9865,38.8108,0.391892
0.0948858,0.0749772,0.279635,0,0.257169,0.0640183,0.0199543,0.0698174,0.00894977,0.118082,0.00438356,0.534201,0.0577169,0.083379,0,0.231553,0.020137,0.126027,1.51333,0.0953425,0.376895,0,0.00968036,0.0077169,0.104795,0.0507306,0.577443,0,0.0452968,0.0189954,0,0,0.285525,0,0.0913242,0.00812785,0.0244292,0.0505023,0.0458904,0.00534247,0.177443,0.327443,0.0478082,0.126895,0.613242,0.465753,0.0133333,0.0380365,0.0196667,0.100511,0.0169224,0.267205,0.00813242,0,1.57769,3.6347,13.0183,0.0821918
0.115347,0.10901,0.218069,0.00668317,0.297822,0.0575248,0.0941584,0.0977228,0.0310396,0.376337,0.054901,0.620495,0.110743,0.0117822,0.0302475,0.129554,0.0941089,0.133366,1.63277,0.0470297,0.549505,0.00287129,0.049604,0.0675743,0.681436,0.431386,0.30203,0.347129,0.122525,0.174851,0.108267,0.0866832,0.103812,0.0866832,0.169703,0.182772,0.200743,0.0049505,0.145149,0.0890099,0.0317327,0.069703,0.11599,0.118663,0.25396,0.158168,0.0120792,0.0410396,0.0240149,0.184698,0.0142327,0.232139,0.0317475,0.014396,2.15396,10.9307,82.005,0.262376
0.124369,0.15301,0.389223,0.138932,0.297961,0.119612,0.088835,0.185922,0.42767,0.51534,0.123107,0.532718,0.128447,0.0634951,0.135728,0.270291,0.145631,0.371553,1.42854,0.176796,0.934078,0.91165,0.12466,0.198058,0.470777,0.150583,0.0302913,0.0246602,0.00553398,0.0266019,0.0197087,0.00184466,0.122816,0.00368932,0.124757,0.0316505,0.136505,0.00174757,0.0326214,0.0313592,0.00932039,0.0270874,0.00524272,0.0121359,0.0366019,0.0365049,0.00640777,0.0286408,0.0586214,0.106913,0.043534,0.362107,0.180175,0.104767,4.71909,77.699,971.097,0.68932
0.103663,0.105347,0.268168,0,0.199752,0.0474257,0.135594,0.0812871,0.00777228,0.227426,0.0610396,0.644158,0.0694554,0,0.0393069,0.212772,0.074802,0.200248,1.67584,0.0208911,0.551782,0,0.0549505,0.0226733,0.722178,0.419158,0.203069,0.221832,0.162079,0.262129,0.136485,0.0568317,0.197475,0.0568317,0.272574,0.145594,0.206832,0.0039604,0.189158,0.06,0.0661881,0.204158,0.0527228,0.095297,0.216089,0.334703,0,0.030198,0.0120396,0.143144,0.00462376,0.214455,0.0178218,0.0804752,2.04128,9.40099,52.1386,0.237624
0.111078,0.0770259,0.254569,0,0.247672,0.0668534,0.111638,0.0268103,0.0371121,0.151983,0.0309914,0.513793,0.130302,0.0486207,0.0146552,0.313276,0.106379,0.115776,1.73302,0.0172845,0.565,0,0.0609483,0.021681,0.488922,0.334526,0.359483,0.13681,0.115043,0.152026,0.0976293,0.0721121,0.0784914,0.0721121,0.162629,0.150388,0.167888,0.00637931,0.102543,0.0813793,0.0653879,0.215603,0.0698707,0.1325,0.309914,0.114526,0.00439655,0.0478017,0.00913793,0.134409,0.0207414,0.224168,0.0467888,0.0107198,1.77663,7.22414,40.3793,0.189655
0.0841429,0.115619,0.290524,0.00385714,0.402571,0.213238,0.120905,0.100048,0.0461905,0.245048,0.0309048,0.582905,0.0808571,0.00914286,0.00461905,0.236381,0.133571,0.176143,1.49324,0.0117143,1.14752,0.00590476,0.108524,0.109667,0.653429,0.372048,0.254286,0.155857,0.115762,0.143143,0.0799524,0.0752857,0.118571,0.0752857,0.129143,0.110286,0.198571,0.00109524,0.0950952,0.0835714,0.0533333,0.051,0.114143,0.019619,0.245714,0.0847619,0.0126667,0.0177619,0.0308524,0.177814,0.0291857,0.167886,0.0607905,0.0139476,2.43451,17.3048,153.057,0.447619
