0.0868727,0.154101,0.348801,0.136685,0.433483,0.133614,0.193015,0.12897,0.07,0.267191,0.0740075,0.551049,0.126255,0.0356554,0.0384644,0.27633,0.288127,0.253483,1.66596,0.121742,0.989195,0.0962921,0.166105,0.0913483,0.488895,0.239569,0.11706,0.104925,0.0631648,0.0946255,0.0457303,0.037191,0.1147,0.0377903,0.0805243,0.0933521,0.173015,0.00719101,0.0582022,0.0750562,0.0407116,0.038427,0.0621161,0.0398315,0.152772,0.109551,0.0020412,0.0252996,0.0403165,0.144627,0.0173951,0.277777,0.105762,0.0355955,3.86917,44.0262,209.112,0.569288
0.0832424,0.338832,0.217757,0,0.223865,0.0465011,0.0681114,0.0546452,0.0180786,0.154269,0.0310699,0.499995,0.0596397,0.0443231,0.00809498,0.19137,0.042893,0.131212,1.64928,0.0206059,0.593843,0,0.0207751,0.0634007,0.624427,0.298553,1.7394,0.144105,0.168564,0.139443,0.0983679,0.0685098,0.114028,0.0685098,0.139056,0.108504,0.11167,0.0224945,0.102374,0.0747871,0.0645852,0.261474,0.0343996,0.134951,0.499503,0.246086,0.00333515,0.0395142,0.0178543,0.124593,0.015494,0.215491,0.0255164,0.0247969,1.84847,6.86135,28.0955,0.158297
0.110357,0.120536,0.364107,0.00607143,0.271339,0.0933036,0.0882143,0.14375,0.353571,0.464554,0.115089,0.460982,0.13375,0.100536,0.105536,0.314107,0.10875,0.318571,1.38607,0.231786,0.943929,0.714375,0.0864286,0.174375,0.37875,0.145536,0.0247321,0.0235714,0.00241071,0.0234821,0.0266964,0.000803571,0.0746429,0.00339286,0.161071,0.0241071,0.154375,0.00160714,0.0238393,0.0410714,0.0127679,0.0391964,0.00517857,0.0153571,0.0472321,0.0551786,0.0151786,0.0317857,0.0440625,0.118116,0.0335446,0.344286,0.187473,0.0874821,5.08379,82.7857,1064.04,0.6875
0.112749,0.138129,0.33883,0.335351,0.337573,0.11614,0.240819,0.164561,0.149357,0.290088,0.106111,0.524269,0.086462,0.025848,0.032193,0.326579,0.295088,0.233041,1.67287,0.189357,0.997924,0.465877,0.132339,0.101228,0.497573,0.175146,0.0897661,0.0532164,0.04,0.0426023,0.0479532,0.0127485,0.0412281,0.0144737,0.057076,0.0556725,0.166404,0.0176608,0.0382164,0.0933333,0.0244737,0.0341813,0.0303509,0.0275146,0.129211,0.172251,0.00847953,0.0276316,0.156234,0.1485,0.018886,0.290725,0.115345,0.100637,7.86398,77.7807,350.778,0.570175
0.298125,0.181875,0.3075,0.2775,0.0925,0.10625,0.02875,0.13875,0.2825,0.400625,0.14625,0.635,0.331875,0.705625,0.005,0.140625,0.279375,0.06875,1.94375,0.000625,0.855,0.018125,0.543125,0.241875,0.1175,0.120625,0.00625,0.0025,0.0025,0,0,0,0.39375,0,0,0.033125,0.341875,0.003125,0.003125,0.009375,0.02,0.00625,0.009375,0.01125,0.033125,0.071875,0.00625,0.0775,0.0569375,0.105688,0.015375,0.245375,0.442875,0.0969375,5.15481,137.875,2987.5,0.625
0.113333,0.187059,0.747451,0,0.651765,0.631569,0.314314,0.122353,0.58451,0.297451,0.261961,0.71549,0.186667,0.104706,1.14588,0.342353,0.158627,0.894118,1.70216,0.967255,0.96,0.113333,0.629804,0.159804,0.00176471,0.00176471,0,0,0,0,0,0,0.00705882,0,0.00568627,0,0,0,0,0.0298039,0,0,0.111569,0.0156863,0.0588235,0.0478431,0,0,0.0037451,0.0961176,0.00147059,0.380039,0.154765,0.0253529,9.4902,620.216,1405.29,1
0.0966667,0.0133333,0.2,0,0.153333,0.133333,0,0.0966667,0.0966667,0.313333,0.06,0.0733333,0.12,0,0.0633333,0.0133333,0.13,0.0633333,0.626667,0.0133333,0.276667,3.17667,0.23,0.183333,0,0,0,0,0,0,0,0,0,0.0466667,0,0.0133333,0,0,0.0266667,0,0,0,0,0,0.0633333,0,0,0,0.372333,0.095,0.014,0.14,0.03,0.00366667,15.1877,493,9113.67,1
0.299474,0.288947,0.347368,0,0.223158,0.0557895,0.0421053,0.104211,0.433684,0.514737,0.207368,0.610526,0.341579,0.751053,0.02,0.171579,0.287368,0.0347368,2.40053,0.0115789,1.13789,0,0.258947,0.358947,0.09,0.0931579,0.000526316,0.00105263,0.00105263,0,0,0,0.229474,0,0.000526316,0.0221053,0.185263,0.00315789,0,0.00105263,0.00842105,0.00315789,0.00578947,0.00421053,0.0652632,0.0326316,0.00368421,0.0305263,0.0317368,0.110105,0.00778947,0.300895,0.444684,0.0839474,5.27784,135.684,2310.42,0.842105
0,0,0,0.04,0,0,0,0,0,0,0,0,0,0,0,0.02,0,0,0.02,0,0,0,0,0,0,0,0,0,0,0,0,0,0,0,0,0,0,0,0,0,0,0,0,0,0,0,0,0,1.024,9.752,0.003,1.542,1.785,1.998,239.571,9989,10062,1
0.0819048,0.0819048,0.222381,0.00761905,0.235238,0.107143,0.0319048,0.157619,0.0642857,0.173333,0.062381,0.5,0.0942857,0.0538095,0.0285714,0.42,0.213333,0.172857,0.99619,0.082381,0.42,0.292381,0.145238,0.0895238,0.785238,0.0838095,0.0052381,0.00380952,0.00714286,0.037619,0.0171429,0,0.147143,0,0.017619,0.135714,0.186667,0.00857143,0.0285714,0.0419048,0.042381,0.00809524,0.012381,0.0352381,0.0271429,0.180476,0.00238095,0.0595238,0.0536667,0.131762,0.0280952,0.177714,0.0675238,0.0731429,4.72429,120.714,1906.24,0.333333
0.144643,0.129821,0.303036,0.345893,0.303036,0.116429,0.0646429,0.163929,0.325357,0.311071,0.0921429,0.503214,0.16125,0.0660714,0.0960714,0.311786,0.157321,0.190893,1.63964,0.0919643,0.827857,1.04929,0.252857,0.209643,0.22375,0.143036,0.01,0.00785714,0.00892857,0.0075,0.00821429,0,0.0598214,0.00232143,0.0139286,0.06625,0.135893,0.00553571,0.0189286,0.0178571,0.00125,0.01,0.00142857,0.0105357,0.0321429,0.0292857,0.00107143,0.0157143,0.0385714,0.149786,0.0376071,0.216339,0.162946,0.133446,6.23589,119.714,1455.88,0.660714
0.19,0,0.38,0,0,0.19,0,0,0,0,0.19,0.19,0,0,0,0.38,0,0.19,1.14,0,0.38,0,0,0,0,0,0,0,0,0,0,0,0,0,0,0,0,0,0,0,0,0,0,0,0,0,0,0,0.01,0.01,0,0,0,0.003,2.383,21,15841,1
0.27,0.448889,0.475556,1.01778,0.348889,0.396667,0.174444,0.427778,0.494444,1.04889,0.216667,1.24444,0.0811111,0.0822222,0.622222,0.226667,0.278889,0.804444,1.97667,0.182222,2.25778,0.0422222,0.357778,0.147778,0,0,0,0,0,0,0,0,0,0,0.0144444,0,0.0733333,0,0,0.0322222,0,0,0.0444444,0,0,0,0,0,0.043,0.118889,0,0.479778,0.136556,0.0358889,51.1333,764.333,1106.44,1
0.313333,0.0566667,0.3,0,0.213333,0.03,0,0.42,0.4,1.28333,0.153333,0.166667,0.36,0,0.216667,0.03,0.496667,0.4,2.25333,0.03,1.24,0,0.82,0.563333,0,0,0,0,0,0,0,0,0,0,0,0.106667,0,0,0.0566667,0.366667,0,0,0,0,0.12,0,0,0,0.0383333,0.0766667,0,0.328333,0.075,0.00733333,32.4923,1282,2806,1
0.195,0.5,0.4,0.095,0.58,0,0,0,0.39,0.19,0,0.2,0,0,0,0.1,0,0,0.195,0.19,0.39,0,0,0.2,0.095,0,0,0.095,0,0,0,0,0,0.19,0,0,0,0,0,0,0,0,0,0,0,0,0,0,0,0.035,0,0.4155,0.7295,0.015,1062,2123,2124,1
0.146133,0.100391,0.315234,0.0588281,0.40418,0.132266,0.0723438,0.145078,0.214336,0.281836,0.0911719,0.723164,0.114375,0.0783203,0.033125,0.203633,0.275273,0.129375,1.5975,0.137031,1.0284,0.441602,0.175117,0.154844,0.656602,0.154492,0.0149219,0.0166016,0.0117578,0.0199609,0.0100781,0.005,0.0946094,0.00472656,0.0216797,0.0683594,0.135977,0.0152344,0.0197266,0.0148047,0.0496875,0.0704688,0.01,0.0139844,0.0571875,0.158398,0.0137891,0.0183984,0.0748555,0.151199,0.0140469,0.247043,0.0990898,0.0713789,4.29649,60.2773,540.297,0.597656
0.100591,0.0911728,0.253321,0.00531782,0.364279,0.10906,0.130161,0.127628,0.0448165,0.226929,0.0480662,0.527449,0.0916473,0.0304655,0.0408505,0.302587,0.14427,0.178066,1.70587,0.0582005,0.855175,0.0275649,0.105416,0.0794091,0.536526,0.349311,0.211916,0.201728,0.0833841,0.124127,0.0607252,0.0579678,0.0797941,0.0597046,0.122399,0.12949,0.161916,0.0035094,0.105004,0.0622113,0.0314861,0.054906,0.0820859,0.0687735,0.275336,0.177771,0.00766338,0.0299552,0.019906,0.15404,0.016581,0.25937,0.0616795,0.0421119,2.85845,21.2713,105.603,0.441361
0.2365,0.1475,0.226,0,0.063,0.075,0.023,0.111,0.199,0.3815,0.1105,0.548,0.249,0.5525,0.017,0.1055,0.208,0.1235,1.6005,0.035,0.794,0.064,0.4655,0.2235,0.1995,0.1175,0.008,0.0015,0.0015,0.0085,0,0,0.3355,0,0,0.023,0.1635,0.0025,0.0085,0.005,0.016,0.0085,0.003,0.0185,0.038,0.03,0.0065,0.024,0.023,0.0925,0.00695,0.1694,0.2812,0.0769,5.6124,193.65,3256.75,0.8
0.299167,0.0366667,1.3525,0,1.08417,0.0366667,0.1275,0.0733333,0.4675,1.13417,0,0.146667,0.0366667,0,0.184167,0.121667,0,0.0733333,0.816667,0.694167,0.89,0,0.0733333,0.0733333,0.2625,0,0.121667,0.0241667,0,0.0483333,0,0,0,0,0,0,0.0483333,0,0,0.0733333,0,0,0,0,0,0,0,0,0,0.0015,0,0.7905,0.0921667,0,374.654,1224.75,1377.67,0.916667
0.149542,0.177634,0.360229,0.438092,0.297328,0.142061,0.0467176,0.129466,0.359466,0.403893,0.0780153,0.709237,0.179618,0.142214,0.195573,0.128779,0.163893,0.25916,1.64847,0.144198,0.968244,0.31084,0.136641,0.196107,0.786183,0.181679,0.0371756,0.0219084,0.0129771,0.0328244,0.020458,0.00473282,0.114122,0.00396947,0.0317557,0.0524427,0.105191,0.0048855,0.0222901,0.0347328,0.00671756,0.0973282,0.0278626,0.0101527,0.0340458,0.0162595,0.00396947,0.0283206,0.111725,0.14,0.0216107,0.692763,0.202252,0.0532061,4.58592,81,775.664,0.572519
0.005,0.005,0.035,0,0.025,0,0,0.005,0.015,0.065,0.025,0,0,0.025,0,0,0.005,0.035,0.005,0,0.005,0,0,0,0,0,0,0,0,0,0,0,0.035,0,0,0.065,0,0,0,0.005,0.23,0,0,0.015,0,0.4,0.005,0.035,0.036,0.1615,0.075,0.012,0.056,0.012,3.0295,43.5,5648.5,0
0.5,0.25,0.42,0,0.08,0.23,0.02,0.35,0.35,0.69,0.21,0.9,0.5,0.92,0.02,0.33,0.42,0.02,3.05,0,1.43,0,0.94,0.46,0,0,0,0,0,0,0,0,0,0,0,0,0,0,0,0.02,0,0,0,0,0.02,0,0.02,0,0,0.069,0,0.325,0.523,0.124,6.723,445,4128,1
0.466,0.398,0.343,0,0.252,0.046,0.025,0.169,0.564,0.602,0.302,0.655,0.582,1.108,0.202,0.203,0.393,0.129,2.952,0.032,1.3,0,0.587,0.498,0,0,0,0,0,0,0,0,0,0,0.006,0,0,0,0,0.006,0,0,0.012,0,0.041,0.006,0,0,0.0086,0.0839,0,0.4366,0.6352,0.1195,7.2398,663.1,2384.7,1
0.508889,0.105556,0.37,0,0.0422222,0.198889,0.00222222,0.154444,0.186667,0.297778,0.236667,0.924444,0.538889,0.947778,0.0611111,0.321111,0.385556,0.196667,2.45333,0.17,0.997778,0,0.232222,0.504444,0,0,0.00111111,0,0.00333333,0.00111111,0,0,0.172222,0,0,0.0255556,0.0911111,0,0.00111111,0.04,0.00666667,0.01,0,0.0255556,0.0644444,0.0133333,0.0222222,0.0633333,0.0175556,0.192778,0.000222222,0.418778,0.289778,0.112222,4.24444,125.333,3531.56,0.888889
0.329512,0.603415,0.789268,0.0221951,0.395366,0.190976,0.241951,0.282195,0.367073,1.18707,0.143171,1.12341,0.113902,0.209512,0.292683,0.782927,0.237073,0.388293,1.89707,0.288049,2.48195,0.00414634,0.416829,0.216098,0.00609756,0.012439,0,0,0,0,0,0,0.0158537,0,0.0395122,0.0102439,0.0890244,0.00878049,0,0.0114634,0,0,0.00439024,0,0.0895122,0.0117073,0,0.0187805,0.0102927,0.12139,0.0430976,0.947756,0.226707,0.0702439,35.7406,471.146,725.195,0.97561
