0.149701,0.148806,0.438408,0.143234,0.373483,0.27,0.143085,0.156866,0.453632,0.417861,0.137363,0.587761,0.157512,0.101542,0.399901,0.305721,0.133333,0.504478,1.64791,0.424627,1.00791,0.679204,0.337413,0.19592,0.211095,0.100149,0.0151244,0.009801,0.00293532,0.0102985,0.0167662,0.000447761,0.0462687,0.00109453,0.0819901,0.0297512,0.102736,0.00258706,0.0138308,0.0299502,0.00383085,0.021393,0.0325871,0.0152239,0.04199,0.0337313,0.00751244,0.0183582,0.0322189,0.115567,0.0342886,0.329552,0.179552,0.0860746,8.16966,268.562,1276.27,0.766169
0.0886871,0.243488,0.236564,0.00193991,0.280134,0.0723939,0.0953821,0.0834455,0.0293174,0.184647,0.0381156,0.512717,0.071953,0.0379719,0.0208818,0.232133,0.0844775,0.153717,1.67034,0.0381385,0.707505,0.0109438,0.0579295,0.0700588,0.587596,0.314696,1.12492,0.164095,0.135209,0.133325,0.0831744,0.0643762,0.101479,0.0650098,0.131417,0.115634,0.133416,0.0147387,0.103632,0.0709602,0.0559732,0.179428,0.0543599,0.106688,0.406653,0.222701,0.00479099,0.035663,0.0202195,0.135546,0.0159706,0.230593,0.0415673,0.0310428,2.27693,12.953,61.5251,0.273024
0.19,0,0.38,0,0,0.19,0,0,0,0,0.19,0.19,0,0,0,0.38,0,0.19,1.14,0,0.38,0,0,0,0,0,0,0,0,0,0,0,0,0,0,0,0,0,0,0,0,0,0,0,0,0,0,0,0.01,0.01,0,0,0,0.003,2.383,21,15841,1
0.151542,0.180308,0.391311,0.185013,0.316941,0.126684,0.0848586,0.164473,0.268432,0.438021,0.0949357,0.73347,0.125964,0.115578,0.104139,0.262776,0.218303,0.168997,1.49902,0.14036,1.15411,0.275964,0.136093,0.166144,0.674961,0.161131,0.020874,0.0179177,0.0112853,0.0258612,0.012545,0.00197943,0.0961697,0.00323907,0.0331105,0.0527763,0.135964,0.0112082,0.0220823,0.025347,0.0334961,0.0719023,0.0143445,0.0124165,0.0570694,0.110463,0.00879177,0.0238303,0.0793342,0.153183,0.0177712,0.480589,0.145237,0.0626452,7.50846,107.075,681.504,0.619537
0.0966667,0.0133333,0.2,0,0.153333,0.133333,0,0.0966667,0.0966667,0.313333,0.06,0.0733333,0.12,0,0.0633333,0.0133333,0.13,0.0633333,0.626667,0.0133333,0.276667,3.17667,0.23,0.183333,0,0,0,0,0,0,0,0,0,0.0466667,0,0.0133333,0,0,0.0266667,0,0,0,0,0,0.0633333,0,0,0,0.372333,0.095,0.014,0.14,0.03,0.00366667,15.1877,493,9113.67,1
0,0,0,0.04,0,0,0,0,0,0,0,0,0,0,0,0.02,0,0,0.02,0,0,0,0,0,0,0,0,0,0,0,0,0,0,0,0,0,0,0,0,0,0,0,0,0,0,0,0,0,1.024,9.752,0.003,1.542,1.785,1.998,239.571,9989,10062,1
0.1062,0.137129,0.337238,0.228697,0.420386,0.127937,0.201568,0.142461,0.114258,0.272943,0.0932811,0.551267,0.119361,0.0360796,0.0396019,0.298806,0.311472,0.23661,1.70423,0.149578,0.971315,0.317286,0.156876,0.102147,0.480314,0.201496,0.087877,0.0752955,0.0432449,0.0619542,0.0422195,0.022304,0.0818215,0.0229554,0.063848,0.0763932,0.157551,0.0127262,0.0388299,0.0741858,0.0162967,0.032111,0.0393969,0.0340651,0.127153,0.106743,0.00587455,0.02462,0.0875296,0.144938,0.0169831,0.289754,0.111136,0.0680012,5.59082,59.8709,293.723,0.593486
0.30617,0.144894,0.280426,0.0917021,0.0723404,0.106809,0.0193617,0.139787,0.221064,0.399574,0.144681,0.630213,0.341064,0.652766,0.0255319,0.158936,0.276596,0.12,1.86936,0.0476596,0.868511,0.0334043,0.447021,0.28766,0.0951064,0.0604255,0.00510638,0.00148936,0.00212766,0.00382979,0,0,0.309362,0,0,0.0297872,0.176383,0.00148936,0.00659574,0.017234,0.0246809,0.00765957,0.00446809,0.0159574,0.0421277,0.0568085,0.00978723,0.0502128,0.0292553,0.115766,0.00757447,0.24734,0.329319,0.0877872,5.44715,185.447,3357.47,0.744681
0.287333,0.163333,1.13533,0.0126667,1.03467,0.0293333,0.124,0.0586667,0.426,0.932667,0.0446667,0.188667,0.0513333,0,0.147333,0.178,0,0.170667,0.836667,0.580667,1.01133,0,0.0586667,0.0853333,0.222667,0,0.0973333,0.032,0,0.0386667,0,0,0,0.0253333,0,0,0.0386667,0,0,0.0586667,0,0,0,0,0,0,0,0,0,0.0138667,0,0.6918,0.175,0.002,454.223,1330.4,1462.73,0.933333
0.249623,0.216792,0.298868,0.00358491,0.236415,0.0737736,0.0333962,0.143396,0.325283,0.411132,0.166604,0.549245,0.284528,0.519057,0.0967925,0.230189,0.265094,0.140755,1.92717,0.0381132,0.856038,0.115849,0.318868,0.286226,0.340943,0.089434,0.00283019,0.000754717,0.00320755,0.0137736,0,0,0.142264,0,0.00584906,0.0592453,0.161887,0.00207547,0.00943396,0.0367925,0.0198113,0.00433962,0.0122642,0.0154717,0.0479245,0.0858491,0.00226415,0.0320755,0.0404717,0.11266,0.0173396,0.274717,0.317528,0.0806792,6.78564,282.226,2205.79,0.679245
