0,0.0794737,0.190263,0,0.356053,0.0205263,0.311579,0,0.0144737,0.229211,0,0.446842,0.199211,0.0821053,0,0.628947,0.0323684,0.375526,3.36763,0,1.31211,0,0,0.0855263,0.404737,0.0226316,0.0684211,0,0,0,0,0,0,0,0,0,0,0,0,0,0,0.134737,0,0.0678947,0.446053,0.455526,0,0,0.00813158,0.0271316,0,0.637053,0.0242105,0,5.27068,50.4737,74.9474,0.394737
0.16871,0.113978,0.379892,0.0326882,0.285591,0.101398,0.0808602,0.157419,0.179677,0.353118,0.101505,0.455914,0.116452,0.0294624,0.091828,0.325914,0.223763,0.253871,1.58419,0.209677,0.966344,0.523011,0.17129,0.116559,0.437957,0.217527,0.0816129,0.113548,0.0466667,0.0646237,0.0349462,0.0274194,0.0283871,0.0274194,0.0724731,0.0746237,0.11957,0.0410753,0.0451613,0.0988172,0.0367742,0.0810753,0.0437634,0.012043,0.0864516,0.0677419,0.0311828,0.0436559,0.230516,0.162194,0.0174516,0.323548,0.192473,0.112828,3.78257,48.8495,373.624,0.55914
0.0995122,0.196098,0.529756,0.48122,0.414634,0.161463,0.250976,0.169024,0.0753659,0.213415,0.119512,0.501463,0.0846341,0,0,0.377805,0.333171,0.40878,2.23146,0.430976,1.42829,0.234634,0.128293,0.177317,0.0631707,0.0751219,0.00780488,0,0.035122,0.035122,0,0,0.00658537,0,0.0312195,0.0460976,0.154634,0,0.072439,0.00463415,0,0,0.0346341,0.0185366,0.161951,0.0302439,0,0.042439,0.0112927,0.0799756,0.0236585,0.418341,0.0688537,0.0350732,7.21668,127.366,304.585,0.853659
0.0798639,0.177551,0.297619,0,0.381565,0.184966,0.123197,0.0856463,0.0513605,0.221429,0.0436735,0.571837,0.0701361,0.00360544,0.0105442,0.203197,0.117483,0.174762,1.43136,0.0665306,0.943741,0.00843537,0.145782,0.0538776,0.705034,0.352653,0.245714,0.161905,0.107755,0.135714,0.072381,0.0786395,0.105578,0.0786395,0.136463,0.109252,0.263265,0,0.145782,0.0823129,0.145102,0.0730612,0.127891,0.0295238,0.237483,0.272789,0.00462585,0.0305442,0.0578571,0.167143,0.0255374,0.183068,0.0863197,0.0281224,2.68444,20.0408,164.884,0.428571
0.219062,0.405938,0.650312,0.0734375,0.365938,0.18125,0.319688,0.125625,0.314063,0.860625,0.215625,0.77125,0.14375,0.096875,0.270625,0.930625,0.3275,0.23875,1.85531,0.145,1.52562,0.0053125,0.193438,0.223438,0.299375,0.13875,0.0075,0,0,0.0228125,0,0,0.0421875,0,0.0225,0.0146875,0.12125,0.026875,0.0075,0.0228125,0,0.0228125,0.010625,0.0153125,0.110625,0.0446875,0,0.0240625,0.0094375,0.125656,0.00465625,0.753812,0.231156,0.0675,25.445,340.531,656.719,0.9375
0.0928986,0.0873913,0.265942,0.277681,0.258841,0.0771014,0.065942,0.0634783,0.295217,0.362899,0.0817391,0.461304,0.134783,0.145797,0.093913,0.283913,0.0591304,0.246812,1.34826,0.248696,0.882464,0.87,0.0985507,0.0943478,0.372899,0.174783,0.0310145,0.0185507,0.00855072,0.016087,0.0324638,0.00130435,0.0776812,0.00130435,0.10058,0.0236232,0.166522,0.00057971,0.0166667,0.0389855,0.00971014,0.0353623,0.00869565,0.0111594,0.0413043,0.0491304,0.015942,0.0382609,0.0344928,0.153725,0.0202754,0.224087,0.127522,0.104116,6.15028,101.159,1231.72,0.594203
0,0,0,0,0,0,0,0,0,0,0,0,0,0,0,1.666,0,0,0,0,0,0,0,0,0,0,0.588,0.588,0,0.588,0,0,0,0,0.588,0,0,0,0,0,3.92,0,0,0,0,6.738,0,0,0,0.0763,0,0,0,0,3.7474,8.1,12.9,0.1
0.106145,0.108434,0.363133,0,0.538072,0.120241,0.110723,0.137349,0.0720482,0.272048,0.101807,0.629157,0.0643373,0.013012,0,0.335542,0.336506,0.278795,1.92313,0.138434,0.992771,0.126506,0.199518,0.0848193,0.239639,0.0840964,0.0333735,0.0287952,0.0046988,0.0445783,0.0046988,0.00843373,0.0259036,0.0122892,0.0449398,0.0796386,0.109157,0.000843373,0.0228916,0.0440964,0,0.020241,0.0177108,0.0207229,0.224337,0.277831,0,0.0291566,0.0591687,0.109494,0.00918072,0.327831,0.121036,0.0558795,4.18749,66.6988,262.494,0.650602
0.124369,0.15301,0.389223,0.138932,0.297961,0.119612,0.088835,0.185922,0.42767,0.51534,0.123107,0.532718,0.128447,0.0634951,0.135728,0.270291,0.145631,0.371553,1.42854,0.176796,0.934078,0.91165,0.12466,0.198058,0.470777,0.150583,0.0302913,0.0246602,0.00553398,0.0266019,0.0197087,0.00184466,0.122816,0.00368932,0.124757,0.0316505,0.136505,0.00174757,0.0326214,0.0313592,0.00932039,0.0270874,0.00524272,0.0121359,0.0366019,0.0365049,0.00640777,0.0286408,0.0586214,0.106913,0.043534,0.362107,0.180175,0.104767,4.71909,77.699,971.097,0.68932
0.10984,0.0684574,0.289255,0,0.271968,0.0605851,0.0868085,0.0453191,0.0405851,0.108298,0.0154787,0.486277,0.0873404,0.0782979,0.00968085,0.270904,0.0495745,0.200319,1.67266,0.00829787,0.509096,0,0.0128191,0.0492553,0.480053,0.37734,0.332447,0.097234,0.183936,0.132074,0.110266,0.0726064,0.0539894,0.0726064,0.120585,0.138457,0.189255,0.00494681,0.0735638,0.0779255,0.0929255,0.205213,0.0467553,0.140798,0.394149,0.166223,0.00542553,0.0326064,0.015734,0.132766,0.0166596,0.177027,0.0219521,0.00935638,1.7196,6.52128,35.4309,0.18617
0.121364,0.148409,0.247727,0,0.651591,0.171818,0.289318,0.0761364,0.0820455,0.235682,0.178864,0.440455,0.184773,0,0.293864,0.534545,0.236818,0.326818,2.12886,0.4725,1.04864,0,0.248409,0.258864,0.0709091,0.0525,0.0811364,0.0509091,0,0.0590909,0,0,0.0843182,0,0.0552273,0.0204545,0.0595455,0,0.0886364,0.101136,0.00590909,0.0368182,0.0159091,0.0438636,0.224091,0.209091,0,0,0,0.116523,0.00179545,0.318159,0.102659,0.452909,5.51416,62.3409,120,0.681818
0.187889,0.126667,0.330222,0.00122222,0.353222,0.154667,0.077,0.169667,0.336889,0.330778,0.0954444,0.628444,0.0738889,0.124778,0.092,0.182444,0.333667,0.078,1.46611,0.211333,1.06722,0.348889,0.064,0.243333,0.842556,0.187556,0.0282222,0.0123333,0.00466667,0.0252222,0.0197778,0.00466667,0.101556,0.00588889,0.0197778,0.0588889,0.160778,0.0208889,0.0168889,0.0328889,0.0514444,0.144,0.0172222,0.0152222,0.0577778,0.0911111,0.00611111,0.012,0.1251,0.185444,0.0149222,0.273311,0.131233,0.0898667,4.2282,74.0778,628.533,0.5
0.0408696,0.0832609,0.192391,0,0.289783,0.0671739,0.0730435,0.063913,0.0426087,0.205435,0,0.287174,0.11087,0.0373913,0,0.364783,0.0467391,0.16413,1.85022,0.278261,1.00217,0.120217,0,0.0284783,0.104565,0.124348,0,0.0904348,0,0,0,0,0,0,0.0326087,0.0656522,0,0,0,0,0,0.0180435,0.013913,0.0169565,0.272174,0.274783,0,0,0.0158261,0.0520652,0.00421739,0.213152,0.0347174,0.0702174,4.26676,43.8478,98.8478,0.521739
0.069913,0.0526087,0.311565,0.00756522,0.312348,0.143739,0.0598261,0.135217,0.0936522,0.203391,0.0426087,0.488696,0.0945217,0.0464348,0.0186957,0.246435,0.157391,0.169391,1.39417,0.0901739,0.737304,0,0.0626087,0.10313,0.682609,0.380261,0.145217,0.13713,0.101652,0.126609,0.082087,0.0393043,0.133217,0.0393043,0.0946957,0.119913,0.216087,0.006,0.0610435,0.071913,0.00521739,0.0272174,0.084,0.0814783,0.162783,0.082,0.00947826,0.0426087,0.0250087,0.202565,0.0289478,0.131043,0.0393217,0.0293565,2.47401,18.6957,200.157,0.443478
0.0218274,0.0463452,0.283909,0,0.360355,0.0410152,0.0803553,0.0392893,0.00827411,0.153756,0.0154822,0.906904,0.0719289,0.115025,0,0.115381,0.026802,0.162538,2.05157,0.0305584,0.508477,0,0,0.054264,0.145838,0.103249,0.416853,0.0220305,0.148934,0.0431472,0,0,0.0823858,0,0,0.0164467,0.0734518,0.0220305,0.0953807,0.0048731,0.031066,0.330203,0.0676142,0.11802,0.425685,0.121878,0,0.0342132,0.0131015,0.117624,0.0169391,0.299168,0.00483756,0.000624365,1.59676,4.43147,18.2132,0.13198
0.153478,0.124783,0.265435,0.00804348,0.295435,0.106304,0.0395652,0.230435,0.203696,0.299348,0.0923913,0.540435,0.148261,0.0695652,0.0623913,0.32413,0.210435,0.185652,1.49261,0.128696,0.707826,0.652609,0.261522,0.233478,0.461087,0.0893478,0.00586957,0.00543478,0.00326087,0.023913,0.0104348,0,0.0884783,0.00282609,0.0106522,0.118043,0.160217,0.00934783,0.0213043,0.0245652,0.0193478,0.00326087,0.0073913,0.0245652,0.0297826,0.0973913,0.0023913,0.0397826,0.0394565,0.123587,0.0373696,0.200739,0.163326,0.101739,5.77274,124.522,1677.87,0.543478
0.118608,0.173544,0.422025,0,0.440633,0.106456,0.320759,0.138228,0.0736709,0.337215,0.148861,0.518228,0.161392,0.0608861,0.0575949,0.341013,0.243924,0.296203,2.02975,0.149747,1.0619,0.0206329,0.300506,0.0777215,0.254177,0.0874684,0.0153165,0.13481,0.00759494,0.0793671,0.015443,0.00759494,0.217848,0.00759494,0.121139,0.0844304,0.142658,0,0.00708861,0.0944304,0.00392405,0.0458228,0,0.0187342,0.128228,0.071519,0,0.0141772,0.0148481,0.0872152,0.00127848,0.472101,0.123595,0.0140759,4.75876,63.8101,197.506,0.670886
0.125857,0.133,0.327429,0.035,0.307714,0.191429,0.181,0.0315714,0.0292857,0.228286,0.0471429,0.503286,0.112286,0,0.0177143,0.477714,0.170714,0.161429,1.86943,0.0302857,0.866571,0.0812857,0.155286,0.102,0.571143,0.430286,0.252,0.173286,0.0867143,0.139286,0.078,0.078,0.0901429,0.0972857,0.116429,0.14,0.0561429,0,0.165,0.0884286,0.00471429,0,0.00685714,0.00928571,0.202143,0.0582857,0,0.0364286,0.0162,0.157043,0.0130857,0.431814,0.0392143,0.0416857,3.69273,35.5714,131.771,0.571429
0.314865,0.276757,0.336486,0.00351351,0.248919,0.0745946,0.0389189,0.149459,0.425676,0.528919,0.214054,0.579189,0.367838,0.723243,0.0859459,0.259189,0.332432,0.11027,2.41297,0.0359459,1.0927,0.0454054,0.393784,0.371622,0.0959459,0.0994595,0.00162162,0.000540541,0.000540541,0,0,0,0.123243,0,0.00189189,0.0321622,0.133784,0.00297297,0.00243243,0.0391892,0.00432432,0.00216216,0.00621622,0.00378378,0.0594595,0.0194595,0.00189189,0.0156757,0.0328378,0.100892,0.0108919,0.335595,0.430541,0.0987568,7.64754,346.757,2344.32,0.864865
0.194048,0.0893452,0.287798,0,0.496845,0.0595833,0.113452,0.12506,0.0417262,0.129167,0.0304167,0.511131,0.0610714,0.0150595,0.0272024,0.319405,0.21119,0.210774,1.74399,0.0336905,0.861071,0.0060119,0.148929,0.0331548,0.446726,0.313452,0.243571,0.177202,0.0689881,0.0979762,0.0455357,0.0485119,0.0747024,0.053869,0.141607,0.122738,0.164107,0.00428571,0.088631,0.0534524,0.0379762,0.0371429,0.0947619,0.0721429,0.271548,0.111488,0.00113095,0.0572619,0.0194881,0.139065,0.0236786,0.308167,0.0981667,0.0215,2.40623,17.2917,117.196,0.482143
0.0774157,0.091236,0.204382,0,0.223596,0.0252809,0.151236,0.363708,0.123483,0.139551,0.0322472,0.302809,0.00460674,0.21,0,0.477303,0.203258,0.124607,1.18011,0.0342697,0.813371,0.0329213,0.18573,0.0691011,0.286966,0.312247,0.174944,0.0847191,0,0.0374157,0.0176404,0.0265169,0.0513483,0.0265169,0.0596629,0.11573,0.114045,0,0.0255056,0.0177528,0,0.0401124,0.0152809,0.021236,0.378539,0.0306742,0,0.0186517,0.00678652,0.150573,0.0108202,0.372809,0.117101,0.00685393,3.71958,26.0449,82.6629,0.719101
0.408831,0.0998701,0.396753,0,0.247273,0.0511688,0.158182,0.0723377,0.0241558,0.133377,0.342078,0.840649,0,0.0455844,0.0181818,0.252078,0.137273,0.105584,1.34429,0,2.75325,0,0,0.306104,0.168312,0.166883,0.116753,0.11,0.0405195,0.0523377,0,0.0744156,0.0154545,0.0744156,0.0358442,0.0349351,0.232987,0,0.0490909,0,0,0.0716883,0.0181818,0.0150649,0.172338,0.128312,0,0.0315584,0.0158442,0.160558,0.00266234,0.264351,0.105883,0.00246753,4.03986,24.5844,59.2597,0.571429
0.0386957,0.37913,0.308478,0.872391,0.553696,0.189783,0.728478,0.071087,0.236304,0.333043,0.0326087,0.707826,0.0530435,0.013913,0.02,0.349565,0.196739,0.328261,2.0513,0.0276087,1.15217,0,0.0752174,0.0843478,0.116304,0.0108696,0.249565,0.0306522,0.0108696,0.00543478,0.157391,0,0,0.0134783,0.061087,0.0115217,0.0386957,0,0.0408696,0.413043,0,0.00434783,0,0,0.19913,0.00956522,0,0.0217391,0.0105435,0.186043,0.0141739,0.3,0.0691304,0.0401957,13.2332,165.022,408.63,0.630435
0.0841892,0.242432,0.334865,0,0.102703,0.108378,0.25473,0.0910811,0.0660811,0.660676,0.0206757,0.473514,0.0608108,0.0385135,0,0.166351,0,0.0491892,2.44554,0,0.964054,0,0.0151351,0.139054,0.285946,0.0943243,0.354865,0.30527,0.117703,0.0177027,0.0613514,0,0.0727027,0,0,0.0562162,0.31027,0.00554054,0.48473,0.0562162,0.0451351,0.1,0.0254054,0.101622,0.635811,0.318108,0,0.0345946,0.036473,0.186473,0.0126081,0.186108,0.0544595,0.0506892,3.24618,19.0811,38.8108,0.391892
0.0730882,0.0572794,0.316838,0.00595588,0.391471,0.246471,0.102059,0.165368,0.0311029,0.265956,0.0313971,0.524779,0.102794,0.0102206,0.00625,0.224706,0.124191,0.154044,1.59015,0.0126471,1.19625,0,0.125441,0.132794,0.620074,0.446838,0.203309,0.181838,0.108529,0.148971,0.0683824,0.04875,0.0905147,0.0464706,0.128382,0.127353,0.135,0.00169118,0.0794853,0.0608088,0.0559559,0.0456618,0.0813971,0.0270588,0.289779,0.124559,0.0152206,0.00882353,0.0325294,0.151279,0.0214779,0.171537,0.0595735,0.0103676,2.09396,13.1985,139.632,0.463235
0.112359,0.0865641,0.222872,0,0.23441,0.083641,0.111128,0.0793333,0.0132308,0.232974,0.0537949,0.667077,0.106923,0.0208205,0.0317949,0.248821,0.123231,0.115128,1.71585,0.0207692,0.606462,0,0.080359,0.0190769,0.648,0.369436,0.338359,0.216974,0.154667,0.258154,0.154256,0.114051,0.167026,0.114051,0.257641,0.204564,0.198615,0.00282051,0.231282,0.119949,0.0920513,0.215487,0.0737436,0.152615,0.255333,0.132205,0,0.0392308,0.0108769,0.147528,0.0178359,0.229585,0.0845692,0.0115128,1.90471,8.31795,45.3538,0.210256
0.151343,0.146716,0.826866,0.00283582,0.707612,0.520149,0.272836,0.136716,0.56597,0.458209,0.203284,0.601194,0.150746,0.0797015,0.967015,0.304776,0.11209,0.760149,1.5091,0.820448,0.926119,0.0862687,0.517612,0.144478,0.051194,0.00134328,0.021791,0.00716418,0,0.00865672,0,0,0.00313433,0.00567164,0.00432836,0,0.0129851,0,0,0.0401493,0,0,0.0835821,0.0119403,0.0447761,0.0364179,0,0,0.00285075,0.0761343,0.0011194,0.448209,0.160104,0.019791,108.883,790.104,1415.94,0.985075
0.0905128,0.0882692,0.26109,0,0.377885,0.120192,0.132628,0.133333,0.0401282,0.224551,0.0797436,0.557372,0.0662821,0.0335256,0.0794872,0.328654,0.115897,0.201282,1.72449,0.0328205,0.891603,0.0302564,0.0912179,0.0866026,0.748333,0.418526,0.229103,0.266154,0.103269,0.151923,0.0732051,0.0917949,0.0928846,0.0917949,0.117244,0.181282,0.14641,0.0126282,0.120064,0.0717308,0.0521154,0.0486538,0.110064,0.132949,0.229679,0.309359,0.0148718,0.0166667,0.0272179,0.148083,0.0165256,0.181519,0.0550513,0.0585705,2.17781,11.9551,99.7949,0.358974
0.126476,0.101714,0.267905,0.496667,0.480381,0.123143,0.0544762,0.106381,0.16381,0.195714,0.109333,0.711048,0.154762,0.0379048,0.0592381,0.203905,0.268857,0.18581,1.8041,0.0762857,0.794667,0.782952,0.214476,0.143238,0.614762,0.118,0.0186667,0.0177143,0.0244762,0.0100952,0.0129524,0.0159048,0.0847619,0.00828571,0.0291429,0.0762857,0.10019,0.0266667,0.0169524,0.00780952,0.012381,0.0408571,0.0180952,0.00580952,0.0585714,0.0514286,0.00838095,0.0162857,0.100857,0.10739,0.00714286,0.18681,0.101133,0.0815905,3.86972,41.1714,452.543,0.609524
0.0582692,0.0744231,0.403269,0,0.558462,0.1,0.301154,0.163462,0.0807692,0.208846,0.0717308,0.721923,0.0598077,0,0.0371154,0.305192,0.194808,0.349231,2.04327,0.199038,1.26885,0.227115,0.16,0.130962,0.317308,0.134038,0.0626923,0.0813462,0.0263462,0.124038,0.0263462,0.0263462,0.0884615,0.0263462,0.0359615,0.0436538,0.120385,0,0.0961538,0.0917308,0.0203846,0.0448077,0.0169231,0,0.153462,0.0315385,0,0.0130769,0.00505769,0.102385,0.00125,0.331096,0.0679808,0.0378077,6.01673,58.0962,155.481,0.596154
0.100062,0.115217,0.242919,0.00838509,0.293168,0.0430435,0.0804348,0.0970807,0.032236,0.417205,0.053354,0.617391,0.10472,0.0015528,0.0368323,0.119255,0.0773292,0.145466,1.62081,0.0450932,0.487764,0.00360248,0.0324845,0.0662733,0.688634,0.463975,0.317143,0.366646,0.137391,0.196522,0.124658,0.0975776,0.0873292,0.0975776,0.196149,0.188447,0.21882,0.00335404,0.17764,0.100497,0.036087,0.0745342,0.125714,0.109379,0.257826,0.155901,0.00956522,0.0484472,0.0291801,0.186186,0.0154907,0.202696,0.0315839,0.0172919,2.20404,11.0994,82.8882,0.229814
0.096,0.008,0.196,0.008,0.092,0.118,0,0.058,0.058,0.188,0.074,0.082,0.072,0,0.038,0.088,0.078,0.076,0.608,0.008,0.242,1.906,0.138,0.11,0,0,0,0,0,0,0,0,0,0.028,0,0.008,0,0,0.016,0,0,0,0,0,0.038,0,0,0,0.4302,2.0094,0.009,0.3924,0.375,0.4024,57.5034,2297.8,10648.8,1
0.114486,0.102757,0.260378,0,0.21373,0.0416216,0.171351,0.0637297,0.0174595,0.213676,0.0458919,0.544595,0.0963784,0,0.0248108,0.246054,0.105351,0.203405,1.74211,0.0177838,0.62,0,0.0540541,0.00675676,0.794973,0.351135,0.186162,0.240541,0.12227,0.230216,0.0835676,0.0318919,0.212703,0.0318919,0.224162,0.0870811,0.218432,0.00897297,0.0568108,0.0636216,0.036,0.206703,0.0498378,0.0714054,0.240378,0.363081,0,0.0282162,0.0156973,0.14607,0.00616216,0.218886,0.0318703,0.169832,2.11963,10.0865,56.2541,0.275676
0,0,0,0,0,0,0,0,0,0,0,0,0,0,0,0.325203,0,0,0,0,0,0,0,0,0.0903252,0.116098,20.068,0,0,0,0,0,0,0,0,0,0,0,0,0,0,0.18065,0,0,0.0541463,0,0,0,0,0.0285203,0,0.00934146,0,0,1.20634,1.6748,5.45528,0
0.121707,0.440976,0.342439,1.72976,0.936341,0.144634,0.696341,0.152683,0.0580488,0.375854,0.0426829,0.635854,0.190976,0.0819512,0,0.730488,1.53659,0.239024,2.09098,0.274146,1.82732,0,0.0192683,0.160976,0,0,0,0,0,0.0236585,0,0,0,0,0,0.0521951,0.113659,0.0380488,0,0.00829268,0,0,0,0,0.00829268,0,0,0,0,0.123293,0,0.729683,0.212683,0.0322927,9.20393,136.756,194.512,0.926829
0,0,0.0341026,0,0.0341026,0,0,0,0,0,0,0,0,0,0,0,0,0.254103,0.08,0,0.0341026,0,0,0,10.9664,3.1559,2.02385,2.27795,1.95282,2.33359,2.20692,1.95282,0,1.95282,2.20692,2.20692,0.0341026,0.102564,0.0341026,1.95282,0,0.102564,0,0,1.03513,0,0,0,0.0221795,0.545103,0.00553846,0.0927692,0,0,3.37659,12.9487,28.641,0
0.139198,0.0981818,0.279412,0,0.268877,0.0435294,0.0138503,0.072246,0.0104813,0.12877,0.00513369,0.525722,0.0593583,0.0842781,0,0.230749,0.0235829,0.20369,1.42545,0.111658,0.476364,0,0.0113369,0.0576471,0.212193,0.0849733,0.637861,0,0.348235,0.022246,0,0,0.299251,0,0.106952,0.00534759,0,0.0591444,0.0629947,0.00625668,0.0296257,0.621818,0.0190909,0.152246,0.645829,0.266417,0.015615,0.0445455,0.0304225,0.108118,0.0135294,0.144305,0.00952406,0,1.39934,3.06952,11.9786,0.0641711
0,0,0,0,0,0,0,0,0,0,0,0,0,0,0,0,0,0,3.42375,0,0,0,0,0,0,0,0,0,0,0,0,0,0,0,0,0,0,0,1.38875,0,0,0,0,0,14.6637,0,0,0,0,0.285625,0,5.217,0,0,1.46187,2.875,7.375,0
0.30617,0.144894,0.280426,0.0917021,0.0723404,0.106809,0.0193617,0.139787,0.221064,0.399574,0.144681,0.630213,0.341064,0.652766,0.0255319,0.158936,0.276596,0.12,1.86936,0.0476596,0.868511,0.0334043,0.447021,0.28766,0.0951064,0.0604255,0.00510638,0.00148936,0.00212766,0.00382979,0,0,0.309362,0,0,0.0297872,0.176383,0.00148936,0.00659574,0.017234,0.0246809,0.00765957,0.00446809,0.0159574,0.0421277,0.0568085,0.00978723,0.0502128,0.0292553,0.115766,0.00757447,0.24734,0.329319,0.0877872,5.44715,185.447,3357.47,0.744681
0.0292857,0.0671429,0.253571,0,0.705714,0.0692857,1.59143,0.773571,0.773571,0.880714,0.773571,0.582143,0,0.0764286,0,0.977143,2.15357,0.0642857,1.82643,0.773571,2.815,0,0.309286,0.105714,0.0207143,0.0207143,0.0207143,0.0414286,0,0,0,0,0,0.0207143,0.0414286,0,0.315,0,0.0764286,0,0,0,0,0,0,0,0,0,0,0.0775,0,0.696071,0.255143,0.0712857,64.0539,294.929,330.786,0.928571
0.0851913,0.0406557,0.20377,0.00726776,0.160383,0.0977596,0.0607104,0.144481,0.0186339,0.140492,0.0295082,0.588033,0.118798,0.00726776,0.0373224,0.0830601,0.114754,0.215628,1.4935,0.0178142,0.631366,0,0.0636612,0.0372678,0.871803,0.407814,0.23918,0.300437,0.0878689,0.16071,0.075847,0.0454098,0.245519,0.0454098,0.186011,0.132623,0.263825,0.00808743,0.135683,0.0526776,0.0478142,0.0984153,0.13082,0.147432,0.295574,0.287705,0.00961749,0.0356831,0.0147213,0.18112,0.0278907,0.254306,0.039612,0.0204645,2.0263,10.6448,68.918,0.273224
0.4672,0.7208,0.7428,0.3664,0.3468,0.2716,0.0656,0.4024,0.4188,1.3644,0.0604,1.4292,0.1212,0.2716,0.3344,0.2872,0.1692,0.6348,2.064,0.3444,3.2556,0.0152,0.5196,0.2464,0,0,0,0,0,0,0,0,0.0132,0,0.0508,0.0168,0.0148,0,0,0,0,0,0.0076,0,0.0248,0,0,0,0.027,0.14768,0.06472,0.95372,0.17836,0.06036,39.2918,602.2,882.64,1
0,0,0.0323204,0,0.324033,0.0352486,0,0.0613812,0,0.0239779,0,0.0922652,0,0.0592265,0,0.0356354,0,0.0424862,0.246022,0,0.27116,0,0,0,0.509227,0.312707,0.443094,0,0.0262983,0,0.0690608,0,0,0,0,0.0424862,0,0.0816575,0,0,0,0.401492,0,0.417459,0.639171,0.309448,0,0.101271,0.00372928,0.0843867,0.053232,0.167271,0,0,1.2094,1.67403,5.1768,0.038674
0.0461881,0.0377723,0.248366,0,0.265941,0.024703,0.0327723,0.040495,0.0372772,0.112822,0.0163366,0.801931,0.0720792,0.0331188,0.00841584,0.18599,0.0386634,0.0960891,1.96698,0.00623762,0.479406,0,0.0333663,0.119356,0.313663,0.314356,0.319455,0.0293069,0.145891,0.0667327,0.0232673,0,0.0713861,0,0.0575743,0.0219802,0.139851,0.0121782,0.101337,0.0109901,0.0830693,0.312723,0.019703,0.138515,0.432624,0.151485,0,0.0506931,0.0460248,0.125653,0.0065396,0.201752,0.0202327,0.0171485,1.89345,6.65842,26.1089,0.158416
0.119727,0.0696364,0.281273,0.114091,0.299636,0.110182,0.0579091,0.157182,0.198,0.277455,0.0676364,0.741364,0.107091,0.0985455,0.0206364,0.166909,0.190273,0.116364,1.37845,0.0904545,1.09436,0.242273,0.185818,0.0963636,0.747909,0.184909,0.0126364,0.019,0.0169091,0.0305455,0.00227273,0,0.0972727,0,0.0245455,0.0629091,0.155727,0.0113636,0.0298182,0.0119091,0.0670909,0.0721818,0.00763636,0.0183636,0.072,0.270545,0.0232727,0.0193636,0.0450636,0.158255,0.0204273,0.226427,0.0648455,0.0477,4.25983,54.9636,537.164,0.581818
0.126961,0.0665686,0.305588,0.0151961,0.287647,0.111961,0.0762745,0.127451,0.0559804,0.206961,0.0460784,0.489216,0.0947059,0.0341176,0.000882353,0.219608,0.183431,0.124314,1.48784,0.135098,0.689608,0.724118,0.15951,0.0721569,0.775,0.287647,0.101863,0.0388235,0.0617647,0.0463725,0.0526471,0.012451,0.0864706,0.0153922,0.035,0.0601961,0.247255,0.00186275,0.0165686,0.0294118,0.0485294,0.0326471,0.0376471,0.0697059,0.125,0.259412,0,0.0226471,0.247598,0.175078,0.0287549,0.204961,0.0940588,0.160637,3.78626,34.1373,314.696,0.460784
0,14.1478,0,0,0,0,0,0,0,0.132222,0,0,0,0,0,0,0,0,0,0,0,0,0,0,0,0,0,0,0,0,0,0,0,0,0,0,0,0,0,0,0,0,0,0,0.132222,0,0,0,0,0,0,0,0,0,1.77778,4.88889,9.02778,0
0.067963,0.133889,0.306481,0.0111111,0.328889,0.112685,0.114167,0.121111,0.0502778,0.294537,0.070463,0.518981,0.199259,0.0362963,0.0959259,0.179074,0.120926,0.297037,1.37259,0.0538889,0.822222,0.338611,0.139352,0.0760185,0.677593,0.307778,0.168981,0.115185,0.100463,0.103519,0.0552778,0.0625,0.0887037,0.0625,0.0731481,0.0991667,0.165185,0.0140741,0.0696296,0.0835185,0.0148148,0.0280556,0.0834259,0.0562037,0.117407,0.0633333,0,0.0182407,0.044287,0.178759,0.0267407,0.176417,0.115481,0.0446389,2.99014,24.7593,247.565,0.527778
0.129583,0.209722,0.431806,0.594583,0.276389,0.120139,0.0483333,0.112917,0.26,0.315694,0.0713889,0.80875,0.209028,0.125278,0.13,0.149583,0.144306,0.187083,1.73278,0.150972,0.950694,0,0.128194,0.174028,0.717361,0.12875,0.0215278,0.0234722,0.0144444,0.0180556,0.0204167,0.00222222,0.0694444,0.00222222,0.0355556,0.0625,0.0911111,0.00194444,0.0173611,0.035,0.00222222,0.0723611,0.0354167,0.0102778,0.0261111,0.00166667,0,0.0213889,0.140569,0.130917,0.017875,1.03196,0.256306,0.0185694,4.10265,61.0833,755.875,0.597222
0.0773418,0.0316456,0.236962,0,0.108861,0.0451899,0,0,0.0229114,0.346835,0,0.131392,0.0702532,0,0,0.144177,0,0.0274684,6.99924,0,1.24241,0,0,0.281646,0.0229114,0,0.898987,0,0.0468354,0,0,0,0.0791139,0,0,0,0,0,0.0549367,0,0,0,0,0,1.21734,0.642532,0.0274684,0.0602532,0.014443,0.0540253,0,0.178241,0,0,1.18848,1.83544,6.81013,0.0759494
