0.0903006,0.233964,0.247851,0.0232626,0.298267,0.0783466,0.105924,0.0895432,0.0336192,0.195514,0.0417978,0.517062,0.0792868,0.0384969,0.0231801,0.241144,0.111397,0.162918,1.66963,0.0460389,0.73425,0.011565,0.0669054,0.0721721,0.58158,0.309826,1.02548,0.159844,0.127589,0.130304,0.0796375,0.0609431,0.104097,0.0615149,0.12738,0.113378,0.138229,0.0144327,0.0982287,0.0715503,0.0516446,0.164621,0.0542499,0.101353,0.380006,0.207345,0.00464486,0.0345417,0.0202968,0.137104,0.0158756,0.238483,0.0461698,0.0312918,2.43049,16.247,75.8677,0.302682
0.117097,0.162782,0.386371,0.311411,0.296613,0.127218,0.0792339,0.127621,0.362097,0.428024,0.103226,0.588306,0.140363,0.102984,0.141129,0.242258,0.121411,0.298266,1.5425,0.174718,0.971734,0.639113,0.147177,0.168105,0.455242,0.159919,0.0274194,0.0227016,0.00758065,0.0230645,0.0227419,0.00177419,0.089879,0.00254032,0.0899597,0.0284274,0.135323,0.00491935,0.0214516,0.0344758,0.00721774,0.0447177,0.012379,0.0133065,0.0394758,0.0350806,0.00709677,0.0235484,0.0739355,0.132056,0.0364274,0.537335,0.198532,0.0789073,5.46023,92.4597,989.552,0.665323
0,0,0,0.04,0,0,0,0,0,0,0,0,0,0,0,0.02,0,0,0.02,0,0,0,0,0,0,0,0,0,0,0,0,0,0,0,0,0,0,0,0,0,0,0,0,0,0,0,0,0,1.024,9.752,0.003,1.542,1.785,1.998,239.571,9989,10062,1
0.12156,0.130543,0.329362,0.177286,0.366486,0.123514,0.166404,0.145224,0.173962,0.291262,0.0988738,0.59924,0.104532,0.0555495,0.0438535,0.27981,0.272212,0.187734,1.63157,0.159891,1.00012,0.428114,0.151262,0.126839,0.559077,0.163474,0.0571506,0.0349118,0.0272049,0.0320217,0.0294708,0.0125509,0.0653189,0.0136906,0.0385482,0.0661194,0.143691,0.0134871,0.028521,0.0554952,0.0294166,0.0524423,0.0245455,0.0197286,0.105699,0.142252,0.00934871,0.025346,0.112809,0.146957,0.0172822,0.280125,0.119095,0.0817612,6.72157,75.0258,425.961,0.590231
0.228933,0.199067,0.3048,0.00493333,0.2928,0.0942667,0.0402667,0.203733,0.307467,0.400267,0.153467,0.555867,0.258533,0.382267,0.0950667,0.315467,0.2764,0.1632,1.91347,0.0965333,0.889067,0.361733,0.322,0.291733,0.2764,0.0704,0.00346667,0.002,0.00226667,0.0136,0.0048,0,0.112,0.00173333,0.00693333,0.0841333,0.144667,0.0068,0.0130667,0.0241333,0.014,0.00306667,0.00973333,0.0138667,0.044,0.0704,0.0024,0.0310667,0.03392,0.112347,0.02416,0.268147,0.295093,0.10364,5.95939,212.56,1968.75,0.693333
0.245,0.2725,0.3375,0.0475,0.3625,0.0225,0,0.185,0.3425,0.6175,0.0725,0.16,0.0725,0,0.0975,0.0725,0.1975,0.2125,1.1275,0.1175,0.6175,0,0.4625,0.3475,0.0475,0,0,0.0475,0,0,0,0,0,0.095,0,0.06,0,0,0.0225,0.2325,0,0,0,0,0.0475,0,0,0,0.02875,0.05475,0,0.315,0.40375,0.01025,550.561,1730.5,2387.5,1
0.304898,0.145918,0.277755,0.0906122,0.0734694,0.106531,0.0195918,0.136939,0.227959,0.393878,0.145102,0.62449,0.335306,0.649796,0.0255102,0.154694,0.27,0.117959,1.8549,0.0457143,0.857347,0.0320408,0.441633,0.286531,0.119796,0.0873469,0.0055102,0.00142857,0.00204082,0.00367347,0,0,0.298571,0,0,0.0291837,0.195102,0.00204082,0.00632653,0.0165306,0.0236735,0.00734694,0.00428571,0.0165306,0.0420408,0.0544898,0.00938775,0.0481633,0.0326735,0.117327,0.0109592,0.244653,0.32698,0.086898,5.40696,181.816,3331.84,0.734694
0.19,0,0.38,0,0,0.19,0,0,0,0,0.19,0.19,0,0,0,0.38,0,0.19,1.14,0,0.38,0,0,0,0,0,0,0,0,0,0,0,0,0,0,0,0,0,0,0,0,0,0,0,0,0,0,0,0.01,0.01,0,0,0,0.003,2.383,21,15841,1
0.0966667,0.0133333,0.2,0,0.153333,0.133333,0,0.0966667,0.0966667,0.313333,0.06,0.0733333,0.12,0,0.0633333,0.0133333,0.13,0.0633333,0.626667,0.0133333,0.276667,3.17667,0.23,0.183333,0,0,0,0,0,0,0,0,0,0.0466667,0,0.0133333,0,0,0.0266667,0,0,0,0,0,0.0633333,0,0,0,0.372333,0.095,0.014,0.14,0.03,0.00366667,15.1877,493,9113.67,1
0.249556,0.293889,0.810889,0.101778,0.593222,0.442889,0.22,0.210444,0.515889,0.718,0.174222,0.856667,0.164778,0.134778,0.794,0.316444,0.135556,0.729444,1.72556,0.737444,1.59944,0.0684444,0.492778,0.175778,0.036,0.001,0.0162222,0.00322222,0,0.00644444,0,0,0.00766667,0,0.0173333,0,0.0137778,0,0.00755556,0.0281111,0,0,0.0658889,0.00888889,0.0348889,0.0262222,0,0.00244444,0.00808889,0.0998556,0.000833333,0.597678,0.149978,0.0384,68.1102,704.833,1254.92,0.988889
