0.0961905,0.1465,0.343524,0.124786,0.394857,0.12531,0.21144,0.141857,0.0931429,0.278905,0.0859167,0.53444,0.110798,0.0326667,0.0361786,0.278929,0.297667,0.24469,1.65765,0.154488,0.991488,0.238143,0.151167,0.0901667,0.489798,0.21775,0.109214,0.0871548,0.0542619,0.0769762,0.0480714,0.0283095,0.0895,0.0290476,0.0718095,0.0803571,0.172857,0.0112262,0.0492976,0.0851905,0.0358452,0.0376667,0.0511548,0.0362024,0.145,0.139107,0.00475,0.0273333,0.0884893,0.146101,0.0185845,0.280489,0.106624,0.0608869,5.3533,55.4702,258.449,0.561905
0.192462,0.169077,0.298462,0.00569231,0.295846,0.102308,0.0455385,0.207692,0.270923,0.372615,0.132615,0.538615,0.208154,0.270308,0.0792308,0.330462,0.257385,0.167385,1.75585,0.110154,0.832,0.487692,0.288308,0.270769,0.318923,0.0812308,0.004,0.002,0.00230769,0.0156923,0.00553846,0,0.103077,0.002,0.00707692,0.0936923,0.154154,0.00753846,0.0150769,0.0253846,0.0152308,0.00292308,0.00846154,0.0150769,0.0441538,0.0755385,0.00246154,0.0335385,0.0372923,0.114662,0.0278769,0.244538,0.247108,0.106185,5.84029,140.769,1893.6,0.661538
0,0,0,0.04,0,0,0,0,0,0,0,0,0,0,0,0.02,0,0,0.02,0,0,0,0,0,0,0,0,0,0,0,0,0,0,0,0,0,0,0,0,0,0,0,0,0,0,0,0,0,1.024,9.752,0.003,1.542,1.785,1.998,239.571,9989,10062,1
0.130466,0.151244,0.348705,0.395233,0.28829,0.124145,0.077513,0.14342,0.389119,0.464715,0.1,0.511813,0.13487,0.0892746,0.143161,0.267668,0.119793,0.360155,1.45389,0.207047,0.933679,0.797565,0.165233,0.175596,0.441088,0.160777,0.027772,0.0221762,0.00699482,0.0236788,0.0259585,0.00145078,0.0966839,0.00243523,0.112902,0.0287565,0.139534,0.00300518,0.0259585,0.0311917,0.0084456,0.0283938,0.00626943,0.0113472,0.0394819,0.0370466,0.00911917,0.031399,0.0476321,0.122839,0.0397824,0.303358,0.156617,0.0963368,5.72568,106.415,1066.07,0.658031
0.29898,0.145102,0.276531,0.0906122,0.0679592,0.107755,0.0195918,0.12898,0.215918,0.360204,0.141633,0.628776,0.319184,0.650204,0.0206122,0.157347,0.258367,0.112449,1.80592,0.0457143,0.819388,0.0320408,0.429184,0.272245,0.119796,0.0873469,0.0055102,0.00183673,0.00244898,0.00367347,0,0,0.333265,0,0,0.0320408,0.212041,0.00244898,0.00469388,0.0130612,0.024898,0.00816327,0.00469388,0.0177551,0.0385714,0.0604082,0.00979592,0.0512245,0.0333265,0.119265,0.0109592,0.233367,0.325633,0.0866735,5.05935,159.551,3321.94,0.714286
0.12,0.01,0.245,0,0.115,0.1475,0,0.0725,0.0725,0.235,0.0925,0.1025,0.09,0,0.0475,0.105,0.0975,0.095,0.755,0.01,0.3025,2.3825,0.1725,0.1375,0,0,0,0,0,0,0,0,0,0.035,0,0.01,0,0,0.02,0,0,0,0,0,0.0475,0,0,0,0.28175,0.07375,0.0105,0.105,0.0225,0.0035,11.9865,375,10795.5,1
0.177703,0.184865,0.823784,0.123784,0.67027,0.486892,0.258514,0.166486,0.538784,0.569324,0.204324,0.749865,0.141892,0.106622,0.89527,0.301486,0.12,0.720811,1.57811,0.796216,1.2527,0.0832432,0.489459,0.14,0.0437838,0.00121622,0.0197297,0.00391892,0,0.00783784,0,0,0.00486486,0,0.00567568,0,0.0167568,0,0,0.0363514,0,0,0.0797297,0.0108108,0.0405405,0.032973,0,0,0.00781081,0.088527,0.00101351,0.510568,0.145027,0.0247973,75.9667,741.878,1342.28,0.986486
0.154902,0.165931,0.36902,0.244559,0.379706,0.133725,0.0956863,0.142279,0.251348,0.355882,0.0937745,0.752647,0.13348,0.101569,0.0842892,0.282966,0.240833,0.151446,1.66828,0.12848,1.12733,0.30375,0.163775,0.170662,0.632132,0.146961,0.0187255,0.0164706,0.0141912,0.0194363,0.00973039,0.00485294,0.0782353,0.00539216,0.0252696,0.0584069,0.124338,0.0122304,0.0221814,0.0195343,0.0330147,0.0755637,0.0160049,0.012451,0.0613725,0.10701,0.00977941,0.0173284,0.0785221,0.151417,0.0133382,0.453662,0.147998,0.0615245,7.04885,95.3848,582.858,0.632353
0.423571,0.367857,0.315714,0.0135714,0.220714,0.0257143,0.00428571,0.202143,0.498571,0.714286,0.221429,0.5,0.484286,0.791429,0.0657143,0.161429,0.382857,0.104286,2.52214,0.0335714,1.21357,0,0.512143,0.500714,0.0135714,0,0,0.0135714,0,0,0,0,0,0.0271429,0.00428571,0.0228571,0,0,0.0121429,0.0785714,0,0,0,0,0.0507143,0,0,0,0.0136429,0.0711429,0,0.421857,0.560857,0.0883571,163.147,1017,2446.71,1
0.08979,0.24489,0.232161,0.00201151,0.277206,0.0706231,0.0916864,0.0827328,0.028168,0.181995,0.0377142,0.510958,0.0717237,0.0390213,0.0204741,0.233437,0.0814765,0.149543,1.67148,0.0347985,0.69339,0.0104267,0.0535489,0.0696275,0.590508,0.317467,1.15938,0.165764,0.136173,0.133518,0.0840535,0.064487,0.100982,0.0651439,0.132624,0.116353,0.130582,0.0152828,0.103231,0.0699865,0.0519776,0.182983,0.0523908,0.109736,0.414091,0.219912,0.00496783,0.0358449,0.0186062,0.135651,0.0158842,0.232226,0.0393342,0.0313129,2.23087,12.3275,57.5933,0.26617
