0.099375,0.110694,0.329861,0.00805556,0.484792,0.168681,0.223403,0.0774306,0.0638889,0.225347,0.084375,0.490903,0.128542,0.0119444,0.0897917,0.440556,0.204792,0.264792,1.92438,0.206944,1.04174,0.121528,0.177847,0.154306,0.334792,0.193681,0.105556,0.109653,0.0365972,0.117014,0.0338889,0.0338889,0.0786806,0.0432639,0.0630556,0.0708333,0.0620833,0,0.117431,0.0790972,0.00916667,0.0197917,0.0109722,0.0134028,0.215972,0.120486,0,0.00229167,0.00775,0.123049,0.00234722,0.362465,0.0692431,0.170354,5.13831,53.6389,131.653,0.618056
0,14.1478,0,0,0,0,0,0,0,0.132222,0,0,0,0,0,0,0,0,0,0,0,0,0,0,0,0,0,0,0,0,0,0,0,0,0,0,0,0,0,0,0,0,0,0,0.132222,0,0,0,0,0,0,0,0,0,1.77778,4.88889,9.02778,0
0,0,0,0,0,0,0,0,0,0,0,0,0,0,0,0.325203,0,0,0,0,0,0,0,0,0.0903252,0.116098,20.068,0,0,0,0,0,0,0,0,0,0,0,0,0,0,0.18065,0,0,0.0541463,0,0,0,0,0.0285203,0,0.00934146,0,0,1.20634,1.6748,5.45528,0
0.36,0.589231,0.798462,0.0233333,0.407436,0.204615,0.199487,0.260513,0.38,1.21641,0.134872,1.16923,0.119744,0.220256,0.307692,0.725641,0.20359,0.38641,1.89256,0.254359,2.53513,0.0141026,0.438205,0.227179,0.00641026,0.0130769,0,0,0,0,0,0,0.0166667,0,0.0415385,0.0107692,0.0838462,0.00923077,0,0,0,0,0.00461538,0,0.0689744,0.0123077,0,0.0197436,0.0108205,0.128872,0.0453077,0.955205,0.234462,0.0679231,39.2278,490.051,741.077,0.974359
0.30617,0.144894,0.280426,0.0917021,0.0723404,0.106809,0.0193617,0.139787,0.221064,0.399574,0.144681,0.630213,0.341064,0.652766,0.0255319,0.158936,0.276596,0.12,1.86936,0.0476596,0.868511,0.0334043,0.447021,0.28766,0.0951064,0.0604255,0.00510638,0.00148936,0.00212766,0.00382979,0,0,0.309362,0,0,0.0297872,0.176383,0.00148936,0.00659574,0.017234,0.0246809,0.00765957,0.00446809,0.0159574,0.0421277,0.0568085,0.00978723,0.0502128,0.0292553,0.115766,0.00757447,0.24734,0.329319,0.0877872,5.44715,185.447,3357.47,0.744681
0.0923109,0.0971429,0.36105,0.00365546,0.346765,0.137605,0.152983,0.154076,0.0704622,0.253277,0.0971429,0.485798,0.117605,0.0419748,0.0176471,0.289286,0.169034,0.19479,1.60168,0.129706,0.894538,0.0146218,0.16437,0.0826471,0.566261,0.303992,0.101891,0.132731,0.0582353,0.111008,0.0527731,0.0281092,0.145252,0.0281092,0.106134,0.103361,0.211933,0.00928571,0.0591176,0.0607563,0.0716807,0.0369748,0.057605,0.0569748,0.150588,0.181849,0.00457983,0.0335294,0.0411176,0.146067,0.0160546,0.245832,0.0827689,0.0302857,3.20796,33.2101,198.828,0.508403
0.160521,0.188021,0.38625,0.455833,0.290208,0.147292,0.0482292,0.1125,0.335729,0.350833,0.0761458,0.692708,0.200937,0.150729,0.205729,0.123854,0.158229,0.200625,1.74552,0.140417,1.00625,0,0.122396,0.214271,0.755208,0.178646,0.0279167,0.0204167,0.0136458,0.0332292,0.018125,0.00447917,0.074375,0.00447917,0.0319792,0.0539583,0.0946875,0.00666667,0.0183333,0.0401042,0.0078125,0.129896,0.0353125,0.0128125,0.041875,0.0215625,0.00479167,0.020625,0.127104,0.154135,0.0161562,0.853125,0.239729,0.0252396,4.39967,85.2812,739.562,0.59375
0.0939048,0.103333,0.315857,0.0104762,0.385381,0.130714,0.0993333,0.103238,0.0650476,0.230095,0.0681905,0.544238,0.141476,0.025381,0.0489524,0.219857,0.209143,0.257429,1.56224,0.104095,0.795619,0.306571,0.177048,0.0812381,0.579762,0.244333,0.111238,0.0741905,0.0639048,0.0758095,0.0352857,0.0338571,0.0667619,0.0368095,0.063619,0.087619,0.162,0.0012381,0.0373333,0.0584762,0.0192381,0.0349524,0.0480476,0.0335238,0.155048,0.157905,0,0.0221905,0.0536905,0.157752,0.0264619,0.23619,0.117338,0.0590381,3.60063,40.5429,266.824,0.566667
0.126843,0.0696758,0.239693,0.00457338,0.216297,0.0580205,0.107747,0.151143,0.0420137,0.234164,0.0751365,0.541758,0.088942,0.0424061,0.0231741,0.204181,0.115785,0.180154,1.57486,0.0259044,0.94698,0.0094198,0.0532253,0.0803754,0.652543,0.335188,0.216109,0.237423,0.0819795,0.145751,0.0643174,0.0482253,0.151809,0.0482253,0.142355,0.121689,0.215444,0.00491468,0.100444,0.0542662,0.0286348,0.0912116,0.0808703,0.0787713,0.295939,0.216843,0.0056314,0.030256,0.01743,0.162481,0.0151416,0.275828,0.0573925,0.0417184,2.80223,17.0324,71.0734,0.37372
0.124369,0.151165,0.388058,0.138932,0.295534,0.120291,0.0875728,0.185922,0.42767,0.512816,0.123107,0.543204,0.126602,0.0648544,0.134466,0.267767,0.151748,0.370291,1.39942,0.174272,0.920097,0.840485,0.124078,0.195534,0.500194,0.150583,0.0302913,0.0246602,0.00553398,0.0266019,0.0197087,0.00184466,0.122816,0.00368932,0.124757,0.0323301,0.138544,0.00174757,0.0326214,0.0313592,0.00932039,0.0270874,0.00524272,0.0121359,0.0353398,0.0365049,0.00640777,0.0286408,0.0594369,0.108631,0.043534,0.361893,0.179961,0.0961359,4.62002,76.9126,968.757,0.679612
0.096,0.008,0.196,0.008,0.092,0.118,0,0.058,0.058,0.188,0.074,0.082,0.072,0,0.038,0.088,0.078,0.076,0.608,0.008,0.242,1.906,0.138,0.11,0,0,0,0,0,0,0,0,0,0.028,0,0.008,0,0,0.016,0,0,0,0,0,0.038,0,0,0,0.4302,2.0094,0.009,0.3924,0.375,0.4024,57.5034,2297.8,10648.8,1
0.132454,0.117975,0.374172,0.0220245,0.300552,0.083865,0.0907975,0.15773,0.132331,0.300307,0.0700613,0.493742,0.0968712,0.0333129,0.0523926,0.272331,0.20773,0.223497,1.59699,0.181227,0.921472,0.641902,0.143804,0.0917791,0.441902,0.181411,0.0732515,0.0726994,0.0534969,0.0541718,0.0392025,0.0182822,0.0406135,0.0182822,0.0509202,0.0639264,0.15816,0.0234356,0.0376074,0.069816,0.0198773,0.0482822,0.0420245,0.0469939,0.117546,0.161288,0.0177914,0.0442331,0.252006,0.148252,0.0137791,0.297227,0.141742,0.144227,4.1172,52.7485,351.27,0.552147
0.126271,0.223729,0.718644,0.155254,0.610169,0.6,0.298305,0.171017,0.580678,0.410678,0.259492,0.782373,0.173729,0.103051,1.08542,0.330508,0.179661,0.895593,1.74034,0.863898,1.1222,0.0979661,0.598983,0.160678,0.00152542,0.00152542,0,0,0,0,0,0,0.00610169,0,0.00711864,0,0.0111864,0,0,0.030678,0,0,0.10322,0.0135593,0.0508475,0.0413559,0,0,0.00979661,0.0991186,0.00127119,0.399593,0.15461,0.026339,14.4797,640.254,1368.29,1
0.0908955,0.0886567,0.259701,0.28597,0.261642,0.0741791,0.0646269,0.0637313,0.288358,0.33806,0.071194,0.44403,0.13597,0.149403,0.0938806,0.292239,0.0608955,0.24209,1.3491,0.207313,0.839552,0.850448,0.0931343,0.0937313,0.38403,0.18,0.0319403,0.0191045,0.00880597,0.0165672,0.0334328,0.00134328,0.0777612,0.00134328,0.103582,0.0223881,0.171493,0.000597015,0.0171642,0.0401493,0.01,0.0364179,0.00447761,0.0114925,0.0444776,0.050597,0.0164179,0.039403,0.0350597,0.150657,0.0208806,0.216388,0.121388,0.109328,6.09328,95.806,1222.91,0.58209
0.265333,0.096,1.166,0.0126667,0.944667,0.0293333,0.102,0.0686667,0.426,0.932667,0,0.154,0.0293333,0,0.147333,0.110667,0,0.0893333,0.741333,0.580667,0.764,0,0.0893333,0.0853333,0.222667,0,0.0973333,0.032,0,0.0386667,0,0,0,0.0253333,0,0.01,0.0386667,0,0,0.120667,0,0,0,0,0,0,0,0,0.00473333,0.0106,0,0.694133,0.172533,0.002,445.507,1363.2,1569.4,0.933333
0.131365,0.110943,0.254218,0,0.405484,0.081861,0.134417,0.109206,0.0381638,0.19201,0.0476179,0.533027,0.0637221,0.0243424,0.045062,0.359603,0.153027,0.198759,1.77199,0.0566253,0.843375,0.0229529,0.10335,0.0609429,0.527643,0.350174,0.230993,0.219777,0.0760298,0.109851,0.0634988,0.0701489,0.0744169,0.0701489,0.129727,0.148586,0.145062,0.00667494,0.101067,0.0609926,0.0373449,0.0435236,0.0930521,0.106576,0.249578,0.199926,0.00622829,0.0414888,0.0216253,0.134469,0.018062,0.243248,0.0677767,0.0397047,2.5037,17.3846,105.799,0.431762
0.296341,0.260976,0.308293,0.00317073,0.23439,0.0721951,0.04,0.137073,0.386341,0.500976,0.198537,0.554878,0.346829,0.654634,0.0785366,0.235854,0.302439,0.100976,2.26732,0.032439,1.03293,0.0409756,0.355122,0.348293,0.416341,0.0970732,0.00146341,0.000487805,0.00097561,0.00804878,0,0,0.121951,0,0.00756098,0.0465854,0.145366,0.00268293,0.00902439,0.0136585,0.012439,0.00390244,0.00804878,0.0131707,0.0563415,0.052439,0.00170732,0.0358537,0.028878,0.105634,0.00982927,0.317683,0.4,0.0903659,6.0851,284.951,2294.07,0.780488
0.156512,0.13093,0.286279,0.00860465,0.309302,0.117209,0.0388372,0.243488,0.218837,0.341628,0.0962791,0.576977,0.154884,0.0737209,0.0732558,0.351163,0.222791,0.204884,1.59535,0.137674,0.807442,0.939535,0.285349,0.245349,0.178837,0.0886047,0.00627907,0.00581395,0.00302326,0.017907,0.0111628,0,0.0844186,0.00302326,0.00581395,0.10907,0.147907,0.01,0.0162791,0.0253488,0.0125581,0.00162791,0.0055814,0.0169767,0.0293023,0.0709302,0.00255814,0.0218605,0.042,0.122279,0.0399767,0.217116,0.174535,0.124535,5.93244,130.07,1627.84,0.604651
0.0948817,0.0885947,0.256213,0,0.226598,0.0604586,0.116538,0.0575148,0.0272633,0.199186,0.0316272,0.568077,0.0852663,0.0383284,0.0177515,0.234512,0.0668047,0.148683,1.73666,0.0102071,0.599246,0,0.0521006,0.0352515,1.04698,0.511849,0.384675,0.289778,0.259053,0.285399,0.226169,0.171598,0.0969083,0.171598,0.270991,0.24534,0.190444,0.0114645,0.171716,0.179467,0.0780473,0.222263,0.049068,0.130266,0.380843,0.19929,0.00150888,0.0346893,0.018787,0.168786,0.0130695,0.200433,0.0440311,0.035105,2.10251,9.34172,40.2678,0.214497
0.0605263,0.244211,0.36807,0.00859649,0.639825,0.164035,1.06333,0.240175,0.208596,0.519123,0.222982,0.648947,0.0478947,0.022807,0.0161404,0.638246,0.785439,0.300526,2.20333,0.19,1.61053,0,0.135789,0.100175,0.0473684,0.0138596,0.115614,0.0349123,0.00877193,0.00438596,0.127018,0,0,0.0126316,0.0594737,0.0133333,0.108246,0,0.0517544,0.333333,0,0.00350877,0,0,0.174737,0,0,0.0175439,0.0112456,0.153632,0.0104211,0.423193,0.095614,0.0428246,25.2799,214.281,388.439,0.754386
0.157181,0.0943624,0.34302,0.00187919,0.321208,0.140336,0.0628859,0.178389,0.236443,0.277181,0.088255,0.738993,0.0983221,0.0980537,0.0226846,0.188792,0.273356,0.0995973,1.44503,0.169799,1.22128,0.211879,0.137315,0.164094,0.793221,0.154899,0.0146309,0.00563758,0.00644295,0.0131544,0.0112081,0.00100671,0.10349,0.00302013,0.0120134,0.0624832,0.16094,0.0165772,0.0227517,0.0208054,0.0679195,0.0768456,0.00932886,0.0158389,0.0603356,0.213356,0.00241611,0.00711409,0.0814564,0.169054,0.0170134,0.281946,0.0977584,0.0612416,4.25561,64.7315,584.624,0.577181
0.0813589,0.123206,0.303101,0.00731707,0.403554,0.197003,0.125645,0.109895,0.0387456,0.25223,0.0367596,0.588676,0.08777,0.0066899,0.0163763,0.219617,0.120976,0.180105,1.57118,0.029338,1.08132,0.00432056,0.114355,0.0993031,0.625261,0.379582,0.238293,0.1777,0.111394,0.130697,0.0723345,0.0673868,0.107003,0.0694425,0.129686,0.114146,0.178676,0.000801394,0.101359,0.081777,0.0464112,0.0570383,0.099547,0.0289895,0.250592,0.111394,0.00958188,0.0176655,0.0272648,0.166509,0.0251533,0.194979,0.0607526,0.0122265,2.44565,17.4669,149.31,0.442509
0.12726,0.330959,0.413562,1.24178,0.789726,0.169863,0.512055,0.193699,0.0772603,0.37,0.0973973,0.633425,0.124521,0.0542466,0.0484932,0.630959,1.02452,0.349452,2.27164,0.385616,1.78589,0,0.151507,0.167945,0.00780822,0.00780822,0,0.00849315,0,0.0132877,0,0,0.00821918,0,0.00643836,0.0430137,0.109315,0.0213699,0.0327397,0.0482192,0,0,0,0.00753425,0.079863,0.0191781,0,0,0.00484931,0.124726,0.0116712,0.604671,0.180452,0.0306164,8.27162,129,224.288,0.931507
0.0522618,0.0460737,0.208895,0,0.281372,0.0380305,0.029479,0.0462008,0.0121982,0.130038,0.00928844,0.514409,0.0513088,0.0655019,0.0021601,0.144142,0.0180051,0.117243,1.95446,0.0357814,0.477637,0,0.00269377,0.0854765,0.318971,0.156239,0.522135,0.012986,0.152274,0.0356544,0.0158831,0,0.111728,0,0.0451207,0.0151588,0.0375095,0.0401271,0.0669377,0.00552732,0.0731131,0.362198,0.022554,0.175451,0.757344,0.339365,0.0064676,0.056798,0.0217332,0.102309,0.0205807,0.252949,0.00538882,0.00240152,1.50067,3.55909,13.3888,0.090216
0.116104,0.137792,0.234935,0.67961,0.409351,0.111429,0.0611039,0.110584,0.222662,0.228182,0.0911039,0.675325,0.120909,0.0444156,0.0425974,0.199805,0.232922,0.166039,1.63429,0.0744156,0.727143,0.75987,0.17526,0.133961,0.668896,0.193442,0.0612338,0.0307792,0.0261688,0.0320779,0.0120779,0.0135065,0.0812338,0.00831169,0.0407143,0.0734416,0.120714,0.0224675,0.018961,0.0116883,0.0330519,0.0468182,0.0183117,0.0106494,0.0623377,0.0823377,0.0205844,0.0234416,0.105701,0.125617,0.0127338,0.173851,0.091026,0.0872338,4.46466,46.6818,463.273,0.558442
