0.096056,0.150458,0.339288,0.185725,0.476387,0.125852,0.200331,0.135751,0.0747583,0.289466,0.080229,0.553486,0.144275,0.0458015,0.0434097,0.305674,0.345318,0.24883,1.68051,0.120916,0.953664,0.0908397,0.154504,0.0895674,0.451858,0.234402,0.101247,0.104453,0.0522137,0.0872774,0.0429262,0.0330789,0.12201,0.0338931,0.076285,0.0962341,0.166361,0.00977099,0.0464885,0.0741221,0.00638677,0.0278372,0.0517303,0.04743,0.138092,0.0579135,0.00277354,0.0227226,0.0314071,0.148379,0.0172952,0.306407,0.100913,0.0365903,3.90749,48.9135,218.102,0.597964
0,0,0,0.04,0,0,0,0,0,0,0,0,0,0,0,0.02,0,0,0.02,0,0,0,0,0,0,0,0,0,0,0,0,0,0,0,0,0,0,0,0,0,0,0,0,0,0,0,0,0,1.024,9.752,0.003,1.542,1.785,1.998,239.571,9989,10062,1
0.19,0,0.38,0,0,0.19,0,0,0,0,0.19,0.19,0,0,0,0.38,0,0.19,1.14,0,0.38,0,0,0,0,0,0,0,0,0,0,0,0,0,0,0,0,0,0,0,0,0,0,0,0,0,0,0,0.01,0.01,0,0,0,0.003,2.383,21,15841,1
0.351613,0.316452,0.337419,0.00419355,0.224516,0.0554839,0.0354839,0.122903,0.472903,0.526452,0.234516,0.617097,0.41,0.855161,0.0790323,0.174194,0.310323,0.0674194,2.52129,0.0174194,1.15516,0,0.368387,0.397419,0.100323,0.103548,0.00129032,0.000645161,0.000645161,0,0,0,0.143548,0,0.00225806,0.0145161,0.154516,0.00290323,0,0.00258065,0.00516129,0.00193548,0.00741935,0.00451613,0.0558065,0.0219355,0.00225806,0.0187097,0.0295161,0.104484,0.0106129,0.336968,0.495,0.0942581,5.85813,303.29,2361.42,0.870968
0.0767742,0.144516,0.270484,0.309032,0.291129,0.0775806,0.0698387,0.0680645,0.289032,0.382419,0.0725806,0.45371,0.12,0.161452,0.101452,0.297097,0.08,0.262903,1.36306,0.230161,0.895968,0.919032,0.0819355,0.0864516,0.38871,0.166129,0.0309677,0.0206452,0.00645161,0.0179032,0.036129,0.00145161,0.0609677,0.00145161,0.111935,0.0180645,0.169355,0.000645161,0.00758065,0.0419355,0.00967742,0.0393548,0.00790323,0.0108065,0.0445161,0.0546774,0.0177419,0.0390323,0.0265161,0.153661,0.0144355,0.214935,0.129581,0.107226,6.35185,95.3387,1205.87,0.612903
0.157714,0.151286,0.832143,0.130857,0.683857,0.509286,0.273286,0.156714,0.569571,0.518857,0.216,0.673714,0.15,0.0868571,0.946429,0.299429,0.126857,0.762,1.56329,0.841714,1.06029,0.0825714,0.517429,0.148,0.0462857,0.00128571,0.0208571,0.00414286,0,0.00828571,0,0,0.00514286,0,0.006,0,0.0177143,0,0,0.0384286,0,0,0.0842857,0.0114286,0.0428571,0.0348571,0,0,0.00825714,0.0813571,0.00107143,0.468114,0.144014,0.0218571,76.1868,743.457,1373.1,0.985714
0.0587837,0.407851,0.198265,0,0.230677,0.0425847,0.0466344,0.0416171,0.0193711,0.144333,0.0121631,0.464368,0.0602281,0.0535314,0.00398065,0.191071,0.0321009,0.114527,1.67086,0.0226952,0.470207,0,0.0181341,0.0572909,0.580304,0.281451,2.14769,0.119537,0.186551,0.122156,0.101023,0.0724879,0.0907809,0.0724879,0.122737,0.108272,0.0890878,0.0266275,0.0992605,0.07698,0.0714858,0.292018,0.0299793,0.143531,0.571679,0.242571,0.00422253,0.0428818,0.0192101,0.120187,0.0167574,0.204902,0.0210263,0.00686178,1.68757,5.3414,20.557,0.117484
0.29,0.04,0.04,0,0.14,0.04,0,0.29,0.29,0.94,0.14,0.04,0.14,0,0.19,0.04,0.39,0.19,1.6,0.04,0.79,9.53,0.69,0.47,0,0,0,0,0,0,0,0,0,0,0,0.04,0,0,0.04,0,0,0,0,0,0.19,0,0,0,1.117,0.053,0,0.356,0.09,0.011,12.332,1171,9163,1
0.122479,0.108678,0.380455,0.0157438,0.29438,0.113884,0.0988843,0.143058,0.0883471,0.250868,0.0852066,0.490124,0.0947934,0.0256198,0.0334298,0.304339,0.207355,0.241446,1.63657,0.215868,0.914298,0.518884,0.161157,0.0996694,0.533802,0.196281,0.067562,0.0589256,0.042562,0.0505372,0.0330992,0.0132645,0.0446694,0.0145041,0.0578512,0.0542562,0.176901,0.0064876,0.0310331,0.0426446,0.0242975,0.0404132,0.0388017,0.0351653,0.123843,0.226405,0.0119835,0.0360744,0.167471,0.15131,0.0219091,0.29638,0.128562,0.11812,4.15042,53.8388,324.781,0.570248
0.318864,0.152727,0.29,0.0979545,0.0681818,0.114091,0.0206818,0.137273,0.221591,0.383864,0.149545,0.667273,0.346364,0.696136,0.0213636,0.169773,0.279318,0.118636,1.93659,0.0509091,0.881364,0.0356818,0.463636,0.291364,0.101591,0.0645455,0.00545455,0.00159091,0.00227273,0.00409091,0,0,0.328864,0,0,0.0270455,0.188409,0.00159091,0.00522727,0.0143182,0.0159091,0.00818182,0.00477273,0.0163636,0.0411364,0.0425,0.0102273,0.0520455,0.0296136,0.114477,0.00468182,0.251023,0.347659,0.0929773,5.2437,169.523,3258.82,0.772727
0.124369,0.151165,0.388058,0.138932,0.295534,0.120291,0.0875728,0.185922,0.42767,0.512816,0.123107,0.543204,0.126602,0.0648544,0.134466,0.267767,0.151748,0.370291,1.39942,0.174272,0.920097,0.840485,0.124078,0.195534,0.500194,0.150583,0.0302913,0.0246602,0.00553398,0.0266019,0.0197087,0.00184466,0.122816,0.00368932,0.124757,0.0323301,0.138544,0.00174757,0.0326214,0.0313592,0.00932039,0.0270874,0.00524272,0.0121359,0.0353398,0.0365049,0.00640777,0.0286408,0.0594369,0.108631,0.043534,0.361893,0.179961,0.0961359,4.62002,76.9126,968.757,0.679612
0.195,0.5,0.4,0.095,0.58,0,0,0,0.39,0.19,0,0.2,0,0,0,0.1,0,0,0.195,0.19,0.39,0,0,0.2,0.095,0,0,0.095,0,0,0,0,0,0.19,0,0,0,0,0,0,0,0,0,0,0,0,0,0,0,0.035,0,0.4155,0.7295,0.015,1062,2123,2124,1
0.0685,0.211667,0.305333,0.328833,0.613167,0.163,1.0545,0.248,0.219833,0.485,0.211833,0.615333,0.0258333,0.0216667,0.0153333,0.506167,0.743833,0.267667,2.08067,0.202333,1.806,0.0143333,0.095,0.0998333,0.045,0.0131667,0.109833,0.0331667,0.00833333,0.00416667,0.120667,0,0,0.00483333,0.0565,0.0215,0.1035,0,0.058,0.316667,0,0.00333333,0,0.00466667,0.185833,0.00733333,0,0.0166667,0.00808333,0.135033,0.0108667,0.38335,0.1262,0.0430833,25.6691,210.667,369.25,0.75
0.36,0.589231,0.798462,0.0233333,0.407436,0.204615,0.199487,0.260513,0.38,1.21641,0.134872,1.16923,0.119744,0.220256,0.307692,0.725641,0.20359,0.38641,1.89256,0.254359,2.53513,0.0141026,0.438205,0.227179,0.00641026,0.0130769,0,0,0,0,0,0,0.0166667,0,0.0415385,0.0107692,0.0838462,0.00923077,0,0,0,0,0.00461538,0,0.0689744,0.0123077,0,0.0197436,0.0108205,0.128872,0.0453077,0.955205,0.234462,0.0679231,39.2278,490.051,741.077,0.974359
0.153725,0.101176,0.347712,0.00503268,0.316078,0.13732,0.0697386,0.178954,0.230261,0.281634,0.0866013,0.740654,0.109085,0.0954902,0.0220915,0.224444,0.266209,0.109673,1.42549,0.165359,1.19196,0.20634,0.147059,0.159804,0.789412,0.154902,0.0142484,0.00614379,0.00627451,0.0128105,0.010915,0.000980392,0.101438,0.00294118,0.0116993,0.0621569,0.162614,0.0161438,0.0228105,0.0202614,0.0661438,0.077451,0.0103922,0.016732,0.0619608,0.213007,0.00235294,0.00823529,0.0804444,0.170275,0.0166667,0.284392,0.100529,0.0596405,4.30273,66.9477,583.163,0.575163
0.005,0.005,0.035,0,0.025,0,0,0.005,0.015,0.065,0.025,0,0,0.025,0,0,0.005,0.035,0.005,0,0.005,0,0,0,0,0,0,0,0,0,0,0,0.035,0,0,0.065,0,0,0,0.005,0.23,0,0,0.015,0,0.4,0.005,0.035,0.036,0.1615,0.075,0.012,0.056,0.012,3.0295,43.5,5648.5,0
0.11799,0.0864663,0.244984,0.0027772,0.246829,0.066,0.134207,0.130083,0.0334093,0.230187,0.0706943,0.573244,0.0802798,0.0332953,0.0363834,0.245813,0.109005,0.183171,1.65603,0.0358135,0.864249,0.0142591,0.0616166,0.075171,0.654539,0.362891,0.211254,0.235482,0.0917927,0.159617,0.0747668,0.0599896,0.129389,0.0599896,0.15601,0.127907,0.186746,0.0054715,0.106736,0.0617306,0.0301036,0.102363,0.0738653,0.0978031,0.267544,0.241772,0.00582383,0.0287565,0.0171699,0.152748,0.0123917,0.251452,0.0488176,0.0539368,2.63148,15.8953,72.7927,0.357513
0.086,0.081,0.218,0.003,0.1945,0.0915,0.0335,0.15,0.0675,0.177,0.0605,0.483,0.099,0.0515,0.03,0.341,0.182,0.171,0.9615,0.071,0.4255,0.307,0.1265,0.089,0.8245,0.088,0.0055,0.004,0.0075,0.0395,0.018,0,0.1545,0,0.0185,0.127,0.196,0.009,0.03,0.039,0.0445,0.0085,0.013,0.037,0.0285,0.1895,0.0025,0.0625,0.05635,0.13565,0.0295,0.1674,0.0618,0.06675,4.51795,111.8,1915.25,0.3
0.35,0.08,0.35,0,0.35,0,0,0.52,0.61,1.76,0.17,0.26,0.79,0,0.26,0,0.7,0.35,2.64,0,2.03,0,0.61,0.7,0,0,0,0,0,0,0,0,0,0,0,0.08,0,0,0.08,0.17,0,0,0,0,0.17,0,0,0,0,0.081,0,0.556,0.069,0.011,19.234,1170,3116,1
0.160521,0.188021,0.38625,0.455833,0.290208,0.147292,0.0482292,0.1125,0.335729,0.350833,0.0761458,0.692708,0.200937,0.150729,0.205729,0.123854,0.158229,0.200625,1.74552,0.140417,1.00625,0,0.122396,0.214271,0.755208,0.178646,0.0279167,0.0204167,0.0136458,0.0332292,0.018125,0.00447917,0.074375,0.00447917,0.0319792,0.0539583,0.0946875,0.00666667,0.0183333,0.0401042,0.0078125,0.129896,0.0353125,0.0128125,0.041875,0.0215625,0.00479167,0.020625,0.127104,0.154135,0.0161562,0.853125,0.239729,0.0252396,4.39967,85.2812,739.562,0.59375
0.295,0.045,0.275,0,0.145,0.045,0,0.37,0.295,1.045,0.145,0.12,0.145,0,0.195,0.045,0.395,0.425,2.06,0.045,0.845,0,0.925,0.495,0,0,0,0,0,0,0,0,0,0,0,0.12,0,0,0.045,0.465,0,0,0,0,0.095,0,0,0,0.0575,0.0745,0,0.2145,0.078,0.0055,39.1215,1338,2651,1
0.184211,0.127368,0.290789,0.00815789,0.326053,0.123947,0.0405263,0.23,0.264474,0.361579,0.104474,0.554211,0.204211,0.065,0.0771053,0.358421,0.230789,0.193421,1.83974,0.136842,0.906053,0.945789,0.332895,0.280526,0.178684,0.120526,0.0105263,0.00447368,0.005,0.00815789,0.00315789,0,0.0663158,0.00342105,0.00315789,0.102632,0.121053,0.00710526,0.0278947,0.0231579,0.00184211,0,0.00210526,0.0128947,0.0342105,0.0192105,0.00157895,0.0210526,0.0423421,0.113079,0.0449211,0.255237,0.195711,0.144553,6.54313,142.237,1534.71,0.684211
0.1175,0.131667,0.241131,0.627619,0.399464,0.10875,0.0577381,0.110893,0.226726,0.241726,0.0908333,0.654286,0.116012,0.0407143,0.0422619,0.202262,0.232321,0.161905,1.67274,0.0780952,0.742679,0.758214,0.166131,0.13369,0.609405,0.175476,0.0592262,0.0333333,0.0331548,0.0311905,0.0122619,0.0135714,0.0775595,0.011369,0.0385119,0.0801786,0.116667,0.035119,0.0216667,0.0215476,0.0302976,0.050119,0.0161905,0.0097619,0.0616667,0.0707143,0.018869,0.0208929,0.120958,0.130155,0.0119048,0.19003,0.0923214,0.086256,4.47454,47.75,457.339,0.559524
0.112219,0.106976,0.313024,0.00495441,0.433404,0.153374,0.141444,0.108511,0.0453799,0.202933,0.047538,0.527508,0.0852736,0.010152,0.0350608,0.300304,0.160046,0.196702,1.68526,0.0783739,0.997736,0.0300152,0.141444,0.0920365,0.51924,0.325289,0.203602,0.15769,0.0851064,0.120897,0.0566261,0.0521884,0.0830395,0.0551368,0.115137,0.113298,0.155243,0.00200608,0.107933,0.0703951,0.0611398,0.0426748,0.0792249,0.0374012,0.24807,0.152872,0.00446809,0.0308359,0.0286793,0.144722,0.0194529,0.254421,0.0763556,0.0506307,3.02927,25.0426,136.647,0.490881
0,0,0.28,0,0.16,0.18,0,0,0,0,0.02,0.09,0.11,0,0,0,0,0,0.14,0,0.02,0,0,0.04,0,0,0,0,0,0,0,0,0,0.07,0,0,0,0,0.02,0,0,0,0,0,0,0,0,0,0,0.116,0.021,0.032,0,0,16.6155,154,9089,1
