0.176453,0.198779,0.433052,0.173198,0.313081,0.141599,0.0905814,0.18,0.339186,0.469855,0.102791,0.69968,0.129971,0.121017,0.137151,0.277936,0.214244,0.23625,1.51971,0.184477,1.18828,0.364738,0.147093,0.207529,0.616512,0.140872,0.0226453,0.0155233,0.00703488,0.0215988,0.0160174,0.00223837,0.0897674,0.00366279,0.0560465,0.0473256,0.129593,0.00909884,0.0230523,0.0290988,0.0249419,0.0699709,0.0144767,0.0122965,0.0444477,0.0479942,0.00351744,0.0194186,0.0850378,0.145157,0.026907,0.543535,0.180628,0.0688692,8.15469,122.584,768.628,0.648256
0.0892859,0.238594,0.242058,0.00184415,0.282499,0.0768519,0.10226,0.0848805,0.0322291,0.187631,0.0405092,0.513415,0.0747128,0.0386961,0.0210897,0.237389,0.0942285,0.157305,1.66469,0.0439367,0.713899,0.0109097,0.0627445,0.0712294,0.587762,0.313629,1.07395,0.16285,0.130981,0.13203,0.0809686,0.062521,0.102996,0.0631233,0.130785,0.11565,0.135688,0.0147097,0.0997361,0.0713039,0.0537193,0.171577,0.0543434,0.102462,0.39417,0.216206,0.00467246,0.0353741,0.0204868,0.135387,0.015932,0.235395,0.0430394,0.0313114,2.36385,14.4713,67.841,0.286557
0.424167,0.100833,0.318333,0,0.0425,0.168333,0.00333333,0.145833,0.171667,0.291667,0.199167,0.768333,0.445833,0.791667,0.0475,0.268333,0.325,0.155,2.095,0.1275,0.868333,0,0.2525,0.416667,0,0,0.000833333,0,0.0025,0.000833333,0,0,0.135,0,0,0.03,0.0683333,0,0.000833333,0.0325,0.0433333,0.0075,0,0.0216667,0.05,0.0766667,0.0191667,0.0533333,0.0191667,0.17725,0.0126667,0.343167,0.27025,0.0965,4.2485,138.333,3934.08,0.75
0.19,0,0.38,0,0,0.19,0,0,0,0,0.19,0.19,0,0,0,0.38,0,0.19,1.14,0,0.38,0,0,0,0,0,0,0,0,0,0,0,0,0,0,0,0,0,0,0,0,0,0,0,0,0,0,0,0.01,0.01,0,0,0,0.003,2.383,21,15841,1
0,0,0,0.04,0,0,0,0,0,0,0,0,0,0,0,0.02,0,0,0.02,0,0,0,0,0,0,0,0,0,0,0,0,0,0,0,0,0,0,0,0,0,0,0,0,0,0,0,0,0,1.024,9.752,0.003,1.542,1.785,1.998,239.571,9989,10062,1
0.115659,0.115736,0.261008,0.151395,0.306977,0.0947287,0.0620155,0.123721,0.24814,0.335659,0.110233,0.500543,0.132791,0.133178,0.0751163,0.361783,0.163256,0.213256,1.46558,0.480775,0.897984,0.755891,0.185349,0.152481,0.363643,0.128992,0.0170543,0.0118605,0.00573643,0.0171318,0.0193023,0.000697674,0.0755814,0.00170543,0.055814,0.0586047,0.147442,0.00379845,0.0165116,0.0330233,0.012093,0.0202326,0.00875969,0.0147287,0.0348837,0.0613178,0.00937984,0.0346512,0.0339535,0.13793,0.0253256,0.230256,0.141225,0.102698,6.47078,144.147,1434.15,0.620155
0.106224,0.130974,0.324368,0.265974,0.427211,0.118671,0.180763,0.145789,0.128961,0.289579,0.0919474,0.580421,0.118421,0.0373158,0.0409342,0.278355,0.301026,0.227395,1.7215,0.139368,1.00371,0.379013,0.162697,0.101618,0.480382,0.183671,0.0782237,0.0558289,0.0393947,0.0494079,0.0383289,0.0187237,0.0736579,0.0194342,0.0483816,0.0658026,0.151513,0.0126053,0.0394474,0.0655921,0.0216053,0.0383421,0.0327763,0.0349079,0.117671,0.132579,0.00927632,0.0244737,0.0956934,0.147842,0.0178105,0.274049,0.114629,0.0733092,5.79778,64.1447,342.733,0.601316
0.173387,0.193065,0.924194,0.150806,0.701935,0.567097,0.282903,0.176935,0.612258,0.549032,0.170645,0.691613,0.165968,0.0119355,1.06855,0.211129,0.0837097,0.851129,1.48387,0.288871,0.956129,0.00612903,0.523226,0.139194,0.0553226,0.00145161,0.0235484,0.00774194,0,0.00935484,0,0,0,0.00612903,0.00677419,0,0.02,0,0,0.0433871,0,0,0.0903226,0.0129032,0.0483871,0.0393548,0,0,0.00932258,0.0747258,0,0.489855,0.158855,0.0155,119.719,832.871,1378.34,0.983871
0.305735,0.227941,0.299559,0.0652941,0.149118,0.0707353,0.0289706,0.137794,0.346765,0.495441,0.176029,0.584853,0.348235,0.701324,0.0510294,0.143235,0.286912,0.0988235,2.13235,0.0197059,0.998529,0.0230882,0.459559,0.321029,0.111471,0.0889706,0.00397059,0.00132353,0.00132353,0.0025,0,0,0.255441,0,0.00102941,0.0254412,0.180294,0.00235294,0.00573529,0.0210294,0.0117647,0.00485294,0.00647059,0.00926471,0.0485294,0.0357353,0.00441176,0.0338235,0.0319853,0.0985588,0.00783824,0.270324,0.407882,0.0867794,6.83646,281.382,2780.85,0.808824
0.0966667,0.0133333,0.2,0,0.153333,0.133333,0,0.0966667,0.0966667,0.313333,0.06,0.0733333,0.12,0,0.0633333,0.0133333,0.13,0.0633333,0.626667,0.0133333,0.276667,3.17667,0.23,0.183333,0,0,0,0,0,0,0,0,0,0.0466667,0,0.0133333,0,0,0.0266667,0,0,0,0,0,0.0633333,0,0,0,0.372333,0.095,0.014,0.14,0.03,0.00366667,15.1877,493,9113.67,1
