0.109921,0.100711,0.249068,0,0.360664,0.0846761,0.12891,0.141011,0.0519273,0.220458,0.050079,0.490284,0.0834755,0.0448973,0.0364455,0.35534,0.135324,0.18169,1.71051,0.0451027,0.804771,0.0303318,0.102022,0.0686888,0.489605,0.339494,0.214123,0.207536,0.0673302,0.10733,0.0567457,0.058357,0.0788784,0.058357,0.117425,0.140016,0.127915,0.00510269,0.101058,0.0563823,0.0295103,0.0484518,0.0751027,0.0827646,0.275245,0.197978,0.00524487,0.0326856,0.0174313,0.136077,0.0156714,0.264035,0.066128,0.0602717,2.79505,21.7536,100.815,0.445498
0.17625,0.17625,0.2375,0.01625,0.1375,0.05875,0.01875,0.065,0.29,0.37375,0.10375,0.41,0.185,0.41625,0.01375,0.135,0.185,0.0425,1.2525,0.0025,0.57625,0,0.1525,0.21,0.38875,0.40125,0.005,0.0025,0.0025,0,0,0,0.55625,0,0.00125,0.05125,0.57375,0.01125,0,0.0025,0.02,0.0075,0.01375,0.0175,0.08875,0.0775,0.00875,0.0725,0.089625,0.166375,0.037125,0.160375,0.430375,0.04525,3.90875,92.75,2485.75,0.5
0,0,0,0.04,0,0,0,0,0,0,0,0,0,0,0,0.02,0,0,0.02,0,0,0,0,0,0,0,0,0,0,0,0,0,0,0,0,0,0,0,0,0,0,0,0,0,0,0,0,0,1.024,9.752,0.003,1.542,1.785,1.998,239.571,9989,10062,1
0.19,0,0.38,0,0,0.19,0,0,0,0,0.19,0.19,0,0,0,0.38,0,0.19,1.14,0,0.38,0,0,0,0,0,0,0,0,0,0,0,0,0,0,0,0,0,0,0,0,0,0,0,0,0,0,0,0.01,0.01,0,0,0,0.003,2.383,21,15841,1
0.186517,0.127079,0.332472,0.00123596,0.347416,0.156404,0.0778652,0.171573,0.328427,0.334494,0.0995506,0.658202,0.0742697,0.111124,0.0908989,0.184494,0.335506,0.0788764,1.47067,0.213708,1.06157,0.352809,0.0647191,0.246067,0.874944,0.182022,0.0275281,0.0124719,0.0047191,0.0255056,0.02,0.0047191,0.102472,0.00595506,0.02,0.0595506,0.162472,0.0211236,0.0170787,0.0332584,0.0520225,0.120562,0.0174157,0.0153933,0.058427,0.0921348,0.00617978,0.0121348,0.126865,0.185371,0.0143146,0.274876,0.132685,0.0891236,4.23003,73.3596,626.73,0.505618
0.0766667,0.0611111,0.185556,0,0.0311111,0.0233333,0,0.0477778,0.0433333,0.0933333,0.0477778,0.507778,0.0166667,0.0288889,0.00222222,0.0211111,0.0433333,0.113333,0.325556,0.0211111,0.187778,0.393333,0,0,0.281111,0.11,0.01,0.00888889,0.0144444,0.0511111,0.04,0,0.282222,0,0.0144444,0.0966667,0.294444,0.0177778,0.0355556,0.0188889,0.06,0.00777778,0.0177778,0.0377778,0.0166667,0.257778,0.00555556,0.04,0.099,0.178889,0.0476667,0.0228889,0.00177778,0.0247778,2.93811,73.5556,1794.22,0
0.29,0.04,0.04,0,0.14,0.04,0,0.29,0.29,0.94,0.14,0.04,0.14,0,0.19,0.04,0.39,0.19,1.6,0.04,0.79,9.53,0.69,0.47,0,0,0,0,0,0,0,0,0,0,0,0.04,0,0,0.04,0,0,0,0,0,0.19,0,0,0,1.117,0.053,0,0.356,0.09,0.011,12.332,1171,9163,1
0.466,0.398,0.343,0,0.252,0.046,0.025,0.169,0.564,0.602,0.302,0.655,0.582,1.108,0.202,0.203,0.393,0.129,2.952,0.032,1.3,0,0.587,0.498,0,0,0,0,0,0,0,0,0,0,0.006,0,0,0,0,0.006,0,0,0.012,0,0.041,0.006,0,0,0.0086,0.0839,0,0.4366,0.6352,0.1195,7.2398,663.1,2384.7,1
0.112105,0.170789,0.922632,0,0.649737,0.811053,0.38,0.162105,0.696053,0.279211,0.220526,0.759211,0.235789,0,1.49342,0.245,0.0705263,1.14605,1.63579,0.194737,0.712632,0,0.716842,0.156316,0.00236842,0.00236842,0,0,0,0,0,0,0,0,0.00763158,0,0,0,0,0.0357895,0,0,0.132632,0.0210526,0.0768421,0.0621053,0,0,0.00471053,0.0887895,0,0.404737,0.156684,0.0156842,8.71574,661.763,1391.71,1
0.141899,0.0861453,0.340726,0.0212849,0.275642,0.0993296,0.0894972,0.134581,0.0882123,0.290279,0.0724022,0.459777,0.103464,0.0317318,0.0407821,0.28838,0.212458,0.198436,1.56743,0.152011,0.806145,0.618436,0.163911,0.0836313,0.611844,0.242514,0.0864804,0.0777654,0.0478212,0.0573743,0.0447486,0.017933,0.0588827,0.0196089,0.069162,0.0645251,0.198547,0.00592179,0.0294972,0.0519553,0.0328492,0.0494972,0.0395531,0.0448603,0.13324,0.290112,0.0162011,0.0414525,0.216453,0.164765,0.022419,0.262888,0.146436,0.140788,4.03528,44.7654,324.827,0.502793
0.005,0.005,0.035,0,0.025,0,0,0.005,0.015,0.065,0.025,0,0,0.025,0,0,0.005,0.035,0.005,0,0.005,0,0,0,0,0,0,0,0,0,0,0,0.035,0,0,0.065,0,0,0,0.005,0.23,0,0,0.015,0,0.4,0.005,0.035,0.036,0.1615,0.075,0.012,0.056,0.012,3.0295,43.5,5648.5,0
0,0,0.28,0,0.16,0.18,0,0,0,0,0.02,0.09,0.11,0,0,0,0,0,0.14,0,0.02,0,0,0.04,0,0,0,0,0,0,0,0,0,0.07,0,0,0,0,0.02,0,0,0,0,0,0,0,0,0,0,0.116,0.021,0.032,0,0,16.6155,154,9089,1
0.563529,0.731176,0.858824,0,0.311765,0.220588,0.0394118,0.473529,0.425294,1.52588,0.00941176,1.55647,0.143529,0.355882,0.405882,0.378824,0.0670588,0.753529,2.02235,0.425294,3.61118,0,0.474706,0.271765,0,0,0,0,0,0,0,0,0.0194118,0,0.0670588,0,0,0,0,0,0,0,0,0,0,0,0,0,0.00952941,0.167529,0,1.14676,0.186059,0.0695294,40.2827,602.647,817.471,1
0.5725,0.11875,0.41625,0,0.03125,0.22375,0.0025,0.17375,0.21,0.31875,0.26625,1.0325,0.60625,1.06625,0.06875,0.36125,0.43375,0.22125,2.735,0.19125,1.115,0,0.26125,0.5675,0,0,0.00125,0,0.00375,0.00125,0,0,0.19375,0,0,0.02875,0.1025,0,0.00125,0.045,0.0075,0.01125,0,0.02875,0.0725,0.015,0.025,0.07125,0.0185,0.088125,0.00025,0.471125,0.124625,0.125,3.83137,106.25,3504,0.875
0.123846,0.316923,0.260769,0,0.367692,0.273846,0.0576923,0.0807692,0.747692,0.803846,0.126923,0.982308,0.226154,0.0607692,0.169231,0.139231,0.0323077,0.508462,2.49462,0.486154,1.53154,0.0238462,0.450769,0.269231,0.853077,0.302308,0.136923,0,0,0.09,0,0,0.0338462,0,0.0184615,0.0507692,0,0.0661538,0.0523077,0.01,0,0.0561538,0.0261538,0.0376923,0.0638462,0,0,0,0.0106154,0.0528462,0.124462,0.585077,0.155077,0.0366923,8.55962,261.923,864.231,0.846154
0.156346,0.136154,0.398269,0.00307692,0.337885,0.113077,0.119808,0.108654,0.481731,0.543269,0.122115,0.530769,0.159423,0.150769,0.0757692,0.307692,0.0894231,0.422115,1.65692,0.277885,1.05673,1.06615,0.102692,0.257692,0.267692,0.117692,0.0321154,0.0232692,0,0.0132692,0.0307692,0,0.0788462,0.00230769,0.166923,0.0173077,0.150192,0.000961538,0.0203846,0.0375,0.0144231,0.0357692,0.00461538,0.02,0.0280769,0.0557692,0.00673077,0.0123077,0.0505,0.0977308,0.0619423,0.413865,0.240096,0.111731,5.97967,97.6731,1055.29,0.711538
0.0580433,0.526388,0.204873,0,0.263904,0.0425212,0.034873,0.044873,0.0187018,0.12413,0.00773283,0.499454,0.0494826,0.0618909,0.00331138,0.158598,0.0252305,0.123415,1.79775,0.0279586,0.483217,0,0.00968956,0.0681562,0.623848,0.284967,0.452963,0.101223,0.215786,0.116839,0.0972248,0.0706303,0.0925494,0.0706303,0.11524,0.101364,0.0662747,0.0344685,0.0720696,0.0756632,0.0756538,0.335936,0.0236124,0.160198,0.679652,0.282935,0.00574788,0.0516463,0.0215362,0.117068,0.0180066,0.222674,0.0100235,0.00573848,1.64168,4.6096,17.4365,0.107244
0.348,0,1.74,0,1.044,0,0,0,0.62,0.892,0,0,0,0,0,0,0,0,0.348,0.968,0.544,0,0,0,0.348,0,0,0,0,0,0,0,0,0,0,0,0,0,0,0,0,0,0,0,0,0,0,0,0,0,0,0.921,0.096,0,561.4,1297.4,1300.2,1
0.165,0.65,0.145,0,0.675,0.295,0.31,0.52,0.52,1.11,0.405,0.855,0.165,0,0.52,0.65,0.37,0.84,1.995,0.22,2.15,0,0.74,0,0,0,0,0,0,0,0,0,0,0,0,0,0.145,0,0,0.145,0,0,0,0,0,0,0,0,0,0.102,0,0.0825,0.135,0.0105,102.159,950,1202.5,1
0.0915232,0.200066,0.371722,0,0.475695,0.116556,0.329536,0.142185,0.0751656,0.285762,0.117417,0.594967,0.107285,0.0366225,0.11351,0.295629,0.360331,0.307086,1.91517,0.291656,1.1196,0.0890066,0.259934,0.104305,0.274768,0.12053,0.035298,0.116225,0.015894,0.100927,0.015894,0.015894,0.139603,0.015894,0.0837086,0.0762252,0.131523,0.0103311,0.0686755,0.0921854,0.00907285,0.0501325,0.0086755,0.00980132,0.142252,0.0611258,0,0.00721854,0.00858278,0.114483,0.00112583,0.39494,0.102311,0.0337285,5.89275,67.1987,169.887,0.655629
0.175,0.04,0.405,0,0.175,0,0,0.335,0.305,0.88,0.085,0.205,0.395,0,0.13,0,0.35,0.405,1.785,0,1.015,0,0.535,0.35,0,0,0,0,0,0,0,0,0,0,0,0.115,0,0,0.04,0.55,0,0,0,0,0.085,0,0,0,0.0355,0.076,0,0.3255,0.046,0.0055,40.992,1337.5,2938.5,1
0.255,0.491429,0.636429,0.035,0.317857,0.0292857,0.427143,0.0407143,0.205714,0.975,0.0671429,1.05357,0.04,0.0942857,0.215,1.55,0.437143,0.0271429,2.065,0.165,1.69,0,0.0585714,0.177857,0.0207143,0.0207143,0.0207143,0.0414286,0,0,0,0,0,0.0207143,0.0414286,0.0164286,0.0435714,0,0,0,0,0,0,0,0.128571,0,0,0.055,0.0111429,0.0601429,0,0.832143,0.383857,0.0712143,47.0759,380,531.286,0.928571
0.195,0.5,0.4,0.095,0.58,0,0,0,0.39,0.19,0,0.2,0,0,0,0.1,0,0,0.195,0.19,0.39,0,0,0.2,0.095,0,0,0.095,0,0,0,0,0,0.19,0,0,0,0,0,0,0,0,0,0,0,0,0,0,0,0.035,0,0.4155,0.7295,0.015,1062,2123,2124,1
0.129925,0.097218,0.285714,0.39797,0.443609,0.121203,0.041203,0.118647,0.161504,0.200902,0.103985,0.654211,0.142481,0.033985,0.0508271,0.215113,0.240677,0.177519,1.75233,0.0900752,0.809398,0.65594,0.194887,0.142707,0.569248,0.139173,0.0318797,0.0253383,0.0340602,0.0235338,0.014812,0.0171429,0.0547368,0.0111278,0.0304511,0.0790226,0.123759,0.0415789,0.0209023,0.0243609,0.0284962,0.0445865,0.0242105,0.00609023,0.0626316,0.0650376,0.00661654,0.0212782,0.139549,0.120331,0.00893233,0.195917,0.0972331,0.0673459,3.64414,41.4962,434.474,0.578947
0.318462,0.197692,0.320769,0,0.0923077,0.103077,0.0253846,0.153846,0.287692,0.453077,0.15,0.687692,0.353077,0.779231,0.00230769,0.158462,0.326154,0.0492308,2.01538,0.000769231,0.916923,0.0223077,0.607692,0.239231,0.0369231,0.0376923,0.00538462,0.00307692,0.00307692,0,0,0,0.477692,0,0,0.0384615,0.316923,0.00153846,0.00384615,0.0115385,0.0246154,0.00769231,0.0115385,0.00923077,0.0223077,0.0884615,0.00769231,0.0953846,0.0262308,0.101154,0.005,0.231769,0.496923,0.0975385,4.46192,128.769,3032.15,0.615385
0.22,0.22,0.22,0,1.77,0.22,0.44,0.44,0.22,2.88,0,0.88,0.22,0,1.105,0.44,0,0.44,3.325,0,3.325,0,0.44,0.44,0,0,0,0,0,0,0,0,0,0,0,0,0,0,0,0.44,0,0,0,0,0,0,0,0,0,0,0,0.5755,0.153,0,86.675,1038,1733.5,1
0.0859259,0.115844,0.344403,0.00851852,0.435226,0.120741,0.105679,0.136214,0.0834979,0.283827,0.0744856,0.560947,0.128189,0.0265844,0.0545267,0.246996,0.20963,0.238395,1.59683,0.0974897,0.898107,0.193704,0.14749,0.0825514,0.552593,0.254486,0.125267,0.0893827,0.0639918,0.0951029,0.0552263,0.0423045,0.0949794,0.0436214,0.0577778,0.101646,0.187078,0.00654321,0.0643621,0.0801235,0.0090535,0.0309465,0.0644444,0.0634979,0.159588,0.0543621,0.0044856,0.0259671,0.0452469,0.164992,0.0213663,0.220021,0.102996,0.0490041,3.29516,35.893,239.206,0.580247
0.206667,0.366,0.753333,0.124,0.443333,0.333333,0.261333,0.208,0.335333,0.752667,0.351333,0.559333,0.189333,0.0726667,0.354667,0.518,0.290667,0.461333,1.706,0.134667,1.52067,0.0113333,0.395333,0.226,0.0166667,0.034,0,0,0,0,0,0,0.09,0,0.032,0,0.218,0,0,0.04,0,0,0,0,0.116,0.0953333,0,0,0.00893333,0.210933,0.00993333,0.6984,0.242333,0.068,11.0551,326.8,698.533,0.933333
0.131029,0.210441,0.432794,0.629559,0.275735,0.120735,0.0511765,0.1125,0.269412,0.294706,0.0695588,0.777794,0.217206,0.150294,0.138971,0.146029,0.143676,0.196618,1.70279,0.085,0.934265,0,0.133824,0.173824,0.663824,0.123088,0.0241176,0.0198529,0.0125,0.00970588,0.0125,0.00235294,0.0769118,0.00235294,0.0276471,0.0632353,0.0888235,0.00205882,0.0110294,0.0355882,0.00235294,0.105735,0.0375,0.0108824,0.0216176,0.00176471,0,0.0189706,0.148544,0.128794,0.0199412,1.08218,0.2615,0.0197353,4.07065,59.9853,746.721,0.588235
0.2,0,0.186923,0,0.47,0.0838462,0.122308,0,0.206923,0.269231,0.384615,0.620769,0.159231,0.410769,0,0.71,0.319231,0.0607692,2.16308,3.18385,1.67769,0.444615,0.38,0.234615,0,0,0,0,0,0,0,0,0.0276923,0,0,0,0,0,0.0523077,0,0,0,0.0230769,0,0.0169231,0,0,0.0169231,0,0.115846,0.00576923,0.370615,0.146077,0.102385,10.8302,464.385,1425.15,1
0.0519231,0.103462,0.265,0.736923,0.242692,0.0957692,0.08,0.0419231,0.376154,0.204615,0.0496154,0.381154,0.0503846,0.0511538,0.104615,0.238077,0.0603846,0.155,1.02,0.0161538,0.606538,1.27692,0.0861538,0.0453846,0.356538,0.218846,0.0146154,0.0134615,0.0192308,0.00884615,0.0211538,0,0.0869231,0,0.0284615,0.0242308,0.165,0.00153846,0.00807692,0.0119231,0.00269231,0.0215385,0,0.0169231,0.0192308,0.035,0,0.00461538,0.0505769,0.193,0.0347308,0.139,0.0792692,0.111462,5.49638,80.1923,1326.62,0.538462
0.242727,0.229545,0.323636,0.00272727,0.263182,0.0881818,0.0554545,0.165,0.327273,0.422273,0.172273,0.571818,0.310909,0.527727,0.0386364,0.312273,0.286818,0.106818,2.27636,0.0468182,1.05955,0.0763636,0.26,0.31,0.634545,0.035,0.000909091,0,0.000909091,0.015,0,0,0.025,0,0.0109091,0.0640909,0.0622727,0.000909091,0.0127273,0.0231818,0.0159091,0.00454545,0.00454545,0.0181818,0.0431818,0.0668182,0,0.0404545,0.0158182,0.0932273,0.00804545,0.320818,0.276045,0.0911364,5.79536,143.682,2134.86,0.772727
0.25,0.125,0.21,0,0.105,0.115,0.01,0.175,0.175,0.41,0.105,0.48,0.25,0.46,0.01,0.165,0.21,0.01,1.625,0,0.745,0,0.47,0.23,0,0,0,0,0,0,0,0,0,0,0,0,0,0,0,0.01,0,0,0,0,0.01,0,0.01,0,0.005,0.5495,0,0.1625,1.067,0.067,7.136,361.5,3940,1
0,0.0783333,0.261667,0,0.775,0.0466667,1.85667,0.9025,0.9025,1.0275,0.9025,0.506667,0,0.0891667,0,1.10583,2.5125,0.075,1.47083,0.9025,3.05333,0,0.2925,0.0891667,0,0,0,0,0,0,0,0,0,0,0,0,0.3675,0,0.0891667,0,0,0,0,0,0,0,0,0,0,0.0720833,0,0.73125,0.115417,0.0831667,70.9209,286.917,312.25,1
0.117627,0.0649153,0.280678,0.106356,0.292712,0.115932,0.059661,0.156017,0.20661,0.26678,0.0636441,0.721441,0.0983898,0.0918644,0.0192373,0.15661,0.192881,0.112881,1.33729,0.100678,1.05398,0.34161,0.186949,0.0961017,0.712119,0.189746,0.0136441,0.0197458,0.0167797,0.0294915,0.00211864,0,0.109915,0.00161017,0.0228814,0.0683898,0.147881,0.0124576,0.0277966,0.0111017,0.0625424,0.0704237,0.00711864,0.0171186,0.0698305,0.255339,0.0216949,0.0192373,0.0429831,0.158186,0.0195932,0.231797,0.0665169,0.0573898,4.29499,55.5763,533.585,0.584746
0.2365,0.1475,0.226,0,0.063,0.075,0.023,0.111,0.199,0.3815,0.1105,0.548,0.249,0.5525,0.017,0.1055,0.208,0.1235,1.6005,0.035,0.794,0.064,0.4655,0.2235,0.1995,0.1175,0.008,0.0015,0.0015,0.0085,0,0,0.3355,0,0,0.023,0.1635,0.0025,0.0085,0.005,0.016,0.0085,0.003,0.0185,0.038,0.03,0.0065,0.024,0.023,0.0925,0.00695,0.1694,0.2812,0.0769,5.6124,193.65,3256.75,0.8
0.0266667,0.0666667,0.513333,0.0333333,1.19667,0.35,0.0333333,0.263333,0.223333,0.1,0.15,0.81,0.0533333,0.0666667,0.563333,1.34,0.586667,0.57,1.83,0.29,0.446667,0.306667,0.71,0.0933333,0,0,0,0,0,0,0,0,0,0,0,0.203333,0.0333333,0,0,0.12,0,0,0.0533333,0,0.0266667,0.0266667,0,0,0.004,0.0676667,0.00533333,0.419333,0.148333,0.184333,9.45067,417,1816.67,1
0.282,0,1.418,0,0.85,0,0.13,0,0.414,0.678,0,0,0,0,0,0.116,0,0,0.282,0.698,0.262,0,0,0,0.282,0,0.292,0.058,0,0.116,0,0,0,0,0,0,0.116,0,0,0,0,0,0,0,0,0,0,0,0,0.0036,0,0.746,0.064,0,303.1,1226.8,1312.8,0.8
0.5,0.626667,0.753333,0,0.373333,0.126667,0,0.246667,0.246667,1.38333,0.246667,2.27333,0,0.246667,0,0.246667,0,0,2.15,0,4.04333,0.126667,0.246667,0,0,0,0,0,0,0,0,0,0,0,0,0,0.123333,0,0,0,0,0,0,0,0,0,0,0,0,0.172333,0,0.872667,0.131,0.064,70.3683,807.333,965.667,1
0.0425424,0.365085,0.367627,0.68017,0.524915,0.149492,0.587627,0.0710169,0.222373,0.292034,0.0291525,0.649322,0.0727119,0.0108475,0.0289831,0.340847,0.190678,0.403898,2.08847,0.0744068,1.19203,0.0462712,0.0555932,0.0742373,0.124407,0.0411864,0.2,0.0238983,0.0328814,0.0286441,0.122712,0,0,0.00728814,0.069322,0.0122034,0.0513559,0,0.0350847,0.33322,0,0.00338983,0.0157627,0.0128814,0.191356,0.00932203,0,0.0169492,0.0103898,0.158271,0.0163729,0.336678,0.0577797,0.0412373,11.5409,152.695,394.119,0.627119
0.104754,0.131639,0.366557,0.231967,0.278525,0.109016,0.0522951,0.238033,0.274098,0.522131,0.117049,0.514918,0.10541,0.0796721,0.161148,0.273115,0.193607,0.241475,1.22475,0.13541,0.783443,0.803443,0.0968852,0.147213,0.693115,0.179836,0.0140984,0.027377,0.012459,0.0368852,0.0327869,0.00311475,0.133934,0.0042623,0.095082,0.0445902,0.146393,0.00213115,0.0386885,0.0334426,0.00344262,0.0193443,0.00491803,0.00344262,0.0460656,0.0140984,0.00508197,0.0452459,0.059918,0.12523,0.022082,0.243951,0.118066,0.103131,4.46185,64.8197,917.115,0.622951
0.126498,0.0847826,0.263749,0.00314924,0.219436,0.0618566,0.13255,0.0840188,0.0222914,0.237203,0.0656404,0.586921,0.0980964,0.023067,0.0227732,0.213455,0.0950411,0.165969,1.70545,0.0190952,0.83074,0.000681551,0.0501763,0.0696475,0.711492,0.362609,0.275499,0.241175,0.122902,0.192033,0.108061,0.0741128,0.153608,0.0741128,0.192573,0.13839,0.229436,0.00591069,0.157991,0.0820799,0.0508696,0.139271,0.0750529,0.112021,0.286722,0.232914,0.00292597,0.0319976,0.0175993,0.1666,0.0145664,0.245817,0.0542033,0.0507556,2.40148,12.5076,55.8684,0.291422
0.0898417,0.117071,0.302691,0.00860158,0.373879,0.203008,0.125277,0.113826,0.0433509,0.235937,0.0430871,0.560976,0.0907388,0.0151187,0.0122427,0.252216,0.146966,0.188417,1.55441,0.0598153,1.03884,0.00506596,0.124301,0.100686,0.627282,0.37781,0.210844,0.161583,0.107309,0.133852,0.0670449,0.058971,0.0939842,0.0640897,0.122348,0.112507,0.172639,0.00242744,0.0920317,0.0718206,0.0772296,0.0455673,0.0907652,0.0274406,0.229235,0.160343,0.00725594,0.0241161,0.0403113,0.158562,0.0239525,0.208008,0.0651319,0.0171609,2.53495,18.7441,156.361,0.461741
0.59,0.09,0.09,0,0.29,0.09,0,0.59,0.59,2.09,0.29,0.09,0.29,0,0.39,0.09,0.79,0.39,3.19,0.09,1.69,0,1.39,0.99,0,0,0,0,0,0,0,0,0,0,0,0.09,0,0,0.09,0,0,0,0,0,0.19,0,0,0,0.044,0.078,0,0.334,0.133,0.011,15.493,1171,2541,1
0.3,0.17,0.36,2.155,0.11,0.165,0.065,0.11,0.23,0.26,0.195,0.565,0.36,0.58,0.025,0.095,0.115,0.215,2.385,0,0.835,0,0.395,0.38,0,0,0,0,0,0,0,0,0,0,0,0,0.04,0,0,0,0,0,0,0,0.12,0,0,0,0.172,0.0705,0,0.4565,0.3085,0.1415,10.859,249,2847,1
0.109455,0.208182,0.481636,1.64818,0.784909,0.138909,0.493818,0.215091,0.0238182,0.198,0.123091,0.566545,0.165273,0.0492727,0,0.593091,0.910364,0.378364,2.53964,0.354909,1.80964,0,0.112182,0.191273,0.022,0.022,0,0.0116364,0,0,0,0,0.00490909,0,0.00854545,0.0181818,0.0603636,0,0.0434545,0,0,0,0,0,0.0732727,0.0254545,0,0,0.00643636,0.112382,0.0154909,0.628182,0.1816,0.0247636,8.33787,138.109,245.255,0.909091
0,0,0,0,0,0,0,0,0,0,0,0,0,0,0,0.310078,0,0,0.14093,0,0,0,0,0,0.086124,0.110698,19.5206,0,0,0,0,0,0,0,0,0,0,0,0,0,0,0.172248,0,0,0.122093,0,0,0,0,0.0271938,0,0.0272636,0,0,1.19674,1.64341,5.45736,0
0.189,0.152667,0.32,0.007,0.357333,0.127,0.0513333,0.279333,0.284,0.389333,0.113667,0.581333,0.196667,0.079,0.0886667,0.339667,0.236333,0.214667,1.94,0.163,0.947667,0.852,0.361333,0.321333,0.172,0.094,0.006,0.00566667,0,0.0103333,0.004,0,0.0363333,0.00433333,0.004,0.102667,0.120333,0.009,0.0126667,0.023,0,0,0.00266667,0.013,0.036,0.0243333,0.002,0.0193333,0.0294333,0.115433,0.0401,0.2495,0.2315,0.130167,6.47983,135.367,1561.13,0.733333
0.0668966,0.0534483,0.231379,0,0.210345,0.0527586,0.0637931,0.0731034,0.251379,0.24,0.0717241,0.381724,0.104828,0.0882759,0.0741379,0.247241,0.0424138,0.278621,1.20241,0.275517,0.931034,0.55069,0.0806897,0.0496552,0.50069,0.219655,0.027931,0.032069,0.00310345,0.0303448,0.0255172,0.00310345,0.101724,0.00310345,0.181034,0.0289655,0.180345,0,0.00896552,0.0593103,0.0206897,0.0648276,0.0103448,0.0113793,0.0631034,0.0855172,0.037931,0.0724138,0.0325172,0.132414,0.0142069,0.25531,0.158207,0.072069,4.84307,63.0345,1170.14,0.586207
0.12,0.782,0.422,1.832,0.362,0.558,0.19,0.414,0.534,0.918,0.118,0.686,0.118,0,0.912,0,0.698,1.188,2.08,0.316,1.312,0,0.2,0.266,0,0,0,0,0,0,0,0,0,0,0.026,0,0,0,0,0,0,0,0.118,0,0,0,0,0,0.0774,0.104,0,0.3658,0.1426,0.0268,12.3704,597.4,1160,1
