0.1122,0.138,0.7386,0,0.6196,0.6582,0.3286,0.1316,0.6032,0.2896,0.2664,0.7216,0.1758,0.1068,1.1776,0.3476,0.1316,0.9192,1.691,0.9762,0.942,0.1156,0.6128,0.1558,0.0018,0.0018,0,0,0,0,0,0,0.0072,0,0.004,0,0,0,0,0.0272,0,0,0.1148,0.016,0.0584,0.0472,0,0,0.00358,0.0989,0.0015,0.37608,0.15574,0.02502,9.1475,623.58,1388.34,1
0.101958,0.117682,0.299825,0.00381348,0.391367,0.135605,0.156824,0.110092,0.0551339,0.231136,0.0560665,0.533269,0.0884118,0.0259095,0.0391136,0.329169,0.168735,0.197765,1.68066,0.0867959,0.940471,0.0300646,0.127507,0.0886888,0.528403,0.328144,0.184635,0.172936,0.0744414,0.11614,0.057867,0.0536103,0.0986611,0.0554017,0.112539,0.122188,0.154183,0.00477378,0.091819,0.0687719,0.0429825,0.0454478,0.0735549,0.0607295,0.227221,0.165254,0.00586334,0.0267313,0.0246177,0.145085,0.0172936,0.258637,0.0673398,0.048325,3.12421,27.229,137.127,0.481071
0,0,0,0.04,0,0,0,0,0,0,0,0,0,0,0,0.02,0,0,0.02,0,0,0,0,0,0,0,0,0,0,0,0,0,0,0,0,0,0,0,0,0,0,0,0,0,0,0,0,0,1.024,9.752,0.003,1.542,1.785,1.998,239.571,9989,10062,1
0.0826507,0.297423,0.213511,0.00123332,0.228725,0.0473631,0.0743534,0.0731385,0.021468,0.170244,0.032913,0.50121,0.0678923,0.0451496,0.0125541,0.19144,0.0574781,0.136838,1.65055,0.0223838,0.601721,0.0011873,0.0298343,0.0621031,0.615509,0.307119,1.50132,0.157322,0.157547,0.139986,0.0931569,0.0660884,0.110295,0.0660884,0.138734,0.111988,0.130262,0.0194248,0.104031,0.0721675,0.0584814,0.232789,0.0446434,0.125062,0.472508,0.239926,0.00433042,0.0395214,0.0183645,0.132855,0.0154777,0.221751,0.0306843,0.0228339,1.99114,8.39024,35.6222,0.191901
0.288333,0.180417,0.294167,0.185,0.0866667,0.0958333,0.025,0.135417,0.2625,0.4075,0.138333,0.652083,0.319583,0.67,0.00375,0.134583,0.26375,0.0541667,1.92083,0.00416667,0.940417,0.0120833,0.5425,0.247083,0.0783333,0.0804167,0.00625,0.00291667,0.00208333,0,0,0,0.400417,0,0,0.03125,0.303333,0.00208333,0.00208333,0.00958333,0.02125,0.01,0.0075,0.0141667,0.0275,0.0591667,0.00666667,0.0675,0.041125,0.10575,0.0104583,0.225417,0.441125,0.089875,4.77542,137.125,3056.79,0.666667
0.122661,0.142018,0.378073,0.524037,0.306972,0.115138,0.0853211,0.175321,0.413945,0.49367,0.119083,0.533945,0.116514,0.060367,0.127064,0.260092,0.143486,0.34945,1.36358,0.162018,0.908532,0.791376,0.117798,0.19211,0.520826,0.16422,0.0307339,0.026422,0.00853211,0.0310092,0.0243119,0.00174312,0.119083,0.00348624,0.125413,0.0317431,0.139817,0.00165138,0.0354128,0.0305505,0.00880734,0.0278899,0.00495413,0.0114679,0.0352294,0.0344954,0.00605505,0.0306422,0.058422,0.110771,0.0447248,0.341606,0.174936,0.0918532,4.61867,74.1743,959.899,0.66055
0.0966667,0.0133333,0.2,0,0.153333,0.133333,0,0.0966667,0.0966667,0.313333,0.06,0.0733333,0.12,0,0.0633333,0.0133333,0.13,0.0633333,0.626667,0.0133333,0.276667,3.17667,0.23,0.183333,0,0,0,0,0,0,0,0,0,0.0466667,0,0.0133333,0,0,0.0266667,0,0,0,0,0,0.0633333,0,0,0,0.372333,0.095,0.014,0.14,0.03,0.00366667,15.1877,493,9113.67,1
0.353333,0.654444,0.584444,1.01778,0.454444,0.107778,0.13,0.377778,0.227778,1.34111,0.172222,1.73333,0.0366667,0.283333,0.115556,0.376667,0.205556,0.186667,1.82444,0.0788889,3.63,0.0422222,0.246667,0,0,0,0,0,0,0,0,0,0,0,0,0,0.0733333,0,0,0.0322222,0,0,0,0,0,0,0,0,0.043,0.161444,0,0.886,0.146,0.0554444,70.3848,793.111,971.667,1
0.299474,0.288947,0.347368,0,0.223158,0.0557895,0.0421053,0.104211,0.433684,0.514737,0.207368,0.610526,0.341579,0.751053,0.02,0.171579,0.287368,0.0347368,2.40053,0.0115789,1.13789,0,0.258947,0.358947,0.09,0.0931579,0.000526316,0.00105263,0.00105263,0,0,0,0.229474,0,0.000526316,0.0221053,0.185263,0.00315789,0,0.00105263,0.00842105,0.00315789,0.00578947,0.00421053,0.0652632,0.0326316,0.00368421,0.0305263,0.0317368,0.110105,0.00778947,0.300895,0.444684,0.0839474,5.27784,135.684,2310.42,0.842105
0.313333,0.0566667,0.3,0,0.213333,0.03,0,0.42,0.4,1.28333,0.153333,0.166667,0.36,0,0.216667,0.03,0.496667,0.4,2.25333,0.03,1.24,0,0.82,0.563333,0,0,0,0,0,0,0,0,0,0,0,0.106667,0,0,0.0566667,0.366667,0,0,0,0,0.12,0,0,0,0.0383333,0.0766667,0,0.328333,0.075,0.00733333,32.4923,1282,2806,1
0.164151,0.167484,0.377044,0.000691824,0.31478,0.14327,0.0671069,0.145786,0.317421,0.329371,0.0861635,0.729623,0.139308,0.128553,0.11195,0.164843,0.249937,0.128868,1.63491,0.188805,1.03553,0.197484,0.0950943,0.219874,0.82761,0.174151,0.0257862,0.0154717,0.00691824,0.0230189,0.0165409,0.0036478,0.0885535,0.00433962,0.0236478,0.0618868,0.125975,0.0158491,0.0157862,0.0354717,0.0301258,0.117296,0.0267925,0.0163522,0.0426415,0.052327,0.00345912,0.0140252,0.133289,0.15956,0.0140818,0.636912,0.190201,0.0584528,4.21997,72.6038,678.811,0.553459
0.315,0,1.579,0,0.947,0,0.065,0,0.517,0.785,0,0,0,0,0,0.058,0,0,0.315,0.833,0.403,0,0,0,0.315,0,0.146,0.029,0,0.058,0,0,0,0,0,0,0.058,0,0,0,0,0,0,0,0,0,0,0,0,0.0018,0,0.8335,0.08,0,432.25,1262.1,1306.5,0.9
0.2025,0.1575,0.5125,0,1.265,0.3375,0.22,0.385,0.4225,1.6325,0.0625,0.7525,0.245,0,1.2175,0.24,0.0475,0.86,2.565,0.135,1.96,0,0.64,0.41,0,0,0,0,0,0,0,0,0,0,0.0225,0,0,0,0,0.26,0,0,0.04,0,0.02,0.02,0,0,0.003,0.03375,0,0.519,0.1535,0.0115,49.1835,859,1747.5,1
0.19,0,0.38,0,0,0.19,0,0,0,0,0.19,0.19,0,0,0,0.38,0,0.19,1.14,0,0.38,0,0,0,0,0,0,0,0,0,0,0,0,0,0,0,0,0,0,0,0,0,0,0,0,0,0,0,0.01,0.01,0,0,0,0.003,2.383,21,15841,1
0.195,0.5,0.4,0.095,0.58,0,0,0,0.39,0.19,0,0.2,0,0,0,0.1,0,0,0.195,0.19,0.39,0,0,0.2,0.095,0,0,0.095,0,0,0,0,0,0.19,0,0,0,0,0,0,0,0,0,0,0,0,0,0,0,0.035,0,0.4155,0.7295,0.015,1062,2123,2124,1
0.103975,0.132552,0.357448,0.200126,0.453891,0.123933,0.241464,0.16046,0.0915063,0.29159,0.0988912,0.544916,0.119414,0.0316318,0.0390377,0.29454,0.364644,0.258305,1.76525,0.176297,1.07029,0.335774,0.163766,0.0943096,0.433033,0.183494,0.0943515,0.0659833,0.0465272,0.0551883,0.0473013,0.0243933,0.0483264,0.0256904,0.0572176,0.062887,0.150816,0.00554393,0.0404812,0.0911715,0.0156485,0.0306695,0.039205,0.0346862,0.139728,0.126569,0.00606695,0.025,0.102774,0.144316,0.0188159,0.311364,0.131027,0.0796004,6.54653,67.546,287.521,0.623431
0.17,0.142353,0.310294,0.00911765,0.358824,0.13,0.0452941,0.256471,0.270294,0.395294,0.108824,0.571176,0.175294,0.0735294,0.0861765,0.372059,0.233235,0.208824,1.83559,0.158529,0.949118,1.05706,0.337941,0.286471,0.216471,0.110882,0.00676471,0.00676471,0,0.0108824,0.0141176,0,0.0379412,0.00382353,0.00735294,0.106176,0.123529,0.0126471,0.0167647,0.0232353,0,0,0.00235294,0.0161765,0.0326471,0.0214706,0.00176471,0.0208824,0.0334412,0.116118,0.0368529,0.242706,0.212176,0.141059,6.55232,134.618,1563.68,0.705882
0.005,0.005,0.035,0,0.025,0,0,0.005,0.015,0.065,0.025,0,0,0.025,0,0,0.005,0.035,0.005,0,0.005,0,0,0,0,0,0,0,0,0,0,0,0.035,0,0,0.065,0,0,0,0.005,0.23,0,0,0.015,0,0.4,0.005,0.035,0.036,0.1615,0.075,0.012,0.056,0.012,3.0295,43.5,5648.5,0
0.0873684,0.0836842,0.205263,0.00315789,0.197895,0.0931579,0.0352632,0.156316,0.0694737,0.177895,0.0536842,0.477368,0.101053,0.0526316,0.0315789,0.348947,0.191579,0.18,0.947368,0.0647368,0.392105,0.323158,0.133158,0.0936842,0.787368,0.0805263,0.00578947,0.00105263,0.00789474,0.0384211,0,0,0.162632,0,0.0126316,0.128947,0.199474,0.00105263,0.0215789,0.0410526,0.0468421,0.00894737,0.0136842,0.0357895,0.0284211,0.199474,0.00263158,0.0589474,0.0580526,0.130632,0.0310526,0.175211,0.0645789,0.0700526,4.65653,116.368,1924.58,0.315789
0.466,0.398,0.343,0,0.252,0.046,0.025,0.169,0.564,0.602,0.302,0.655,0.582,1.108,0.202,0.203,0.393,0.129,2.952,0.032,1.3,0,0.587,0.498,0,0,0,0,0,0,0,0,0,0,0.006,0,0,0,0,0.006,0,0,0.012,0,0.041,0.006,0,0,0.0086,0.0839,0,0.4366,0.6352,0.1195,7.2398,663.1,2384.7,1
0.121956,0.114428,0.289041,0.389705,0.381365,0.114022,0.0745756,0.134465,0.208856,0.243063,0.0813653,0.672915,0.120886,0.0580443,0.039631,0.246679,0.209373,0.170258,1.59044,0.0878967,0.945424,0.470664,0.180295,0.126753,0.606015,0.152768,0.0407011,0.0210332,0.0258672,0.0253137,0.00819188,0.00841328,0.0747232,0.00774908,0.0249077,0.0705166,0.130996,0.0258303,0.0292989,0.0192251,0.0412177,0.0532841,0.0167528,0.0104428,0.0726937,0.145129,0.0126937,0.0225092,0.0890185,0.144214,0.0142878,0.226325,0.0861292,0.0615129,4.53327,57.6716,478.491,0.583026
0.285556,0.5325,0.746667,0.0652778,0.387778,0.1575,0.269167,0.195556,0.188889,1.08417,0.181667,1.09361,0.112778,0.184722,0.233333,0.909722,0.291111,0.202778,1.87278,0.116667,2.27361,0.00472222,0.1875,0.155278,0.015,0.0222222,0.00805556,0.0161111,0,0,0,0,0.0375,0.00805556,0.0294444,0.00638889,0.107778,0,0,0.0130556,0,0,0,0,0.0983333,0.0397222,0,0.0213889,0.00838889,0.161028,0.00413889,0.918444,0.285583,0.0755833,33.8096,408.5,644.5,0.944444
0.0915152,0.09,0.262879,0.290303,0.261061,0.075303,0.0656061,0.064697,0.285,0.343182,0.0722727,0.448485,0.13803,0.151667,0.095303,0.296667,0.0618182,0.245,1.36652,0.210455,0.85,0.863333,0.0945455,0.0951515,0.379697,0.171818,0.0316667,0.0193939,0.00893939,0.0168182,0.0339394,0.00136364,0.0759091,0.00136364,0.105152,0.0227273,0.167121,0.000606061,0.0174242,0.0407576,0.0101515,0.0369697,0.00454545,0.0101515,0.0451515,0.0513636,0.0166667,0.04,0.0324242,0.150545,0.0204394,0.219667,0.123015,0.110985,6.12858,95.9697,1219.88,0.590909
0.426923,0.549231,0.584615,0,0.217692,0.500769,0.0838462,0.38,0.785385,0.916154,0.0869231,0.516923,0.281538,0.0353846,0.650769,0.210769,0.263846,1.25077,2.39769,0.687692,1.42538,0.0238462,0.942308,0.523077,0,0,0,0,0,0,0,0,0.0253846,0,0.0976923,0.0323077,0,0.0276923,0,0,0,0,0.0284615,0,0.0553846,0,0,0,0.0221538,0.0529231,0.124462,0.440923,0.172923,0.0377692,13.3378,465.385,951.615,1
0.348182,0.124091,0.278636,0,0.0509091,0.132727,0.0163636,0.133182,0.192273,0.346818,0.162273,0.667727,0.362273,0.714091,0.0409091,0.197727,0.281364,0.184545,1.91545,0.0972727,0.790909,0.0581818,0.364091,0.336818,0.181364,0.106818,0.00545455,0,0.00227273,0.00818182,0,0,0.225,0,0,0.0213636,0.103636,0.00227273,0.00818182,0.0181818,0.00863636,0.00545455,0.00136364,0.02,0.0559091,0.0204545,0.0131818,0.0304545,0.0246364,0.127591,0.00618182,0.272636,0.238818,0.0939091,5.68355,198.227,3431.09,0.863636
