0.0565902,0.433991,0.196109,0,0.233631,0.0411009,0.0375917,0.0426606,0.0194572,0.116109,0.00866972,0.447431,0.0503746,0.0539373,0.00269113,0.184992,0.0205046,0.114159,1.64324,0.0230657,0.441476,0,0.0132492,0.0624159,0.58906,0.286323,2.33974,0.11081,0.195505,0.11763,0.0987691,0.07263,0.0792966,0.07263,0.118609,0.103394,0.0762156,0.0287232,0.0854664,0.0767202,0.0657492,0.300711,0.0226758,0.141422,0.596919,0.247446,0.00467125,0.0451758,0.0199442,0.118589,0.0171904,0.201748,0.0116109,0.00574465,1.6332,4.81728,18.1185,0.108563
0.17625,0.17625,0.2375,0.01625,0.1375,0.05875,0.01875,0.065,0.29,0.37375,0.10375,0.41,0.185,0.41625,0.01375,0.135,0.185,0.0425,1.2525,0.0025,0.57625,0,0.1525,0.21,0.38875,0.40125,0.005,0.0025,0.0025,0,0,0,0.55625,0,0.00125,0.05125,0.57375,0.01125,0,0.0025,0.02,0.0075,0.01375,0.0175,0.08875,0.0775,0.00875,0.0725,0.089625,0.166375,0.037125,0.160375,0.430375,0.04525,3.90875,92.75,2485.75,0.5
0.278235,0.17,0.257059,0,0.0705882,0.0882353,0.0270588,0.121765,0.234118,0.387059,0.13,0.641176,0.292941,0.65,0.02,0.115294,0.227059,0.0782353,1.87059,0.00588235,0.904118,0.0752941,0.547647,0.262941,0.231176,0.138235,0.00941176,0.00176471,0.00176471,0.01,0,0,0.394706,0,0,0.0270588,0.192353,0.00294118,0.01,0.00588235,0.0188235,0.01,0.00352941,0.0217647,0.0447059,0.0352941,0.00764706,0.0282353,0.0270588,0.108118,0.00817647,0.180118,0.327765,0.0874118,5.91071,141.529,3254.24,0.764706
0,0,0,0.04,0,0,0,0,0,0,0,0,0,0,0,0.02,0,0,0.02,0,0,0,0,0,0,0,0,0,0,0,0,0,0,0,0,0,0,0,0,0,0,0,0,0,0,0,0,0,1.024,9.752,0.003,1.542,1.785,1.998,239.571,9989,10062,1
0.19,0,0.38,0,0,0.19,0,0,0,0,0.19,0.19,0,0,0,0.38,0,0.19,1.14,0,0.38,0,0,0,0,0,0,0,0,0,0,0,0,0,0,0,0,0,0,0,0,0,0,0,0,0,0,0,0.01,0.01,0,0,0,0.003,2.383,21,15841,1
0.1225,0.224531,0.436406,0.668906,0.262344,0.117969,0.0532813,0.11,0.266719,0.318906,0.0654687,0.812656,0.209844,0.113906,0.141094,0.133438,0.138594,0.188594,1.765,0.167812,0.949687,0,0.133594,0.165781,0.718906,0.134531,0.0207813,0.0220312,0.0153125,0.0184375,0.0148437,0.0025,0.078125,0.0025,0.03,0.0692187,0.089375,0.0021875,0.0157813,0.0354687,0.0025,0.0775,0.0389062,0.0115625,0.0246875,0.001875,0,0.0221875,0.155328,0.131219,0.0201094,1.13161,0.271969,0.0169531,4.12109,57.6719,753.438,0.59375
0.0779426,0.12244,0.33244,0.00574163,0.463158,0.119617,0.116842,0.154689,0.0624402,0.265742,0.0855024,0.565885,0.140048,0.0263636,0.0558373,0.235981,0.222584,0.261148,1.61589,0.109043,0.93488,0.225215,0.155885,0.0862679,0.46689,0.212871,0.112632,0.0838756,0.0611483,0.0878469,0.052488,0.0404306,0.0592345,0.0419617,0.0557895,0.0882775,0.173445,0.00760766,0.0612919,0.0759809,0.00913876,0.0277512,0.0551196,0.0688038,0.149713,0.0354545,0,0.0233493,0.0490335,0.164861,0.0213971,0.241646,0.114555,0.0476172,3.45415,38.6459,245.211,0.61244
0.29,0.04,0.04,0,0.14,0.04,0,0.29,0.29,0.94,0.14,0.04,0.14,0,0.19,0.04,0.39,0.19,1.6,0.04,0.79,9.53,0.69,0.47,0,0,0,0,0,0,0,0,0,0,0,0.04,0,0,0.04,0,0,0,0,0,0.19,0,0,0,1.117,0.053,0,0.356,0.09,0.011,12.332,1171,9163,1
0.0978505,0.129252,0.294766,0.461869,0.265794,0.0819626,0.041028,0.129533,0.181589,0.204673,0.093271,0.523271,0.109907,0.0339252,0.0362617,0.291495,0.153832,0.184206,1.42383,0.105981,0.753925,0.447196,0.0959813,0.087757,0.691869,0.214393,0.126168,0.0838318,0.0564486,0.0547664,0.0299065,0.0254206,0.0457009,0.0254206,0.0572897,0.0837383,0.141308,0.0546729,0.0468224,0.06,0.0319626,0.0714953,0.0443925,0.00691589,0.098972,0.0781308,0.0141121,0.04,0.176,0.156514,0.016757,0.230308,0.0719065,0.0705421,4.01076,47.1402,397.832,0.476636
0,0,0.28,0,0.16,0.18,0,0,0,0,0.02,0.09,0.11,0,0,0,0,0,0.14,0,0.02,0,0,0.04,0,0,0,0,0,0,0,0,0,0.07,0,0,0,0,0.02,0,0,0,0,0,0,0,0,0,0,0.116,0.021,0.032,0,0,16.6155,154,9089,1
0.10425,0.17975,0.88675,0,0.62725,0.81575,0.37825,0.1905,0.71275,0.3415,0.223,0.77275,0.2145,0,1.498,0.24,0.09075,1.13475,1.661,0.1965,0.7225,0,0.7085,0.1415,0.00225,0.00225,0,0,0,0,0,0,0,0,0.005,0,0.00725,0,0,0.04125,0,0,0.136,0.02,0.073,0.059,0,0,0.004475,0.094325,0,0.388925,0.15765,0.015275,8.5946,667.025,1371.35,1
0.229375,0.239375,0.260625,0,0.201875,0.069375,0.060625,0.11375,0.350625,0.43125,0.1725,0.496875,0.319375,0.545625,0.036875,0.166875,0.221875,0.084375,2.15375,0.015,1.04125,0,0.240625,0.273125,0.8725,0.048125,0.00125,0,0.00125,0.020625,0,0,0.034375,0,0.015,0.056875,0.075625,0.00125,0.0175,0.02,0.021875,0.00625,0.00625,0.025,0.045625,0.091875,0,0.055625,0.0210625,0.1055,0.00475,0.28075,0.272875,0.067875,5.33687,97.5625,2139.94,0.6875
0.2,0,0.186923,0,0.47,0.0838462,0.122308,0,0.206923,0.269231,0.384615,0.620769,0.159231,0.410769,0,0.71,0.319231,0.0607692,2.16308,3.18385,1.67769,0.444615,0.38,0.234615,0,0,0,0,0,0,0,0,0.0276923,0,0,0,0,0,0.0523077,0,0,0,0.0230769,0,0.0169231,0,0,0.0169231,0,0.115846,0.00576923,0.370615,0.146077,0.102385,10.8302,464.385,1425.15,1
0.005,0.005,0.035,0,0.025,0,0,0.005,0.015,0.065,0.025,0,0,0.025,0,0,0.005,0.035,0.005,0,0.005,0,0,0,0,0,0,0,0,0,0,0,0.035,0,0,0.065,0,0,0,0.005,0.23,0,0,0.015,0,0.4,0.005,0.035,0.036,0.1615,0.075,0.012,0.056,0.012,3.0295,43.5,5648.5,0
0.154146,0.119512,0.40561,0.00390244,0.303659,0.119024,0.142683,0.111951,0.579268,0.387317,0.120488,0.549024,0.111707,0.0441463,0.0507317,0.26878,0.0612195,0.40439,1.62805,0.345122,1.04805,1.08439,0.115854,0.221951,0.29439,0.149268,0.017561,0.0256098,0,0.0168293,0.0158537,0,0.100732,0,0.188537,0.0180488,0.142439,0.00341463,0.0304878,0.025122,0.0182927,0.0453659,0.00585366,0.0253659,0.0253659,0.0707317,0.0107317,0.0107317,0.0616829,0.107488,0.0765122,0.424488,0.191732,0.102756,4.53139,71,1048.39,0.731707
0.353333,0,1.76667,0,1.06,0,0,0,0.58,0.806667,0,0,0,0,0,0,0,0,0.353333,0.933333,0.453333,0,0,0,0.353333,0,0,0,0,0,0,0,0,0,0,0,0,0,0,0,0,0,0,0,0,0,0,0,0,0,0,0.936333,0.09,0,640,1279,1280,1
0.238182,0.217273,0.33,0.00909091,0.496364,0.203636,0.0536364,0.58,0.300909,0.571818,0.120909,0.644545,0.304545,0.16,0.147273,0.868182,0.502727,0.303636,2.30364,0.193636,1.14727,0.924545,0.474545,0.425455,0.121818,0.0527273,0,0,0,0.00727273,0,0,0.0172727,0,0,0.190909,0.121818,0.0172727,0.0245455,0.0509091,0,0,0,0.00727273,0.0390909,0,0,0,0.0197273,0.0905455,0.0311818,0.339455,0.157636,0.146,7.82245,212.909,1610.09,0.909091
0.616667,0.42,0.735556,0,0.0744444,0.55,0.0744444,0.491111,1.05111,1.01,0.0177778,0.457778,0.315556,0,0.928889,0.201111,0.155556,1.67444,2.30889,0.884444,1.35333,0,0.985556,0.684444,0,0,0,0,0,0,0,0,0.0366667,0,0.141111,0,0,0,0,0,0,0,0,0,0.0222222,0,0,0,0.0212222,0.0448889,0.0496667,0.408222,0.179556,0.0464444,13.0471,508.444,934,1
0.119385,0.0952967,0.247961,0.00289105,0.224973,0.0567638,0.127012,0.117929,0.029342,0.254056,0.0673571,0.595609,0.0919633,0.0353722,0.0265588,0.209417,0.109569,0.163981,1.65572,0.0224056,0.834412,0.00278317,0.0559655,0.0610572,0.646775,0.346073,0.228749,0.232589,0.0973247,0.168706,0.0850485,0.0574865,0.152319,0.0574865,0.167163,0.129687,0.206602,0.00500539,0.128867,0.064671,0.0448975,0.129191,0.0766559,0.107907,0.281909,0.222967,0.00355987,0.0315965,0.0152945,0.154566,0.0124887,0.255894,0.0573905,0.0459881,2.54163,14.2967,63.8155,0.320388
0.2,0.81,0.61,0,0,0,0,0,0.2,0,0,0.4,0,0,0,0.2,0,0,0.2,0,0.2,0,0,0.4,0,0,0,0,0,0,0,0,0,0,0,0,0,0,0,0,0,0,0,0,0,0,0,0,0,0,0,0.831,0.338,0.03,1102.5,2204,2205,1
0.35,0.08,0.35,0,0.35,0,0,0.52,0.61,1.76,0.17,0.26,0.79,0,0.26,0,0.7,0.35,2.64,0,2.03,0,0.61,0.7,0,0,0,0,0,0,0,0,0,0,0,0.08,0,0,0.08,0.17,0,0,0,0,0.17,0,0,0,0,0.081,0,0.556,0.069,0.011,19.234,1170,3116,1
0.463,0.931,0.931,0,0.463,0,0,0.463,0,1.866,0,2.334,0,0.605,0,0.463,0,0,1.866,0,5.231,0,0,0,0,0,0,0,0,0,0,0,0,0,0,0,0,0,0,0,0,0,0,0,0,0,0,0,0,0.2503,0,1.6712,0.1913,0.0832,59.0805,657,751.2,1
0.5,0.25,0.42,0,0.08,0.23,0.02,0.35,0.35,0.69,0.21,0.9,0.5,0.92,0.02,0.33,0.42,0.02,3.05,0,1.43,0,0.94,0.46,0,0,0,0,0,0,0,0,0,0,0,0,0,0,0,0.02,0,0,0,0,0.02,0,0.02,0,0,0.069,0,0.325,0.523,0.124,6.723,445,4128,1
0.295,0.045,0.275,0,0.145,0.045,0,0.37,0.295,1.045,0.145,0.12,0.145,0,0.195,0.045,0.395,0.425,2.06,0.045,0.845,0,0.925,0.495,0,0,0,0,0,0,0,0,0,0,0,0.12,0,0,0.045,0.465,0,0,0,0,0.095,0,0,0,0.0575,0.0745,0,0.2145,0.078,0.0055,39.1215,1338,2651,1
0.363333,0.336667,1.26667,0,1.21,0,0.11,0,0.253333,0.253333,0.223333,0.223333,0.11,0,0,0.336667,0,0.56,1.04,0.506667,1.23667,0,0,0,0.253333,0,0,0,0,0,0,0,0,0,0,0,0,0,0,0,0,0,0,0,0,0,0,0,0,0.04,0,0.691,0.0593333,0,261.167,1122.33,1173.67,1
0.466,0.398,0.343,0,0.252,0.046,0.025,0.169,0.564,0.602,0.302,0.655,0.582,1.108,0.202,0.203,0.393,0.129,2.952,0.032,1.3,0,0.587,0.498,0,0,0,0,0,0,0,0,0,0,0.006,0,0,0,0,0.006,0,0,0.012,0,0.041,0.006,0,0,0.0086,0.0839,0,0.4366,0.6352,0.1195,7.2398,663.1,2384.7,1
0.220986,0.13,0.342817,0,0.403521,0.190845,0.0828169,0.183944,0.387746,0.372676,0.107887,0.619155,0.0960563,0.178169,0.112535,0.18,0.339859,0.0801408,1.5469,0.211268,1.14282,0.442254,0.0695775,0.295493,0.57338,0.133099,0.0277465,0.0132394,0.00591549,0.0219718,0.0167606,0.00591549,0.0914085,0.00591549,0.0167606,0.0478873,0.115211,0.00830986,0.014507,0.0349296,0.0257746,0.178592,0.0190141,0.00830986,0.0649296,0.0715493,0.00774648,0.00704225,0.116042,0.163859,0.0129155,0.293535,0.152746,0.0505915,4.33642,82.2958,644.07,0.549296
0.226471,0.315294,0.601765,0.0558824,0.431765,0.341176,0.164118,0.202941,0.421765,0.688824,0.260588,0.661765,0.222941,0.104706,0.332353,0.263529,0.241765,0.412353,1.98588,0.137059,1.48529,0.01,0.364118,0.298235,0.548824,0.231176,0.0141176,0,0,0.0429412,0,0,0.0794118,0,0.0423529,0.0141176,0.192353,0.0505882,0.0141176,0.0429412,0,0.0429412,0.02,0.0288235,0.0876471,0.0841176,0,0,0.000705882,0.186,0.00876471,0.645235,0.247647,0.0516471,9.96018,302.059,738.765,0.941176
0.0923333,0.0523333,0.234333,0,0.245333,0.0683333,0.0533333,0.082,0.272333,0.489667,0.0696667,0.489333,0.158333,0.0853333,0.111,0.316,0.065,0.350667,1.381,0.258,1.05933,0.532333,0.0833333,0.09,0.484,0.212333,0.027,0.031,0.003,0.0293333,0.0246667,0.003,0.0983333,0.003,0.175,0.0333333,0.174333,0,0.00866667,0.0753333,0.02,0.0626667,0.01,0.011,0.071,0.0826667,0.0366667,0.0766667,0.0351667,0.148167,0.0165333,0.282267,0.158533,0.0677333,4.86387,64.0333,1161.47,0.6
0.055,0.117692,0.305769,0.736923,0.250385,0.0907692,0.0896154,0.0419231,0.351538,0.175769,0.0592308,0.365,0.06,0.0511538,0.108846,0.237308,0.0603846,0.190769,0.999231,0.0257692,0.554615,0.877692,0.0811538,0.0453846,0.330769,0.191154,0.0126923,0.0134615,0.0192308,0.00884615,0.0211538,0,0.0792308,0,0.0284615,0.0192308,0.147308,0.00153846,0.00807692,0.0165385,0.00269231,0.0215385,0,0.0130769,0.0192308,0.035,0,0.00461538,0.0417308,0.186,0.0328077,0.152154,0.0762692,0.0873077,5.30885,84.6154,1311.31,0.576923
0.112121,0.164242,0.382273,0.214394,0.303939,0.118939,0.05,0.22,0.330909,0.575758,0.128939,0.564091,0.13,0.0722727,0.180303,0.28197,0.192576,0.332121,1.27303,0.136212,0.863485,0.744394,0.125,0.165,0.62697,0.152273,0.0363636,0.0268182,0.00954545,0.0328788,0.0254545,0.00287879,0.129091,0.00575758,0.0839394,0.0392424,0.130455,0.000606061,0.0356061,0.0348485,0.00318182,0.0178788,0.00454545,0.00318182,0.0434848,0.0130303,0.00333333,0.0398485,0.0550152,0.115227,0.0204091,0.299879,0.124924,0.101758,4.71594,77.6667,918.606,0.651515
0.19,0.19,0.19,0.19,1.16,0,0,0,0.58,0.38,0,0,0,0,0,0,0,0,0.19,0.38,0.58,0,0,0,0.19,0,0,0.19,0,0,0,0,0,0.38,0,0,0,0,0,0,0,0,0,0,0,0,0,0,0,0.07,0,0,1.121,0,1021.5,2042,2043,1
0.140909,0.11,0.293636,0.00954545,0.300455,0.0963636,0.0431818,0.105,0.265909,0.317727,0.0990909,0.533636,0.115909,0.0322727,0.0595455,0.132273,0.109091,0.170909,1.62909,0.139545,0.845,1.17136,0.285,0.23,0.204091,0.134545,0.0104545,0.00772727,0,0.0104545,0.00545455,0,0.05,0.00590909,0.00545455,0.0645455,0.124091,0.00363636,0.005,0.0104545,0,0,0.00363636,0.0186364,0.0295455,0.0331818,0.00272727,0.0263636,0.0407273,0.123682,0.0413636,0.2045,0.248682,0.144818,6.12941,100.455,1532.55,0.636364
0.140732,0.106707,0.358659,0.0171341,0.285915,0.103415,0.0952439,0.152683,0.0778659,0.305793,0.0564024,0.476159,0.0911585,0.022561,0.0353049,0.27811,0.229634,0.228171,1.62537,0.156585,0.846463,0.61939,0.165061,0.0789634,0.578963,0.226707,0.067561,0.0441463,0.0494512,0.0531098,0.0363415,0.01,0.0590244,0.0118293,0.0609756,0.0537805,0.215183,0.00115854,0.0279268,0.0396341,0.0301829,0.0246341,0.0343293,0.0511585,0.137439,0.308232,0.00847561,0.0315244,0.209085,0.152915,0.0214512,0.281482,0.150854,0.137762,4.21788,51.0549,318.274,0.512195
0.117885,0.0807692,0.320673,0.00432692,0.271154,0.102596,0.0448077,0.149423,0.179038,0.228365,0.0636538,0.760577,0.129904,0.0881731,0.0235577,0.194038,0.205192,0.125769,1.38721,0.105673,1.16683,0.00326923,0.200865,0.0956731,0.944038,0.182788,0.0126923,0.0129808,0.00778846,0.0211538,0.00932692,0,0.100096,0.00288462,0.0208654,0.0646154,0.193173,0.0180769,0.02625,0.0131731,0.0853846,0.0548077,0.00942308,0.0189423,0.0610577,0.274135,0.00519231,0.0115385,0.0593558,0.181154,0.019,0.241298,0.0757308,0.0605865,4.13269,59.9038,558.51,0.557692
0.0766667,0.0611111,0.185556,0,0.0311111,0.0233333,0,0.0477778,0.0433333,0.0933333,0.0477778,0.507778,0.0166667,0.0288889,0.00222222,0.0211111,0.0433333,0.113333,0.325556,0.0211111,0.187778,0.393333,0,0,0.281111,0.11,0.01,0.00888889,0.0144444,0.0511111,0.04,0,0.282222,0,0.0144444,0.0966667,0.294444,0.0177778,0.0355556,0.0188889,0.06,0.00777778,0.0177778,0.0377778,0.0166667,0.257778,0.00555556,0.04,0.099,0.178889,0.0476667,0.0228889,0.00177778,0.0247778,2.93811,73.5556,1794.22,0
0.266,0,1.338,0,0.802,0,0.13,0,0.534,0.934,0,0,0,0,0,0.116,0,0,0.266,0.802,0.534,0,0,0,0.266,0,0.292,0.058,0,0.116,0,0,0,0,0,0,0.116,0,0,0,0,0,0,0,0,0,0,0,0,0.0036,0,0.7026,0.0824,0,362.5,1286,1373,0.8
0.375,0.47,0.565,2.29,0.3475,0.095,0.1375,0.2525,0.2525,1.105,0.185,1.7725,0,0.185,0,0.185,0.2775,0,1.75,0.0675,3.24,0.095,0.185,0,0,0,0,0,0,0,0,0,0,0,0,0,0.0925,0,0,0,0,0,0,0,0,0,0,0,0.09675,0.12925,0,0.72975,0.09825,0.05875,57.6468,779,1006.75,1
0.0492,0.2158,0.3386,0,0.7242,0.1786,1.1694,0.2976,0.2638,0.5278,0.2466,0.6218,0.031,0.0214,0.0184,0.4974,0.8662,0.3048,2.0926,0.2428,1.7366,0.0172,0.0976,0.1022,0.0482,0.01,0.126,0.0282,0.01,0.005,0.1448,0,0,0,0.0562,0.0106,0.1032,0,0.059,0.38,0,0.004,0,0.0056,0.1744,0,0,0.02,0.0097,0.14794,0.01188,0.39748,0.0455,0.0442,27.7227,202.7,365.38,0.74
0.2025,0.1575,0.5125,0,1.265,0.3375,0.22,0.385,0.4225,1.6325,0.0625,0.7525,0.245,0,1.2175,0.24,0.0475,0.86,2.565,0.135,1.96,0,0.64,0.41,0,0,0,0,0,0,0,0,0,0,0.0225,0,0,0,0,0.26,0,0,0.04,0,0.02,0.02,0,0,0.003,0.03375,0,0.519,0.1535,0.0115,49.1835,859,1747.5,1
0.508889,0.105556,0.37,0,0.0422222,0.198889,0.00222222,0.154444,0.186667,0.297778,0.236667,0.924444,0.538889,0.947778,0.0611111,0.321111,0.385556,0.196667,2.45333,0.17,0.997778,0,0.232222,0.504444,0,0,0.00111111,0,0.00333333,0.00111111,0,0,0.172222,0,0,0.0255556,0.0911111,0,0.00111111,0.04,0.00666667,0.01,0,0.0255556,0.0644444,0.0133333,0.0222222,0.0633333,0.0175556,0.192778,0.000222222,0.418778,0.289778,0.112222,4.24444,125.333,3531.56,0.888889
0.135794,0.118598,0.25215,0.531308,0.498411,0.133551,0.0781308,0.103458,0.249252,0.268037,0.0960748,0.694953,0.126355,0.05,0.0515888,0.165888,0.274766,0.171121,1.8185,0.104953,0.810935,0.844393,0.218972,0.16972,0.434206,0.141215,0.0160748,0.0208411,0.014486,0.0211215,0.00850467,0.0105607,0.0841121,0.0071028,0.0250467,0.0721495,0.087757,0.0133645,0.0145794,0.00794393,0.0242991,0.0559813,0.00906542,0.00953271,0.0471963,0.0743925,0.0271028,0.0228972,0.0607757,0.117841,0.00957009,0.199252,0.104393,0.098729,4.49042,48.2523,477.636,0.663551
0.0233333,0.49,0.176667,0,0.525556,0.184444,0.0766667,0.137778,0.07,0.576667,0.0911111,0.332222,0.137778,0.691111,0.0111111,0.173333,0.283333,0.112222,1.94,0.0888889,1.11889,1.24111,0.41,0.234444,0.215556,0,0.105556,0,0,0,0.105556,0,0,0,0.105556,0.0466667,0.218889,0,0,0,0,0,0.0211111,0,0.0577778,0,0,0,0.0107778,0.0346667,0.130111,0.210556,0.517333,0.164778,15.7183,277.333,1076,0.555556
0.11446,0.0916349,0.273984,0.00388889,0.428762,0.133635,0.145127,0.116206,0.0433016,0.204587,0.0526032,0.49354,0.0875397,0.0178254,0.0513016,0.364746,0.164254,0.197254,1.76822,0.0793492,0.96427,0.028381,0.131222,0.0851746,0.50027,0.330857,0.204048,0.18627,0.0730952,0.11481,0.0534921,0.0570159,0.0737302,0.0600952,0.11281,0.12581,0.121079,0.00463492,0.0958889,0.0634444,0.0350159,0.0386032,0.0711905,0.0577143,0.259016,0.177556,0.00665079,0.0253492,0.0202889,0.137613,0.0161968,0.256681,0.0680889,0.0631095,2.9016,23.4905,116.941,0.485714
0.21,0.448824,0.646471,0.0823529,0.291176,0.0241176,0.437647,0.0335294,0.169412,0.931176,0.145294,0.911765,0.0476471,0.0776471,0.177059,1.51235,0.374706,0.0370588,1.97235,0.135882,1.54941,0,0.0482353,0.146471,0.0317647,0.0470588,0.0170588,0.0341176,0,0,0,0,0,0.0170588,0.0341176,0.0135294,0.0358824,0,0,0,0,0,0,0,0.120588,0,0,0.0452941,0.0170588,0.0634706,0,0.830765,0.316118,0.0754118,40.6247,379.294,549.412,0.882353
0.123896,0.313506,0.387143,1.17727,0.694935,0.187922,0.475974,0.131169,0.0594805,0.265065,0.0955844,0.605325,0.111688,0.0574026,0.045974,0.573117,0.914026,0.347532,2.0926,0.348571,1.56662,0.0211688,0.162468,0.165584,0,0,0,0.00805195,0,0.0125974,0,0,0.215325,0,0.0061039,0.048961,0.0905195,0.0202597,0.00688312,0.0457143,0,0,0,0.00714286,0.0555844,0.00207792,0,0,0.00577922,0.112831,0.0110649,0.576494,0.171987,0.0351299,7.37192,123.247,216.091,0.896104
0,0.02,0.05,0,0.02,0,0,0.05,0,0.35,0,0.02,0,0,0,0.05,0.1,0.38,0.07,0.2,0.17,0,0,0,0.02,0,0,0,0,0,0,0,0,0,0,0,0,0,0,0,0,0,0,0,0,0,0,0,0,0.004,0,0.108667,0.0173333,0.0173333,3.922,489,3271,1
0.085578,0.127341,0.344335,0.00485549,0.341214,0.148728,0.165462,0.095289,0.0642486,0.250491,0.065896,0.564855,0.101416,0.028237,0.0154046,0.249191,0.140116,0.211185,1.5937,0.0948266,0.934393,0.0377168,0.138497,0.0998555,0.638757,0.336127,0.175751,0.142514,0.0879769,0.123497,0.0571098,0.0504624,0.111214,0.0504624,0.118988,0.10711,0.198815,0.00199422,0.090896,0.0777746,0.0683237,0.0510405,0.0889884,0.0260694,0.190405,0.167977,0.00624277,0.0292775,0.0376156,0.146072,0.0206908,0.237864,0.0719364,0.0274884,3.26648,29.0289,175.191,0.462428
0.238571,0.188571,0.464286,0.00857143,0.511429,0.161429,0.05,0.315714,0.227143,0.37,0.161429,0.792857,0.247143,0.425714,0.0371429,0.877143,0.525714,0.2,2.50857,0.17,1.03714,0.371429,0.34,0.364286,0,0,0,0,0,0,0,0,0,0,0,0.114286,0.0371429,0,0,0.0414286,0,0,0,0,0.0314286,0,0,0,0.00157143,0.0587143,0.0167143,0.440571,0.267,0.179857,7.18414,269,2088.29,1
0.316,0.194,0.326,0.287333,0.0946667,0.111333,0.0306667,0.148,0.28,0.427333,0.156,0.671333,0.354,0.752667,0.00533333,0.15,0.298,0.0713333,2.06467,0.000666667,0.906,0.0193333,0.579333,0.258,0.032,0.0326667,0.00466667,0.00266667,0.00266667,0,0,0,0.414,0,0,0.0333333,0.28,0.00133333,0.00333333,0.01,0.0213333,0.00666667,0.01,0.008,0.0353333,0.0766667,0.00666667,0.0826667,0.0456667,0.0970667,0.00433333,0.261733,0.4718,0.1034,5.31487,144.8,3007.47,0.666667
