0.0730769,0.147436,0.363718,0.0148718,0.545641,0.110897,0.237436,0.140897,0.070641,0.198974,0.0865385,0.694615,0.079359,0,0.183718,0.284487,0.294487,0.390385,2.14115,0.422436,1.3459,0.15141,0.276795,0.15,0.315513,0.145,0.0783333,0.135513,0.0297436,0.118718,0.0297436,0.0297436,0.0205128,0.0297436,0.064359,0.0552564,0.0835897,0,0.139359,0.112949,0.0135897,0.0365385,0.00461538,0,0.164103,0.0457692,0,0.00423077,0.00337179,0.131282,0.000833333,0.295474,0.0936923,0.0388846,5.57696,55.9359,144.808,0.653846
0,0,0,0.04,0,0,0,0,0,0,0,0,0,0,0,0.02,0,0,0.02,0,0,0,0,0,0,0,0,0,0,0,0,0,0,0,0,0,0,0,0,0,0,0,0,0,0,0,0,0,1.024,9.752,0.003,1.542,1.785,1.998,239.571,9989,10062,1
0.036,0.038,0.134,0,0.156,0.05,0,0.03,0.052,0.076,0.006,0.318,0.024,0.018,0.006,0.028,0.152,0.118,0.184,0.002,0.108,0.058,0.008,0,0.096,0.098,0.014,0.008,0.008,0,0,0,1.242,0,0,0.1,0.824,0.004,0.01,0.03,0.064,0.02,0.03,0.018,0.016,0.23,0.014,0.248,0.0644,0.1596,0.013,0.011,0.0096,0.0044,2.2954,53.4,3015.2,0
0.0515064,0.849647,0.128622,0,0.198574,0.0289904,0.00415064,0.0394551,0.00604167,0.0970833,0.00153846,0.194199,0.0266827,0.0424359,0,0.188542,0.00706731,0.0768429,1.44333,0.0334615,0.390096,0,0.00339744,0.0529327,0.232003,0.139054,4.41785,0,0.103349,0.00666667,0.0200321,0,0.0996955,0,0.0320513,0.0139263,0,0.0414103,0.0436378,0.001875,0.0622756,0.323846,0.00572115,0.166715,0.739792,0.320369,0.00815705,0.0503526,0.0120272,0.0730641,0.0194952,0.183056,0.00285417,0,1.33433,2.40224,7.84936,0.0416667
0.0676471,0.0223529,0.173529,0,0.220588,0.0358824,0.0582353,0.104706,0.301765,0.0935294,0.0611765,0.337647,0.0576471,0.0858824,0.00294118,0.294706,0.0429412,0.308235,0.911765,0.0352941,0.811176,0,0.0658824,0.0352941,0.628235,0.256471,0.0252941,0.0247059,0.00529412,0.03,0.0247059,0.00529412,0.171176,0.00529412,0.0394118,0.0417647,0.252353,0,0.00235294,0.0347059,0.0329412,0.0576471,0.0135294,0.0194118,0.0270588,0.131765,0.0576471,0.107059,0.0538824,0.165471,0.0242353,0.242765,0.184353,0.0145294,3.99829,49.7059,1142.71,0.470588
0.0232353,0.287353,0.290882,0,0.665,0.237941,0.949412,0.0926471,0.0429412,0.38,0.0367647,0.723824,0.0311765,0.00588235,0.0270588,0.312353,0.197353,0.377353,2.18441,0.0302941,1.27794,0.0252941,0.0132353,0.0238235,0.0414706,0,0.185294,0.0414706,0,0,0.212941,0,0,0,0.0826471,0.0155882,0.0129412,0,0.0552941,0.558824,0,0,0,0.00823529,0.245,0.0129412,0,0,0.000823529,0.183059,0.0191765,0.289,0.0192059,0.0373529,13.8807,170.235,384.618,0.647059
0.29,0.04,0.04,0,0.14,0.04,0,0.29,0.29,0.94,0.14,0.04,0.14,0,0.19,0.04,0.39,0.19,1.6,0.04,0.79,9.53,0.69,0.47,0,0,0,0,0,0,0,0,0,0,0,0.04,0,0,0.04,0,0,0,0,0,0.19,0,0,0,1.117,0.053,0,0.356,0.09,0.011,12.332,1171,9163,1
0,0,0,0,0,0,0,0,0,0,0,0,0,0,0,0,0,0,0,0,0,0,0,0,0,0,0.07,0,0.07,0,0,0,0.07,0,0,0,0,0,0,0.07,0,0,0,0,0,0,0,0,0,0.104,0.324,0,0,0.011,4.411,28,1866,0
0.29,0.055,0.345,0,0.645,0.29,0.115,0.175,0,0.17,0.17,0.94,0.465,0.055,0,1.3575,0.59,0.17,3.045,0.175,0.93,0,0.585,0.285,0,0,0,0,0,0,0,0,0,0,0,0.175,0,0,0.17,0.055,0,0,0,0,0.055,0,0,0.055,0,0.0915,0,0.58,0.149,0.27425,8.109,304.5,1434.5,1
0.35,0.08,0.35,0,0.35,0,0,0.52,0.61,1.76,0.17,0.26,0.79,0,0.26,0,0.7,0.35,2.64,0,2.03,0,0.61,0.7,0,0,0,0,0,0,0,0,0,0,0,0.08,0,0,0.08,0.17,0,0,0,0,0.17,0,0,0,0,0.081,0,0.556,0.069,0.011,19.234,1170,3116,1
0,0,0,0,0,0,0,0,0,0,0,0,0,0,0,0,0,0,0,0,0,0,0,0,0,0,0,0,0,0,0,0,0,0,0,0,0,0,0,0,0,0,0,0,0,0,0,0,0.022,0.022,0.019,0.022,0.022,0.022,3.482,5,5902,0
0.1175,0.178571,0.3875,0,0.677143,0.117857,0.136429,0.216786,0.230357,0.631786,0.105,0.559286,0.1,0.178571,0.258929,0.165714,0.393214,0.143571,1.98714,0.227143,1.38321,0.82,0.114286,0.225714,0.193571,0.0767857,0.0167857,0.00535714,0.00535714,0.00535714,0.00535714,0.00535714,0.0946429,0.00535714,0.00535714,0.025,0.109643,0.0189286,0.0167857,0.0464286,0,0.242143,0.0157143,0.0260714,0.126786,0,0.00321429,0,0.0108214,0.110714,0.0147857,0.309964,0.129429,0.08,4.52304,110.607,620.821,0.821429
0.19,0,0.38,0,0,0.19,0,0,0,0,0.19,0.19,0,0,0,0.38,0,0.19,1.14,0,0.38,0,0,0,0,0,0,0,0,0,0,0,0,0,0,0,0,0,0,0,0,0,0,0,0,0,0,0,0.01,0.01,0,0,0,0.003,2.383,21,15841,1
0.5,0.25,0.42,0,0.08,0.23,0.02,0.35,0.35,0.69,0.21,0.9,0.5,0.92,0.02,0.33,0.42,0.02,3.05,0,1.43,0,0.94,0.46,0,0,0,0,0,0,0,0,0,0,0,0,0,0,0,0.02,0,0,0,0,0.02,0,0.02,0,0,0.069,0,0.325,0.523,0.124,6.723,445,4128,1
0.123625,0.0525,0.22175,0.012125,0.256375,0.12625,0.05525,0.119125,0.046875,0.21775,0.043625,0.499625,0.10075,0.03975,0.001125,0.12825,0.1475,0.104875,1.23312,0.10125,0.487875,0.78525,0.168375,0.054625,0.962875,0.3615,0.129875,0.04575,0.071875,0.05575,0.067125,0.015875,0.11025,0.015875,0.044625,0.07675,0.293875,0.002375,0.021125,0.0295,0.061875,0.041625,0.048,0.088875,0.091875,0.316375,0,0.015125,0.307237,0.181588,0.0337125,0.141662,0.0762125,0.0781125,3.34805,26.425,313.462,0.3875
0.203333,0.126667,0.24,0.0433333,0.0933333,0.0866667,0.0166667,0.09,0.266667,0.21,0.103333,0.483333,0.133333,0.393333,0.0233333,0.08,0.12,0.0733333,1.09,0,0.453333,0,0.21,0.173333,0.466667,0.48,0.01,0.00666667,0.00666667,0,0,0,0.596667,0,0,0.0833333,0.7,0.0166667,0,0,0.02,0.0133333,0.00666667,0.04,0.0266667,0.0966667,0.00666667,0.05,0.086,0.161333,0.0603333,0.122,0.182333,0.044,3.70867,90.6667,2696.67,0.333333
0.041,0.303,0.639,0.14,0.112,0.041,0.474,0,0.054,0.619,0.094,0.834,0.056,0.132,0,1.295,0.188,0.038,2.522,0,1.321,0,0.082,0.088,0.029,0.029,0.029,0.058,0,0,0,0,0,0.029,0.058,0.023,0.061,0,0,0,0,0,0,0,0.18,0,0,0,0.029,0.0661,0,0.6323,0.2445,0.0848,14.3804,342,533.4,0.9
0.5,0.626667,0.753333,0,0.373333,0.126667,0,0.246667,0.246667,1.38333,0.246667,2.27333,0,0.246667,0,0.246667,0,0,2.15,0,4.04333,0.126667,0.246667,0,0,0,0,0,0,0,0,0,0,0,0,0,0.123333,0,0,0,0,0,0,0,0,0,0,0,0,0.172333,0,0.872667,0.131,0.064,70.3683,807.333,965.667,1
0.0801075,0.0686022,0.342796,0.00935484,0.33,0.117742,0.0597849,0.130538,0.0964516,0.247849,0.0555914,0.513118,0.09,0.0182796,0.0141935,0.26914,0.125269,0.168172,1.38828,0.0555914,0.794516,0.0198925,0.0835484,0.0924731,0.64871,0.330215,0.157742,0.125591,0.0615054,0.125054,0.0895699,0.0387097,0.145269,0.0387097,0.0831183,0.121183,0.252043,0.0163441,0.0875269,0.0629032,0.00860215,0.0376344,0.0953763,0.104516,0.156774,0.0994624,0.0117204,0.0315054,0.0218065,0.195785,0.0230215,0.151409,0.048871,0.0349677,2.52405,21.1935,212.785,0.44086
0,0,0.46,0,0,0,0,0.15,0,0,0,0.15,0,0,0,0,0,0.46,0.93,0,0,0,0.46,0,0,0,0,0,0,0,0,0,0,0,0,0.15,0,0,0,0.93,0,0,0,0,0,0,0,0,0.071,0.071,0,0.095,0.023,0,62.75,1505,2761,1
0.178788,0.363939,0.301818,2.56879,0.472424,0.108788,0.0809091,0.0448485,0.460606,0.351212,0.155455,0.757576,0.177273,0.0190909,0.15697,0.221818,0.159394,0.422424,2.20212,0.0487879,1.10273,1.31485,0.182121,0.334848,0.236061,0.00575758,0.168788,0.00575758,0,0,0.0178788,0.00575758,0.0239394,0.00575758,0.0248485,0.0145455,0.0336364,0.010303,0.02,0,0,0.00545455,0.00727273,0.00424242,0.0687879,0,0,0,0.00927273,0.0928485,0.000545455,0.288061,0.171788,0.16397,8.21848,80.7273,456.242,0.818182
0.129804,0.0662745,0.316275,0.00215686,0.182549,0.0586275,0.037451,0.178431,0.173922,0.125882,0.0621569,0.693725,0.105882,0.0892157,0.0101961,0.157647,0.249608,0.0388235,0.888235,0.0876471,0.909804,0,0.102549,0.107255,1.5202,0.185882,0.0198039,0.00333333,0.0158824,0.0268627,0.0158824,0,0.111569,0.00215686,0.0158824,0.113529,0.237451,0.0368627,0.0423529,0.0252941,0.111961,0.0688235,0.00470588,0.0260784,0.0243137,0.133333,0,0.0180392,0.0922941,0.22098,0.0168235,0.131765,0.0555294,0.100627,3.42657,39.0392,578.608,0.352941
0.33,1.01,0,0,1.35,0,0.33,0,0,0,0.67,0.67,0.33,0,0,1.01,0,1.68,2.36,0,3.71,0,0,0,0,0,0,0,0,0,0,0,0,0,0,0,0,0,0,0,0,0,0,0,0,0,0,0,0,0.12,0,0.06,0.06,0,193.5,1013,1161,1
0.185,0.095,0.805,0,0.76,0.455,0,0.33,0.625,0.385,0.125,0.625,0.27,0,1.33,0.04,0.095,1.28,1.805,0.27,0.595,0,0.84,0.38,0,0,0,0,0,0,0,0,0,0,0.045,0,0,0,0,0.08,0,0,0.08,0,0.04,0.04,0,0,0.006,0.0675,0,0.4625,0.154,0.023,11.692,680,1761.5,1
0.195,0.5,0.4,0.095,0.58,0,0,0,0.39,0.19,0,0.2,0,0,0,0.1,0,0,0.195,0.19,0.39,0,0,0.2,0.095,0,0,0.095,0,0,0,0,0,0.19,0,0,0,0,0,0,0,0,0,0,0,0,0,0,0,0.035,0,0.4155,0.7295,0.015,1062,2123,2124,1
0,0,0.28,0,0.16,0.18,0,0,0,0,0.02,0.09,0.11,0,0,0,0,0,0.14,0,0.02,0,0,0.04,0,0,0,0,0,0,0,0,0,0.07,0,0,0,0,0.02,0,0,0,0,0,0,0,0,0,0,0.116,0.021,0.032,0,0,16.6155,154,9089,1
0.0911364,0.100909,0.284318,0,0.562955,0.209773,0.254091,0,0.0752273,0.343182,0.115682,0.297727,0.202955,0.0390909,0.0120455,0.658182,0.0995455,0.178409,1.96136,0.0261364,0.753864,0,0.0504545,0.230227,0.109318,0.0572727,0.0811364,0.0604545,0,0.0336364,0,0,0.0843182,0,0.0270455,0.0506818,0.0461364,0,0.0184091,0.0309091,0.00590909,0,0.0159091,0.0438636,0.276591,0.299545,0,0,0.00102273,0.0693636,0.00620455,0.299295,0.0468864,0.450659,5.3462,56.5682,110.818,0.568182
0.120455,0.0768182,0.527727,0,0.405455,0.167273,0.128636,0.155909,0.181364,0.353182,0.0827273,0.948636,0.160909,0.0145455,0.0381818,0.455455,0.323182,0.366818,2.28318,0.243182,1.11545,0,0.362273,0.127727,0.397727,0.155455,0,0,0.0227273,0.0113636,0,0,0,0.0195455,0.00909091,0.0236364,0.110909,0,0.00909091,0,0,0.00909091,0.0186364,0,0.0977273,0,0,0.0545455,0.0246364,0.152682,0.00254545,0.733045,0.136091,0.0282727,7.59509,129.136,522.091,0.772727
0.105513,0.112231,0.249231,0,0.227513,0.077641,0.122154,0.0575128,0.0387179,0.247205,0.0324615,0.529769,0.101359,0.0554615,0.015,0.260179,0.072641,0.137538,1.82613,0.012,0.634795,0,0.0445641,0.0458974,0.633179,0.397667,0.390846,0.222564,0.189897,0.203308,0.150846,0.115154,0.108667,0.115154,0.194949,0.189436,0.198179,0.00484615,0.207744,0.120667,0.0862821,0.202,0.0604103,0.141718,0.371179,0.182103,0.00261538,0.0418974,0.0167026,0.162174,0.0165205,0.199903,0.0600769,0.0144513,2.10636,9.54615,39.8897,0.225641
0.171511,0.0737778,0.281333,0.00573333,0.447111,0.0722667,0.110533,0.1256,0.0413333,0.150089,0.0306222,0.482222,0.0710222,0.0112444,0.0203111,0.335022,0.192311,0.163956,1.71853,0.0325333,0.865556,0.0297778,0.134222,0.0515111,0.493333,0.363333,0.247244,0.189778,0.0772889,0.1144,0.0492444,0.0514667,0.0889333,0.0614667,0.1412,0.134,0.139022,0.0032,0.117378,0.0571556,0.0311111,0.0362667,0.0774667,0.0588889,0.2628,0.0901778,0.00124444,0.0549778,0.0197511,0.140013,0.0206044,0.342738,0.0835733,0.0250178,2.5824,19.7333,119.289,0.497778
0.4325,0.33,0.645,0,0.1975,0.065,0.0225,0.0675,0.44,0.6775,0.2625,0.815,0.3975,0.8925,0.0225,0.1825,0.3225,0,3.1875,0,1.3975,0,0.2875,0.5375,0,0,0,0,0,0,0,0,0,0,0,0,0,0,0,0,0,0,0,0,0.0725,0,0,0,0.00275,0.07625,0,0.40625,0.89675,0.09325,7.71275,275.25,2262.25,1
0.072963,0.194444,0.582593,0.730741,0.511481,0.204444,0.351481,0.259259,0.0485185,0.295926,0.198519,0.534815,0.101481,0.01,0,0.445556,0.408889,0.375185,2.39667,0.626296,1.63852,0,0.151111,0.215185,0.0211111,0.0211111,0,0,0,0,0,0,0.01,0,0,0.037037,0.117037,0,0.0885185,0,0,0,0,0,0.125926,0.0459259,0,0,0.0131111,0.110852,0.0315556,0.452444,0.0844815,0.0337407,8.07393,137.926,283.296,0.962963
0.129,0,0.129,0,0.528,0.087,0.129,0,0.177,0.228,0.378,0.529,0.021,0.534,0,0.807,0.369,0.042,1.851,3.786,1.679,0.578,0.378,0.198,0,0,0,0,0,0,0,0,0.021,0,0,0,0,0,0,0,0,0,0,0,0,0,0,0,0,0.0985,0.0075,0.3171,0.1488,0.0639,11.4664,494,1455,1
0,0.44875,0.86875,0,0.51,0.21875,0.29125,0.2075,0.2725,0.6075,0.3675,0.64875,0.03125,0.13625,0,0.57,0.39375,0.2075,1.61375,0.28875,1.67875,0,0.1225,0.0825,0.03125,0.06375,0,0,0,0,0,0,0.04,0,0,0,0.40875,0,0,0,0,0,0,0,0.1675,0,0,0,0,0.167125,0.018625,0.7075,0.211875,0.08,12.3432,394.75,694.875,0.875
0.132143,0.0828571,0.28,0,0.256429,0.103571,0.035,0.14,0.285714,0.418571,0.07,0.499286,0.122143,0.0414286,0.0885714,0.124286,0.111429,0.189286,1.495,0.0171429,0.847143,1.06786,0.287143,0.227857,0.304286,0.202143,0.0185714,0.00857143,0.0135714,0.00571429,0.00857143,0,0.112143,0,0.00285714,0.0692857,0.085,0,0.00785714,0.0171429,0.005,0,0,0.0192857,0.0221429,0,0,0.00571429,0.0702857,0.119357,0.0499286,0.194857,0.207857,0.1155,6.11457,102.643,1451.79,0.571429
0.508889,0.105556,0.37,0,0.0422222,0.198889,0.00222222,0.154444,0.186667,0.297778,0.236667,0.924444,0.538889,0.947778,0.0611111,0.321111,0.385556,0.196667,2.45333,0.17,0.997778,0,0.232222,0.504444,0,0,0.00111111,0,0.00333333,0.00111111,0,0,0.172222,0,0,0.0255556,0.0911111,0,0.00111111,0.04,0.00666667,0.01,0,0.0255556,0.0644444,0.0133333,0.0222222,0.0633333,0.0175556,0.192778,0.000222222,0.418778,0.289778,0.112222,4.24444,125.333,3531.56,0.888889
0.0918182,0.218182,0.284545,0,0.353636,0.0654545,0.0172727,0.184545,0.378182,0.28,0.0518182,0.450909,0.0927273,0.634545,0.316364,0.0172727,0.212727,0.352727,1.46364,0.48,1.37818,0,0.334545,0.0627273,0.238182,0,0.0345455,0.0772727,0,0,0.02,0,0,0,0.0390909,0.0118182,0.102727,0,0,0.0345455,0,0.751818,0.00545455,0.0145455,0.0490909,0,0,0,0.0152727,0.244455,0.0290909,0.242182,0.0964545,0.0752727,4.55473,134.545,729.455,0.363636
0.3525,0,1.7725,0,1.0625,0,0.1625,0,0.5175,0.8475,0,0,0,0,0,0,0,0,0.3525,0.8725,0.3275,0,0,0,0.3525,0,0,0,0,0,0,0,0,0,0,0,0,0,0,0,0,0,0,0,0,0,0,0,0,0,0,0.9325,0.08,0,316.125,1161.5,1264.5,1
0.01,0.01,0.07,0,0.05,0,0,0.01,0.03,0.13,0.05,0,0,0.05,0,0,0.01,0.07,0.01,0,0.01,0,0,0,0,0,0,0,0,0,0,0,0.07,0,0,0.13,0,0,0,0.01,0.46,0,0,0.03,0,0.8,0.01,0.07,0.05,0.301,0.131,0.002,0.09,0.002,2.577,82,5395,0
0.134865,0.488649,0.356757,1.91676,1.01486,0.16027,0.638378,0.169189,0.0643243,0.403784,0.0472973,0.678919,0.176216,0.0908108,0,0.809459,1.7027,0.264865,2.09892,0.303784,1.67838,0,0.00864865,0.155676,0,0,0,0,0,0.0262162,0,0,0,0,0,0.0578378,0.125946,0.0421622,0,0.00918919,0,0,0,0,0.00918919,0,0,0,0,0.126135,0,0.757622,0.153568,0.0357838,8.13586,130.514,189.757,0.918919
0.146222,0.241333,0.476889,0,0.247111,0.140667,0.0493333,0.0762222,0.192444,0.322,0.0751111,0.883111,0.226889,0.0484444,0.116,0.182889,0.120444,0.152444,1.74067,0.0762222,0.828,0,0.108667,0.192222,0.83,0.102444,0.0162222,0.0111111,0.0106667,0.00888889,0.0111111,0.00355556,0.0593333,0.00355556,0.0257778,0.0855556,0.0724444,0.00177778,0.00511111,0.0384444,0.00355556,0.0164444,0.0528889,0.0115556,0.0126667,0.00266667,0,0.0255556,0.203222,0.107089,0.00646667,1.51136,0.348822,0.00971111,4.03647,47.7778,731.311,0.644444
0.5675,0.35,0.2375,0,0.1775,0.045,0.015,0.2625,0.5625,1.01,0.2875,0.52,0.53,0.9125,0.12,0.185,0.525,0.14,3.2525,0.0225,1.5225,0,0.7675,0.6975,0,0,0,0,0,0,0,0,0,0,0.015,0.0225,0,0,0.0225,0,0,0,0,0,0.09,0,0,0,0.014,0.0765,0,0.4995,0.42525,0.10425,9.194,873.75,2468.25,1
0.0927586,0.207241,0.556552,0.017931,0.252414,0.0962069,0.0858621,0.210345,0.230345,0.627241,0.187931,0.368966,0.15069,0.0234483,0.184828,0.415517,0.200345,0.303448,1.17172,0.11931,0.784828,0.542414,0.0741379,0.202414,0.0886207,0.067931,0.00172414,0.0275862,0.00137931,0.0037931,0.00551724,0,0.0431034,0.01,0.0162069,0.02,0.0668966,0.00448276,0.00655172,0.0506897,0,0.0037931,0.00724138,0.0037931,0.052069,0.0137931,0.00310345,0.00172414,0.0327241,0.0913103,0,0.392276,0.155966,0.087931,4.84366,92.069,967.828,0.931034
0.0673759,0.149574,0.298156,0,0.31156,0.143688,0.118227,0.126241,0.0467376,0.222837,0.053617,0.478369,0.0890071,0.0307801,0.0180851,0.240496,0.159149,0.19234,1.37496,0.100213,0.815461,0,0.128156,0.069078,0.739787,0.372482,0.196667,0.14617,0.116809,0.122624,0.0673759,0.0636879,0.114965,0.0636879,0.117872,0.107589,0.240071,0.00489362,0.100993,0.0821986,0.131064,0.0642553,0.104043,0.030922,0.207021,0.262624,0,0.048156,0.0657234,0.155702,0.0237518,0.121326,0.0853617,0.0248652,2.64038,20.6525,176.809,0.411348
0.0588506,0.133908,0.293908,0.0137931,0.334713,0.122184,0.113563,0.0971264,0.0583908,0.248046,0.0414943,0.507241,0.218046,0.0431034,0.117126,0.10908,0.124713,0.283218,1.33241,0.0556322,0.720805,0.476667,0.133218,0.0805747,0.714943,0.321609,0.187241,0.132414,0.115862,0.117701,0.0597701,0.0687356,0.0866667,0.0687356,0.0789655,0.105057,0.148161,0,0.0716092,0.0922989,0.016092,0.0451724,0.0774713,0.0337931,0.117126,0.0627586,0,0.0170115,0.0982989,0.19108,0.0313678,0.154632,0.118989,0.0558391,3.17376,24.7586,253.609,0.528736
0.0928571,0.199286,0.98,0,0.764286,0.823571,0.477857,0.0442857,0.823571,0.143571,0.292143,0.693571,0.277857,0,1.61143,0.0921429,0.0142857,1.13214,1.37,0.199286,0.738571,0,0.637857,0.113571,0,0,0,0,0,0,0,0,0,0,0,0,0,0,0,0,0,0,0.199286,0,0.0921429,0.0921429,0,0,0.00678571,0.110929,0,0.472143,0.158286,0.0161429,8.45443,670.429,1347.43,1
0.165882,0.104118,0.352353,0.00470588,0.292059,0.133529,0.148235,0.135,0.648824,0.409706,0.108235,0.570294,0.102059,0.0505882,0.0485294,0.277353,0.0652941,0.405588,1.72941,0.232647,1.10647,1.30765,0.124118,0.236176,0.352353,0.18,0.0211765,0.00911765,0,0.0202941,0.0191176,0,0.111471,0,0.227353,0.0161765,0.171765,0.00147059,0.0311765,0.0220588,0.0220588,0.0547059,0.00705882,0.0305882,0.0264706,0.0852941,0.0102941,0.0129412,0.0739412,0.110912,0.0922647,0.444471,0.203,0.117794,4.47824,61.6176,1051.12,0.676471
0.0615,0.1515,0.3735,0.958,0.3065,0.1115,0.1165,0.0375,0.4085,0.2265,0.077,0.4045,0.076,0.0665,0.1415,0.3045,0.044,0.2465,1.2175,0.0255,0.668,1.141,0.1015,0.059,0.287,0.1715,0.008,0.0135,0.0155,0.0055,0.017,0,0.0415,0,0.029,0.006,0.1505,0.002,0,0.017,0,0.028,0,0.005,0.021,0.0455,0,0.004,0.02755,0.095,0.01995,0.1753,0.0935,0.11195,5.95225,94.8,1304.75,0.7
0.054,0.088,0.042,0,0.062,0.026,0.034,0.064,0.032,0.086,0.004,0.33,0.014,0.07,0.004,0.074,0.042,0.026,0.388,0.014,0.622,0,0.082,0.068,0.786,0.47,0.022,0,0.004,0.034,0,0,0.68,0,0,0.048,0.292,0.01,0.034,0.004,0.026,0.018,0.002,0.042,0.07,0.066,0.018,0.02,0.0706,0.137,0.0248,0.013,0.0366,0.0006,2.8538,64.8,3284.6,0.6
0.35,0.229091,0.356364,0.0863636,0.350909,0.368182,0.133636,0.214545,0.404545,0.705455,0.241818,0.562727,0.344545,0.03,0.513636,0.0936364,0.214545,0.492727,1.98182,0.195455,1.35364,0.0154545,0.473636,0.351818,0.848182,0.357273,0.0218182,0,0,0.0663636,0,0,0.0936364,0,0.0654545,0.0218182,0,0.0454545,0.0218182,0.0663636,0,0.0663636,0.0145455,0.0445455,0.0363636,0.13,0,0,0.00109091,0.191727,0,0.565364,0.240273,0.0527273,8.42273,263,732.909,0.909091
0.101667,0.045,0.181667,0,0.0333333,0.0216667,0,0.0416667,0.065,0.0766667,0.0416667,0.416667,0.025,0.0433333,0.00333333,0.0316667,0.065,0.09,0.458333,0.0316667,0.268333,0.59,0,0,0.408333,0.165,0.00333333,0.0133333,0.01,0.0383333,0.06,0,0.411667,0,0.0216667,0.115,0.361667,0.0266667,0.0533333,0.0166667,0.09,0.0116667,0.0133333,0.0566667,0.025,0.386667,0.00833333,0.06,0.141833,0.198167,0.0143333,0.0343333,0.00266667,0.0343333,2.785,44,1788.67,0
0.0871134,0.0974227,0.326237,0.00417526,0.407784,0.255361,0.128402,0.105773,0.0376289,0.237423,0.0370103,0.592216,0.0916495,0.00716495,0.0107732,0.251031,0.105928,0.190155,1.61015,0.0113402,1.16881,0.00639175,0.125979,0.110258,0.586856,0.384588,0.21,0.145567,0.104072,0.131804,0.0702062,0.0617526,0.0724742,0.0601546,0.119021,0.111237,0.155825,0.00118557,0.082732,0.0698454,0.0540206,0.0364433,0.0921134,0.0253093,0.255412,0.114227,0.0137113,0.0111856,0.0254278,0.168629,0.0254175,0.213686,0.063866,0.0126186,2.35638,16.6907,145.696,0.484536
0.10321,0.111111,0.362222,0.00716049,0.51963,0.113086,0.108395,0.123951,0.0687654,0.276543,0.077284,0.637778,0.0659259,0.01,0,0.308395,0.318519,0.274074,1.97358,0.126667,1.02358,0.0462963,0.204444,0.0767901,0.246173,0.0991358,0.0264198,0.0269136,0.00481481,0.045679,0.00481481,0.00864198,0.0239506,0.0125926,0.0492593,0.0782716,0.114815,0.000864198,0.015679,0.0451852,0,0.00506173,0.0181481,0.0341975,0.224938,0.279753,0,0.0304938,0.00938272,0.112346,0.00875309,0.345358,0.12137,0.0495309,4.15893,66.0494,261.617,0.666667
0.121667,0.156667,0.405,0,0.248333,0.153333,1.61833,0,0,0.25,0,0.248333,0,0,0,2.09333,0.305,0.271667,1.8,0,2.35833,0,0.466667,0.181667,0,0,0,0,0,0,0,0,0,0,0,0,0,0,0,0,0,0,0,0,0,0,0,0,0,0.0785,0,0.636167,0.53,0,20.94,245.667,307.5,1
0.34,0,1.7,0,1.02,0,0,0,0.68,1.02,0,0,0,0,0,0,0,0,0.34,1.02,0.68,0,0,0,0.34,0,0,0,0,0,0,0,0,0,0,0,0,0,0,0,0,0,0,0,0,0,0,0,0,0,0,0.89925,0.10525,0,554.5,1327.5,1330.75,1
0.0396336,0.0379526,0.247651,0,0.275129,0.029375,0.0483836,0.0343103,0.0197414,0.126207,0.0136853,0.779181,0.0667457,0.0632543,0.00366379,0.145216,0.0295474,0.14097,1.8367,0.0156897,0.446616,0,0.0145259,0.0803017,1.01205,0.389935,0.447996,0.197026,0.290668,0.223728,0.168901,0.134914,0.066056,0.134914,0.194009,0.174159,0.12,0.0232759,0.0874784,0.141767,0.0730388,0.310366,0.0372845,0.118039,0.487694,0.182047,0,0.0365948,0.0301875,0.149815,0.0124246,0.231838,0.0118879,0.00925216,1.83772,6.05603,23.2091,0.137931
0,0.145,0.145,0,0.14,0.725,0.145,0.52,0.52,1.11,0.07,0.805,0.14,0,0.52,0.145,0.51,0,0.955,0.22,0.435,0,0.74,0,0,0,0,0,0,0,0,0,0,0,0,0,0.145,0,0,0.145,0,0,0,0,0,0,0,0,0.042,0.105,0,0.0525,0.105,0.0105,19.148,829.5,1281.5,1
2.32,0,0.77,0,1.55,0,0,0,0,0,0,0.77,0,0,0,0.77,0,0,2.32,0,0.77,0,0,0.77,0,0,0,0,0,0,0,0,0,0,0,0,0,0,0,0,0,0,0,0,0,0,0,0.77,0,0.134,0,0.671,0,0,129.5,515,518,1
0.104375,0.124375,0.840625,0,0.696875,0.890625,0.30875,0.215,0.639375,0.2425,0.173125,0.645625,0.213125,0,1.84125,0.229375,0.08,1.0925,1.64313,0.201875,0.555625,0,0.770625,0.178125,0.005625,0.005625,0,0,0,0,0,0,0,0,0.0125,0,0,0,0,0.055,0,0,0.140625,0.05,0.071875,0.066875,0,0,0,0.065375,0,0.421062,0.137625,0.01525,8.467,675.25,1434.19,1
0.109714,0.134,0.259714,0.389429,0.271429,0.113714,0.042,0.226857,0.292,0.428857,0.0788571,0.550857,0.0965714,0.119429,0.141429,0.146286,0.193429,0.284571,1.15571,0.166857,0.697143,0.954286,0.114571,0.115714,1.05629,0.212,0.0671429,0.0365714,0.0151429,0.0554286,0.0348571,0.00542857,0.213143,0.00257143,0.132857,0.0628571,0.185429,0,0.0602857,0.0288571,0.006,0.0234286,0.00257143,0.00285714,0.036,0.0131429,0.00628571,0.0702857,0.0759714,0.132429,0.0384857,0.182029,0.0891714,0.114343,4.42937,55.8,894.429,0.428571
0.06,0,0.71,0,1.23,0.19,0.19,0.12,0.64,0.25,0.38,0.45,0.12,0,1.75,0.06,0.06,1.03,1.36,0.32,0.51,0,1.16,0.06,0,0,0,0,0,0,0,0,0,0,0,0,0,0,0,0.06,0,0,0.12,0,0.06,0.06,0,0,0.01,0.143,0,0.276,0.184,0.01,9.821,485,2259,1
0.0942857,0.0914286,0.227143,0,0.0971429,0.0928571,0.0542857,0.08,0.0842857,0.258571,0.06,0.287143,0.174286,0.0242857,0.0542857,0.138571,0.0671429,0.142857,1.21286,0.00571429,0.55,0,0.13,0.115714,1.99429,0.11,0.00285714,0,0.00285714,0.0471429,0,0,0.0785714,0,0.0342857,0.124286,0.144286,0.00285714,0.04,0.0457143,0.05,0.0142857,0.0142857,0.0571429,0.0557143,0.21,0,0.127143,0.0321429,0.131429,0.00628571,0.175,0.0868571,0.0161429,5.411,75.1429,2031.14,0.285714
0.38,0,1.9,0,1.14,0,0,0,0.38,0.38,0,0,0,0,0,0,0,0,0.38,0.76,0,0,0,0,0.38,0,0,0,0,0,0,0,0,0,0,0,0,0,0,0,0,0,0,0,0,0,0,0,0,0,0,1.008,0.059,0,589,1177,1178,1
0.463,0.931,0.931,0,0.463,0,0,0.463,0,1.866,0,2.334,0,0.605,0,0.463,0,0,1.866,0,5.231,0,0,0,0,0,0,0,0,0,0,0,0,0,0,0,0,0,0,0,0,0,0,0,0,0,0,0,0,0.2503,0,1.6712,0.1913,0.0832,59.0805,657,751.2,1
0.0838944,0.0740264,0.209142,0.00884488,0.219769,0.0520792,0.080264,0.192079,0.0322112,0.274026,0.0494389,0.50571,0.117789,0.0455116,0.0418812,0.115974,0.138779,0.15835,1.47779,0.0359406,0.544257,0.00851485,0.0883498,0.049835,0.615842,0.35637,0.239406,0.263729,0.107426,0.156568,0.0708911,0.059736,0.10231,0.059736,0.157756,0.138053,0.209571,0.00330033,0.127096,0.0653795,0.0289109,0.0812871,0.114983,0.080264,0.341122,0.199637,0.0108911,0.0429043,0.0200858,0.192244,0.0177294,0.25032,0.0579901,0.0131551,2.3897,13.1155,75.8284,0.346535
0.0376699,0.0666019,0.183398,0,0.247864,0.0541748,0.223204,0.0594175,0.108058,0.176214,0.0383495,0.407184,0.111942,0.071068,0,0.631748,0.0898058,0.269709,2.47291,0.128641,1.18709,0.0627184,0.0578641,0.0674757,0.324757,0.225243,0.0907767,0.0220388,0,0.0227184,0.0152427,0,0.0235922,0,0.0296117,0.0563107,0.043301,0,0.00883495,0.00592233,0,0.0850485,0,0.0470874,0.272427,0.252136,0,0,0.00963107,0.0494757,0.00264078,0.497165,0.0474563,0.0313592,4.65374,41.3398,82.6796,0.543689
0.0925,0.1075,0.275,0.015,0.7325,0.2425,0.0725,0.5025,0.0925,0.2225,0.09,0.77,0.1525,0.15,0.05,1.415,0.695,0.35,1.9525,0.2975,0.7425,0.65,0.405,0.2425,0,0,0,0,0,0,0,0,0,0,0,0.2,0.065,0,0,0.0725,0,0,0,0,0.0075,0,0,0,0.00275,0.04575,0.02925,0.47925,0.153,0.24975,6.50975,262,1984.75,1
0.22,0.22,0.22,0,1.77,0.22,0.44,0.44,0.22,2.88,0,0.88,0.22,0,1.105,0.44,0,0.44,3.325,0,3.325,0,0.44,0.44,0,0,0,0,0,0,0,0,0,0,0,0,0,0,0,0.44,0,0,0,0,0,0,0,0,0,0,0,0.5755,0.153,0,86.675,1038,1733.5,1
0.475,0.4525,0.32,0,0.1475,0.03,0,0.1875,0.565,0.645,0.3,0.7025,0.6425,1.2575,0.03,0.225,0.425,0.0075,3.0775,0,1.3475,0,0.5025,0.51,0,0,0,0,0,0,0,0,0,0,0,0,0,0,0,0,0,0,0,0,0.03,0,0,0,0.01,0.0775,0,0.38225,0.89175,0.1275,7.0285,586,2397.5,1
0.09,0.227143,0.332857,0,0.505714,0.378571,0.06,0.102857,0.948571,0.91,0.172857,1.12,0.215714,0.0657143,0.267143,0.258571,0.0442857,0.795714,2.40571,0.175714,1.83714,0.0442857,0.8,0.304286,0,0,0,0,0,0,0,0,0,0,0,0.06,0,0.0514286,0,0,0,0,0.0257143,0,0.102857,0,0,0,0.018,0.0347143,0.231143,0.731429,0.184143,0.0317143,10.1063,295.857,917.429,1
0.08,0,0.32,4.31,0.08,0.16,0.08,0.08,0,0,0.08,0.24,0.32,0,0,0.08,0,0.32,1.87,0,0.57,0,0.16,0.24,0,0,0,0,0,0,0,0,0,0,0,0,0.08,0,0,0,0,0,0,0,0.16,0,0,0,0.344,0.068,0,0.55,0.082,0.151,15.547,339,2923,1
0.164286,0.217143,1.09571,0,0.452857,0.514286,0.444286,0.217143,0.718571,0.672857,0.325714,1.22571,0.142857,0,0.537143,0.621429,0.104286,1.27286,2.27,0.647143,1.25714,0,0.771429,0.138571,0,0,0,0,0,0,0,0,0.0214286,0,0,0,0,0,0,0.0685714,0,0,0.0428571,0,0.0685714,0,0,0,0,0.126571,0,0.235,0.218857,0.0162857,6.795,562.714,1331.86,1
0.438889,0.233333,0.371111,0,0.0733333,0.131111,0.0266667,0.162222,0.368889,0.581111,0.214444,0.84,0.466667,1.02778,0.0344444,0.152222,0.327778,0.115556,2.90556,0,1.16333,0.142222,0.871111,0.417778,0,0,0,0,0,0,0,0,0,0,0,0,0,0,0,0,0,0,0.00222222,0,0.0377778,0,0.00444444,0,0.00344444,0.0703333,0.00111111,0.294556,0.502889,0.146778,8.43467,186,3267,1
0.22,0.235,0.28,0,0.1225,0.0625,0.03,0.08,0.3025,0.465,0.1375,0.46,0.2525,0.53,0.015,0.1425,0.24,0.055,1.645,0.005,0.75,0,0.2075,0.2775,0.295,0.305,0,0,0,0,0,0,0.5475,0,0,0.0375,0.51,0.0075,0,0.005,0.025,0.005,0.02,0.005,0.1525,0.0825,0,0.1075,0.062,0.179,0.013,0.2055,0.274,0.06225,4.28125,81.25,2462,0.75
0.707143,0.445714,0.755714,0,0.0957143,0.535714,0.0957143,0.488571,1.03286,1.04,0.0228571,0.445714,0.348571,0,0.985714,0.258571,0.162857,1.83,2.24571,1.03286,1.29714,0,1.15286,0.66,0,0,0,0,0,0,0,0,0.0471429,0,0.162857,0,0,0,0,0,0,0,0,0,0,0,0,0,0.0231429,0.0492857,0,0.397571,0.178571,0.05,13.4287,525,912.143,1
0,0.02,0.05,0,0.02,0,0,0.05,0,0.35,0,0.02,0,0,0,0.05,0.1,0.38,0.07,0.2,0.17,0,0,0,0.02,0,0,0,0,0,0,0,0,0,0,0,0,0,0,0,0,0,0,0,0,0,0,0,0,0.004,0,0.108667,0.0173333,0.0173333,3.922,489,3271,1
0.415714,0.435714,0.34,0,0.147143,0.0514286,0.0414286,0.174286,0.56,0.727143,0.305714,0.714286,0.55,1.22286,0.03,0.242857,0.434286,0.0128571,3.11286,0,1.38143,0,0.405714,0.508571,0,0,0,0,0,0,0,0,0,0,0,0,0,0,0,0,0,0,0,0,0.0485714,0,0,0,0.004,0.0808571,0,0.395286,0.523714,0.122143,6.05414,129,2214.86,1
0.205319,0.13766,0.509149,0,0.300851,0.0840426,0.139574,0.212979,0.118511,0.221064,0.0893617,0.429787,0.0540426,0.00638298,0,0.482553,0.374468,0.304255,2.08085,0.406596,1.38,0.461064,0.104468,0.13234,0.0806383,0.0734043,0.00680851,0.0195745,0.0423404,0.0459574,0,0,0,0.00638298,0.0468085,0.0246809,0.118085,0,0.0123404,0.0453191,0,0,0.0302128,0.0102128,0.19234,0.0329787,0.0295745,0.0604255,0.0180426,0.120447,0.0140851,0.501298,0.321553,0.231532,5.47296,81.9362,328.149,0.723404
0.0266667,0.126667,0.296667,0.0333333,0.376667,0.166667,0,0.163333,0,0.16,0.0933333,0.97,0,0.0333333,0,0.666667,0.28,0.23,0.623333,0.103333,0.13,0,0.173333,0.0333333,0.0266667,0,0,0,0,0.0766667,0,0,0,0,0,0.163333,0.16,0,0,0.0333333,0,0,0.0266667,0,0,0,0,0,0.0133333,0.123667,0.00633333,0.128,0.0606667,0.069,4.72433,223,1758.67,0.333333
0.118947,0.0734211,0.180263,0.165132,0.318816,0.109211,0.0475,0.121842,0.227895,0.328553,0.0777632,0.701053,0.0956579,0.0940789,0.0188158,0.121579,0.161316,0.0727632,1.35671,0.0673684,1.00737,0.409737,0.161053,0.0886842,0.586316,0.249211,0.0215789,0.0369737,0.0169737,0.0406579,0.00631579,0,0.155526,0,0.0359211,0.0617105,0.154079,0.0131579,0.0209211,0.00855263,0.0769737,0.0839474,0.00539474,0.0178947,0.0792105,0.388421,0.0336842,0.0247368,0.0515526,0.154013,0.0264737,0.147447,0.0596316,0.0620658,3.66722,45.8553,514.184,0.539474
0.495,0.2975,0.4375,0,0.0525,0.13625,0.04125,0.23125,0.435,0.68875,0.24,0.91875,0.55875,1.255,0,0.24,0.435,0.00625,3.16,0,1.4225,0,0.9825,0.38875,0,0,0,0,0,0,0,0,0,0,0,0,0,0,0,0,0,0,0,0.00375,0.02625,0,0.00375,0,0.002375,0.064625,0,0.36975,0.8015,0.15575,5.816,175.875,3042.75,1
0.100288,0.124663,0.252692,0,0.385865,0.103077,0.137596,0.109231,0.0300962,0.242404,0.0680288,0.620192,0.0612981,0.035,0.0666827,0.314856,0.121346,0.183654,1.69615,0.0264904,0.788125,0.0226923,0.0716827,0.0871154,0.705096,0.446202,0.247596,0.299567,0.0994712,0.146875,0.0853846,0.0998558,0.0980288,0.0998558,0.132981,0.186779,0.16,0.00947115,0.117163,0.0751923,0.0416827,0.0503365,0.106923,0.149952,0.230673,0.25976,0.0111538,0.026875,0.0232163,0.155279,0.0161779,0.168043,0.0463173,0.0471779,2.18383,12.1875,97.3798,0.331731
0.351429,0.284286,0.374286,0,0.292857,0.125714,0.0185714,0.767143,0.45,0.805714,0.144286,0.525714,0.478571,0.205714,0.22,0.468571,0.327143,0.334286,2.75286,0.137143,1.59857,1.45286,0.502857,0.611429,0,0,0,0,0,0,0,0,0.0271429,0,0,0,0,0.0271429,0.0157143,0.0342857,0,0,0,0,0.0614286,0,0,0,0.019,0.0597143,0.0404286,0.356571,0.164571,0.139714,8.13786,196.143,1616,1
0,0,0,0,0,0,0,0,0,0,0,0,0,0,0,0.58,0,0,0,0,0,0,0,0,0,0,1.46,0.29,0,0.58,0,0,0,0,0,0,0.58,0,0,0,0,0,0,0,0,0,0,0,0,0.018,0,0,0,0,251,1488,1506,0
0.131688,0.113117,0.395714,0.0394805,0.313117,0.0941558,0.0745455,0.112597,0.189221,0.334935,0.103766,0.485844,0.125455,0.0327273,0.110909,0.306364,0.166623,0.254026,1.53532,0.102208,0.890649,0.499221,0.196234,0.10974,0.425455,0.162338,0.08,0.113896,0.051039,0.0544156,0.0368831,0.0277922,0.0303896,0.0277922,0.0653247,0.075974,0.102468,0.0496104,0.0520779,0.0971429,0.0120779,0.092987,0.0450649,0.0145455,0.0884416,0.0544156,0.0196104,0.0502597,0.227883,0.149961,0.0123117,0.270286,0.0844805,0.126831,3.58194,44.8961,374.468,0.558442
0.108889,0.0983333,0.392778,2.37833,0.328333,0.0922222,0.0594444,0.148333,0.352778,0.286667,0.0661111,0.706111,0.220556,0.138333,0.0366667,0.130556,0.17,0.151667,1.78556,0.12,1.15444,0,0.0327778,0.177222,0.539444,0.258889,0.0244444,0.0188889,0.0311111,0.05,0.0416667,0,0.129444,0,0.0538889,0.0322222,0.121667,0.00333333,0.0566667,0.0227778,0,0.0183333,0.00611111,0.00333333,0.0427778,0,0,0.0216667,0.0476667,0.123389,0.0385,0.217333,0.0971667,0.0247222,4.01572,62.7778,816.444,0.555556
0.0366667,0.0466667,0.0766667,0,0.616667,0.0433333,0.1,0.0133333,0.443333,0.00333333,0.0666667,0.343333,0.0133333,0,0,0.0433333,0.0133333,0.09,1.41667,0.0666667,1.06333,0,0.0333333,0,0.176667,0.183333,0.00333333,0,0,0,0,0,0.156667,0,0.00333333,0.0166667,0.216667,0.00333333,0,0,0,0,0.00333333,0,0,0,0.0166667,0,0.0946667,0.109667,0.032,0.166667,0.0323333,0.0393333,2.57433,56.6667,2288.67,0.666667
0.0263636,0.0345455,0.153636,0,0.167273,0.0309091,0.0490909,0.0445455,0.126364,0.275455,0.0509091,0.317273,0.0190909,0,0.143636,0.141818,0.0563636,0.132727,1.36727,0.663636,0.940909,1.44545,0.0654545,0.0154545,0.521818,0.228182,0.0345455,0.0536364,0,0.0445455,0.0481818,0,0.00363636,0,0.430909,0.0118182,0.111818,0,0.0390909,0.0390909,0.00363636,0.0818182,0,0.0218182,0.105455,0.0218182,0.0109091,0.0118182,0.00590909,0.315091,0,0.211636,0.110727,0.136909,4.87291,44.1818,1232.27,0.545455
0.124416,0.174026,0.431688,0,0.503377,0.121039,0.348182,0.14987,0.0755844,0.342987,0.152727,0.541169,0.153896,0.0624675,0.0590909,0.325455,0.238442,0.300909,2.02364,0.153636,1.1187,0.0211688,0.308312,0.0641558,0.218701,0.0964935,0.0157143,0.138312,0.00779221,0.0814286,0.012987,0.00779221,0.268571,0.00779221,0.124286,0.0866234,0.131299,0,0.00727273,0.0968831,0,0.047013,0.00675325,0.0192208,0.127532,0.0733766,0,0.00532468,0.0142338,0.0861299,0.00131169,0.503078,0.10726,0.0151039,4.82527,66.026,196.636,0.675325
0.173586,0.08207,0.299417,0,0.196122,0.0669971,0.144344,0.107289,0.0148397,0.189475,0.0999417,0.64242,0.0546356,0.0109038,0.0197085,0.186851,0.0852187,0.184344,1.53536,0.0143149,1.09901,0,0.0344606,0.081516,0.768513,0.356676,0.194781,0.241953,0.103178,0.194227,0.0889504,0.0524781,0.20551,0.0524781,0.194985,0.102886,0.23895,0.00781341,0.112857,0.0670554,0.0347522,0.156093,0.0517201,0.0860933,0.233819,0.277026,0,0.0223032,0.0158921,0.147268,0.0107405,0.231093,0.0459359,0.103496,2.49972,12.9417,56.9242,0.326531
0.12,0.782,0.422,1.832,0.362,0.558,0.19,0.414,0.534,0.918,0.118,0.686,0.118,0,0.912,0,0.698,1.188,2.08,0.316,1.312,0,0.2,0.266,0,0,0,0,0,0,0,0,0,0,0.026,0,0,0,0,0,0,0,0.118,0,0,0,0,0,0.0774,0.104,0,0.3658,0.1426,0.0268,12.3704,597.4,1160,1
0.164286,0.161429,0.377857,0,0.454286,0.11,0.035,0.0857143,0.260714,0.982143,0.109286,0.736429,0.346429,0.515714,0.132143,0.403571,0.109286,0.350714,2.00786,0.383571,1.18143,0.780714,0.0992857,0.33,0.138571,0,0.0678571,0.0107143,0,0,0.0678571,0,0.0107143,0,0.0678571,0.0114286,0.140714,0,0,0.0885714,0,0,0.005,0,0.0421429,0,0,0.0278571,0.008,0.0875,0.006,0.253,0.354857,0.127429,10.0639,177.786,1108.64,0.714286
0.276842,0.117368,0.331053,0,0.166842,0.229211,0.0636842,0.173947,0.517895,0.213684,0.0836842,0.685526,0.0528947,0.0463158,0.0134211,0.216316,0.304737,0.0418421,1.24342,0.258947,0.925,0.222105,0.0257895,0.33,0.891579,0.226579,0.0336842,0.0131579,0.00710526,0.0371053,0.0139474,0.00710526,0.101053,0.00710526,0.0139474,0.0736842,0.155263,0.00157895,0.0147368,0.0271053,0.0460526,0.0231579,0.0257895,0.00157895,0.0376316,0.118158,0.0121053,0.0131579,0.205421,0.208368,0.0129474,0.291053,0.135184,0.0180263,4.21276,51.6316,644.158,0.421053
0.51,0.43,0.29,0,0.14,0.03,0,0.18,0.54,0.62,0.29,0.65,0.65,1.2,0.03,0.21,0.43,0.03,3.015,0,1.35,0,0.51,0.54,0,0,0,0,0,0,0,0,0,0,0,0,0,0,0,0,0,0,0,0,0.03,0,0,0,0.012,0.079,0,0.4485,0.5165,0.1345,6.59,739,2333,1
0,0,0.118889,0,0.907778,0,1.81333,1.20333,1.20333,1.20333,1.20333,0.55,0,0.118889,0,0.118889,3.35,0,1.34111,1.20333,3.80444,0,0.118889,0.118889,0,0,0,0,0,0,0,0,0,0,0,0,0.49,0,0.118889,0,0,0,0,0,0,0,0,0,0,0.0641111,0,0.644444,0.130556,0.110889,87.5646,289.667,297,1
0.1275,0.114167,0.235,0.0175,0.26,0.0666667,0.0383333,0.0333333,0.241667,0.121667,0.1,0.4825,0.07,0.0108333,0.0125,0.0975,0.143333,0.1225,1.32,0.249167,0.6125,0.901667,0.1875,0.1625,0.210833,0.145833,0.0116667,0.00416667,0,0.0191667,0,0,0.0633333,0.0108333,0.00666667,0.16,0.284167,0.00666667,0.0133333,0.00666667,0,0,0.00666667,0.0183333,0.0283333,0.0608333,0.005,0.0416667,0.041,0.149,0.0604167,0.147583,0.216417,0.133333,5.39858,89.8333,1601.5,0.5
0.165,0.08,0.52,0,0.63,0.1325,0.115,0,0.285,0.09,0.155,0.6875,0.08,0.3825,0,0.12,0.1525,0.2325,1.6,0,1.1825,0,0.3625,0.34,0,0,0,0.0725,0,0,0.0725,0,0,0.0475,0.0725,0,0.12,0,0,0,0,0.2225,0,0,0,0,0,0,0,0.114,0.00775,0.3125,0.56825,0.0375,7.03675,182,605.5,0.75
0.0873913,0.0836232,0.235507,0.108841,0.464638,0.131449,0.0407246,0.124928,0.0917391,0.132319,0.0750725,0.63058,0.148261,0.0434783,0.0150725,0.229565,0.288551,0.0930435,1.78145,0.0675362,0.661449,0.618261,0.212319,0.0698551,0.808985,0.21058,0.0366667,0.0307246,0.0397101,0.0295652,0.0137681,0.0273913,0.0615942,0.0157971,0.0405797,0.09,0.141884,0.0307246,0.0163768,0.0178261,0.036087,0.0408696,0.0314493,0.00550725,0.0676812,0.0675362,0.0127536,0.0233333,0.193841,0.117928,0.0124928,0.135174,0.0791884,0.0557101,2.98468,30.2754,437.971,0.521739
0.17,0.116667,0.273333,0,0.0766667,0.0633333,0.0166667,0.0966667,0.166667,0.306667,0.0866667,0.563333,0.236667,0.483333,0.00333333,0.0733333,0.233333,0.0533333,1.23667,0.01,0.596667,0,0.353333,0.123333,0,0,0.0166667,0.01,0.00333333,0,0,0,1.10333,0,0,0.0733333,0.603333,0,0,0.0266667,0.0633333,0.0266667,0.01,0.0533333,0.0233333,0.09,0,0.126667,0.0253333,0.173333,0.00166667,0.115333,0.287667,0.054,3.43367,136,3165.33,0.333333
0.28,1.28333,1.00333,0,0.5,0,0.563333,0,0.78,2.79,0,1.78667,0,0,1.00333,3.38667,1.03,0,0.78,0,2.85667,0,0,0.28,0,0,0,0,0,0,0,0,0,0,0,0,0,0,0,0,0,0,0,0,0,0,0,0,0,0,0,1.862,0.912667,0.0306667,128.733,411.333,528.333,1
