0.0958268,0.111207,0.249606,0,0.224541,0.0784777,0.111391,0.0516535,0.0396325,0.235459,0.0293701,0.50189,0.103753,0.0567717,0.0106562,0.240026,0.074357,0.143097,1.78877,0.0122835,0.613911,0,0.0456168,0.0330971,0.924987,0.535354,0.539895,0.380709,0.349554,0.347218,0.311837,0.275302,0.10105,0.275302,0.344042,0.342966,0.192205,0.00496063,0.198976,0.280945,0.091706,0.200682,0.0590814,0.131627,0.400735,0.18231,0.00267717,0.0358268,0.0164961,0.19916,0.0183675,0.20384,0.0607034,0.0147927,2.14538,9.55906,38.7612,0.212598
0.01,0.01,0.07,0,0.05,0,0,0.01,0.03,0.13,0.05,0,0,0.05,0,0,0.01,0.07,0.01,0,0.01,0,0,0,0,0,0,0,0,0,0,0,0.07,0,0,0.13,0,0,0,0.01,0.46,0,0,0.03,0,0.8,0.01,0.07,0.05,0.301,0.131,0.002,0.09,0.002,2.577,82,5395,0
0.129,0,0.129,0,0.528,0.087,0.129,0,0.177,0.228,0.378,0.529,0.021,0.534,0,0.807,0.369,0.042,1.851,3.786,1.679,0.578,0.378,0.198,0,0,0,0,0,0,0,0,0.021,0,0,0,0,0,0,0,0,0,0,0,0,0,0,0,0,0.0985,0.0075,0.3171,0.1488,0.0639,11.4664,494,1455,1
0.25875,0.1525,0.2175,0,0.07,0.08375,0.035,0.09,0.2275,0.3,0.1275,0.56375,0.22875,0.6275,0.03875,0.09625,0.205,0.13625,1.66375,0.00125,0.6175,0.16,0.48625,0.25625,0.49125,0.29375,0.01375,0,0.0025,0.02125,0,0,0.425,0,0,0.03,0.1825,0.00625,0.02125,0.0025,0.01625,0.00375,0.00125,0.02625,0.06625,0.04125,0.00875,0.0125,0.048,0.116625,0.01675,0.15875,0.174875,0.094,7.86125,141,3314.5,0.75
0.137941,0.05,0.236324,0.0142647,0.247206,0.1425,0.04,0.0827941,0.0501471,0.144706,0.0475,0.501324,0.118529,0.0467647,0.00132353,0.144559,0.150588,0.119559,1.27868,0.0885294,0.511471,0.557941,0.198088,0.0642647,0.924412,0.297059,0.112353,0.0470588,0.0708824,0.0588235,0.0323529,0.0119118,0.116324,0.0119118,0.0457353,0.0835294,0.255,0.00279412,0.015,0.0142647,0.0727941,0.0489706,0.0472059,0.0348529,0.0944118,0.358824,0,0.0142647,0.163971,0.181412,0.0327647,0.144118,0.0891324,0.0553382,3.04916,23.7059,310.721,0.411765
0.13697,0.0725758,0.336061,0.00166667,0.218182,0.075,0.0433333,0.176364,0.165,0.131212,0.0601515,0.714091,0.103636,0.0868182,0.0121212,0.169242,0.270455,0.0701515,1.09985,0.139242,1.08652,0,0.111061,0.126818,1.245,0.163485,0.015303,0.00257576,0.0122727,0.0207576,0.014697,0,0.0886364,0.00166667,0.0134848,0.0912121,0.212576,0.0284848,0.0327273,0.0207576,0.0865151,0.0666667,0.00560606,0.0268182,0.0436364,0.10303,0,0.0151515,0.073303,0.188545,0.0149545,0.195848,0.0598485,0.0797576,3.57314,49.9394,576.53,0.454545
0.19,0,0.38,0,0,0.19,0,0,0,0,0.19,0.19,0,0,0,0.38,0,0.19,1.14,0,0.38,0,0,0,0,0,0,0,0,0,0,0,0,0,0,0,0,0,0,0,0,0,0,0,0,0,0,0,0.01,0.01,0,0,0,0.003,2.383,21,15841,1
0,0,0.46,0,0,0,0,0.15,0,0,0,0.15,0,0,0,0,0,0.46,0.93,0,0,0,0.46,0,0,0,0,0,0,0,0,0,0,0,0,0.15,0,0,0,0.93,0,0,0,0,0,0,0,0,0.071,0.071,0,0.095,0.023,0,62.75,1505,2761,1
0.16,0.153333,0.25,0,0.116667,0.0366667,0.03,0.0833333,0.22,0.4,0.0866667,0.316667,0.19,0.36,0.01,0.103333,0.196667,0.05,1.14,0.00666667,0.53,0,0.116667,0.173333,0.393333,0.406667,0,0,0,0,0,0,0.72,0,0,0.05,0.68,0,0,0.00666667,0.0333333,0.00666667,0.0266667,0.00666667,0.18,0.11,0,0.143333,0.0826667,0.211333,0.0173333,0.129667,0.189,0.045,3.54767,61.6667,2489.67,0.666667
0.160769,0.166154,0.366923,0,0.392308,0.110769,0.0376923,0.0923077,0.248462,1.01769,0.101538,0.753077,0.340769,0.555385,0.142308,0.434615,0.0776923,0.377692,1.81385,0.413077,1.11846,0.840769,0.0830769,0.242308,0.149231,0,0.0730769,0.0115385,0,0,0.0730769,0,0.0115385,0,0.0730769,0.0123077,0.151538,0,0,0.0953846,0,0,0.00538462,0,0.0453846,0,0,0.03,0.00861538,0.0920769,0.00646154,0.261615,0.127923,0.137231,9.96977,176.615,1115.77,0.692308
0,0,0,0.04,0,0,0,0,0,0,0,0,0,0,0,0.02,0,0,0.02,0,0,0,0,0,0,0,0,0,0,0,0,0,0,0,0,0,0,0,0,0,0,0,0,0,0,0,0,0,1.024,9.752,0.003,1.542,1.785,1.998,239.571,9989,10062,1
0,0.134286,0.218571,0,0.165,0.04,0.04,0,0.0171429,0.142143,0.0671429,1.01643,0,0,0.0171429,0.57,0.45,0.135714,1.45929,0,1.24571,0,0.174286,0,0,0,0.45,0,0,0,0.45,0,0,0,0.1,0,0,0,0,1.35714,0,0,0,0,0,0,0,0,0,0.202429,0.0424286,0.152429,0,0,15.6941,208.071,374.214,0.357143
0.101705,0.109659,0.250341,0.0278409,0.324205,0.107727,0.146023,0.0705682,0.0159091,0.169318,0.0320455,0.388068,0.0973864,0.0204545,0.0298864,0.546023,0.144886,0.0997727,1.95818,0.0127273,0.841932,0.0646591,0.178977,0.0855682,0.367955,0.265341,0.188068,0.113295,0.0531818,0.0890909,0.04875,0.04875,0.0480682,0.0640909,0.0884091,0.116477,0.0280682,0,0.108864,0.0576136,0.00375,0.0181818,0.00727273,0.025,0.262273,0.135455,0,0.0289773,0.0121591,0.141193,0.0159205,0.442614,0.0688523,0.0311023,3.76593,34.3864,121.989,0.647727
0.29,0.04,0.04,0,0.14,0.04,0,0.29,0.29,0.94,0.14,0.04,0.14,0,0.19,0.04,0.39,0.19,1.6,0.04,0.79,9.53,0.69,0.47,0,0,0,0,0,0,0,0,0,0,0,0.04,0,0,0.04,0,0,0,0,0,0.19,0,0,0,1.117,0.053,0,0.356,0.09,0.011,12.332,1171,9163,1
0.37,0.75,1.13,0,0.37,0,0,0.37,0.37,1.885,0.37,2.645,0,0.37,0,0.37,0,0,2.265,0,4.53,0,0.37,0,0,0,0,0,0,0,0,0,0,0,0,0,0.185,0,0,0,0,0,0,0,0,0,0,0,0,0.1965,0,1.247,0.1965,0.065,60.6025,843.5,999,1
0.15375,0.245625,0.625,0,0.33125,0.068125,0.099375,0.05125,0.089375,0.508125,0.2275,0.259375,0.203125,0,0.09875,0.36,0.230625,0.4875,1.03938,0.124375,0.7625,0.525625,0.0825,0.310625,0,0,0,0.046875,0,0,0,0,0.01,0.0075,0,0.011875,0,0,0,0.075625,0,0,0,0,0.04125,0,0,0,0.013625,0.0434375,0,0.539375,0.347188,0.064375,5.89931,130.188,971.125,1
0.35,0.08,0.35,0,0.35,0,0,0.52,0.61,1.76,0.17,0.26,0.79,0,0.26,0,0.7,0.35,2.64,0,2.03,0,0.61,0.7,0,0,0,0,0,0,0,0,0,0,0,0.08,0,0,0.08,0.17,0,0,0,0,0.17,0,0,0,0,0.081,0,0.556,0.069,0.011,19.234,1170,3116,1
0.107568,0.0902703,0.243919,0.127297,0.452973,0.136622,0.0389189,0.116892,0.126622,0.137432,0.072973,0.619189,0.158514,0.0405405,0.0164865,0.208514,0.272838,0.0985135,1.82541,0.0604054,0.725405,0.576486,0.202973,0.102297,0.780541,0.196351,0.0341892,0.0235135,0.037027,0.0275676,0.0128378,0.0255405,0.0574324,0.0147297,0.0409459,0.0801351,0.13027,0.0332432,0.0127027,0.0147297,0.0336486,0.0354054,0.0325676,0.00702703,0.0771622,0.062973,0.0118919,0.0205405,0.179622,0.115297,0.0116486,0.151986,0.106189,0.0579054,3.15381,34.7297,437.676,0.540541
0.26,0.25,0.3,0,0.49,0.14,0.055,0.215,0.28,0.48,0.18,0.73,0.28,0.635,0.015,0.9225,0.605,0.165,2.3725,0.165,0.975,0.42,0.4,0.355,0,0,0,0,0,0,0,0,0,0,0,0.125,0.04,0,0,0.04,0,0,0,0,0.035,0,0,0,0,0.0615,0.0075,0.48125,0.34625,0.2235,6.7435,282.5,2121.25,1
0.141,0.097,0.308,0,0.317,0.108,0.045,0.075,0.271,0.546,0.086,0.594,0.119,0.018,0.096,0.11,0.082,0.222,1.752,0.008,1.038,1.495,0.366,0.259,0.33,0.179,0.009,0.012,0,0.008,0.012,0,0.034,0,0.004,0.059,0.066,0,0.011,0.011,0,0,0,0.027,0.019,0,0,0.008,0.0469,0.1289,0.0179,0.2358,0.2734,0.1586,7.1018,105.5,1465.3,0.7
0,0,0,0,0,0,0,0,0,0,0,0,0,0,0,0.325203,0,0,0,0,0,0,0,0,0.0903252,0.116098,20.068,0,0,0,0,0,0,0,0,0,0,0,0,0,0,0.18065,0,0,0.0541463,0,0,0,0,0.0285203,0,0.00934146,0,0,1.20634,1.6748,5.45528,0
0.107441,0.139289,0.249005,0,0.373555,0.09109,0.144692,0.138294,0.0340758,0.252133,0.0841706,0.639431,0.0680569,0.0356872,0.0687204,0.316209,0.123175,0.20019,1.7855,0.0261137,0.81436,0.0223697,0.0818009,0.0843602,0.687204,0.444218,0.266256,0.309242,0.0965403,0.156351,0.0828436,0.102275,0.103934,0.102275,0.136019,0.174171,0.162891,0.00758294,0.124976,0.0811848,0.0378199,0.0617536,0.105213,0.139953,0.227204,0.242085,0.0109953,0.0270616,0.0186919,0.15537,0.017872,0.183431,0.0447156,0.0444313,2.17916,12.1327,94.564,0.331754
0.336364,0.333636,0.405455,0,0.278182,0.06,0.0563636,0.120909,0.514545,0.563636,0.257273,0.709091,0.396364,0.886364,0.0218182,0.177273,0.315455,0.0318182,2.94091,0.0181818,1.40909,0,0.302727,0.404545,0,0,0,0,0,0,0,0,0,0,0,0.00363636,0.0181818,0,0,0,0,0,0,0,0.0445455,0,0,0,0.0111818,0.0837273,0.00290909,0.362455,0.570364,0.101,5.99155,144.545,2243.55,1
0.0989655,0.157931,0.918966,0,0.742759,0.849655,0.394138,0.118621,0.714483,0.185172,0.229655,0.669655,0.251724,0,1.73655,0.171034,0.0441379,1.09931,1.49621,0.20069,0.62,0,0.693793,0.146207,0.00310345,0.00310345,0,0,0,0,0,0,0,0,0.00689655,0,0,0,0,0.0303448,0,0,0.166897,0.0275862,0.0841379,0.0813793,0,0,0,0.0846897,0,0.448724,0.14631,0.0151379,8.49638,672.448,1397.38,1
0.348,0.202,1.418,0,1.12,0,0.196,0,0.414,0.678,0.134,0.134,0.066,0,0,0.202,0,0.336,0.754,0.698,1.004,0,0,0,0.282,0,0,0,0,0,0,0,0,0,0,0,0,0,0,0,0,0,0,0,0,0,0,0,0,0.024,0,0.758,0.076,0,291.6,1131.8,1243.8,1
0.0972941,0.105882,0.360471,0,0.533529,0.118588,0.11,0.150118,0.0948235,0.295059,0.0857647,0.667176,0.0628235,0.0165882,0.0117647,0.311529,0.353294,0.286118,1.958,0.160941,1.03176,0.0441176,0.218353,0.0731765,0.254471,0.0972941,0.0251765,0.0256471,0.00458824,0.0435294,0.00458824,0.00823529,0.0267059,0.012,0.0469412,0.0777647,0.115059,0.000823529,0.0149412,0.0510588,0,0.00482353,0.0172941,0.0325882,0.221059,0.266588,0,0.0290588,0.00894118,0.111894,0.00834118,0.346565,0.125859,0.0472,4.14162,66.9765,259.376,0.670588
0.036,0.038,0.134,0,0.156,0.05,0,0.03,0.052,0.076,0.006,0.318,0.024,0.018,0.006,0.028,0.152,0.118,0.184,0.002,0.108,0.058,0.008,0,0.096,0.098,0.014,0.008,0.008,0,0,0,1.242,0,0,0.1,0.824,0.004,0.01,0.03,0.064,0.02,0.03,0.018,0.016,0.23,0.014,0.248,0.0644,0.1596,0.013,0.011,0.0096,0.0044,2.2954,53.4,3015.2,0
0.0790123,0.0787654,0.340988,0.0107407,0.343827,0.10716,0.0532099,0.128519,0.0909877,0.269753,0.0597531,0.499506,0.0855556,0.0209877,0.0162963,0.264198,0.118765,0.168889,1.38123,0.0245679,0.77284,0.0228395,0.0787654,0.0759259,0.691111,0.348395,0.169259,0.121111,0.062716,0.134444,0.0890123,0.0444444,0.158889,0.0444444,0.077037,0.128025,0.279259,0.0187654,0.100494,0.0692593,0.00987654,0.0392593,0.0988889,0.12,0.173086,0.095679,0.0134568,0.0361728,0.025037,0.204556,0.0227407,0.145716,0.0517037,0.0388642,2.57862,21.5556,215.222,0.432099
0.185,0.095,0.805,0,0.76,0.455,0,0.33,0.625,0.385,0.125,0.625,0.27,0,1.33,0.04,0.095,1.28,1.805,0.27,0.595,0,0.84,0.38,0,0,0,0,0,0,0,0,0,0,0.045,0,0,0,0,0.08,0,0,0.08,0,0.04,0.04,0,0,0.006,0.0675,0,0.4625,0.154,0.023,11.692,680,1761.5,1
0.03,0.115,0.3865,0.026,0.2035,0.1165,0.049,0.335,0.3075,0.5425,0.12,0.426,0.088,0.038,0.2315,0.3655,0.18,0.0445,1.1205,0.106,0.7205,0,0.061,0.1255,0.707,0.225,0.0145,0.021,0.009,0.052,0.022,0,0.1305,0.0085,0.2015,0.053,0.252,0.0065,0.057,0.013,0.0365,0.0325,0.002,0.0055,0.075,0.17,0.0125,0.044,0.0625,0.2008,0.01085,0.16845,0.12465,0.05595,3.1273,45.1,962.6,0.6
0.295556,0.185556,0.292222,0,0.0711111,0.0922222,0.02,0.15,0.24,0.464444,0.132222,0.71,0.35,0.67,0.00333333,0.132222,0.246667,0.0266667,2.05444,0.01,1.15889,0,0.602222,0.268889,0,0,0.00555556,0.00333333,0.00111111,0,0,0,0.367778,0,0,0.0244444,0.201111,0,0,0.00888889,0.0211111,0.0155556,0.00555556,0.0177778,0.0255556,0.03,0.00666667,0.0422222,0.00844444,0.100556,0.000555556,0.199111,0.463667,0.0815556,4.17689,142,3200.67,0.777778
0.0605474,0.972226,0.156588,0,0.263631,0.0463321,0.00797445,0.0481752,0.00687956,0.113796,0.00175182,0.329161,0.0357482,0.0582482,0,0.150894,0.00804744,0.0954197,1.79232,0.0381022,0.474982,0,0.00386861,0.0602737,0.245182,0.133558,0.536515,0,0.151241,0.00759124,0.0228102,0,0.125511,0,0.0364964,0.017281,0.00976277,0.0471533,0.0518978,0.00213504,0.0709124,0.376296,0.0191058,0.206405,0.864617,0.389781,0.00928832,0.0573358,0.0141296,0.0824453,0.0243449,0.268341,0.00325,0,1.39428,2.73723,9.05657,0.0620438
0.5675,0.35,0.2375,0,0.1775,0.045,0.015,0.2625,0.5625,1.01,0.2875,0.52,0.53,0.9125,0.12,0.185,0.525,0.14,3.2525,0.0225,1.5225,0,0.7675,0.6975,0,0,0,0,0,0,0,0,0,0,0.015,0.0225,0,0,0.0225,0,0,0,0,0,0.09,0,0,0,0.014,0.0765,0,0.4995,0.42525,0.10425,9.194,873.75,2468.25,1
0.22,0.22,0.22,0,1.77,0.22,0.44,0.44,0.22,2.88,0,0.88,0.22,0,1.105,0.44,0,0.44,3.325,0,3.325,0,0.44,0.44,0,0,0,0,0,0,0,0,0,0,0,0,0,0,0,0.44,0,0,0,0,0,0,0,0,0,0,0,0.5755,0.153,0,86.675,1038,1733.5,1
0,0.398889,0.792222,0,0.473333,0.194444,0.258889,0.184444,0.302222,0.58,0.366667,0.676667,0.0277778,0.161111,0,0.586667,0.35,0.204444,1.73444,0.276667,1.57222,0,0.108889,0.133333,0.0277778,0.0566667,0,0,0,0,0,0,0.0355556,0,0,0,0.363333,0.04,0,0,0,0,0.02,0,0.148889,0,0,0,0,0.148556,0.0165556,0.699222,0.195333,0.0711111,11.9766,391.222,711.111,0.888889
0.148,0.242,0.390889,0,0.252444,0.136444,0.0451111,0.0702222,0.255778,0.309111,0.06,0.857111,0.225111,0.106667,0.181111,0.143111,0.132444,0.228889,1.59622,0.0728889,0.810222,0,0.186222,0.190222,0.862444,0.117556,0.0182222,0.0157778,0.0106667,0.00888889,0.0111111,0.00355556,0.0657778,0.00355556,0.0304444,0.0855556,0.0866667,0.00177778,0.00511111,0.0468889,0.00355556,0.108444,0.0288889,0.0102222,0.0188889,0.00266667,0,0.0255556,0.1856,0.114178,0.0147333,1.35707,0.327822,0.0194222,4.14582,55.2222,725.889,0.577778
0.191589,0.0920561,0.295701,0,0.209907,0.0612461,0.156604,0.077134,0.0100623,0.201994,0.109688,0.637664,0.0555452,0.0109346,0.0266355,0.213489,0.0903427,0.152399,1.62115,0.0131464,1.11293,0,0.0368224,0.102866,0.712118,0.361838,0.20243,0.214268,0.111495,0.222741,0.0875701,0.0598131,0.162586,0.0598131,0.202336,0.103988,0.179252,0.00517134,0.10352,0.0753894,0.0299688,0.154143,0.0416511,0.0998754,0.221745,0.267321,0,0.0246417,0.0132336,0.13676,0.00488474,0.210819,0.0427882,0.109056,2.44974,12.3396,54.8411,0.327103
0.19,0.19,0.19,0.19,1.16,0,0,0,0.58,0.38,0,0,0,0,0,0,0,0,0.19,0.38,0.58,0,0,0,0.19,0,0,0.19,0,0,0,0,0,0.38,0,0,0,0,0,0,0,0,0,0,0,0,0,0,0,0.07,0,0,1.121,0,1021.5,2042,2043,1
0.114516,0.21129,0.594194,0.636452,0.507419,0.201935,0.319677,0.214516,0.0483871,0.242581,0.155484,0.519032,0.11129,0,0,0.461935,0.412581,0.417097,2.45484,0.57,1.61548,0,0.140323,0.25,0.0183871,0.0183871,0,0,0,0,0,0,0.00870968,0,0,0.0235484,0.101935,0,0.0770968,0.00612903,0,0,0.0245161,0,0.130645,0.04,0,0,0.0114194,0.10229,0.0274839,0.453387,0.0771613,0.0293871,8.00194,135.645,292.452,0.967742
0.155263,0.0782895,0.201711,0.165132,0.375132,0.0975,0.0476316,0.113421,0.236579,0.379474,0.129605,0.792763,0.138947,0.0810526,0.0177632,0.200921,0.163816,0.0873684,1.52737,0.0634211,0.991184,0.376053,0.195,0.153947,0.5425,0.241053,0.0267105,0.0252632,0.0169737,0.0335526,0.0119737,0.0025,0.160263,0.0025,0.0284211,0.0628947,0.154737,0.0131579,0.0209211,0.00934211,0.0769737,0.0603947,0.00539474,0.0147368,0.0696053,0.388421,0.0301316,0.0248684,0.0463421,0.140355,0.0202763,0.151513,0.0752237,0.0486579,3.614,42.6316,507.461,0.565789
0.0588506,0.133908,0.293908,0.0137931,0.334713,0.122184,0.113563,0.0971264,0.0583908,0.248046,0.0414943,0.507241,0.218046,0.0431034,0.117126,0.10908,0.124713,0.283218,1.33241,0.0556322,0.720805,0.476667,0.133218,0.0805747,0.714943,0.321609,0.187241,0.132414,0.115862,0.117701,0.0597701,0.0687356,0.0866667,0.0687356,0.0789655,0.105057,0.148161,0,0.0716092,0.0922989,0.016092,0.0451724,0.0774713,0.0337931,0.117126,0.0627586,0,0.0170115,0.0982989,0.19108,0.0313678,0.154632,0.118989,0.0558391,3.17376,24.7586,253.609,0.528736
0.131667,0.0955556,0.393472,0.0247222,0.2975,0.0968056,0.0552778,0.111528,0.192083,0.316806,0.110556,0.485139,0.134167,0.035,0.107639,0.284028,0.176667,0.229583,1.50069,0.111944,0.834861,0.533889,0.208333,0.110417,0.400972,0.151389,0.0920833,0.124306,0.0518056,0.0554167,0.0743056,0.0269444,0.0418056,0.0269444,0.0643056,0.0784722,0.100972,0.0530556,0.0622222,0.0919444,0.0129167,0.104722,0.0325,0.0655556,0.0919444,0.0566667,0.0209722,0.0509722,0.241653,0.149778,0.00838889,0.261097,0.0872083,0.0903056,3.39712,41.2778,374.5,0.541667
0.0871429,0.0385714,0.155714,0,0.0285714,0.0185714,0,0.0357143,0.0557143,0.0657143,0.0357143,0.357143,0.0214286,0.0371429,0.00285714,0.0271429,0.0557143,0.0771429,0.392857,0.0271429,0.23,0.505714,0,0,0.35,0.141429,0.0128571,0.0114286,0.0185714,0.0328571,0.0514286,0,0.362857,0,0.0185714,0.0985714,0.31,0.0228571,0.0457143,0.0242857,0.0771429,0.01,0.0114286,0.0485714,0.0214286,0.331429,0.00714286,0.0514286,0.121571,0.184714,0.0585714,0.0294286,0.00228571,0.031,3.01729,41.7143,1799.71,0
0.127273,0.0881818,0.256364,0.0190909,0.283636,0.0727273,0.0418182,0.0363636,0.263636,0.0845455,0.109091,0.526364,0.0763636,0.0118182,0.0136364,0.106364,0.144545,0.133636,1.36727,0.271818,0.62,0.983636,0.204545,0.177273,0.23,0.159091,0.0127273,0.00454545,0,0.0209091,0,0,0.0690909,0,0.00727273,0.174545,0.200909,0.00727273,0.0145455,0.00727273,0,0,0.00727273,0.02,0.0309091,0.0181818,0.00545455,0.0336364,0.0447273,0.139818,0.0659091,0.159727,0.197273,0.141455,5.39182,85,1607.27,0.545455
0.05,0.94,0.3,0,0.495,0.49,0.105,0.18,0.41,0.7675,0.1525,0.475,0.205,0.025,0.025,0.0525,0.5075,0.2525,2.5875,0.25,1.9175,0.0775,0.845,0.1775,0,0,0,0,0,0,0,0,0,0,0,0.105,0,0,0,0,0,0,0.0475,0,0.18,0,0,0,0.0315,0.08575,0.4045,0.43075,0.1795,0.0255,14.7213,371.75,1008.25,1
0.145,0.21,0.5625,0,0.8025,0.295,0.125,0.5975,0.1475,0.435,0.15,0.8275,0.295,0.155,0.085,1.2925,0.5975,0.28,2.66,0.215,1.325,0,0.4825,0.27,0,0,0,0,0,0,0,0,0,0,0,0.175,0,0,0,0.065,0,0,0,0,0.03,0,0,0,0.0075,0.04775,0.0165,0.41825,0.20125,0.11525,8.128,254.75,1523.25,1
0.02,0.12,0.2975,0.025,0.5375,0.2,0.025,0.2225,0,0.17,0.095,0.9575,0,0.05,0,0.985,0.44,0.2725,0.9525,0.1775,0.25,0.23,0.2575,0.05,0.02,0,0,0,0,0.0575,0,0,0,0,0,0.1975,0.145,0,0,0.05,0,0,0.02,0,0,0,0,0,0.01,0.10475,0.00875,0.2255,0.086,0.13675,5.5885,238,1791.5,0.5
0,0,0.28,0,0.16,0.18,0,0,0,0,0.02,0.09,0.11,0,0,0,0,0,0.14,0,0.02,0,0,0.04,0,0,0,0,0,0,0,0,0,0.07,0,0,0,0,0.02,0,0,0,0,0,0,0,0,0,0,0.116,0.021,0.032,0,0,16.6155,154,9089,1
0.463,0.931,0.931,0,0.463,0,0,0.463,0,1.866,0,2.334,0,0.605,0,0.463,0,0,1.866,0,5.231,0,0,0,0,0,0,0,0,0,0,0,0,0,0,0,0,0,0,0,0,0,0,0,0,0,0,0,0,0.2503,0,1.6712,0.1913,0.0832,59.0805,657,751.2,1
0.1836,0.116,0.4294,0.0368,0.3142,0.0818,0.1606,0.2744,0.0898,0.3992,0.0858,0.4268,0.0272,0.006,0,0.438,0.3528,0.19,1.8788,0.3462,1.1156,0.8936,0.081,0.1024,0.3584,0.2368,0.0456,0.0316,0.0336,0.0276,0.0132,0.0132,0.0048,0.0192,0.0356,0.0364,0.2256,0,0.0156,0.0706,0,0,0.0298,0.0228,0.1732,0.0492,0.0278,0.0656,0.28726,0.15708,0.02322,0.41002,0.29706,0.3235,5.29558,64.3,326.46,0.62
0.707143,0.445714,0.755714,0,0.0957143,0.535714,0.0957143,0.488571,1.03286,1.04,0.0228571,0.445714,0.348571,0,0.985714,0.258571,0.162857,1.83,2.24571,1.03286,1.29714,0,1.15286,0.66,0,0,0,0,0,0,0,0,0.0471429,0,0.162857,0,0,0,0,0,0,0,0,0,0,0,0,0,0.0231429,0.0492857,0,0.397571,0.178571,0.05,13.4287,525,912.143,1
0.52,0.34,0.4,0,0.14,0.17,0.05,0.14,0.46,0.52,0.31,0.89,0.4,1.16,0.05,0.11,0.23,0.11,2.9,0,1.1,0,0.63,0.52,0,0,0,0,0,0,0,0,0,0,0,0,0,0,0,0,0,0,0,0,0.08,0,0,0,0,0.073,0,0.363,0.535,0.132,6.171,159,2771,1
0.1175,0.171375,0.4065,0,0.465875,0.11275,0.33575,0.13275,0.049375,0.312375,0.148625,0.483625,0.167125,0.056,0.044375,0.32,0.18275,0.269875,1.95638,0.105125,1.028,0.020375,0.27175,0.07675,0.229875,0.089875,0.015125,0.133125,0.0075,0.078375,0.01525,0.0075,0.254375,0.0075,0.119625,0.083375,0.143,0,0.007,0.08475,0.003875,0.04525,0.0065,0.0185,0.1195,0.079125,0,0.013625,0.0137,0.0879625,0.0012625,0.472425,0.111388,0.0145375,4.76355,63.6625,194.3,0.6625
0.5,0.25,0.42,0,0.08,0.23,0.02,0.35,0.35,0.69,0.21,0.9,0.5,0.92,0.02,0.33,0.42,0.02,3.05,0,1.43,0,0.94,0.46,0,0,0,0,0,0,0,0,0,0,0,0,0,0,0,0.02,0,0,0,0,0.02,0,0.02,0,0,0.069,0,0.325,0.523,0.124,6.723,445,4128,1
0.332857,0.275714,0.232857,0,0.217143,0.125714,0.0185714,0.691429,0.422857,0.721429,0.107143,0.421429,0.384286,0.205714,0.211429,0.431429,0.327143,0.297143,2.32714,0.137143,1.2,1.45286,0.447143,0.574286,0,0,0,0,0,0,0,0,0.0271429,0.0185714,0,0,0.171429,0.0271429,0.0157143,0.0342857,0,0,0,0,0.0614286,0.0757143,0,0.0185714,0.0174286,0.0921429,0.0404286,0.294429,0.187714,0.141143,7.029,177.714,1610.71,0.857143
0.35,0.229091,0.356364,0.0863636,0.350909,0.368182,0.133636,0.214545,0.404545,0.705455,0.241818,0.562727,0.344545,0.03,0.513636,0.0936364,0.214545,0.492727,1.98182,0.195455,1.35364,0.0154545,0.473636,0.351818,0.848182,0.357273,0.0218182,0,0,0.0663636,0,0,0.0936364,0,0.0654545,0.0218182,0,0.0454545,0.0218182,0.0663636,0,0.0663636,0.0145455,0.0445455,0.0363636,0.13,0,0,0.00109091,0.191727,0,0.565364,0.240273,0.0527273,8.42273,263,732.909,0.909091
0,0,0,0,0.13,0,0,0,0,0.13,0,0.06,0,0,0,0,0,0,0.2,0,0.06,0,0,0,0,0,0,0,0,0,0,0,0,0,0,0,0,0,0,0,0,0,0,0,0,0,0,0,0.01,1.03,0,0,1.611,0.01,7.549,278,3752,1
0.12475,0.452,0.33,1.773,0.93875,0.14825,0.69275,0.1565,0.0595,0.38525,0.04375,0.65175,0.17475,0.084,0,0.74875,1.575,0.245,2.07975,0.281,1.83075,0,0.01975,0.144,0,0,0,0,0,0.02425,0,0,0,0,0,0.0535,0.1165,0.039,0,0.0085,0,0,0,0,0.0085,0,0,0,0,0.116675,0,0.728525,0.214775,0.0331,9.17465,135.975,193.15,0.925
0.0677333,0.0661333,0.1984,0,0.444267,0.115467,0.286533,0.0392,0.0578667,0.313867,0.0362667,0.4348,0.167733,0.0645333,0,0.600267,0.0468,0.253733,2.2404,0.159867,0.878533,0.0737333,0,0.1784,0.08,0.0921333,0.0476,0.0554667,0,0.0197333,0,0,0.0494667,0,0.0358667,0.0382667,0.0181333,0,0,0.0181333,0.00346667,0.0793333,0.00933333,0.0433333,0.272533,0.323467,0,0,0.00970667,0.042,0.00258667,0.254,0.0373733,0.307453,5.24248,53.5867,95.0133,0.493333
0.0755036,0.0503957,0.210899,0.00964029,0.220144,0.0620504,0.0713309,0.114317,0.0342806,0.278597,0.0330576,0.539065,0.121403,0.00478417,0.0433813,0.103381,0.118741,0.197338,1.48439,0.0364388,0.593489,0.00208633,0.0498201,0.051295,0.778741,0.395108,0.244928,0.29518,0.107374,0.166403,0.0886331,0.0614029,0.166079,0.0614029,0.173309,0.146331,0.286871,0.00726619,0.144676,0.0653957,0.0411871,0.0877338,0.130432,0.100504,0.295036,0.246978,0.0118705,0.0361151,0.0251799,0.196576,0.0214137,0.267899,0.0363381,0.0137662,2.21818,11.5827,72.777,0.294964
0.178594,0.0819792,0.312448,0,0.466302,0.0738021,0.105052,0.128542,0.0425521,0.143594,0.0398958,0.514688,0.0683854,0.00380208,0.0193229,0.234792,0.177708,0.192656,1.62417,0.0365104,0.800104,0.00526042,0.0939062,0.0415104,0.53875,0.375573,0.251927,0.210208,0.0907292,0.117187,0.0555208,0.0524479,0.0995312,0.0571354,0.153229,0.139792,0.192188,0.00567708,0.127656,0.0577083,0.0595312,0.0414583,0.115677,0.0707292,0.288698,0.132135,0.00145833,0.0590104,0.023651,0.130057,0.0228906,0.243755,0.074651,0.0211354,2.15721,14.6302,117.964,0.401042
0.0651429,0.448571,0.351143,1.14657,0.519714,0.248571,0.816,0.038,0.217429,0.401429,0.02,0.594,0.0445714,0.0182857,0.042,0.163143,0.0528571,0.462857,2.22171,0.118571,1.22657,0.078,0.0297143,0.0822857,0.268571,0.0551429,0.157143,0.0402857,0.0411429,0.0411429,0.0268571,0,0,0,0.0768571,0.0205714,0.0631429,0,0.078,0.0188571,0,0,0.0265714,0.0217143,0.245143,0.0157143,0,0,0.0132,0.1254,0.0106286,0.427229,0.0422,0.0621714,10.7429,127.6,382.571,0.685714
0,0,0,0,0,0,0,0,0,0,0,0,0,0,0,0,0,0,0,0,0,0,0,0,0,0,0,0,0,0,0,0,0,0,0,0,0,0,0,0,0,0,0,0,0,0,0,0,0.022,0.022,0.019,0.022,0.022,0.022,3.482,5,5902,0
0.14,0.212,0.45,1.832,0.196,0.748,0.23,0.538,0.742,0.718,0.12,0.658,0.08,0,1.244,0,0.394,1.402,1.886,0.28,1.028,0,0.428,0.306,0,0,0,0,0,0,0,0,0,0,0.026,0,0,0,0,0,0,0,0.12,0,0,0,0,0,0.0964,0.0984,0,0.3738,0.1482,0.0282,10.4434,649.2,1188.6,1
0.353333,0,1.76667,0,1.06,0,0,0,0.58,0.806667,0,0,0,0,0,0,0,0,0.353333,0.933333,0.453333,0,0,0,0.353333,0,0,0,0,0,0,0,0,0,0,0,0,0,0,0,0,0,0,0,0,0,0,0,0,0,0,0.936333,0.09,0,640,1279,1280,1
0.12875,0.10125,0.23625,0.0075,0.11375,0.1025,0.05125,0.18875,0.12,0.2725,0.065,0.33125,0.22875,0.06375,0.0725,0.185,0.10125,0.1675,1.405,0.02125,0.65125,0,0.1475,0.19,1.745,0.09625,0.0025,0,0.0025,0.04125,0,0,0.06875,0,0.03,0.10875,0.12625,0.0025,0.035,0.04375,0.04375,0.0125,0.0125,0.05,0.0525,0.18375,0,0.11125,0.0295,0.120125,0.014375,0.2005,0.093,0.014125,5.15225,88.375,2021.62,0.375
0.103462,0.08,0.265385,0,0.321538,0.100769,0.0461538,0.239231,0.280769,0.351923,0.0923077,0.641538,0.0907692,0.151538,0.105385,0.09,0.225385,0.227308,1.27577,0.179615,0.731923,0.925769,0.129615,0.0946154,1.06269,0.259231,0.0219231,0.0457692,0.015,0.0303846,0.0476923,0.00730769,0.261538,0.00346154,0.0580769,0.0592308,0.178846,0,0.0369231,0.0319231,0.005,0.0153846,0.00346154,0.00384615,0.0303846,0.00230769,0.00230769,0.0711538,0.0883462,0.117731,0.0470385,0.154962,0.112077,0.0963077,3.88365,44.5769,884.538,0.423077
0.160769,0.346154,0.339231,4.34154,0.486154,0.167692,0.0361538,0.06,0.657692,0.994615,0.0630769,0.873846,0.164615,0.0123077,0.273077,0.278462,0.0538462,0.718462,1.95846,0.489231,1.52308,1.28077,0.218462,0.278462,0.135385,0,0.130769,0.0492308,0.00461538,0.0338462,0,0,0.0338462,0,0.0107692,0.00692308,0,0,0.0338462,0.0215385,0,0.01,0.0130769,0.0123077,0.0130769,0,0,0.0107692,0.00361538,0.165,0,0.451538,0.131077,0.168769,8.039,161.538,863.615,0.846154
0.334,0.075,0.281,0,0.172,0.095,0.016,0.125,0.542,0.152,0.136,0.774,0.13,0.151,0,0.232,0.193,0.201,1.467,0.282,0.721,0,0.181,0.303,0.447,0.284,0.015,0.015,0,0.043,0.038,0,0.198,0,0.051,0.021,0.315,0.005,0,0.059,0,0,0.024,0.047,0.02,0,0.005,0.024,0.0462,0.1352,0.0365,0.2739,0.191,0.0279,3.2537,41,1073.2,0.5
0.436667,0,0.38,0,0.276667,0.0733333,0.1,0,0.306667,0.406667,0.406667,0.926667,0.62,0,0,0.386667,0.153333,0.123333,3.20333,1.17667,1.67333,0,0.386667,0.356667,0,0,0,0,0,0,0,0,0.05,0,0,0,0,0,0.226667,0,0,0,0.1,0,0.0733333,0,0,0.0733333,0,0.173667,0,0.549,0.137,0.230667,8.70933,365.667,1325.67,1
0.117037,0.155926,0.351111,0,0.74,0.124444,0.123333,0.217037,0.248519,0.610741,0.128889,0.507778,0.0733333,0.403333,0.261111,0.105556,0.41,0.100741,1.79111,0.191111,1.47,0.85037,0.121481,0.234444,0.252963,0.0311111,0.0255556,0.0162963,0.00555556,0.00555556,0.0244444,0.00555556,0.0981481,0.00555556,0.0244444,0.0222222,0.0814815,0.0196296,0.0174074,0.0481481,0,0.437037,0.0114815,0.0196296,0.103704,0,0.00333333,0,0.0134074,0.116,0.0157407,0.287037,0.182,0.100852,4.79763,126.185,641.778,0.666667
0.033125,0.156875,0.369062,1.33531,0.429688,0.15125,0.122187,0.0940625,0.315313,0.32375,0.0509375,0.659375,0.055625,0.01,0.1825,0.158125,0.210938,0.495313,1.93437,0.116875,0.925938,1.43594,0.227813,0.07,0.2675,0.116562,0,0.03375,0,0.016875,0,0,0.0084375,0,0.04,0.03125,0.0534375,0,0.00625,0,0,0.028125,0.0128125,0,0.055,0,0.0084375,0.00625,0.0138125,0.137844,0.0141562,0.462187,0.0883125,0.187188,8.40291,99.8125,501.406,0.875
0.79,0.9625,0.945,0,0.7625,0,0.4225,0,0.585,2.0925,0,1.5325,0,0,0.7525,2.7325,0.7725,0,1.165,0,2.335,0,0,0.4025,0,0,0,0,0,0,0,0,0,0,0,0,0,0,0,0,0,0,0,0,0,0,0,0.1925,0,0.0335,0,1.56425,0.6845,0.023,128.925,437.25,525.75,1
0.225,0.23,0.51,0,0.69,0.11,0.095,0.155,0.61,0.455,0.345,0.575,0.37,0.645,0.89,0.145,0.245,0.515,2.26,0.16,0.935,0,0.83,0.26,0,0,0,0,0,0,0,0,0,0,0,0,0,0,0,0.03,0,0,0.06,0,0.045,0.03,0,0,0.008,0.1105,0,0.3285,0.34,0.0715,8.5065,514,2341.5,1
0.166667,0.253333,1.20167,0,0.426667,0.6,0.468333,0.253333,0.685,0.658333,0.253333,1.27667,0.166667,0,0.626667,0.725,0.121667,1.46,2.44333,0.166667,1.13333,0,0.9,0.136667,0,0,0,0,0,0,0,0,0,0,0,0,0,0,0,0.08,0,0,0,0,0.08,0,0,0,0,0.1025,0,0.244,0.2215,0.0153333,6.3035,582.333,1344.33,1
0.76,0.38,0,0,0.38,0.38,0,0,0,0.38,0,1.53,0,0,0,0,0,0,1.92,0,3.07,0.38,0,0,0,0,0,0,0,0,0,0,0,0,0,0,0,0,0,0,0,0,0,0,0,0,0,0,0,0.124,0,0.124,0,0.062,89.9,735,899,1
0.0737037,0.112296,0.330074,0,0.317704,0.158667,0.123852,0.128815,0.0487407,0.190074,0.0538519,0.510222,0.0911111,0.0321481,0.0188889,0.259852,0.173185,0.191259,1.41644,0.128222,0.869111,0,0.144148,0.0814074,0.750815,0.387926,0.167778,0.150074,0.108593,0.116296,0.0622222,0.0461481,0.0886667,0.0461481,0.119333,0.104963,0.232222,0.00511111,0.094963,0.0764444,0.134593,0.0561481,0.108741,0.0322963,0.200963,0.276148,0,0.0384444,0.0686444,0.151941,0.0222963,0.137941,0.0791556,0.0246,2.50756,18.9407,179.2,0.422222
0,0,0.107,0,0.817,0,2.172,1.083,1.083,1.083,1.083,0.495,0,0.107,0,0.647,3.015,0.09,1.387,1.083,3.514,0,0.107,0.107,0,0,0,0,0,0,0,0,0,0,0,0,0.441,0,0.107,0,0,0,0,0,0,0,0,0,0,0.0577,0,0.6641,0.1385,0.0998,81.2866,290.2,302,1
0.5725,0.11875,0.41625,0,0.03125,0.22375,0.0025,0.17375,0.21,0.31875,0.26625,1.0325,0.60625,1.06625,0.06875,0.36125,0.43375,0.22125,2.735,0.19125,1.115,0,0.26125,0.5675,0,0,0.00125,0,0.00375,0.00125,0,0,0.19375,0,0,0.02875,0.1025,0,0.00125,0.045,0.0075,0.01125,0,0.02875,0.0725,0.015,0.025,0.07125,0.0185,0.088125,0.00025,0.471125,0.124625,0.125,3.83137,106.25,3504,0.875
0.281892,0.118108,0.337568,0,0.163514,0.235405,0.0654054,0.178649,0.508378,0.219459,0.0859459,0.696216,0.0518919,0.0475676,0.00864865,0.222162,0.312973,0.042973,1.26649,0.265946,0.944865,0.228108,0.0264865,0.338919,0.9,0.214324,0.0321622,0.0135135,0.0072973,0.0381081,0.0143243,0.0072973,0.0959459,0.0072973,0.0143243,0.0756757,0.154324,0.00162162,0.0151351,0.0278378,0.0472973,0.0237838,0.0264865,0.00162162,0.0386486,0.121351,0.0124324,0.0135135,0.207973,0.209865,0.0114324,0.298919,0.13773,0.0185135,4.23749,51.9189,643.027,0.432432
0.041,0.303,0.639,0.14,0.112,0.041,0.474,0,0.054,0.619,0.094,0.834,0.056,0.132,0,1.295,0.188,0.038,2.522,0,1.321,0,0.082,0.088,0.029,0.029,0.029,0.058,0,0,0,0,0,0.029,0.058,0.023,0.061,0,0,0,0,0,0,0,0.18,0,0,0,0.029,0.0661,0,0.6323,0.2445,0.0848,14.3804,342,533.4,0.9
0.045,0.02,0.16,0.065,0.07,0.045,0,0.065,0.17,0.055,0,0.28,0,0.01,0.01,0.065,0.065,0.055,0.185,0,0.13,0,0,0,0.7,0.72,0.015,0.01,0.01,0,0,0,0.895,0,0,0.125,1.05,0.025,0,0,0.03,0.02,0.01,0.06,0,0.145,0.01,0.075,0.129,0.2055,0.0905,0.0015,0.006,0,2.4775,56.5,2659.5,0
0.0626316,0.0247368,0.178947,0,0.214737,0.0436842,0.0615789,0.0936842,0.300526,0.114211,0.0747368,0.363684,0.0515789,0.0768421,0.00263158,0.316316,0.0405263,0.352632,0.914737,0.0315789,0.787368,0,0.0610526,0.0315789,0.609474,0.257895,0.0226316,0.0468421,0.00473684,0.0363158,0.0315789,0.00473684,0.153158,0.00473684,0.0447368,0.0394737,0.257368,0,0.0136842,0.0310526,0.0315789,0.0515789,0.0121053,0.0173684,0.0310526,0.12,0.0515789,0.100526,0.0488947,0.164053,0.0216842,0.258842,0.206526,0.0140526,3.93337,48.3684,1148.32,0.473684
0.0594521,0.189178,0.400274,0,0.583014,0.118493,0.244384,0.150548,0.0754795,0.228904,0.113425,0.673014,0.0754795,0,0.196301,0.251781,0.314658,0.449726,2.18055,0.45137,1.35918,0.161781,0.277123,0.128493,0.297945,0.128767,0.0505479,0.11863,0.0187671,0.113836,0.0187671,0.0187671,0.0219178,0.0187671,0.0426027,0.0460274,0.0893151,0,0.148904,0.107671,0.0145205,0.0390411,0.00493151,0,0.173973,0.039726,0,0,0.00360274,0.133575,0.000890411,0.300767,0.0973699,0.032137,5.57523,57.3425,145.877,0.671233
0.205,0.24,0.2,0,0.235,0.085,0.015,0.035,0.39,0.335,0.145,0.49,0.22,0.52,0.015,0.195,0.185,0.04,1.615,0,0.73,0,0.24,0.295,0.265,0.275,0.005,0,0,0,0,0,0.25,0,0.005,0.005,0.225,0.02,0,0,0,0,0.005,0,0.035,0,0.025,0,0.1,0.1045,0.032,0.2165,0.267,0.057,4.5355,89,2364,0.5
0.34,0,1.7,0,1.02,0,0,0,0.68,1.02,0,0,0,0,0,0,0,0,0.34,1.02,0.68,0,0,0,0.34,0,0,0,0,0,0,0,0,0,0,0,0,0,0,0,0,0,0,0,0,0,0,0,0,0,0,0.898,0.105,0,443.499,1325,1330.5,1
0.0444444,0.0933333,0.275556,0,0.139444,0.101667,0.0933333,0.0261111,0.424444,0.165556,0.0316667,0.26,0.06,0.00666667,0.132778,0.127778,0.0505556,0.180556,0.707222,0.0111111,0.507778,0.741111,0.100556,0.0333333,0.372222,0.248333,0.0183333,0.015,0.0277778,0.00611111,0.0188889,0,0.114444,0,0.0366667,0.0277778,0.196667,0.00222222,0,0.0138889,0.00388889,0.0311111,0,0.00555556,0.0244444,0.0505556,0,0.00444444,0.0581667,0.235333,0.0398333,0.108944,0.0875,0.0923333,4.51989,72.3333,1334,0.444444
0.0867358,0.0877202,0.297927,0.00419689,0.413109,0.254508,0.119119,0.102746,0.0429534,0.24886,0.0307772,0.590518,0.0893264,0.00720207,0.00440415,0.220622,0.110984,0.172383,1.56026,0.011399,1.17451,0.00642487,0.126632,0.10715,0.581969,0.388031,0.233316,0.153782,0.113264,0.140518,0.0768912,0.0722798,0.0981347,0.0706736,0.125959,0.113938,0.159689,0.00119171,0.0793264,0.0739896,0.0465285,0.0435751,0.0898446,0.0221244,0.244145,0.112383,0.0137824,0.0160104,0.0247876,0.175497,0.0272383,0.203016,0.0638083,0.0141813,2.37708,16.7824,147.192,0.466321
0.448889,0.264444,0.424444,0.478889,0.0555556,0.138889,0.0455556,0.214444,0.386667,0.612222,0.222222,0.843333,0.532222,1.11556,0,0.222222,0.386667,0.0411111,3.01667,0,1.32778,0,0.891111,0.372222,0,0,0,0,0,0,0,0,0,0,0,0,0.00888889,0,0,0,0,0,0,0.00333333,0.0411111,0,0.00333333,0,0.0403333,0.065,0,0.389778,0.721556,0.155222,6.89722,194,3029.44,1
0,0.145,0.145,0,0.14,0.725,0.145,0.52,0.52,1.11,0.07,0.805,0.14,0,0.52,0.145,0.51,0,0.955,0.22,0.435,0,0.74,0,0,0,0,0,0,0,0,0,0,0,0,0,0.145,0,0,0.145,0,0,0,0,0,0,0,0,0.042,0.105,0,0.0525,0.105,0.0105,19.148,829.5,1281.5,1
0,0.02,0.05,0,0.02,0,0,0.05,0,0.35,0,0.02,0,0,0,0.05,0.1,0.38,0.07,0.2,0.17,0,0,0,0.02,0,0,0,0,0,0,0,0,0,0,0,0,0,0,0,0,0,0,0,0,0,0,0,0,0.004,0,0.108667,0.0173333,0.0173333,3.922,489,3271,1
0.141111,0.272222,0.618889,0,0.977778,0.0533333,0.717778,0.317778,0.0322222,0.358889,0.0277778,0.491111,0.248889,0,0,1.32778,0.206667,0.441111,2.37667,0,0.988889,0,0.334444,0.115556,0.111111,0.0555556,0,0,0.0555556,0.0277778,0,0,0,0.0688889,0,0,0.148889,0,0,0,0,0.0222222,0,0,0.228889,0,0,0.111111,0.0507778,0.264778,0,0.475222,0.193444,0.00888889,10.1731,199.444,481.889,0.777778
0,0,0,0,0,0,0,0,0,0,0,0,0,0,0,0.58,0,0,0,0,0,0,0,0,0,0,1.46,0.29,0,0.58,0,0,0,0,0,0,0.58,0,0,0,0,0,0,0,0,0,0,0,0,0.018,0,0,0,0,251,1488,1506,0
0.0571429,0.119286,0.287857,1.36857,0.373571,0.0464286,0.0721429,0.0585714,0.159286,0.285714,0.0821429,0.435714,0.0464286,0.0864286,0.144286,0.310714,0.0664286,0.122143,1.795,0.543571,0.971429,1.81286,0.0642857,0.0535714,0.345714,0.140714,0.0271429,0.00857143,0,0.0221429,0.025,0,0.00285714,0,0.32,0.00642857,0.045,0,0.015,0.0435714,0,0.0642857,0,0.0171429,0.0721429,0.0142857,0.00857143,0.00285714,0.00371429,0.0825714,0.00971429,0.220143,0.0533571,0.149571,6.84907,86.2143,1244.14,0.785714
0.1045,0.144,0.5745,0,0.256,0.0985,0.0585,0.2135,0.3215,0.2745,0.1015,0.704,0.224,0.1245,0.049,0.1675,0.1415,0.1375,1.9975,0.109,1.152,0,0.036,0.134,0.389,0.2,0.022,0.003,0.025,0.039,0.0225,0,0.1165,0,0.0205,0.029,0.1005,0.003,0.039,0.0155,0,0.004,0.0625,0.006,0.034,0,0,0.0065,0.0866,0.1088,0.03465,0.61405,0.13405,0.0156,3.6614,52.5,797.6,0.65
0.506,0.442,0.31,0,0.144,0.03,0,0.184,0.552,0.632,0.294,0.682,0.65,1.228,0.03,0.218,0.426,0.018,3.036,0,1.346,0,0.506,0.532,0,0,0,0,0,0,0,0,0,0,0,0,0,0,0,0,0,0,0,0,0.03,0,0,0,0.0116,0.078,0,0.409,0.8208,0.1292,6.8204,655.8,2366.4,1
0.0410859,0.037904,0.269899,0,0.262045,0.0159848,0.052197,0.0357071,0.0231313,0.143384,0.0160354,0.758434,0.0707828,0.0603788,0.00429293,0.157424,0.0346212,0.151035,1.90636,0.0183838,0.470202,0,0.0170202,0.0940909,0.867727,0.297045,0.352601,0.0727778,0.136061,0.104066,0.0398232,0,0.0608081,0,0.0692424,0.0440152,0.127096,0.0272727,0.0994444,0.0080303,0.0748485,0.297121,0.0262626,0.112197,0.490076,0.171566,0,0.0428788,0.0347702,0.124884,0.00987121,0.178927,0.0139293,0.0108409,1.80273,6.03788,23.7146,0.138889
0.2,0.81,0.61,0,0,0,0,0,0.2,0,0,0.4,0,0,0,0.2,0,0,0.2,0,0.2,0,0,0.4,0,0,0,0,0,0,0,0,0,0,0,0,0,0,0,0,0,0,0,0,0,0,0,0,0,0,0,0.831,0.338,0.03,1102.5,2204,2205,1
0.0587963,0.0721296,0.189259,0,0.136574,0.0381481,0.136389,0.341389,0.101759,0.122222,0.0477778,0.35787,0.0443519,0.154074,0,0.484815,0.139259,0.148056,1.56565,0.0282407,0.925833,0.0271296,0.153056,0.0389815,0.393148,0.24537,0.14037,0.0861111,0.0288889,0.0271296,0.014537,0.00546296,0.0423148,0.00546296,0.0636111,0.107685,0.0842593,0,0.0294444,0.00564815,0,0.0549074,0,0.0326852,0.380648,0.0739815,0,0.0378704,0.00642593,0.137722,0.00700926,0.486139,0.121269,0.00564815,4.20226,30.463,77.8148,0.62963
0.1,0.121304,0.398696,0.00695652,0.352609,0.156087,0.212174,0.145217,0.723478,0.539565,0.10087,0.502174,0.0943478,0.00913043,0.0717391,0.30913,0.0126087,0.512174,1.9187,0.221304,1.32217,1.93304,0.104783,0.217391,0.236957,0.0908696,0.0247826,0.00695652,0,0.00695652,0.0117391,0,0.0221739,0,0.313913,0.0104348,0.07,0,0.046087,0.00695652,0.00434783,0.0808696,0,0.0247826,0.0304348,0.0130435,0.0130435,0.00434783,0.0831304,0.0834348,0.116478,0.537957,0.217043,0.162,5.02883,71.0435,1043.61,0.782609
