0.0243038,0,0.041962,0,0.236519,0.0403797,0,0,0,0.0274684,0,0.158418,0,0.0678481,0,0.0642405,0,0.0486709,0.36981,0,0.186646,0,0,0,0.0441139,0.0166456,0.501899,0,0,0,0.0791139,0,0,0,0,0,0,0.0527215,0,0,0,0.0860127,0,0.462532,0.0365823,0.355443,0,0.0949367,0.00762025,0.110525,0.060981,0.184665,0,0,1.21637,1.6962,5.24684,0.0443038
0.0666949,0.122542,0.308729,0.0101695,0.369492,0.117288,0.110339,0.114746,0.0525424,0.278729,0.0671186,0.512458,0.194153,0.0332203,0.0877966,0.177119,0.115085,0.276186,1.3572,0.0513559,0.835593,0.309915,0.148983,0.0886441,0.642542,0.292203,0.176441,0.111356,0.100085,0.0988983,0.0547458,0.0613559,0.0869492,0.0613559,0.0759322,0.0949153,0.154576,0.0128814,0.069661,0.0805932,0.0135593,0.0370339,0.0825424,0.0514407,0.12161,0.0627966,0,0.0184746,0.0431441,0.177686,0.0273475,0.171941,0.115263,0.0418305,3.05197,24.7712,247.839,0.525424
0.13027,0.20527,0.424324,0.578514,0.281892,0.116892,0.047027,0.109865,0.267703,0.307162,0.0694595,0.790811,0.207568,0.14,0.129054,0.145541,0.146351,0.182027,1.70027,0.146892,0.948649,0,0.12473,0.169324,0.711757,0.134459,0.0221622,0.0228378,0.0140541,0.0175676,0.0198649,0.00216216,0.0714865,0.00216216,0.0345946,0.0608108,0.0912162,0.00189189,0.0168919,0.0340541,0.00216216,0.100541,0.0344595,0.01,0.0254054,0.00162162,0,0.0208108,0.13827,0.131554,0.0183243,1.00588,0.249932,0.0201757,4.07796,61.6216,754.081,0.581081
0,0,0,0,0,0,0,0,0,0,0,0,0,0,0,0.333333,0,0,0,0,0,0,0,0,0,0.119,20.292,0,0,0,0,0,0,0,0,0,0,0,0,0,0,0,0,0,0.0555,0,0,0,0,0.0292333,0,0.009575,0,0,1.2115,1.69167,5.44167,0
0,0,0.115161,0,0.230323,0,0,0.358387,0,0.107419,0,0.134194,0,0,0,0.129032,0,0,1.05323,0,0.635484,0,0,0,0,0,0.956452,0,0,0,0,0,0,0,0,0,0,0,0,0,0,0.422581,0,0.35129,5.06355,0.543548,0,0.260968,0.0217742,0.0621935,0,1.12952,0,0,1.16574,1.80645,6.6129,0.0322581
0.189608,0.064902,0.202745,0,0.278235,0.077451,0.27451,0.131961,0.0592157,0.21451,0.0658824,0.441961,0.0131373,0.0688235,0.0776471,0.20451,0.195882,0.175882,1.46784,0,0.772941,0,0,0.113333,0.808627,0.42098,0.0580392,0.277647,0.104706,0,0,0.0137255,0.123725,0.0137255,0.126078,0.0527451,0.500196,0,0.108235,0,0,0.104706,0.0872549,0.0227451,0.206863,0.0439216,0,0.0227451,0.0280784,0.228647,0.0116275,0.293,0.0796275,0.00372549,3.46925,23.5294,67.3137,0.529412
0.114884,0.102733,0.259128,0,0.385058,0.115814,0.133837,0.122907,0.0333721,0.233198,0.0847674,0.563895,0.0677907,0.030407,0.0790116,0.33814,0.118081,0.2275,1.74767,0.0297674,0.862093,0.0274419,0.0736628,0.0849419,0.719012,0.395581,0.245756,0.264884,0.0986628,0.149419,0.0713954,0.0882558,0.0862791,0.0882558,0.119942,0.177849,0.162791,0.0114535,0.120988,0.0727326,0.0472674,0.0480233,0.120233,0.134419,0.247849,0.280581,0.0134884,0.0170349,0.0254884,0.14343,0.0156279,0.170134,0.0560349,0.0526977,2.17091,12,99.9767,0.366279
0.0928986,0.0873913,0.265942,0.277681,0.258841,0.0771014,0.065942,0.0634783,0.295217,0.362899,0.0817391,0.461304,0.134783,0.145797,0.093913,0.283913,0.0591304,0.246812,1.34826,0.248696,0.882464,0.87,0.0985507,0.0943478,0.372899,0.174783,0.0310145,0.0185507,0.00855072,0.016087,0.0324638,0.00130435,0.0776812,0.00130435,0.10058,0.0236232,0.166522,0.00057971,0.0166667,0.0389855,0.00971014,0.0353623,0.00869565,0.0111594,0.0413043,0.0491304,0.015942,0.0382609,0.0344928,0.153725,0.0202754,0.224087,0.127522,0.104116,6.15028,101.159,1231.72,0.594203
0,0,0,0,0,0,0,0,0,0,0,0,0,0,0,0,0,0,2.96143,0,0,0,0,0,0,0,0,0,0,0,0,0,0,0,0,0,0,0,1.58714,0,0,0,0,0,15.8071,0,0,0,0,0.326429,0,1.32257,0,0,1.43271,2.85714,7.71429,0
0.042561,0.0937805,0.176341,0,0.196341,0.027439,0.111341,0.434146,0.119878,0.15,0.067561,0.305244,0.0126829,0.227927,0.00768293,0.494024,0.212561,0.130976,1.04829,0.0371951,0.751951,0.0357317,0.263171,0.0528049,0.317683,0.335732,0.189878,0.10439,0,0.0406098,0.0191463,0.0287805,0.0557317,0.0287805,0.0719512,0.12561,0.075122,0,0.0276829,0.0269512,0,0.0435366,0.0165854,0.0230488,0.397561,0.0332927,0,0.0202439,0.00478049,0.145805,0.0117439,0.409244,0.113037,0.00743902,3.55201,25.3415,84.2073,0.719512
0.134207,0.0975862,0.345379,0.0222759,0.289931,0.102345,0.0858621,0.14669,0.0967586,0.306069,0.0746207,0.475103,0.112138,0.0391724,0.0503448,0.268,0.214759,0.191034,1.52655,0.165655,0.800897,0.760483,0.168897,0.072,0.708552,0.282,0.103517,0.0851724,0.0557931,0.0589655,0.0552414,0.0221379,0.0694483,0.0242069,0.0626207,0.0608276,0.202759,0.00731034,0.0309655,0.0628276,0.0405517,0.0611034,0.0390345,0.0553793,0.120483,0.182276,0.02,0.0352414,0.265145,0.171172,0.0233241,0.256662,0.0915448,0.170848,3.82752,38.2,330.186,0.503448
0,0.0755,0.18075,0,0.33825,0.0195,0.296,0,0.01375,0.21775,0,0.4245,0.18925,0.078,0,0.6805,0.03075,0.35675,3.36575,0,1.3295,0,0,0.08125,0.3845,0.0215,0.065,0,0,0,0,0,0,0,0,0,0,0,0,0,0,0.128,0,0.0645,0.42375,0.43275,0,0,0.007725,0.025775,0,0.646175,0.023,0,5.40715,49.85,75.2,0.425
0.151343,0.146716,0.826866,0.00283582,0.707612,0.520149,0.272836,0.136716,0.56597,0.458209,0.203284,0.601194,0.150746,0.0797015,0.967015,0.304776,0.11209,0.760149,1.5091,0.820448,0.926119,0.0862687,0.517612,0.144478,0.051194,0.00134328,0.021791,0.00716418,0,0.00865672,0,0,0.00313433,0.00567164,0.00432836,0,0.0129851,0,0,0.0401493,0,0,0.0835821,0.0119403,0.0447761,0.0364179,0,0,0.00285075,0.0761343,0.0011194,0.448209,0.160104,0.019791,108.883,790.104,1415.94,0.985075
0.100947,0.0943195,0.248343,0,0.247101,0.0711834,0.143432,0.042426,0.0152663,0.208343,0.0528994,0.60213,0.140651,0.0240237,0.0238462,0.258639,0.116154,0.0971006,1.8113,0.0184615,0.613314,0,0.0819527,0.0494675,0.423846,0.233787,0.335917,0.123432,0.0892308,0.190296,0.0789941,0.0585207,0.158876,0.0585207,0.157041,0.143491,0.196095,0.00325444,0.192249,0.0653254,0.113136,0.227456,0.0762722,0.146627,0.277633,0.141124,0,0.0495858,0.0140178,0.127686,0.0104556,0.24942,0.0940059,0.00919527,1.8154,7.69822,44.0118,0.213018
0.153478,0.124783,0.265435,0.00804348,0.295435,0.106304,0.0395652,0.230435,0.203696,0.299348,0.0923913,0.540435,0.148261,0.0695652,0.0623913,0.32413,0.210435,0.185652,1.49261,0.128696,0.707826,0.652609,0.261522,0.233478,0.461087,0.0893478,0.00586957,0.00543478,0.00326087,0.023913,0.0104348,0,0.0884783,0.00282609,0.0106522,0.118043,0.160217,0.00934783,0.0213043,0.0245652,0.0193478,0.00326087,0.0073913,0.0245652,0.0297826,0.0973913,0.0023913,0.0397826,0.0394565,0.123587,0.0373696,0.200739,0.163326,0.101739,5.77274,124.522,1677.87,0.543478
0.0410909,0.0696364,0.182,0,0.328182,0.0561818,0.0767273,0.0534545,0.0450909,0.181273,0,0.377091,0.0927273,0.064,0.0156364,0.469273,0.116727,0.168545,1.93745,0.232727,1.10618,0.100545,0,0.0238182,0.0874545,0.104,0,0.0974545,0,0,0,0,0,0,0.0272727,0.0705455,0,0,0,0,0,0.0150909,0.0116364,0.0250909,0.344727,0.269455,0,0,0.0145636,0.0898727,0.00352727,0.2604,0.0466545,0.0636727,4.15224,41.7818,100.345,0.581818
0.4672,0.7208,0.7428,0.3664,0.3468,0.2716,0.0656,0.4024,0.4188,1.3644,0.0604,1.4292,0.1212,0.2716,0.3344,0.2872,0.1692,0.6348,2.064,0.3444,3.2556,0.0152,0.5196,0.2464,0,0,0,0,0,0,0,0,0.0132,0,0.0508,0.0168,0.0148,0,0,0,0,0,0.0076,0,0.0248,0,0,0,0.027,0.14768,0.06472,0.95372,0.17836,0.06036,39.2918,602.2,882.64,1
0.0282759,0.0748276,0.247586,0,0.605172,0.0334483,0.953103,0.458276,0.381724,0.457586,0.382069,0.785862,0.00689655,0.0368966,0.00827586,0.749655,1.27103,0.115862,1.75138,0.373448,2.00034,0,0.156207,0.0868966,0.0444828,0.0272414,0.227241,0.02,0.0172414,0.00862069,0.217241,0,0,0.01,0.0682759,0,0.177931,0,0.0368966,0.655172,0,0.00689655,0,0,0.0710345,0,0,0.0344828,0.0157586,0.161276,0.0204828,0.386483,0.126724,0.0344138,38.6563,249.552,370.793,0.586207
0.0219388,0.0540816,0.274286,0,0.32398,0.045051,0.0807653,0.0394898,0.00831633,0.179031,0.0155612,0.858112,0.0889796,0.102857,0,0.121173,0.0465306,0.199337,1.94082,0.0307143,0.476633,0,0,0.0639286,0.153418,0.0841837,0.423265,0.0521429,0.105765,0.0922449,0,0,0.0866327,0,0.0495918,0.012551,0.0988265,0.0221429,0.094898,0.00489796,0.0612245,0.275816,0.0679592,0.128214,0.407653,0.193622,0,0.0381633,0.0315765,0.125066,0.0170255,0.167148,0.00555102,0.00445918,1.67503,4.80102,18.7551,0.122449
0.0822275,0.136588,0.296114,0.00383886,0.396019,0.220427,0.127725,0.0995735,0.0459716,0.249194,0.0324645,0.565545,0.0831754,0.00909953,0.00459716,0.236967,0.129336,0.181754,1.5127,0.016872,1.17057,0.00587678,0.114976,0.111848,0.621043,0.354455,0.253081,0.155118,0.114171,0.133697,0.0795735,0.0749289,0.115877,0.0749289,0.127014,0.109763,0.19763,0.00109005,0.0946446,0.0831754,0.0530806,0.0507583,0.113602,0.0195261,0.24455,0.0843602,0.0126066,0.0176777,0.0307062,0.173682,0.0290474,0.170256,0.0678246,0.014763,2.48597,17.5403,153.583,0.464455
0.174348,0.203913,0.19913,0,0.703478,0.208261,0.373478,0,0.145217,0.369565,0.213043,0.308261,0.204348,0,0,0.95087,0.115652,0.305217,1.84217,0.226957,0.871304,0,0,0.411739,0.0869565,0.0517391,0.155217,0,0,0.0643478,0,0,0.161304,0,0.0869565,0.0391304,0.0847826,0,0,0.0591304,0.0113043,0.0704348,0.0304348,0.083913,0.128261,0.0530435,0,0,0,0.0607826,0,0.498,0.0660435,0.866435,7.0573,68.6087,113.913,0.695652
0.0333824,0.0367647,0.216471,0,0.07,0.0525,0,0,0.0266176,0.353971,0,0.152647,0.0816176,0,0,0.113088,0,0.0319118,7.38676,0,1.39441,0,0,0.327206,0.0266176,0,0.974412,0,0.0544118,0,0,0,0.0919118,0,0,0,0,0,0.0638235,0,0,0,0,0,1.12221,0.5675,0.0319118,0,0.0167794,0.0371765,0,0.170118,0,0,1.1825,1.77941,6.69118,0.0735294
0.096,0.008,0.196,0.008,0.092,0.118,0,0.058,0.058,0.188,0.074,0.082,0.072,0,0.038,0.088,0.078,0.076,0.608,0.008,0.242,1.906,0.138,0.11,0,0,0,0,0,0,0,0,0,0.028,0,0.008,0,0,0.016,0,0,0,0,0,0.038,0,0,0,0.4302,2.0094,0.009,0.3924,0.375,0.4024,57.5034,2297.8,10648.8,1
0.132973,0.107432,0.266081,0.0331081,0.207703,0.168243,0.169865,0.05,0.0145946,0.175676,0.0381081,0.418919,0.127162,0,0.0239189,0.430946,0.164324,0.0845946,2.06068,0.00418919,0.791351,0.0768919,0.230541,0.101757,0.382838,0.260811,0.229459,0.0912162,0.0662162,0.105946,0.057973,0.057973,0.0632432,0.0762162,0.0960811,0.112703,0.0243243,0,0.129459,0.0772973,0.00445946,0.0216216,0,0.0216216,0.214189,0.131622,0,0.0344595,0.0153243,0.123297,0.0189324,0.457595,0.0610676,0.0361622,3.73497,34.9459,125.743,0.594595
0,0,0.214667,0,1.21933,0,0,0,0,0,0,1.85333,0,0,0,0,0,0,0,0,0.214667,0,0,0,0.431333,0.431333,1.48133,0,5.13,0,0,0,0,0,0,0,0,0.43,0,0,0,8.84,0,0,0,0,0,0,0,0,0,0.1136,0,0,1.29033,2.6,10.6667,0
0.114086,0.136989,0.22914,0,0.237742,0.0687097,0.0607527,0.088172,0,0.241613,0.0596774,0.563011,0.0476344,0,0.037957,0.142366,0.0794624,0.12828,1.57409,0.023871,0.488387,0,0.0454839,0,1.09774,0.634194,0.223656,0.360108,0.173333,0.362258,0.19086,0.113441,0.210538,0.113441,0.402473,0.143441,0.247742,0,0.0754839,0.108817,0.0419355,0.226237,0.0641935,0.0853763,0.262473,0.704839,0,0.0168817,0.00653763,0.144667,0.00858065,0.292495,0.0190538,0.150333,2.41551,13.5161,52.6344,0.236559
0.219062,0.405938,0.650312,0.0734375,0.365938,0.18125,0.319688,0.125625,0.314063,0.860625,0.215625,0.77125,0.14375,0.096875,0.270625,0.930625,0.3275,0.23875,1.85531,0.145,1.52562,0.0053125,0.193438,0.223438,0.299375,0.13875,0.0075,0,0,0.0228125,0,0,0.0421875,0,0.0225,0.0146875,0.12125,0.026875,0.0075,0.0228125,0,0.0228125,0.010625,0.0153125,0.110625,0.0446875,0,0.0240625,0.0094375,0.125656,0.00465625,0.753812,0.231156,0.0675,25.445,340.531,656.719,0.9375
0.0757447,0.0625532,0.33078,0.00617021,0.303972,0.156738,0.0714184,0.146667,0.0882979,0.185248,0.0463121,0.486454,0.0848936,0.0378723,0.0214184,0.241844,0.155745,0.165035,1.38284,0.120284,0.749645,0,0.125603,0.076383,0.751206,0.447447,0.13461,0.149716,0.0869504,0.139078,0.0714894,0.0342553,0.112979,0.0342553,0.107447,0.116879,0.240284,0.00489362,0.0891489,0.0635461,0.117376,0.0258156,0.0759574,0.0768794,0.170284,0.254326,0.0077305,0.0421277,0.0569362,0.185716,0.0249645,0.131879,0.0589291,0.0387943,2.45279,19.383,194.525,0.425532
0.19156,0.110092,0.365413,0.00100917,0.32367,0.147523,0.0751376,0.196606,0.303486,0.288807,0.0922936,0.670092,0.0768807,0.104954,0.0742202,0.201651,0.334771,0.0776147,1.35954,0.204679,1.13642,0.288073,0.0855046,0.241927,0.872018,0.170275,0.0234862,0.0101835,0.00477064,0.0217431,0.0163303,0.00385321,0.103303,0.00486239,0.0163303,0.0622936,0.175596,0.0172477,0.0282569,0.0323853,0.0684404,0.103486,0.0142202,0.0144954,0.0498165,0.102752,0.00504587,0.0114679,0.110982,0.195092,0.0145872,0.277349,0.123615,0.0727706,4.15359,69.0917,616.761,0.53211
0.121707,0.440976,0.342439,1.72976,0.936341,0.144634,0.696341,0.152683,0.0580488,0.375854,0.0426829,0.635854,0.190976,0.0819512,0,0.730488,1.53659,0.239024,2.09098,0.274146,1.82732,0,0.0192683,0.160976,0,0,0,0,0,0.0236585,0,0,0,0,0,0.0521951,0.113659,0.0380488,0,0.00829268,0,0,0,0,0.00829268,0,0,0,0,0.123293,0,0.729683,0.212683,0.0322927,9.20393,136.756,194.512,0.926829
0.124495,0.0855963,0.305505,0,0.220183,0.0461468,0.166239,0.0702752,0.029633,0.218807,0.05,0.688899,0.101101,0,0.0240367,0.287982,0.099633,0.227706,1.71119,0.0183486,0.634954,0,0.069633,0.0114679,0.617706,0.197339,0.149633,0.0955963,0.126697,0.152385,0.04,0,0.172385,0,0.0800917,0.0884404,0.146697,0.0152294,0.150734,0.0381651,0.00697248,0.194495,0.0209174,0.0936697,0.144771,0.0602752,0,0.0334862,0.0157431,0.139679,0.00344954,0.171752,0.0246697,0.146303,1.78377,6.99083,55.6147,0.275229
0.13487,0.0951295,0.286995,0,0.261917,0.0421762,0.0134197,0.07,0.0101554,0.124767,0.00497409,0.418342,0.057513,0.0946114,0,0.289171,0.0228497,0.197358,1.70238,0.108187,0.516062,0,0.0109845,0.0558549,0.115285,0.0539378,0.525285,0,0.0278756,0.0215544,0,0,0.289948,0,0.103627,0.0092228,0,0.0573057,0.0673057,0.00606218,0.201347,0.27057,0.0184974,0.096943,0.547979,0.51,0.0151295,0.0431606,0.0244715,0.0958964,0.0131088,0.289135,0.00922798,0,1.53079,3.37306,12.4456,0.0880829
0.108739,0.136218,0.253025,0.782017,0.406218,0.128235,0.0360504,0.12563,0.221176,0.149748,0.0698319,0.582269,0.122857,0.0315966,0.024958,0.192605,0.248571,0.14479,1.68067,0.0966387,0.767563,0.445546,0.179496,0.124706,0.589328,0.130168,0.0737815,0.0262185,0.0370588,0.0240336,0.00966387,0.017563,0.0409244,0.0108403,0.0271429,0.0764706,0.114622,0.0454622,0.0236134,0.0315966,0.0209244,0.0389076,0.0309244,0.00605042,0.0692437,0.0652101,0.00739496,0.0217647,0.151958,0.120916,0.0105798,0.196765,0.103067,0.0534706,4.19767,44.5966,424.168,0.554622
0.121563,0.259063,0.483125,0.308281,0.506875,0.216563,0.601719,0.0714062,0.0659375,0.287969,0.09875,0.511719,0.04875,0.003125,0.010625,0.367031,0.21875,0.429375,2.33109,0.340937,1.39375,0.049375,0.102031,0.155781,0.0625,0.048125,0.005,0.0220313,0.0225,0.0225,0.0146875,0,0.00421875,0,0.0420313,0.0407812,0.105938,0,0.07875,0.00296875,0,0,0.028125,0.011875,0.217656,0.02625,0,0.0271875,0.00767187,0.104266,0.0160625,0.438891,0.218109,0.0396094,8.78503,132.312,332.406,0.859375
0.111868,0.102253,0.283846,0,0.218022,0.0993956,0.0917582,0.0838462,0.0687912,0.173626,0.0204396,0.491429,0.0692308,0.0767033,0.01,0.298022,0.0441209,0.18522,1.87308,0.00857143,0.663626,0,0.0193956,0.0391209,0.528352,0.430495,0.317363,0.177692,0.235165,0.170055,0.160989,0.103516,0.0538462,0.103516,0.173407,0.168132,0.168846,0.00736264,0.10967,0.109011,0.0882418,0.217473,0.0482967,0.15456,0.466978,0.266868,0.0056044,0.0437363,0.00725824,0.144753,0.0265714,0.190648,0.0383791,0.0219725,2.06242,9.32967,36.0604,0.236264
0.0524242,0.100303,0.405152,0,0.603333,0.124545,0.251364,0.166515,0.0709091,0.22197,0.0978788,0.766061,0.0834848,0,0.217121,0.257727,0.275455,0.413636,2.23045,0.420152,1.38212,0.178939,0.286667,0.132273,0.322727,0.147879,0.0493939,0.131212,0.0207576,0.125909,0.0207576,0.0207576,0.0242424,0.0207576,0.0348485,0.0509091,0.106515,0,0.164697,0.119091,0.0160606,0.035303,0.00545455,0,0.158333,0.0439394,0,0,0.00398485,0.135182,0.000984848,0.291697,0.100697,0.0329242,5.61165,56.6667,147.803,0.666667
0.124369,0.15301,0.389223,0.138932,0.297961,0.119612,0.088835,0.185922,0.42767,0.51534,0.123107,0.532718,0.128447,0.0634951,0.135728,0.270291,0.145631,0.371553,1.42854,0.176796,0.934078,0.91165,0.12466,0.198058,0.470777,0.150583,0.0302913,0.0246602,0.00553398,0.0266019,0.0197087,0.00184466,0.122816,0.00368932,0.124757,0.0316505,0.136505,0.00174757,0.0326214,0.0313592,0.00932039,0.0270874,0.00524272,0.0121359,0.0366019,0.0365049,0.00640777,0.0286408,0.0586214,0.106913,0.043534,0.362107,0.180175,0.104767,4.71909,77.699,971.097,0.68932
0.0701357,0.0317195,0.257195,0,0.262443,0.0251584,0.0299548,0.0370136,0.0340724,0.106199,0.0149321,0.750136,0.0612217,0.0337104,0.00769231,0.197421,0.0238009,0.0773756,1.95751,0.00570136,0.484253,0,0.0304977,0.1119,0.317783,0.349819,0.326154,0.0267873,0.135747,0.0472851,0.0265158,0,0.0652941,0,0.0352489,0.0228959,0.158281,0.0111312,0.088009,0.0100452,0.0863348,0.284118,0.018009,0.134118,0.460588,0.158371,0,0.0429864,0.0315611,0.122661,0.00871946,0.189294,0.0200362,0.0154706,1.78073,6.19457,27.2715,0.162896
0.0985083,0.105912,0.215856,0.00745856,0.300166,0.0567956,0.101713,0.0673481,0.0328177,0.365193,0.0425414,0.619669,0.11326,0.00745856,0.0227072,0.10232,0.0990608,0.122541,1.57,0.0507735,0.548564,0.00320442,0.0386188,0.0659116,0.680773,0.441713,0.300276,0.348895,0.126022,0.179282,0.11011,0.0860221,0.0862431,0.0860221,0.17116,0.180552,0.195193,0.00552486,0.152431,0.0851381,0.0354144,0.0777901,0.111657,0.102762,0.258729,0.176519,0.0134807,0.0458011,0.0266409,0.187409,0.0142707,0.234503,0.0327514,0.0157624,2.16524,10.8343,80.9448,0.243094
0.0850286,0.0225143,0.224114,0.0076,0.153714,0.0805143,0.0876571,0.167886,0.0152,0.1428,0.0225714,0.516,0.107657,0.00131429,0.0278857,0.0947429,0.126057,0.252571,1.55503,0.0076,0.635429,0,0.0392,0.0206857,0.783029,0.3768,0.257371,0.322514,0.0925714,0.205543,0.103143,0.0638286,0.256914,0.0638286,0.217714,0.148343,0.292629,0.00582857,0.132629,0.0775429,0.058,0.0927429,0.121371,0.134914,0.361257,0.298514,0.00491429,0.0278857,0.018,0.191629,0.0275257,0.219057,0.0571829,0.0334743,2.10787,10.7143,66.5543,0.285714
0.30617,0.144894,0.280426,0.0917021,0.0723404,0.106809,0.0193617,0.139787,0.221064,0.399574,0.144681,0.630213,0.341064,0.652766,0.0255319,0.158936,0.276596,0.12,1.86936,0.0476596,0.868511,0.0334043,0.447021,0.28766,0.0951064,0.0604255,0.00510638,0.00148936,0.00212766,0.00382979,0,0,0.309362,0,0,0.0297872,0.176383,0.00148936,0.00659574,0.017234,0.0246809,0.00765957,0.00446809,0.0159574,0.0421277,0.0568085,0.00978723,0.0502128,0.0292553,0.115766,0.00757447,0.24734,0.329319,0.0877872,5.44715,185.447,3357.47,0.744681
0.314865,0.276757,0.336486,0.00351351,0.248919,0.0745946,0.0389189,0.149459,0.425676,0.528919,0.214054,0.579189,0.367838,0.723243,0.0859459,0.259189,0.332432,0.11027,2.41297,0.0359459,1.0927,0.0454054,0.393784,0.371622,0.0959459,0.0994595,0.00162162,0.000540541,0.000540541,0,0,0,0.123243,0,0.00189189,0.0321622,0.133784,0.00297297,0.00243243,0.0391892,0.00432432,0.00216216,0.00621622,0.00378378,0.0594595,0.0194595,0.00189189,0.0156757,0.0328378,0.100892,0.0108919,0.335595,0.430541,0.0987568,7.64754,346.757,2344.32,0.864865
0,14.1478,0,0,0,0,0,0,0,0.132222,0,0,0,0,0,0,0,0,0,0,0,0,0,0,0,0,0,0,0,0,0,0,0,0,0,0,0,0,0,0,0,0,0,0,0.132222,0,0,0,0,0,0,0,0,0,1.77778,4.88889,9.02778,0
0.121032,0.0980159,0.27119,0.0996032,0.350794,0.104048,0.0684921,0.110556,0.205794,0.336032,0.0956349,0.771032,0.131111,0.083254,0.0543651,0.19619,0.163492,0.184127,1.5854,0.0738889,0.972222,0.591508,0.200079,0.10746,0.60254,0.182937,0.0169841,0.0238095,0.015873,0.0289683,0.00849206,0.00150794,0.105079,0.00642857,0.0279365,0.066746,0.126905,0.012619,0.0150794,0.00698413,0.0464286,0.0719048,0.00738095,0.0150794,0.0692857,0.235,0.0203175,0.0185714,0.0377937,0.140659,0.0177698,0.223365,0.0743651,0.080754,4.45874,58.9206,515.238,0.603175
0,0,0.0341026,0,0.0341026,0,0,0,0,0,0,0,0,0,0,0,0,0.254103,0.08,0,0.0341026,0,0,0,11.1756,2.87744,2.02385,2.27795,1.95282,2.27795,2.20692,1.95282,0,1.95282,2.20692,2.20692,0.0341026,0.102564,0.0341026,1.95282,0,0.102564,0,0,1.03513,0,0,0,0.0221795,0.545103,0.00553846,0.0466667,0,0,3.45972,13.0769,28.8205,0
0.348485,0.222576,0.479091,0,0.161061,0.0151515,0.223939,0,0,0.498485,0.333333,1.00636,0.0478788,0.0431818,0,0.162879,0,0.0431818,1.69864,0,3.10818,0,0,0.39697,0.116061,0.127879,0.392727,0.263939,0,0.0448485,0,0.06,0.075303,0.06,0.0181818,0.0431818,0.203333,0,0.432879,0.0630303,0.0193939,0.0363636,0.0284848,0.0357576,0.216515,0,0,0.0368182,0.0388485,0.184606,0,0.138515,0.0606818,0.012197,4.28588,24.7879,47.8788,0.439394
0.108,0.105882,0.360824,0.00682353,0.515412,0.126118,0.108118,0.168941,0.0703529,0.300471,0.0994118,0.615765,0.0715294,0.0127059,0,0.332824,0.352235,0.277412,1.98718,0.135176,1.00753,0.123529,0.194824,0.0828235,0.231529,0.0821176,0.0251765,0.0256471,0.00458824,0.0435294,0.00458824,0.00823529,0.0228235,0.012,0.0438824,0.0777647,0.111765,0.000823529,0.0198824,0.0430588,0,0.00482353,0.0172941,0.0202353,0.219059,0.281647,0,0.026,0.0574471,0.110565,0.00965882,0.335329,0.118188,0.0552588,4.24845,67.4,263.741,0.658824
0.163757,0.0851323,0.314497,0,0.484339,0.0847619,0.113386,0.148148,0.0432275,0.178307,0.031746,0.500317,0.0737566,0.00386243,0.0225926,0.244339,0.169206,0.195132,1.63,0.0370899,0.815238,0.00534392,0.118624,0.035291,0.55455,0.404921,0.244233,0.203968,0.0963492,0.121429,0.0573545,0.057672,0.0853439,0.0607937,0.155185,0.136085,0.171323,0.00380952,0.109894,0.0562434,0.0432275,0.0509524,0.101323,0.0687831,0.281958,0.155608,0.00148148,0.0540212,0.022,0.141222,0.0205608,0.271095,0.0798836,0.0195291,2.20348,15.0794,122.101,0.42328
0.117738,0.163214,0.412381,0,0.467262,0.121071,0.319167,0.140238,0.0692857,0.32,0.142857,0.527738,0.151786,0.0572619,0.0541667,0.327024,0.226786,0.275833,1.93214,0.140833,1.04357,0.0194048,0.282619,0.0730952,0.239048,0.0884524,0.0144048,0.126786,0.00714286,0.0746429,0.0145238,0.00714286,0.24619,0.00714286,0.113929,0.0794048,0.150357,0,0.00666667,0.0888095,0.00369048,0.0430952,0.00619048,0.017619,0.120595,0.0753571,0,0.0214286,0.0130476,0.084119,0.00120238,0.470417,0.116238,0.0138452,4.69696,64.1786,195.976,0.654762
0,0,0,0,0.769231,0,0,0,0,0,0,0,0,0,0,0,0,0,0,0,0,0,0,0,8.54692,4.37077,0.854615,0,0,0,0,0,0,0,0,0.591538,0,0,0,0,0,1.11462,0,0.103846,0,0,0,0,0,0,0,0,0,0,1.38008,2.30769,6.07692,0
